Date,상권_코드_명,총_직장_인구_수,남성_직장_인구_수,여성_직장_인구_수,연령대_10_직장_인구_수,연령대_20_직장_인구_수,연령대_30_직장_인구_수,연령대_40_직장_인구_수,연령대_50_직장_인구_수,연령대_60_이상_직장_인구_수,남성연령대_10_직장_인구_수,남성연령대_20_직장_인구_수,남성연령대_30_직장_인구_수,남성연령대_40_직장_인구_수,남성연령대_50_직장_인구_수,남성연령대_60_이상_직장_인구_수,여성연령대_10_직장_인구_수,여성연령대_20_직장_인구_수,여성연령대_30_직장_인구_수,여성연령대_40_직장_인구_수,여성연령대_50_직장_인구_수,여성연령대_60_이상_직장_인구_수
2019_1,강남 마이스 관광특구,22562,12970,9592,134,5387,7829,5600,2673,939,50,1825,4433,3940,2047,675,84,3562,3396,1660,626,264
2019_1,잠실 관광특구,30675,17928,12747,146,5724,7561,6724,6446,4074,69,2849,4805,4043,3653,2509,77,2875,2756,2681,2793,1565
2019_1,종로·청계 관광특구,31692,19002,12690,88,4453,9415,8633,6762,2341,35,1806,4890,5756,5081,1434,53,2647,4525,2877,1681,907
2019_1,동대문패션타운 관광특구,10568,5953,4615,18,2407,3346,2305,1601,891,12,1269,1899,1353,894,526,6,1138,1447,952,707,365
2019_1,명동 남대문 북창동 다동 무교동 관광특구,158818,77955,80863,586,34277,52798,41310,23186,6661,148,10471,23876,23836,15266,4358,438,23806,28922,17474,7920,2303
2019_1,이태원 관광특구,5857,3193,2664,32,1556,1641,1111,954,563,12,734,905,590,599,353,20,822,736,521,355,210
2019_1,길동복조리시장,471,321,150,1,47,95,139,106,83,0,30,61,93,77,60,1,17,34,46,29,23
2019_1,둔촌역전통시장,169,79,90,0,12,31,37,48,41,0,4,11,15,21,28,0,8,20,22,27,13
2019_1,성내골목시장,6,2,4,0,0,0,4,1,1,0,0,0,2,0,0,0,0,0,2,1,1
2019_1,천호시장,9,4,5,0,0,2,1,5,1,0,0,1,0,3,0,0,0,1,1,2,1
2019_1,암사종합시장,829,387,442,0,32,59,86,105,547,0,19,29,41,35,263,0,13,30,45,70,284
2019_1,고덕전통시장,400,387,13,0,2,13,50,126,209,0,2,10,43,124,208,0,0,3,7,2,1
2019_1,명일골목시장,531,208,323,1,32,33,62,148,255,1,22,19,17,25,124,0,10,14,45,123,131
2019_1,새마을시장,385,227,158,0,42,97,112,84,50,0,28,67,66,36,30,0,14,30,46,48,20
2019_1,석촌시장,165,98,67,0,19,29,47,39,31,0,10,17,26,24,21,0,9,12,21,15,10
2019_1,방이시장,611,372,239,0,63,188,152,155,53,0,41,154,102,52,23,0,22,34,50,103,30
2019_1,마천시장,216,77,139,1,24,40,64,58,29,1,7,14,20,23,12,0,17,26,44,35,17
2019_1,풍납시장,10,2,8,0,2,1,3,3,1,0,0,0,1,0,1,0,2,1,2,3,0
2019_1,강남개포시장,36,31,5,0,1,0,8,9,18,0,0,0,4,9,18,0,1,0,4,0,0
2019_1,도곡시장,484,215,269,2,82,102,134,97,67,0,21,55,56,44,39,2,61,47,78,53,28
2019_1,영동전통시장,3036,2192,844,20,466,811,833,606,300,12,256,593,682,442,207,8,210,218,151,164,93
2019_1,미성동도깨비시장,409,167,242,1,62,80,128,111,27,0,17,39,58,39,14,1,45,41,70,72,13
2019_1,신신림시장,3,2,1,0,0,0,2,1,0,0,0,0,1,1,0,0,0,0,1,0,0
2019_1,삼성동시장,94,38,56,0,9,18,20,25,22,0,1,9,8,8,12,0,8,9,12,17,10
2019_1,신림중앙시장,12,7,5,0,0,4,2,1,5,0,0,2,2,1,2,0,0,2,0,0,3
2019_1,강남골목시장,262,139,123,0,36,54,68,56,48,0,20,26,34,29,30,0,16,28,34,27,18
2019_1,관악신사시장,171,79,92,0,24,41,47,38,21,0,5,19,24,18,13,0,19,22,23,20,8
2019_1,신원시장,330,124,206,0,31,50,78,88,83,0,11,26,27,31,29,0,20,24,51,57,54
2019_1,인헌시장,204,95,109,0,32,72,50,30,20,0,9,41,26,12,7,0,23,31,24,18,13
2019_1,봉천현대시장,10,4,6,1,0,0,3,3,3,1,0,0,1,1,1,0,0,0,2,2,2
2019_1,봉천제일종합시장,62,31,31,0,3,9,13,29,8,0,1,6,6,12,6,0,2,3,7,17,2
2019_1,낙성대시장,16,9,7,0,1,2,2,9,2,0,1,1,2,5,0,0,0,1,0,4,2
2019_1,중부시장,185,54,131,0,23,33,39,44,46,0,4,11,13,17,9,0,19,22,26,27,37
2019_1,남성역골목시장,563,254,309,0,73,116,146,127,101,0,22,44,66,68,54,0,51,72,80,59,47
2019_1,남성사계시장,1983,874,1109,12,267,400,405,465,434,4,71,187,217,188,207,8,196,213,188,277,227
2019_1,흑석시장,171,54,117,1,24,43,55,34,14,1,5,9,14,13,12,0,19,34,41,21,2
2019_1,상도4동도깨비골목시장,327,84,243,1,65,69,87,74,31,0,16,18,24,15,11,1,49,51,63,59,20
2019_1,영도시장,83,41,42,0,13,19,22,19,10,0,3,8,15,9,6,0,10,11,7,10,4
2019_1,본동인정시장,134,73,61,0,9,33,36,29,27,0,3,15,19,15,21,0,6,18,17,14,6
2019_1,대림중앙시장,20,9,11,0,3,4,4,6,3,0,0,2,2,2,3,0,3,2,2,4,0
2019_1,우리시장,18,9,9,0,2,4,2,9,1,0,0,2,0,6,1,0,2,2,2,3,0
2019_1,영진시장A동,47,41,6,1,4,10,10,14,8,0,4,8,9,14,6,1,0,2,1,0,2
2019_1,사러가시장,34,12,22,0,8,10,9,5,2,0,3,3,2,3,1,0,5,7,7,2,1
2019_1,영등포청과시장,218,143,75,3,24,62,65,42,22,0,13,41,47,28,14,3,11,21,18,14,8
2019_1,영등포전통시장,4063,1979,2084,13,593,1454,1141,584,278,0,168,626,606,392,187,13,425,828,535,192,91
2019_1,은행나무시장,69,14,55,0,6,14,27,14,8,0,2,2,3,3,4,0,4,12,24,11,4
2019_1,현대시장,45,11,34,0,2,6,22,10,5,0,1,1,6,1,2,0,1,5,16,9,3
2019_1,남문시장,271,114,157,1,27,36,67,104,36,1,7,12,25,46,23,0,20,24,42,58,13
2019_1,독산동 우시장,137,58,79,0,13,14,49,40,21,0,7,6,16,15,14,0,6,8,33,25,7
2019_1,개봉중앙시장,10,5,5,0,0,1,1,2,6,0,0,0,1,0,4,0,0,1,0,2,2
2019_1,가리봉시장,16,13,3,0,0,2,5,3,6,0,0,1,5,2,5,0,0,1,0,1,1
2019_1,남구로시장,13,3,10,0,1,0,3,5,4,0,1,0,0,1,1,0,0,0,3,4,3
2019_1,구로시장,60,19,41,0,8,21,19,6,6,0,0,7,7,1,4,0,8,14,12,5,2
2019_1,방신전통시장,47,26,21,0,3,10,13,16,5,0,1,6,5,10,4,0,2,4,8,6,1
2019_1,송화골목시장,563,187,376,3,87,98,168,153,54,0,20,43,56,33,35,3,67,55,112,120,19
2019_1,까치산시장,46,27,19,0,4,15,16,9,2,0,1,9,10,5,2,0,3,6,6,4,0
2019_1,남부골목시장,217,92,125,0,24,47,68,58,20,0,6,17,31,27,11,0,18,30,37,31,9
2019_1,화곡중앙골목시장,2,2,0,0,0,1,0,0,1,0,0,1,0,0,1,0,0,0,0,0,0
2019_1,등마루시장,799,452,347,30,232,131,149,120,137,21,161,83,83,40,64,9,71,48,66,80,73
2019_1,신정3동골목시장,181,94,87,1,25,26,40,48,41,0,6,11,17,33,27,1,19,15,23,15,14
2019_1,신정2동골목시장,6,6,0,0,0,1,4,1,0,0,0,1,4,1,0,0,0,0,0,0,0
2019_1,신월6동골목시장,229,123,106,1,42,49,64,38,35,1,16,28,35,20,23,0,26,21,29,18,12
2019_1,신곡종합시장,13,9,4,0,1,1,3,2,6,0,1,1,2,1,4,0,0,0,1,1,2
2019_1,신월3동골목시장,68,24,44,0,8,17,19,19,5,0,3,9,7,4,1,0,5,8,12,15,4
2019_1,경창시장,208,85,123,1,8,25,49,62,63,0,4,16,26,23,16,1,4,9,23,39,47
2019_1,월정로시장,123,71,52,0,8,20,26,42,27,0,3,13,14,22,19,0,5,7,12,20,8
2019_1,신영시장,56,20,36,0,4,10,20,13,9,0,1,5,9,2,3,0,3,5,11,11,6
2019_1,목4동시장,211,70,141,0,19,39,48,68,37,0,4,14,9,22,21,0,15,25,39,46,16
2019_1,목3동시장,768,376,392,0,140,188,173,167,100,0,63,108,87,66,52,0,77,80,86,101,48
2019_1,목2동시장,228,108,120,0,31,48,72,58,19,0,6,31,34,28,9,0,25,17,38,30,10
2019_1,마포농수산물시장,461,295,166,0,14,51,118,175,103,0,10,30,80,105,70,0,4,21,38,70,33
2019_1,망원월드컵시장,16,11,5,1,0,2,7,3,3,1,0,2,4,3,1,0,0,0,3,0,2
2019_1,망원시장,60,30,30,0,10,13,9,18,10,0,3,8,6,5,8,0,7,5,3,13,2
2019_1,신수시장,121,83,38,0,11,31,44,18,17,0,3,19,31,15,15,0,8,12,13,3,2
2019_1,아현시장,25,5,20,0,2,9,7,4,3,0,0,3,1,1,0,0,2,6,6,3,3
2019_1,대림골목시장,411,134,277,0,35,81,131,109,55,0,15,26,34,35,24,0,20,55,97,74,31
2019_1,상계중앙시장,42,20,22,0,6,13,6,15,2,0,3,6,3,8,0,0,3,7,3,7,2
2019_1,방학동도깨비시장,160,66,94,0,18,41,43,34,24,0,9,23,17,11,6,0,9,18,26,23,18
2019_1,쌍문역골목시장,71,35,36,0,6,17,21,16,11,0,2,9,8,9,7,0,4,8,13,7,4
2019_1,신도봉시장,28,15,13,0,0,4,8,14,2,0,0,2,6,7,0,0,0,2,2,7,2
2019_1,창동신창시장,141,60,81,0,9,24,37,43,28,0,2,7,16,19,16,0,7,17,21,24,12
2019_1,수유북부시장,12,2,10,0,4,1,2,1,4,0,0,1,1,0,0,0,4,0,1,1,4
2019_1,장미원골목시장,67,41,26,0,7,12,19,20,9,0,1,7,12,15,6,0,6,5,7,5,3
2019_1,수유중앙시장,127,67,60,1,13,28,37,27,21,1,7,12,20,14,13,0,6,16,17,13,8
2019_1,강북종합시장,65,28,37,0,11,11,20,13,10,0,2,8,8,6,4,0,9,3,12,7,6
2019_1,우이시장,157,52,105,0,9,32,39,51,26,0,2,15,14,11,10,0,7,17,25,40,16
2019_1,수유전통시장,411,152,259,0,58,71,86,103,93,0,18,18,27,36,53,0,40,53,59,67,40
2019_1,번동북부골목시장,84,44,40,0,12,12,22,24,14,0,4,7,11,13,9,0,8,5,11,11,5
2019_1,솔샘시장,109,45,64,0,13,27,41,19,9,0,3,14,17,5,6,0,10,13,24,14,3
2019_1,방천골목시장,77,28,49,0,11,14,20,21,11,0,1,3,6,11,7,0,10,11,14,10,4
2019_1,석관황금시장,78,26,52,0,3,10,23,20,22,0,1,6,10,5,4,0,2,4,13,15,18
2019_1,장위전통시장,190,76,114,1,20,41,56,46,26,0,9,14,17,18,18,1,11,27,39,28,8
2019_1,정릉시장,37,13,24,0,8,6,10,9,4,0,1,3,5,2,2,0,7,3,5,7,2
2019_1,정릉아리랑시장,2,1,1,0,0,0,0,2,0,0,0,0,0,1,0,0,0,0,0,1,0
2019_1,돈암제일시장,52,19,33,2,10,6,18,7,9,2,2,2,5,3,5,0,8,4,13,4,4
2019_1,우림골목시장,218,108,110,0,13,31,52,54,68,0,5,12,22,26,43,0,8,19,30,28,25
2019_1,묵1동도깨비시장,290,125,165,0,35,52,79,89,35,0,9,22,33,41,20,0,26,30,46,48,15
2019_1,태능시장,3,1,2,0,2,0,0,1,0,0,0,0,0,1,0,0,2,0,0,0,0
2019_1,중화제일시장,22,1,21,0,8,1,4,6,3,0,0,0,0,1,0,0,8,1,4,5,3
2019_1,사가정시장,245,172,73,0,21,26,38,80,80,0,3,12,22,60,75,0,18,14,16,20,5
2019_1,동원시장,72,35,37,0,9,17,22,13,11,0,3,9,10,6,7,0,6,8,12,7,4
2019_1,동부골목시장,105,37,68,0,29,20,19,19,18,0,9,4,5,7,12,0,20,16,14,12,6
2019_1,회기시장,114,52,62,0,15,34,31,16,18,0,5,15,18,4,10,0,10,19,13,12,8
2019_1,답십리시장,31,10,21,0,3,5,14,8,1,0,1,0,7,1,1,0,2,5,7,7,0
2019_1,답십리현대시장,98,79,19,0,15,21,33,15,14,0,10,18,29,9,13,0,5,3,4,6,1
2019_1,청량리종합시장,10,6,4,0,1,3,0,4,2,0,1,2,0,1,2,0,0,1,0,3,0
2019_1,청량리농수산물시장,21,16,5,0,1,4,5,6,5,0,0,4,4,4,4,0,1,0,1,2,1
2019_1,서울약령시장,1319,793,526,2,125,220,323,376,273,2,59,130,195,228,179,0,66,90,128,148,94
2019_1,청량리수산시장,227,115,112,0,44,55,56,31,41,0,13,25,32,14,31,0,31,30,24,17,10
2019_1,구의시장,132,80,52,0,14,17,26,46,29,0,3,11,17,26,23,0,11,6,9,20,6
2019_1,조양시장,91,48,43,0,6,10,32,27,16,0,1,3,16,13,15,0,5,7,16,14,1
2019_1,영동교골목시장,18,12,6,0,1,5,5,2,5,0,0,5,3,1,3,0,1,0,2,1,2
2019_1,능동로골목시장,275,240,35,0,9,16,10,23,217,0,2,14,3,14,207,0,7,2,7,9,10
2019_1,자양골목시장,97,51,46,0,8,13,21,35,20,0,5,4,11,18,13,0,3,9,10,17,7
2019_1,중곡제일시장,130,65,65,1,11,23,27,44,24,1,3,11,11,22,17,0,8,12,16,22,7
2019_1,한아름시장,174,93,81,2,49,33,43,31,16,0,24,25,28,11,5,2,25,8,15,20,11
2019_1,성동용답상가시장,312,155,157,0,56,75,68,71,42,0,24,30,37,32,32,0,32,45,31,39,10
2019_1,뚝도시장,35,14,21,0,2,7,12,8,6,0,1,4,4,1,4,0,1,3,8,7,2
2019_1,금남시장,29,13,16,0,3,7,2,7,10,0,1,5,1,2,4,0,2,2,1,5,6
2019_1,행당시장,257,122,135,0,43,70,80,47,17,0,10,36,44,21,11,0,33,34,36,26,6
2019_1,마장축산물시장,1516,1018,498,1,154,397,426,337,201,1,108,278,281,224,126,0,46,119,145,113,75
2019_1,용문전통시장,41,20,21,0,2,6,12,14,7,0,1,3,5,6,5,0,1,3,7,8,2
2019_1,후암시장,48,19,29,0,2,9,9,18,10,0,1,4,3,5,6,0,1,5,6,13,4
2019_1,합동(새벽)시장,2365,1366,999,6,360,711,590,383,315,1,124,302,339,303,297,5,236,409,251,80,18
2019_1,서울중앙시장,278,184,94,0,30,78,70,73,27,0,14,55,45,48,22,0,16,23,25,25,5
2019_1,백학시장,463,238,225,0,63,144,110,103,43,0,26,71,61,48,32,0,37,73,49,55,11
2019_1,약수시장,1786,703,1083,9,281,404,424,373,295,1,75,155,176,141,155,8,206,249,248,232,140
2019_1,청평화시장,3360,2011,1349,2,907,1308,791,250,102,1,585,747,505,120,53,1,322,561,286,130,49
2019_1,제일평화시장,570,325,245,0,108,162,128,102,70,0,48,99,76,56,46,0,60,63,52,46,24
2019_1,남평화시장,200,123,77,0,17,37,39,73,34,0,12,18,27,43,23,0,5,19,12,30,11
2019_1,방산종합시장,1879,1180,699,3,151,416,481,496,332,1,86,274,285,295,239,2,65,142,196,201,93
2019_1,인현시장,1084,665,419,1,67,190,294,323,209,0,29,93,178,209,156,1,38,97,116,114,53
2019_1,신중부시장,2437,1607,830,7,205,445,683,652,445,4,106,294,447,431,325,3,99,151,236,221,120
2019_1,남대문시장,7146,3645,3501,45,1137,2611,1936,957,460,2,356,1304,1039,619,325,43,781,1307,897,338,135
2019_1,동묘시장,903,568,335,3,116,192,226,224,142,2,44,124,151,144,103,1,72,68,75,80,39
2019_1,창신골목시장,223,116,107,0,21,93,54,43,12,0,10,43,29,25,9,0,11,50,25,18,3
2019_1,충신시장,297,182,115,0,42,86,70,60,39,0,17,51,41,40,33,0,25,35,29,20,6
2019_1,종로신진시장,39,19,20,0,0,6,12,9,12,0,0,2,6,2,9,0,0,4,6,7,3
2019_1,동대문종합시장,320,185,135,2,55,72,90,58,43,1,30,34,59,33,28,1,25,38,31,25,15
2019_1,광장시장,204,152,52,0,15,37,36,64,52,0,11,29,25,46,41,0,4,8,11,18,11
2019_1,서울 노원구 노원역_3,775,329,446,12,223,145,151,142,102,2,78,76,67,52,54,10,145,69,84,90,48
2019_1,서울 노원구 노원역_1,1068,309,759,6,334,270,233,145,80,0,53,89,82,51,34,6,281,181,151,94,46
2019_1,창동역,2477,1573,904,2,270,432,668,658,447,0,108,262,427,467,309,2,162,170,241,191,138
2019_1,서울 강북구 수유역_3,64,32,32,0,12,15,10,18,9,0,6,7,6,7,6,0,6,8,4,11,3
2019_1,서울 강북구 수유역_2,4370,2230,2140,9,521,968,1020,1049,803,6,180,435,508,640,461,3,341,533,512,409,342
2019_1,서울 강북구 수유역_1,43,30,13,0,5,6,13,12,7,0,5,6,4,8,7,0,0,0,9,4,0
2019_1,서울 은평구 연신내역_3,676,207,469,4,149,131,167,128,97,2,29,35,53,50,38,2,120,96,114,78,59
2019_1,서울 은평구 연신내역_2,451,195,256,4,102,108,116,66,55,1,37,56,46,26,29,3,65,52,70,40,26
2019_1,서울 은평구 연신내역_1,74,30,44,0,22,16,14,15,7,0,6,8,5,6,5,0,16,8,9,9,2
2019_1,서울 성북구 미아삼거리역_2,507,206,301,1,90,116,146,116,38,1,19,40,66,62,18,0,71,76,80,54,20
2019_1,서울 강북구 미아삼거리역_1,542,200,342,4,137,124,104,94,79,3,36,48,38,31,44,1,101,76,66,63,35
2019_1,서울 은평구 불광역_3,54,19,35,0,11,8,16,14,5,0,3,1,7,6,2,0,8,7,9,8,3
2019_1,서울 은평구 불광역_2,69,26,43,0,9,12,16,22,10,0,0,2,7,10,7,0,9,10,9,12,3
2019_1,서울 은평구 불광역_1,284,113,171,1,36,64,52,76,55,0,15,24,23,24,27,1,21,40,29,52,28
2019_1,미아사거리_2,121,41,80,2,29,30,33,17,10,1,12,14,11,2,1,1,17,16,22,15,9
2019_1,미아사거리_1,621,283,338,13,135,128,148,126,71,9,68,66,53,43,44,4,67,62,95,83,27
2019_1,서울 성북구 성신여대입구역,5286,3156,2130,17,700,1193,1235,1440,701,6,280,563,703,1077,527,11,420,630,532,363,174
2019_1,경희대학교,370,178,192,4,65,88,94,77,42,0,33,50,49,30,16,4,32,38,45,47,26
2019_1,서울 성북구 안암역,112,69,43,3,20,39,28,8,14,0,10,33,16,3,7,3,10,6,12,5,7
2019_1,혜화역 대학로_3,1727,826,901,8,286,466,416,348,203,3,110,217,203,176,117,5,176,249,213,172,86
2019_1,혜화역 대학로_2,1513,820,693,2,97,459,526,354,75,1,35,193,270,271,50,1,62,266,256,83,25
2019_1,혜화역 대학로_1,1225,637,588,3,298,358,261,180,125,2,123,183,155,100,74,1,175,175,106,80,51
2019_1,디지털미디어시티,17010,11036,5974,16,2977,6456,5238,1925,398,2,1154,3986,4068,1539,287,14,1823,2470,1170,386,111
2019_1,서울 동대문구 청량리역,3509,2402,1107,14,686,860,857,654,438,8,463,653,592,401,285,6,223,207,265,253,153
2019_1,서울 종로구 안국역_2,706,276,430,2,169,210,179,104,42,1,40,91,82,34,28,1,129,119,97,70,14
2019_1,서울 종로구 안국역_1,11483,9242,2241,3,1208,4187,3560,1977,548,3,771,3318,2990,1717,443,0,437,869,570,260,105
2019_1,서울 종로구 경복궁역_1,207,80,127,0,38,52,33,45,39,0,15,23,11,10,21,0,23,29,22,35,18
2019_1,서울 종로구 종로3가역_3,3411,1821,1590,8,586,849,900,677,391,1,176,450,517,405,272,7,410,399,383,272,119
2019_1,서울 종로구 종로3가역_2,1922,1023,899,13,364,416,411,360,358,3,145,229,222,189,235,10,219,187,189,171,123
2019_1,서울 동대문구 신설동역_2,4377,2078,2299,20,472,609,722,1179,1375,4,145,312,402,486,729,16,327,297,320,693,646
2019_1,인사동,21052,13045,8007,66,3857,7020,5163,3269,1677,33,1428,4216,3865,2471,1032,33,2429,2804,1298,798,645
2019_1,서울 종로구 종로5가역_4,635,349,286,0,65,132,188,155,95,0,20,71,105,88,65,0,45,61,83,67,30
2019_1,서울 종로구 종로5가역_3,4960,3352,1608,7,613,1270,1381,1082,607,2,349,862,911,773,455,5,264,408,470,309,152
2019_1,종로구청,18495,10125,8370,553,3395,5549,4976,2864,1158,242,1395,2712,3126,1952,698,311,2000,2837,1850,912,460
2019_1,서울 종로구 종로5가역_2,17391,11598,5793,284,3078,5670,4753,2794,812,75,1303,3731,3674,2244,571,209,1775,1939,1079,550,241
2019_1,신설동역,738,421,317,3,119,193,160,168,95,1,43,112,99,92,74,2,76,81,61,76,21
2019_1,서울 동대문구 신설동역_1,2,2,0,0,0,0,1,0,1,0,0,0,1,0,1,0,0,0,0,0,0
2019_1,서울 종로구 광화문역_2,54371,32642,21729,61,7110,16725,17005,9883,3587,18,2626,9537,11401,6796,2264,43,4484,7188,5604,3087,1323
2019_1,동묘앞역,68,40,28,0,6,11,15,22,14,0,4,5,9,14,8,0,2,6,6,8,6
2019_1,장안동사거리,503,249,254,1,85,108,116,112,81,0,27,63,59,53,47,1,58,45,57,59,34
2019_1,서울 종로구 동대문역_2,1106,550,556,1,215,288,275,171,156,0,61,144,150,89,106,1,154,144,125,82,50
2019_1,동대문시장_2,500,300,200,0,41,106,114,131,108,0,19,62,73,69,77,0,22,44,41,62,31
2019_1,서울 종로구 종로5가역_1,50,38,12,0,3,7,14,17,9,0,1,4,12,14,7,0,2,3,2,3,2
2019_1,서울 종로구 종로3가역_1,4034,1757,2277,19,662,979,805,861,708,9,210,390,373,393,382,10,452,589,432,468,326
2019_1,서울 종로구 광화문역_1,2103,1344,759,0,375,778,497,302,151,0,127,481,386,255,95,0,248,297,111,47,56
2019_1,종각역,20751,13526,7225,21,2635,6782,6341,4479,493,6,1115,3539,4506,3986,374,15,1520,3243,1835,493,119
2019_1,종각역 젊음의 거리,2712,1114,1598,41,643,680,463,477,408,18,241,359,221,131,144,23,402,321,242,346,264
2019_1,서대문구 서대문역_1,348,250,98,0,38,77,114,62,57,0,23,52,88,40,47,0,15,25,26,22,10
2019_1,동대문시장_1,437,223,214,0,32,110,120,112,63,0,13,59,60,53,38,0,19,51,60,59,25
2019_1,시청역_2,21859,13798,8061,61,3741,6713,6415,3735,1194,20,1530,3993,4633,2731,891,41,2211,2720,1782,1004,303
2019_1,서울시청,23497,11478,12019,80,4332,7391,6986,3557,1151,17,1448,3282,3713,2288,730,63,2884,4109,3273,1269,421
2019_1,서울 중구 을지로3가역_2,7863,5061,2802,10,917,2052,2113,1539,1232,3,356,1208,1529,1054,911,7,561,844,584,485,321
2019_1,서울 중구 신당역_2,1354,683,671,8,620,330,192,135,69,5,294,178,97,64,45,3,326,152,95,71,24
2019_1,서대문구 서대문역_2,1449,871,578,0,301,410,394,224,120,0,121,244,268,162,76,0,180,166,126,62,44
2019_1,동대문역사문화공원역,2248,1277,971,1,285,536,545,526,355,0,103,303,325,314,232,1,182,233,220,212,123
2019_1,서울 중구 을지로3가역_1,18018,11428,6590,26,2375,5122,5696,3173,1626,7,1072,3086,3766,2384,1113,19,1303,2036,1930,789,513
2019_1,명동거리,9026,4728,4298,34,1499,2465,2399,1899,730,15,479,1216,1478,1070,470,19,1020,1249,921,829,260
2019_1,롯데백화점,40463,21491,18972,212,5800,13604,12582,6665,1600,63,1868,5993,7420,4990,1157,149,3932,7611,5162,1675,443
2019_1,서울 중구 신당역_1,1057,702,355,1,126,227,280,268,155,0,52,138,199,199,114,1,74,89,81,69,41
2019_1,북창동,10548,5655,4893,34,1707,3055,2870,2003,879,5,656,1656,1546,1185,607,29,1051,1399,1324,818,272
2019_1,서울 중구 충무로역_2,14898,6701,8197,68,2711,4096,4512,2561,950,25,804,2032,2120,1145,575,43,1907,2064,2392,1416,375
2019_1,서울 강서구 송정역,616,407,209,3,73,114,187,133,106,0,29,75,140,88,75,3,44,39,47,45,31
2019_1,장한평역_2,5325,3255,2070,27,1176,1296,982,1042,802,5,517,876,663,623,571,22,659,420,319,419,231
2019_1,시청역_1,54859,33251,21608,185,8075,20031,17685,7694,1189,42,3678,10844,11858,5963,866,143,4397,9187,5827,1731,323
2019_1,왕십리역_2,668,280,388,6,136,138,154,126,108,3,44,55,62,60,56,3,92,83,92,66,52
2019_1,서울 강서구 발산역,874,492,382,2,163,266,219,157,67,2,55,150,150,102,33,0,108,116,69,55,34
2019_1,장한평역_1,2508,1570,938,14,295,412,439,429,919,4,123,213,269,276,685,10,172,199,170,153,234
2019_1,서울 중구 충무로역_1,3239,2248,991,12,623,1015,877,559,153,5,429,792,667,258,97,7,194,223,210,301,56
2019_1,장한평역,2303,1580,723,4,168,404,749,657,321,3,81,251,535,470,240,1,87,153,214,187,81
2019_1,서울 중구 명동역,3988,2012,1976,7,771,1852,940,291,127,2,248,877,612,189,84,5,523,975,328,102,43
2019_1,장충동 족발거리,187,89,98,0,40,39,46,27,35,0,15,23,28,9,14,0,25,16,18,18,21
2019_1,한양시장,266,156,110,1,46,53,68,62,36,1,30,39,36,28,22,0,16,14,32,34,14
2019_1,서울 서대문구 이대역,1395,638,757,18,316,347,307,252,155,4,107,168,146,113,100,14,209,179,161,139,55
2019_1,서울 서대문구 신촌역,3278,1418,1860,34,914,837,616,513,364,16,316,422,290,198,176,18,598,415,326,315,188
2019_1,서울 마포구 홍대입구역_3,342,155,187,0,78,108,81,39,36,0,12,48,43,24,28,0,66,60,38,15,8
2019_1,서울 마포구 홍대입구역_2,3328,1284,2044,26,1368,1011,534,256,133,10,292,431,275,174,102,16,1076,580,259,82,31
2019_1,홍익대학교 주변,16818,8154,8664,83,4287,5192,3674,2142,1440,40,1631,2641,1923,977,942,43,2656,2551,1751,1165,498
2019_1,서울 광진구 군자역,227,131,96,1,37,59,64,39,27,0,15,40,37,25,14,1,22,19,27,14,13
2019_1,신촌역,221,106,115,0,34,61,66,38,22,0,13,18,40,21,14,0,21,43,26,17,8
2019_1,강서구청,3558,2312,1246,14,588,879,970,708,399,10,314,568,694,457,269,4,274,311,276,251,130
2019_1,서울 마포구 홍대입구역_1,871,475,396,10,257,279,183,97,45,1,106,161,118,60,29,9,151,118,65,37,16
2019_1,서울 강동구 고덕역,450,255,195,2,42,89,99,120,98,1,14,47,48,74,71,1,28,42,51,46,27
2019_1,서울 강동구 명일역,869,359,510,4,138,160,239,191,137,2,36,69,86,80,86,2,102,91,153,111,51
2019_1,어린이대공원역,88,47,41,0,10,23,25,23,7,0,4,13,15,11,4,0,6,10,10,12,3
2019_1,서울 마포구 공덕역_2,4328,2508,1820,3,701,1124,1297,976,227,2,249,650,883,598,126,1,452,474,414,378,101
2019_1,공덕역,7954,4594,3360,22,1802,2461,2200,1253,216,11,695,1203,1486,1030,169,11,1107,1258,714,223,47
2019_1,서울 용산구 숙대입구역,2707,1969,738,10,552,958,736,336,115,0,324,734,585,250,76,10,228,224,151,86,39
2019_1,남영역,12311,5453,6858,343,3626,3831,2793,1509,209,134,1543,1954,1256,444,122,209,2083,1877,1537,1065,87
2019_1,서울 마포구 공덕역_1,4905,2395,2510,26,1021,1406,1269,933,250,11,414,790,685,323,172,15,607,616,584,610,78
2019_1,서울 마포구 마포역_2,1002,557,445,2,138,233,309,215,105,1,62,129,182,114,69,1,76,104,127,101,36
2019_1,서울 광진구 건대입구역_2,2990,1023,1967,10,924,1046,537,292,181,2,221,349,243,94,114,8,703,697,294,198,67
2019_1,서울 마포구 마포역_1,13134,7794,5340,81,2229,3070,2894,2838,2022,27,983,1899,2001,1590,1294,54,1246,1171,893,1248,728
2019_1,서울 강동구 천호역_2,4128,1923,2205,14,864,931,827,642,850,3,277,490,393,253,507,11,587,441,434,389,343
2019_1,서울 광진구 건대입구역_1,916,434,482,3,232,183,206,145,147,1,86,103,94,73,77,2,146,80,112,72,70
2019_1,건대입구역,735,394,341,5,178,220,146,110,76,3,84,129,84,48,46,2,94,91,62,62,30
2019_1,서울 광진구 구의역,906,569,337,6,82,203,245,197,173,5,30,112,154,137,131,1,52,91,91,60,42
2019_1,서울 강동구 천호역,997,451,546,5,176,247,232,183,154,0,32,102,117,94,106,5,144,145,115,89,48
2019_1,당산역_2,4707,2881,1826,10,479,592,750,1033,1843,6,322,420,454,529,1150,4,157,172,296,504,693
2019_1,서울 강동구 길동역,1286,691,595,1,137,282,368,283,215,0,43,148,238,142,120,1,94,134,130,141,95
2019_1,용산 전자상가_5,2575,1881,694,15,395,992,793,286,94,9,275,747,581,202,67,6,120,245,212,84,27
2019_1,당산역_1,1148,704,444,4,190,305,305,206,138,1,70,205,190,131,107,3,120,100,115,75,31
2019_1,서울 광진구 강변역,1799,1410,389,11,128,377,542,439,302,6,78,270,440,374,242,5,50,107,102,65,60
2019_1,용산 전자상가_3,2469,1782,687,23,326,798,743,356,223,14,198,596,530,270,174,9,128,202,213,86,49
2019_1,서울 용산구 이태원역,661,400,261,6,236,195,96,70,58,1,144,143,52,34,26,5,92,52,44,36,32
2019_1,한남오거리,574,297,277,0,91,155,103,117,108,0,20,92,57,63,65,0,71,63,46,54,43
2019_1,용산 전자상가_2,479,380,99,4,59,163,162,64,27,3,49,133,135,45,15,1,10,30,27,19,12
2019_1,용산구청,33,15,18,0,6,14,5,7,1,0,2,6,3,3,1,0,4,8,2,4,0
2019_1,용산 전자상가_1,13047,8246,4801,62,4989,3348,2696,1485,467,34,2195,2260,2157,1278,322,28,2794,1088,539,207,145
2019_1,국회의사당역_2,38083,21992,16091,56,7631,13111,9043,6136,2106,17,2903,7276,6356,4205,1235,39,4728,5835,2687,1931,871
2019_1,서울 용산구 신용산역,505,240,265,0,72,102,118,129,84,0,37,59,47,52,45,0,35,43,71,77,39
2019_1,국회의사당역_1,5707,4396,1311,1,290,1230,1886,2079,221,1,135,750,1567,1754,189,0,155,480,319,325,32
2019_1,압구정 로데오거리_2,16443,6701,9742,141,5727,5862,2760,1209,744,32,1619,2696,1401,536,417,109,4108,3166,1359,673,327
2019_1,서울 강남구 압구정역,10265,4575,5690,262,2704,2822,1909,1332,1236,107,838,1314,1077,636,603,155,1866,1508,832,696,633
2019_1,서울 영등포구 영등포구청역,3733,1138,2595,22,1031,1464,792,351,73,0,112,541,242,185,58,22,919,923,550,166,15
2019_1,압구정 로데오거리_1,9087,2833,6254,34,3399,3498,1406,459,291,8,742,1106,587,231,159,26,2657,2392,819,228,132
2019_1,서울 강동구 둔촌동역,71,24,47,0,6,19,19,17,10,0,3,9,5,5,2,0,3,10,14,12,8
2019_1,오목교역,198,85,113,3,27,46,50,37,35,0,14,21,19,13,18,3,13,25,31,24,17
2019_1,신사동 가로수길,22466,10481,11985,110,5994,7494,4752,2597,1519,42,1612,3669,2747,1415,996,68,4382,3825,2005,1182,523
2019_1,서울 영등포구 여의도역_2,49729,33012,16717,113,7119,18041,15439,7161,1856,14,3079,11040,11667,6131,1081,99,4040,7001,3772,1030,775
2019_1,청담사거리_3,1143,414,729,5,342,449,209,92,46,0,74,170,97,41,32,5,268,279,112,51,14
2019_1,영등포유통상가,2109,1252,857,2,307,417,419,445,519,1,128,239,259,253,372,1,179,178,160,192,147
2019_1,청담역_2,1317,899,418,10,281,410,322,154,140,1,123,304,249,116,106,9,158,106,73,38,34
2019_1,청담역_1,194,154,40,5,21,67,58,28,15,5,12,53,50,23,11,0,9,14,8,5,4
2019_1,청담사거리_2,1189,873,316,5,235,427,389,106,27,0,119,316,333,86,19,5,116,111,56,20,8
2019_1,서울 영등포구 여의도역_1,51327,30887,20440,150,6867,13967,16181,11186,2976,17,3044,6727,9944,9145,2010,133,3823,7240,6237,2041,966
2019_1,학동사거리_2,2997,1699,1298,7,686,840,595,496,373,1,219,423,390,367,299,6,467,417,205,129,74
2019_1,서울 영등포구 영등포시장역,334,253,81,0,26,50,79,104,75,0,20,37,50,81,65,0,6,13,29,23,10
2019_1,학동사거리_1,4479,2220,2259,23,1209,1421,802,589,435,9,330,674,476,399,332,14,879,747,326,190,103
2019_1,여의도 시범아파트앞,2395,1580,815,9,403,567,598,491,327,3,204,370,403,359,241,6,199,197,195,132,86
2019_1,영등포역_3,906,535,371,1,173,248,190,207,87,0,62,145,120,147,61,1,111,103,70,60,26
2019_1,도산공원사거리_1,10355,6090,4265,26,2251,3415,2536,1477,650,7,876,2034,1705,1005,463,19,1375,1381,831,472,187
2019_1,영등포역_2,1259,661,598,7,172,192,258,322,308,5,70,110,130,153,193,2,102,82,128,169,115
2019_1,문래동 주민센터,74,59,15,0,5,10,23,23,13,0,4,9,18,16,12,0,1,1,5,7,1
2019_1,강남구 신사역_2,7930,4769,3161,36,1725,2897,2080,895,297,2,598,1738,1538,679,214,34,1127,1159,542,216,83
2019_1,서울 강남구 강남구청역_2,4663,2890,1773,52,1887,1320,906,387,111,29,950,848,693,297,73,23,937,472,213,90,38
2019_1,강남구 신사역_1,2430,1008,1422,2,663,911,538,191,125,2,120,362,323,122,79,0,543,549,215,69,46
2019_1,서울 동작구 노량진1동_1,19,6,13,0,1,4,3,7,4,0,1,1,1,1,2,0,0,3,2,6,2
2019_1,서울 강남구 학동역_3,9665,5539,4126,27,2112,3144,2307,1251,824,6,771,1846,1569,801,546,21,1341,1298,738,450,278
2019_1,서울 강남구 강남구청역_1,3642,2126,1516,12,535,839,1013,893,350,8,205,482,642,545,244,4,330,357,371,348,106
2019_1,잠실역,5868,4338,1530,22,974,1777,1708,983,404,5,473,1328,1452,793,287,17,501,449,256,190,117
2019_1,강남구 논현역_4,6478,3331,3147,14,1455,2018,1547,910,534,4,449,1080,962,500,336,10,1006,938,585,410,198
2019_1,학동역,1572,574,998,3,572,548,302,96,51,0,93,229,163,57,32,3,479,319,139,39,19
2019_1,방이동 먹자골목,5157,3223,1934,6,586,1287,1431,1144,703,4,264,802,986,692,475,2,322,485,445,452,228
2019_1,서울 강남구 학동역_2,6033,3234,2799,25,943,1553,1214,637,1661,8,270,772,686,377,1121,17,673,781,528,260,540
2019_1,서울 동작구 노량진역,3829,2175,1654,4,424,1015,971,1008,407,1,157,465,577,708,267,3,267,550,394,300,140
2019_1,삼성역_3,10170,5919,4251,14,1921,3905,2787,1126,417,3,645,2207,1875,912,277,11,1276,1698,912,214,140
2019_1,코엑스,22562,12970,9592,134,5387,7829,5600,2673,939,50,1825,4433,3940,2047,675,84,3562,3396,1660,626,264
2019_1,서울 강남구 학동역_1,5305,3348,1957,24,1230,1615,1198,701,537,13,584,1094,827,460,370,11,646,521,371,241,167
2019_1,선정릉역_2,6911,4247,2664,15,1414,2349,1639,974,520,4,511,1356,1194,765,417,11,903,993,445,209,103
2019_1,강남구 논현역_3,1533,932,601,2,279,586,348,191,127,0,126,398,219,111,78,2,153,188,129,80,49
2019_1,포스코사거리_2,7881,5022,2859,7,1542,3547,1826,652,307,2,642,2318,1360,475,225,5,900,1229,466,177,82
2019_1,포스코사거리_1,43841,29255,14586,73,6677,17062,13423,5379,1227,28,3106,11077,10155,4064,825,45,3571,5985,3268,1315,402
2019_1,잠실역 롯데월드,3871,1933,1938,80,1783,697,643,548,120,29,716,395,351,391,51,51,1067,302,292,157,69
2019_1,신도림역,3373,1768,1605,8,707,1138,968,448,104,2,285,612,518,273,78,6,422,526,450,175,26
2019_1,강남구 논현역_2,10089,4811,5278,31,3273,3149,2062,990,584,6,1020,1626,1341,534,284,25,2253,1523,721,456,300
2019_1,선정릉역_1,1924,1381,543,4,448,668,413,188,203,2,243,475,331,150,180,2,205,193,82,38,23
2019_1,신천역,5931,3190,2741,16,1050,1357,1418,1025,1065,10,423,748,737,528,744,6,627,609,681,497,321
2019_1,강남구 논현역_1,3585,2076,1509,10,551,1271,1029,499,225,0,196,765,634,322,159,10,355,506,395,177,66
2019_1,삼성역_2,18975,11521,7454,127,4401,7172,4236,2329,710,64,1903,4485,3014,1534,521,63,2498,2687,1222,795,189
2019_1,삼정역_2,2478,1346,1132,3,614,847,526,249,239,2,198,437,341,180,188,1,416,410,185,69,51
2019_1,삼정역_1,3329,1696,1633,7,827,1100,684,343,368,2,221,511,476,224,262,5,606,589,208,119,106
2019_1,삼성역_1,35413,22502,12911,100,5318,9735,8891,6497,4872,51,2361,6547,6512,4031,3000,49,2957,3188,2379,2466,1872
2019_1,서울 강남구 선릉역_2,7288,4707,2581,26,1227,2092,1819,1231,893,12,524,1431,1352,855,533,14,703,661,467,376,360
2019_1,고속터미널역,16485,4781,11704,14,5097,5508,3494,1936,436,3,731,1636,1220,935,256,11,4366,3872,2274,1001,180
2019_1,서울 서초구 강남역,33758,18836,14922,125,7773,11461,7130,4460,2809,56,2884,6572,4682,2838,1804,69,4889,4889,2448,1622,1005
2019_1,서울 강남구 선릉역_1,19964,8319,11645,88,6302,5354,3633,2994,1593,47,2427,2759,1527,852,707,41,3875,2595,2106,2142,886
2019_1,선릉역_2,20789,10769,10020,55,5184,6309,4657,2967,1617,18,1795,3508,2895,1552,1001,37,3389,2801,1762,1415,616
2019_1,서울 강남구 역삼역_2,27706,21651,6055,37,5640,9575,7578,4322,554,20,3342,7216,6602,4049,422,17,2298,2359,976,273,132
2019_1,서울 송파구 석촌역_1,37,21,16,0,2,9,10,14,2,0,1,5,4,9,2,0,1,4,6,5,0
2019_1,서울 강남구 강남역_2,5638,3260,2378,24,1340,1908,1288,740,338,8,481,1058,943,540,230,16,859,850,345,200,108
2019_1,선릉역_1,55373,30034,25339,263,10479,15126,14436,11968,3101,146,6469,10369,7187,3797,2066,117,4010,4757,7249,8171,1035
2019_1,구로역,153,85,68,0,11,7,27,22,86,0,0,2,9,12,62,0,11,5,18,10,24
2019_1,역삼역_2,4513,2557,1956,25,908,1521,1302,583,174,17,312,928,868,312,120,8,596,593,434,271,54
2019_1,대림역_2,7571,5787,1784,5,1066,2103,1738,1476,1183,1,831,1851,1475,925,704,4,235,252,263,551,479
2019_1,서울 강남구 역삼역_1,24525,15502,9023,97,4783,8725,6329,3016,1575,36,2094,5637,4549,2039,1147,61,2689,3088,1780,977,428
2019_1,신대방삼거리역,241,109,132,0,28,53,61,54,45,0,12,24,31,20,22,0,16,29,30,34,23
2019_1,서울 강남구 한티역,1139,451,688,6,212,304,291,218,108,3,54,116,129,93,56,3,158,188,162,125,52
2019_1,은마아파트입구사거리_4,105,53,52,1,11,19,39,29,6,0,3,15,22,8,5,1,8,4,17,21,1
2019_1,오류동역,1589,803,786,12,119,203,367,474,414,3,56,114,159,184,287,9,63,89,208,290,127
2019_1,서울 강남구 강남역,41280,19424,21856,61,8734,12909,9798,6486,3292,14,2763,6617,6080,2879,1071,47,5971,6292,3718,3607,2221
2019_1,교대역_4,5151,2877,2274,11,1020,1487,1255,807,571,3,340,754,759,584,437,8,680,733,496,223,134
2019_1,서울 강남구 강남역_1,135689,99243,36446,640,27733,60557,35990,9439,1330,381,14094,43249,31832,8663,1024,259,13639,17308,4158,776,306
2019_1,방배동카페골목,108,41,67,0,18,18,30,17,25,0,9,9,13,1,9,0,9,9,17,16,16
2019_1,가락시장,17284,10739,6545,52,2462,4009,4235,4221,2305,31,1124,2683,2898,2467,1536,21,1338,1326,1337,1754,769
2019_1,교대역_3,4422,2687,1735,5,537,1158,1283,920,519,3,133,525,871,712,443,2,404,633,412,208,76
2019_1,역삼역_1,1540,911,629,4,261,438,373,250,214,1,88,256,255,172,139,3,173,182,118,78,75
2019_1,교대역_2,3363,2149,1214,13,500,1201,844,556,249,12,174,757,614,403,189,1,326,444,230,153,60
2019_1,서울 송파구 가락시장역,5029,3136,1893,5,654,1420,1282,961,707,3,281,803,855,640,554,2,373,617,427,321,153
2019_1,서울 서초구 서초역,11841,4670,7171,37,3312,3338,2772,1748,634,10,986,1321,1050,838,465,27,2326,2017,1722,910,169
2019_1,서울 강남구 대치역_2,1508,910,598,1,154,502,531,197,123,0,47,259,383,123,98,1,107,243,148,74,25
2019_1,뱅뱅사거리_2,29870,20424,9446,308,5784,9096,8476,4413,1793,114,2866,6268,6573,3223,1380,194,2918,2828,1903,1190,413
2019_1,보라매공원,14421,8102,6319,68,2512,5095,4051,1916,779,28,1160,2727,2268,1350,569,40,1352,2368,1783,566,210
2019_1,교대역_1,13316,7616,5700,47,2327,4057,3513,2220,1152,5,750,2258,2314,1443,846,42,1577,1799,1199,777,306
2019_1,개봉동 현대아파트 인근,145,60,85,0,12,32,27,48,26,0,2,8,8,28,14,0,10,24,19,20,12
2019_1,뱅뱅사거리,7961,5087,2874,28,2538,2682,1553,849,311,7,1463,1770,1126,513,208,21,1075,912,427,336,103
2019_1,뱅뱅사거리_1,11051,7880,3171,50,1883,3475,2757,1865,1021,20,1029,2580,2215,1379,657,30,854,895,542,486,364
2019_1,서울 관악구 신림역_4,1027,467,560,3,170,178,252,238,186,2,59,82,137,98,89,1,111,96,115,140,97
2019_1,동작구 총신대입구역_1,262,123,139,0,46,61,62,55,38,0,11,33,28,26,25,0,35,28,34,29,13
2019_1,양재역_3,3614,2354,1260,8,695,1186,912,510,303,2,377,724,657,352,242,6,318,462,255,158,61
2019_1,동작구 총신대입구역_2,752,321,431,7,214,179,165,99,88,2,52,83,86,48,50,5,162,96,79,51,38
2019_1,서울 서초구 남부터미널역_3,1491,797,694,8,247,423,373,256,184,2,79,204,234,158,120,6,168,219,139,98,64
2019_1,서울 강남구 수서역,16052,11440,4612,16,2247,4525,4061,3036,2167,7,1371,3487,3011,1935,1629,9,876,1038,1050,1101,538
2019_1,서울 서초구 남부터미널역_2,10724,5529,5195,19,2238,2776,2716,1910,1065,6,1013,1561,1386,831,732,13,1225,1215,1330,1079,333
2019_1,구로디지탈1단지,66367,42004,24363,278,13462,23387,16940,8272,4028,161,6365,15444,11716,5265,3053,117,7097,7943,5224,3007,975
2019_1,양재역,133,61,72,0,24,57,32,9,11,0,4,26,18,4,9,0,20,31,14,5,2
2019_1,매봉역,612,229,383,0,304,127,89,49,43,0,54,58,58,31,28,0,250,69,31,18,15
2019_1,서울 서초구 방배역,3380,1969,1411,20,771,820,632,483,654,6,273,448,421,277,544,14,498,372,211,206,110
2019_1,서울 서초구 남부터미널역_1,540,396,144,4,79,168,133,89,67,0,42,126,106,66,56,4,37,42,27,23,11
2019_1,서울 관악구 신림역_2,34,17,17,0,2,5,10,9,8,0,1,4,5,4,3,0,1,1,5,5,5
2019_1,서울 관악구 신림역_1,1979,936,1043,14,323,340,321,396,585,6,138,173,156,165,298,8,185,167,165,231,287
2019_1,양재역_2,11338,6172,5166,105,3210,3894,2317,1205,607,33,1197,2435,1585,599,323,72,2013,1459,732,606,284
2019_1,양재역_1,923,654,269,0,85,180,207,255,196,0,38,82,124,223,187,0,47,98,83,32,9
2019_1,서울 관악구 서울대입구역_2,41,3,38,0,15,7,3,9,7,0,1,1,1,0,0,0,14,6,2,9,7
2019_1,가산디지털단지역_3,45037,29362,15675,113,8653,15421,12565,6063,2222,63,4305,10143,9136,4049,1666,50,4348,5278,3429,2014,556
2019_1,구로디지털단지역,2524,1636,888,11,526,783,638,385,181,5,248,527,433,273,150,6,278,256,205,112,31
2019_1,서울 관악구 서울대입구역_1,1936,848,1088,4,333,469,491,305,334,0,89,197,218,147,197,4,244,272,273,158,137
2019_1,관악구 사당역_1,3503,1459,2044,6,370,579,849,1088,611,2,182,322,310,225,418,4,188,257,539,863,193
2019_1,가산디지털단지역_2,59807,36563,23244,1205,17071,18368,12983,6546,3634,513,8151,11975,9246,4094,2584,692,8920,6393,3737,2452,1050
2019_1,관악구 사당역_2,494,285,209,1,106,127,107,104,49,1,54,72,59,67,32,0,52,55,48,37,17
2019_1,가산디지털단지역_1,28461,19196,9265,117,4723,8390,7260,4658,3313,75,2599,5883,5216,3053,2370,42,2124,2507,2044,1605,943
2019_1,장지역,4695,2900,1795,28,660,1282,1218,838,669,18,319,806,817,503,437,10,341,476,401,335,232
2019_1,포이사거리_1,5851,3303,2548,13,715,1776,1822,1248,277,1,400,1191,988,531,192,12,315,585,834,717,85
2019_1,포이사거리_2,8599,5946,2653,21,1007,2275,2585,1907,804,10,572,1521,1846,1376,621,11,435,754,739,531,183
2019_1,서울 관악구 대학동_1,112,67,45,1,17,47,18,19,10,0,6,28,12,12,9,1,11,19,6,7,1
2019_1,서울 금천구 독산1동_1,3020,1946,1074,20,446,693,730,681,450,9,216,429,474,443,375,11,230,264,256,238,75
2019_1,양재 화물트럭터미널앞_2,148,70,78,0,24,50,47,17,10,0,9,14,30,10,7,0,15,36,17,7,3
2019_1,양재 화물트럭터미널앞_1,4525,3730,795,11,849,1433,1153,794,285,2,589,1210,1005,687,237,9,260,223,148,107,48
2019_1,서울 금천구 시흥1동_4,957,409,548,2,151,165,196,247,196,2,37,71,87,104,108,0,114,94,109,143,88
2019_1,풍성로37가길,40,20,20,0,4,11,12,8,5,0,3,6,6,4,1,0,1,5,6,4,4
2019_1,천호옛길,476,320,156,0,72,112,123,86,83,0,48,74,91,45,62,0,24,38,32,41,21
2019_1,천호옛14길,703,384,319,7,124,133,153,167,119,2,50,74,86,96,76,5,74,59,67,71,43
2019_1,천호대로219길,1366,617,749,9,70,168,247,401,471,8,30,88,142,217,132,1,40,80,105,184,339
2019_1,천호대로197길,22,8,14,1,0,5,9,6,1,1,0,1,4,2,0,0,0,4,5,4,1
2019_1,천호대로187길,890,509,381,0,81,203,213,206,187,0,43,124,117,112,113,0,38,79,96,94,74
2019_1,천호대로170길,257,149,108,0,42,56,60,67,32,0,31,46,26,28,18,0,11,10,34,39,14
2019_1,천호대로162길,1306,831,475,2,146,388,345,237,188,0,79,300,241,122,89,2,67,88,104,115,99
2019_1,천중로51길,425,222,203,2,55,108,119,83,58,0,21,65,58,41,37,2,34,43,61,42,21
2019_1,천중로39길,564,213,351,2,50,94,125,130,163,1,10,37,40,50,75,1,40,57,85,80,88
2019_1,진황도로47길,1602,638,964,1,217,223,291,496,374,0,116,142,116,97,167,1,101,81,175,399,207
2019_1,진황도로27길,579,300,279,0,63,123,161,128,104,0,22,67,92,56,63,0,41,56,69,72,41
2019_1,올림픽로98길,41,17,24,0,2,6,12,11,10,0,1,1,6,3,6,0,1,5,6,8,4
2019_1,올림픽로77길,21,11,10,0,0,12,4,4,1,0,0,5,2,3,1,0,0,7,2,1,0
2019_1,올림픽로71길,353,258,95,0,27,107,97,80,42,0,16,82,71,57,32,0,11,25,26,23,10
2019_1,올림픽로48길,6417,3785,2632,40,604,1445,1510,1398,1420,18,259,717,826,911,1054,22,345,728,684,487,366
2019_1,양재대로96길,1304,791,513,0,107,213,263,372,349,0,66,125,145,209,246,0,41,88,118,163,103
2019_1,양재대로95길,604,312,292,2,61,117,160,167,97,1,29,55,89,73,65,1,32,62,71,94,32
2019_1,양재대로91길,1119,618,501,1,124,203,256,248,287,0,57,125,147,121,168,1,67,78,109,127,119
2019_1,양재대로133길,358,133,225,0,40,79,70,101,68,0,7,43,29,28,26,0,33,36,41,73,42
2019_1,양재대로124길,581,330,251,0,58,132,123,132,136,0,26,78,77,61,88,0,32,54,46,71,48
2019_1,양재대로116길,213,88,125,0,20,43,52,66,32,0,8,16,21,28,15,0,12,27,31,38,17
2019_1,양재대로101길,1389,809,580,2,141,278,323,297,348,0,45,133,185,186,260,2,96,145,138,111,88
2019_1,암사길,395,174,221,0,29,114,113,97,42,0,3,52,51,46,22,0,26,62,62,51,20
2019_1,성안로3길,1338,764,574,0,209,303,355,284,187,0,97,185,214,133,135,0,112,118,141,151,52
2019_1,성내로5길,1078,551,527,1,165,283,277,278,74,0,56,145,134,161,55,1,109,138,143,117,19
2019_1,상일로5길,41,23,18,0,3,6,10,12,10,0,1,4,5,6,7,0,2,2,5,6,3
2019_1,상암로5길,566,238,328,2,62,92,119,139,152,2,15,42,46,54,79,0,47,50,73,85,73
2019_1,상암로51길,788,343,445,3,137,149,188,166,145,2,37,70,89,62,83,1,100,79,99,104,62
2019_1,상암로4길,204,131,73,0,29,57,66,42,10,0,18,48,44,15,6,0,11,9,22,27,4
2019_1,상암로14길,407,217,190,1,56,90,127,81,52,1,22,44,78,36,36,0,34,46,49,45,16
2019_1,명일로13길,104,47,57,0,3,14,26,47,14,0,1,4,8,24,10,0,2,10,18,23,4
2019_1,동남로85길,116,66,50,0,6,31,32,32,15,0,3,23,16,13,11,0,3,8,16,19,4
2019_1,동남로82길,10,4,6,0,0,1,1,6,2,0,0,0,1,1,2,0,0,1,0,5,0
2019_1,동남로65길,81,25,56,0,2,9,20,23,27,0,2,3,6,5,9,0,0,6,14,18,18
2019_1,구천면로42길,347,193,154,3,46,70,80,75,73,1,25,36,46,38,47,2,21,34,34,37,26
2019_1,구천면로41길,583,246,337,0,55,157,165,147,59,0,14,69,79,57,27,0,41,88,86,90,32
2019_1,구천면로36길,40,23,17,0,5,9,11,11,4,0,2,5,7,5,4,0,3,4,4,6,0
2019_1,고덕로25길,14,8,6,0,0,6,6,1,1,0,0,4,4,0,0,0,0,2,2,1,1
2019_1,고덕로10길,181,84,97,0,15,44,39,55,28,0,6,25,19,19,15,0,9,19,20,36,13
2019_1,강동대로53길,887,492,395,3,146,217,229,197,95,0,62,138,119,109,64,3,84,79,110,88,31
2019_1,풍성로25길,787,283,504,1,113,202,191,165,115,0,32,90,61,52,48,1,81,112,130,113,67
2019_1,오금로46길,1431,710,721,10,257,360,359,304,141,6,90,188,187,151,88,4,167,172,172,153,53
2019_1,오금로36길,1297,935,362,3,184,398,390,245,77,0,94,271,323,185,62,3,90,127,67,60,15
2019_1,오금로11길,2163,1389,774,14,277,488,498,440,446,8,135,350,311,246,339,6,142,138,187,194,107
2019_1,양재대로72길,621,301,320,1,72,138,165,153,92,1,18,68,75,69,70,0,54,70,90,84,22
2019_1,양재대로71길,1434,887,547,5,210,420,327,250,222,2,71,232,227,180,175,3,139,188,100,70,47
2019_1,양재대로64길,1458,635,823,3,381,474,325,172,103,0,77,179,187,119,73,3,304,295,138,53,30
2019_1,양재대로62길,7052,4459,2593,5,239,416,591,862,4939,1,122,258,372,418,3288,4,117,158,219,444,1651
2019_1,송파대로30길,1629,990,639,6,270,365,395,367,226,1,147,253,246,204,139,5,123,112,149,163,87
2019_1,송이로36길,1947,1366,581,9,359,394,465,438,282,5,240,285,304,303,229,4,119,109,161,135,53
2019_1,송이로32길,732,412,320,3,63,134,214,217,101,1,27,88,126,107,63,2,36,46,88,110,38
2019_1,송이로23길,1442,912,530,3,142,280,331,325,361,3,66,160,189,220,274,0,76,120,142,105,87
2019_1,삼전로13길,1633,731,902,5,231,370,388,321,318,2,69,159,160,133,208,3,162,211,228,188,110
2019_1,백제고분로50길,1512,922,590,4,200,376,431,310,191,3,81,238,268,193,139,1,119,138,163,117,52
2019_1,백제고분로46길,1619,955,664,3,237,393,409,331,246,2,102,225,267,201,158,1,135,168,142,130,88
2019_1,백제고분로45길,504,326,178,2,90,108,118,115,71,2,60,68,78,72,46,0,30,40,40,43,25
2019_1,백제고분로42길,124,79,45,0,22,18,38,35,11,0,16,11,22,21,9,0,6,7,16,14,2
2019_1,백제고분로39길,1696,1248,448,2,262,732,406,204,90,1,190,652,288,70,47,1,72,80,118,134,43
2019_1,백제고분로34길,1516,980,536,7,182,365,451,334,177,4,89,238,309,215,125,3,93,127,142,119,52
2019_1,백제고분로33길,1104,708,396,0,124,277,312,265,126,0,68,172,204,171,93,0,56,105,108,94,33
2019_1,백제고분로32길,1121,500,621,3,132,216,252,340,178,3,39,96,119,142,101,0,93,120,133,198,77
2019_1,백제고분로31길,347,186,161,0,21,58,104,107,57,0,10,34,62,54,26,0,11,24,42,53,31
2019_1,백제고분로22길,1205,721,484,2,86,202,283,283,349,0,36,112,168,144,261,2,50,90,115,139,88
2019_1,백제고분로21길,205,136,69,0,27,49,39,47,43,0,8,28,24,35,41,0,19,21,15,12,2
2019_1,마천로51길,157,67,90,0,17,24,39,41,36,0,9,12,11,16,19,0,8,12,28,25,17
2019_1,동남로20길,155,82,73,0,22,22,40,48,23,0,9,11,22,28,12,0,13,11,18,20,11
2019_1,거마로20길,527,228,299,0,96,139,142,117,33,0,35,65,62,47,19,0,61,74,80,70,14
2019_1,학동로77길,2922,1463,1459,2,287,720,639,719,555,1,76,267,281,470,368,1,211,453,358,249,187
2019_1,학동로6길,1698,886,812,8,304,515,419,275,177,1,126,299,244,121,95,7,178,216,175,154,82
2019_1,학동로56길,893,439,454,3,89,248,254,210,89,1,24,94,125,129,66,2,65,154,129,81,23
2019_1,학동로38길,6922,4029,2893,15,1621,2062,1521,1019,684,6,583,1133,1017,754,536,9,1038,929,504,265,148
2019_1,테헤란로81길,524,204,320,3,207,195,80,19,20,3,72,72,27,12,18,0,135,123,53,7,2
2019_1,일원로9길,489,274,215,1,44,72,107,119,146,0,15,46,67,56,90,1,29,26,40,63,56
2019_1,일원로3길,234,125,109,0,15,43,74,71,31,0,8,34,42,28,13,0,7,9,32,43,18
2019_1,영동대로65길,3214,1853,1361,9,581,1091,796,457,280,5,260,656,535,225,172,4,321,435,261,232,108
2019_1,영동대로112길,628,391,237,5,112,191,159,96,65,3,55,130,111,54,38,2,57,61,48,42,27
2019_1,언주로81길,9998,4857,5141,38,2656,2783,2186,1526,809,11,884,1512,1335,758,357,27,1772,1271,851,768,452
2019_1,압구정로2길,2822,1499,1323,26,699,889,671,326,211,5,244,520,413,162,155,21,455,369,258,164,56
2019_1,선릉로18길,348,204,144,1,29,53,68,88,109,1,10,34,42,45,72,0,19,19,26,43,37
2019_1,선릉로146길,1923,986,937,4,478,716,394,201,130,1,199,386,233,99,68,3,279,330,161,102,62
2019_1,선릉로133길,270,147,123,0,50,76,59,42,43,0,19,42,34,22,30,0,31,34,25,20,13
2019_1,선릉로132길,1089,619,470,1,133,282,225,228,220,0,41,127,125,158,168,1,92,155,100,70,52
2019_1,선릉로121길,1565,874,691,6,282,614,373,184,106,3,102,321,250,124,74,3,180,293,123,60,32
2019_1,삼성로75길,2635,1450,1185,4,612,706,541,465,307,0,238,350,315,313,234,4,374,356,226,152,73
2019_1,삼성로69길,357,181,176,0,99,119,78,46,15,0,29,63,48,28,13,0,70,56,30,18,2
2019_1,삼성로64길,522,249,273,0,126,162,111,82,41,0,36,78,73,39,23,0,90,84,38,43,18
2019_1,삼성로63길,245,96,149,2,55,35,75,58,20,2,20,12,28,22,12,0,35,23,47,36,8
2019_1,삼성로57길,846,267,579,10,134,271,216,138,77,4,36,66,68,48,45,6,98,205,148,90,32
2019_1,삼성로147길,874,357,517,2,220,277,165,124,86,1,52,108,78,65,53,1,168,169,87,59,33
2019_1,삼성로115길,256,151,105,0,37,92,58,40,29,0,11,60,40,24,16,0,26,32,18,16,13
2019_1,봉은사로68길,204,91,113,0,49,58,55,24,18,0,11,26,31,13,10,0,38,32,24,11,8
2019_1,봉은사로57길,1141,708,433,4,333,356,240,137,71,1,117,226,183,115,66,3,216,130,57,22,5
2019_1,봉은사로43길,1058,705,353,12,237,344,260,113,92,8,142,223,189,80,63,4,95,121,71,33,29
2019_1,봉은사로29길,138,95,43,0,27,52,28,23,8,0,14,40,21,15,5,0,13,12,7,8,3
2019_1,봉은사로109길,329,175,154,0,71,88,71,50,49,0,23,51,38,33,30,0,48,37,33,17,19
2019_1,도산대로89길,2258,953,1305,21,585,798,443,268,143,2,148,329,238,139,97,19,437,469,205,129,46
2019_1,도산대로81길,4192,1529,2663,30,1511,1280,791,377,203,5,478,534,267,135,110,25,1033,746,524,242,93
2019_1,도산대로50길,2731,1870,861,3,242,450,568,803,665,1,146,340,487,560,336,2,96,110,81,243,329
2019_1,도산대로38길,163,91,72,2,44,37,36,30,14,0,16,25,22,21,7,2,28,12,14,9,7
2019_1,도산대로30길,3304,1620,1684,5,912,1132,729,366,160,3,324,571,410,191,121,2,588,561,319,175,39
2019_1,도산대로23길,1448,886,562,1,402,393,278,174,200,0,161,236,190,126,173,1,241,157,88,48,27
2019_1,도산대로15길,1632,760,872,7,556,576,281,136,76,4,210,290,150,67,39,3,346,286,131,69,37
2019_1,도곡로37길,4197,2203,1994,10,925,1317,1089,596,260,4,250,721,706,331,191,6,675,596,383,265,69
2019_1,논현로8길,783,440,343,5,152,216,197,132,81,2,81,149,91,60,57,3,71,67,106,72,24
2019_1,논현로63길,3203,2261,942,7,414,887,891,664,340,2,201,566,692,498,302,5,213,321,199,166,38
2019_1,논현로28길,10510,7244,3266,16,2109,4090,2580,1092,623,9,1029,2705,2018,936,547,7,1080,1385,562,156,76
2019_1,논현로26길,7670,5050,2620,30,1204,2053,1599,1114,1670,23,666,1593,1292,746,730,7,538,460,307,368,940
2019_1,논현로139길,2712,1278,1434,5,742,969,536,239,221,3,184,491,339,109,152,2,558,478,197,130,69
2019_1,논현로123길,100,59,41,0,18,28,22,22,10,0,9,18,14,13,5,0,9,10,8,9,5
2019_1,논현로115길,2806,1441,1365,3,657,1020,655,249,222,0,206,512,431,145,147,3,451,508,224,104,75
2019_1,논현로10길,2570,1650,920,6,241,503,640,608,572,2,117,343,408,381,399,4,124,160,232,227,173
2019_1,논현로106길,2765,1572,1193,6,414,638,678,600,429,4,177,430,423,275,263,2,237,208,255,325,166
2019_1,남부순환로365길,171,122,49,0,20,38,51,41,21,0,9,28,36,34,15,0,11,10,15,7,6
2019_1,개포로28길,296,193,103,0,39,84,66,73,34,0,19,59,50,41,24,0,20,25,16,32,10
2019_1,개포로20길,4215,2408,1807,8,570,943,1118,983,593,5,237,560,614,521,471,3,333,383,504,462,122
2019_1,개포로17길,2622,1698,924,6,289,692,756,568,311,3,137,432,523,362,241,3,152,260,233,206,70
2019_1,강남대로140길,4005,2014,1991,10,732,1091,834,800,538,3,190,523,519,393,386,7,542,568,315,407,152
2019_1,강남대로136길,1294,759,535,4,275,449,340,133,93,1,104,252,240,86,76,3,171,197,100,47,17
2019_1,강남대로118길,588,330,258,2,81,147,138,86,134,0,21,72,88,51,98,2,60,75,50,35,36
2019_1,서초중앙로8길,7653,5747,1906,10,1199,2392,2152,1482,418,4,731,1818,1738,1118,338,6,468,574,414,364,80
2019_1,방배중앙로21길,1297,640,657,6,200,246,287,306,252,3,72,124,159,135,147,3,128,122,128,171,105
2019_1,효령로72길,204,124,80,2,45,34,51,45,27,0,15,24,30,34,21,2,30,10,21,11,6
2019_1,효령로34길,37,31,6,0,1,7,10,9,10,0,0,4,10,7,10,0,1,3,0,2,0
2019_1,효령로31길,1329,705,624,2,309,315,353,214,136,1,75,165,230,130,104,1,234,150,123,84,32
2019_1,효령로23길,732,433,299,3,136,164,209,138,82,2,54,93,133,89,62,1,82,71,76,49,20
2019_1,청두곶길,2220,1352,868,21,547,568,570,390,124,3,266,397,336,264,86,18,281,171,234,126,38
2019_1,주흥길,333,224,109,0,40,108,100,60,25,0,20,67,73,42,22,0,20,41,27,18,3
2019_1,주흥15길,1480,947,533,2,305,442,332,189,210,2,157,278,250,118,142,0,148,164,82,71,68
2019_1,언남길,1642,1109,533,5,230,437,511,301,158,3,123,297,357,216,113,2,107,140,154,85,45
2019_1,신반포로45길,451,275,176,2,81,125,93,67,83,2,30,73,70,46,54,0,51,52,23,21,29
2019_1,서초대로8길,248,125,123,0,36,56,88,43,25,0,13,33,44,23,12,0,23,23,44,20,13
2019_1,서초대로64길,623,435,188,2,99,134,163,128,97,0,48,83,125,107,72,2,51,51,38,21,25
2019_1,서초대로4길,652,473,179,1,76,166,169,131,109,1,55,116,135,95,71,0,21,50,34,36,38
2019_1,서초대로25길,3904,2399,1505,13,785,1180,1006,674,246,9,361,724,697,436,172,4,424,456,309,238,74
2019_1,서초대로23길,556,339,217,0,76,162,128,65,125,0,35,102,78,34,90,0,41,60,50,31,35
2019_1,서초대로15길,1535,711,824,7,171,349,414,358,236,3,41,161,195,141,170,4,130,188,219,217,66
2019_1,사평대로57길,177,66,111,2,41,57,34,19,24,0,10,28,17,10,1,2,31,29,17,9,23
2019_1,사평대로26길,13,9,4,0,0,1,4,3,5,0,0,1,2,3,3,0,0,0,2,0,2
2019_1,사평대로22길,1484,903,581,34,357,381,343,242,127,11,196,248,221,162,65,23,161,133,122,80,62
2019_1,사임당로17길,1851,1124,727,11,365,621,416,265,173,6,144,370,282,181,141,5,221,251,134,84,32
2019_1,방배로42길,126,58,68,1,21,29,37,11,27,1,3,10,22,3,19,0,18,19,15,8,8
2019_1,방배로35길,2371,1505,866,11,330,564,496,457,513,4,141,363,322,297,378,7,189,201,174,160,135
2019_1,방배로18길,77,45,32,0,19,24,18,6,10,0,12,10,13,3,7,0,7,14,5,3,3
2019_1,반포대로9길,658,422,236,2,131,161,180,107,77,2,64,100,125,77,54,0,67,61,55,30,23
2019_1,바우뫼로39길,2652,1560,1092,11,328,651,523,474,665,8,155,423,366,259,349,3,173,228,157,215,316
2019_1,마방로2길,3850,2366,1484,13,648,1125,930,811,323,6,276,713,627,517,227,7,372,412,303,294,96
2019_1,방배천로4안길,1298,851,447,1,126,311,378,326,156,1,60,197,275,231,87,0,66,114,103,95,69
2019_1,동산로19길,1298,847,451,0,146,384,340,253,175,0,70,250,236,170,121,0,76,134,104,83,54
2019_1,동산로10길,2806,1517,1289,21,355,572,655,669,534,16,192,378,345,306,280,5,163,194,310,363,254
2019_1,동광로39길,54,27,27,0,8,4,20,12,10,0,2,2,9,9,5,0,6,2,11,3,5
2019_1,동광로1길,966,534,432,3,148,237,236,168,174,2,64,136,138,91,103,1,84,101,98,77,71
2019_1,동광로12길,794,508,286,3,92,185,231,158,125,2,38,110,153,111,94,1,54,75,78,47,31
2019_1,논현로27길,3588,2542,1046,16,564,913,978,719,398,9,282,611,712,592,336,7,282,302,266,127,62
2019_1,논현로1길,550,355,195,0,86,168,130,88,78,0,47,119,92,55,42,0,39,49,38,33,36
2019_1,남부순환로339길,13336,5891,7445,66,3615,3244,2855,2578,978,46,1545,1848,1292,707,453,20,2070,1396,1563,1871,525
2019_1,남부순환로325길,8261,3970,4291,17,1140,3138,2005,1374,587,6,445,1268,1067,771,413,11,695,1870,938,603,174
2019_1,남부순환로317길,1663,1135,528,5,331,586,362,172,207,3,173,421,271,126,141,2,158,165,91,46,66
2019_1,고무래로8길,6501,3376,3125,14,783,1701,1658,1272,1073,3,224,757,939,803,650,11,559,944,719,469,423
2019_1,강남대로8길,2603,1629,974,3,249,637,722,627,365,0,128,400,479,374,248,3,121,237,243,253,117
2019_1,강남대로34길,1069,705,364,1,214,384,240,128,102,0,117,268,159,76,85,1,97,116,81,52,17
2019_1,강남대로23길,7309,5154,2155,19,1146,1742,1763,1725,914,12,760,1311,1376,1085,610,7,386,431,387,640,304
2019_1,소담길,34,11,23,0,4,11,5,11,3,0,0,5,2,3,1,0,4,6,3,8,2
2019_1,원신길,297,116,181,0,35,91,51,71,49,0,6,34,27,32,17,0,29,57,24,39,32
2019_1,양산길,356,242,114,0,34,46,69,103,104,0,8,22,43,76,93,0,26,24,26,27,11
2019_1,호암로24길,788,262,526,1,70,119,196,226,176,1,19,63,82,39,58,0,51,56,114,187,118
2019_1,호암로20길,55,29,26,0,5,8,12,18,12,0,2,4,6,9,8,0,3,4,6,9,4
2019_1,행운길,21,5,16,0,0,3,8,9,1,0,0,2,1,2,0,0,0,1,7,7,1
2019_1,행운1길,105,71,34,0,5,25,37,22,16,0,4,12,28,13,14,0,1,13,9,9,2
2019_1,청림3길,74,37,37,0,11,15,19,22,7,0,2,8,10,11,6,0,9,7,9,11,1
2019_1,청룡길,89,48,41,0,23,30,20,11,5,0,9,16,13,8,2,0,14,14,7,3,3
2019_1,청룡8길,10,5,5,0,1,3,1,2,3,0,0,2,0,1,2,0,1,1,1,1,1
2019_1,중앙길,260,94,166,0,41,44,70,65,40,0,3,11,27,35,18,0,38,33,43,30,22
2019_1,조원중앙로2길,1189,848,341,0,113,345,273,306,152,0,67,230,203,228,120,0,46,115,70,78,32
2019_1,조원로18길,1045,551,494,1,125,251,241,266,161,1,42,154,130,142,82,0,83,97,111,124,79
2019_1,조원로10길,275,121,154,0,58,53,57,55,52,0,19,23,20,27,32,0,39,30,37,28,20
2019_1,장군봉2길,400,277,123,0,29,102,118,105,46,0,14,60,83,82,38,0,15,42,35,23,8
2019_1,장군봉1길,83,16,67,0,7,28,26,18,4,0,2,4,3,3,4,0,5,24,23,15,0
2019_1,인헌길,82,52,30,0,6,21,25,17,13,0,5,15,15,9,8,0,1,6,10,8,5
2019_1,은천로25길,284,92,192,0,50,63,72,54,45,0,2,17,29,23,21,0,48,46,43,31,24
2019_1,양녕로6길,822,465,357,4,98,165,200,196,159,4,46,80,123,121,91,0,52,85,77,75,68
2019_1,신원로3길,25,14,11,0,3,6,12,3,1,0,2,3,6,2,1,0,1,3,6,1,0
2019_1,신사로20길,44,14,30,0,12,9,6,12,5,0,2,0,4,6,2,0,10,9,2,6,3
2019_1,신림로64길,242,118,124,2,34,58,69,56,23,1,16,35,28,25,13,1,18,23,41,31,10
2019_1,신림로48길,69,33,36,0,10,13,16,15,15,0,3,5,7,7,11,0,7,8,9,8,4
2019_1,신림로38길,60,33,27,0,5,16,15,11,13,0,1,13,6,5,8,0,4,3,9,6,5
2019_1,신림로28길,328,227,101,0,18,46,80,93,91,0,9,17,41,74,86,0,9,29,39,19,5
2019_1,신림로11길,470,420,50,0,8,26,131,229,76,0,4,17,121,211,67,0,4,9,10,18,9
2019_1,신림동길,354,198,156,2,56,87,79,81,49,0,28,54,51,39,26,2,28,33,28,42,23
2019_1,승방길,571,365,206,0,82,173,165,98,53,0,35,125,124,50,31,0,47,48,41,48,22
2019_1,서림7길,289,116,173,0,21,66,87,86,29,0,11,30,28,34,13,0,10,36,59,52,16
2019_1,봉천로33길,308,199,109,0,39,60,89,71,49,0,24,41,57,43,34,0,15,19,32,28,15
2019_1,봉천로13길,318,88,230,0,19,49,98,102,50,0,3,13,32,22,18,0,16,36,66,80,32
2019_1,복은길,155,55,100,0,12,21,31,52,39,0,2,10,15,20,8,0,10,11,16,32,31
2019_1,법원단지길,2,2,0,0,0,0,2,0,0,0,0,0,2,0,0,0,0,0,0,0,0
2019_1,법원단지9길,87,39,48,0,13,27,11,22,14,0,4,16,4,7,8,0,9,11,7,15,6
2019_1,미성5길,77,44,33,0,6,14,15,20,22,0,2,7,9,10,16,0,4,7,6,10,6
2019_1,대학길,75,39,36,0,5,21,20,21,8,0,3,13,11,9,3,0,2,8,9,12,5
2019_1,대학14길,13,4,9,0,1,2,1,3,6,0,0,2,0,2,0,0,1,0,1,1,6
2019_1,당곡길,386,205,181,0,42,77,103,87,77,0,21,35,55,37,57,0,21,42,48,50,20
2019_1,남현길,224,76,148,0,28,62,58,51,25,0,5,16,24,15,16,0,23,46,34,36,9
2019_1,남현3길,270,140,130,0,45,63,89,46,27,0,9,32,49,27,23,0,36,31,40,19,4
2019_1,남부순환로248길,251,112,139,1,28,64,69,59,30,0,8,32,20,33,19,1,20,32,49,26,11
2019_1,남부순환로234길,173,116,57,1,20,37,47,38,30,1,9,22,36,25,23,0,11,15,11,13,7
2019_1,남부순환로172길,1264,685,579,1,93,227,290,378,275,1,34,119,153,199,179,0,59,108,137,179,96
2019_1,남부순환로161길,31,12,19,0,3,5,15,5,3,0,1,1,7,2,1,0,2,4,8,3,2
2019_1,남부순환로151길,200,144,56,0,11,31,53,69,36,0,7,19,43,44,31,0,4,12,10,25,5
2019_1,남부순환로142길,93,49,44,0,13,12,22,27,19,0,4,9,6,19,11,0,9,3,16,8,8
2019_1,난향길,177,42,135,0,16,47,57,42,15,0,2,6,12,10,12,0,14,41,45,32,3
2019_1,난우길,426,159,267,0,29,68,104,111,114,0,5,21,53,39,41,0,24,47,51,72,73
2019_1,난곡로74길,117,53,64,0,16,32,27,28,14,0,2,12,16,15,8,0,14,20,11,13,6
2019_1,난곡로34길,25,7,18,0,6,2,9,5,3,0,0,0,3,2,2,0,6,2,6,3,1
2019_1,난곡로26길,141,50,91,0,9,27,50,40,15,0,1,11,17,12,9,0,8,16,33,28,6
2019_1,난곡로24길,26,16,10,0,0,5,10,10,1,0,0,3,5,7,1,0,0,2,5,3,0
2019_1,낙성대역길,698,446,252,0,61,104,131,182,220,0,15,57,62,125,187,0,46,47,69,57,33
2019_1,국회단지길,572,272,300,0,102,114,158,127,71,0,18,61,104,53,36,0,84,53,54,74,35
2019_1,구암길,88,34,54,0,11,19,30,17,11,0,4,8,8,7,7,0,7,11,22,10,4
2019_1,관천로22길,19,6,13,0,3,3,7,2,4,0,1,1,3,0,1,0,2,2,4,2,3
2019_1,관천로15길,150,82,68,1,19,24,46,32,28,1,5,16,25,13,22,0,14,8,21,19,6
2019_1,관악로30길,187,62,125,1,25,40,44,41,36,0,6,13,16,12,15,1,19,27,28,29,21
2019_1,관악로28길,151,71,80,0,13,19,44,30,45,0,2,4,10,15,40,0,11,15,34,15,5
2019_1,관악로14길,464,257,207,6,114,85,88,90,81,0,49,54,52,40,62,6,65,31,36,50,19
2019_1,관악로10길,223,156,67,0,23,49,75,44,32,0,11,37,56,30,22,0,12,12,19,14,10
2019_1,흑석로9길,171,71,100,1,32,39,34,41,24,0,13,22,14,15,7,1,19,17,20,26,17
2019_1,흑석로13길,149,11,138,0,57,44,25,13,10,0,3,2,2,1,3,0,54,42,23,12,7
2019_1,장승배기로27길,46,21,25,0,5,4,14,15,8,0,1,1,8,6,5,0,4,3,6,9,3
2019_1,장승배기로19길,8,4,4,0,1,2,0,4,1,0,0,0,0,3,1,0,1,2,0,1,0
2019_1,여의대방로46길,465,161,304,1,49,141,137,97,40,0,10,46,37,39,29,1,39,95,100,58,11
2019_1,여의대방로24길,18249,9804,8445,54,3451,3244,3060,4707,3733,34,2546,2578,1565,1560,1521,20,905,666,1495,3147,2212
2019_1,여의대방로22카길,306,125,181,0,28,41,98,94,45,0,9,27,44,29,16,0,19,14,54,65,29
2019_1,여의대방로22나길,129,52,77,0,10,29,35,39,16,0,4,8,12,19,9,0,6,21,23,20,7
2019_1,여의대방로22길,248,147,101,0,48,41,45,65,49,0,19,32,24,36,36,0,29,9,21,29,13
2019_1,양녕로26길,135,67,68,0,13,21,26,46,29,0,1,11,11,21,23,0,12,10,15,25,6
2019_1,신대방길,99,63,36,0,6,20,32,20,21,0,2,11,19,17,14,0,4,9,13,3,7
2019_1,성대로29길,3,2,1,0,0,1,2,0,0,0,0,0,2,0,0,0,0,1,0,0,0
2019_1,성대로1길,343,143,200,0,20,62,93,76,92,0,8,37,40,30,28,0,12,25,53,46,64
2019_1,서달로8가길,247,99,148,1,26,45,56,60,59,0,7,16,19,23,34,1,19,29,37,37,25
2019_1,서달로14길,42,18,24,0,13,5,12,5,7,0,4,3,5,1,5,0,9,2,7,4,2
2019_1,서달로10길,66,32,34,0,2,20,12,26,6,0,1,10,7,11,3,0,1,10,5,15,3
2019_1,상도로62길,185,56,129,1,14,39,54,45,32,0,1,10,11,17,17,1,13,29,43,28,15
2019_1,상도로61길,46,21,25,0,11,8,11,11,5,0,2,3,6,5,5,0,9,5,5,6,0
2019_1,상도로47길,46,33,13,0,8,15,9,10,4,0,6,12,4,7,4,0,2,3,5,3,0
2019_1,상도로37길,1920,932,988,31,288,471,506,413,211,0,70,281,289,198,94,31,218,190,217,215,117
2019_1,상도로15길,359,155,204,0,43,72,112,93,39,0,12,29,56,44,14,0,31,43,56,49,25
2019_1,사당로8길,121,66,55,0,11,24,34,26,26,0,2,10,21,15,18,0,9,14,13,11,8
2019_1,사당로30길,298,204,94,0,13,78,113,68,26,0,6,51,75,53,19,0,7,27,38,15,7
2019_1,사당로2차길,113,76,37,1,37,22,21,20,12,1,30,11,15,11,8,0,7,11,6,9,4
2019_1,사당로29길,26,22,4,0,1,2,4,8,11,0,1,1,3,6,11,0,0,1,1,2,0
2019_1,사당로26길,260,148,112,0,35,44,83,62,36,0,12,29,55,32,20,0,23,15,28,30,16
2019_1,사당로23나길,141,45,96,0,7,21,48,31,34,0,2,4,13,5,21,0,5,17,35,26,13
2019_1,사당로23길,16,12,4,0,2,3,4,5,2,0,2,2,3,3,2,0,0,1,1,2,0
2019_1,사당로20길,194,146,48,0,7,19,76,57,35,0,2,14,60,40,30,0,5,5,16,17,5
2019_1,사당로16길,135,40,95,0,8,24,44,46,13,0,1,5,16,9,9,0,7,19,28,37,4
2019_1,사당로16가길,772,471,301,0,29,54,92,114,483,0,20,29,48,55,319,0,9,25,44,59,164
2019_1,만양로8길,95,46,49,0,15,25,21,18,16,0,6,12,11,8,9,0,9,13,10,10,7
2019_1,만양로14길,347,154,193,1,38,80,91,78,59,0,12,31,42,36,33,1,26,49,49,42,26
2019_1,등용로14길,670,456,214,1,99,194,181,98,97,1,65,150,134,53,53,0,34,44,47,45,44
2019_1,동작대로7길,1829,746,1083,4,370,381,421,405,248,3,67,142,196,179,159,1,303,239,225,226,89
2019_1,동작대로35길,945,116,829,0,68,82,212,404,179,0,16,27,34,19,20,0,52,55,178,385,159
2019_1,동작대로33길,106,56,50,0,15,22,21,29,19,0,3,12,10,18,13,0,12,10,11,11,6
2019_1,동작대로29길,38,21,17,0,4,7,13,8,6,0,3,5,4,5,4,0,1,2,9,3,2
2019_1,동작대로17길,1402,710,692,2,215,349,438,276,122,2,57,166,237,172,76,0,158,183,201,104,46
2019_1,대방동2길,462,215,247,0,52,120,130,114,46,0,10,63,69,50,23,0,42,57,61,64,23
2019_1,대방동27길,125,78,47,0,3,31,32,35,24,0,2,18,17,22,19,0,1,13,15,13,5
2019_1,노량진로6길,100,28,72,0,6,25,26,30,13,0,2,7,5,11,3,0,4,18,21,19,10
2019_1,국사봉길,48,9,39,0,3,13,11,11,10,0,0,5,2,0,2,0,3,8,9,11,8
2019_1,국사봉2길,50,18,32,0,9,8,8,13,12,0,1,2,4,5,6,0,8,6,4,8,6
2019_1,국사봉1길,9,3,6,0,1,2,1,5,0,0,0,1,0,2,0,0,1,1,1,3,0
2019_1,영신로9길,344,178,166,0,44,79,101,76,44,0,17,42,51,38,30,0,27,37,50,38,14
2019_1,영등포로84길,378,96,282,3,55,60,56,114,90,0,12,30,18,19,17,3,43,30,38,95,73
2019_1,영등포로80길,55,30,25,1,8,13,9,10,14,1,4,2,6,5,12,0,4,11,3,5,2
2019_1,영등포로62길,7,4,3,0,0,2,2,2,1,0,0,2,1,1,0,0,0,0,1,1,1
2019_1,영등포로35길,89,54,35,0,10,24,24,24,7,0,6,16,18,10,4,0,4,8,6,14,3
2019_1,영등포로27길,301,171,130,0,24,66,99,78,34,0,11,34,55,41,30,0,13,32,44,37,4
2019_1,여의대방로43나길,957,683,274,0,22,70,160,320,385,0,9,38,115,233,288,0,13,32,45,87,97
2019_1,여의대방로39길,7,3,4,0,1,0,2,4,0,0,1,0,1,1,0,0,0,0,1,3,0
2019_1,여의대방로35길,876,459,417,4,127,202,225,158,160,3,51,93,111,89,112,1,76,109,114,69,48
2019_1,양평로28길,624,496,128,7,38,106,162,207,104,7,28,70,135,169,87,0,10,36,27,38,17
2019_1,양평로22라길,29,15,14,0,3,9,9,3,5,0,2,4,2,2,5,0,1,5,7,1,0
2019_1,양평로19길,4563,3515,1048,17,814,1877,1284,434,137,0,416,1529,1104,358,108,17,398,348,180,76,29
2019_1,신길로60길,497,187,310,1,35,127,139,129,66,1,6,54,60,43,23,0,29,73,79,86,43
2019_1,신길로42길,376,182,194,0,52,84,94,90,56,0,21,39,49,41,32,0,31,45,45,49,24
2019_1,신길로42가길,99,33,66,0,9,22,27,24,17,0,2,9,10,6,6,0,7,13,17,18,11
2019_1,신길로39길,129,52,77,1,8,26,33,29,32,1,1,10,16,10,14,0,7,16,17,19,18
2019_1,신길로17길,52,35,17,0,0,3,12,24,13,0,0,3,6,16,10,0,0,0,6,8,3
2019_1,선유서로28길,389,214,175,2,42,81,88,103,73,0,18,45,50,61,40,2,24,36,38,42,33
2019_1,선유서로25길,2563,1872,691,6,259,634,591,531,542,3,163,503,437,386,380,3,96,131,154,145,162
2019_1,선유서로24길,365,209,156,0,21,59,148,97,40,0,6,23,80,71,29,0,15,36,68,26,11
2019_1,선유로55길,2479,1517,962,3,434,719,628,452,243,2,205,463,405,274,168,1,229,256,223,178,75
2019_1,디지털로74길,46,30,16,0,6,17,12,9,2,0,4,13,9,4,0,0,2,4,3,5,2
2019_1,디지털로57길,10,4,6,0,0,4,3,2,1,0,0,2,0,1,1,0,0,2,3,1,0
2019_1,디지털로37길,215,99,116,0,23,57,49,47,39,0,7,29,21,19,23,0,16,28,28,28,16
2019_1,도신로62길,189,58,131,0,17,44,68,50,10,0,5,18,15,15,5,0,12,26,53,35,5
2019_1,도신로60길,64,12,52,0,1,3,11,21,28,0,0,1,5,4,2,0,1,2,6,17,26
2019_1,도신로29길,81,35,46,1,3,6,16,31,24,0,3,3,12,8,9,1,0,3,4,23,15
2019_1,도신로15길,85,43,42,0,8,20,28,19,10,0,2,9,16,10,6,0,6,11,12,9,4
2019_1,도림천로21길,88,36,52,0,23,20,14,16,15,0,9,7,6,4,10,0,14,13,8,12,5
2019_1,도림로63길,30,21,9,0,2,4,9,7,8,0,2,3,6,4,6,0,0,1,3,3,2
2019_1,도림로147길,1783,1289,494,0,108,321,519,570,265,0,66,231,363,420,209,0,42,90,156,150,56
2019_1,도림로112길,27,16,11,0,1,5,8,5,8,0,1,4,7,3,1,0,0,1,1,2,7
2019_1,대림로8길,1910,568,1342,0,641,496,355,276,142,0,106,154,124,108,76,0,535,342,231,168,66
2019_1,대림로7길,10,6,4,0,1,0,2,6,1,0,1,0,2,3,0,0,0,0,0,3,1
2019_1,대림로44길,29,16,13,0,1,6,7,8,7,0,0,3,4,5,4,0,1,3,3,3,3
2019_1,대림로34길,192,81,111,0,28,36,64,44,20,0,10,10,27,24,10,0,18,26,37,20,10
2019_1,대림로31길,1055,545,510,6,154,138,179,328,250,4,87,83,81,150,140,2,67,55,98,178,110
2019_1,대림로29길,1809,920,889,5,238,348,448,418,352,2,58,145,213,232,270,3,180,203,235,186,82
2019_1,대림로22길,377,215,162,1,19,58,130,104,65,0,6,36,78,57,38,1,13,22,52,47,27
2019_1,당산로46길,4383,2745,1638,14,341,862,1199,1307,660,4,139,558,819,784,441,10,202,304,380,523,219
2019_1,당산로38길,164,113,51,1,19,44,43,36,21,0,10,27,29,27,20,1,9,17,14,9,1
2019_1,당산로37길,4244,2743,1501,34,1059,1048,791,775,537,27,585,692,537,517,385,7,474,356,254,258,152
2019_1,당산로31길,4394,2379,2015,1,622,1179,1056,1038,498,0,222,539,571,676,371,1,400,640,485,362,127
2019_1,국회대로56길,1741,1124,617,4,146,243,324,419,605,2,83,167,243,298,331,2,63,76,81,121,274
2019_1,경인로90길,314,177,137,1,20,75,70,93,55,0,7,39,31,57,43,1,13,36,39,36,12
2019_1,경인로80길,1576,1129,447,3,138,276,377,450,332,1,81,181,254,337,275,2,57,95,123,113,57
2019_1,경인로77길,709,447,262,1,112,152,142,182,120,0,41,76,105,128,97,1,71,76,37,54,23
2019_1,가마산로61길,204,70,134,0,22,50,54,46,32,0,3,19,21,11,16,0,19,31,33,35,16
2019_1,시흥대로94길,689,350,339,0,54,148,188,195,104,0,26,79,92,94,59,0,28,69,96,101,45
2019_1,시흥대로84길,185,85,100,0,21,36,61,45,22,0,8,18,25,21,13,0,13,18,36,24,9
2019_1,시흥대로68길,960,251,709,0,23,39,79,160,659,0,11,23,26,33,158,0,12,16,53,127,501
2019_1,시흥대로63길,2949,1450,1499,10,454,943,650,625,267,2,190,396,279,409,174,8,264,547,371,216,93
2019_1,시흥대로62가길,443,108,335,0,59,74,87,152,71,0,13,21,20,33,21,0,46,53,67,119,50
2019_1,시흥대로36길,409,232,177,0,59,121,124,71,34,0,23,69,74,42,24,0,36,52,50,29,10
2019_1,시흥대로22길,511,362,149,0,24,61,110,143,173,0,14,43,65,100,140,0,10,18,45,43,33
2019_1,시흥대로153길,640,368,272,1,66,113,193,197,70,1,33,71,120,101,42,0,33,42,73,96,28
2019_1,시흥대로150길,537,248,289,0,40,98,144,162,93,0,8,36,60,83,61,0,32,62,84,79,32
2019_1,시흥대로141길,653,381,272,2,119,163,167,134,68,2,49,90,115,85,40,0,70,73,52,49,28
2019_1,시흥대로138길,18,9,9,0,3,2,3,7,3,0,1,1,1,4,2,0,2,1,2,3,1
2019_1,시흥대로120길,470,311,159,0,72,94,154,111,39,0,52,61,110,68,20,0,20,33,44,43,19
2019_1,벚꽃로56길,1863,1268,595,2,294,689,461,293,124,1,155,461,352,205,94,1,139,228,109,88,30
2019_1,범안로17길,136,82,54,0,9,19,36,41,31,0,6,11,19,26,20,0,3,8,17,15,11
2019_1,범안로11길,1073,839,234,6,142,287,305,225,108,4,112,226,236,173,88,2,30,61,69,52,20
2019_1,문성로5길,166,58,108,0,11,26,21,53,55,0,2,16,9,15,16,0,9,10,12,38,39
2019_1,독산로85길,99,25,74,0,3,9,15,46,26,0,0,3,4,12,6,0,3,6,11,34,20
2019_1,독산로78다길,223,97,126,0,25,26,54,61,57,0,8,11,19,24,35,0,17,15,35,37,22
2019_1,독산로70길,2,2,0,0,0,0,0,0,2,0,0,0,0,0,2,0,0,0,0,0,0
2019_1,독산로64길,115,31,84,0,24,21,33,30,7,0,2,7,9,8,5,0,22,14,24,22,2
2019_1,독산로50길,91,34,57,0,7,13,25,35,11,0,1,2,10,15,6,0,6,11,15,20,5
2019_1,독산로40길,54,16,38,0,2,3,25,19,5,0,0,1,10,3,2,0,2,2,15,16,3
2019_1,독산로108길,731,343,388,0,95,147,150,200,139,0,25,78,69,85,86,0,70,69,81,115,53
2019_1,남부순환로112길,14,6,8,0,5,1,1,3,4,0,1,1,0,2,2,0,4,0,1,1,2
2019_1,금하로24길,206,70,136,4,30,31,54,56,31,2,9,10,15,19,15,2,21,21,39,37,16
2019_1,금하로1길,73,33,40,0,8,12,21,23,9,0,4,8,7,10,4,0,4,4,14,13,5
2019_1,금하로14길,26,11,15,0,1,4,11,8,2,0,0,2,4,3,2,0,1,2,7,5,0
2019_1,가산로5길,583,456,127,4,74,116,188,133,68,4,57,93,143,109,50,0,17,23,45,24,18
2019_1,가산로3길,2320,1764,556,4,208,494,519,659,436,4,161,417,390,463,329,0,47,77,129,196,107
2019_1,중앙로1길,1572,1085,487,1,161,329,292,315,474,0,87,214,184,211,389,1,74,115,108,104,85
2019_1,중앙로15길,96,50,46,0,7,12,28,33,16,0,1,5,9,21,14,0,6,7,19,12,2
2019_1,우마길,41,21,20,0,12,9,12,6,2,0,1,7,7,4,2,0,11,2,5,2,0
2019_1,오류로8길,224,105,119,0,36,69,43,46,30,0,12,37,16,20,20,0,24,32,27,26,10
2019_1,신도림로13길,828,601,227,2,67,129,183,271,176,2,51,94,131,184,139,0,16,35,52,87,37
2019_1,새말로18길,443,295,148,1,130,147,66,59,40,0,83,107,40,40,25,1,47,40,26,19,15
2019_1,부일로1길,779,627,152,0,40,99,151,259,230,0,27,65,110,212,213,0,13,34,41,47,17
2019_1,부일로15길,181,153,28,0,9,8,18,60,86,0,3,4,12,51,83,0,6,4,6,9,3
2019_1,부일로11길,25,6,19,0,3,5,7,7,3,0,0,1,2,2,1,0,3,4,5,5,2
2019_1,디지털로32길,1053,556,497,2,136,387,213,154,161,2,38,198,122,84,112,0,98,189,91,70,49
2019_1,디지털로32가길,7192,4949,2243,31,1491,2843,1767,674,386,20,727,2039,1370,494,299,11,764,804,397,180,87
2019_1,디지털로27길,389,250,139,0,22,68,103,140,56,0,8,34,59,99,50,0,14,34,44,41,6
2019_1,도림로6길,131,59,72,0,16,33,40,31,11,0,5,14,19,14,7,0,11,19,21,17,4
2019_1,도림로12길,108,43,65,0,25,21,22,32,8,0,5,11,11,10,6,0,20,10,11,22,2
2019_1,남부순환로97길,285,90,195,1,44,51,83,63,43,1,6,11,22,27,23,0,38,40,61,36,20
2019_1,구로중앙로8길,199,73,126,0,16,32,62,55,34,0,4,9,16,21,23,0,12,23,46,34,11
2019_1,구로중앙로7길,197,73,124,0,34,34,47,51,31,0,3,4,17,22,27,0,31,30,30,29,4
2019_1,구로중앙로42길,803,593,210,0,56,135,200,272,140,0,39,102,130,208,114,0,17,33,70,64,26
2019_1,구로중앙로34길,602,335,267,0,41,120,159,160,122,0,10,68,102,90,65,0,31,52,57,70,57
2019_1,구로중앙로28길,3213,1572,1641,3,215,386,590,683,1336,3,94,208,367,385,515,0,121,178,223,298,821
2019_1,구로중앙로19길,10,7,3,0,0,1,3,3,3,0,0,1,2,2,2,0,0,0,1,1,1
2019_1,구로동로8길,152,43,109,0,16,24,41,41,30,0,3,3,16,15,6,0,13,21,25,26,24
2019_1,구로동로7길,171,67,104,0,28,29,42,45,27,0,9,5,14,19,20,0,19,24,28,26,7
2019_1,구로동로42길,26,17,9,0,2,2,9,11,2,0,1,1,5,8,2,0,1,1,4,3,0
2019_1,구로동로41길,433,292,141,0,46,137,143,72,35,0,36,92,89,48,27,0,10,45,54,24,8
2019_1,구로동로38길,36,14,22,0,5,3,10,9,9,0,1,0,5,2,6,0,4,3,5,7,3
2019_1,구로동로28길,169,68,101,0,11,17,56,42,43,0,5,8,21,12,22,0,6,9,35,30,21
2019_1,구로동로15길,31,9,22,0,8,7,3,9,4,0,0,1,1,5,2,0,8,6,2,4,2
2019_1,공원로6가길,288,197,91,1,40,79,79,67,22,0,28,53,54,45,17,1,12,26,25,22,5
2019_1,고척로52길,218,69,149,0,10,26,61,92,29,0,1,7,25,21,15,0,9,19,36,71,14
2019_1,고척로27다길,206,81,125,0,12,33,73,56,32,0,5,13,21,25,17,0,7,20,52,31,15
2019_1,고척로27길,243,113,130,0,28,48,64,82,21,0,6,21,27,47,12,0,22,27,37,35,9
2019_1,고척로21나길,217,63,154,2,17,41,39,63,55,2,2,17,7,12,23,0,15,24,32,51,32
2019_1,경인로47길,919,504,415,1,83,154,233,270,178,1,36,80,137,142,108,0,47,74,96,128,70
2019_1,경인로35길,289,112,177,0,12,52,85,88,52,0,3,18,30,34,27,0,9,34,55,54,25
2019_1,경인로31길,58,22,36,0,5,10,24,16,3,0,3,1,8,7,3,0,2,9,16,9,0
2019_1,경인로15길,143,61,82,0,30,52,32,19,10,0,4,31,13,6,7,0,26,21,19,13,3
2019_1,개봉로3길,225,141,84,0,51,35,59,42,38,0,40,20,25,25,31,0,11,15,34,17,7
2019_1,개봉로2길,480,129,351,0,75,112,147,105,41,0,13,21,45,28,22,0,62,91,102,77,19
2019_1,개봉로23가길,868,501,367,1,90,153,227,209,188,0,46,86,117,118,134,1,44,67,110,91,54
2019_1,개봉로20길,119,68,51,0,7,28,46,24,14,0,4,17,25,12,10,0,3,11,21,12,4
2019_1,개봉로1길,52,27,25,0,9,9,15,7,12,0,4,5,6,5,7,0,5,4,9,2,5
2019_1,개봉로17다길,194,94,100,0,14,30,56,57,37,0,4,14,22,24,30,0,10,16,34,33,7
2019_1,개봉로17길,862,353,509,2,94,151,197,275,143,1,35,82,105,75,55,1,59,69,92,200,88
2019_1,개봉로11길,61,11,50,0,23,11,12,13,2,0,3,2,2,2,2,0,20,9,10,11,0
2019_1,화곡로64길,1601,953,648,3,138,477,487,308,188,2,65,301,322,191,72,1,73,176,165,117,116
2019_1,화곡로59길,480,200,280,0,84,148,140,80,28,0,16,66,56,38,24,0,68,82,84,42,4
2019_1,화곡로44나길,757,621,136,0,23,53,133,246,302,0,12,34,104,210,261,0,11,19,29,36,41
2019_1,화곡로31길,1208,453,755,1,180,236,303,295,193,0,43,92,115,104,99,1,137,144,188,191,94
2019_1,화곡로20길,535,333,202,0,36,92,131,158,118,0,19,49,66,102,97,0,17,43,65,56,21
2019_1,화곡로13길,258,97,161,0,35,57,73,85,8,0,14,13,29,35,6,0,21,44,44,50,2
2019_1,초원로16길,761,297,464,0,72,141,121,109,318,0,26,70,63,55,83,0,46,71,58,54,235
2019_1,초록마을로8길,184,35,149,1,31,41,49,35,27,0,1,5,9,9,11,1,30,36,40,26,16
2019_1,초록마을로3길,42,21,21,0,4,10,8,7,13,0,0,2,7,4,8,0,4,8,1,3,5
2019_1,월정로20길,4,2,2,0,0,0,0,4,0,0,0,0,0,2,0,0,0,0,0,2,0
2019_1,우장산로6길,311,172,139,2,24,44,86,98,57,2,10,28,44,50,38,0,14,16,42,48,19
2019_1,양천로73가길,1260,809,451,3,80,218,334,375,250,3,43,114,213,232,204,0,37,104,121,143,46
2019_1,양천로71길,216,121,95,0,24,52,67,47,26,0,9,35,32,26,19,0,15,17,35,21,7
2019_1,양천로49길,760,595,165,2,43,112,138,224,241,0,20,74,103,184,214,2,23,38,35,40,27
2019_1,양천로26길,174,81,93,0,9,35,50,56,24,0,4,16,20,23,18,0,5,19,30,33,6
2019_1,양천로24길,385,157,228,0,20,57,76,114,118,0,6,35,39,32,45,0,14,22,37,82,73
2019_1,양천로24가길,766,372,394,0,89,155,195,186,141,0,38,86,94,80,74,0,51,69,101,106,67
2019_1,양천로14길,241,161,80,0,9,22,69,80,61,0,5,16,48,49,43,0,4,6,21,31,18
2019_1,방화대로6라길,806,491,315,2,74,191,296,163,80,0,34,119,195,101,42,2,40,72,101,62,38
2019_1,방화대로21길,854,483,371,7,97,172,210,209,159,1,38,84,111,127,122,6,59,88,99,82,37
2019_1,등촌로5길,13,5,8,0,1,5,5,2,0,0,0,2,2,1,0,0,1,3,3,1,0
2019_1,등촌로55길,540,360,180,0,35,76,125,143,161,0,15,45,74,89,137,0,20,31,51,54,24
2019_1,등촌로51길,17,11,6,0,5,2,4,6,0,0,0,1,4,6,0,0,5,1,0,0,0
2019_1,등촌로39길,70,27,43,0,4,15,20,24,7,0,3,6,3,11,4,0,1,9,17,13,3
2019_1,등촌로13길,188,96,92,0,15,38,50,55,30,0,6,20,20,28,22,0,9,18,30,27,8
2019_1,남부순환로11길,378,258,120,1,29,106,121,84,37,1,14,67,79,67,30,0,15,39,42,17,7
2019_1,까치산로4길,152,57,95,0,19,29,25,36,43,0,12,13,9,11,12,0,7,16,16,25,31
2019_1,국회대로7길,412,237,175,3,49,102,92,113,53,0,19,62,56,65,35,3,30,40,36,48,18
2019_1,공항대로8길,226,90,136,0,15,41,57,57,56,0,3,26,26,21,14,0,12,15,31,36,42
2019_1,공항대로61길,185,129,56,3,18,52,68,34,10,3,5,44,45,25,7,0,13,8,23,9,3
2019_1,공항대로59다길,885,632,253,2,97,255,184,177,170,0,44,201,130,133,124,2,53,54,54,44,46
2019_1,공항대로59길,1087,695,392,3,135,239,244,260,206,3,64,127,157,176,168,0,71,112,87,84,38
2019_1,공항대로55길,1095,702,393,2,267,409,229,108,80,0,130,263,173,81,55,2,137,146,56,27,25
2019_1,공항대로42길,9,5,4,0,0,2,0,5,2,0,0,1,0,2,2,0,0,1,0,3,0
2019_1,공항대로38길,273,138,135,0,33,64,69,68,39,0,10,35,34,36,23,0,23,29,35,32,16
2019_1,곰달래로60길,587,312,275,2,64,108,144,151,118,0,25,59,82,72,74,2,39,49,62,79,44
2019_1,곰달래로53길,53,18,35,0,3,12,25,7,6,0,0,7,5,2,4,0,3,5,20,5,2
2019_1,곰달래로47길,38,17,21,0,5,8,13,9,3,0,0,4,7,5,1,0,5,4,6,4,2
2019_1,곰달래로31길,11,7,4,0,1,1,8,1,0,0,1,1,4,1,0,0,0,0,4,0,0
2019_1,곰달래로25길,796,295,501,0,93,122,176,233,172,0,27,51,73,64,80,0,66,71,103,169,92
2019_1,개화동로25길,658,442,216,2,58,132,136,145,185,1,24,75,84,98,160,1,34,57,52,47,25
2019_1,개화동로23길,115,75,40,0,14,16,30,36,19,0,6,13,19,24,13,0,8,3,11,12,6
2019_1,강서로8길,159,85,74,0,27,43,34,31,24,0,15,29,17,11,13,0,12,14,17,20,11
2019_1,강서로5라길,314,185,129,1,41,74,92,74,32,1,27,50,49,38,20,0,14,24,43,36,12
2019_1,강서로5나길,95,50,45,1,9,21,24,20,20,1,4,9,14,10,12,0,5,12,10,10,8
2019_1,강서로5가길,51,26,25,0,1,9,11,19,11,0,1,6,8,6,5,0,0,3,3,13,6
2019_1,강서로47라길,122,60,62,1,14,25,35,35,12,0,7,11,19,17,6,1,7,14,16,18,6
2019_1,강서로47길,370,192,178,0,21,65,103,147,34,0,5,34,43,83,27,0,16,31,60,64,7
2019_1,강서로45다길,554,351,203,0,64,80,115,143,152,0,19,36,65,103,128,0,45,44,50,40,24
2019_1,강서로45길,153,66,87,0,15,20,32,42,44,0,1,9,10,19,27,0,14,11,22,23,17
2019_1,강서로35길,164,94,70,0,18,28,46,50,22,0,8,16,27,30,13,0,10,12,19,20,9
2019_1,강서로29길,410,183,227,0,29,57,108,121,95,0,15,35,58,49,26,0,14,22,50,72,69
2019_1,강서로18길,30,12,18,0,0,7,12,9,2,0,0,3,7,2,0,0,0,4,5,7,2
2019_1,강서로17가길,132,57,75,0,17,38,39,24,14,0,7,17,17,9,7,0,10,21,22,15,7
2019_1,강서로15길,305,155,150,3,36,56,77,82,51,2,20,30,41,34,28,1,16,26,36,48,23
2019_1,가로공원로80길,60,28,32,0,7,12,20,15,6,0,4,4,8,9,3,0,3,8,12,6,3
2019_1,가로공원로76가길,28,11,17,1,4,14,5,2,2,0,2,6,3,0,0,1,2,8,2,2,2
2019_1,화곡로4길,212,81,131,0,19,50,77,46,20,0,5,15,26,20,15,0,14,35,51,26,5
2019_1,화곡로3길,160,51,109,0,23,23,40,54,20,0,2,5,9,19,16,0,21,18,31,35,4
2019_1,지양로7길,234,79,155,0,18,50,79,70,17,0,5,14,16,33,11,0,13,36,63,37,6
2019_1,중앙로55길,349,179,170,0,20,75,125,96,33,0,7,37,59,49,27,0,13,38,66,47,6
2019_1,중앙로51길,128,73,55,0,6,24,38,30,30,0,2,13,18,20,20,0,4,11,20,10,10
2019_1,중앙로47길,118,26,92,0,11,13,17,31,46,0,1,8,5,6,6,0,10,5,12,25,40
2019_1,중앙로45길,166,59,107,0,16,29,34,53,34,0,4,12,12,21,10,0,12,17,22,32,24
2019_1,중앙로36길,2,2,0,0,0,0,0,0,2,0,0,0,0,0,2,0,0,0,0,0,0
2019_1,중앙로32길,594,302,292,5,133,129,129,119,79,2,62,82,75,52,29,3,71,47,54,67,50
2019_1,중앙로25길,244,70,174,0,36,45,67,81,15,0,14,11,16,19,10,0,22,34,51,62,5
2019_1,은행정로7길,521,175,346,2,46,74,83,163,153,2,13,33,37,48,42,0,33,41,46,115,111
2019_1,오목로5길,334,183,151,1,44,85,88,84,32,1,22,51,38,46,25,0,22,34,50,38,7
2019_1,오목로3길,430,400,30,0,1,18,41,154,216,0,1,14,32,144,209,0,0,4,9,10,7
2019_1,오목로30길,145,73,72,0,18,27,39,35,26,0,6,10,18,20,19,0,12,17,21,15,7
2019_1,오목로23길,820,483,337,1,111,235,197,170,106,1,48,151,119,94,70,0,63,84,78,76,36
2019_1,신월로20길,212,81,131,0,26,35,53,54,44,0,8,10,24,19,20,0,18,25,29,35,24
2019_1,신월로15길,771,364,407,1,71,144,189,195,171,0,25,73,83,81,102,1,46,71,106,114,69
2019_1,신목로6길,252,140,112,0,25,38,75,70,44,0,11,19,42,41,27,0,14,19,33,29,17
2019_1,신목로5길,925,354,571,6,74,177,278,254,136,3,25,67,104,85,70,3,49,110,174,169,66
2019_1,신목로2길,94,47,47,0,16,14,26,15,23,0,2,10,13,7,15,0,14,4,13,8,8
2019_1,목동중앙서로8가길,178,110,68,0,4,18,48,57,51,0,2,11,29,35,33,0,2,7,19,22,18
2019_1,목동중앙서로7길,264,86,178,1,25,53,51,73,61,0,6,22,18,21,19,1,19,31,33,52,42
2019_1,목동중앙북로8길,355,110,245,0,1,8,28,63,255,0,1,5,10,11,83,0,0,3,18,52,172
2019_1,목동중앙북로16길,257,80,177,0,25,60,86,60,26,0,5,15,24,22,14,0,20,45,62,38,12
2019_1,목동중앙본로7길,117,51,66,0,19,26,37,28,7,0,7,10,11,17,6,0,12,16,26,11,1
2019_1,목동중앙로3길,111,60,51,0,5,8,28,39,31,0,4,2,12,18,24,0,1,6,16,21,7
2019_1,목동중앙로13나길,293,208,85,0,28,118,75,47,25,0,13,82,57,34,22,0,15,36,18,13,3
2019_1,목동중앙남로3가길,546,364,182,0,35,129,131,160,91,0,16,72,79,124,73,0,19,57,52,36,18
2019_1,목동로9길,2360,1508,852,2,146,479,616,552,565,0,51,226,382,374,475,2,95,253,234,178,90
2019_1,목동로19길,1014,363,651,3,136,194,265,263,153,1,41,70,104,84,63,2,95,124,161,179,90
2019_1,목동동로12길,385,140,245,0,40,73,102,109,61,0,5,22,35,34,44,0,35,51,67,75,17
2019_1,목동남로4길,13,6,7,0,0,0,4,8,1,0,0,0,0,5,1,0,0,0,4,3,0
2019_1,남부순환로88길,272,128,144,0,26,54,72,93,27,0,12,22,35,39,20,0,14,32,37,54,7
2019_1,남부순환로79길,339,249,90,0,17,18,63,119,122,0,10,12,37,89,101,0,7,6,26,30,21
2019_1,남부순환로70길,519,317,202,1,26,74,130,154,134,1,8,34,69,93,112,0,18,40,61,61,22
2019_1,남부순환로58길,198,117,81,0,20,41,46,66,25,0,15,29,27,30,16,0,5,12,19,36,9
2019_1,남부순환로40길,18,5,13,0,1,2,8,4,3,0,0,0,2,2,1,0,1,2,6,2,2
2019_1,남부순환로33길,1247,1018,229,0,33,68,107,122,917,0,12,32,51,62,861,0,21,36,56,60,56
2019_1,곰달래로5길,76,46,30,0,22,22,11,16,5,0,14,18,6,6,2,0,8,4,5,10,3
2019_1,곰달래로3길,403,213,190,1,33,64,122,131,52,0,20,33,56,74,30,1,13,31,66,57,22
2019_1,곰달래로2길,297,157,140,1,40,61,87,81,27,1,14,41,50,40,11,0,26,20,37,41,16
2019_1,곰달래로10길,339,235,104,2,19,39,50,121,108,1,7,27,26,83,91,1,12,12,24,38,17
2019_1,가로공원로58길,76,15,61,0,12,9,25,22,8,0,2,2,5,3,3,0,10,7,20,19,5
2019_1,효창원로93길,86,44,42,0,19,23,26,12,6,0,7,9,18,7,3,0,12,14,8,5,3
2019_1,토정로37길,118,54,64,0,21,23,32,27,15,0,8,11,12,13,10,0,13,12,20,14,5
2019_1,월드컵로8길,1704,905,799,6,215,375,347,285,476,5,70,176,198,132,324,1,145,199,149,153,152
2019_1,월드컵로7길,4,2,2,0,1,1,1,0,1,0,0,0,1,0,1,0,1,1,0,0,0
2019_1,월드컵로36길,151,68,83,0,15,23,33,46,34,0,3,10,13,21,21,0,12,13,20,25,13
2019_1,월드컵로25길,285,165,120,0,40,84,79,48,34,0,19,52,42,28,24,0,21,32,37,20,10
2019_1,월드컵로19길,544,276,268,5,118,141,119,88,73,3,58,77,67,38,33,2,60,64,52,50,40
2019_1,월드컵로16길,3917,2018,1899,14,860,769,734,715,825,7,372,406,379,263,591,7,488,363,355,452,234
2019_1,월드컵로11길,253,91,162,2,65,60,60,42,24,2,27,22,10,16,14,0,38,38,50,26,10
2019_1,월드컵로10길,1552,812,740,2,411,546,336,155,102,0,132,275,218,111,76,2,279,271,118,44,26
2019_1,와우산로3길,180,101,79,0,34,58,47,31,10,0,9,28,35,21,8,0,25,30,12,10,2
2019_1,와우산로29길,171,87,84,0,55,55,32,17,12,0,24,35,17,6,5,0,31,20,15,11,7
2019_1,와우산로29가길,28,16,12,1,5,4,12,6,0,1,1,1,8,5,0,0,4,3,4,1,0
2019_1,양화진길,439,309,130,1,39,128,123,99,49,0,13,84,92,81,39,1,26,44,31,18,10
2019_1,양화로1길,4169,1985,2184,22,882,1533,1169,380,183,6,223,699,704,255,98,16,659,834,465,125,85
2019_1,양화로11길,395,269,126,1,62,113,114,68,37,0,27,77,86,54,25,1,35,36,28,14,12
2019_1,신촌로30길,26,16,10,6,2,4,6,5,3,5,2,2,2,3,2,1,0,2,4,2,1
2019_1,신촌로28가길,105,40,65,0,14,14,32,22,23,0,1,1,15,8,15,0,13,13,17,14,8
2019_1,신촌로12길,1598,696,902,2,347,354,312,284,299,0,208,202,123,70,93,2,139,152,189,214,206
2019_1,숭문길,5291,4015,1276,5,468,916,1210,1540,1152,2,340,758,999,1063,853,3,128,158,211,477,299
2019_1,숭문8길,110,63,47,0,7,25,36,36,6,0,1,4,24,30,4,0,6,21,12,6,2
2019_1,성지3길,479,242,237,0,111,170,114,55,29,0,35,90,64,34,19,0,76,80,50,21,10
2019_1,성산로4길,1732,1032,700,11,324,399,407,376,215,6,112,240,272,254,148,5,212,159,135,122,67
2019_1,성미산로32길,522,259,263,5,143,146,118,71,39,4,65,88,61,21,20,1,78,58,57,50,19
2019_1,성미산로1길,635,489,146,5,54,117,173,122,164,5,36,85,111,93,159,0,18,32,62,29,5
2019_1,성미산로11길,1103,767,336,6,168,361,267,193,108,5,85,241,189,161,86,1,83,120,78,32,22
2019_1,백범로16길,709,363,346,73,255,180,96,74,31,28,112,96,55,50,22,45,143,84,41,24,9
2019_1,방울내로9안길,354,215,139,3,34,67,115,90,45,1,15,31,68,62,38,2,19,36,47,28,7
2019_1,모래내로7길,253,117,136,0,26,44,71,60,52,0,5,18,35,36,23,0,21,26,36,24,29
2019_1,매봉산로2길,4355,2792,1563,5,1369,1842,779,299,61,3,651,1282,613,199,44,2,718,560,166,100,17
2019_1,망원로2길,200,123,77,0,21,53,62,44,20,0,3,29,44,30,17,0,18,24,18,14,3
2019_1,망원로11길,1076,531,545,1,148,258,281,218,170,1,44,118,167,113,88,0,104,140,114,105,82
2019_1,만리재옛길,1471,632,839,9,529,393,294,151,95,2,261,208,72,41,48,7,268,185,222,110,47
2019_1,마포대로4길,181,100,81,1,19,44,42,41,34,1,12,27,25,17,18,0,7,17,17,24,16
2019_1,마포대로20길,1015,551,464,0,99,289,281,229,117,0,33,148,168,140,62,0,66,141,113,89,55
2019_1,마포대로12길,68,36,32,0,7,9,21,19,12,0,2,4,12,11,7,0,5,5,9,8,5
2019_1,동교로38길,193,121,72,1,58,65,47,17,5,0,34,42,29,13,3,1,24,23,18,4,2
2019_1,동교로27길,3631,1645,1986,11,625,975,698,688,634,3,232,531,433,263,183,8,393,444,265,425,451
2019_1,동교로25길,562,284,278,1,133,247,134,38,9,1,40,128,82,27,6,0,93,119,52,11,3
2019_1,동교로19길,4045,2692,1353,10,637,933,1019,945,501,4,259,620,776,673,360,6,378,313,243,272,141
2019_1,동교로17길,690,359,331,1,114,203,198,117,57,0,41,88,127,72,31,1,73,115,71,45,26
2019_1,독막로8길,359,163,196,0,71,115,88,59,26,0,17,53,49,30,14,0,54,62,39,29,12
2019_1,독막로32길,494,208,286,1,66,125,146,111,45,0,21,54,61,43,29,1,45,71,85,68,16
2019_1,독막로22길,97,51,46,0,18,30,19,13,17,0,5,14,10,10,12,0,13,16,9,3,5
2019_1,도화길,992,476,516,8,160,200,220,189,215,5,56,98,120,76,121,3,104,102,100,113,94
2019_1,도화4길,405,132,273,0,39,75,85,115,91,0,8,25,17,27,55,0,31,50,68,88,36
2019_1,대흥로28길,49,42,7,0,4,19,20,5,1,0,3,15,19,4,1,0,1,4,1,1,0
2019_1,대흥로21길,438,83,355,0,51,78,172,91,46,0,14,21,23,10,15,0,37,57,149,81,31
2019_1,광성로6길,179,112,67,0,19,55,43,31,31,0,8,31,27,21,25,0,11,24,16,10,6
2019_1,홍제내길,103,58,45,0,14,23,26,26,14,0,5,17,13,16,7,0,9,6,13,10,7
2019_1,홍연길,82,45,37,0,1,12,28,32,9,0,1,9,18,15,2,0,0,3,10,17,7
2019_1,통일로39길,5,5,0,0,1,1,1,2,0,0,1,1,1,2,0,0,0,0,0,0,0
2019_1,통일로37길,355,135,220,1,68,73,96,72,45,1,18,29,31,35,21,0,50,44,65,37,24
2019_1,통일로11길,9,7,2,0,1,3,3,2,0,0,0,3,2,2,0,0,1,0,1,0,0
2019_1,충정로6길,13115,8020,5095,23,2104,4526,3856,2094,512,9,890,2700,2556,1455,410,14,1214,1826,1300,639,102
2019_1,충정로4길,3082,2015,1067,0,391,1347,975,287,82,0,129,810,750,249,77,0,262,537,225,38,5
2019_1,증가로6길,209,105,104,0,14,33,39,77,46,0,4,18,23,40,20,0,10,15,16,37,26
2019_1,증가로23나길,477,253,224,4,78,126,139,93,37,3,41,72,68,48,21,1,37,54,71,45,16
2019_1,증가로20가길,258,94,164,1,40,65,64,65,23,1,10,23,23,22,15,0,30,42,41,43,8
2019_1,증가로10길,165,83,82,0,18,27,39,40,41,0,1,8,15,24,35,0,17,19,24,16,6
2019_1,응암로1길,389,279,110,0,15,44,101,162,67,0,5,24,68,128,54,0,10,20,33,34,13
2019_1,연희로10길,162,109,53,1,17,26,34,59,25,1,4,19,26,38,21,0,13,7,8,21,4
2019_1,신촌로37길,104,50,54,0,11,11,30,23,29,0,3,2,16,11,18,0,8,9,14,12,11
2019_1,수색로8길,2241,2135,106,0,10,28,55,237,1911,0,7,22,38,217,1851,0,3,6,17,20,60
2019_1,세무서길,336,109,227,0,45,75,82,82,52,0,4,16,27,35,27,0,41,59,55,47,25
2019_1,세검정로1길,276,100,176,1,29,75,75,57,39,0,11,15,18,30,26,1,18,60,57,27,13
2019_1,북아현로4길,432,91,341,1,36,60,78,147,110,0,9,18,16,23,25,1,27,42,62,124,85
2019_1,모래내로15길,126,40,86,0,10,18,35,35,28,0,3,3,12,14,8,0,7,15,23,21,20
2019_1,명지대길,401,292,109,0,39,50,77,119,116,0,18,32,45,92,105,0,21,18,32,27,11
2019_1,독립문로8길,781,307,474,2,142,193,182,171,91,2,39,72,91,57,46,0,103,121,91,114,45
2019_1,가재울로6길,26,18,8,0,5,3,10,2,6,0,2,2,9,1,4,0,3,1,1,1,2
2019_1,통일로92길,93,42,51,1,18,17,21,23,13,1,10,9,10,5,7,0,8,8,11,18,6
2019_1,통일로87길,224,100,124,0,17,37,53,71,46,0,7,18,21,27,27,0,10,19,32,44,19
2019_1,통일로78길,212,59,153,0,34,40,45,35,58,0,4,17,13,7,18,0,30,23,32,28,40
2019_1,진흥로1길,556,172,384,0,84,131,172,123,46,0,17,49,43,34,29,0,67,82,129,89,17
2019_1,진흥로12길,509,214,295,1,43,101,170,113,81,0,13,39,72,44,46,1,30,62,98,69,35
2019_1,증산서길,401,277,124,0,36,60,75,90,140,0,6,31,43,65,132,0,30,29,32,25,8
2019_1,증산로9길,84,27,57,0,13,19,23,25,4,0,5,6,9,4,3,0,8,13,14,21,1
2019_1,증산로5길,747,388,359,1,58,126,171,226,165,0,28,50,66,124,120,1,30,76,105,102,45
2019_1,증산로21길,236,140,96,0,16,34,33,75,78,0,7,13,16,46,58,0,9,21,17,29,20
2019_1,증산로17길,683,298,385,0,40,83,152,176,232,0,13,33,69,90,93,0,27,50,83,86,139
2019_1,증산로15길,230,87,143,0,20,38,51,65,56,0,5,13,18,27,24,0,15,25,33,38,32
2019_1,증산로13길,71,36,35,0,5,11,11,34,10,0,2,8,6,14,6,0,3,3,5,20,4
2019_1,응암로34길,60,38,22,1,7,13,11,17,11,0,4,7,5,11,11,1,3,6,6,6,0
2019_1,응암로22길,187,67,120,0,19,29,49,56,34,0,7,11,20,15,14,0,12,18,29,41,20
2019_1,응암로14길,456,169,287,0,70,92,125,108,61,0,20,25,47,45,32,0,50,67,78,63,29
2019_1,응암로13길,301,129,172,2,52,48,87,78,34,2,28,22,34,28,15,0,24,26,53,50,19
2019_1,응암로12길,198,115,83,1,18,47,54,52,26,1,6,30,30,28,20,0,12,17,24,24,6
2019_1,은평로8길,247,115,132,0,41,36,59,62,49,0,15,21,33,23,23,0,26,15,26,39,26
2019_1,은평로3길,301,104,197,0,43,65,85,69,39,0,12,27,21,18,26,0,31,38,64,51,13
2019_1,은평로20길,6,2,4,0,0,0,3,2,1,0,0,0,0,1,1,0,0,0,3,1,0
2019_1,은평로13길,364,220,144,1,30,55,96,105,77,0,13,34,56,58,59,1,17,21,40,47,18
2019_1,은평로10길,287,144,143,1,29,59,75,65,58,1,10,31,32,34,36,0,19,28,43,31,22
2019_1,연서로5길,41,15,26,0,4,8,14,12,3,0,2,3,4,5,1,0,2,5,10,7,2
2019_1,연서로41길,242,75,167,0,21,59,76,56,30,0,7,21,18,15,14,0,14,38,58,41,16
2019_1,연서로3길,113,46,67,2,15,19,30,34,13,0,8,10,11,11,6,2,7,9,19,23,7
2019_1,연서로34길,150,57,93,2,16,33,39,41,19,2,5,12,13,14,11,0,11,21,26,27,8
2019_1,연서로33길,33,13,20,0,5,11,8,6,3,0,1,4,4,3,1,0,4,7,4,3,2
2019_1,연서로29길,300,93,207,1,39,70,91,71,28,1,5,27,22,24,14,0,34,43,69,47,14
2019_1,연서로28길,732,356,376,2,106,145,171,154,154,1,53,72,89,66,75,1,53,73,82,88,79
2019_1,연서로27길,82,23,59,1,15,16,22,19,9,1,1,5,4,6,6,0,14,11,18,13,3
2019_1,연서로21길,290,156,134,0,30,49,97,78,36,0,16,33,46,39,22,0,14,16,51,39,14
2019_1,연서로17길,1155,339,816,3,188,218,273,298,175,3,39,95,94,50,58,0,149,123,179,248,117
2019_1,연서로16길,263,103,160,0,49,70,58,63,23,0,13,23,28,25,14,0,36,47,30,38,9
2019_1,연서로13길,693,206,487,6,78,157,197,193,62,0,19,63,69,35,20,6,59,94,128,158,42
2019_1,연서로11길,239,111,128,0,18,44,72,76,29,0,10,17,37,30,17,0,8,27,35,46,12
2019_1,역말로9길,20,14,6,0,1,7,7,2,3,0,1,5,5,1,2,0,0,2,2,1,1
2019_1,수색로18길,37,22,15,0,4,9,8,11,5,0,2,4,3,9,4,0,2,5,5,2,1
2019_1,서오릉로8길,14,2,12,0,4,5,3,2,0,0,0,2,0,0,0,0,4,3,3,2,0
2019_1,서오릉로21길,411,99,312,0,30,50,93,92,146,0,6,8,30,19,36,0,24,42,63,73,110
2019_1,불광천길,200,99,101,1,20,41,36,68,34,1,10,19,20,30,19,0,10,22,16,38,15
2019_1,갈현로7길,913,265,648,0,167,231,199,216,100,0,49,79,65,45,27,0,118,152,134,171,73
2019_1,갈현로41길,123,50,73,0,10,23,29,31,30,0,3,13,10,16,8,0,7,10,19,15,22
2019_1,갈현로33길,37,8,29,0,6,7,9,13,2,0,0,2,2,2,2,0,6,5,7,11,0
2019_1,갈현로1길,203,88,115,0,24,41,51,42,45,0,13,26,21,8,20,0,11,15,30,34,25
2019_1,가좌로7길,57,25,32,0,9,8,16,12,12,0,1,2,6,6,10,0,8,6,10,6,2
2019_1,한글비석로44길,397,211,186,0,24,60,80,127,106,0,5,36,32,64,74,0,19,24,48,63,32
2019_1,한글비석로24길,409,160,249,0,22,51,86,129,121,0,4,28,36,40,52,0,18,23,50,89,69
2019_1,한글비석로22길,782,353,429,4,72,145,191,221,149,1,19,77,90,97,69,3,53,68,101,124,80
2019_1,석계로1길,110,58,52,0,6,10,38,33,23,0,3,6,21,18,10,0,3,4,17,15,13
2019_1,상계로9가길,305,104,201,0,38,52,84,77,54,0,6,18,28,27,25,0,32,34,56,50,29
2019_1,상계로12길,19,12,7,0,0,0,6,11,2,0,0,0,4,6,2,0,0,0,2,5,0
2019_1,동일로242길,244,161,83,0,8,29,59,56,92,0,5,14,36,32,74,0,3,15,23,24,18
2019_1,동일로192길,458,202,256,0,36,67,101,138,116,0,16,37,47,54,48,0,20,30,54,84,68
2019_1,동일로173가길,2867,1654,1213,9,337,545,728,753,495,6,173,418,442,315,300,3,164,127,286,438,195
2019_1,공릉로58길,148,51,97,0,7,15,44,49,33,0,4,9,14,14,10,0,3,6,30,35,23
2019_1,해등로16길,75,59,16,1,3,17,34,14,6,1,2,14,25,13,4,0,1,3,9,1,2
2019_1,우이천로4다길,191,115,76,2,17,32,44,67,29,2,7,19,23,43,21,0,10,13,21,24,8
2019_1,우이천로32길,91,56,35,0,10,22,24,24,11,0,3,18,13,14,8,0,7,4,11,10,3
2019_1,시루봉로23길,49,22,27,0,6,13,17,7,6,0,1,8,6,3,4,0,5,5,11,4,2
2019_1,삼양로144길,73,55,18,0,6,15,19,19,14,0,4,13,10,15,13,0,2,2,9,4,1
2019_1,방학로6가길,202,109,93,0,13,33,63,59,34,0,3,16,33,31,26,0,10,17,30,28,8
2019_1,방학로5길,137,70,67,1,15,17,28,44,32,0,14,10,13,20,13,1,1,7,15,24,19
2019_1,방학로15길,304,193,111,0,22,26,58,108,90,0,4,10,31,70,78,0,18,16,27,38,12
2019_1,방학로10길,215,104,111,0,14,18,26,49,108,0,7,11,8,18,60,0,7,7,18,31,48
2019_1,도봉산4길,320,277,43,0,6,17,86,142,69,0,4,13,78,126,56,0,2,4,8,16,13
2019_1,도봉로181길,185,82,103,2,21,36,49,54,23,1,8,18,20,20,15,1,13,18,29,34,8
2019_1,도봉로169나길,272,104,168,0,28,47,53,91,53,0,8,20,23,34,19,0,20,27,30,57,34
2019_1,도봉로156길,282,144,138,2,41,73,74,52,40,1,21,36,39,24,23,1,20,37,35,28,17
2019_1,도봉로152가길,423,345,78,0,15,31,60,153,164,0,3,20,42,135,145,0,12,11,18,18,19
2019_1,도봉로147길,557,320,237,2,48,127,129,165,86,0,20,91,90,87,32,2,28,36,39,78,54
2019_1,도봉로114길,567,199,368,2,107,141,125,138,54,1,20,52,45,52,29,1,87,89,80,86,25
2019_1,도봉로109길,30,9,21,0,8,1,8,6,7,0,3,0,1,0,5,0,5,1,7,6,2
2019_1,도당로29길,870,509,361,7,144,219,211,178,111,6,60,132,107,109,95,1,84,87,104,69,16
2019_1,도당로19길,190,99,91,0,18,30,66,58,18,0,8,18,33,31,9,0,10,12,33,27,9
2019_1,도당로13바길,205,77,128,1,19,32,57,61,35,0,4,21,20,14,18,1,15,11,37,47,17
2019_1,도당로13가길,155,66,89,0,14,28,39,46,28,0,5,12,19,18,12,0,9,16,20,28,16
2019_1,덕릉로60길,90,54,36,0,10,17,31,23,9,0,4,10,19,14,7,0,6,7,12,9,2
2019_1,노해로63다길,649,261,388,1,93,175,157,144,79,0,19,83,76,48,35,1,74,92,81,96,44
2019_1,노해로60길,325,140,185,1,48,70,86,83,37,0,10,30,38,41,21,1,38,40,48,42,16
2019_1,한천로140길,111,51,60,0,3,23,23,34,28,0,0,12,11,12,16,0,3,11,12,22,12
2019_1,한천로139가길,50,29,21,0,5,10,22,9,4,0,3,7,12,5,2,0,2,3,10,4,2
2019_1,한천로132길,332,132,200,2,54,72,70,76,58,1,13,32,29,29,28,1,41,40,41,47,30
2019_1,한천로130길,279,120,159,0,36,72,82,71,18,0,10,24,36,38,12,0,26,48,46,33,6
2019_1,한천로124나길,111,65,46,0,8,17,30,33,23,0,4,13,14,18,16,0,4,4,16,15,7
2019_1,한천로109길,608,267,341,3,113,121,162,151,58,2,42,50,77,64,32,1,71,71,85,87,26
2019_1,인수봉로79길,158,41,117,0,19,48,40,35,16,0,7,5,10,11,8,0,12,43,30,24,8
2019_1,인수봉로72길,82,37,45,0,11,14,23,19,15,0,2,6,10,9,10,0,9,8,13,10,5
2019_1,오패산로67길,583,286,297,3,71,119,149,142,99,1,24,64,76,71,50,2,47,55,73,71,49
2019_1,오패산로52길,102,36,66,0,13,22,27,27,13,0,6,5,8,10,7,0,7,17,19,17,6
2019_1,오패산로30길,10,6,4,0,0,2,3,4,1,0,0,1,2,2,1,0,0,1,1,2,0
2019_1,수유로12길,236,153,83,0,27,66,61,42,40,0,11,48,39,25,30,0,16,18,22,17,10
2019_1,솔샘로65길,472,202,270,3,39,90,123,144,73,0,6,25,48,71,52,3,33,65,75,73,21
2019_1,솔매로50길,704,274,430,3,81,177,206,174,63,3,23,59,68,75,46,0,58,118,138,99,17
2019_1,솔매로45길,196,90,106,0,17,33,53,58,35,0,8,14,25,29,14,0,9,19,28,29,21
2019_1,솔매로41길,86,21,65,0,12,14,22,28,10,0,2,2,7,5,5,0,10,12,15,23,5
2019_1,삼양로93길,17,4,13,0,0,1,5,10,1,0,0,0,1,2,1,0,0,1,4,8,0
2019_1,삼양로77길,419,147,272,0,45,81,117,113,63,0,18,39,36,34,20,0,27,42,81,79,43
2019_1,삼양로54길,8,4,4,0,0,2,1,5,0,0,0,1,0,3,0,0,0,1,1,2,0
2019_1,삼양로41길,306,141,165,0,24,64,86,84,48,0,10,27,44,34,26,0,14,37,42,50,22
2019_1,삼양로24길,101,51,50,0,12,20,29,20,20,0,8,12,13,7,11,0,4,8,16,13,9
2019_1,삼양로20길,137,48,89,1,15,27,36,45,13,0,1,8,12,16,11,1,14,19,24,29,2
2019_1,삼각산로28길,833,401,432,0,59,148,165,201,260,0,21,68,81,105,126,0,38,80,84,96,134
2019_1,도봉로99길,217,103,114,0,19,40,71,60,27,0,9,19,33,27,15,0,10,21,38,33,12
2019_1,도봉로8길,258,196,62,1,50,73,66,42,26,1,43,66,48,23,15,0,7,7,18,19,11
2019_1,도봉로76길,389,212,177,3,36,60,85,84,121,0,20,35,41,36,80,3,16,25,44,48,41
2019_1,도봉로67길,6,3,3,0,1,0,2,2,1,0,0,0,2,0,1,0,1,0,0,2,0
2019_1,도봉로45길,113,67,46,0,6,10,35,27,35,0,2,9,18,14,24,0,4,1,17,13,11
2019_1,도봉로18길,382,178,204,0,31,63,105,111,72,0,11,36,54,40,37,0,20,27,51,71,35
2019_1,도봉로13길,26,9,17,0,1,3,3,13,6,0,0,1,0,4,4,0,1,2,3,9,2
2019_1,덕릉로41길,794,628,166,0,78,260,172,231,53,0,47,224,140,190,27,0,31,36,32,41,26
2019_1,덕릉로40길,919,715,204,0,71,85,225,350,188,0,45,54,176,299,141,0,26,31,49,51,47
2019_1,노해로33길,32,11,21,0,10,6,7,8,1,0,2,1,2,5,1,0,8,5,5,3,0
2019_1,노해로17길,252,75,177,0,26,35,49,80,62,0,7,18,23,14,13,0,19,17,26,66,49
2019_1,화랑로40길,185,103,82,0,27,42,37,58,21,0,12,20,22,34,15,0,15,22,15,24,6
2019_1,화랑로32길,466,349,117,8,58,172,143,65,20,1,24,139,111,56,18,7,34,33,32,9,2
2019_1,화랑로1길,161,85,76,0,18,32,29,59,23,0,5,18,18,36,8,0,13,14,11,23,15
2019_1,화랑로19길,561,316,245,0,67,111,172,134,77,0,37,48,106,74,51,0,30,63,66,60,26
2019_1,화랑로14길,33,15,18,0,4,6,12,7,4,0,1,2,6,3,3,0,3,4,6,4,1
2019_1,화랑로13길,83,40,43,0,7,18,29,24,5,0,1,8,13,14,4,0,6,10,16,10,1
2019_1,한천로76길,135,77,58,0,7,21,39,37,31,0,4,15,27,18,13,0,3,6,12,19,18
2019_1,한천로101가길,46,28,18,0,3,9,7,18,9,0,2,7,3,11,5,0,1,2,4,7,4
2019_1,창경궁로43길,29,21,8,0,5,4,9,6,5,0,4,4,7,3,3,0,1,0,2,3,2
2019_1,지봉로20길,118,67,51,0,11,26,27,31,23,0,4,11,16,19,17,0,7,15,11,12,6
2019_1,종암로5길,132,88,44,0,12,39,30,31,20,0,9,30,21,16,12,0,3,9,9,15,8
2019_1,종암로24가길,294,137,157,0,51,65,71,71,36,0,19,25,29,40,24,0,32,40,42,31,12
2019_1,종암로21길,250,44,206,1,14,29,56,93,57,0,5,7,16,13,3,1,9,22,40,80,54
2019_1,종암로19길,408,132,276,2,89,67,88,104,58,1,24,34,33,21,19,1,65,33,55,83,39
2019_1,종암로16길,89,38,51,0,10,19,22,19,19,0,1,10,6,8,13,0,9,9,16,11,6
2019_1,정릉로8길,196,116,80,0,32,46,38,49,31,0,14,25,23,28,26,0,18,21,15,21,5
2019_1,정릉로27길,212,95,117,2,35,50,47,49,29,0,18,22,22,16,17,2,17,28,25,33,12
2019_1,장위로50길,685,411,274,1,91,78,138,211,166,0,33,35,89,122,132,1,58,43,49,89,34
2019_1,장월로1길,341,173,168,2,60,89,74,64,52,0,20,50,42,31,30,2,40,39,32,33,22
2019_1,인촌로6길,3273,1916,1357,11,378,577,733,769,805,4,189,388,406,407,522,7,189,189,327,362,283
2019_1,인촌로5길,26,2,24,0,1,2,6,13,4,0,0,0,0,1,1,0,1,2,6,12,3
2019_1,인촌로24길,236,154,82,0,47,74,70,25,20,0,23,63,48,12,8,0,24,11,22,13,12
2019_1,개운사길,3713,2231,1482,9,387,1114,1021,838,344,3,154,520,648,642,264,6,233,594,373,196,80
2019_1,인촌로1길,150,102,48,0,15,42,42,32,19,0,6,27,32,23,14,0,9,15,10,9,5
2019_1,인촌로17가길,3323,1184,2139,0,855,1153,752,461,102,0,162,344,357,241,80,0,693,809,395,220,22
2019_1,오패산로4길,624,194,430,4,111,128,130,142,109,1,33,43,43,33,41,3,78,85,87,109,68
2019_1,오패산로3길,1178,659,519,6,235,279,321,236,101,1,89,167,218,127,57,5,146,112,103,109,44
2019_1,오패산로19길,41,18,23,0,6,17,11,5,2,0,0,10,6,1,1,0,6,7,5,4,1
2019_1,안암로5길,612,379,233,2,84,138,178,128,82,0,33,77,112,93,64,2,51,61,66,35,18
2019_1,아리랑로4길,558,217,341,5,36,94,130,166,127,2,12,33,47,59,64,3,24,61,83,107,63
2019_1,솔샘로6길,154,70,84,0,35,36,42,28,13,0,10,23,19,11,7,0,25,13,23,17,6
2019_1,성북로8길,56,25,31,0,14,18,12,8,4,0,3,7,7,5,3,0,11,11,5,3,1
2019_1,삼양로8길,65,41,24,0,13,14,14,19,5,0,6,9,10,12,4,0,7,5,4,7,1
2019_1,삼선교로16가길,735,419,316,0,167,124,160,203,81,0,83,57,100,126,53,0,84,67,60,77,28
2019_1,삼선교로10다길,94,52,42,0,15,25,25,18,11,0,7,17,12,11,5,0,8,8,13,7,6
2019_1,삼선교로10길,295,123,172,1,41,62,83,64,44,1,15,29,25,32,21,0,26,33,58,32,23
2019_1,보문로32길,1017,413,604,0,292,189,242,203,91,0,25,84,124,125,55,0,267,105,118,78,36
2019_1,보문로31길,702,285,417,1,111,185,168,143,94,0,39,82,70,50,44,1,72,103,98,93,50
2019_1,보문로13길,931,600,331,0,9,25,60,101,736,0,3,13,19,43,522,0,6,12,41,58,214
2019_1,보국문로16길,389,251,138,1,30,47,75,125,111,0,13,31,44,89,74,1,17,16,31,36,37
2019_1,동소문로26가길,230,109,121,1,39,47,54,47,42,1,12,22,28,27,19,0,27,25,26,20,23
2019_1,동소문로15길,128,57,71,0,25,46,37,16,4,0,7,24,20,4,2,0,18,22,17,12,2
2019_1,동소문로13길,435,223,212,0,80,112,112,67,64,0,24,58,66,36,39,0,56,54,46,31,25
2019_1,돌곶이로8길,182,87,95,0,18,46,62,35,21,0,5,18,31,23,10,0,13,28,31,12,11
2019_1,돌곶이로41길,43,20,23,0,3,9,13,15,3,0,0,5,6,7,2,0,3,4,7,8,1
2019_1,돌곶이로28길,227,143,84,0,38,72,64,33,20,0,17,57,40,18,11,0,21,15,24,15,9
2019_1,돌곶이로27길,71,45,26,0,7,11,13,27,13,0,4,6,8,18,9,0,3,5,5,9,4
2019_1,돌곶이로22길,132,68,64,0,19,28,29,31,25,0,4,14,17,13,20,0,15,14,12,18,5
2019_1,길음로7길,8,5,3,0,0,2,4,0,2,0,0,1,3,0,1,0,0,1,1,0,1
2019_1,중랑천로10길,770,382,388,9,174,157,203,134,93,5,81,66,105,71,54,4,93,91,98,63,39
2019_1,용마산로94길,456,279,177,0,87,46,120,137,66,0,43,26,66,91,53,0,44,20,54,46,13
2019_1,용마산로118길,566,275,291,0,75,126,163,118,84,0,25,62,75,62,51,0,50,64,88,56,33
2019_1,용마산로112길,356,151,205,0,40,50,73,93,100,0,15,26,30,35,45,0,25,24,43,58,55
2019_1,용마산로100길,433,294,139,0,36,41,69,130,157,0,5,13,38,101,137,0,31,28,31,29,20
2019_1,신내로7가길,276,67,209,0,35,56,74,81,30,0,5,10,15,25,12,0,30,46,59,56,18
2019_1,사가정로54길,135,46,89,2,30,23,33,28,19,0,7,5,13,11,10,2,23,18,20,17,9
2019_1,사가정로42길,84,24,60,0,1,10,17,26,30,0,1,0,4,7,12,0,0,10,13,19,18
2019_1,봉화산로56길,558,151,407,2,66,91,109,180,110,1,23,43,33,31,20,1,43,48,76,149,90
2019_1,봉화산로4길,412,158,254,0,31,55,116,140,70,0,9,31,51,38,29,0,22,24,65,102,41
2019_1,봉화산로30길,354,217,137,0,31,43,93,109,78,0,10,17,53,70,67,0,21,26,40,39,11
2019_1,봉우재로33길,114,43,71,0,36,24,15,27,12,0,19,7,5,5,7,0,17,17,10,22,5
2019_1,면목로78길,254,146,108,0,21,38,76,75,44,0,8,25,42,38,33,0,13,13,34,37,11
2019_1,면목로56길,205,154,51,0,12,30,38,69,56,0,3,13,27,58,53,0,9,17,11,11,3
2019_1,면목로55길,364,109,255,1,40,62,94,110,57,0,4,22,32,32,19,1,36,40,62,78,38
2019_1,면목로49길,545,182,363,0,159,189,122,60,15,0,21,68,55,28,10,0,138,121,67,32,5
2019_1,면목로48길,122,61,61,0,21,22,35,29,15,0,14,14,16,11,6,0,7,8,19,18,9
2019_1,면목로45길,67,30,37,0,9,18,22,8,10,0,4,4,12,3,7,0,5,14,10,5,3
2019_1,면목로33길,405,163,242,2,47,88,109,109,50,0,11,35,41,43,33,2,36,53,68,66,17
2019_1,면목로21길,32,25,7,0,1,4,13,8,6,0,0,4,10,5,6,0,1,0,3,3,0
2019_1,망우로73길,8,4,4,0,0,0,4,3,1,0,0,0,2,1,1,0,0,0,2,2,0
2019_1,망우로68길,83,28,55,0,14,18,24,20,7,0,0,4,7,12,5,0,14,14,17,8,2
2019_1,동일로163길,90,57,33,0,12,19,30,19,10,0,5,15,17,15,5,0,7,4,13,4,5
2019_1,동일로157길,223,122,101,0,30,46,65,56,26,0,8,27,39,32,16,0,22,19,26,24,10
2019_1,동일로149길,1154,859,295,0,168,329,289,307,61,0,121,232,215,247,44,0,47,97,74,60,17
2019_1,동일로140길,189,84,105,2,16,40,51,56,24,1,6,19,23,23,12,1,10,21,28,33,12
2019_1,동일로139길,64,35,29,0,5,11,20,19,9,0,1,7,10,15,2,0,4,4,10,4,7
2019_1,동일로139가길,1207,688,519,0,95,190,214,186,522,0,39,97,119,74,359,0,56,93,95,112,163
2019_1,동일로130길,118,46,72,0,11,23,35,33,16,0,5,9,9,13,10,0,6,14,26,20,6
2019_1,동일로123길,184,96,88,0,29,33,54,42,26,0,15,20,23,23,15,0,14,13,31,19,11
2019_1,동일로112길,156,71,85,0,13,22,43,49,29,0,5,9,12,27,18,0,8,13,31,22,11
2019_1,동일로101길,289,116,173,0,30,56,75,87,41,0,9,23,35,28,21,0,21,33,40,59,20
2019_1,동일로100길,74,36,38,0,2,4,3,26,39,0,2,3,0,10,21,0,0,1,3,16,18
2019_1,답십리로75길,106,55,51,0,14,21,37,23,11,0,4,10,19,15,7,0,10,11,18,8,4
2019_1,공릉로2길,665,299,366,3,88,151,159,152,112,1,25,62,73,78,60,2,63,89,86,74,52
2019_1,공릉로12가길,28,19,9,0,5,4,6,4,9,0,2,3,4,3,7,0,3,1,2,1,2
2019_1,겸재로54길,107,44,63,0,8,15,26,43,15,0,3,9,10,14,8,0,5,6,16,29,7
2019_1,겸재로36길,242,195,47,0,11,15,40,88,88,0,4,11,34,68,78,0,7,4,6,20,10
2019_1,겸재로29길,449,182,267,1,55,81,134,118,60,0,12,32,55,52,31,1,43,49,79,66,29
2019_1,휘경로3길,232,114,118,3,54,58,55,43,19,2,20,30,32,21,9,1,34,28,23,22,10
2019_1,휘경로2길,9,2,7,0,4,2,2,1,0,0,0,0,1,1,0,0,4,2,1,0,0
2019_1,휘경로23길,19,4,15,0,3,3,10,3,0,0,1,2,1,0,0,0,2,1,9,3,0
2019_1,휘경로14길,128,46,82,0,5,4,18,24,77,0,2,2,6,9,27,0,3,2,12,15,50
2019_1,한천로46길,323,95,228,3,36,49,103,90,42,2,7,16,26,23,21,1,29,33,77,67,21
2019_1,한천로40길,302,150,152,0,23,45,83,98,53,0,13,28,38,47,24,0,10,17,45,51,29
2019_1,한천로33길,81,40,41,0,10,23,14,16,18,0,7,13,8,7,5,0,3,10,6,9,13
2019_1,한천로14길,584,344,240,1,70,122,148,154,89,1,36,78,98,79,52,0,34,44,50,75,37
2019_1,천호대로97길,343,218,125,1,34,66,93,97,52,0,11,44,58,65,40,1,23,22,35,32,12
2019_1,천호대로77길,2055,1049,1006,5,172,357,378,449,694,3,72,197,228,222,327,2,100,160,150,227,367
2019_1,천호대로45길,122,66,56,0,7,16,27,34,38,0,3,9,17,15,22,0,4,7,10,19,16
2019_1,천호대로17길,2257,1465,792,7,289,517,447,451,546,7,112,314,271,312,449,0,177,203,176,139,97
2019_1,천호대로12길,806,529,277,5,158,228,170,169,76,2,88,151,113,123,52,3,70,77,57,46,24
2019_1,천장산로7길,1481,901,580,0,99,338,458,421,165,0,27,155,276,309,134,0,72,183,182,112,31
2019_1,제기로5길,224,95,129,0,7,25,58,76,58,0,2,22,30,23,18,0,5,3,28,53,40
2019_1,제기로21길,232,153,79,0,29,35,73,74,21,0,13,16,54,57,13,0,16,19,19,17,8
2019_1,전농로4길,689,425,264,1,71,170,177,161,109,0,37,105,114,103,66,1,34,65,63,58,43
2019_1,전농로3길,73,36,37,1,13,13,22,17,7,1,5,9,12,6,3,0,8,4,10,11,4
2019_1,전농로29길,321,141,180,1,38,83,102,73,24,0,10,41,43,31,16,1,28,42,59,42,8
2019_1,장한로8길,802,474,328,0,100,146,237,210,109,0,35,71,144,126,98,0,65,75,93,84,11
2019_1,장한로5길,3043,2165,878,11,566,862,699,600,305,2,311,606,539,465,242,9,255,256,160,135,63
2019_1,장한로27길,140,39,101,2,39,33,24,23,19,1,8,10,10,4,6,1,31,23,14,19,13
2019_1,장한로27가길,422,201,221,1,35,58,94,157,77,1,16,39,54,70,21,0,19,19,40,87,56
2019_1,장한로26길,533,253,280,5,70,118,123,127,90,2,18,55,57,67,54,3,52,63,66,60,36
2019_1,장한로26가길,328,151,177,0,40,60,61,110,57,0,18,33,33,40,27,0,22,27,28,70,30
2019_1,장한로25길,1042,478,564,4,139,225,275,250,149,3,36,99,127,127,86,1,103,126,148,123,63
2019_1,장한로14길,184,150,34,0,7,21,47,56,53,0,4,12,34,49,51,0,3,9,13,7,2
2019_1,이문로42길,270,115,155,1,33,60,68,68,40,1,7,18,34,24,31,0,26,42,34,44,9
2019_1,왕산로43길,897,386,511,2,137,230,220,202,106,2,34,94,105,88,63,0,103,136,115,114,43
2019_1,왕산로33길,158,108,50,0,7,19,39,49,44,0,7,15,33,25,28,0,0,4,6,24,16
2019_1,왕산로32길,6,5,1,0,0,0,2,1,3,0,0,0,2,1,2,0,0,0,0,0,1
2019_1,약령시로17길,340,163,177,2,19,65,64,102,88,2,9,39,35,52,26,0,10,26,29,50,62
2019_1,서울시립대로4길,659,356,303,1,131,106,133,165,123,1,82,70,72,75,56,0,49,36,61,90,67
2019_1,서울시립대로29길,221,123,98,1,20,39,62,57,42,0,10,23,32,31,27,1,10,16,30,26,15
2019_1,서울시립대로16길,136,32,104,0,20,31,42,27,16,0,4,4,11,9,4,0,16,27,31,18,12
2019_1,사가정로2길,86,67,19,0,9,21,23,14,19,0,8,17,19,9,14,0,1,4,4,5,5
2019_1,사가정로23가길,98,64,34,0,18,27,21,14,18,0,12,19,10,10,13,0,6,8,11,4,5
2019_1,사가정로13길,278,82,196,0,24,76,79,60,39,0,5,19,27,12,19,0,19,57,52,48,20
2019_1,무학로45길,345,204,141,0,40,83,92,62,68,0,18,47,59,38,42,0,22,36,33,24,26
2019_1,무학로16길,1213,1110,103,0,96,222,403,299,193,0,72,197,373,280,188,0,24,25,30,19,5
2019_1,망우로21길,196,103,93,0,25,39,37,41,54,0,7,16,17,21,42,0,18,23,20,20,12
2019_1,망우로18길,363,121,242,1,88,98,96,58,22,0,16,24,43,28,10,1,72,74,53,30,12
2019_1,망우로18가길,71,30,41,0,15,17,18,12,9,0,8,9,5,4,4,0,7,8,13,8,5
2019_1,답십리로72길,4,2,2,0,0,1,0,2,1,0,0,1,0,1,0,0,0,0,0,1,1
2019_1,답십리로69길,926,401,525,1,145,189,230,224,137,1,50,85,91,87,87,0,95,104,139,137,50
2019_1,답십리로68길,97,60,37,0,7,11,32,27,20,0,3,7,21,15,14,0,4,4,11,12,6
2019_1,답십리로64길,355,213,142,0,50,100,106,56,43,0,23,59,71,32,28,0,27,41,35,24,15
2019_1,답십리로63길,81,50,31,1,10,22,9,31,8,0,6,12,4,20,8,1,4,10,5,11,0
2019_1,답십리로60길,14,6,8,0,1,0,4,7,2,0,0,0,2,3,1,0,1,0,2,4,1
2019_1,답십리로56길,16,13,3,0,1,3,6,4,2,0,1,2,6,3,1,0,0,1,0,1,1
2019_1,답십리로23길,6,4,2,0,0,1,1,4,0,0,0,0,1,3,0,0,0,1,0,1,0
2019_1,난계로30길,131,89,42,2,10,24,31,39,25,0,3,18,19,28,21,2,7,6,12,11,4
2019_1,경희대로3길,289,185,104,1,48,110,69,42,19,0,15,71,55,32,12,1,33,39,14,10,7
2019_1,천호대로129길,230,85,145,0,27,41,76,53,33,0,5,14,32,16,18,0,22,27,44,37,15
2019_1,천호대로123길,294,114,180,0,33,50,60,101,50,0,9,21,20,39,25,0,24,29,40,62,25
2019_1,천호대로109길,1212,662,550,6,196,316,304,241,149,4,90,177,158,131,102,2,106,139,146,110,47
2019_1,자양번영로3길,87,37,50,0,8,12,23,28,16,0,4,5,10,9,9,0,4,7,13,19,7
2019_1,자양로53길,2,1,1,0,0,0,0,2,0,0,0,0,0,1,0,0,0,0,0,1,0
2019_1,자양로50길,24,9,15,1,5,4,4,5,5,1,0,2,1,3,2,0,5,2,3,2,3
2019_1,자양로45길,570,294,276,3,93,139,153,116,66,1,34,73,95,57,34,2,59,66,58,59,32
2019_1,자양로26길,298,112,186,0,24,66,78,75,55,0,4,22,33,29,24,0,20,44,45,46,31
2019_1,자양로15길,331,227,104,0,23,82,76,74,76,0,8,49,44,59,67,0,15,33,32,15,9
2019_1,자양로11길,1347,689,658,5,261,297,319,285,180,1,77,141,184,175,111,4,184,156,135,110,69
2019_1,용마산로3길,1005,588,417,7,104,219,249,252,174,4,54,125,134,142,129,3,50,94,115,110,45
2019_1,용마산로21길,171,84,87,0,24,30,50,49,18,0,6,14,26,25,13,0,18,16,24,24,5
2019_1,아차산로78길,2678,1322,1356,9,500,829,591,464,285,4,142,424,360,233,159,5,358,405,231,231,126
2019_1,아차산로65길,675,447,228,1,87,143,201,165,78,0,37,96,131,120,63,1,50,47,70,45,15
2019_1,아차산로55길,398,219,179,0,48,99,104,94,53,0,23,51,62,52,31,0,25,48,42,42,22
2019_1,아차산로51길,243,144,99,0,23,53,76,52,39,0,13,29,50,27,25,0,10,24,26,25,14
2019_1,아차산로40길,536,306,230,2,105,105,137,108,79,1,45,57,70,64,69,1,60,48,67,44,10
2019_1,면목로17길,272,174,98,0,51,50,74,59,38,0,21,26,50,47,30,0,30,24,24,12,8
2019_1,뚝섬로64길,300,162,138,0,26,67,73,64,70,0,9,25,35,35,58,0,17,42,38,29,12
2019_1,뚝섬로58길,189,61,128,0,9,35,56,66,23,0,1,9,18,20,13,0,8,26,38,46,10
2019_1,뚝섬로54길,152,93,59,0,19,32,47,38,16,0,10,24,25,26,8,0,9,8,22,12,8
2019_1,뚝섬로48길,847,387,460,3,118,177,217,201,131,2,49,76,101,89,70,1,69,101,116,112,61
2019_1,뚝섬로24길,96,30,66,0,12,9,22,41,12,0,3,3,4,12,8,0,9,6,18,29,4
2019_1,뚝섬로23길,110,63,47,0,7,16,30,34,23,0,1,9,14,21,18,0,6,7,16,13,5
2019_1,동일로24길,16,4,12,0,5,4,2,4,1,0,1,1,1,0,1,0,4,3,1,4,0
2019_1,동일로18길,200,84,116,0,37,41,51,51,20,0,14,15,21,21,13,0,23,26,30,30,7
2019_1,능동로4길,236,101,135,0,32,47,58,58,41,0,8,13,29,24,27,0,24,34,29,34,14
2019_1,능동로3길,204,99,105,0,28,28,57,46,45,0,16,16,22,20,25,0,12,12,35,26,20
2019_1,능동로34길,911,509,402,1,136,197,213,178,186,0,52,105,116,103,133,1,84,92,97,75,53
2019_1,능동로19길,324,212,112,0,49,84,76,78,37,0,30,66,45,41,30,0,19,18,31,37,7
2019_1,능동로13길,332,138,194,2,39,63,79,92,57,1,13,27,37,28,32,1,26,36,42,64,25
2019_1,긴고랑로9길,47,24,23,0,5,12,13,11,6,0,2,9,8,4,1,0,3,3,5,7,5
2019_1,긴고랑로8길,224,178,46,0,6,20,39,73,86,0,1,14,26,61,76,0,5,6,13,12,10
2019_1,긴고랑로7길,497,246,251,1,33,110,147,142,64,0,10,66,70,70,30,1,23,44,77,72,34
2019_1,긴고랑로20길,587,283,304,1,59,133,171,136,87,0,17,69,87,71,39,1,42,64,84,65,48
2019_1,광나루로52길,1932,882,1050,8,240,271,258,436,719,8,131,139,128,164,312,0,109,132,130,272,407
2019_1,광나루로40길,137,63,74,1,14,24,30,29,39,0,0,16,20,14,13,1,14,8,10,15,26
2019_1,광나루로37길,306,186,120,0,39,65,85,79,38,0,10,35,49,61,31,0,29,30,36,18,7
2019_1,광나루로36길,50,30,20,0,5,18,12,10,5,0,1,14,8,5,2,0,4,4,4,5,3
2019_1,광나루로24길,83,47,36,0,19,25,15,14,10,0,9,14,10,7,7,0,10,11,5,7,3
2019_1,광나루로12길,1047,586,461,6,190,276,250,214,111,5,95,170,144,93,79,1,95,106,106,121,32
2019_1,한림말길,65,35,30,0,8,10,30,11,6,0,3,4,17,7,4,0,5,6,13,4,2
2019_1,청계천로10나길,1826,1072,754,7,242,500,440,387,250,5,131,323,287,186,140,2,111,177,153,201,110
2019_1,장터길,39,15,24,0,10,10,5,6,8,0,3,3,2,3,4,0,7,7,3,3,4
2019_1,용답중앙길,92,47,45,0,3,22,25,20,22,0,3,13,14,11,6,0,0,9,11,9,16
2019_1,용답29길,1708,902,806,7,177,312,463,398,351,5,93,178,202,196,228,2,84,134,261,202,123
2019_1,왕십리로6길,1457,808,649,3,173,388,385,374,134,3,83,223,200,207,92,0,90,165,185,167,42
2019_1,왕십리로31길,81,42,39,0,2,24,25,11,19,0,0,8,11,6,17,0,2,16,14,5,2
2019_1,왕십리로26길,4069,2485,1584,12,761,824,936,843,693,7,277,560,689,556,396,5,484,264,247,287,297
2019_1,왕십리로21길,196,65,131,2,27,43,52,46,26,2,2,10,20,21,10,0,25,33,32,25,16
2019_1,왕십리로14길,2760,1981,779,3,302,527,643,734,551,2,142,388,483,515,451,1,160,139,160,219,100
2019_1,아차산로5길,2254,1475,779,7,320,543,603,530,251,5,170,378,408,344,170,2,150,165,195,186,81
2019_1,아차산로15길,4423,3129,1294,16,705,1170,1151,898,483,8,389,821,852,641,418,8,316,349,299,257,65
2019_1,아차산로11길,3763,2445,1318,13,621,910,984,841,394,8,322,629,684,511,291,5,299,281,300,330,103
2019_1,송정4가길,1033,447,586,4,149,303,293,168,116,1,36,137,132,69,72,3,113,166,161,99,44
2019_1,송정12라길,266,184,82,0,23,67,60,56,60,0,11,46,36,38,53,0,12,21,24,18,7
2019_1,성수일로6길,2624,1639,985,10,407,708,642,488,369,9,188,447,432,327,236,1,219,261,210,161,133
2019_1,성수이로7길,558,315,243,0,72,122,110,99,155,0,35,70,77,61,72,0,37,52,33,38,83
2019_1,성수이로18길,2355,1649,706,13,308,607,678,539,210,12,160,406,506,398,167,1,148,201,172,141,43
2019_1,성덕정길,897,521,376,14,159,219,215,202,88,2,53,130,126,142,68,12,106,89,89,60,20
2019_1,성덕정17길,234,123,111,0,22,46,59,61,46,0,6,25,28,32,32,0,16,21,31,29,14
2019_1,서울숲2길,1098,643,455,4,148,231,308,246,161,1,54,128,179,154,127,3,94,103,129,92,34
2019_1,상원길,1553,997,556,1,213,448,451,293,147,0,80,306,313,206,92,1,133,142,138,87,55
2019_1,상원12길,170,105,65,0,29,38,48,39,16,0,12,24,32,26,11,0,17,14,16,13,5
2019_1,사근동길,30,18,12,0,4,11,10,3,2,0,3,4,6,3,2,0,1,7,4,0,0
2019_1,무학봉길,5,3,2,0,0,2,1,2,0,0,0,0,1,2,0,0,0,2,0,0,0
2019_1,무학봉28길,134,60,74,0,14,32,32,32,24,0,4,9,14,18,15,0,10,23,18,14,9
2019_1,무학로6길,387,216,171,1,41,57,105,109,74,1,19,34,59,61,42,0,22,23,46,48,32
2019_1,무수막길,153,74,79,0,30,37,29,36,21,0,10,24,13,14,13,0,20,13,16,22,8
2019_1,매봉길,10,7,3,0,1,1,3,2,3,0,1,1,1,2,2,0,0,0,2,0,1
2019_1,마조로1길,216,79,137,0,27,47,75,56,11,0,10,16,26,18,9,0,17,31,49,38,2
2019_1,마조로16길,839,589,250,3,67,159,207,248,155,1,29,107,146,175,131,2,38,52,61,73,24
2019_1,마장로39길,107,51,56,0,14,14,32,39,8,0,5,9,19,15,3,0,9,5,13,24,5
2019_1,마장로27길,77,22,55,0,13,19,21,19,5,0,2,3,5,9,3,0,11,16,16,10,2
2019_1,둘레9길,391,231,160,1,42,91,112,100,45,1,23,48,66,57,36,0,19,43,46,43,9
2019_1,금호산길,436,156,280,1,58,94,115,116,52,0,16,36,35,43,26,1,42,58,80,73,26
2019_1,금호산2길,36,12,24,0,3,9,13,7,4,0,0,4,2,3,3,0,3,5,11,4,1
2019_1,고산자로6길,9832,3564,6268,12,910,1707,2991,3681,531,6,532,1113,996,549,368,6,378,594,1995,3132,163
2019_1,후암로28길,209,92,117,1,45,39,58,48,18,0,13,17,27,22,13,1,32,22,31,26,5
2019_1,효창원로39길,57,31,26,0,7,12,20,17,1,0,2,9,14,6,0,0,5,3,6,11,1
2019_1,회나무로13길,85,46,39,0,31,31,11,8,4,0,17,17,7,2,3,0,14,14,4,6,1
2019_1,한남대로20길,772,432,340,5,157,249,194,92,75,4,61,138,116,61,52,1,96,111,78,31,23
2019_1,한강대로7길,491,331,160,3,53,90,97,85,163,2,35,67,78,58,91,1,18,23,19,27,72
2019_1,한강대로62길,742,505,237,0,117,159,174,181,111,0,78,110,124,112,81,0,39,49,50,69,30
2019_1,한강대로52길,1146,735,411,7,211,369,282,165,112,2,88,226,206,124,89,5,123,143,76,41,23
2019_1,한강대로43길,5969,3751,2218,6,881,1512,1596,1228,746,2,405,967,1116,779,482,4,476,545,480,449,264
2019_1,한강대로15길,1230,345,885,6,484,458,128,89,65,0,63,101,70,67,44,6,421,357,58,22,21
2019_1,한강대로104길,11313,4081,7232,73,6404,2304,1335,648,549,12,827,1394,1023,476,349,61,5577,910,312,172,200
2019_1,청파로73길,1175,614,561,3,133,334,316,256,133,1,55,149,141,153,115,2,78,185,175,103,18
2019_1,청파로71길,228,112,116,0,31,46,76,62,13,0,8,22,28,45,9,0,23,24,48,17,4
2019_1,청파로47나길,171,97,74,0,31,40,42,29,29,0,13,21,28,18,17,0,18,19,14,11,12
2019_1,청파로47길,969,423,546,3,154,238,252,221,101,0,58,104,114,92,55,3,96,134,138,129,46
2019_1,장문로45길,55,13,42,0,5,17,11,15,7,0,1,3,4,4,1,0,4,14,7,11,6
2019_1,이태원로54길,2259,1093,1166,8,590,664,534,370,93,4,301,414,243,81,50,4,289,250,291,289,43
2019_1,이태원로27길,629,356,273,2,252,160,90,69,56,1,133,103,47,40,32,1,119,57,43,29,24
2019_1,이촌로22길,279,165,114,0,67,53,57,57,45,0,38,28,30,37,32,0,29,25,27,20,13
2019_1,원효로89길,893,734,159,0,144,365,193,148,43,0,108,290,167,132,37,0,36,75,26,16,6
2019_1,원효로53길,867,532,335,3,88,226,226,188,136,1,37,135,152,125,82,2,51,91,74,63,54
2019_1,원효로41길,1490,1016,474,11,239,497,402,213,128,7,145,354,295,131,84,4,94,143,107,82,44
2019_1,원효로19길,1038,733,305,1,164,326,306,147,94,0,92,241,241,102,57,1,72,85,65,45,37
2019_1,우사단로4길,152,91,61,0,17,20,31,53,31,0,5,4,13,42,27,0,12,16,18,11,4
2019_1,우사단로14길,1886,905,981,6,287,845,503,172,73,2,71,378,331,106,17,4,216,467,172,66,56
2019_1,우사단로10길,87,39,48,0,14,22,18,21,12,0,1,12,6,14,6,0,13,10,12,7,6
2019_1,신흥로20길,216,93,123,1,45,55,62,32,21,0,13,27,26,13,14,1,32,28,36,19,7
2019_1,소월로20길,136,53,83,2,28,33,38,24,11,1,10,11,10,12,9,1,18,22,28,12,2
2019_1,서빙고로71길,469,283,186,0,49,110,129,92,89,0,24,48,58,74,79,0,25,62,71,18,10
2019_1,백범로90길,256,155,101,0,17,44,77,69,49,0,9,26,44,43,33,0,8,18,33,26,16
2019_1,백범로79길,725,440,285,1,87,182,191,150,114,0,28,104,127,99,82,1,59,78,64,51,32
2019_1,두텁바위로1길,2758,1484,1274,17,567,761,670,465,278,10,193,375,378,314,214,7,374,386,292,151,64
2019_1,대사관로34길,291,142,149,0,46,72,63,65,45,0,15,39,31,33,24,0,31,33,32,32,21
2019_1,녹사평대로46길,74,46,28,0,25,28,13,7,1,0,17,17,9,2,1,0,8,11,4,5,0
2019_1,녹사평대로40나길,65,29,36,0,26,15,11,11,2,0,9,8,6,4,2,0,17,7,5,7,0
2019_1,녹사평대로32길,389,218,171,1,65,79,64,76,104,0,39,42,27,39,71,1,26,37,37,37,33
2019_1,녹사평대로26길,2081,1090,991,0,223,565,517,555,221,0,63,223,249,399,156,0,160,342,268,156,65
2019_1,녹사평대로11길,267,175,92,2,32,69,95,48,21,2,17,38,68,33,17,0,15,31,27,15,4
2019_1,퇴계로90길,599,220,379,2,83,143,132,146,93,1,32,50,53,46,38,1,51,93,79,100,55
2019_1,퇴계로8길,2397,1293,1104,5,405,764,645,368,210,1,122,429,390,213,138,4,283,335,255,155,72
2019_1,퇴계로56길,1285,1042,243,1,115,426,369,208,166,0,74,345,331,164,128,1,41,81,38,44,38
2019_1,퇴계로46길,2119,1001,1118,3,376,547,539,460,194,0,76,193,259,316,157,3,300,354,280,144,37
2019_1,퇴계로18길,3099,1354,1745,13,582,798,684,606,416,2,186,414,346,220,186,11,396,384,338,386,230
2019_1,퇴계로12길,1154,488,666,6,238,307,220,250,133,0,41,117,109,138,83,6,197,190,111,112,50
2019_1,청구로1길,250,84,166,0,58,47,50,60,35,0,14,24,20,18,8,0,44,23,30,42,27
2019_1,청구로17길,1721,804,917,4,385,619,362,227,124,0,76,260,197,171,100,4,309,359,165,56,24
2019_1,장충단로8길,3242,1195,2047,12,1130,862,584,346,308,3,246,310,299,188,149,9,884,552,285,158,159
2019_1,삼일대로4길,957,571,386,5,134,250,244,170,154,0,50,133,171,105,112,5,84,117,73,65,42
2019_1,명동길,36306,17786,18520,66,5013,13799,10352,5783,1293,19,1720,5976,5440,3770,861,47,3293,7823,4912,2013,432
2019_1,동호로20길,854,337,517,11,277,243,156,110,57,2,105,82,67,47,34,9,172,161,89,63,23
2019_1,동호로15길,4108,2168,1940,6,1596,1349,737,308,112,3,612,748,527,208,70,3,984,601,210,100,42
2019_1,동호로11길,17,11,6,0,1,1,6,7,2,0,1,0,4,5,1,0,0,1,2,2,1
2019_1,동호로10길,1587,702,885,6,338,439,348,320,136,3,101,190,183,157,68,3,237,249,165,163,68
2019_1,다산로39길,1339,742,597,1,132,284,315,386,221,0,67,191,173,204,107,1,65,93,142,182,114
2019_1,다산로38길,1628,724,904,7,502,469,333,213,104,5,148,214,171,121,65,2,354,255,162,92,39
2019_1,다산로36길,70,42,28,0,10,17,15,22,6,0,5,11,9,13,4,0,5,6,6,9,2
2019_1,다산로33길,396,202,194,1,75,81,95,101,43,0,35,48,50,42,27,1,40,33,45,59,16
2019_1,난계로21길,252,160,92,1,36,48,80,65,22,1,14,29,58,42,16,0,22,19,22,23,6
2019_1,난계로11길,1823,1066,757,4,357,503,358,332,269,0,182,304,229,191,160,4,175,199,129,141,109
2019_1,필운대로1길,4,1,3,0,0,2,2,0,0,0,0,0,1,0,0,0,0,2,1,0,0
2019_1,평창길,206,101,105,0,31,49,50,51,25,0,5,28,30,23,15,0,26,21,20,28,10
2019_1,통일로12길,236,94,142,0,17,58,66,79,16,0,3,12,32,36,11,0,14,46,34,43,5
2019_1,창신길,271,69,202,0,28,33,35,105,70,0,9,13,13,22,12,0,19,20,22,83,58
2019_1,창신5길,8,3,5,0,0,0,4,2,2,0,0,0,1,1,1,0,0,0,3,1,1
2019_1,창신2길,56,26,30,0,3,5,12,27,9,0,2,4,6,10,4,0,1,1,6,17,5
2019_1,창경궁로35길,1114,326,788,2,234,297,352,185,44,0,24,87,113,71,31,2,210,210,239,114,13
2019_1,지봉로8길,195,97,98,0,22,38,58,53,24,0,9,21,25,31,11,0,13,17,33,22,13
2019_1,종로65길,486,250,236,1,63,102,127,99,94,1,26,50,59,49,65,0,37,52,68,50,29
2019_1,자하문로7길,624,398,226,0,103,191,172,94,64,0,58,124,106,62,48,0,45,67,66,32,16
2019_1,이화장길,1996,960,1036,1,341,572,527,406,149,0,129,224,279,236,92,1,212,348,248,170,57
2019_1,율곡로16길,103,90,13,0,9,30,21,29,14,0,7,27,20,26,10,0,2,3,1,3,4
2019_1,율곡로10길,2228,1612,616,3,289,694,650,372,220,2,150,521,508,265,166,1,139,173,142,107,54
2019_1,옥인길,469,195,274,0,78,107,140,109,35,0,15,34,73,55,18,0,63,73,67,54,17
2019_1,숭인동길,24,5,19,0,3,0,6,6,9,0,0,0,3,2,0,0,3,0,3,4,9
2019_1,성균관로5길,133,82,51,0,13,10,11,16,83,0,4,5,5,6,62,0,9,5,6,10,21
2019_1,삼청로5길,449,169,280,1,109,131,93,71,44,0,25,47,45,31,21,1,84,84,48,40,23
2019_1,북촌로5나길,1693,1128,565,3,130,486,588,407,79,1,49,308,423,297,50,2,81,178,165,110,29
2019_1,북촌로5길,57,24,33,0,3,15,12,15,12,0,1,6,5,5,7,0,2,9,7,10,5
2019_1,북촌로11길,12,5,7,0,6,2,0,2,2,0,1,1,0,2,1,0,5,1,0,0,1
2019_1,백석동길,139,73,66,0,27,38,27,29,18,0,11,16,13,19,14,0,16,22,14,10,4
2019_1,명륜길,18,8,10,0,5,9,3,1,0,0,1,5,2,0,0,0,4,4,1,1,0
2019_1,돈화문로11가길,1048,569,479,0,157,246,272,224,149,0,42,112,165,135,115,0,115,134,107,89,34
2019_1,계동길,829,356,473,4,176,244,175,163,67,4,52,89,76,85,50,0,124,155,99,78,17
2018_4,강남 마이스 관광특구,22562,12970,9592,134,5387,7829,5600,2673,939,50,1825,4433,3940,2047,675,84,3562,3396,1660,626,264
2018_4,잠실 관광특구,30675,17928,12747,146,5724,7561,6724,6446,4074,69,2849,4805,4043,3653,2509,77,2875,2756,2681,2793,1565
2018_4,종로·청계 관광특구,31692,19002,12690,88,4453,9415,8633,6762,2341,35,1806,4890,5756,5081,1434,53,2647,4525,2877,1681,907
2018_4,동대문패션타운 관광특구,10568,5953,4615,18,2407,3346,2305,1601,891,12,1269,1899,1353,894,526,6,1138,1447,952,707,365
2018_4,명동 남대문 북창동 다동 무교동 관광특구,158818,77955,80863,586,34277,52798,41310,23186,6661,148,10471,23876,23836,15266,4358,438,23806,28922,17474,7920,2303
2018_4,이태원 관광특구,5857,3193,2664,32,1556,1641,1111,954,563,12,734,905,590,599,353,20,822,736,521,355,210
2018_4,길동복조리시장,471,321,150,1,47,95,139,106,83,0,30,61,93,77,60,1,17,34,46,29,23
2018_4,둔촌역전통시장,169,79,90,0,12,31,37,48,41,0,4,11,15,21,28,0,8,20,22,27,13
2018_4,성내골목시장,6,2,4,0,0,0,4,1,1,0,0,0,2,0,0,0,0,0,2,1,1
2018_4,천호시장,9,4,5,0,0,2,1,5,1,0,0,1,0,3,0,0,0,1,1,2,1
2018_4,암사종합시장,829,387,442,0,32,59,86,105,547,0,19,29,41,35,263,0,13,30,45,70,284
2018_4,고덕전통시장,400,387,13,0,2,13,50,126,209,0,2,10,43,124,208,0,0,3,7,2,1
2018_4,명일골목시장,531,208,323,1,32,33,62,148,255,1,22,19,17,25,124,0,10,14,45,123,131
2018_4,새마을시장,385,227,158,0,42,97,112,84,50,0,28,67,66,36,30,0,14,30,46,48,20
2018_4,석촌시장,165,98,67,0,19,29,47,39,31,0,10,17,26,24,21,0,9,12,21,15,10
2018_4,방이시장,611,372,239,0,63,188,152,155,53,0,41,154,102,52,23,0,22,34,50,103,30
2018_4,마천시장,216,77,139,1,24,40,64,58,29,1,7,14,20,23,12,0,17,26,44,35,17
2018_4,풍납시장,10,2,8,0,2,1,3,3,1,0,0,0,1,0,1,0,2,1,2,3,0
2018_4,강남개포시장,36,31,5,0,1,0,8,9,18,0,0,0,4,9,18,0,1,0,4,0,0
2018_4,도곡시장,484,215,269,2,82,102,134,97,67,0,21,55,56,44,39,2,61,47,78,53,28
2018_4,영동전통시장,3036,2192,844,20,466,811,833,606,300,12,256,593,682,442,207,8,210,218,151,164,93
2018_4,미성동도깨비시장,409,167,242,1,62,80,128,111,27,0,17,39,58,39,14,1,45,41,70,72,13
2018_4,신신림시장,3,2,1,0,0,0,2,1,0,0,0,0,1,1,0,0,0,0,1,0,0
2018_4,삼성동시장,94,38,56,0,9,18,20,25,22,0,1,9,8,8,12,0,8,9,12,17,10
2018_4,신림중앙시장,12,7,5,0,0,4,2,1,5,0,0,2,2,1,2,0,0,2,0,0,3
2018_4,강남골목시장,262,139,123,0,36,54,68,56,48,0,20,26,34,29,30,0,16,28,34,27,18
2018_4,관악신사시장,171,79,92,0,24,41,47,38,21,0,5,19,24,18,13,0,19,22,23,20,8
2018_4,신원시장,330,124,206,0,31,50,78,88,83,0,11,26,27,31,29,0,20,24,51,57,54
2018_4,인헌시장,204,95,109,0,32,72,50,30,20,0,9,41,26,12,7,0,23,31,24,18,13
2018_4,봉천현대시장,10,4,6,1,0,0,3,3,3,1,0,0,1,1,1,0,0,0,2,2,2
2018_4,봉천제일종합시장,62,31,31,0,3,9,13,29,8,0,1,6,6,12,6,0,2,3,7,17,2
2018_4,낙성대시장,16,9,7,0,1,2,2,9,2,0,1,1,2,5,0,0,0,1,0,4,2
2018_4,중부시장,185,54,131,0,23,33,39,44,46,0,4,11,13,17,9,0,19,22,26,27,37
2018_4,남성역골목시장,563,254,309,0,73,116,146,127,101,0,22,44,66,68,54,0,51,72,80,59,47
2018_4,남성사계시장,1983,874,1109,12,267,400,405,465,434,4,71,187,217,188,207,8,196,213,188,277,227
2018_4,흑석시장,171,54,117,1,24,43,55,34,14,1,5,9,14,13,12,0,19,34,41,21,2
2018_4,상도4동도깨비골목시장,327,84,243,1,65,69,87,74,31,0,16,18,24,15,11,1,49,51,63,59,20
2018_4,영도시장,83,41,42,0,13,19,22,19,10,0,3,8,15,9,6,0,10,11,7,10,4
2018_4,본동인정시장,134,73,61,0,9,33,36,29,27,0,3,15,19,15,21,0,6,18,17,14,6
2018_4,대림중앙시장,20,9,11,0,3,4,4,6,3,0,0,2,2,2,3,0,3,2,2,4,0
2018_4,우리시장,18,9,9,0,2,4,2,9,1,0,0,2,0,6,1,0,2,2,2,3,0
2018_4,영진시장A동,47,41,6,1,4,10,10,14,8,0,4,8,9,14,6,1,0,2,1,0,2
2018_4,사러가시장,34,12,22,0,8,10,9,5,2,0,3,3,2,3,1,0,5,7,7,2,1
2018_4,영등포청과시장,218,143,75,3,24,62,65,42,22,0,13,41,47,28,14,3,11,21,18,14,8
2018_4,영등포전통시장,4063,1979,2084,13,593,1454,1141,584,278,0,168,626,606,392,187,13,425,828,535,192,91
2018_4,은행나무시장,69,14,55,0,6,14,27,14,8,0,2,2,3,3,4,0,4,12,24,11,4
2018_4,현대시장,45,11,34,0,2,6,22,10,5,0,1,1,6,1,2,0,1,5,16,9,3
2018_4,남문시장,271,114,157,1,27,36,67,104,36,1,7,12,25,46,23,0,20,24,42,58,13
2018_4,독산동 우시장,137,58,79,0,13,14,49,40,21,0,7,6,16,15,14,0,6,8,33,25,7
2018_4,개봉중앙시장,10,5,5,0,0,1,1,2,6,0,0,0,1,0,4,0,0,1,0,2,2
2018_4,가리봉시장,16,13,3,0,0,2,5,3,6,0,0,1,5,2,5,0,0,1,0,1,1
2018_4,남구로시장,13,3,10,0,1,0,3,5,4,0,1,0,0,1,1,0,0,0,3,4,3
2018_4,구로시장,60,19,41,0,8,21,19,6,6,0,0,7,7,1,4,0,8,14,12,5,2
2018_4,방신전통시장,47,26,21,0,3,10,13,16,5,0,1,6,5,10,4,0,2,4,8,6,1
2018_4,송화골목시장,563,187,376,3,87,98,168,153,54,0,20,43,56,33,35,3,67,55,112,120,19
2018_4,까치산시장,46,27,19,0,4,15,16,9,2,0,1,9,10,5,2,0,3,6,6,4,0
2018_4,남부골목시장,217,92,125,0,24,47,68,58,20,0,6,17,31,27,11,0,18,30,37,31,9
2018_4,화곡중앙골목시장,2,2,0,0,0,1,0,0,1,0,0,1,0,0,1,0,0,0,0,0,0
2018_4,등마루시장,799,452,347,30,232,131,149,120,137,21,161,83,83,40,64,9,71,48,66,80,73
2018_4,신정3동골목시장,181,94,87,1,25,26,40,48,41,0,6,11,17,33,27,1,19,15,23,15,14
2018_4,신정2동골목시장,6,6,0,0,0,1,4,1,0,0,0,1,4,1,0,0,0,0,0,0,0
2018_4,신월6동골목시장,229,123,106,1,42,49,64,38,35,1,16,28,35,20,23,0,26,21,29,18,12
2018_4,신곡종합시장,13,9,4,0,1,1,3,2,6,0,1,1,2,1,4,0,0,0,1,1,2
2018_4,신월3동골목시장,68,24,44,0,8,17,19,19,5,0,3,9,7,4,1,0,5,8,12,15,4
2018_4,경창시장,208,85,123,1,8,25,49,62,63,0,4,16,26,23,16,1,4,9,23,39,47
2018_4,월정로시장,123,71,52,0,8,20,26,42,27,0,3,13,14,22,19,0,5,7,12,20,8
2018_4,신영시장,56,20,36,0,4,10,20,13,9,0,1,5,9,2,3,0,3,5,11,11,6
2018_4,목4동시장,211,70,141,0,19,39,48,68,37,0,4,14,9,22,21,0,15,25,39,46,16
2018_4,목3동시장,768,376,392,0,140,188,173,167,100,0,63,108,87,66,52,0,77,80,86,101,48
2018_4,목2동시장,228,108,120,0,31,48,72,58,19,0,6,31,34,28,9,0,25,17,38,30,10
2018_4,마포농수산물시장,461,295,166,0,14,51,118,175,103,0,10,30,80,105,70,0,4,21,38,70,33
2018_4,망원월드컵시장,16,11,5,1,0,2,7,3,3,1,0,2,4,3,1,0,0,0,3,0,2
2018_4,망원시장,60,30,30,0,10,13,9,18,10,0,3,8,6,5,8,0,7,5,3,13,2
2018_4,신수시장,121,83,38,0,11,31,44,18,17,0,3,19,31,15,15,0,8,12,13,3,2
2018_4,아현시장,25,5,20,0,2,9,7,4,3,0,0,3,1,1,0,0,2,6,6,3,3
2018_4,대림골목시장,411,134,277,0,35,81,131,109,55,0,15,26,34,35,24,0,20,55,97,74,31
2018_4,상계중앙시장,42,20,22,0,6,13,6,15,2,0,3,6,3,8,0,0,3,7,3,7,2
2018_4,방학동도깨비시장,160,66,94,0,18,41,43,34,24,0,9,23,17,11,6,0,9,18,26,23,18
2018_4,쌍문역골목시장,71,35,36,0,6,17,21,16,11,0,2,9,8,9,7,0,4,8,13,7,4
2018_4,신도봉시장,28,15,13,0,0,4,8,14,2,0,0,2,6,7,0,0,0,2,2,7,2
2018_4,창동신창시장,141,60,81,0,9,24,37,43,28,0,2,7,16,19,16,0,7,17,21,24,12
2018_4,수유북부시장,12,2,10,0,4,1,2,1,4,0,0,1,1,0,0,0,4,0,1,1,4
2018_4,장미원골목시장,67,41,26,0,7,12,19,20,9,0,1,7,12,15,6,0,6,5,7,5,3
2018_4,수유중앙시장,127,67,60,1,13,28,37,27,21,1,7,12,20,14,13,0,6,16,17,13,8
2018_4,강북종합시장,65,28,37,0,11,11,20,13,10,0,2,8,8,6,4,0,9,3,12,7,6
2018_4,우이시장,157,52,105,0,9,32,39,51,26,0,2,15,14,11,10,0,7,17,25,40,16
2018_4,수유전통시장,411,152,259,0,58,71,86,103,93,0,18,18,27,36,53,0,40,53,59,67,40
2018_4,번동북부골목시장,84,44,40,0,12,12,22,24,14,0,4,7,11,13,9,0,8,5,11,11,5
2018_4,솔샘시장,109,45,64,0,13,27,41,19,9,0,3,14,17,5,6,0,10,13,24,14,3
2018_4,방천골목시장,77,28,49,0,11,14,20,21,11,0,1,3,6,11,7,0,10,11,14,10,4
2018_4,석관황금시장,78,26,52,0,3,10,23,20,22,0,1,6,10,5,4,0,2,4,13,15,18
2018_4,장위전통시장,190,76,114,1,20,41,56,46,26,0,9,14,17,18,18,1,11,27,39,28,8
2018_4,정릉시장,37,13,24,0,8,6,10,9,4,0,1,3,5,2,2,0,7,3,5,7,2
2018_4,정릉아리랑시장,2,1,1,0,0,0,0,2,0,0,0,0,0,1,0,0,0,0,0,1,0
2018_4,돈암제일시장,52,19,33,2,10,6,18,7,9,2,2,2,5,3,5,0,8,4,13,4,4
2018_4,우림골목시장,218,108,110,0,13,31,52,54,68,0,5,12,22,26,43,0,8,19,30,28,25
2018_4,묵1동도깨비시장,290,125,165,0,35,52,79,89,35,0,9,22,33,41,20,0,26,30,46,48,15
2018_4,태능시장,3,1,2,0,2,0,0,1,0,0,0,0,0,1,0,0,2,0,0,0,0
2018_4,중화제일시장,22,1,21,0,8,1,4,6,3,0,0,0,0,1,0,0,8,1,4,5,3
2018_4,사가정시장,245,172,73,0,21,26,38,80,80,0,3,12,22,60,75,0,18,14,16,20,5
2018_4,동원시장,72,35,37,0,9,17,22,13,11,0,3,9,10,6,7,0,6,8,12,7,4
2018_4,동부골목시장,105,37,68,0,29,20,19,19,18,0,9,4,5,7,12,0,20,16,14,12,6
2018_4,회기시장,114,52,62,0,15,34,31,16,18,0,5,15,18,4,10,0,10,19,13,12,8
2018_4,답십리시장,31,10,21,0,3,5,14,8,1,0,1,0,7,1,1,0,2,5,7,7,0
2018_4,답십리현대시장,98,79,19,0,15,21,33,15,14,0,10,18,29,9,13,0,5,3,4,6,1
2018_4,청량리종합시장,10,6,4,0,1,3,0,4,2,0,1,2,0,1,2,0,0,1,0,3,0
2018_4,청량리농수산물시장,21,16,5,0,1,4,5,6,5,0,0,4,4,4,4,0,1,0,1,2,1
2018_4,서울약령시장,1319,793,526,2,125,220,323,376,273,2,59,130,195,228,179,0,66,90,128,148,94
2018_4,청량리수산시장,227,115,112,0,44,55,56,31,41,0,13,25,32,14,31,0,31,30,24,17,10
2018_4,구의시장,132,80,52,0,14,17,26,46,29,0,3,11,17,26,23,0,11,6,9,20,6
2018_4,조양시장,91,48,43,0,6,10,32,27,16,0,1,3,16,13,15,0,5,7,16,14,1
2018_4,영동교골목시장,18,12,6,0,1,5,5,2,5,0,0,5,3,1,3,0,1,0,2,1,2
2018_4,능동로골목시장,275,240,35,0,9,16,10,23,217,0,2,14,3,14,207,0,7,2,7,9,10
2018_4,자양골목시장,97,51,46,0,8,13,21,35,20,0,5,4,11,18,13,0,3,9,10,17,7
2018_4,중곡제일시장,130,65,65,1,11,23,27,44,24,1,3,11,11,22,17,0,8,12,16,22,7
2018_4,한아름시장,174,93,81,2,49,33,43,31,16,0,24,25,28,11,5,2,25,8,15,20,11
2018_4,성동용답상가시장,312,155,157,0,56,75,68,71,42,0,24,30,37,32,32,0,32,45,31,39,10
2018_4,뚝도시장,35,14,21,0,2,7,12,8,6,0,1,4,4,1,4,0,1,3,8,7,2
2018_4,금남시장,29,13,16,0,3,7,2,7,10,0,1,5,1,2,4,0,2,2,1,5,6
2018_4,행당시장,257,122,135,0,43,70,80,47,17,0,10,36,44,21,11,0,33,34,36,26,6
2018_4,마장축산물시장,1516,1018,498,1,154,397,426,337,201,1,108,278,281,224,126,0,46,119,145,113,75
2018_4,용문전통시장,41,20,21,0,2,6,12,14,7,0,1,3,5,6,5,0,1,3,7,8,2
2018_4,후암시장,48,19,29,0,2,9,9,18,10,0,1,4,3,5,6,0,1,5,6,13,4
2018_4,합동(새벽)시장,2365,1366,999,6,360,711,590,383,315,1,124,302,339,303,297,5,236,409,251,80,18
2018_4,서울중앙시장,278,184,94,0,30,78,70,73,27,0,14,55,45,48,22,0,16,23,25,25,5
2018_4,백학시장,463,238,225,0,63,144,110,103,43,0,26,71,61,48,32,0,37,73,49,55,11
2018_4,약수시장,1786,703,1083,9,281,404,424,373,295,1,75,155,176,141,155,8,206,249,248,232,140
2018_4,청평화시장,3360,2011,1349,2,907,1308,791,250,102,1,585,747,505,120,53,1,322,561,286,130,49
2018_4,제일평화시장,570,325,245,0,108,162,128,102,70,0,48,99,76,56,46,0,60,63,52,46,24
2018_4,남평화시장,200,123,77,0,17,37,39,73,34,0,12,18,27,43,23,0,5,19,12,30,11
2018_4,방산종합시장,1879,1180,699,3,151,416,481,496,332,1,86,274,285,295,239,2,65,142,196,201,93
2018_4,인현시장,1084,665,419,1,67,190,294,323,209,0,29,93,178,209,156,1,38,97,116,114,53
2018_4,신중부시장,2437,1607,830,7,205,445,683,652,445,4,106,294,447,431,325,3,99,151,236,221,120
2018_4,남대문시장,7146,3645,3501,45,1137,2611,1936,957,460,2,356,1304,1039,619,325,43,781,1307,897,338,135
2018_4,동묘시장,903,568,335,3,116,192,226,224,142,2,44,124,151,144,103,1,72,68,75,80,39
2018_4,창신골목시장,223,116,107,0,21,93,54,43,12,0,10,43,29,25,9,0,11,50,25,18,3
2018_4,충신시장,297,182,115,0,42,86,70,60,39,0,17,51,41,40,33,0,25,35,29,20,6
2018_4,종로신진시장,39,19,20,0,0,6,12,9,12,0,0,2,6,2,9,0,0,4,6,7,3
2018_4,동대문종합시장,320,185,135,2,55,72,90,58,43,1,30,34,59,33,28,1,25,38,31,25,15
2018_4,광장시장,204,152,52,0,15,37,36,64,52,0,11,29,25,46,41,0,4,8,11,18,11
2018_4,서울 노원구 노원역_3,775,329,446,12,223,145,151,142,102,2,78,76,67,52,54,10,145,69,84,90,48
2018_4,서울 노원구 노원역_1,1068,309,759,6,334,270,233,145,80,0,53,89,82,51,34,6,281,181,151,94,46
2018_4,창동역,2477,1573,904,2,270,432,668,658,447,0,108,262,427,467,309,2,162,170,241,191,138
2018_4,서울 강북구 수유역_3,64,32,32,0,12,15,10,18,9,0,6,7,6,7,6,0,6,8,4,11,3
2018_4,서울 강북구 수유역_2,4370,2230,2140,9,521,968,1020,1049,803,6,180,435,508,640,461,3,341,533,512,409,342
2018_4,서울 강북구 수유역_1,43,30,13,0,5,6,13,12,7,0,5,6,4,8,7,0,0,0,9,4,0
2018_4,서울 은평구 연신내역_3,676,207,469,4,149,131,167,128,97,2,29,35,53,50,38,2,120,96,114,78,59
2018_4,서울 은평구 연신내역_2,451,195,256,4,102,108,116,66,55,1,37,56,46,26,29,3,65,52,70,40,26
2018_4,서울 은평구 연신내역_1,74,30,44,0,22,16,14,15,7,0,6,8,5,6,5,0,16,8,9,9,2
2018_4,서울 성북구 미아삼거리역_2,507,206,301,1,90,116,146,116,38,1,19,40,66,62,18,0,71,76,80,54,20
2018_4,서울 강북구 미아삼거리역_1,542,200,342,4,137,124,104,94,79,3,36,48,38,31,44,1,101,76,66,63,35
2018_4,서울 은평구 불광역_3,54,19,35,0,11,8,16,14,5,0,3,1,7,6,2,0,8,7,9,8,3
2018_4,서울 은평구 불광역_2,69,26,43,0,9,12,16,22,10,0,0,2,7,10,7,0,9,10,9,12,3
2018_4,서울 은평구 불광역_1,284,113,171,1,36,64,52,76,55,0,15,24,23,24,27,1,21,40,29,52,28
2018_4,미아사거리_2,121,41,80,2,29,30,33,17,10,1,12,14,11,2,1,1,17,16,22,15,9
2018_4,미아사거리_1,621,283,338,13,135,128,148,126,71,9,68,66,53,43,44,4,67,62,95,83,27
2018_4,서울 성북구 성신여대입구역,5286,3156,2130,17,700,1193,1235,1440,701,6,280,563,703,1077,527,11,420,630,532,363,174
2018_4,경희대학교,370,178,192,4,65,88,94,77,42,0,33,50,49,30,16,4,32,38,45,47,26
2018_4,서울 성북구 안암역,112,69,43,3,20,39,28,8,14,0,10,33,16,3,7,3,10,6,12,5,7
2018_4,혜화역 대학로_3,1727,826,901,8,286,466,416,348,203,3,110,217,203,176,117,5,176,249,213,172,86
2018_4,혜화역 대학로_2,1513,820,693,2,97,459,526,354,75,1,35,193,270,271,50,1,62,266,256,83,25
2018_4,혜화역 대학로_1,1225,637,588,3,298,358,261,180,125,2,123,183,155,100,74,1,175,175,106,80,51
2018_4,디지털미디어시티,17010,11036,5974,16,2977,6456,5238,1925,398,2,1154,3986,4068,1539,287,14,1823,2470,1170,386,111
2018_4,서울 동대문구 청량리역,3509,2402,1107,14,686,860,857,654,438,8,463,653,592,401,285,6,223,207,265,253,153
2018_4,서울 종로구 안국역_2,706,276,430,2,169,210,179,104,42,1,40,91,82,34,28,1,129,119,97,70,14
2018_4,서울 종로구 안국역_1,11483,9242,2241,3,1208,4187,3560,1977,548,3,771,3318,2990,1717,443,0,437,869,570,260,105
2018_4,서울 종로구 경복궁역_1,207,80,127,0,38,52,33,45,39,0,15,23,11,10,21,0,23,29,22,35,18
2018_4,서울 종로구 종로3가역_3,3411,1821,1590,8,586,849,900,677,391,1,176,450,517,405,272,7,410,399,383,272,119
2018_4,서울 종로구 종로3가역_2,1922,1023,899,13,364,416,411,360,358,3,145,229,222,189,235,10,219,187,189,171,123
2018_4,서울 동대문구 신설동역_2,4377,2078,2299,20,472,609,722,1179,1375,4,145,312,402,486,729,16,327,297,320,693,646
2018_4,인사동,21052,13045,8007,66,3857,7020,5163,3269,1677,33,1428,4216,3865,2471,1032,33,2429,2804,1298,798,645
2018_4,서울 종로구 종로5가역_4,635,349,286,0,65,132,188,155,95,0,20,71,105,88,65,0,45,61,83,67,30
2018_4,서울 종로구 종로5가역_3,4960,3352,1608,7,613,1270,1381,1082,607,2,349,862,911,773,455,5,264,408,470,309,152
2018_4,종로구청,18495,10125,8370,553,3395,5549,4976,2864,1158,242,1395,2712,3126,1952,698,311,2000,2837,1850,912,460
2018_4,서울 종로구 종로5가역_2,17391,11598,5793,284,3078,5670,4753,2794,812,75,1303,3731,3674,2244,571,209,1775,1939,1079,550,241
2018_4,신설동역,738,421,317,3,119,193,160,168,95,1,43,112,99,92,74,2,76,81,61,76,21
2018_4,서울 동대문구 신설동역_1,2,2,0,0,0,0,1,0,1,0,0,0,1,0,1,0,0,0,0,0,0
2018_4,서울 종로구 광화문역_2,54371,32642,21729,61,7110,16725,17005,9883,3587,18,2626,9537,11401,6796,2264,43,4484,7188,5604,3087,1323
2018_4,동묘앞역,68,40,28,0,6,11,15,22,14,0,4,5,9,14,8,0,2,6,6,8,6
2018_4,장안동사거리,503,249,254,1,85,108,116,112,81,0,27,63,59,53,47,1,58,45,57,59,34
2018_4,서울 종로구 동대문역_2,1106,550,556,1,215,288,275,171,156,0,61,144,150,89,106,1,154,144,125,82,50
2018_4,동대문시장_2,500,300,200,0,41,106,114,131,108,0,19,62,73,69,77,0,22,44,41,62,31
2018_4,서울 종로구 종로5가역_1,50,38,12,0,3,7,14,17,9,0,1,4,12,14,7,0,2,3,2,3,2
2018_4,서울 종로구 종로3가역_1,4034,1757,2277,19,662,979,805,861,708,9,210,390,373,393,382,10,452,589,432,468,326
2018_4,서울 종로구 광화문역_1,2103,1344,759,0,375,778,497,302,151,0,127,481,386,255,95,0,248,297,111,47,56
2018_4,종각역,20751,13526,7225,21,2635,6782,6341,4479,493,6,1115,3539,4506,3986,374,15,1520,3243,1835,493,119
2018_4,종각역 젊음의 거리,2712,1114,1598,41,643,680,463,477,408,18,241,359,221,131,144,23,402,321,242,346,264
2018_4,서대문구 서대문역_1,348,250,98,0,38,77,114,62,57,0,23,52,88,40,47,0,15,25,26,22,10
2018_4,동대문시장_1,437,223,214,0,32,110,120,112,63,0,13,59,60,53,38,0,19,51,60,59,25
2018_4,시청역_2,21859,13798,8061,61,3741,6713,6415,3735,1194,20,1530,3993,4633,2731,891,41,2211,2720,1782,1004,303
2018_4,서울시청,23497,11478,12019,80,4332,7391,6986,3557,1151,17,1448,3282,3713,2288,730,63,2884,4109,3273,1269,421
2018_4,서울 중구 을지로3가역_2,7863,5061,2802,10,917,2052,2113,1539,1232,3,356,1208,1529,1054,911,7,561,844,584,485,321
2018_4,서울 중구 신당역_2,1354,683,671,8,620,330,192,135,69,5,294,178,97,64,45,3,326,152,95,71,24
2018_4,서대문구 서대문역_2,1449,871,578,0,301,410,394,224,120,0,121,244,268,162,76,0,180,166,126,62,44
2018_4,동대문역사문화공원역,2248,1277,971,1,285,536,545,526,355,0,103,303,325,314,232,1,182,233,220,212,123
2018_4,서울 중구 을지로3가역_1,18018,11428,6590,26,2375,5122,5696,3173,1626,7,1072,3086,3766,2384,1113,19,1303,2036,1930,789,513
2018_4,명동거리,9026,4728,4298,34,1499,2465,2399,1899,730,15,479,1216,1478,1070,470,19,1020,1249,921,829,260
2018_4,롯데백화점,40463,21491,18972,212,5800,13604,12582,6665,1600,63,1868,5993,7420,4990,1157,149,3932,7611,5162,1675,443
2018_4,서울 중구 신당역_1,1057,702,355,1,126,227,280,268,155,0,52,138,199,199,114,1,74,89,81,69,41
2018_4,북창동,10548,5655,4893,34,1707,3055,2870,2003,879,5,656,1656,1546,1185,607,29,1051,1399,1324,818,272
2018_4,서울 중구 충무로역_2,14898,6701,8197,68,2711,4096,4512,2561,950,25,804,2032,2120,1145,575,43,1907,2064,2392,1416,375
2018_4,서울 강서구 송정역,616,407,209,3,73,114,187,133,106,0,29,75,140,88,75,3,44,39,47,45,31
2018_4,장한평역_2,5325,3255,2070,27,1176,1296,982,1042,802,5,517,876,663,623,571,22,659,420,319,419,231
2018_4,시청역_1,54859,33251,21608,185,8075,20031,17685,7694,1189,42,3678,10844,11858,5963,866,143,4397,9187,5827,1731,323
2018_4,왕십리역_2,668,280,388,6,136,138,154,126,108,3,44,55,62,60,56,3,92,83,92,66,52
2018_4,서울 강서구 발산역,874,492,382,2,163,266,219,157,67,2,55,150,150,102,33,0,108,116,69,55,34
2018_4,장한평역_1,2508,1570,938,14,295,412,439,429,919,4,123,213,269,276,685,10,172,199,170,153,234
2018_4,서울 중구 충무로역_1,3239,2248,991,12,623,1015,877,559,153,5,429,792,667,258,97,7,194,223,210,301,56
2018_4,장한평역,2303,1580,723,4,168,404,749,657,321,3,81,251,535,470,240,1,87,153,214,187,81
2018_4,서울 중구 명동역,3988,2012,1976,7,771,1852,940,291,127,2,248,877,612,189,84,5,523,975,328,102,43
2018_4,장충동 족발거리,187,89,98,0,40,39,46,27,35,0,15,23,28,9,14,0,25,16,18,18,21
2018_4,한양시장,266,156,110,1,46,53,68,62,36,1,30,39,36,28,22,0,16,14,32,34,14
2018_4,서울 서대문구 이대역,1395,638,757,18,316,347,307,252,155,4,107,168,146,113,100,14,209,179,161,139,55
2018_4,서울 서대문구 신촌역,3278,1418,1860,34,914,837,616,513,364,16,316,422,290,198,176,18,598,415,326,315,188
2018_4,서울 마포구 홍대입구역_3,342,155,187,0,78,108,81,39,36,0,12,48,43,24,28,0,66,60,38,15,8
2018_4,서울 마포구 홍대입구역_2,3328,1284,2044,26,1368,1011,534,256,133,10,292,431,275,174,102,16,1076,580,259,82,31
2018_4,홍익대학교 주변,16818,8154,8664,83,4287,5192,3674,2142,1440,40,1631,2641,1923,977,942,43,2656,2551,1751,1165,498
2018_4,서울 광진구 군자역,227,131,96,1,37,59,64,39,27,0,15,40,37,25,14,1,22,19,27,14,13
2018_4,신촌역,221,106,115,0,34,61,66,38,22,0,13,18,40,21,14,0,21,43,26,17,8
2018_4,강서구청,3558,2312,1246,14,588,879,970,708,399,10,314,568,694,457,269,4,274,311,276,251,130
2018_4,서울 마포구 홍대입구역_1,871,475,396,10,257,279,183,97,45,1,106,161,118,60,29,9,151,118,65,37,16
2018_4,서울 강동구 고덕역,450,255,195,2,42,89,99,120,98,1,14,47,48,74,71,1,28,42,51,46,27
2018_4,서울 강동구 명일역,869,359,510,4,138,160,239,191,137,2,36,69,86,80,86,2,102,91,153,111,51
2018_4,어린이대공원역,88,47,41,0,10,23,25,23,7,0,4,13,15,11,4,0,6,10,10,12,3
2018_4,서울 마포구 공덕역_2,4328,2508,1820,3,701,1124,1297,976,227,2,249,650,883,598,126,1,452,474,414,378,101
2018_4,공덕역,7954,4594,3360,22,1802,2461,2200,1253,216,11,695,1203,1486,1030,169,11,1107,1258,714,223,47
2018_4,서울 용산구 숙대입구역,2707,1969,738,10,552,958,736,336,115,0,324,734,585,250,76,10,228,224,151,86,39
2018_4,남영역,12311,5453,6858,343,3626,3831,2793,1509,209,134,1543,1954,1256,444,122,209,2083,1877,1537,1065,87
2018_4,서울 마포구 공덕역_1,4905,2395,2510,26,1021,1406,1269,933,250,11,414,790,685,323,172,15,607,616,584,610,78
2018_4,서울 마포구 마포역_2,1002,557,445,2,138,233,309,215,105,1,62,129,182,114,69,1,76,104,127,101,36
2018_4,서울 광진구 건대입구역_2,2990,1023,1967,10,924,1046,537,292,181,2,221,349,243,94,114,8,703,697,294,198,67
2018_4,서울 마포구 마포역_1,13134,7794,5340,81,2229,3070,2894,2838,2022,27,983,1899,2001,1590,1294,54,1246,1171,893,1248,728
2018_4,서울 강동구 천호역_2,4128,1923,2205,14,864,931,827,642,850,3,277,490,393,253,507,11,587,441,434,389,343
2018_4,서울 광진구 건대입구역_1,916,434,482,3,232,183,206,145,147,1,86,103,94,73,77,2,146,80,112,72,70
2018_4,건대입구역,735,394,341,5,178,220,146,110,76,3,84,129,84,48,46,2,94,91,62,62,30
2018_4,서울 광진구 구의역,906,569,337,6,82,203,245,197,173,5,30,112,154,137,131,1,52,91,91,60,42
2018_4,서울 강동구 천호역,997,451,546,5,176,247,232,183,154,0,32,102,117,94,106,5,144,145,115,89,48
2018_4,당산역_2,4707,2881,1826,10,479,592,750,1033,1843,6,322,420,454,529,1150,4,157,172,296,504,693
2018_4,서울 강동구 길동역,1286,691,595,1,137,282,368,283,215,0,43,148,238,142,120,1,94,134,130,141,95
2018_4,용산 전자상가_5,2575,1881,694,15,395,992,793,286,94,9,275,747,581,202,67,6,120,245,212,84,27
2018_4,당산역_1,1148,704,444,4,190,305,305,206,138,1,70,205,190,131,107,3,120,100,115,75,31
2018_4,서울 광진구 강변역,1799,1410,389,11,128,377,542,439,302,6,78,270,440,374,242,5,50,107,102,65,60
2018_4,용산 전자상가_3,2469,1782,687,23,326,798,743,356,223,14,198,596,530,270,174,9,128,202,213,86,49
2018_4,서울 용산구 이태원역,661,400,261,6,236,195,96,70,58,1,144,143,52,34,26,5,92,52,44,36,32
2018_4,한남오거리,574,297,277,0,91,155,103,117,108,0,20,92,57,63,65,0,71,63,46,54,43
2018_4,용산 전자상가_2,479,380,99,4,59,163,162,64,27,3,49,133,135,45,15,1,10,30,27,19,12
2018_4,용산구청,33,15,18,0,6,14,5,7,1,0,2,6,3,3,1,0,4,8,2,4,0
2018_4,용산 전자상가_1,13047,8246,4801,62,4989,3348,2696,1485,467,34,2195,2260,2157,1278,322,28,2794,1088,539,207,145
2018_4,국회의사당역_2,38083,21992,16091,56,7631,13111,9043,6136,2106,17,2903,7276,6356,4205,1235,39,4728,5835,2687,1931,871
2018_4,서울 용산구 신용산역,505,240,265,0,72,102,118,129,84,0,37,59,47,52,45,0,35,43,71,77,39
2018_4,국회의사당역_1,5707,4396,1311,1,290,1230,1886,2079,221,1,135,750,1567,1754,189,0,155,480,319,325,32
2018_4,압구정 로데오거리_2,16443,6701,9742,141,5727,5862,2760,1209,744,32,1619,2696,1401,536,417,109,4108,3166,1359,673,327
2018_4,서울 강남구 압구정역,10265,4575,5690,262,2704,2822,1909,1332,1236,107,838,1314,1077,636,603,155,1866,1508,832,696,633
2018_4,서울 영등포구 영등포구청역,3733,1138,2595,22,1031,1464,792,351,73,0,112,541,242,185,58,22,919,923,550,166,15
2018_4,압구정 로데오거리_1,9087,2833,6254,34,3399,3498,1406,459,291,8,742,1106,587,231,159,26,2657,2392,819,228,132
2018_4,서울 강동구 둔촌동역,71,24,47,0,6,19,19,17,10,0,3,9,5,5,2,0,3,10,14,12,8
2018_4,오목교역,198,85,113,3,27,46,50,37,35,0,14,21,19,13,18,3,13,25,31,24,17
2018_4,신사동 가로수길,22466,10481,11985,110,5994,7494,4752,2597,1519,42,1612,3669,2747,1415,996,68,4382,3825,2005,1182,523
2018_4,서울 영등포구 여의도역_2,49729,33012,16717,113,7119,18041,15439,7161,1856,14,3079,11040,11667,6131,1081,99,4040,7001,3772,1030,775
2018_4,청담사거리_3,1143,414,729,5,342,449,209,92,46,0,74,170,97,41,32,5,268,279,112,51,14
2018_4,영등포유통상가,2109,1252,857,2,307,417,419,445,519,1,128,239,259,253,372,1,179,178,160,192,147
2018_4,청담역_2,1317,899,418,10,281,410,322,154,140,1,123,304,249,116,106,9,158,106,73,38,34
2018_4,청담역_1,194,154,40,5,21,67,58,28,15,5,12,53,50,23,11,0,9,14,8,5,4
2018_4,청담사거리_2,1189,873,316,5,235,427,389,106,27,0,119,316,333,86,19,5,116,111,56,20,8
2018_4,서울 영등포구 여의도역_1,51327,30887,20440,150,6867,13967,16181,11186,2976,17,3044,6727,9944,9145,2010,133,3823,7240,6237,2041,966
2018_4,학동사거리_2,2997,1699,1298,7,686,840,595,496,373,1,219,423,390,367,299,6,467,417,205,129,74
2018_4,서울 영등포구 영등포시장역,334,253,81,0,26,50,79,104,75,0,20,37,50,81,65,0,6,13,29,23,10
2018_4,학동사거리_1,4479,2220,2259,23,1209,1421,802,589,435,9,330,674,476,399,332,14,879,747,326,190,103
2018_4,여의도 시범아파트앞,2395,1580,815,9,403,567,598,491,327,3,204,370,403,359,241,6,199,197,195,132,86
2018_4,영등포역_3,906,535,371,1,173,248,190,207,87,0,62,145,120,147,61,1,111,103,70,60,26
2018_4,도산공원사거리_1,10355,6090,4265,26,2251,3415,2536,1477,650,7,876,2034,1705,1005,463,19,1375,1381,831,472,187
2018_4,영등포역_2,1259,661,598,7,172,192,258,322,308,5,70,110,130,153,193,2,102,82,128,169,115
2018_4,문래동 주민센터,74,59,15,0,5,10,23,23,13,0,4,9,18,16,12,0,1,1,5,7,1
2018_4,강남구 신사역_2,7930,4769,3161,36,1725,2897,2080,895,297,2,598,1738,1538,679,214,34,1127,1159,542,216,83
2018_4,서울 강남구 강남구청역_2,4663,2890,1773,52,1887,1320,906,387,111,29,950,848,693,297,73,23,937,472,213,90,38
2018_4,강남구 신사역_1,2430,1008,1422,2,663,911,538,191,125,2,120,362,323,122,79,0,543,549,215,69,46
2018_4,서울 동작구 노량진1동_1,19,6,13,0,1,4,3,7,4,0,1,1,1,1,2,0,0,3,2,6,2
2018_4,서울 강남구 학동역_3,9665,5539,4126,27,2112,3144,2307,1251,824,6,771,1846,1569,801,546,21,1341,1298,738,450,278
2018_4,서울 강남구 강남구청역_1,3642,2126,1516,12,535,839,1013,893,350,8,205,482,642,545,244,4,330,357,371,348,106
2018_4,잠실역,5868,4338,1530,22,974,1777,1708,983,404,5,473,1328,1452,793,287,17,501,449,256,190,117
2018_4,강남구 논현역_4,6478,3331,3147,14,1455,2018,1547,910,534,4,449,1080,962,500,336,10,1006,938,585,410,198
2018_4,학동역,1572,574,998,3,572,548,302,96,51,0,93,229,163,57,32,3,479,319,139,39,19
2018_4,방이동 먹자골목,5157,3223,1934,6,586,1287,1431,1144,703,4,264,802,986,692,475,2,322,485,445,452,228
2018_4,서울 강남구 학동역_2,6033,3234,2799,25,943,1553,1214,637,1661,8,270,772,686,377,1121,17,673,781,528,260,540
2018_4,서울 동작구 노량진역,3829,2175,1654,4,424,1015,971,1008,407,1,157,465,577,708,267,3,267,550,394,300,140
2018_4,삼성역_3,10170,5919,4251,14,1921,3905,2787,1126,417,3,645,2207,1875,912,277,11,1276,1698,912,214,140
2018_4,코엑스,22562,12970,9592,134,5387,7829,5600,2673,939,50,1825,4433,3940,2047,675,84,3562,3396,1660,626,264
2018_4,서울 강남구 학동역_1,5305,3348,1957,24,1230,1615,1198,701,537,13,584,1094,827,460,370,11,646,521,371,241,167
2018_4,선정릉역_2,6911,4247,2664,15,1414,2349,1639,974,520,4,511,1356,1194,765,417,11,903,993,445,209,103
2018_4,강남구 논현역_3,1533,932,601,2,279,586,348,191,127,0,126,398,219,111,78,2,153,188,129,80,49
2018_4,포스코사거리_2,7881,5022,2859,7,1542,3547,1826,652,307,2,642,2318,1360,475,225,5,900,1229,466,177,82
2018_4,포스코사거리_1,43841,29255,14586,73,6677,17062,13423,5379,1227,28,3106,11077,10155,4064,825,45,3571,5985,3268,1315,402
2018_4,잠실역 롯데월드,3871,1933,1938,80,1783,697,643,548,120,29,716,395,351,391,51,51,1067,302,292,157,69
2018_4,신도림역,3373,1768,1605,8,707,1138,968,448,104,2,285,612,518,273,78,6,422,526,450,175,26
2018_4,강남구 논현역_2,10089,4811,5278,31,3273,3149,2062,990,584,6,1020,1626,1341,534,284,25,2253,1523,721,456,300
2018_4,선정릉역_1,1924,1381,543,4,448,668,413,188,203,2,243,475,331,150,180,2,205,193,82,38,23
2018_4,신천역,5931,3190,2741,16,1050,1357,1418,1025,1065,10,423,748,737,528,744,6,627,609,681,497,321
2018_4,강남구 논현역_1,3585,2076,1509,10,551,1271,1029,499,225,0,196,765,634,322,159,10,355,506,395,177,66
2018_4,삼성역_2,18975,11521,7454,127,4401,7172,4236,2329,710,64,1903,4485,3014,1534,521,63,2498,2687,1222,795,189
2018_4,삼정역_2,2478,1346,1132,3,614,847,526,249,239,2,198,437,341,180,188,1,416,410,185,69,51
2018_4,삼정역_1,3329,1696,1633,7,827,1100,684,343,368,2,221,511,476,224,262,5,606,589,208,119,106
2018_4,삼성역_1,35413,22502,12911,100,5318,9735,8891,6497,4872,51,2361,6547,6512,4031,3000,49,2957,3188,2379,2466,1872
2018_4,서울 강남구 선릉역_2,7288,4707,2581,26,1227,2092,1819,1231,893,12,524,1431,1352,855,533,14,703,661,467,376,360
2018_4,고속터미널역,16485,4781,11704,14,5097,5508,3494,1936,436,3,731,1636,1220,935,256,11,4366,3872,2274,1001,180
2018_4,서울 서초구 강남역,33758,18836,14922,125,7773,11461,7130,4460,2809,56,2884,6572,4682,2838,1804,69,4889,4889,2448,1622,1005
2018_4,서울 강남구 선릉역_1,19964,8319,11645,88,6302,5354,3633,2994,1593,47,2427,2759,1527,852,707,41,3875,2595,2106,2142,886
2018_4,선릉역_2,20789,10769,10020,55,5184,6309,4657,2967,1617,18,1795,3508,2895,1552,1001,37,3389,2801,1762,1415,616
2018_4,서울 강남구 역삼역_2,27706,21651,6055,37,5640,9575,7578,4322,554,20,3342,7216,6602,4049,422,17,2298,2359,976,273,132
2018_4,서울 송파구 석촌역_1,37,21,16,0,2,9,10,14,2,0,1,5,4,9,2,0,1,4,6,5,0
2018_4,서울 강남구 강남역_2,5638,3260,2378,24,1340,1908,1288,740,338,8,481,1058,943,540,230,16,859,850,345,200,108
2018_4,선릉역_1,55373,30034,25339,263,10479,15126,14436,11968,3101,146,6469,10369,7187,3797,2066,117,4010,4757,7249,8171,1035
2018_4,구로역,153,85,68,0,11,7,27,22,86,0,0,2,9,12,62,0,11,5,18,10,24
2018_4,역삼역_2,4513,2557,1956,25,908,1521,1302,583,174,17,312,928,868,312,120,8,596,593,434,271,54
2018_4,대림역_2,7571,5787,1784,5,1066,2103,1738,1476,1183,1,831,1851,1475,925,704,4,235,252,263,551,479
2018_4,서울 강남구 역삼역_1,24525,15502,9023,97,4783,8725,6329,3016,1575,36,2094,5637,4549,2039,1147,61,2689,3088,1780,977,428
2018_4,신대방삼거리역,241,109,132,0,28,53,61,54,45,0,12,24,31,20,22,0,16,29,30,34,23
2018_4,서울 강남구 한티역,1139,451,688,6,212,304,291,218,108,3,54,116,129,93,56,3,158,188,162,125,52
2018_4,은마아파트입구사거리_4,105,53,52,1,11,19,39,29,6,0,3,15,22,8,5,1,8,4,17,21,1
2018_4,오류동역,1589,803,786,12,119,203,367,474,414,3,56,114,159,184,287,9,63,89,208,290,127
2018_4,서울 강남구 강남역,41280,19424,21856,61,8734,12909,9798,6486,3292,14,2763,6617,6080,2879,1071,47,5971,6292,3718,3607,2221
2018_4,교대역_4,5151,2877,2274,11,1020,1487,1255,807,571,3,340,754,759,584,437,8,680,733,496,223,134
2018_4,서울 강남구 강남역_1,135689,99243,36446,640,27733,60557,35990,9439,1330,381,14094,43249,31832,8663,1024,259,13639,17308,4158,776,306
2018_4,방배동카페골목,108,41,67,0,18,18,30,17,25,0,9,9,13,1,9,0,9,9,17,16,16
2018_4,가락시장,17284,10739,6545,52,2462,4009,4235,4221,2305,31,1124,2683,2898,2467,1536,21,1338,1326,1337,1754,769
2018_4,교대역_3,4422,2687,1735,5,537,1158,1283,920,519,3,133,525,871,712,443,2,404,633,412,208,76
2018_4,역삼역_1,1540,911,629,4,261,438,373,250,214,1,88,256,255,172,139,3,173,182,118,78,75
2018_4,교대역_2,3363,2149,1214,13,500,1201,844,556,249,12,174,757,614,403,189,1,326,444,230,153,60
2018_4,서울 송파구 가락시장역,5029,3136,1893,5,654,1420,1282,961,707,3,281,803,855,640,554,2,373,617,427,321,153
2018_4,서울 서초구 서초역,11841,4670,7171,37,3312,3338,2772,1748,634,10,986,1321,1050,838,465,27,2326,2017,1722,910,169
2018_4,서울 강남구 대치역_2,1508,910,598,1,154,502,531,197,123,0,47,259,383,123,98,1,107,243,148,74,25
2018_4,뱅뱅사거리_2,29870,20424,9446,308,5784,9096,8476,4413,1793,114,2866,6268,6573,3223,1380,194,2918,2828,1903,1190,413
2018_4,보라매공원,14421,8102,6319,68,2512,5095,4051,1916,779,28,1160,2727,2268,1350,569,40,1352,2368,1783,566,210
2018_4,교대역_1,13316,7616,5700,47,2327,4057,3513,2220,1152,5,750,2258,2314,1443,846,42,1577,1799,1199,777,306
2018_4,개봉동 현대아파트 인근,145,60,85,0,12,32,27,48,26,0,2,8,8,28,14,0,10,24,19,20,12
2018_4,뱅뱅사거리,7961,5087,2874,28,2538,2682,1553,849,311,7,1463,1770,1126,513,208,21,1075,912,427,336,103
2018_4,뱅뱅사거리_1,11051,7880,3171,50,1883,3475,2757,1865,1021,20,1029,2580,2215,1379,657,30,854,895,542,486,364
2018_4,서울 관악구 신림역_4,1027,467,560,3,170,178,252,238,186,2,59,82,137,98,89,1,111,96,115,140,97
2018_4,동작구 총신대입구역_1,262,123,139,0,46,61,62,55,38,0,11,33,28,26,25,0,35,28,34,29,13
2018_4,양재역_3,3614,2354,1260,8,695,1186,912,510,303,2,377,724,657,352,242,6,318,462,255,158,61
2018_4,동작구 총신대입구역_2,752,321,431,7,214,179,165,99,88,2,52,83,86,48,50,5,162,96,79,51,38
2018_4,서울 서초구 남부터미널역_3,1491,797,694,8,247,423,373,256,184,2,79,204,234,158,120,6,168,219,139,98,64
2018_4,서울 강남구 수서역,16052,11440,4612,16,2247,4525,4061,3036,2167,7,1371,3487,3011,1935,1629,9,876,1038,1050,1101,538
2018_4,서울 서초구 남부터미널역_2,10724,5529,5195,19,2238,2776,2716,1910,1065,6,1013,1561,1386,831,732,13,1225,1215,1330,1079,333
2018_4,구로디지탈1단지,66367,42004,24363,278,13462,23387,16940,8272,4028,161,6365,15444,11716,5265,3053,117,7097,7943,5224,3007,975
2018_4,양재역,133,61,72,0,24,57,32,9,11,0,4,26,18,4,9,0,20,31,14,5,2
2018_4,매봉역,612,229,383,0,304,127,89,49,43,0,54,58,58,31,28,0,250,69,31,18,15
2018_4,서울 서초구 방배역,3380,1969,1411,20,771,820,632,483,654,6,273,448,421,277,544,14,498,372,211,206,110
2018_4,서울 서초구 남부터미널역_1,540,396,144,4,79,168,133,89,67,0,42,126,106,66,56,4,37,42,27,23,11
2018_4,서울 관악구 신림역_2,34,17,17,0,2,5,10,9,8,0,1,4,5,4,3,0,1,1,5,5,5
2018_4,서울 관악구 신림역_1,1979,936,1043,14,323,340,321,396,585,6,138,173,156,165,298,8,185,167,165,231,287
2018_4,양재역_2,11338,6172,5166,105,3210,3894,2317,1205,607,33,1197,2435,1585,599,323,72,2013,1459,732,606,284
2018_4,양재역_1,923,654,269,0,85,180,207,255,196,0,38,82,124,223,187,0,47,98,83,32,9
2018_4,서울 관악구 서울대입구역_2,41,3,38,0,15,7,3,9,7,0,1,1,1,0,0,0,14,6,2,9,7
2018_4,가산디지털단지역_3,45037,29362,15675,113,8653,15421,12565,6063,2222,63,4305,10143,9136,4049,1666,50,4348,5278,3429,2014,556
2018_4,구로디지털단지역,2524,1636,888,11,526,783,638,385,181,5,248,527,433,273,150,6,278,256,205,112,31
2018_4,서울 관악구 서울대입구역_1,1936,848,1088,4,333,469,491,305,334,0,89,197,218,147,197,4,244,272,273,158,137
2018_4,관악구 사당역_1,3503,1459,2044,6,370,579,849,1088,611,2,182,322,310,225,418,4,188,257,539,863,193
2018_4,가산디지털단지역_2,59807,36563,23244,1205,17071,18368,12983,6546,3634,513,8151,11975,9246,4094,2584,692,8920,6393,3737,2452,1050
2018_4,관악구 사당역_2,494,285,209,1,106,127,107,104,49,1,54,72,59,67,32,0,52,55,48,37,17
2018_4,가산디지털단지역_1,28461,19196,9265,117,4723,8390,7260,4658,3313,75,2599,5883,5216,3053,2370,42,2124,2507,2044,1605,943
2018_4,장지역,4695,2900,1795,28,660,1282,1218,838,669,18,319,806,817,503,437,10,341,476,401,335,232
2018_4,포이사거리_1,5851,3303,2548,13,715,1776,1822,1248,277,1,400,1191,988,531,192,12,315,585,834,717,85
2018_4,포이사거리_2,8599,5946,2653,21,1007,2275,2585,1907,804,10,572,1521,1846,1376,621,11,435,754,739,531,183
2018_4,서울 관악구 대학동_1,112,67,45,1,17,47,18,19,10,0,6,28,12,12,9,1,11,19,6,7,1
2018_4,서울 금천구 독산1동_1,3020,1946,1074,20,446,693,730,681,450,9,216,429,474,443,375,11,230,264,256,238,75
2018_4,양재 화물트럭터미널앞_2,148,70,78,0,24,50,47,17,10,0,9,14,30,10,7,0,15,36,17,7,3
2018_4,양재 화물트럭터미널앞_1,4525,3730,795,11,849,1433,1153,794,285,2,589,1210,1005,687,237,9,260,223,148,107,48
2018_4,서울 금천구 시흥1동_4,957,409,548,2,151,165,196,247,196,2,37,71,87,104,108,0,114,94,109,143,88
2018_4,풍성로37가길,40,20,20,0,4,11,12,8,5,0,3,6,6,4,1,0,1,5,6,4,4
2018_4,천호옛길,476,320,156,0,72,112,123,86,83,0,48,74,91,45,62,0,24,38,32,41,21
2018_4,천호옛14길,703,384,319,7,124,133,153,167,119,2,50,74,86,96,76,5,74,59,67,71,43
2018_4,천호대로219길,1366,617,749,9,70,168,247,401,471,8,30,88,142,217,132,1,40,80,105,184,339
2018_4,천호대로197길,22,8,14,1,0,5,9,6,1,1,0,1,4,2,0,0,0,4,5,4,1
2018_4,천호대로187길,890,509,381,0,81,203,213,206,187,0,43,124,117,112,113,0,38,79,96,94,74
2018_4,천호대로170길,257,149,108,0,42,56,60,67,32,0,31,46,26,28,18,0,11,10,34,39,14
2018_4,천호대로162길,1306,831,475,2,146,388,345,237,188,0,79,300,241,122,89,2,67,88,104,115,99
2018_4,천중로51길,425,222,203,2,55,108,119,83,58,0,21,65,58,41,37,2,34,43,61,42,21
2018_4,천중로39길,564,213,351,2,50,94,125,130,163,1,10,37,40,50,75,1,40,57,85,80,88
2018_4,진황도로47길,1602,638,964,1,217,223,291,496,374,0,116,142,116,97,167,1,101,81,175,399,207
2018_4,진황도로27길,579,300,279,0,63,123,161,128,104,0,22,67,92,56,63,0,41,56,69,72,41
2018_4,올림픽로98길,41,17,24,0,2,6,12,11,10,0,1,1,6,3,6,0,1,5,6,8,4
2018_4,올림픽로77길,21,11,10,0,0,12,4,4,1,0,0,5,2,3,1,0,0,7,2,1,0
2018_4,올림픽로71길,353,258,95,0,27,107,97,80,42,0,16,82,71,57,32,0,11,25,26,23,10
2018_4,올림픽로48길,6417,3785,2632,40,604,1445,1510,1398,1420,18,259,717,826,911,1054,22,345,728,684,487,366
2018_4,양재대로96길,1304,791,513,0,107,213,263,372,349,0,66,125,145,209,246,0,41,88,118,163,103
2018_4,양재대로95길,604,312,292,2,61,117,160,167,97,1,29,55,89,73,65,1,32,62,71,94,32
2018_4,양재대로91길,1119,618,501,1,124,203,256,248,287,0,57,125,147,121,168,1,67,78,109,127,119
2018_4,양재대로133길,358,133,225,0,40,79,70,101,68,0,7,43,29,28,26,0,33,36,41,73,42
2018_4,양재대로124길,581,330,251,0,58,132,123,132,136,0,26,78,77,61,88,0,32,54,46,71,48
2018_4,양재대로116길,213,88,125,0,20,43,52,66,32,0,8,16,21,28,15,0,12,27,31,38,17
2018_4,양재대로101길,1389,809,580,2,141,278,323,297,348,0,45,133,185,186,260,2,96,145,138,111,88
2018_4,암사길,395,174,221,0,29,114,113,97,42,0,3,52,51,46,22,0,26,62,62,51,20
2018_4,성안로3길,1338,764,574,0,209,303,355,284,187,0,97,185,214,133,135,0,112,118,141,151,52
2018_4,성내로5길,1078,551,527,1,165,283,277,278,74,0,56,145,134,161,55,1,109,138,143,117,19
2018_4,상일로5길,41,23,18,0,3,6,10,12,10,0,1,4,5,6,7,0,2,2,5,6,3
2018_4,상암로5길,566,238,328,2,62,92,119,139,152,2,15,42,46,54,79,0,47,50,73,85,73
2018_4,상암로51길,788,343,445,3,137,149,188,166,145,2,37,70,89,62,83,1,100,79,99,104,62
2018_4,상암로4길,204,131,73,0,29,57,66,42,10,0,18,48,44,15,6,0,11,9,22,27,4
2018_4,상암로14길,407,217,190,1,56,90,127,81,52,1,22,44,78,36,36,0,34,46,49,45,16
2018_4,명일로13길,104,47,57,0,3,14,26,47,14,0,1,4,8,24,10,0,2,10,18,23,4
2018_4,동남로85길,116,66,50,0,6,31,32,32,15,0,3,23,16,13,11,0,3,8,16,19,4
2018_4,동남로82길,10,4,6,0,0,1,1,6,2,0,0,0,1,1,2,0,0,1,0,5,0
2018_4,동남로65길,81,25,56,0,2,9,20,23,27,0,2,3,6,5,9,0,0,6,14,18,18
2018_4,구천면로42길,347,193,154,3,46,70,80,75,73,1,25,36,46,38,47,2,21,34,34,37,26
2018_4,구천면로41길,583,246,337,0,55,157,165,147,59,0,14,69,79,57,27,0,41,88,86,90,32
2018_4,구천면로36길,40,23,17,0,5,9,11,11,4,0,2,5,7,5,4,0,3,4,4,6,0
2018_4,고덕로25길,14,8,6,0,0,6,6,1,1,0,0,4,4,0,0,0,0,2,2,1,1
2018_4,고덕로10길,181,84,97,0,15,44,39,55,28,0,6,25,19,19,15,0,9,19,20,36,13
2018_4,강동대로53길,887,492,395,3,146,217,229,197,95,0,62,138,119,109,64,3,84,79,110,88,31
2018_4,풍성로25길,787,283,504,1,113,202,191,165,115,0,32,90,61,52,48,1,81,112,130,113,67
2018_4,오금로46길,1431,710,721,10,257,360,359,304,141,6,90,188,187,151,88,4,167,172,172,153,53
2018_4,오금로36길,1297,935,362,3,184,398,390,245,77,0,94,271,323,185,62,3,90,127,67,60,15
2018_4,오금로11길,2163,1389,774,14,277,488,498,440,446,8,135,350,311,246,339,6,142,138,187,194,107
2018_4,양재대로72길,621,301,320,1,72,138,165,153,92,1,18,68,75,69,70,0,54,70,90,84,22
2018_4,양재대로71길,1434,887,547,5,210,420,327,250,222,2,71,232,227,180,175,3,139,188,100,70,47
2018_4,양재대로64길,1458,635,823,3,381,474,325,172,103,0,77,179,187,119,73,3,304,295,138,53,30
2018_4,양재대로62길,7052,4459,2593,5,239,416,591,862,4939,1,122,258,372,418,3288,4,117,158,219,444,1651
2018_4,송파대로30길,1629,990,639,6,270,365,395,367,226,1,147,253,246,204,139,5,123,112,149,163,87
2018_4,송이로36길,1947,1366,581,9,359,394,465,438,282,5,240,285,304,303,229,4,119,109,161,135,53
2018_4,송이로32길,732,412,320,3,63,134,214,217,101,1,27,88,126,107,63,2,36,46,88,110,38
2018_4,송이로23길,1442,912,530,3,142,280,331,325,361,3,66,160,189,220,274,0,76,120,142,105,87
2018_4,삼전로13길,1633,731,902,5,231,370,388,321,318,2,69,159,160,133,208,3,162,211,228,188,110
2018_4,백제고분로50길,1512,922,590,4,200,376,431,310,191,3,81,238,268,193,139,1,119,138,163,117,52
2018_4,백제고분로46길,1619,955,664,3,237,393,409,331,246,2,102,225,267,201,158,1,135,168,142,130,88
2018_4,백제고분로45길,504,326,178,2,90,108,118,115,71,2,60,68,78,72,46,0,30,40,40,43,25
2018_4,백제고분로42길,124,79,45,0,22,18,38,35,11,0,16,11,22,21,9,0,6,7,16,14,2
2018_4,백제고분로39길,1696,1248,448,2,262,732,406,204,90,1,190,652,288,70,47,1,72,80,118,134,43
2018_4,백제고분로34길,1516,980,536,7,182,365,451,334,177,4,89,238,309,215,125,3,93,127,142,119,52
2018_4,백제고분로33길,1104,708,396,0,124,277,312,265,126,0,68,172,204,171,93,0,56,105,108,94,33
2018_4,백제고분로32길,1121,500,621,3,132,216,252,340,178,3,39,96,119,142,101,0,93,120,133,198,77
2018_4,백제고분로31길,347,186,161,0,21,58,104,107,57,0,10,34,62,54,26,0,11,24,42,53,31
2018_4,백제고분로22길,1205,721,484,2,86,202,283,283,349,0,36,112,168,144,261,2,50,90,115,139,88
2018_4,백제고분로21길,205,136,69,0,27,49,39,47,43,0,8,28,24,35,41,0,19,21,15,12,2
2018_4,마천로51길,157,67,90,0,17,24,39,41,36,0,9,12,11,16,19,0,8,12,28,25,17
2018_4,동남로20길,155,82,73,0,22,22,40,48,23,0,9,11,22,28,12,0,13,11,18,20,11
2018_4,거마로20길,527,228,299,0,96,139,142,117,33,0,35,65,62,47,19,0,61,74,80,70,14
2018_4,학동로77길,2922,1463,1459,2,287,720,639,719,555,1,76,267,281,470,368,1,211,453,358,249,187
2018_4,학동로6길,1698,886,812,8,304,515,419,275,177,1,126,299,244,121,95,7,178,216,175,154,82
2018_4,학동로56길,893,439,454,3,89,248,254,210,89,1,24,94,125,129,66,2,65,154,129,81,23
2018_4,학동로38길,6922,4029,2893,15,1621,2062,1521,1019,684,6,583,1133,1017,754,536,9,1038,929,504,265,148
2018_4,테헤란로81길,524,204,320,3,207,195,80,19,20,3,72,72,27,12,18,0,135,123,53,7,2
2018_4,일원로9길,489,274,215,1,44,72,107,119,146,0,15,46,67,56,90,1,29,26,40,63,56
2018_4,일원로3길,234,125,109,0,15,43,74,71,31,0,8,34,42,28,13,0,7,9,32,43,18
2018_4,영동대로65길,3214,1853,1361,9,581,1091,796,457,280,5,260,656,535,225,172,4,321,435,261,232,108
2018_4,영동대로112길,628,391,237,5,112,191,159,96,65,3,55,130,111,54,38,2,57,61,48,42,27
2018_4,언주로81길,9998,4857,5141,38,2656,2783,2186,1526,809,11,884,1512,1335,758,357,27,1772,1271,851,768,452
2018_4,압구정로2길,2822,1499,1323,26,699,889,671,326,211,5,244,520,413,162,155,21,455,369,258,164,56
2018_4,선릉로18길,348,204,144,1,29,53,68,88,109,1,10,34,42,45,72,0,19,19,26,43,37
2018_4,선릉로146길,1923,986,937,4,478,716,394,201,130,1,199,386,233,99,68,3,279,330,161,102,62
2018_4,선릉로133길,270,147,123,0,50,76,59,42,43,0,19,42,34,22,30,0,31,34,25,20,13
2018_4,선릉로132길,1089,619,470,1,133,282,225,228,220,0,41,127,125,158,168,1,92,155,100,70,52
2018_4,선릉로121길,1565,874,691,6,282,614,373,184,106,3,102,321,250,124,74,3,180,293,123,60,32
2018_4,삼성로75길,2635,1450,1185,4,612,706,541,465,307,0,238,350,315,313,234,4,374,356,226,152,73
2018_4,삼성로69길,357,181,176,0,99,119,78,46,15,0,29,63,48,28,13,0,70,56,30,18,2
2018_4,삼성로64길,522,249,273,0,126,162,111,82,41,0,36,78,73,39,23,0,90,84,38,43,18
2018_4,삼성로63길,245,96,149,2,55,35,75,58,20,2,20,12,28,22,12,0,35,23,47,36,8
2018_4,삼성로57길,846,267,579,10,134,271,216,138,77,4,36,66,68,48,45,6,98,205,148,90,32
2018_4,삼성로147길,874,357,517,2,220,277,165,124,86,1,52,108,78,65,53,1,168,169,87,59,33
2018_4,삼성로115길,256,151,105,0,37,92,58,40,29,0,11,60,40,24,16,0,26,32,18,16,13
2018_4,봉은사로68길,204,91,113,0,49,58,55,24,18,0,11,26,31,13,10,0,38,32,24,11,8
2018_4,봉은사로57길,1141,708,433,4,333,356,240,137,71,1,117,226,183,115,66,3,216,130,57,22,5
2018_4,봉은사로43길,1058,705,353,12,237,344,260,113,92,8,142,223,189,80,63,4,95,121,71,33,29
2018_4,봉은사로29길,138,95,43,0,27,52,28,23,8,0,14,40,21,15,5,0,13,12,7,8,3
2018_4,봉은사로109길,329,175,154,0,71,88,71,50,49,0,23,51,38,33,30,0,48,37,33,17,19
2018_4,도산대로89길,2258,953,1305,21,585,798,443,268,143,2,148,329,238,139,97,19,437,469,205,129,46
2018_4,도산대로81길,4192,1529,2663,30,1511,1280,791,377,203,5,478,534,267,135,110,25,1033,746,524,242,93
2018_4,도산대로50길,2731,1870,861,3,242,450,568,803,665,1,146,340,487,560,336,2,96,110,81,243,329
2018_4,도산대로38길,163,91,72,2,44,37,36,30,14,0,16,25,22,21,7,2,28,12,14,9,7
2018_4,도산대로30길,3304,1620,1684,5,912,1132,729,366,160,3,324,571,410,191,121,2,588,561,319,175,39
2018_4,도산대로23길,1448,886,562,1,402,393,278,174,200,0,161,236,190,126,173,1,241,157,88,48,27
2018_4,도산대로15길,1632,760,872,7,556,576,281,136,76,4,210,290,150,67,39,3,346,286,131,69,37
2018_4,도곡로37길,4197,2203,1994,10,925,1317,1089,596,260,4,250,721,706,331,191,6,675,596,383,265,69
2018_4,논현로8길,783,440,343,5,152,216,197,132,81,2,81,149,91,60,57,3,71,67,106,72,24
2018_4,논현로63길,3203,2261,942,7,414,887,891,664,340,2,201,566,692,498,302,5,213,321,199,166,38
2018_4,논현로28길,10510,7244,3266,16,2109,4090,2580,1092,623,9,1029,2705,2018,936,547,7,1080,1385,562,156,76
2018_4,논현로26길,7670,5050,2620,30,1204,2053,1599,1114,1670,23,666,1593,1292,746,730,7,538,460,307,368,940
2018_4,논현로139길,2712,1278,1434,5,742,969,536,239,221,3,184,491,339,109,152,2,558,478,197,130,69
2018_4,논현로123길,100,59,41,0,18,28,22,22,10,0,9,18,14,13,5,0,9,10,8,9,5
2018_4,논현로115길,2806,1441,1365,3,657,1020,655,249,222,0,206,512,431,145,147,3,451,508,224,104,75
2018_4,논현로10길,2570,1650,920,6,241,503,640,608,572,2,117,343,408,381,399,4,124,160,232,227,173
2018_4,논현로106길,2765,1572,1193,6,414,638,678,600,429,4,177,430,423,275,263,2,237,208,255,325,166
2018_4,남부순환로365길,171,122,49,0,20,38,51,41,21,0,9,28,36,34,15,0,11,10,15,7,6
2018_4,개포로28길,296,193,103,0,39,84,66,73,34,0,19,59,50,41,24,0,20,25,16,32,10
2018_4,개포로20길,4215,2408,1807,8,570,943,1118,983,593,5,237,560,614,521,471,3,333,383,504,462,122
2018_4,개포로17길,2622,1698,924,6,289,692,756,568,311,3,137,432,523,362,241,3,152,260,233,206,70
2018_4,강남대로140길,4005,2014,1991,10,732,1091,834,800,538,3,190,523,519,393,386,7,542,568,315,407,152
2018_4,강남대로136길,1294,759,535,4,275,449,340,133,93,1,104,252,240,86,76,3,171,197,100,47,17
2018_4,강남대로118길,588,330,258,2,81,147,138,86,134,0,21,72,88,51,98,2,60,75,50,35,36
2018_4,서초중앙로8길,7653,5747,1906,10,1199,2392,2152,1482,418,4,731,1818,1738,1118,338,6,468,574,414,364,80
2018_4,방배중앙로21길,1297,640,657,6,200,246,287,306,252,3,72,124,159,135,147,3,128,122,128,171,105
2018_4,효령로72길,204,124,80,2,45,34,51,45,27,0,15,24,30,34,21,2,30,10,21,11,6
2018_4,효령로34길,37,31,6,0,1,7,10,9,10,0,0,4,10,7,10,0,1,3,0,2,0
2018_4,효령로31길,1329,705,624,2,309,315,353,214,136,1,75,165,230,130,104,1,234,150,123,84,32
2018_4,효령로23길,732,433,299,3,136,164,209,138,82,2,54,93,133,89,62,1,82,71,76,49,20
2018_4,청두곶길,2220,1352,868,21,547,568,570,390,124,3,266,397,336,264,86,18,281,171,234,126,38
2018_4,주흥길,333,224,109,0,40,108,100,60,25,0,20,67,73,42,22,0,20,41,27,18,3
2018_4,주흥15길,1480,947,533,2,305,442,332,189,210,2,157,278,250,118,142,0,148,164,82,71,68
2018_4,언남길,1642,1109,533,5,230,437,511,301,158,3,123,297,357,216,113,2,107,140,154,85,45
2018_4,신반포로45길,451,275,176,2,81,125,93,67,83,2,30,73,70,46,54,0,51,52,23,21,29
2018_4,서초대로8길,248,125,123,0,36,56,88,43,25,0,13,33,44,23,12,0,23,23,44,20,13
2018_4,서초대로64길,623,435,188,2,99,134,163,128,97,0,48,83,125,107,72,2,51,51,38,21,25
2018_4,서초대로4길,652,473,179,1,76,166,169,131,109,1,55,116,135,95,71,0,21,50,34,36,38
2018_4,서초대로25길,3904,2399,1505,13,785,1180,1006,674,246,9,361,724,697,436,172,4,424,456,309,238,74
2018_4,서초대로23길,556,339,217,0,76,162,128,65,125,0,35,102,78,34,90,0,41,60,50,31,35
2018_4,서초대로15길,1535,711,824,7,171,349,414,358,236,3,41,161,195,141,170,4,130,188,219,217,66
2018_4,사평대로57길,177,66,111,2,41,57,34,19,24,0,10,28,17,10,1,2,31,29,17,9,23
2018_4,사평대로26길,13,9,4,0,0,1,4,3,5,0,0,1,2,3,3,0,0,0,2,0,2
2018_4,사평대로22길,1484,903,581,34,357,381,343,242,127,11,196,248,221,162,65,23,161,133,122,80,62
2018_4,사임당로17길,1851,1124,727,11,365,621,416,265,173,6,144,370,282,181,141,5,221,251,134,84,32
2018_4,방배로42길,126,58,68,1,21,29,37,11,27,1,3,10,22,3,19,0,18,19,15,8,8
2018_4,방배로35길,2371,1505,866,11,330,564,496,457,513,4,141,363,322,297,378,7,189,201,174,160,135
2018_4,방배로18길,77,45,32,0,19,24,18,6,10,0,12,10,13,3,7,0,7,14,5,3,3
2018_4,반포대로9길,658,422,236,2,131,161,180,107,77,2,64,100,125,77,54,0,67,61,55,30,23
2018_4,바우뫼로39길,2652,1560,1092,11,328,651,523,474,665,8,155,423,366,259,349,3,173,228,157,215,316
2018_4,마방로2길,3850,2366,1484,13,648,1125,930,811,323,6,276,713,627,517,227,7,372,412,303,294,96
2018_4,방배천로4안길,1298,851,447,1,126,311,378,326,156,1,60,197,275,231,87,0,66,114,103,95,69
2018_4,동산로19길,1298,847,451,0,146,384,340,253,175,0,70,250,236,170,121,0,76,134,104,83,54
2018_4,동산로10길,2806,1517,1289,21,355,572,655,669,534,16,192,378,345,306,280,5,163,194,310,363,254
2018_4,동광로39길,54,27,27,0,8,4,20,12,10,0,2,2,9,9,5,0,6,2,11,3,5
2018_4,동광로1길,966,534,432,3,148,237,236,168,174,2,64,136,138,91,103,1,84,101,98,77,71
2018_4,동광로12길,794,508,286,3,92,185,231,158,125,2,38,110,153,111,94,1,54,75,78,47,31
2018_4,논현로27길,3588,2542,1046,16,564,913,978,719,398,9,282,611,712,592,336,7,282,302,266,127,62
2018_4,논현로1길,550,355,195,0,86,168,130,88,78,0,47,119,92,55,42,0,39,49,38,33,36
2018_4,남부순환로339길,13336,5891,7445,66,3615,3244,2855,2578,978,46,1545,1848,1292,707,453,20,2070,1396,1563,1871,525
2018_4,남부순환로325길,8261,3970,4291,17,1140,3138,2005,1374,587,6,445,1268,1067,771,413,11,695,1870,938,603,174
2018_4,남부순환로317길,1663,1135,528,5,331,586,362,172,207,3,173,421,271,126,141,2,158,165,91,46,66
2018_4,고무래로8길,6501,3376,3125,14,783,1701,1658,1272,1073,3,224,757,939,803,650,11,559,944,719,469,423
2018_4,강남대로8길,2603,1629,974,3,249,637,722,627,365,0,128,400,479,374,248,3,121,237,243,253,117
2018_4,강남대로34길,1069,705,364,1,214,384,240,128,102,0,117,268,159,76,85,1,97,116,81,52,17
2018_4,강남대로23길,7309,5154,2155,19,1146,1742,1763,1725,914,12,760,1311,1376,1085,610,7,386,431,387,640,304
2018_4,소담길,34,11,23,0,4,11,5,11,3,0,0,5,2,3,1,0,4,6,3,8,2
2018_4,원신길,297,116,181,0,35,91,51,71,49,0,6,34,27,32,17,0,29,57,24,39,32
2018_4,양산길,356,242,114,0,34,46,69,103,104,0,8,22,43,76,93,0,26,24,26,27,11
2018_4,호암로24길,788,262,526,1,70,119,196,226,176,1,19,63,82,39,58,0,51,56,114,187,118
2018_4,호암로20길,55,29,26,0,5,8,12,18,12,0,2,4,6,9,8,0,3,4,6,9,4
2018_4,행운길,21,5,16,0,0,3,8,9,1,0,0,2,1,2,0,0,0,1,7,7,1
2018_4,행운1길,105,71,34,0,5,25,37,22,16,0,4,12,28,13,14,0,1,13,9,9,2
2018_4,청림3길,74,37,37,0,11,15,19,22,7,0,2,8,10,11,6,0,9,7,9,11,1
2018_4,청룡길,89,48,41,0,23,30,20,11,5,0,9,16,13,8,2,0,14,14,7,3,3
2018_4,청룡8길,10,5,5,0,1,3,1,2,3,0,0,2,0,1,2,0,1,1,1,1,1
2018_4,중앙길,260,94,166,0,41,44,70,65,40,0,3,11,27,35,18,0,38,33,43,30,22
2018_4,조원중앙로2길,1189,848,341,0,113,345,273,306,152,0,67,230,203,228,120,0,46,115,70,78,32
2018_4,조원로18길,1045,551,494,1,125,251,241,266,161,1,42,154,130,142,82,0,83,97,111,124,79
2018_4,조원로10길,275,121,154,0,58,53,57,55,52,0,19,23,20,27,32,0,39,30,37,28,20
2018_4,장군봉2길,400,277,123,0,29,102,118,105,46,0,14,60,83,82,38,0,15,42,35,23,8
2018_4,장군봉1길,83,16,67,0,7,28,26,18,4,0,2,4,3,3,4,0,5,24,23,15,0
2018_4,인헌길,82,52,30,0,6,21,25,17,13,0,5,15,15,9,8,0,1,6,10,8,5
2018_4,은천로25길,284,92,192,0,50,63,72,54,45,0,2,17,29,23,21,0,48,46,43,31,24
2018_4,양녕로6길,822,465,357,4,98,165,200,196,159,4,46,80,123,121,91,0,52,85,77,75,68
2018_4,신원로3길,25,14,11,0,3,6,12,3,1,0,2,3,6,2,1,0,1,3,6,1,0
2018_4,신사로20길,44,14,30,0,12,9,6,12,5,0,2,0,4,6,2,0,10,9,2,6,3
2018_4,신림로64길,242,118,124,2,34,58,69,56,23,1,16,35,28,25,13,1,18,23,41,31,10
2018_4,신림로48길,69,33,36,0,10,13,16,15,15,0,3,5,7,7,11,0,7,8,9,8,4
2018_4,신림로38길,60,33,27,0,5,16,15,11,13,0,1,13,6,5,8,0,4,3,9,6,5
2018_4,신림로28길,328,227,101,0,18,46,80,93,91,0,9,17,41,74,86,0,9,29,39,19,5
2018_4,신림로11길,470,420,50,0,8,26,131,229,76,0,4,17,121,211,67,0,4,9,10,18,9
2018_4,신림동길,354,198,156,2,56,87,79,81,49,0,28,54,51,39,26,2,28,33,28,42,23
2018_4,승방길,571,365,206,0,82,173,165,98,53,0,35,125,124,50,31,0,47,48,41,48,22
2018_4,서림7길,289,116,173,0,21,66,87,86,29,0,11,30,28,34,13,0,10,36,59,52,16
2018_4,봉천로33길,308,199,109,0,39,60,89,71,49,0,24,41,57,43,34,0,15,19,32,28,15
2018_4,봉천로13길,318,88,230,0,19,49,98,102,50,0,3,13,32,22,18,0,16,36,66,80,32
2018_4,복은길,155,55,100,0,12,21,31,52,39,0,2,10,15,20,8,0,10,11,16,32,31
2018_4,법원단지길,2,2,0,0,0,0,2,0,0,0,0,0,2,0,0,0,0,0,0,0,0
2018_4,법원단지9길,87,39,48,0,13,27,11,22,14,0,4,16,4,7,8,0,9,11,7,15,6
2018_4,미성5길,77,44,33,0,6,14,15,20,22,0,2,7,9,10,16,0,4,7,6,10,6
2018_4,대학길,75,39,36,0,5,21,20,21,8,0,3,13,11,9,3,0,2,8,9,12,5
2018_4,대학14길,13,4,9,0,1,2,1,3,6,0,0,2,0,2,0,0,1,0,1,1,6
2018_4,당곡길,386,205,181,0,42,77,103,87,77,0,21,35,55,37,57,0,21,42,48,50,20
2018_4,남현길,224,76,148,0,28,62,58,51,25,0,5,16,24,15,16,0,23,46,34,36,9
2018_4,남현3길,270,140,130,0,45,63,89,46,27,0,9,32,49,27,23,0,36,31,40,19,4
2018_4,남부순환로248길,251,112,139,1,28,64,69,59,30,0,8,32,20,33,19,1,20,32,49,26,11
2018_4,남부순환로234길,173,116,57,1,20,37,47,38,30,1,9,22,36,25,23,0,11,15,11,13,7
2018_4,남부순환로172길,1264,685,579,1,93,227,290,378,275,1,34,119,153,199,179,0,59,108,137,179,96
2018_4,남부순환로161길,31,12,19,0,3,5,15,5,3,0,1,1,7,2,1,0,2,4,8,3,2
2018_4,남부순환로151길,200,144,56,0,11,31,53,69,36,0,7,19,43,44,31,0,4,12,10,25,5
2018_4,남부순환로142길,93,49,44,0,13,12,22,27,19,0,4,9,6,19,11,0,9,3,16,8,8
2018_4,난향길,177,42,135,0,16,47,57,42,15,0,2,6,12,10,12,0,14,41,45,32,3
2018_4,난우길,426,159,267,0,29,68,104,111,114,0,5,21,53,39,41,0,24,47,51,72,73
2018_4,난곡로74길,117,53,64,0,16,32,27,28,14,0,2,12,16,15,8,0,14,20,11,13,6
2018_4,난곡로34길,25,7,18,0,6,2,9,5,3,0,0,0,3,2,2,0,6,2,6,3,1
2018_4,난곡로26길,141,50,91,0,9,27,50,40,15,0,1,11,17,12,9,0,8,16,33,28,6
2018_4,난곡로24길,26,16,10,0,0,5,10,10,1,0,0,3,5,7,1,0,0,2,5,3,0
2018_4,낙성대역길,698,446,252,0,61,104,131,182,220,0,15,57,62,125,187,0,46,47,69,57,33
2018_4,국회단지길,572,272,300,0,102,114,158,127,71,0,18,61,104,53,36,0,84,53,54,74,35
2018_4,구암길,88,34,54,0,11,19,30,17,11,0,4,8,8,7,7,0,7,11,22,10,4
2018_4,관천로22길,19,6,13,0,3,3,7,2,4,0,1,1,3,0,1,0,2,2,4,2,3
2018_4,관천로15길,150,82,68,1,19,24,46,32,28,1,5,16,25,13,22,0,14,8,21,19,6
2018_4,관악로30길,187,62,125,1,25,40,44,41,36,0,6,13,16,12,15,1,19,27,28,29,21
2018_4,관악로28길,151,71,80,0,13,19,44,30,45,0,2,4,10,15,40,0,11,15,34,15,5
2018_4,관악로14길,464,257,207,6,114,85,88,90,81,0,49,54,52,40,62,6,65,31,36,50,19
2018_4,관악로10길,223,156,67,0,23,49,75,44,32,0,11,37,56,30,22,0,12,12,19,14,10
2018_4,흑석로9길,171,71,100,1,32,39,34,41,24,0,13,22,14,15,7,1,19,17,20,26,17
2018_4,흑석로13길,149,11,138,0,57,44,25,13,10,0,3,2,2,1,3,0,54,42,23,12,7
2018_4,장승배기로27길,46,21,25,0,5,4,14,15,8,0,1,1,8,6,5,0,4,3,6,9,3
2018_4,장승배기로19길,8,4,4,0,1,2,0,4,1,0,0,0,0,3,1,0,1,2,0,1,0
2018_4,여의대방로46길,465,161,304,1,49,141,137,97,40,0,10,46,37,39,29,1,39,95,100,58,11
2018_4,여의대방로24길,18249,9804,8445,54,3451,3244,3060,4707,3733,34,2546,2578,1565,1560,1521,20,905,666,1495,3147,2212
2018_4,여의대방로22카길,306,125,181,0,28,41,98,94,45,0,9,27,44,29,16,0,19,14,54,65,29
2018_4,여의대방로22나길,129,52,77,0,10,29,35,39,16,0,4,8,12,19,9,0,6,21,23,20,7
2018_4,여의대방로22길,248,147,101,0,48,41,45,65,49,0,19,32,24,36,36,0,29,9,21,29,13
2018_4,양녕로26길,135,67,68,0,13,21,26,46,29,0,1,11,11,21,23,0,12,10,15,25,6
2018_4,신대방길,99,63,36,0,6,20,32,20,21,0,2,11,19,17,14,0,4,9,13,3,7
2018_4,성대로29길,3,2,1,0,0,1,2,0,0,0,0,0,2,0,0,0,0,1,0,0,0
2018_4,성대로1길,343,143,200,0,20,62,93,76,92,0,8,37,40,30,28,0,12,25,53,46,64
2018_4,서달로8가길,247,99,148,1,26,45,56,60,59,0,7,16,19,23,34,1,19,29,37,37,25
2018_4,서달로14길,42,18,24,0,13,5,12,5,7,0,4,3,5,1,5,0,9,2,7,4,2
2018_4,서달로10길,66,32,34,0,2,20,12,26,6,0,1,10,7,11,3,0,1,10,5,15,3
2018_4,상도로62길,185,56,129,1,14,39,54,45,32,0,1,10,11,17,17,1,13,29,43,28,15
2018_4,상도로61길,46,21,25,0,11,8,11,11,5,0,2,3,6,5,5,0,9,5,5,6,0
2018_4,상도로47길,46,33,13,0,8,15,9,10,4,0,6,12,4,7,4,0,2,3,5,3,0
2018_4,상도로37길,1920,932,988,31,288,471,506,413,211,0,70,281,289,198,94,31,218,190,217,215,117
2018_4,상도로15길,359,155,204,0,43,72,112,93,39,0,12,29,56,44,14,0,31,43,56,49,25
2018_4,사당로8길,121,66,55,0,11,24,34,26,26,0,2,10,21,15,18,0,9,14,13,11,8
2018_4,사당로30길,298,204,94,0,13,78,113,68,26,0,6,51,75,53,19,0,7,27,38,15,7
2018_4,사당로2차길,113,76,37,1,37,22,21,20,12,1,30,11,15,11,8,0,7,11,6,9,4
2018_4,사당로29길,26,22,4,0,1,2,4,8,11,0,1,1,3,6,11,0,0,1,1,2,0
2018_4,사당로26길,260,148,112,0,35,44,83,62,36,0,12,29,55,32,20,0,23,15,28,30,16
2018_4,사당로23나길,141,45,96,0,7,21,48,31,34,0,2,4,13,5,21,0,5,17,35,26,13
2018_4,사당로23길,16,12,4,0,2,3,4,5,2,0,2,2,3,3,2,0,0,1,1,2,0
2018_4,사당로20길,194,146,48,0,7,19,76,57,35,0,2,14,60,40,30,0,5,5,16,17,5
2018_4,사당로16길,135,40,95,0,8,24,44,46,13,0,1,5,16,9,9,0,7,19,28,37,4
2018_4,사당로16가길,772,471,301,0,29,54,92,114,483,0,20,29,48,55,319,0,9,25,44,59,164
2018_4,만양로8길,95,46,49,0,15,25,21,18,16,0,6,12,11,8,9,0,9,13,10,10,7
2018_4,만양로14길,347,154,193,1,38,80,91,78,59,0,12,31,42,36,33,1,26,49,49,42,26
2018_4,등용로14길,670,456,214,1,99,194,181,98,97,1,65,150,134,53,53,0,34,44,47,45,44
2018_4,동작대로7길,1829,746,1083,4,370,381,421,405,248,3,67,142,196,179,159,1,303,239,225,226,89
2018_4,동작대로35길,945,116,829,0,68,82,212,404,179,0,16,27,34,19,20,0,52,55,178,385,159
2018_4,동작대로33길,106,56,50,0,15,22,21,29,19,0,3,12,10,18,13,0,12,10,11,11,6
2018_4,동작대로29길,38,21,17,0,4,7,13,8,6,0,3,5,4,5,4,0,1,2,9,3,2
2018_4,동작대로17길,1402,710,692,2,215,349,438,276,122,2,57,166,237,172,76,0,158,183,201,104,46
2018_4,대방동2길,462,215,247,0,52,120,130,114,46,0,10,63,69,50,23,0,42,57,61,64,23
2018_4,대방동27길,125,78,47,0,3,31,32,35,24,0,2,18,17,22,19,0,1,13,15,13,5
2018_4,노량진로6길,100,28,72,0,6,25,26,30,13,0,2,7,5,11,3,0,4,18,21,19,10
2018_4,국사봉길,48,9,39,0,3,13,11,11,10,0,0,5,2,0,2,0,3,8,9,11,8
2018_4,국사봉2길,50,18,32,0,9,8,8,13,12,0,1,2,4,5,6,0,8,6,4,8,6
2018_4,국사봉1길,9,3,6,0,1,2,1,5,0,0,0,1,0,2,0,0,1,1,1,3,0
2018_4,영신로9길,344,178,166,0,44,79,101,76,44,0,17,42,51,38,30,0,27,37,50,38,14
2018_4,영등포로84길,378,96,282,3,55,60,56,114,90,0,12,30,18,19,17,3,43,30,38,95,73
2018_4,영등포로80길,55,30,25,1,8,13,9,10,14,1,4,2,6,5,12,0,4,11,3,5,2
2018_4,영등포로62길,7,4,3,0,0,2,2,2,1,0,0,2,1,1,0,0,0,0,1,1,1
2018_4,영등포로35길,89,54,35,0,10,24,24,24,7,0,6,16,18,10,4,0,4,8,6,14,3
2018_4,영등포로27길,301,171,130,0,24,66,99,78,34,0,11,34,55,41,30,0,13,32,44,37,4
2018_4,여의대방로43나길,957,683,274,0,22,70,160,320,385,0,9,38,115,233,288,0,13,32,45,87,97
2018_4,여의대방로39길,7,3,4,0,1,0,2,4,0,0,1,0,1,1,0,0,0,0,1,3,0
2018_4,여의대방로35길,876,459,417,4,127,202,225,158,160,3,51,93,111,89,112,1,76,109,114,69,48
2018_4,양평로28길,624,496,128,7,38,106,162,207,104,7,28,70,135,169,87,0,10,36,27,38,17
2018_4,양평로22라길,29,15,14,0,3,9,9,3,5,0,2,4,2,2,5,0,1,5,7,1,0
2018_4,양평로19길,4563,3515,1048,17,814,1877,1284,434,137,0,416,1529,1104,358,108,17,398,348,180,76,29
2018_4,신길로60길,497,187,310,1,35,127,139,129,66,1,6,54,60,43,23,0,29,73,79,86,43
2018_4,신길로42길,376,182,194,0,52,84,94,90,56,0,21,39,49,41,32,0,31,45,45,49,24
2018_4,신길로42가길,99,33,66,0,9,22,27,24,17,0,2,9,10,6,6,0,7,13,17,18,11
2018_4,신길로39길,129,52,77,1,8,26,33,29,32,1,1,10,16,10,14,0,7,16,17,19,18
2018_4,신길로17길,52,35,17,0,0,3,12,24,13,0,0,3,6,16,10,0,0,0,6,8,3
2018_4,선유서로28길,389,214,175,2,42,81,88,103,73,0,18,45,50,61,40,2,24,36,38,42,33
2018_4,선유서로25길,2563,1872,691,6,259,634,591,531,542,3,163,503,437,386,380,3,96,131,154,145,162
2018_4,선유서로24길,365,209,156,0,21,59,148,97,40,0,6,23,80,71,29,0,15,36,68,26,11
2018_4,선유로55길,2479,1517,962,3,434,719,628,452,243,2,205,463,405,274,168,1,229,256,223,178,75
2018_4,디지털로74길,46,30,16,0,6,17,12,9,2,0,4,13,9,4,0,0,2,4,3,5,2
2018_4,디지털로57길,10,4,6,0,0,4,3,2,1,0,0,2,0,1,1,0,0,2,3,1,0
2018_4,디지털로37길,215,99,116,0,23,57,49,47,39,0,7,29,21,19,23,0,16,28,28,28,16
2018_4,도신로62길,189,58,131,0,17,44,68,50,10,0,5,18,15,15,5,0,12,26,53,35,5
2018_4,도신로60길,64,12,52,0,1,3,11,21,28,0,0,1,5,4,2,0,1,2,6,17,26
2018_4,도신로29길,81,35,46,1,3,6,16,31,24,0,3,3,12,8,9,1,0,3,4,23,15
2018_4,도신로15길,85,43,42,0,8,20,28,19,10,0,2,9,16,10,6,0,6,11,12,9,4
2018_4,도림천로21길,88,36,52,0,23,20,14,16,15,0,9,7,6,4,10,0,14,13,8,12,5
2018_4,도림로63길,30,21,9,0,2,4,9,7,8,0,2,3,6,4,6,0,0,1,3,3,2
2018_4,도림로147길,1783,1289,494,0,108,321,519,570,265,0,66,231,363,420,209,0,42,90,156,150,56
2018_4,도림로112길,27,16,11,0,1,5,8,5,8,0,1,4,7,3,1,0,0,1,1,2,7
2018_4,대림로8길,1910,568,1342,0,641,496,355,276,142,0,106,154,124,108,76,0,535,342,231,168,66
2018_4,대림로7길,10,6,4,0,1,0,2,6,1,0,1,0,2,3,0,0,0,0,0,3,1
2018_4,대림로44길,29,16,13,0,1,6,7,8,7,0,0,3,4,5,4,0,1,3,3,3,3
2018_4,대림로34길,192,81,111,0,28,36,64,44,20,0,10,10,27,24,10,0,18,26,37,20,10
2018_4,대림로31길,1055,545,510,6,154,138,179,328,250,4,87,83,81,150,140,2,67,55,98,178,110
2018_4,대림로29길,1809,920,889,5,238,348,448,418,352,2,58,145,213,232,270,3,180,203,235,186,82
2018_4,대림로22길,377,215,162,1,19,58,130,104,65,0,6,36,78,57,38,1,13,22,52,47,27
2018_4,당산로46길,4383,2745,1638,14,341,862,1199,1307,660,4,139,558,819,784,441,10,202,304,380,523,219
2018_4,당산로38길,164,113,51,1,19,44,43,36,21,0,10,27,29,27,20,1,9,17,14,9,1
2018_4,당산로37길,4244,2743,1501,34,1059,1048,791,775,537,27,585,692,537,517,385,7,474,356,254,258,152
2018_4,당산로31길,4394,2379,2015,1,622,1179,1056,1038,498,0,222,539,571,676,371,1,400,640,485,362,127
2018_4,국회대로56길,1741,1124,617,4,146,243,324,419,605,2,83,167,243,298,331,2,63,76,81,121,274
2018_4,경인로90길,314,177,137,1,20,75,70,93,55,0,7,39,31,57,43,1,13,36,39,36,12
2018_4,경인로80길,1576,1129,447,3,138,276,377,450,332,1,81,181,254,337,275,2,57,95,123,113,57
2018_4,경인로77길,709,447,262,1,112,152,142,182,120,0,41,76,105,128,97,1,71,76,37,54,23
2018_4,가마산로61길,204,70,134,0,22,50,54,46,32,0,3,19,21,11,16,0,19,31,33,35,16
2018_4,시흥대로94길,689,350,339,0,54,148,188,195,104,0,26,79,92,94,59,0,28,69,96,101,45
2018_4,시흥대로84길,185,85,100,0,21,36,61,45,22,0,8,18,25,21,13,0,13,18,36,24,9
2018_4,시흥대로68길,960,251,709,0,23,39,79,160,659,0,11,23,26,33,158,0,12,16,53,127,501
2018_4,시흥대로63길,2949,1450,1499,10,454,943,650,625,267,2,190,396,279,409,174,8,264,547,371,216,93
2018_4,시흥대로62가길,443,108,335,0,59,74,87,152,71,0,13,21,20,33,21,0,46,53,67,119,50
2018_4,시흥대로36길,409,232,177,0,59,121,124,71,34,0,23,69,74,42,24,0,36,52,50,29,10
2018_4,시흥대로22길,511,362,149,0,24,61,110,143,173,0,14,43,65,100,140,0,10,18,45,43,33
2018_4,시흥대로153길,640,368,272,1,66,113,193,197,70,1,33,71,120,101,42,0,33,42,73,96,28
2018_4,시흥대로150길,537,248,289,0,40,98,144,162,93,0,8,36,60,83,61,0,32,62,84,79,32
2018_4,시흥대로141길,653,381,272,2,119,163,167,134,68,2,49,90,115,85,40,0,70,73,52,49,28
2018_4,시흥대로138길,18,9,9,0,3,2,3,7,3,0,1,1,1,4,2,0,2,1,2,3,1
2018_4,시흥대로120길,470,311,159,0,72,94,154,111,39,0,52,61,110,68,20,0,20,33,44,43,19
2018_4,벚꽃로56길,1863,1268,595,2,294,689,461,293,124,1,155,461,352,205,94,1,139,228,109,88,30
2018_4,범안로17길,136,82,54,0,9,19,36,41,31,0,6,11,19,26,20,0,3,8,17,15,11
2018_4,범안로11길,1073,839,234,6,142,287,305,225,108,4,112,226,236,173,88,2,30,61,69,52,20
2018_4,문성로5길,166,58,108,0,11,26,21,53,55,0,2,16,9,15,16,0,9,10,12,38,39
2018_4,독산로85길,99,25,74,0,3,9,15,46,26,0,0,3,4,12,6,0,3,6,11,34,20
2018_4,독산로78다길,223,97,126,0,25,26,54,61,57,0,8,11,19,24,35,0,17,15,35,37,22
2018_4,독산로70길,2,2,0,0,0,0,0,0,2,0,0,0,0,0,2,0,0,0,0,0,0
2018_4,독산로64길,115,31,84,0,24,21,33,30,7,0,2,7,9,8,5,0,22,14,24,22,2
2018_4,독산로50길,91,34,57,0,7,13,25,35,11,0,1,2,10,15,6,0,6,11,15,20,5
2018_4,독산로40길,54,16,38,0,2,3,25,19,5,0,0,1,10,3,2,0,2,2,15,16,3
2018_4,독산로108길,731,343,388,0,95,147,150,200,139,0,25,78,69,85,86,0,70,69,81,115,53
2018_4,남부순환로112길,14,6,8,0,5,1,1,3,4,0,1,1,0,2,2,0,4,0,1,1,2
2018_4,금하로24길,206,70,136,4,30,31,54,56,31,2,9,10,15,19,15,2,21,21,39,37,16
2018_4,금하로1길,73,33,40,0,8,12,21,23,9,0,4,8,7,10,4,0,4,4,14,13,5
2018_4,금하로14길,26,11,15,0,1,4,11,8,2,0,0,2,4,3,2,0,1,2,7,5,0
2018_4,가산로5길,583,456,127,4,74,116,188,133,68,4,57,93,143,109,50,0,17,23,45,24,18
2018_4,가산로3길,2320,1764,556,4,208,494,519,659,436,4,161,417,390,463,329,0,47,77,129,196,107
2018_4,중앙로1길,1572,1085,487,1,161,329,292,315,474,0,87,214,184,211,389,1,74,115,108,104,85
2018_4,중앙로15길,96,50,46,0,7,12,28,33,16,0,1,5,9,21,14,0,6,7,19,12,2
2018_4,우마길,41,21,20,0,12,9,12,6,2,0,1,7,7,4,2,0,11,2,5,2,0
2018_4,오류로8길,224,105,119,0,36,69,43,46,30,0,12,37,16,20,20,0,24,32,27,26,10
2018_4,신도림로13길,828,601,227,2,67,129,183,271,176,2,51,94,131,184,139,0,16,35,52,87,37
2018_4,새말로18길,443,295,148,1,130,147,66,59,40,0,83,107,40,40,25,1,47,40,26,19,15
2018_4,부일로1길,779,627,152,0,40,99,151,259,230,0,27,65,110,212,213,0,13,34,41,47,17
2018_4,부일로15길,181,153,28,0,9,8,18,60,86,0,3,4,12,51,83,0,6,4,6,9,3
2018_4,부일로11길,25,6,19,0,3,5,7,7,3,0,0,1,2,2,1,0,3,4,5,5,2
2018_4,디지털로32길,1053,556,497,2,136,387,213,154,161,2,38,198,122,84,112,0,98,189,91,70,49
2018_4,디지털로32가길,7192,4949,2243,31,1491,2843,1767,674,386,20,727,2039,1370,494,299,11,764,804,397,180,87
2018_4,디지털로27길,389,250,139,0,22,68,103,140,56,0,8,34,59,99,50,0,14,34,44,41,6
2018_4,도림로6길,131,59,72,0,16,33,40,31,11,0,5,14,19,14,7,0,11,19,21,17,4
2018_4,도림로12길,108,43,65,0,25,21,22,32,8,0,5,11,11,10,6,0,20,10,11,22,2
2018_4,남부순환로97길,285,90,195,1,44,51,83,63,43,1,6,11,22,27,23,0,38,40,61,36,20
2018_4,구로중앙로8길,199,73,126,0,16,32,62,55,34,0,4,9,16,21,23,0,12,23,46,34,11
2018_4,구로중앙로7길,197,73,124,0,34,34,47,51,31,0,3,4,17,22,27,0,31,30,30,29,4
2018_4,구로중앙로42길,803,593,210,0,56,135,200,272,140,0,39,102,130,208,114,0,17,33,70,64,26
2018_4,구로중앙로34길,602,335,267,0,41,120,159,160,122,0,10,68,102,90,65,0,31,52,57,70,57
2018_4,구로중앙로28길,3213,1572,1641,3,215,386,590,683,1336,3,94,208,367,385,515,0,121,178,223,298,821
2018_4,구로중앙로19길,10,7,3,0,0,1,3,3,3,0,0,1,2,2,2,0,0,0,1,1,1
2018_4,구로동로8길,152,43,109,0,16,24,41,41,30,0,3,3,16,15,6,0,13,21,25,26,24
2018_4,구로동로7길,171,67,104,0,28,29,42,45,27,0,9,5,14,19,20,0,19,24,28,26,7
2018_4,구로동로42길,26,17,9,0,2,2,9,11,2,0,1,1,5,8,2,0,1,1,4,3,0
2018_4,구로동로41길,433,292,141,0,46,137,143,72,35,0,36,92,89,48,27,0,10,45,54,24,8
2018_4,구로동로38길,36,14,22,0,5,3,10,9,9,0,1,0,5,2,6,0,4,3,5,7,3
2018_4,구로동로28길,169,68,101,0,11,17,56,42,43,0,5,8,21,12,22,0,6,9,35,30,21
2018_4,구로동로15길,31,9,22,0,8,7,3,9,4,0,0,1,1,5,2,0,8,6,2,4,2
2018_4,공원로6가길,288,197,91,1,40,79,79,67,22,0,28,53,54,45,17,1,12,26,25,22,5
2018_4,고척로52길,218,69,149,0,10,26,61,92,29,0,1,7,25,21,15,0,9,19,36,71,14
2018_4,고척로27다길,206,81,125,0,12,33,73,56,32,0,5,13,21,25,17,0,7,20,52,31,15
2018_4,고척로27길,243,113,130,0,28,48,64,82,21,0,6,21,27,47,12,0,22,27,37,35,9
2018_4,고척로21나길,217,63,154,2,17,41,39,63,55,2,2,17,7,12,23,0,15,24,32,51,32
2018_4,경인로47길,919,504,415,1,83,154,233,270,178,1,36,80,137,142,108,0,47,74,96,128,70
2018_4,경인로35길,289,112,177,0,12,52,85,88,52,0,3,18,30,34,27,0,9,34,55,54,25
2018_4,경인로31길,58,22,36,0,5,10,24,16,3,0,3,1,8,7,3,0,2,9,16,9,0
2018_4,경인로15길,143,61,82,0,30,52,32,19,10,0,4,31,13,6,7,0,26,21,19,13,3
2018_4,개봉로3길,225,141,84,0,51,35,59,42,38,0,40,20,25,25,31,0,11,15,34,17,7
2018_4,개봉로2길,480,129,351,0,75,112,147,105,41,0,13,21,45,28,22,0,62,91,102,77,19
2018_4,개봉로23가길,868,501,367,1,90,153,227,209,188,0,46,86,117,118,134,1,44,67,110,91,54
2018_4,개봉로20길,119,68,51,0,7,28,46,24,14,0,4,17,25,12,10,0,3,11,21,12,4
2018_4,개봉로1길,52,27,25,0,9,9,15,7,12,0,4,5,6,5,7,0,5,4,9,2,5
2018_4,개봉로17다길,194,94,100,0,14,30,56,57,37,0,4,14,22,24,30,0,10,16,34,33,7
2018_4,개봉로17길,862,353,509,2,94,151,197,275,143,1,35,82,105,75,55,1,59,69,92,200,88
2018_4,개봉로11길,61,11,50,0,23,11,12,13,2,0,3,2,2,2,2,0,20,9,10,11,0
2018_4,화곡로64길,1601,953,648,3,138,477,487,308,188,2,65,301,322,191,72,1,73,176,165,117,116
2018_4,화곡로59길,480,200,280,0,84,148,140,80,28,0,16,66,56,38,24,0,68,82,84,42,4
2018_4,화곡로44나길,757,621,136,0,23,53,133,246,302,0,12,34,104,210,261,0,11,19,29,36,41
2018_4,화곡로31길,1208,453,755,1,180,236,303,295,193,0,43,92,115,104,99,1,137,144,188,191,94
2018_4,화곡로20길,535,333,202,0,36,92,131,158,118,0,19,49,66,102,97,0,17,43,65,56,21
2018_4,화곡로13길,258,97,161,0,35,57,73,85,8,0,14,13,29,35,6,0,21,44,44,50,2
2018_4,초원로16길,761,297,464,0,72,141,121,109,318,0,26,70,63,55,83,0,46,71,58,54,235
2018_4,초록마을로8길,184,35,149,1,31,41,49,35,27,0,1,5,9,9,11,1,30,36,40,26,16
2018_4,초록마을로3길,42,21,21,0,4,10,8,7,13,0,0,2,7,4,8,0,4,8,1,3,5
2018_4,월정로20길,4,2,2,0,0,0,0,4,0,0,0,0,0,2,0,0,0,0,0,2,0
2018_4,우장산로6길,311,172,139,2,24,44,86,98,57,2,10,28,44,50,38,0,14,16,42,48,19
2018_4,양천로73가길,1260,809,451,3,80,218,334,375,250,3,43,114,213,232,204,0,37,104,121,143,46
2018_4,양천로71길,216,121,95,0,24,52,67,47,26,0,9,35,32,26,19,0,15,17,35,21,7
2018_4,양천로49길,760,595,165,2,43,112,138,224,241,0,20,74,103,184,214,2,23,38,35,40,27
2018_4,양천로26길,174,81,93,0,9,35,50,56,24,0,4,16,20,23,18,0,5,19,30,33,6
2018_4,양천로24길,385,157,228,0,20,57,76,114,118,0,6,35,39,32,45,0,14,22,37,82,73
2018_4,양천로24가길,766,372,394,0,89,155,195,186,141,0,38,86,94,80,74,0,51,69,101,106,67
2018_4,양천로14길,241,161,80,0,9,22,69,80,61,0,5,16,48,49,43,0,4,6,21,31,18
2018_4,방화대로6라길,806,491,315,2,74,191,296,163,80,0,34,119,195,101,42,2,40,72,101,62,38
2018_4,방화대로21길,854,483,371,7,97,172,210,209,159,1,38,84,111,127,122,6,59,88,99,82,37
2018_4,등촌로5길,13,5,8,0,1,5,5,2,0,0,0,2,2,1,0,0,1,3,3,1,0
2018_4,등촌로55길,540,360,180,0,35,76,125,143,161,0,15,45,74,89,137,0,20,31,51,54,24
2018_4,등촌로51길,17,11,6,0,5,2,4,6,0,0,0,1,4,6,0,0,5,1,0,0,0
2018_4,등촌로39길,70,27,43,0,4,15,20,24,7,0,3,6,3,11,4,0,1,9,17,13,3
2018_4,등촌로13길,188,96,92,0,15,38,50,55,30,0,6,20,20,28,22,0,9,18,30,27,8
2018_4,남부순환로11길,378,258,120,1,29,106,121,84,37,1,14,67,79,67,30,0,15,39,42,17,7
2018_4,까치산로4길,152,57,95,0,19,29,25,36,43,0,12,13,9,11,12,0,7,16,16,25,31
2018_4,국회대로7길,412,237,175,3,49,102,92,113,53,0,19,62,56,65,35,3,30,40,36,48,18
2018_4,공항대로8길,226,90,136,0,15,41,57,57,56,0,3,26,26,21,14,0,12,15,31,36,42
2018_4,공항대로61길,185,129,56,3,18,52,68,34,10,3,5,44,45,25,7,0,13,8,23,9,3
2018_4,공항대로59다길,885,632,253,2,97,255,184,177,170,0,44,201,130,133,124,2,53,54,54,44,46
2018_4,공항대로59길,1087,695,392,3,135,239,244,260,206,3,64,127,157,176,168,0,71,112,87,84,38
2018_4,공항대로55길,1095,702,393,2,267,409,229,108,80,0,130,263,173,81,55,2,137,146,56,27,25
2018_4,공항대로42길,9,5,4,0,0,2,0,5,2,0,0,1,0,2,2,0,0,1,0,3,0
2018_4,공항대로38길,273,138,135,0,33,64,69,68,39,0,10,35,34,36,23,0,23,29,35,32,16
2018_4,곰달래로60길,587,312,275,2,64,108,144,151,118,0,25,59,82,72,74,2,39,49,62,79,44
2018_4,곰달래로53길,53,18,35,0,3,12,25,7,6,0,0,7,5,2,4,0,3,5,20,5,2
2018_4,곰달래로47길,38,17,21,0,5,8,13,9,3,0,0,4,7,5,1,0,5,4,6,4,2
2018_4,곰달래로31길,11,7,4,0,1,1,8,1,0,0,1,1,4,1,0,0,0,0,4,0,0
2018_4,곰달래로25길,796,295,501,0,93,122,176,233,172,0,27,51,73,64,80,0,66,71,103,169,92
2018_4,개화동로25길,658,442,216,2,58,132,136,145,185,1,24,75,84,98,160,1,34,57,52,47,25
2018_4,개화동로23길,115,75,40,0,14,16,30,36,19,0,6,13,19,24,13,0,8,3,11,12,6
2018_4,강서로8길,159,85,74,0,27,43,34,31,24,0,15,29,17,11,13,0,12,14,17,20,11
2018_4,강서로5라길,314,185,129,1,41,74,92,74,32,1,27,50,49,38,20,0,14,24,43,36,12
2018_4,강서로5나길,95,50,45,1,9,21,24,20,20,1,4,9,14,10,12,0,5,12,10,10,8
2018_4,강서로5가길,51,26,25,0,1,9,11,19,11,0,1,6,8,6,5,0,0,3,3,13,6
2018_4,강서로47라길,122,60,62,1,14,25,35,35,12,0,7,11,19,17,6,1,7,14,16,18,6
2018_4,강서로47길,370,192,178,0,21,65,103,147,34,0,5,34,43,83,27,0,16,31,60,64,7
2018_4,강서로45다길,554,351,203,0,64,80,115,143,152,0,19,36,65,103,128,0,45,44,50,40,24
2018_4,강서로45길,153,66,87,0,15,20,32,42,44,0,1,9,10,19,27,0,14,11,22,23,17
2018_4,강서로35길,164,94,70,0,18,28,46,50,22,0,8,16,27,30,13,0,10,12,19,20,9
2018_4,강서로29길,410,183,227,0,29,57,108,121,95,0,15,35,58,49,26,0,14,22,50,72,69
2018_4,강서로18길,30,12,18,0,0,7,12,9,2,0,0,3,7,2,0,0,0,4,5,7,2
2018_4,강서로17가길,132,57,75,0,17,38,39,24,14,0,7,17,17,9,7,0,10,21,22,15,7
2018_4,강서로15길,305,155,150,3,36,56,77,82,51,2,20,30,41,34,28,1,16,26,36,48,23
2018_4,가로공원로80길,60,28,32,0,7,12,20,15,6,0,4,4,8,9,3,0,3,8,12,6,3
2018_4,가로공원로76가길,28,11,17,1,4,14,5,2,2,0,2,6,3,0,0,1,2,8,2,2,2
2018_4,화곡로4길,212,81,131,0,19,50,77,46,20,0,5,15,26,20,15,0,14,35,51,26,5
2018_4,화곡로3길,160,51,109,0,23,23,40,54,20,0,2,5,9,19,16,0,21,18,31,35,4
2018_4,지양로7길,234,79,155,0,18,50,79,70,17,0,5,14,16,33,11,0,13,36,63,37,6
2018_4,중앙로55길,349,179,170,0,20,75,125,96,33,0,7,37,59,49,27,0,13,38,66,47,6
2018_4,중앙로51길,128,73,55,0,6,24,38,30,30,0,2,13,18,20,20,0,4,11,20,10,10
2018_4,중앙로47길,118,26,92,0,11,13,17,31,46,0,1,8,5,6,6,0,10,5,12,25,40
2018_4,중앙로45길,166,59,107,0,16,29,34,53,34,0,4,12,12,21,10,0,12,17,22,32,24
2018_4,중앙로36길,2,2,0,0,0,0,0,0,2,0,0,0,0,0,2,0,0,0,0,0,0
2018_4,중앙로32길,594,302,292,5,133,129,129,119,79,2,62,82,75,52,29,3,71,47,54,67,50
2018_4,중앙로25길,244,70,174,0,36,45,67,81,15,0,14,11,16,19,10,0,22,34,51,62,5
2018_4,은행정로7길,521,175,346,2,46,74,83,163,153,2,13,33,37,48,42,0,33,41,46,115,111
2018_4,오목로5길,334,183,151,1,44,85,88,84,32,1,22,51,38,46,25,0,22,34,50,38,7
2018_4,오목로3길,430,400,30,0,1,18,41,154,216,0,1,14,32,144,209,0,0,4,9,10,7
2018_4,오목로30길,145,73,72,0,18,27,39,35,26,0,6,10,18,20,19,0,12,17,21,15,7
2018_4,오목로23길,820,483,337,1,111,235,197,170,106,1,48,151,119,94,70,0,63,84,78,76,36
2018_4,신월로20길,212,81,131,0,26,35,53,54,44,0,8,10,24,19,20,0,18,25,29,35,24
2018_4,신월로15길,771,364,407,1,71,144,189,195,171,0,25,73,83,81,102,1,46,71,106,114,69
2018_4,신목로6길,252,140,112,0,25,38,75,70,44,0,11,19,42,41,27,0,14,19,33,29,17
2018_4,신목로5길,925,354,571,6,74,177,278,254,136,3,25,67,104,85,70,3,49,110,174,169,66
2018_4,신목로2길,94,47,47,0,16,14,26,15,23,0,2,10,13,7,15,0,14,4,13,8,8
2018_4,목동중앙서로8가길,178,110,68,0,4,18,48,57,51,0,2,11,29,35,33,0,2,7,19,22,18
2018_4,목동중앙서로7길,264,86,178,1,25,53,51,73,61,0,6,22,18,21,19,1,19,31,33,52,42
2018_4,목동중앙북로8길,355,110,245,0,1,8,28,63,255,0,1,5,10,11,83,0,0,3,18,52,172
2018_4,목동중앙북로16길,257,80,177,0,25,60,86,60,26,0,5,15,24,22,14,0,20,45,62,38,12
2018_4,목동중앙본로7길,117,51,66,0,19,26,37,28,7,0,7,10,11,17,6,0,12,16,26,11,1
2018_4,목동중앙로3길,111,60,51,0,5,8,28,39,31,0,4,2,12,18,24,0,1,6,16,21,7
2018_4,목동중앙로13나길,293,208,85,0,28,118,75,47,25,0,13,82,57,34,22,0,15,36,18,13,3
2018_4,목동중앙남로3가길,546,364,182,0,35,129,131,160,91,0,16,72,79,124,73,0,19,57,52,36,18
2018_4,목동로9길,2360,1508,852,2,146,479,616,552,565,0,51,226,382,374,475,2,95,253,234,178,90
2018_4,목동로19길,1014,363,651,3,136,194,265,263,153,1,41,70,104,84,63,2,95,124,161,179,90
2018_4,목동동로12길,385,140,245,0,40,73,102,109,61,0,5,22,35,34,44,0,35,51,67,75,17
2018_4,목동남로4길,13,6,7,0,0,0,4,8,1,0,0,0,0,5,1,0,0,0,4,3,0
2018_4,남부순환로88길,272,128,144,0,26,54,72,93,27,0,12,22,35,39,20,0,14,32,37,54,7
2018_4,남부순환로79길,339,249,90,0,17,18,63,119,122,0,10,12,37,89,101,0,7,6,26,30,21
2018_4,남부순환로70길,519,317,202,1,26,74,130,154,134,1,8,34,69,93,112,0,18,40,61,61,22
2018_4,남부순환로58길,198,117,81,0,20,41,46,66,25,0,15,29,27,30,16,0,5,12,19,36,9
2018_4,남부순환로40길,18,5,13,0,1,2,8,4,3,0,0,0,2,2,1,0,1,2,6,2,2
2018_4,남부순환로33길,1247,1018,229,0,33,68,107,122,917,0,12,32,51,62,861,0,21,36,56,60,56
2018_4,곰달래로5길,76,46,30,0,22,22,11,16,5,0,14,18,6,6,2,0,8,4,5,10,3
2018_4,곰달래로3길,403,213,190,1,33,64,122,131,52,0,20,33,56,74,30,1,13,31,66,57,22
2018_4,곰달래로2길,297,157,140,1,40,61,87,81,27,1,14,41,50,40,11,0,26,20,37,41,16
2018_4,곰달래로10길,339,235,104,2,19,39,50,121,108,1,7,27,26,83,91,1,12,12,24,38,17
2018_4,가로공원로58길,76,15,61,0,12,9,25,22,8,0,2,2,5,3,3,0,10,7,20,19,5
2018_4,효창원로93길,86,44,42,0,19,23,26,12,6,0,7,9,18,7,3,0,12,14,8,5,3
2018_4,토정로37길,118,54,64,0,21,23,32,27,15,0,8,11,12,13,10,0,13,12,20,14,5
2018_4,월드컵로8길,1704,905,799,6,215,375,347,285,476,5,70,176,198,132,324,1,145,199,149,153,152
2018_4,월드컵로7길,4,2,2,0,1,1,1,0,1,0,0,0,1,0,1,0,1,1,0,0,0
2018_4,월드컵로36길,151,68,83,0,15,23,33,46,34,0,3,10,13,21,21,0,12,13,20,25,13
2018_4,월드컵로25길,285,165,120,0,40,84,79,48,34,0,19,52,42,28,24,0,21,32,37,20,10
2018_4,월드컵로19길,544,276,268,5,118,141,119,88,73,3,58,77,67,38,33,2,60,64,52,50,40
2018_4,월드컵로16길,3917,2018,1899,14,860,769,734,715,825,7,372,406,379,263,591,7,488,363,355,452,234
2018_4,월드컵로11길,253,91,162,2,65,60,60,42,24,2,27,22,10,16,14,0,38,38,50,26,10
2018_4,월드컵로10길,1552,812,740,2,411,546,336,155,102,0,132,275,218,111,76,2,279,271,118,44,26
2018_4,와우산로3길,180,101,79,0,34,58,47,31,10,0,9,28,35,21,8,0,25,30,12,10,2
2018_4,와우산로29길,171,87,84,0,55,55,32,17,12,0,24,35,17,6,5,0,31,20,15,11,7
2018_4,와우산로29가길,28,16,12,1,5,4,12,6,0,1,1,1,8,5,0,0,4,3,4,1,0
2018_4,양화진길,439,309,130,1,39,128,123,99,49,0,13,84,92,81,39,1,26,44,31,18,10
2018_4,양화로1길,4169,1985,2184,22,882,1533,1169,380,183,6,223,699,704,255,98,16,659,834,465,125,85
2018_4,양화로11길,395,269,126,1,62,113,114,68,37,0,27,77,86,54,25,1,35,36,28,14,12
2018_4,신촌로30길,26,16,10,6,2,4,6,5,3,5,2,2,2,3,2,1,0,2,4,2,1
2018_4,신촌로28가길,105,40,65,0,14,14,32,22,23,0,1,1,15,8,15,0,13,13,17,14,8
2018_4,신촌로12길,1598,696,902,2,347,354,312,284,299,0,208,202,123,70,93,2,139,152,189,214,206
2018_4,숭문길,5291,4015,1276,5,468,916,1210,1540,1152,2,340,758,999,1063,853,3,128,158,211,477,299
2018_4,숭문8길,110,63,47,0,7,25,36,36,6,0,1,4,24,30,4,0,6,21,12,6,2
2018_4,성지3길,479,242,237,0,111,170,114,55,29,0,35,90,64,34,19,0,76,80,50,21,10
2018_4,성산로4길,1732,1032,700,11,324,399,407,376,215,6,112,240,272,254,148,5,212,159,135,122,67
2018_4,성미산로32길,522,259,263,5,143,146,118,71,39,4,65,88,61,21,20,1,78,58,57,50,19
2018_4,성미산로1길,635,489,146,5,54,117,173,122,164,5,36,85,111,93,159,0,18,32,62,29,5
2018_4,성미산로11길,1103,767,336,6,168,361,267,193,108,5,85,241,189,161,86,1,83,120,78,32,22
2018_4,백범로16길,709,363,346,73,255,180,96,74,31,28,112,96,55,50,22,45,143,84,41,24,9
2018_4,방울내로9안길,354,215,139,3,34,67,115,90,45,1,15,31,68,62,38,2,19,36,47,28,7
2018_4,모래내로7길,253,117,136,0,26,44,71,60,52,0,5,18,35,36,23,0,21,26,36,24,29
2018_4,매봉산로2길,4355,2792,1563,5,1369,1842,779,299,61,3,651,1282,613,199,44,2,718,560,166,100,17
2018_4,망원로2길,200,123,77,0,21,53,62,44,20,0,3,29,44,30,17,0,18,24,18,14,3
2018_4,망원로11길,1076,531,545,1,148,258,281,218,170,1,44,118,167,113,88,0,104,140,114,105,82
2018_4,만리재옛길,1471,632,839,9,529,393,294,151,95,2,261,208,72,41,48,7,268,185,222,110,47
2018_4,마포대로4길,181,100,81,1,19,44,42,41,34,1,12,27,25,17,18,0,7,17,17,24,16
2018_4,마포대로20길,1015,551,464,0,99,289,281,229,117,0,33,148,168,140,62,0,66,141,113,89,55
2018_4,마포대로12길,68,36,32,0,7,9,21,19,12,0,2,4,12,11,7,0,5,5,9,8,5
2018_4,동교로38길,193,121,72,1,58,65,47,17,5,0,34,42,29,13,3,1,24,23,18,4,2
2018_4,동교로27길,3631,1645,1986,11,625,975,698,688,634,3,232,531,433,263,183,8,393,444,265,425,451
2018_4,동교로25길,562,284,278,1,133,247,134,38,9,1,40,128,82,27,6,0,93,119,52,11,3
2018_4,동교로19길,4045,2692,1353,10,637,933,1019,945,501,4,259,620,776,673,360,6,378,313,243,272,141
2018_4,동교로17길,690,359,331,1,114,203,198,117,57,0,41,88,127,72,31,1,73,115,71,45,26
2018_4,독막로8길,359,163,196,0,71,115,88,59,26,0,17,53,49,30,14,0,54,62,39,29,12
2018_4,독막로32길,494,208,286,1,66,125,146,111,45,0,21,54,61,43,29,1,45,71,85,68,16
2018_4,독막로22길,97,51,46,0,18,30,19,13,17,0,5,14,10,10,12,0,13,16,9,3,5
2018_4,도화길,992,476,516,8,160,200,220,189,215,5,56,98,120,76,121,3,104,102,100,113,94
2018_4,도화4길,405,132,273,0,39,75,85,115,91,0,8,25,17,27,55,0,31,50,68,88,36
2018_4,대흥로28길,49,42,7,0,4,19,20,5,1,0,3,15,19,4,1,0,1,4,1,1,0
2018_4,대흥로21길,438,83,355,0,51,78,172,91,46,0,14,21,23,10,15,0,37,57,149,81,31
2018_4,광성로6길,179,112,67,0,19,55,43,31,31,0,8,31,27,21,25,0,11,24,16,10,6
2018_4,홍제내길,103,58,45,0,14,23,26,26,14,0,5,17,13,16,7,0,9,6,13,10,7
2018_4,홍연길,82,45,37,0,1,12,28,32,9,0,1,9,18,15,2,0,0,3,10,17,7
2018_4,통일로39길,5,5,0,0,1,1,1,2,0,0,1,1,1,2,0,0,0,0,0,0,0
2018_4,통일로37길,355,135,220,1,68,73,96,72,45,1,18,29,31,35,21,0,50,44,65,37,24
2018_4,통일로11길,9,7,2,0,1,3,3,2,0,0,0,3,2,2,0,0,1,0,1,0,0
2018_4,충정로6길,13115,8020,5095,23,2104,4526,3856,2094,512,9,890,2700,2556,1455,410,14,1214,1826,1300,639,102
2018_4,충정로4길,3082,2015,1067,0,391,1347,975,287,82,0,129,810,750,249,77,0,262,537,225,38,5
2018_4,증가로6길,209,105,104,0,14,33,39,77,46,0,4,18,23,40,20,0,10,15,16,37,26
2018_4,증가로23나길,477,253,224,4,78,126,139,93,37,3,41,72,68,48,21,1,37,54,71,45,16
2018_4,증가로20가길,258,94,164,1,40,65,64,65,23,1,10,23,23,22,15,0,30,42,41,43,8
2018_4,증가로10길,165,83,82,0,18,27,39,40,41,0,1,8,15,24,35,0,17,19,24,16,6
2018_4,응암로1길,389,279,110,0,15,44,101,162,67,0,5,24,68,128,54,0,10,20,33,34,13
2018_4,연희로10길,162,109,53,1,17,26,34,59,25,1,4,19,26,38,21,0,13,7,8,21,4
2018_4,신촌로37길,104,50,54,0,11,11,30,23,29,0,3,2,16,11,18,0,8,9,14,12,11
2018_4,수색로8길,2241,2135,106,0,10,28,55,237,1911,0,7,22,38,217,1851,0,3,6,17,20,60
2018_4,세무서길,336,109,227,0,45,75,82,82,52,0,4,16,27,35,27,0,41,59,55,47,25
2018_4,세검정로1길,276,100,176,1,29,75,75,57,39,0,11,15,18,30,26,1,18,60,57,27,13
2018_4,북아현로4길,432,91,341,1,36,60,78,147,110,0,9,18,16,23,25,1,27,42,62,124,85
2018_4,모래내로15길,126,40,86,0,10,18,35,35,28,0,3,3,12,14,8,0,7,15,23,21,20
2018_4,명지대길,401,292,109,0,39,50,77,119,116,0,18,32,45,92,105,0,21,18,32,27,11
2018_4,독립문로8길,781,307,474,2,142,193,182,171,91,2,39,72,91,57,46,0,103,121,91,114,45
2018_4,가재울로6길,26,18,8,0,5,3,10,2,6,0,2,2,9,1,4,0,3,1,1,1,2
2018_4,통일로92길,93,42,51,1,18,17,21,23,13,1,10,9,10,5,7,0,8,8,11,18,6
2018_4,통일로87길,224,100,124,0,17,37,53,71,46,0,7,18,21,27,27,0,10,19,32,44,19
2018_4,통일로78길,212,59,153,0,34,40,45,35,58,0,4,17,13,7,18,0,30,23,32,28,40
2018_4,진흥로1길,556,172,384,0,84,131,172,123,46,0,17,49,43,34,29,0,67,82,129,89,17
2018_4,진흥로12길,509,214,295,1,43,101,170,113,81,0,13,39,72,44,46,1,30,62,98,69,35
2018_4,증산서길,401,277,124,0,36,60,75,90,140,0,6,31,43,65,132,0,30,29,32,25,8
2018_4,증산로9길,84,27,57,0,13,19,23,25,4,0,5,6,9,4,3,0,8,13,14,21,1
2018_4,증산로5길,747,388,359,1,58,126,171,226,165,0,28,50,66,124,120,1,30,76,105,102,45
2018_4,증산로21길,236,140,96,0,16,34,33,75,78,0,7,13,16,46,58,0,9,21,17,29,20
2018_4,증산로17길,683,298,385,0,40,83,152,176,232,0,13,33,69,90,93,0,27,50,83,86,139
2018_4,증산로15길,230,87,143,0,20,38,51,65,56,0,5,13,18,27,24,0,15,25,33,38,32
2018_4,증산로13길,71,36,35,0,5,11,11,34,10,0,2,8,6,14,6,0,3,3,5,20,4
2018_4,응암로34길,60,38,22,1,7,13,11,17,11,0,4,7,5,11,11,1,3,6,6,6,0
2018_4,응암로22길,187,67,120,0,19,29,49,56,34,0,7,11,20,15,14,0,12,18,29,41,20
2018_4,응암로14길,456,169,287,0,70,92,125,108,61,0,20,25,47,45,32,0,50,67,78,63,29
2018_4,응암로13길,301,129,172,2,52,48,87,78,34,2,28,22,34,28,15,0,24,26,53,50,19
2018_4,응암로12길,198,115,83,1,18,47,54,52,26,1,6,30,30,28,20,0,12,17,24,24,6
2018_4,은평로8길,247,115,132,0,41,36,59,62,49,0,15,21,33,23,23,0,26,15,26,39,26
2018_4,은평로3길,301,104,197,0,43,65,85,69,39,0,12,27,21,18,26,0,31,38,64,51,13
2018_4,은평로20길,6,2,4,0,0,0,3,2,1,0,0,0,0,1,1,0,0,0,3,1,0
2018_4,은평로13길,364,220,144,1,30,55,96,105,77,0,13,34,56,58,59,1,17,21,40,47,18
2018_4,은평로10길,287,144,143,1,29,59,75,65,58,1,10,31,32,34,36,0,19,28,43,31,22
2018_4,연서로5길,41,15,26,0,4,8,14,12,3,0,2,3,4,5,1,0,2,5,10,7,2
2018_4,연서로41길,242,75,167,0,21,59,76,56,30,0,7,21,18,15,14,0,14,38,58,41,16
2018_4,연서로3길,113,46,67,2,15,19,30,34,13,0,8,10,11,11,6,2,7,9,19,23,7
2018_4,연서로34길,150,57,93,2,16,33,39,41,19,2,5,12,13,14,11,0,11,21,26,27,8
2018_4,연서로33길,33,13,20,0,5,11,8,6,3,0,1,4,4,3,1,0,4,7,4,3,2
2018_4,연서로29길,300,93,207,1,39,70,91,71,28,1,5,27,22,24,14,0,34,43,69,47,14
2018_4,연서로28길,732,356,376,2,106,145,171,154,154,1,53,72,89,66,75,1,53,73,82,88,79
2018_4,연서로27길,82,23,59,1,15,16,22,19,9,1,1,5,4,6,6,0,14,11,18,13,3
2018_4,연서로21길,290,156,134,0,30,49,97,78,36,0,16,33,46,39,22,0,14,16,51,39,14
2018_4,연서로17길,1155,339,816,3,188,218,273,298,175,3,39,95,94,50,58,0,149,123,179,248,117
2018_4,연서로16길,263,103,160,0,49,70,58,63,23,0,13,23,28,25,14,0,36,47,30,38,9
2018_4,연서로13길,693,206,487,6,78,157,197,193,62,0,19,63,69,35,20,6,59,94,128,158,42
2018_4,연서로11길,239,111,128,0,18,44,72,76,29,0,10,17,37,30,17,0,8,27,35,46,12
2018_4,역말로9길,20,14,6,0,1,7,7,2,3,0,1,5,5,1,2,0,0,2,2,1,1
2018_4,수색로18길,37,22,15,0,4,9,8,11,5,0,2,4,3,9,4,0,2,5,5,2,1
2018_4,서오릉로8길,14,2,12,0,4,5,3,2,0,0,0,2,0,0,0,0,4,3,3,2,0
2018_4,서오릉로21길,411,99,312,0,30,50,93,92,146,0,6,8,30,19,36,0,24,42,63,73,110
2018_4,불광천길,200,99,101,1,20,41,36,68,34,1,10,19,20,30,19,0,10,22,16,38,15
2018_4,갈현로7길,913,265,648,0,167,231,199,216,100,0,49,79,65,45,27,0,118,152,134,171,73
2018_4,갈현로41길,123,50,73,0,10,23,29,31,30,0,3,13,10,16,8,0,7,10,19,15,22
2018_4,갈현로33길,37,8,29,0,6,7,9,13,2,0,0,2,2,2,2,0,6,5,7,11,0
2018_4,갈현로1길,203,88,115,0,24,41,51,42,45,0,13,26,21,8,20,0,11,15,30,34,25
2018_4,가좌로7길,57,25,32,0,9,8,16,12,12,0,1,2,6,6,10,0,8,6,10,6,2
2018_4,한글비석로44길,397,211,186,0,24,60,80,127,106,0,5,36,32,64,74,0,19,24,48,63,32
2018_4,한글비석로24길,409,160,249,0,22,51,86,129,121,0,4,28,36,40,52,0,18,23,50,89,69
2018_4,한글비석로22길,782,353,429,4,72,145,191,221,149,1,19,77,90,97,69,3,53,68,101,124,80
2018_4,석계로1길,110,58,52,0,6,10,38,33,23,0,3,6,21,18,10,0,3,4,17,15,13
2018_4,상계로9가길,305,104,201,0,38,52,84,77,54,0,6,18,28,27,25,0,32,34,56,50,29
2018_4,상계로12길,19,12,7,0,0,0,6,11,2,0,0,0,4,6,2,0,0,0,2,5,0
2018_4,동일로242길,244,161,83,0,8,29,59,56,92,0,5,14,36,32,74,0,3,15,23,24,18
2018_4,동일로192길,458,202,256,0,36,67,101,138,116,0,16,37,47,54,48,0,20,30,54,84,68
2018_4,동일로173가길,2867,1654,1213,9,337,545,728,753,495,6,173,418,442,315,300,3,164,127,286,438,195
2018_4,공릉로58길,148,51,97,0,7,15,44,49,33,0,4,9,14,14,10,0,3,6,30,35,23
2018_4,해등로16길,75,59,16,1,3,17,34,14,6,1,2,14,25,13,4,0,1,3,9,1,2
2018_4,우이천로4다길,191,115,76,2,17,32,44,67,29,2,7,19,23,43,21,0,10,13,21,24,8
2018_4,우이천로32길,91,56,35,0,10,22,24,24,11,0,3,18,13,14,8,0,7,4,11,10,3
2018_4,시루봉로23길,49,22,27,0,6,13,17,7,6,0,1,8,6,3,4,0,5,5,11,4,2
2018_4,삼양로144길,73,55,18,0,6,15,19,19,14,0,4,13,10,15,13,0,2,2,9,4,1
2018_4,방학로6가길,202,109,93,0,13,33,63,59,34,0,3,16,33,31,26,0,10,17,30,28,8
2018_4,방학로5길,137,70,67,1,15,17,28,44,32,0,14,10,13,20,13,1,1,7,15,24,19
2018_4,방학로15길,304,193,111,0,22,26,58,108,90,0,4,10,31,70,78,0,18,16,27,38,12
2018_4,방학로10길,215,104,111,0,14,18,26,49,108,0,7,11,8,18,60,0,7,7,18,31,48
2018_4,도봉산4길,320,277,43,0,6,17,86,142,69,0,4,13,78,126,56,0,2,4,8,16,13
2018_4,도봉로181길,185,82,103,2,21,36,49,54,23,1,8,18,20,20,15,1,13,18,29,34,8
2018_4,도봉로169나길,272,104,168,0,28,47,53,91,53,0,8,20,23,34,19,0,20,27,30,57,34
2018_4,도봉로156길,282,144,138,2,41,73,74,52,40,1,21,36,39,24,23,1,20,37,35,28,17
2018_4,도봉로152가길,423,345,78,0,15,31,60,153,164,0,3,20,42,135,145,0,12,11,18,18,19
2018_4,도봉로147길,557,320,237,2,48,127,129,165,86,0,20,91,90,87,32,2,28,36,39,78,54
2018_4,도봉로114길,567,199,368,2,107,141,125,138,54,1,20,52,45,52,29,1,87,89,80,86,25
2018_4,도봉로109길,30,9,21,0,8,1,8,6,7,0,3,0,1,0,5,0,5,1,7,6,2
2018_4,도당로29길,870,509,361,7,144,219,211,178,111,6,60,132,107,109,95,1,84,87,104,69,16
2018_4,도당로19길,190,99,91,0,18,30,66,58,18,0,8,18,33,31,9,0,10,12,33,27,9
2018_4,도당로13바길,205,77,128,1,19,32,57,61,35,0,4,21,20,14,18,1,15,11,37,47,17
2018_4,도당로13가길,155,66,89,0,14,28,39,46,28,0,5,12,19,18,12,0,9,16,20,28,16
2018_4,덕릉로60길,90,54,36,0,10,17,31,23,9,0,4,10,19,14,7,0,6,7,12,9,2
2018_4,노해로63다길,649,261,388,1,93,175,157,144,79,0,19,83,76,48,35,1,74,92,81,96,44
2018_4,노해로60길,325,140,185,1,48,70,86,83,37,0,10,30,38,41,21,1,38,40,48,42,16
2018_4,한천로140길,111,51,60,0,3,23,23,34,28,0,0,12,11,12,16,0,3,11,12,22,12
2018_4,한천로139가길,50,29,21,0,5,10,22,9,4,0,3,7,12,5,2,0,2,3,10,4,2
2018_4,한천로132길,332,132,200,2,54,72,70,76,58,1,13,32,29,29,28,1,41,40,41,47,30
2018_4,한천로130길,279,120,159,0,36,72,82,71,18,0,10,24,36,38,12,0,26,48,46,33,6
2018_4,한천로124나길,111,65,46,0,8,17,30,33,23,0,4,13,14,18,16,0,4,4,16,15,7
2018_4,한천로109길,608,267,341,3,113,121,162,151,58,2,42,50,77,64,32,1,71,71,85,87,26
2018_4,인수봉로79길,158,41,117,0,19,48,40,35,16,0,7,5,10,11,8,0,12,43,30,24,8
2018_4,인수봉로72길,82,37,45,0,11,14,23,19,15,0,2,6,10,9,10,0,9,8,13,10,5
2018_4,오패산로67길,583,286,297,3,71,119,149,142,99,1,24,64,76,71,50,2,47,55,73,71,49
2018_4,오패산로52길,102,36,66,0,13,22,27,27,13,0,6,5,8,10,7,0,7,17,19,17,6
2018_4,오패산로30길,10,6,4,0,0,2,3,4,1,0,0,1,2,2,1,0,0,1,1,2,0
2018_4,수유로12길,236,153,83,0,27,66,61,42,40,0,11,48,39,25,30,0,16,18,22,17,10
2018_4,솔샘로65길,472,202,270,3,39,90,123,144,73,0,6,25,48,71,52,3,33,65,75,73,21
2018_4,솔매로50길,704,274,430,3,81,177,206,174,63,3,23,59,68,75,46,0,58,118,138,99,17
2018_4,솔매로45길,196,90,106,0,17,33,53,58,35,0,8,14,25,29,14,0,9,19,28,29,21
2018_4,솔매로41길,86,21,65,0,12,14,22,28,10,0,2,2,7,5,5,0,10,12,15,23,5
2018_4,삼양로93길,17,4,13,0,0,1,5,10,1,0,0,0,1,2,1,0,0,1,4,8,0
2018_4,삼양로77길,419,147,272,0,45,81,117,113,63,0,18,39,36,34,20,0,27,42,81,79,43
2018_4,삼양로54길,8,4,4,0,0,2,1,5,0,0,0,1,0,3,0,0,0,1,1,2,0
2018_4,삼양로41길,306,141,165,0,24,64,86,84,48,0,10,27,44,34,26,0,14,37,42,50,22
2018_4,삼양로24길,101,51,50,0,12,20,29,20,20,0,8,12,13,7,11,0,4,8,16,13,9
2018_4,삼양로20길,137,48,89,1,15,27,36,45,13,0,1,8,12,16,11,1,14,19,24,29,2
2018_4,삼각산로28길,833,401,432,0,59,148,165,201,260,0,21,68,81,105,126,0,38,80,84,96,134
2018_4,도봉로99길,217,103,114,0,19,40,71,60,27,0,9,19,33,27,15,0,10,21,38,33,12
2018_4,도봉로8길,258,196,62,1,50,73,66,42,26,1,43,66,48,23,15,0,7,7,18,19,11
2018_4,도봉로76길,389,212,177,3,36,60,85,84,121,0,20,35,41,36,80,3,16,25,44,48,41
2018_4,도봉로67길,6,3,3,0,1,0,2,2,1,0,0,0,2,0,1,0,1,0,0,2,0
2018_4,도봉로45길,113,67,46,0,6,10,35,27,35,0,2,9,18,14,24,0,4,1,17,13,11
2018_4,도봉로18길,382,178,204,0,31,63,105,111,72,0,11,36,54,40,37,0,20,27,51,71,35
2018_4,도봉로13길,26,9,17,0,1,3,3,13,6,0,0,1,0,4,4,0,1,2,3,9,2
2018_4,덕릉로41길,794,628,166,0,78,260,172,231,53,0,47,224,140,190,27,0,31,36,32,41,26
2018_4,덕릉로40길,919,715,204,0,71,85,225,350,188,0,45,54,176,299,141,0,26,31,49,51,47
2018_4,노해로33길,32,11,21,0,10,6,7,8,1,0,2,1,2,5,1,0,8,5,5,3,0
2018_4,노해로17길,252,75,177,0,26,35,49,80,62,0,7,18,23,14,13,0,19,17,26,66,49
2018_4,화랑로40길,185,103,82,0,27,42,37,58,21,0,12,20,22,34,15,0,15,22,15,24,6
2018_4,화랑로32길,466,349,117,8,58,172,143,65,20,1,24,139,111,56,18,7,34,33,32,9,2
2018_4,화랑로1길,161,85,76,0,18,32,29,59,23,0,5,18,18,36,8,0,13,14,11,23,15
2018_4,화랑로19길,561,316,245,0,67,111,172,134,77,0,37,48,106,74,51,0,30,63,66,60,26
2018_4,화랑로14길,33,15,18,0,4,6,12,7,4,0,1,2,6,3,3,0,3,4,6,4,1
2018_4,화랑로13길,83,40,43,0,7,18,29,24,5,0,1,8,13,14,4,0,6,10,16,10,1
2018_4,한천로76길,135,77,58,0,7,21,39,37,31,0,4,15,27,18,13,0,3,6,12,19,18
2018_4,한천로101가길,46,28,18,0,3,9,7,18,9,0,2,7,3,11,5,0,1,2,4,7,4
2018_4,창경궁로43길,29,21,8,0,5,4,9,6,5,0,4,4,7,3,3,0,1,0,2,3,2
2018_4,지봉로20길,118,67,51,0,11,26,27,31,23,0,4,11,16,19,17,0,7,15,11,12,6
2018_4,종암로5길,132,88,44,0,12,39,30,31,20,0,9,30,21,16,12,0,3,9,9,15,8
2018_4,종암로24가길,294,137,157,0,51,65,71,71,36,0,19,25,29,40,24,0,32,40,42,31,12
2018_4,종암로21길,250,44,206,1,14,29,56,93,57,0,5,7,16,13,3,1,9,22,40,80,54
2018_4,종암로19길,408,132,276,2,89,67,88,104,58,1,24,34,33,21,19,1,65,33,55,83,39
2018_4,종암로16길,89,38,51,0,10,19,22,19,19,0,1,10,6,8,13,0,9,9,16,11,6
2018_4,정릉로8길,196,116,80,0,32,46,38,49,31,0,14,25,23,28,26,0,18,21,15,21,5
2018_4,정릉로27길,212,95,117,2,35,50,47,49,29,0,18,22,22,16,17,2,17,28,25,33,12
2018_4,장위로50길,685,411,274,1,91,78,138,211,166,0,33,35,89,122,132,1,58,43,49,89,34
2018_4,장월로1길,341,173,168,2,60,89,74,64,52,0,20,50,42,31,30,2,40,39,32,33,22
2018_4,인촌로6길,3273,1916,1357,11,378,577,733,769,805,4,189,388,406,407,522,7,189,189,327,362,283
2018_4,인촌로5길,26,2,24,0,1,2,6,13,4,0,0,0,0,1,1,0,1,2,6,12,3
2018_4,인촌로24길,236,154,82,0,47,74,70,25,20,0,23,63,48,12,8,0,24,11,22,13,12
2018_4,개운사길,3713,2231,1482,9,387,1114,1021,838,344,3,154,520,648,642,264,6,233,594,373,196,80
2018_4,인촌로1길,150,102,48,0,15,42,42,32,19,0,6,27,32,23,14,0,9,15,10,9,5
2018_4,인촌로17가길,3323,1184,2139,0,855,1153,752,461,102,0,162,344,357,241,80,0,693,809,395,220,22
2018_4,오패산로4길,624,194,430,4,111,128,130,142,109,1,33,43,43,33,41,3,78,85,87,109,68
2018_4,오패산로3길,1178,659,519,6,235,279,321,236,101,1,89,167,218,127,57,5,146,112,103,109,44
2018_4,오패산로19길,41,18,23,0,6,17,11,5,2,0,0,10,6,1,1,0,6,7,5,4,1
2018_4,안암로5길,612,379,233,2,84,138,178,128,82,0,33,77,112,93,64,2,51,61,66,35,18
2018_4,아리랑로4길,558,217,341,5,36,94,130,166,127,2,12,33,47,59,64,3,24,61,83,107,63
2018_4,솔샘로6길,154,70,84,0,35,36,42,28,13,0,10,23,19,11,7,0,25,13,23,17,6
2018_4,성북로8길,56,25,31,0,14,18,12,8,4,0,3,7,7,5,3,0,11,11,5,3,1
2018_4,삼양로8길,65,41,24,0,13,14,14,19,5,0,6,9,10,12,4,0,7,5,4,7,1
2018_4,삼선교로16가길,735,419,316,0,167,124,160,203,81,0,83,57,100,126,53,0,84,67,60,77,28
2018_4,삼선교로10다길,94,52,42,0,15,25,25,18,11,0,7,17,12,11,5,0,8,8,13,7,6
2018_4,삼선교로10길,295,123,172,1,41,62,83,64,44,1,15,29,25,32,21,0,26,33,58,32,23
2018_4,보문로32길,1017,413,604,0,292,189,242,203,91,0,25,84,124,125,55,0,267,105,118,78,36
2018_4,보문로31길,702,285,417,1,111,185,168,143,94,0,39,82,70,50,44,1,72,103,98,93,50
2018_4,보문로13길,931,600,331,0,9,25,60,101,736,0,3,13,19,43,522,0,6,12,41,58,214
2018_4,보국문로16길,389,251,138,1,30,47,75,125,111,0,13,31,44,89,74,1,17,16,31,36,37
2018_4,동소문로26가길,230,109,121,1,39,47,54,47,42,1,12,22,28,27,19,0,27,25,26,20,23
2018_4,동소문로15길,128,57,71,0,25,46,37,16,4,0,7,24,20,4,2,0,18,22,17,12,2
2018_4,동소문로13길,435,223,212,0,80,112,112,67,64,0,24,58,66,36,39,0,56,54,46,31,25
2018_4,돌곶이로8길,182,87,95,0,18,46,62,35,21,0,5,18,31,23,10,0,13,28,31,12,11
2018_4,돌곶이로41길,43,20,23,0,3,9,13,15,3,0,0,5,6,7,2,0,3,4,7,8,1
2018_4,돌곶이로28길,227,143,84,0,38,72,64,33,20,0,17,57,40,18,11,0,21,15,24,15,9
2018_4,돌곶이로27길,71,45,26,0,7,11,13,27,13,0,4,6,8,18,9,0,3,5,5,9,4
2018_4,돌곶이로22길,132,68,64,0,19,28,29,31,25,0,4,14,17,13,20,0,15,14,12,18,5
2018_4,길음로7길,8,5,3,0,0,2,4,0,2,0,0,1,3,0,1,0,0,1,1,0,1
2018_4,중랑천로10길,770,382,388,9,174,157,203,134,93,5,81,66,105,71,54,4,93,91,98,63,39
2018_4,용마산로94길,456,279,177,0,87,46,120,137,66,0,43,26,66,91,53,0,44,20,54,46,13
2018_4,용마산로118길,566,275,291,0,75,126,163,118,84,0,25,62,75,62,51,0,50,64,88,56,33
2018_4,용마산로112길,356,151,205,0,40,50,73,93,100,0,15,26,30,35,45,0,25,24,43,58,55
2018_4,용마산로100길,433,294,139,0,36,41,69,130,157,0,5,13,38,101,137,0,31,28,31,29,20
2018_4,신내로7가길,276,67,209,0,35,56,74,81,30,0,5,10,15,25,12,0,30,46,59,56,18
2018_4,사가정로54길,135,46,89,2,30,23,33,28,19,0,7,5,13,11,10,2,23,18,20,17,9
2018_4,사가정로42길,84,24,60,0,1,10,17,26,30,0,1,0,4,7,12,0,0,10,13,19,18
2018_4,봉화산로56길,558,151,407,2,66,91,109,180,110,1,23,43,33,31,20,1,43,48,76,149,90
2018_4,봉화산로4길,412,158,254,0,31,55,116,140,70,0,9,31,51,38,29,0,22,24,65,102,41
2018_4,봉화산로30길,354,217,137,0,31,43,93,109,78,0,10,17,53,70,67,0,21,26,40,39,11
2018_4,봉우재로33길,114,43,71,0,36,24,15,27,12,0,19,7,5,5,7,0,17,17,10,22,5
2018_4,면목로78길,254,146,108,0,21,38,76,75,44,0,8,25,42,38,33,0,13,13,34,37,11
2018_4,면목로56길,205,154,51,0,12,30,38,69,56,0,3,13,27,58,53,0,9,17,11,11,3
2018_4,면목로55길,364,109,255,1,40,62,94,110,57,0,4,22,32,32,19,1,36,40,62,78,38
2018_4,면목로49길,545,182,363,0,159,189,122,60,15,0,21,68,55,28,10,0,138,121,67,32,5
2018_4,면목로48길,122,61,61,0,21,22,35,29,15,0,14,14,16,11,6,0,7,8,19,18,9
2018_4,면목로45길,67,30,37,0,9,18,22,8,10,0,4,4,12,3,7,0,5,14,10,5,3
2018_4,면목로33길,405,163,242,2,47,88,109,109,50,0,11,35,41,43,33,2,36,53,68,66,17
2018_4,면목로21길,32,25,7,0,1,4,13,8,6,0,0,4,10,5,6,0,1,0,3,3,0
2018_4,망우로73길,8,4,4,0,0,0,4,3,1,0,0,0,2,1,1,0,0,0,2,2,0
2018_4,망우로68길,83,28,55,0,14,18,24,20,7,0,0,4,7,12,5,0,14,14,17,8,2
2018_4,동일로163길,90,57,33,0,12,19,30,19,10,0,5,15,17,15,5,0,7,4,13,4,5
2018_4,동일로157길,223,122,101,0,30,46,65,56,26,0,8,27,39,32,16,0,22,19,26,24,10
2018_4,동일로149길,1154,859,295,0,168,329,289,307,61,0,121,232,215,247,44,0,47,97,74,60,17
2018_4,동일로140길,189,84,105,2,16,40,51,56,24,1,6,19,23,23,12,1,10,21,28,33,12
2018_4,동일로139길,64,35,29,0,5,11,20,19,9,0,1,7,10,15,2,0,4,4,10,4,7
2018_4,동일로139가길,1207,688,519,0,95,190,214,186,522,0,39,97,119,74,359,0,56,93,95,112,163
2018_4,동일로130길,118,46,72,0,11,23,35,33,16,0,5,9,9,13,10,0,6,14,26,20,6
2018_4,동일로123길,184,96,88,0,29,33,54,42,26,0,15,20,23,23,15,0,14,13,31,19,11
2018_4,동일로112길,156,71,85,0,13,22,43,49,29,0,5,9,12,27,18,0,8,13,31,22,11
2018_4,동일로101길,289,116,173,0,30,56,75,87,41,0,9,23,35,28,21,0,21,33,40,59,20
2018_4,동일로100길,74,36,38,0,2,4,3,26,39,0,2,3,0,10,21,0,0,1,3,16,18
2018_4,답십리로75길,106,55,51,0,14,21,37,23,11,0,4,10,19,15,7,0,10,11,18,8,4
2018_4,공릉로2길,665,299,366,3,88,151,159,152,112,1,25,62,73,78,60,2,63,89,86,74,52
2018_4,공릉로12가길,28,19,9,0,5,4,6,4,9,0,2,3,4,3,7,0,3,1,2,1,2
2018_4,겸재로54길,107,44,63,0,8,15,26,43,15,0,3,9,10,14,8,0,5,6,16,29,7
2018_4,겸재로36길,242,195,47,0,11,15,40,88,88,0,4,11,34,68,78,0,7,4,6,20,10
2018_4,겸재로29길,449,182,267,1,55,81,134,118,60,0,12,32,55,52,31,1,43,49,79,66,29
2018_4,휘경로3길,232,114,118,3,54,58,55,43,19,2,20,30,32,21,9,1,34,28,23,22,10
2018_4,휘경로2길,9,2,7,0,4,2,2,1,0,0,0,0,1,1,0,0,4,2,1,0,0
2018_4,휘경로23길,19,4,15,0,3,3,10,3,0,0,1,2,1,0,0,0,2,1,9,3,0
2018_4,휘경로14길,128,46,82,0,5,4,18,24,77,0,2,2,6,9,27,0,3,2,12,15,50
2018_4,한천로46길,323,95,228,3,36,49,103,90,42,2,7,16,26,23,21,1,29,33,77,67,21
2018_4,한천로40길,302,150,152,0,23,45,83,98,53,0,13,28,38,47,24,0,10,17,45,51,29
2018_4,한천로33길,81,40,41,0,10,23,14,16,18,0,7,13,8,7,5,0,3,10,6,9,13
2018_4,한천로14길,584,344,240,1,70,122,148,154,89,1,36,78,98,79,52,0,34,44,50,75,37
2018_4,천호대로97길,343,218,125,1,34,66,93,97,52,0,11,44,58,65,40,1,23,22,35,32,12
2018_4,천호대로77길,2055,1049,1006,5,172,357,378,449,694,3,72,197,228,222,327,2,100,160,150,227,367
2018_4,천호대로45길,122,66,56,0,7,16,27,34,38,0,3,9,17,15,22,0,4,7,10,19,16
2018_4,천호대로17길,2257,1465,792,7,289,517,447,451,546,7,112,314,271,312,449,0,177,203,176,139,97
2018_4,천호대로12길,806,529,277,5,158,228,170,169,76,2,88,151,113,123,52,3,70,77,57,46,24
2018_4,천장산로7길,1481,901,580,0,99,338,458,421,165,0,27,155,276,309,134,0,72,183,182,112,31
2018_4,제기로5길,224,95,129,0,7,25,58,76,58,0,2,22,30,23,18,0,5,3,28,53,40
2018_4,제기로21길,232,153,79,0,29,35,73,74,21,0,13,16,54,57,13,0,16,19,19,17,8
2018_4,전농로4길,689,425,264,1,71,170,177,161,109,0,37,105,114,103,66,1,34,65,63,58,43
2018_4,전농로3길,73,36,37,1,13,13,22,17,7,1,5,9,12,6,3,0,8,4,10,11,4
2018_4,전농로29길,321,141,180,1,38,83,102,73,24,0,10,41,43,31,16,1,28,42,59,42,8
2018_4,장한로8길,802,474,328,0,100,146,237,210,109,0,35,71,144,126,98,0,65,75,93,84,11
2018_4,장한로5길,3043,2165,878,11,566,862,699,600,305,2,311,606,539,465,242,9,255,256,160,135,63
2018_4,장한로27길,140,39,101,2,39,33,24,23,19,1,8,10,10,4,6,1,31,23,14,19,13
2018_4,장한로27가길,422,201,221,1,35,58,94,157,77,1,16,39,54,70,21,0,19,19,40,87,56
2018_4,장한로26길,533,253,280,5,70,118,123,127,90,2,18,55,57,67,54,3,52,63,66,60,36
2018_4,장한로26가길,328,151,177,0,40,60,61,110,57,0,18,33,33,40,27,0,22,27,28,70,30
2018_4,장한로25길,1042,478,564,4,139,225,275,250,149,3,36,99,127,127,86,1,103,126,148,123,63
2018_4,장한로14길,184,150,34,0,7,21,47,56,53,0,4,12,34,49,51,0,3,9,13,7,2
2018_4,이문로42길,270,115,155,1,33,60,68,68,40,1,7,18,34,24,31,0,26,42,34,44,9
2018_4,왕산로43길,897,386,511,2,137,230,220,202,106,2,34,94,105,88,63,0,103,136,115,114,43
2018_4,왕산로33길,158,108,50,0,7,19,39,49,44,0,7,15,33,25,28,0,0,4,6,24,16
2018_4,왕산로32길,6,5,1,0,0,0,2,1,3,0,0,0,2,1,2,0,0,0,0,0,1
2018_4,약령시로17길,340,163,177,2,19,65,64,102,88,2,9,39,35,52,26,0,10,26,29,50,62
2018_4,서울시립대로4길,659,356,303,1,131,106,133,165,123,1,82,70,72,75,56,0,49,36,61,90,67
2018_4,서울시립대로29길,221,123,98,1,20,39,62,57,42,0,10,23,32,31,27,1,10,16,30,26,15
2018_4,서울시립대로16길,136,32,104,0,20,31,42,27,16,0,4,4,11,9,4,0,16,27,31,18,12
2018_4,사가정로2길,86,67,19,0,9,21,23,14,19,0,8,17,19,9,14,0,1,4,4,5,5
2018_4,사가정로23가길,98,64,34,0,18,27,21,14,18,0,12,19,10,10,13,0,6,8,11,4,5
2018_4,사가정로13길,278,82,196,0,24,76,79,60,39,0,5,19,27,12,19,0,19,57,52,48,20
2018_4,무학로45길,345,204,141,0,40,83,92,62,68,0,18,47,59,38,42,0,22,36,33,24,26
2018_4,무학로16길,1213,1110,103,0,96,222,403,299,193,0,72,197,373,280,188,0,24,25,30,19,5
2018_4,망우로21길,196,103,93,0,25,39,37,41,54,0,7,16,17,21,42,0,18,23,20,20,12
2018_4,망우로18길,363,121,242,1,88,98,96,58,22,0,16,24,43,28,10,1,72,74,53,30,12
2018_4,망우로18가길,71,30,41,0,15,17,18,12,9,0,8,9,5,4,4,0,7,8,13,8,5
2018_4,답십리로72길,4,2,2,0,0,1,0,2,1,0,0,1,0,1,0,0,0,0,0,1,1
2018_4,답십리로69길,926,401,525,1,145,189,230,224,137,1,50,85,91,87,87,0,95,104,139,137,50
2018_4,답십리로68길,97,60,37,0,7,11,32,27,20,0,3,7,21,15,14,0,4,4,11,12,6
2018_4,답십리로64길,355,213,142,0,50,100,106,56,43,0,23,59,71,32,28,0,27,41,35,24,15
2018_4,답십리로63길,81,50,31,1,10,22,9,31,8,0,6,12,4,20,8,1,4,10,5,11,0
2018_4,답십리로60길,14,6,8,0,1,0,4,7,2,0,0,0,2,3,1,0,1,0,2,4,1
2018_4,답십리로56길,16,13,3,0,1,3,6,4,2,0,1,2,6,3,1,0,0,1,0,1,1
2018_4,답십리로23길,6,4,2,0,0,1,1,4,0,0,0,0,1,3,0,0,0,1,0,1,0
2018_4,난계로30길,131,89,42,2,10,24,31,39,25,0,3,18,19,28,21,2,7,6,12,11,4
2018_4,경희대로3길,289,185,104,1,48,110,69,42,19,0,15,71,55,32,12,1,33,39,14,10,7
2018_4,천호대로129길,230,85,145,0,27,41,76,53,33,0,5,14,32,16,18,0,22,27,44,37,15
2018_4,천호대로123길,294,114,180,0,33,50,60,101,50,0,9,21,20,39,25,0,24,29,40,62,25
2018_4,천호대로109길,1212,662,550,6,196,316,304,241,149,4,90,177,158,131,102,2,106,139,146,110,47
2018_4,자양번영로3길,87,37,50,0,8,12,23,28,16,0,4,5,10,9,9,0,4,7,13,19,7
2018_4,자양로53길,2,1,1,0,0,0,0,2,0,0,0,0,0,1,0,0,0,0,0,1,0
2018_4,자양로50길,24,9,15,1,5,4,4,5,5,1,0,2,1,3,2,0,5,2,3,2,3
2018_4,자양로45길,570,294,276,3,93,139,153,116,66,1,34,73,95,57,34,2,59,66,58,59,32
2018_4,자양로26길,298,112,186,0,24,66,78,75,55,0,4,22,33,29,24,0,20,44,45,46,31
2018_4,자양로15길,331,227,104,0,23,82,76,74,76,0,8,49,44,59,67,0,15,33,32,15,9
2018_4,자양로11길,1347,689,658,5,261,297,319,285,180,1,77,141,184,175,111,4,184,156,135,110,69
2018_4,용마산로3길,1005,588,417,7,104,219,249,252,174,4,54,125,134,142,129,3,50,94,115,110,45
2018_4,용마산로21길,171,84,87,0,24,30,50,49,18,0,6,14,26,25,13,0,18,16,24,24,5
2018_4,아차산로78길,2678,1322,1356,9,500,829,591,464,285,4,142,424,360,233,159,5,358,405,231,231,126
2018_4,아차산로65길,675,447,228,1,87,143,201,165,78,0,37,96,131,120,63,1,50,47,70,45,15
2018_4,아차산로55길,398,219,179,0,48,99,104,94,53,0,23,51,62,52,31,0,25,48,42,42,22
2018_4,아차산로51길,243,144,99,0,23,53,76,52,39,0,13,29,50,27,25,0,10,24,26,25,14
2018_4,아차산로40길,536,306,230,2,105,105,137,108,79,1,45,57,70,64,69,1,60,48,67,44,10
2018_4,면목로17길,272,174,98,0,51,50,74,59,38,0,21,26,50,47,30,0,30,24,24,12,8
2018_4,뚝섬로64길,300,162,138,0,26,67,73,64,70,0,9,25,35,35,58,0,17,42,38,29,12
2018_4,뚝섬로58길,189,61,128,0,9,35,56,66,23,0,1,9,18,20,13,0,8,26,38,46,10
2018_4,뚝섬로54길,152,93,59,0,19,32,47,38,16,0,10,24,25,26,8,0,9,8,22,12,8
2018_4,뚝섬로48길,847,387,460,3,118,177,217,201,131,2,49,76,101,89,70,1,69,101,116,112,61
2018_4,뚝섬로24길,96,30,66,0,12,9,22,41,12,0,3,3,4,12,8,0,9,6,18,29,4
2018_4,뚝섬로23길,110,63,47,0,7,16,30,34,23,0,1,9,14,21,18,0,6,7,16,13,5
2018_4,동일로24길,16,4,12,0,5,4,2,4,1,0,1,1,1,0,1,0,4,3,1,4,0
2018_4,동일로18길,200,84,116,0,37,41,51,51,20,0,14,15,21,21,13,0,23,26,30,30,7
2018_4,능동로4길,236,101,135,0,32,47,58,58,41,0,8,13,29,24,27,0,24,34,29,34,14
2018_4,능동로3길,204,99,105,0,28,28,57,46,45,0,16,16,22,20,25,0,12,12,35,26,20
2018_4,능동로34길,911,509,402,1,136,197,213,178,186,0,52,105,116,103,133,1,84,92,97,75,53
2018_4,능동로19길,324,212,112,0,49,84,76,78,37,0,30,66,45,41,30,0,19,18,31,37,7
2018_4,능동로13길,332,138,194,2,39,63,79,92,57,1,13,27,37,28,32,1,26,36,42,64,25
2018_4,긴고랑로9길,47,24,23,0,5,12,13,11,6,0,2,9,8,4,1,0,3,3,5,7,5
2018_4,긴고랑로8길,224,178,46,0,6,20,39,73,86,0,1,14,26,61,76,0,5,6,13,12,10
2018_4,긴고랑로7길,497,246,251,1,33,110,147,142,64,0,10,66,70,70,30,1,23,44,77,72,34
2018_4,긴고랑로20길,587,283,304,1,59,133,171,136,87,0,17,69,87,71,39,1,42,64,84,65,48
2018_4,광나루로52길,1932,882,1050,8,240,271,258,436,719,8,131,139,128,164,312,0,109,132,130,272,407
2018_4,광나루로40길,137,63,74,1,14,24,30,29,39,0,0,16,20,14,13,1,14,8,10,15,26
2018_4,광나루로37길,306,186,120,0,39,65,85,79,38,0,10,35,49,61,31,0,29,30,36,18,7
2018_4,광나루로36길,50,30,20,0,5,18,12,10,5,0,1,14,8,5,2,0,4,4,4,5,3
2018_4,광나루로24길,83,47,36,0,19,25,15,14,10,0,9,14,10,7,7,0,10,11,5,7,3
2018_4,광나루로12길,1047,586,461,6,190,276,250,214,111,5,95,170,144,93,79,1,95,106,106,121,32
2018_4,한림말길,65,35,30,0,8,10,30,11,6,0,3,4,17,7,4,0,5,6,13,4,2
2018_4,청계천로10나길,1826,1072,754,7,242,500,440,387,250,5,131,323,287,186,140,2,111,177,153,201,110
2018_4,장터길,39,15,24,0,10,10,5,6,8,0,3,3,2,3,4,0,7,7,3,3,4
2018_4,용답중앙길,92,47,45,0,3,22,25,20,22,0,3,13,14,11,6,0,0,9,11,9,16
2018_4,용답29길,1708,902,806,7,177,312,463,398,351,5,93,178,202,196,228,2,84,134,261,202,123
2018_4,왕십리로6길,1457,808,649,3,173,388,385,374,134,3,83,223,200,207,92,0,90,165,185,167,42
2018_4,왕십리로31길,81,42,39,0,2,24,25,11,19,0,0,8,11,6,17,0,2,16,14,5,2
2018_4,왕십리로26길,4069,2485,1584,12,761,824,936,843,693,7,277,560,689,556,396,5,484,264,247,287,297
2018_4,왕십리로21길,196,65,131,2,27,43,52,46,26,2,2,10,20,21,10,0,25,33,32,25,16
2018_4,왕십리로14길,2760,1981,779,3,302,527,643,734,551,2,142,388,483,515,451,1,160,139,160,219,100
2018_4,아차산로5길,2254,1475,779,7,320,543,603,530,251,5,170,378,408,344,170,2,150,165,195,186,81
2018_4,아차산로15길,4423,3129,1294,16,705,1170,1151,898,483,8,389,821,852,641,418,8,316,349,299,257,65
2018_4,아차산로11길,3763,2445,1318,13,621,910,984,841,394,8,322,629,684,511,291,5,299,281,300,330,103
2018_4,송정4가길,1033,447,586,4,149,303,293,168,116,1,36,137,132,69,72,3,113,166,161,99,44
2018_4,송정12라길,266,184,82,0,23,67,60,56,60,0,11,46,36,38,53,0,12,21,24,18,7
2018_4,성수일로6길,2624,1639,985,10,407,708,642,488,369,9,188,447,432,327,236,1,219,261,210,161,133
2018_4,성수이로7길,558,315,243,0,72,122,110,99,155,0,35,70,77,61,72,0,37,52,33,38,83
2018_4,성수이로18길,2355,1649,706,13,308,607,678,539,210,12,160,406,506,398,167,1,148,201,172,141,43
2018_4,성덕정길,897,521,376,14,159,219,215,202,88,2,53,130,126,142,68,12,106,89,89,60,20
2018_4,성덕정17길,234,123,111,0,22,46,59,61,46,0,6,25,28,32,32,0,16,21,31,29,14
2018_4,서울숲2길,1098,643,455,4,148,231,308,246,161,1,54,128,179,154,127,3,94,103,129,92,34
2018_4,상원길,1553,997,556,1,213,448,451,293,147,0,80,306,313,206,92,1,133,142,138,87,55
2018_4,상원12길,170,105,65,0,29,38,48,39,16,0,12,24,32,26,11,0,17,14,16,13,5
2018_4,사근동길,30,18,12,0,4,11,10,3,2,0,3,4,6,3,2,0,1,7,4,0,0
2018_4,무학봉길,5,3,2,0,0,2,1,2,0,0,0,0,1,2,0,0,0,2,0,0,0
2018_4,무학봉28길,134,60,74,0,14,32,32,32,24,0,4,9,14,18,15,0,10,23,18,14,9
2018_4,무학로6길,387,216,171,1,41,57,105,109,74,1,19,34,59,61,42,0,22,23,46,48,32
2018_4,무수막길,153,74,79,0,30,37,29,36,21,0,10,24,13,14,13,0,20,13,16,22,8
2018_4,매봉길,10,7,3,0,1,1,3,2,3,0,1,1,1,2,2,0,0,0,2,0,1
2018_4,마조로1길,216,79,137,0,27,47,75,56,11,0,10,16,26,18,9,0,17,31,49,38,2
2018_4,마조로16길,839,589,250,3,67,159,207,248,155,1,29,107,146,175,131,2,38,52,61,73,24
2018_4,마장로39길,107,51,56,0,14,14,32,39,8,0,5,9,19,15,3,0,9,5,13,24,5
2018_4,마장로27길,77,22,55,0,13,19,21,19,5,0,2,3,5,9,3,0,11,16,16,10,2
2018_4,둘레9길,391,231,160,1,42,91,112,100,45,1,23,48,66,57,36,0,19,43,46,43,9
2018_4,금호산길,436,156,280,1,58,94,115,116,52,0,16,36,35,43,26,1,42,58,80,73,26
2018_4,금호산2길,36,12,24,0,3,9,13,7,4,0,0,4,2,3,3,0,3,5,11,4,1
2018_4,고산자로6길,9832,3564,6268,12,910,1707,2991,3681,531,6,532,1113,996,549,368,6,378,594,1995,3132,163
2018_4,후암로28길,209,92,117,1,45,39,58,48,18,0,13,17,27,22,13,1,32,22,31,26,5
2018_4,효창원로39길,57,31,26,0,7,12,20,17,1,0,2,9,14,6,0,0,5,3,6,11,1
2018_4,회나무로13길,85,46,39,0,31,31,11,8,4,0,17,17,7,2,3,0,14,14,4,6,1
2018_4,한남대로20길,772,432,340,5,157,249,194,92,75,4,61,138,116,61,52,1,96,111,78,31,23
2018_4,한강대로7길,491,331,160,3,53,90,97,85,163,2,35,67,78,58,91,1,18,23,19,27,72
2018_4,한강대로62길,742,505,237,0,117,159,174,181,111,0,78,110,124,112,81,0,39,49,50,69,30
2018_4,한강대로52길,1146,735,411,7,211,369,282,165,112,2,88,226,206,124,89,5,123,143,76,41,23
2018_4,한강대로43길,5969,3751,2218,6,881,1512,1596,1228,746,2,405,967,1116,779,482,4,476,545,480,449,264
2018_4,한강대로15길,1230,345,885,6,484,458,128,89,65,0,63,101,70,67,44,6,421,357,58,22,21
2018_4,한강대로104길,11313,4081,7232,73,6404,2304,1335,648,549,12,827,1394,1023,476,349,61,5577,910,312,172,200
2018_4,청파로73길,1175,614,561,3,133,334,316,256,133,1,55,149,141,153,115,2,78,185,175,103,18
2018_4,청파로71길,228,112,116,0,31,46,76,62,13,0,8,22,28,45,9,0,23,24,48,17,4
2018_4,청파로47나길,171,97,74,0,31,40,42,29,29,0,13,21,28,18,17,0,18,19,14,11,12
2018_4,청파로47길,969,423,546,3,154,238,252,221,101,0,58,104,114,92,55,3,96,134,138,129,46
2018_4,장문로45길,55,13,42,0,5,17,11,15,7,0,1,3,4,4,1,0,4,14,7,11,6
2018_4,이태원로54길,2259,1093,1166,8,590,664,534,370,93,4,301,414,243,81,50,4,289,250,291,289,43
2018_4,이태원로27길,629,356,273,2,252,160,90,69,56,1,133,103,47,40,32,1,119,57,43,29,24
2018_4,이촌로22길,279,165,114,0,67,53,57,57,45,0,38,28,30,37,32,0,29,25,27,20,13
2018_4,원효로89길,893,734,159,0,144,365,193,148,43,0,108,290,167,132,37,0,36,75,26,16,6
2018_4,원효로53길,867,532,335,3,88,226,226,188,136,1,37,135,152,125,82,2,51,91,74,63,54
2018_4,원효로41길,1490,1016,474,11,239,497,402,213,128,7,145,354,295,131,84,4,94,143,107,82,44
2018_4,원효로19길,1038,733,305,1,164,326,306,147,94,0,92,241,241,102,57,1,72,85,65,45,37
2018_4,우사단로4길,152,91,61,0,17,20,31,53,31,0,5,4,13,42,27,0,12,16,18,11,4
2018_4,우사단로14길,1886,905,981,6,287,845,503,172,73,2,71,378,331,106,17,4,216,467,172,66,56
2018_4,우사단로10길,87,39,48,0,14,22,18,21,12,0,1,12,6,14,6,0,13,10,12,7,6
2018_4,신흥로20길,216,93,123,1,45,55,62,32,21,0,13,27,26,13,14,1,32,28,36,19,7
2018_4,소월로20길,136,53,83,2,28,33,38,24,11,1,10,11,10,12,9,1,18,22,28,12,2
2018_4,서빙고로71길,469,283,186,0,49,110,129,92,89,0,24,48,58,74,79,0,25,62,71,18,10
2018_4,백범로90길,256,155,101,0,17,44,77,69,49,0,9,26,44,43,33,0,8,18,33,26,16
2018_4,백범로79길,725,440,285,1,87,182,191,150,114,0,28,104,127,99,82,1,59,78,64,51,32
2018_4,두텁바위로1길,2758,1484,1274,17,567,761,670,465,278,10,193,375,378,314,214,7,374,386,292,151,64
2018_4,대사관로34길,291,142,149,0,46,72,63,65,45,0,15,39,31,33,24,0,31,33,32,32,21
2018_4,녹사평대로46길,74,46,28,0,25,28,13,7,1,0,17,17,9,2,1,0,8,11,4,5,0
2018_4,녹사평대로40나길,65,29,36,0,26,15,11,11,2,0,9,8,6,4,2,0,17,7,5,7,0
2018_4,녹사평대로32길,389,218,171,1,65,79,64,76,104,0,39,42,27,39,71,1,26,37,37,37,33
2018_4,녹사평대로26길,2081,1090,991,0,223,565,517,555,221,0,63,223,249,399,156,0,160,342,268,156,65
2018_4,녹사평대로11길,267,175,92,2,32,69,95,48,21,2,17,38,68,33,17,0,15,31,27,15,4
2018_4,퇴계로90길,599,220,379,2,83,143,132,146,93,1,32,50,53,46,38,1,51,93,79,100,55
2018_4,퇴계로8길,2397,1293,1104,5,405,764,645,368,210,1,122,429,390,213,138,4,283,335,255,155,72
2018_4,퇴계로56길,1285,1042,243,1,115,426,369,208,166,0,74,345,331,164,128,1,41,81,38,44,38
2018_4,퇴계로46길,2119,1001,1118,3,376,547,539,460,194,0,76,193,259,316,157,3,300,354,280,144,37
2018_4,퇴계로18길,3099,1354,1745,13,582,798,684,606,416,2,186,414,346,220,186,11,396,384,338,386,230
2018_4,퇴계로12길,1154,488,666,6,238,307,220,250,133,0,41,117,109,138,83,6,197,190,111,112,50
2018_4,청구로1길,250,84,166,0,58,47,50,60,35,0,14,24,20,18,8,0,44,23,30,42,27
2018_4,청구로17길,1721,804,917,4,385,619,362,227,124,0,76,260,197,171,100,4,309,359,165,56,24
2018_4,장충단로8길,3242,1195,2047,12,1130,862,584,346,308,3,246,310,299,188,149,9,884,552,285,158,159
2018_4,삼일대로4길,957,571,386,5,134,250,244,170,154,0,50,133,171,105,112,5,84,117,73,65,42
2018_4,명동길,36306,17786,18520,66,5013,13799,10352,5783,1293,19,1720,5976,5440,3770,861,47,3293,7823,4912,2013,432
2018_4,동호로20길,854,337,517,11,277,243,156,110,57,2,105,82,67,47,34,9,172,161,89,63,23
2018_4,동호로15길,4108,2168,1940,6,1596,1349,737,308,112,3,612,748,527,208,70,3,984,601,210,100,42
2018_4,동호로11길,17,11,6,0,1,1,6,7,2,0,1,0,4,5,1,0,0,1,2,2,1
2018_4,동호로10길,1587,702,885,6,338,439,348,320,136,3,101,190,183,157,68,3,237,249,165,163,68
2018_4,다산로39길,1339,742,597,1,132,284,315,386,221,0,67,191,173,204,107,1,65,93,142,182,114
2018_4,다산로38길,1628,724,904,7,502,469,333,213,104,5,148,214,171,121,65,2,354,255,162,92,39
2018_4,다산로36길,70,42,28,0,10,17,15,22,6,0,5,11,9,13,4,0,5,6,6,9,2
2018_4,다산로33길,396,202,194,1,75,81,95,101,43,0,35,48,50,42,27,1,40,33,45,59,16
2018_4,난계로21길,252,160,92,1,36,48,80,65,22,1,14,29,58,42,16,0,22,19,22,23,6
2018_4,난계로11길,1823,1066,757,4,357,503,358,332,269,0,182,304,229,191,160,4,175,199,129,141,109
2018_4,필운대로1길,4,1,3,0,0,2,2,0,0,0,0,0,1,0,0,0,0,2,1,0,0
2018_4,평창길,206,101,105,0,31,49,50,51,25,0,5,28,30,23,15,0,26,21,20,28,10
2018_4,통일로12길,236,94,142,0,17,58,66,79,16,0,3,12,32,36,11,0,14,46,34,43,5
2018_4,창신길,271,69,202,0,28,33,35,105,70,0,9,13,13,22,12,0,19,20,22,83,58
2018_4,창신5길,8,3,5,0,0,0,4,2,2,0,0,0,1,1,1,0,0,0,3,1,1
2018_4,창신2길,56,26,30,0,3,5,12,27,9,0,2,4,6,10,4,0,1,1,6,17,5
2018_4,창경궁로35길,1114,326,788,2,234,297,352,185,44,0,24,87,113,71,31,2,210,210,239,114,13
2018_4,지봉로8길,195,97,98,0,22,38,58,53,24,0,9,21,25,31,11,0,13,17,33,22,13
2018_4,종로65길,486,250,236,1,63,102,127,99,94,1,26,50,59,49,65,0,37,52,68,50,29
2018_4,자하문로7길,624,398,226,0,103,191,172,94,64,0,58,124,106,62,48,0,45,67,66,32,16
2018_4,이화장길,1996,960,1036,1,341,572,527,406,149,0,129,224,279,236,92,1,212,348,248,170,57
2018_4,율곡로16길,103,90,13,0,9,30,21,29,14,0,7,27,20,26,10,0,2,3,1,3,4
2018_4,율곡로10길,2228,1612,616,3,289,694,650,372,220,2,150,521,508,265,166,1,139,173,142,107,54
2018_4,옥인길,469,195,274,0,78,107,140,109,35,0,15,34,73,55,18,0,63,73,67,54,17
2018_4,숭인동길,24,5,19,0,3,0,6,6,9,0,0,0,3,2,0,0,3,0,3,4,9
2018_4,성균관로5길,133,82,51,0,13,10,11,16,83,0,4,5,5,6,62,0,9,5,6,10,21
2018_4,삼청로5길,449,169,280,1,109,131,93,71,44,0,25,47,45,31,21,1,84,84,48,40,23
2018_4,북촌로5나길,1693,1128,565,3,130,486,588,407,79,1,49,308,423,297,50,2,81,178,165,110,29
2018_4,북촌로5길,57,24,33,0,3,15,12,15,12,0,1,6,5,5,7,0,2,9,7,10,5
2018_4,북촌로11길,12,5,7,0,6,2,0,2,2,0,1,1,0,2,1,0,5,1,0,0,1
2018_4,백석동길,139,73,66,0,27,38,27,29,18,0,11,16,13,19,14,0,16,22,14,10,4
2018_4,명륜길,18,8,10,0,5,9,3,1,0,0,1,5,2,0,0,0,4,4,1,1,0
2018_4,돈화문로11가길,1048,569,479,0,157,246,272,224,149,0,42,112,165,135,115,0,115,134,107,89,34
2018_4,계동길,829,356,473,4,176,244,175,163,67,4,52,89,76,85,50,0,124,155,99,78,17
2018_3,강남 마이스 관광특구,22562,12970,9592,134,5387,7829,5600,2673,939,50,1825,4433,3940,2047,675,84,3562,3396,1660,626,264
2018_3,잠실 관광특구,30675,17928,12747,146,5724,7561,6724,6446,4074,69,2849,4805,4043,3653,2509,77,2875,2756,2681,2793,1565
2018_3,종로·청계 관광특구,31692,19002,12690,88,4453,9415,8633,6762,2341,35,1806,4890,5756,5081,1434,53,2647,4525,2877,1681,907
2018_3,동대문패션타운 관광특구,10568,5953,4615,18,2407,3346,2305,1601,891,12,1269,1899,1353,894,526,6,1138,1447,952,707,365
2018_3,명동 남대문 북창동 다동 무교동 관광특구,158818,77955,80863,586,34277,52798,41310,23186,6661,148,10471,23876,23836,15266,4358,438,23806,28922,17474,7920,2303
2018_3,이태원 관광특구,5857,3193,2664,32,1556,1641,1111,954,563,12,734,905,590,599,353,20,822,736,521,355,210
2018_3,길동복조리시장,471,321,150,1,47,95,139,106,83,0,30,61,93,77,60,1,17,34,46,29,23
2018_3,둔촌역전통시장,169,79,90,0,12,31,37,48,41,0,4,11,15,21,28,0,8,20,22,27,13
2018_3,성내골목시장,6,2,4,0,0,0,4,1,1,0,0,0,2,0,0,0,0,0,2,1,1
2018_3,천호시장,9,4,5,0,0,2,1,5,1,0,0,1,0,3,0,0,0,1,1,2,1
2018_3,암사종합시장,829,387,442,0,32,59,86,105,547,0,19,29,41,35,263,0,13,30,45,70,284
2018_3,고덕전통시장,400,387,13,0,2,13,50,126,209,0,2,10,43,124,208,0,0,3,7,2,1
2018_3,명일골목시장,531,208,323,1,32,33,62,148,255,1,22,19,17,25,124,0,10,14,45,123,131
2018_3,새마을시장,385,227,158,0,42,97,112,84,50,0,28,67,66,36,30,0,14,30,46,48,20
2018_3,석촌시장,165,98,67,0,19,29,47,39,31,0,10,17,26,24,21,0,9,12,21,15,10
2018_3,방이시장,611,372,239,0,63,188,152,155,53,0,41,154,102,52,23,0,22,34,50,103,30
2018_3,마천시장,216,77,139,1,24,40,64,58,29,1,7,14,20,23,12,0,17,26,44,35,17
2018_3,풍납시장,10,2,8,0,2,1,3,3,1,0,0,0,1,0,1,0,2,1,2,3,0
2018_3,강남개포시장,36,31,5,0,1,0,8,9,18,0,0,0,4,9,18,0,1,0,4,0,0
2018_3,도곡시장,484,215,269,2,82,102,134,97,67,0,21,55,56,44,39,2,61,47,78,53,28
2018_3,영동전통시장,3036,2192,844,20,466,811,833,606,300,12,256,593,682,442,207,8,210,218,151,164,93
2018_3,미성동도깨비시장,409,167,242,1,62,80,128,111,27,0,17,39,58,39,14,1,45,41,70,72,13
2018_3,신신림시장,3,2,1,0,0,0,2,1,0,0,0,0,1,1,0,0,0,0,1,0,0
2018_3,삼성동시장,94,38,56,0,9,18,20,25,22,0,1,9,8,8,12,0,8,9,12,17,10
2018_3,신림중앙시장,12,7,5,0,0,4,2,1,5,0,0,2,2,1,2,0,0,2,0,0,3
2018_3,강남골목시장,262,139,123,0,36,54,68,56,48,0,20,26,34,29,30,0,16,28,34,27,18
2018_3,관악신사시장,171,79,92,0,24,41,47,38,21,0,5,19,24,18,13,0,19,22,23,20,8
2018_3,신원시장,330,124,206,0,31,50,78,88,83,0,11,26,27,31,29,0,20,24,51,57,54
2018_3,인헌시장,204,95,109,0,32,72,50,30,20,0,9,41,26,12,7,0,23,31,24,18,13
2018_3,봉천현대시장,10,4,6,1,0,0,3,3,3,1,0,0,1,1,1,0,0,0,2,2,2
2018_3,봉천제일종합시장,62,31,31,0,3,9,13,29,8,0,1,6,6,12,6,0,2,3,7,17,2
2018_3,낙성대시장,16,9,7,0,1,2,2,9,2,0,1,1,2,5,0,0,0,1,0,4,2
2018_3,중부시장,185,54,131,0,23,33,39,44,46,0,4,11,13,17,9,0,19,22,26,27,37
2018_3,남성역골목시장,563,254,309,0,73,116,146,127,101,0,22,44,66,68,54,0,51,72,80,59,47
2018_3,남성사계시장,1983,874,1109,12,267,400,405,465,434,4,71,187,217,188,207,8,196,213,188,277,227
2018_3,흑석시장,171,54,117,1,24,43,55,34,14,1,5,9,14,13,12,0,19,34,41,21,2
2018_3,상도4동도깨비골목시장,327,84,243,1,65,69,87,74,31,0,16,18,24,15,11,1,49,51,63,59,20
2018_3,영도시장,83,41,42,0,13,19,22,19,10,0,3,8,15,9,6,0,10,11,7,10,4
2018_3,본동인정시장,134,73,61,0,9,33,36,29,27,0,3,15,19,15,21,0,6,18,17,14,6
2018_3,대림중앙시장,20,9,11,0,3,4,4,6,3,0,0,2,2,2,3,0,3,2,2,4,0
2018_3,우리시장,18,9,9,0,2,4,2,9,1,0,0,2,0,6,1,0,2,2,2,3,0
2018_3,영진시장A동,47,41,6,1,4,10,10,14,8,0,4,8,9,14,6,1,0,2,1,0,2
2018_3,사러가시장,34,12,22,0,8,10,9,5,2,0,3,3,2,3,1,0,5,7,7,2,1
2018_3,영등포청과시장,218,143,75,3,24,62,65,42,22,0,13,41,47,28,14,3,11,21,18,14,8
2018_3,영등포전통시장,4063,1979,2084,13,593,1454,1141,584,278,0,168,626,606,392,187,13,425,828,535,192,91
2018_3,은행나무시장,69,14,55,0,6,14,27,14,8,0,2,2,3,3,4,0,4,12,24,11,4
2018_3,현대시장,45,11,34,0,2,6,22,10,5,0,1,1,6,1,2,0,1,5,16,9,3
2018_3,남문시장,271,114,157,1,27,36,67,104,36,1,7,12,25,46,23,0,20,24,42,58,13
2018_3,독산동 우시장,137,58,79,0,13,14,49,40,21,0,7,6,16,15,14,0,6,8,33,25,7
2018_3,개봉중앙시장,10,5,5,0,0,1,1,2,6,0,0,0,1,0,4,0,0,1,0,2,2
2018_3,가리봉시장,16,13,3,0,0,2,5,3,6,0,0,1,5,2,5,0,0,1,0,1,1
2018_3,남구로시장,13,3,10,0,1,0,3,5,4,0,1,0,0,1,1,0,0,0,3,4,3
2018_3,구로시장,60,19,41,0,8,21,19,6,6,0,0,7,7,1,4,0,8,14,12,5,2
2018_3,방신전통시장,47,26,21,0,3,10,13,16,5,0,1,6,5,10,4,0,2,4,8,6,1
2018_3,송화골목시장,563,187,376,3,87,98,168,153,54,0,20,43,56,33,35,3,67,55,112,120,19
2018_3,까치산시장,46,27,19,0,4,15,16,9,2,0,1,9,10,5,2,0,3,6,6,4,0
2018_3,남부골목시장,217,92,125,0,24,47,68,58,20,0,6,17,31,27,11,0,18,30,37,31,9
2018_3,화곡중앙골목시장,2,2,0,0,0,1,0,0,1,0,0,1,0,0,1,0,0,0,0,0,0
2018_3,등마루시장,799,452,347,30,232,131,149,120,137,21,161,83,83,40,64,9,71,48,66,80,73
2018_3,신정3동골목시장,181,94,87,1,25,26,40,48,41,0,6,11,17,33,27,1,19,15,23,15,14
2018_3,신정2동골목시장,6,6,0,0,0,1,4,1,0,0,0,1,4,1,0,0,0,0,0,0,0
2018_3,신월6동골목시장,229,123,106,1,42,49,64,38,35,1,16,28,35,20,23,0,26,21,29,18,12
2018_3,신곡종합시장,13,9,4,0,1,1,3,2,6,0,1,1,2,1,4,0,0,0,1,1,2
2018_3,신월3동골목시장,68,24,44,0,8,17,19,19,5,0,3,9,7,4,1,0,5,8,12,15,4
2018_3,경창시장,208,85,123,1,8,25,49,62,63,0,4,16,26,23,16,1,4,9,23,39,47
2018_3,월정로시장,123,71,52,0,8,20,26,42,27,0,3,13,14,22,19,0,5,7,12,20,8
2018_3,신영시장,56,20,36,0,4,10,20,13,9,0,1,5,9,2,3,0,3,5,11,11,6
2018_3,목4동시장,211,70,141,0,19,39,48,68,37,0,4,14,9,22,21,0,15,25,39,46,16
2018_3,목3동시장,768,376,392,0,140,188,173,167,100,0,63,108,87,66,52,0,77,80,86,101,48
2018_3,목2동시장,228,108,120,0,31,48,72,58,19,0,6,31,34,28,9,0,25,17,38,30,10
2018_3,마포농수산물시장,461,295,166,0,14,51,118,175,103,0,10,30,80,105,70,0,4,21,38,70,33
2018_3,망원월드컵시장,16,11,5,1,0,2,7,3,3,1,0,2,4,3,1,0,0,0,3,0,2
2018_3,망원시장,60,30,30,0,10,13,9,18,10,0,3,8,6,5,8,0,7,5,3,13,2
2018_3,신수시장,121,83,38,0,11,31,44,18,17,0,3,19,31,15,15,0,8,12,13,3,2
2018_3,아현시장,25,5,20,0,2,9,7,4,3,0,0,3,1,1,0,0,2,6,6,3,3
2018_3,대림골목시장,411,134,277,0,35,81,131,109,55,0,15,26,34,35,24,0,20,55,97,74,31
2018_3,상계중앙시장,42,20,22,0,6,13,6,15,2,0,3,6,3,8,0,0,3,7,3,7,2
2018_3,방학동도깨비시장,160,66,94,0,18,41,43,34,24,0,9,23,17,11,6,0,9,18,26,23,18
2018_3,쌍문역골목시장,71,35,36,0,6,17,21,16,11,0,2,9,8,9,7,0,4,8,13,7,4
2018_3,신도봉시장,28,15,13,0,0,4,8,14,2,0,0,2,6,7,0,0,0,2,2,7,2
2018_3,창동신창시장,141,60,81,0,9,24,37,43,28,0,2,7,16,19,16,0,7,17,21,24,12
2018_3,수유북부시장,12,2,10,0,4,1,2,1,4,0,0,1,1,0,0,0,4,0,1,1,4
2018_3,장미원골목시장,67,41,26,0,7,12,19,20,9,0,1,7,12,15,6,0,6,5,7,5,3
2018_3,수유중앙시장,127,67,60,1,13,28,37,27,21,1,7,12,20,14,13,0,6,16,17,13,8
2018_3,강북종합시장,65,28,37,0,11,11,20,13,10,0,2,8,8,6,4,0,9,3,12,7,6
2018_3,우이시장,157,52,105,0,9,32,39,51,26,0,2,15,14,11,10,0,7,17,25,40,16
2018_3,수유전통시장,411,152,259,0,58,71,86,103,93,0,18,18,27,36,53,0,40,53,59,67,40
2018_3,번동북부골목시장,84,44,40,0,12,12,22,24,14,0,4,7,11,13,9,0,8,5,11,11,5
2018_3,솔샘시장,109,45,64,0,13,27,41,19,9,0,3,14,17,5,6,0,10,13,24,14,3
2018_3,방천골목시장,77,28,49,0,11,14,20,21,11,0,1,3,6,11,7,0,10,11,14,10,4
2018_3,석관황금시장,78,26,52,0,3,10,23,20,22,0,1,6,10,5,4,0,2,4,13,15,18
2018_3,장위전통시장,190,76,114,1,20,41,56,46,26,0,9,14,17,18,18,1,11,27,39,28,8
2018_3,정릉시장,37,13,24,0,8,6,10,9,4,0,1,3,5,2,2,0,7,3,5,7,2
2018_3,정릉아리랑시장,2,1,1,0,0,0,0,2,0,0,0,0,0,1,0,0,0,0,0,1,0
2018_3,돈암제일시장,52,19,33,2,10,6,18,7,9,2,2,2,5,3,5,0,8,4,13,4,4
2018_3,우림골목시장,218,108,110,0,13,31,52,54,68,0,5,12,22,26,43,0,8,19,30,28,25
2018_3,묵1동도깨비시장,290,125,165,0,35,52,79,89,35,0,9,22,33,41,20,0,26,30,46,48,15
2018_3,태능시장,3,1,2,0,2,0,0,1,0,0,0,0,0,1,0,0,2,0,0,0,0
2018_3,중화제일시장,22,1,21,0,8,1,4,6,3,0,0,0,0,1,0,0,8,1,4,5,3
2018_3,사가정시장,245,172,73,0,21,26,38,80,80,0,3,12,22,60,75,0,18,14,16,20,5
2018_3,동원시장,72,35,37,0,9,17,22,13,11,0,3,9,10,6,7,0,6,8,12,7,4
2018_3,동부골목시장,105,37,68,0,29,20,19,19,18,0,9,4,5,7,12,0,20,16,14,12,6
2018_3,회기시장,114,52,62,0,15,34,31,16,18,0,5,15,18,4,10,0,10,19,13,12,8
2018_3,답십리시장,31,10,21,0,3,5,14,8,1,0,1,0,7,1,1,0,2,5,7,7,0
2018_3,답십리현대시장,98,79,19,0,15,21,33,15,14,0,10,18,29,9,13,0,5,3,4,6,1
2018_3,청량리종합시장,10,6,4,0,1,3,0,4,2,0,1,2,0,1,2,0,0,1,0,3,0
2018_3,청량리농수산물시장,21,16,5,0,1,4,5,6,5,0,0,4,4,4,4,0,1,0,1,2,1
2018_3,서울약령시장,1319,793,526,2,125,220,323,376,273,2,59,130,195,228,179,0,66,90,128,148,94
2018_3,청량리수산시장,227,115,112,0,44,55,56,31,41,0,13,25,32,14,31,0,31,30,24,17,10
2018_3,구의시장,132,80,52,0,14,17,26,46,29,0,3,11,17,26,23,0,11,6,9,20,6
2018_3,조양시장,91,48,43,0,6,10,32,27,16,0,1,3,16,13,15,0,5,7,16,14,1
2018_3,영동교골목시장,18,12,6,0,1,5,5,2,5,0,0,5,3,1,3,0,1,0,2,1,2
2018_3,능동로골목시장,275,240,35,0,9,16,10,23,217,0,2,14,3,14,207,0,7,2,7,9,10
2018_3,자양골목시장,97,51,46,0,8,13,21,35,20,0,5,4,11,18,13,0,3,9,10,17,7
2018_3,중곡제일시장,130,65,65,1,11,23,27,44,24,1,3,11,11,22,17,0,8,12,16,22,7
2018_3,한아름시장,174,93,81,2,49,33,43,31,16,0,24,25,28,11,5,2,25,8,15,20,11
2018_3,성동용답상가시장,312,155,157,0,56,75,68,71,42,0,24,30,37,32,32,0,32,45,31,39,10
2018_3,뚝도시장,35,14,21,0,2,7,12,8,6,0,1,4,4,1,4,0,1,3,8,7,2
2018_3,금남시장,29,13,16,0,3,7,2,7,10,0,1,5,1,2,4,0,2,2,1,5,6
2018_3,행당시장,257,122,135,0,43,70,80,47,17,0,10,36,44,21,11,0,33,34,36,26,6
2018_3,마장축산물시장,1516,1018,498,1,154,397,426,337,201,1,108,278,281,224,126,0,46,119,145,113,75
2018_3,용문전통시장,41,20,21,0,2,6,12,14,7,0,1,3,5,6,5,0,1,3,7,8,2
2018_3,후암시장,48,19,29,0,2,9,9,18,10,0,1,4,3,5,6,0,1,5,6,13,4
2018_3,합동(새벽)시장,2365,1366,999,6,360,711,590,383,315,1,124,302,339,303,297,5,236,409,251,80,18
2018_3,서울중앙시장,278,184,94,0,30,78,70,73,27,0,14,55,45,48,22,0,16,23,25,25,5
2018_3,백학시장,463,238,225,0,63,144,110,103,43,0,26,71,61,48,32,0,37,73,49,55,11
2018_3,약수시장,1786,703,1083,9,281,404,424,373,295,1,75,155,176,141,155,8,206,249,248,232,140
2018_3,청평화시장,3360,2011,1349,2,907,1308,791,250,102,1,585,747,505,120,53,1,322,561,286,130,49
2018_3,제일평화시장,570,325,245,0,108,162,128,102,70,0,48,99,76,56,46,0,60,63,52,46,24
2018_3,남평화시장,200,123,77,0,17,37,39,73,34,0,12,18,27,43,23,0,5,19,12,30,11
2018_3,방산종합시장,1879,1180,699,3,151,416,481,496,332,1,86,274,285,295,239,2,65,142,196,201,93
2018_3,인현시장,1084,665,419,1,67,190,294,323,209,0,29,93,178,209,156,1,38,97,116,114,53
2018_3,신중부시장,2437,1607,830,7,205,445,683,652,445,4,106,294,447,431,325,3,99,151,236,221,120
2018_3,남대문시장,7146,3645,3501,45,1137,2611,1936,957,460,2,356,1304,1039,619,325,43,781,1307,897,338,135
2018_3,동묘시장,903,568,335,3,116,192,226,224,142,2,44,124,151,144,103,1,72,68,75,80,39
2018_3,창신골목시장,223,116,107,0,21,93,54,43,12,0,10,43,29,25,9,0,11,50,25,18,3
2018_3,충신시장,297,182,115,0,42,86,70,60,39,0,17,51,41,40,33,0,25,35,29,20,6
2018_3,종로신진시장,39,19,20,0,0,6,12,9,12,0,0,2,6,2,9,0,0,4,6,7,3
2018_3,동대문종합시장,320,185,135,2,55,72,90,58,43,1,30,34,59,33,28,1,25,38,31,25,15
2018_3,광장시장,204,152,52,0,15,37,36,64,52,0,11,29,25,46,41,0,4,8,11,18,11
2018_3,서울 노원구 노원역_3,775,329,446,12,223,145,151,142,102,2,78,76,67,52,54,10,145,69,84,90,48
2018_3,서울 노원구 노원역_1,1068,309,759,6,334,270,233,145,80,0,53,89,82,51,34,6,281,181,151,94,46
2018_3,창동역,2477,1573,904,2,270,432,668,658,447,0,108,262,427,467,309,2,162,170,241,191,138
2018_3,서울 강북구 수유역_3,64,32,32,0,12,15,10,18,9,0,6,7,6,7,6,0,6,8,4,11,3
2018_3,서울 강북구 수유역_2,4370,2230,2140,9,521,968,1020,1049,803,6,180,435,508,640,461,3,341,533,512,409,342
2018_3,서울 강북구 수유역_1,43,30,13,0,5,6,13,12,7,0,5,6,4,8,7,0,0,0,9,4,0
2018_3,서울 은평구 연신내역_3,676,207,469,4,149,131,167,128,97,2,29,35,53,50,38,2,120,96,114,78,59
2018_3,서울 은평구 연신내역_2,451,195,256,4,102,108,116,66,55,1,37,56,46,26,29,3,65,52,70,40,26
2018_3,서울 은평구 연신내역_1,74,30,44,0,22,16,14,15,7,0,6,8,5,6,5,0,16,8,9,9,2
2018_3,서울 성북구 미아삼거리역_2,507,206,301,1,90,116,146,116,38,1,19,40,66,62,18,0,71,76,80,54,20
2018_3,서울 강북구 미아삼거리역_1,542,200,342,4,137,124,104,94,79,3,36,48,38,31,44,1,101,76,66,63,35
2018_3,서울 은평구 불광역_3,54,19,35,0,11,8,16,14,5,0,3,1,7,6,2,0,8,7,9,8,3
2018_3,서울 은평구 불광역_2,69,26,43,0,9,12,16,22,10,0,0,2,7,10,7,0,9,10,9,12,3
2018_3,서울 은평구 불광역_1,284,113,171,1,36,64,52,76,55,0,15,24,23,24,27,1,21,40,29,52,28
2018_3,미아사거리_2,121,41,80,2,29,30,33,17,10,1,12,14,11,2,1,1,17,16,22,15,9
2018_3,미아사거리_1,621,283,338,13,135,128,148,126,71,9,68,66,53,43,44,4,67,62,95,83,27
2018_3,서울 성북구 성신여대입구역,5286,3156,2130,17,700,1193,1235,1440,701,6,280,563,703,1077,527,11,420,630,532,363,174
2018_3,경희대학교,370,178,192,4,65,88,94,77,42,0,33,50,49,30,16,4,32,38,45,47,26
2018_3,서울 성북구 안암역,112,69,43,3,20,39,28,8,14,0,10,33,16,3,7,3,10,6,12,5,7
2018_3,혜화역 대학로_3,1727,826,901,8,286,466,416,348,203,3,110,217,203,176,117,5,176,249,213,172,86
2018_3,혜화역 대학로_2,1513,820,693,2,97,459,526,354,75,1,35,193,270,271,50,1,62,266,256,83,25
2018_3,혜화역 대학로_1,1225,637,588,3,298,358,261,180,125,2,123,183,155,100,74,1,175,175,106,80,51
2018_3,디지털미디어시티,17010,11036,5974,16,2977,6456,5238,1925,398,2,1154,3986,4068,1539,287,14,1823,2470,1170,386,111
2018_3,서울 동대문구 청량리역,3509,2402,1107,14,686,860,857,654,438,8,463,653,592,401,285,6,223,207,265,253,153
2018_3,서울 종로구 안국역_2,706,276,430,2,169,210,179,104,42,1,40,91,82,34,28,1,129,119,97,70,14
2018_3,서울 종로구 안국역_1,11483,9242,2241,3,1208,4187,3560,1977,548,3,771,3318,2990,1717,443,0,437,869,570,260,105
2018_3,서울 종로구 경복궁역_1,207,80,127,0,38,52,33,45,39,0,15,23,11,10,21,0,23,29,22,35,18
2018_3,서울 종로구 종로3가역_3,3411,1821,1590,8,586,849,900,677,391,1,176,450,517,405,272,7,410,399,383,272,119
2018_3,서울 종로구 종로3가역_2,1922,1023,899,13,364,416,411,360,358,3,145,229,222,189,235,10,219,187,189,171,123
2018_3,서울 동대문구 신설동역_2,4377,2078,2299,20,472,609,722,1179,1375,4,145,312,402,486,729,16,327,297,320,693,646
2018_3,인사동,21052,13045,8007,66,3857,7020,5163,3269,1677,33,1428,4216,3865,2471,1032,33,2429,2804,1298,798,645
2018_3,서울 종로구 종로5가역_4,635,349,286,0,65,132,188,155,95,0,20,71,105,88,65,0,45,61,83,67,30
2018_3,서울 종로구 종로5가역_3,4960,3352,1608,7,613,1270,1381,1082,607,2,349,862,911,773,455,5,264,408,470,309,152
2018_3,종로구청,18495,10125,8370,553,3395,5549,4976,2864,1158,242,1395,2712,3126,1952,698,311,2000,2837,1850,912,460
2018_3,서울 종로구 종로5가역_2,17391,11598,5793,284,3078,5670,4753,2794,812,75,1303,3731,3674,2244,571,209,1775,1939,1079,550,241
2018_3,신설동역,738,421,317,3,119,193,160,168,95,1,43,112,99,92,74,2,76,81,61,76,21
2018_3,서울 동대문구 신설동역_1,2,2,0,0,0,0,1,0,1,0,0,0,1,0,1,0,0,0,0,0,0
2018_3,서울 종로구 광화문역_2,54371,32642,21729,61,7110,16725,17005,9883,3587,18,2626,9537,11401,6796,2264,43,4484,7188,5604,3087,1323
2018_3,동묘앞역,68,40,28,0,6,11,15,22,14,0,4,5,9,14,8,0,2,6,6,8,6
2018_3,장안동사거리,503,249,254,1,85,108,116,112,81,0,27,63,59,53,47,1,58,45,57,59,34
2018_3,서울 종로구 동대문역_2,1106,550,556,1,215,288,275,171,156,0,61,144,150,89,106,1,154,144,125,82,50
2018_3,동대문시장_2,500,300,200,0,41,106,114,131,108,0,19,62,73,69,77,0,22,44,41,62,31
2018_3,서울 종로구 종로5가역_1,50,38,12,0,3,7,14,17,9,0,1,4,12,14,7,0,2,3,2,3,2
2018_3,서울 종로구 종로3가역_1,4034,1757,2277,19,662,979,805,861,708,9,210,390,373,393,382,10,452,589,432,468,326
2018_3,서울 종로구 광화문역_1,2103,1344,759,0,375,778,497,302,151,0,127,481,386,255,95,0,248,297,111,47,56
2018_3,종각역,20751,13526,7225,21,2635,6782,6341,4479,493,6,1115,3539,4506,3986,374,15,1520,3243,1835,493,119
2018_3,종각역 젊음의 거리,2712,1114,1598,41,643,680,463,477,408,18,241,359,221,131,144,23,402,321,242,346,264
2018_3,서대문구 서대문역_1,348,250,98,0,38,77,114,62,57,0,23,52,88,40,47,0,15,25,26,22,10
2018_3,동대문시장_1,437,223,214,0,32,110,120,112,63,0,13,59,60,53,38,0,19,51,60,59,25
2018_3,시청역_2,21859,13798,8061,61,3741,6713,6415,3735,1194,20,1530,3993,4633,2731,891,41,2211,2720,1782,1004,303
2018_3,서울시청,23497,11478,12019,80,4332,7391,6986,3557,1151,17,1448,3282,3713,2288,730,63,2884,4109,3273,1269,421
2018_3,서울 중구 을지로3가역_2,7863,5061,2802,10,917,2052,2113,1539,1232,3,356,1208,1529,1054,911,7,561,844,584,485,321
2018_3,서울 중구 신당역_2,1354,683,671,8,620,330,192,135,69,5,294,178,97,64,45,3,326,152,95,71,24
2018_3,서대문구 서대문역_2,1449,871,578,0,301,410,394,224,120,0,121,244,268,162,76,0,180,166,126,62,44
2018_3,동대문역사문화공원역,2248,1277,971,1,285,536,545,526,355,0,103,303,325,314,232,1,182,233,220,212,123
2018_3,서울 중구 을지로3가역_1,18018,11428,6590,26,2375,5122,5696,3173,1626,7,1072,3086,3766,2384,1113,19,1303,2036,1930,789,513
2018_3,명동거리,9026,4728,4298,34,1499,2465,2399,1899,730,15,479,1216,1478,1070,470,19,1020,1249,921,829,260
2018_3,롯데백화점,40463,21491,18972,212,5800,13604,12582,6665,1600,63,1868,5993,7420,4990,1157,149,3932,7611,5162,1675,443
2018_3,서울 중구 신당역_1,1057,702,355,1,126,227,280,268,155,0,52,138,199,199,114,1,74,89,81,69,41
2018_3,북창동,10548,5655,4893,34,1707,3055,2870,2003,879,5,656,1656,1546,1185,607,29,1051,1399,1324,818,272
2018_3,서울 중구 충무로역_2,14898,6701,8197,68,2711,4096,4512,2561,950,25,804,2032,2120,1145,575,43,1907,2064,2392,1416,375
2018_3,서울 강서구 송정역,616,407,209,3,73,114,187,133,106,0,29,75,140,88,75,3,44,39,47,45,31
2018_3,장한평역_2,5325,3255,2070,27,1176,1296,982,1042,802,5,517,876,663,623,571,22,659,420,319,419,231
2018_3,시청역_1,54859,33251,21608,185,8075,20031,17685,7694,1189,42,3678,10844,11858,5963,866,143,4397,9187,5827,1731,323
2018_3,왕십리역_2,668,280,388,6,136,138,154,126,108,3,44,55,62,60,56,3,92,83,92,66,52
2018_3,서울 강서구 발산역,874,492,382,2,163,266,219,157,67,2,55,150,150,102,33,0,108,116,69,55,34
2018_3,장한평역_1,2508,1570,938,14,295,412,439,429,919,4,123,213,269,276,685,10,172,199,170,153,234
2018_3,서울 중구 충무로역_1,3239,2248,991,12,623,1015,877,559,153,5,429,792,667,258,97,7,194,223,210,301,56
2018_3,장한평역,2303,1580,723,4,168,404,749,657,321,3,81,251,535,470,240,1,87,153,214,187,81
2018_3,서울 중구 명동역,3988,2012,1976,7,771,1852,940,291,127,2,248,877,612,189,84,5,523,975,328,102,43
2018_3,장충동 족발거리,187,89,98,0,40,39,46,27,35,0,15,23,28,9,14,0,25,16,18,18,21
2018_3,한양시장,266,156,110,1,46,53,68,62,36,1,30,39,36,28,22,0,16,14,32,34,14
2018_3,서울 서대문구 이대역,1395,638,757,18,316,347,307,252,155,4,107,168,146,113,100,14,209,179,161,139,55
2018_3,서울 서대문구 신촌역,3278,1418,1860,34,914,837,616,513,364,16,316,422,290,198,176,18,598,415,326,315,188
2018_3,서울 마포구 홍대입구역_3,342,155,187,0,78,108,81,39,36,0,12,48,43,24,28,0,66,60,38,15,8
2018_3,서울 마포구 홍대입구역_2,3328,1284,2044,26,1368,1011,534,256,133,10,292,431,275,174,102,16,1076,580,259,82,31
2018_3,홍익대학교 주변,16818,8154,8664,83,4287,5192,3674,2142,1440,40,1631,2641,1923,977,942,43,2656,2551,1751,1165,498
2018_3,서울 광진구 군자역,227,131,96,1,37,59,64,39,27,0,15,40,37,25,14,1,22,19,27,14,13
2018_3,신촌역,221,106,115,0,34,61,66,38,22,0,13,18,40,21,14,0,21,43,26,17,8
2018_3,강서구청,3558,2312,1246,14,588,879,970,708,399,10,314,568,694,457,269,4,274,311,276,251,130
2018_3,서울 마포구 홍대입구역_1,871,475,396,10,257,279,183,97,45,1,106,161,118,60,29,9,151,118,65,37,16
2018_3,서울 강동구 고덕역,450,255,195,2,42,89,99,120,98,1,14,47,48,74,71,1,28,42,51,46,27
2018_3,서울 강동구 명일역,869,359,510,4,138,160,239,191,137,2,36,69,86,80,86,2,102,91,153,111,51
2018_3,어린이대공원역,88,47,41,0,10,23,25,23,7,0,4,13,15,11,4,0,6,10,10,12,3
2018_3,서울 마포구 공덕역_2,4328,2508,1820,3,701,1124,1297,976,227,2,249,650,883,598,126,1,452,474,414,378,101
2018_3,공덕역,7954,4594,3360,22,1802,2461,2200,1253,216,11,695,1203,1486,1030,169,11,1107,1258,714,223,47
2018_3,서울 용산구 숙대입구역,2707,1969,738,10,552,958,736,336,115,0,324,734,585,250,76,10,228,224,151,86,39
2018_3,남영역,12311,5453,6858,343,3626,3831,2793,1509,209,134,1543,1954,1256,444,122,209,2083,1877,1537,1065,87
2018_3,서울 마포구 공덕역_1,4905,2395,2510,26,1021,1406,1269,933,250,11,414,790,685,323,172,15,607,616,584,610,78
2018_3,서울 마포구 마포역_2,1002,557,445,2,138,233,309,215,105,1,62,129,182,114,69,1,76,104,127,101,36
2018_3,서울 광진구 건대입구역_2,2990,1023,1967,10,924,1046,537,292,181,2,221,349,243,94,114,8,703,697,294,198,67
2018_3,서울 마포구 마포역_1,13134,7794,5340,81,2229,3070,2894,2838,2022,27,983,1899,2001,1590,1294,54,1246,1171,893,1248,728
2018_3,서울 강동구 천호역_2,4128,1923,2205,14,864,931,827,642,850,3,277,490,393,253,507,11,587,441,434,389,343
2018_3,서울 광진구 건대입구역_1,916,434,482,3,232,183,206,145,147,1,86,103,94,73,77,2,146,80,112,72,70
2018_3,건대입구역,735,394,341,5,178,220,146,110,76,3,84,129,84,48,46,2,94,91,62,62,30
2018_3,서울 광진구 구의역,906,569,337,6,82,203,245,197,173,5,30,112,154,137,131,1,52,91,91,60,42
2018_3,서울 강동구 천호역,997,451,546,5,176,247,232,183,154,0,32,102,117,94,106,5,144,145,115,89,48
2018_3,당산역_2,4707,2881,1826,10,479,592,750,1033,1843,6,322,420,454,529,1150,4,157,172,296,504,693
2018_3,서울 강동구 길동역,1286,691,595,1,137,282,368,283,215,0,43,148,238,142,120,1,94,134,130,141,95
2018_3,용산 전자상가_5,2575,1881,694,15,395,992,793,286,94,9,275,747,581,202,67,6,120,245,212,84,27
2018_3,당산역_1,1148,704,444,4,190,305,305,206,138,1,70,205,190,131,107,3,120,100,115,75,31
2018_3,서울 광진구 강변역,1799,1410,389,11,128,377,542,439,302,6,78,270,440,374,242,5,50,107,102,65,60
2018_3,용산 전자상가_3,2469,1782,687,23,326,798,743,356,223,14,198,596,530,270,174,9,128,202,213,86,49
2018_3,서울 용산구 이태원역,661,400,261,6,236,195,96,70,58,1,144,143,52,34,26,5,92,52,44,36,32
2018_3,한남오거리,574,297,277,0,91,155,103,117,108,0,20,92,57,63,65,0,71,63,46,54,43
2018_3,용산 전자상가_2,479,380,99,4,59,163,162,64,27,3,49,133,135,45,15,1,10,30,27,19,12
2018_3,용산구청,33,15,18,0,6,14,5,7,1,0,2,6,3,3,1,0,4,8,2,4,0
2018_3,용산 전자상가_1,13047,8246,4801,62,4989,3348,2696,1485,467,34,2195,2260,2157,1278,322,28,2794,1088,539,207,145
2018_3,국회의사당역_2,38083,21992,16091,56,7631,13111,9043,6136,2106,17,2903,7276,6356,4205,1235,39,4728,5835,2687,1931,871
2018_3,서울 용산구 신용산역,505,240,265,0,72,102,118,129,84,0,37,59,47,52,45,0,35,43,71,77,39
2018_3,국회의사당역_1,5707,4396,1311,1,290,1230,1886,2079,221,1,135,750,1567,1754,189,0,155,480,319,325,32
2018_3,압구정 로데오거리_2,16443,6701,9742,141,5727,5862,2760,1209,744,32,1619,2696,1401,536,417,109,4108,3166,1359,673,327
2018_3,서울 강남구 압구정역,10265,4575,5690,262,2704,2822,1909,1332,1236,107,838,1314,1077,636,603,155,1866,1508,832,696,633
2018_3,서울 영등포구 영등포구청역,3733,1138,2595,22,1031,1464,792,351,73,0,112,541,242,185,58,22,919,923,550,166,15
2018_3,압구정 로데오거리_1,9087,2833,6254,34,3399,3498,1406,459,291,8,742,1106,587,231,159,26,2657,2392,819,228,132
2018_3,서울 강동구 둔촌동역,71,24,47,0,6,19,19,17,10,0,3,9,5,5,2,0,3,10,14,12,8
2018_3,오목교역,198,85,113,3,27,46,50,37,35,0,14,21,19,13,18,3,13,25,31,24,17
2018_3,신사동 가로수길,22466,10481,11985,110,5994,7494,4752,2597,1519,42,1612,3669,2747,1415,996,68,4382,3825,2005,1182,523
2018_3,서울 영등포구 여의도역_2,49729,33012,16717,113,7119,18041,15439,7161,1856,14,3079,11040,11667,6131,1081,99,4040,7001,3772,1030,775
2018_3,청담사거리_3,1143,414,729,5,342,449,209,92,46,0,74,170,97,41,32,5,268,279,112,51,14
2018_3,영등포유통상가,2109,1252,857,2,307,417,419,445,519,1,128,239,259,253,372,1,179,178,160,192,147
2018_3,청담역_2,1317,899,418,10,281,410,322,154,140,1,123,304,249,116,106,9,158,106,73,38,34
2018_3,청담역_1,194,154,40,5,21,67,58,28,15,5,12,53,50,23,11,0,9,14,8,5,4
2018_3,청담사거리_2,1189,873,316,5,235,427,389,106,27,0,119,316,333,86,19,5,116,111,56,20,8
2018_3,서울 영등포구 여의도역_1,51327,30887,20440,150,6867,13967,16181,11186,2976,17,3044,6727,9944,9145,2010,133,3823,7240,6237,2041,966
2018_3,학동사거리_2,2997,1699,1298,7,686,840,595,496,373,1,219,423,390,367,299,6,467,417,205,129,74
2018_3,서울 영등포구 영등포시장역,334,253,81,0,26,50,79,104,75,0,20,37,50,81,65,0,6,13,29,23,10
2018_3,학동사거리_1,4479,2220,2259,23,1209,1421,802,589,435,9,330,674,476,399,332,14,879,747,326,190,103
2018_3,여의도 시범아파트앞,2395,1580,815,9,403,567,598,491,327,3,204,370,403,359,241,6,199,197,195,132,86
2018_3,영등포역_3,906,535,371,1,173,248,190,207,87,0,62,145,120,147,61,1,111,103,70,60,26
2018_3,도산공원사거리_1,10355,6090,4265,26,2251,3415,2536,1477,650,7,876,2034,1705,1005,463,19,1375,1381,831,472,187
2018_3,영등포역_2,1259,661,598,7,172,192,258,322,308,5,70,110,130,153,193,2,102,82,128,169,115
2018_3,문래동 주민센터,74,59,15,0,5,10,23,23,13,0,4,9,18,16,12,0,1,1,5,7,1
2018_3,강남구 신사역_2,7930,4769,3161,36,1725,2897,2080,895,297,2,598,1738,1538,679,214,34,1127,1159,542,216,83
2018_3,서울 강남구 강남구청역_2,4663,2890,1773,52,1887,1320,906,387,111,29,950,848,693,297,73,23,937,472,213,90,38
2018_3,강남구 신사역_1,2430,1008,1422,2,663,911,538,191,125,2,120,362,323,122,79,0,543,549,215,69,46
2018_3,서울 동작구 노량진1동_1,19,6,13,0,1,4,3,7,4,0,1,1,1,1,2,0,0,3,2,6,2
2018_3,서울 강남구 학동역_3,9665,5539,4126,27,2112,3144,2307,1251,824,6,771,1846,1569,801,546,21,1341,1298,738,450,278
2018_3,서울 강남구 강남구청역_1,3642,2126,1516,12,535,839,1013,893,350,8,205,482,642,545,244,4,330,357,371,348,106
2018_3,잠실역,5868,4338,1530,22,974,1777,1708,983,404,5,473,1328,1452,793,287,17,501,449,256,190,117
2018_3,강남구 논현역_4,6478,3331,3147,14,1455,2018,1547,910,534,4,449,1080,962,500,336,10,1006,938,585,410,198
2018_3,학동역,1572,574,998,3,572,548,302,96,51,0,93,229,163,57,32,3,479,319,139,39,19
2018_3,방이동 먹자골목,5157,3223,1934,6,586,1287,1431,1144,703,4,264,802,986,692,475,2,322,485,445,452,228
2018_3,서울 강남구 학동역_2,6033,3234,2799,25,943,1553,1214,637,1661,8,270,772,686,377,1121,17,673,781,528,260,540
2018_3,서울 동작구 노량진역,3829,2175,1654,4,424,1015,971,1008,407,1,157,465,577,708,267,3,267,550,394,300,140
2018_3,삼성역_3,10170,5919,4251,14,1921,3905,2787,1126,417,3,645,2207,1875,912,277,11,1276,1698,912,214,140
2018_3,코엑스,22562,12970,9592,134,5387,7829,5600,2673,939,50,1825,4433,3940,2047,675,84,3562,3396,1660,626,264
2018_3,서울 강남구 학동역_1,5305,3348,1957,24,1230,1615,1198,701,537,13,584,1094,827,460,370,11,646,521,371,241,167
2018_3,선정릉역_2,6911,4247,2664,15,1414,2349,1639,974,520,4,511,1356,1194,765,417,11,903,993,445,209,103
2018_3,강남구 논현역_3,1533,932,601,2,279,586,348,191,127,0,126,398,219,111,78,2,153,188,129,80,49
2018_3,포스코사거리_2,7881,5022,2859,7,1542,3547,1826,652,307,2,642,2318,1360,475,225,5,900,1229,466,177,82
2018_3,포스코사거리_1,43841,29255,14586,73,6677,17062,13423,5379,1227,28,3106,11077,10155,4064,825,45,3571,5985,3268,1315,402
2018_3,잠실역 롯데월드,3871,1933,1938,80,1783,697,643,548,120,29,716,395,351,391,51,51,1067,302,292,157,69
2018_3,신도림역,3373,1768,1605,8,707,1138,968,448,104,2,285,612,518,273,78,6,422,526,450,175,26
2018_3,강남구 논현역_2,10089,4811,5278,31,3273,3149,2062,990,584,6,1020,1626,1341,534,284,25,2253,1523,721,456,300
2018_3,선정릉역_1,1924,1381,543,4,448,668,413,188,203,2,243,475,331,150,180,2,205,193,82,38,23
2018_3,신천역,5931,3190,2741,16,1050,1357,1418,1025,1065,10,423,748,737,528,744,6,627,609,681,497,321
2018_3,강남구 논현역_1,3585,2076,1509,10,551,1271,1029,499,225,0,196,765,634,322,159,10,355,506,395,177,66
2018_3,삼성역_2,18975,11521,7454,127,4401,7172,4236,2329,710,64,1903,4485,3014,1534,521,63,2498,2687,1222,795,189
2018_3,삼정역_2,2478,1346,1132,3,614,847,526,249,239,2,198,437,341,180,188,1,416,410,185,69,51
2018_3,삼정역_1,3329,1696,1633,7,827,1100,684,343,368,2,221,511,476,224,262,5,606,589,208,119,106
2018_3,삼성역_1,35413,22502,12911,100,5318,9735,8891,6497,4872,51,2361,6547,6512,4031,3000,49,2957,3188,2379,2466,1872
2018_3,서울 강남구 선릉역_2,7288,4707,2581,26,1227,2092,1819,1231,893,12,524,1431,1352,855,533,14,703,661,467,376,360
2018_3,고속터미널역,16485,4781,11704,14,5097,5508,3494,1936,436,3,731,1636,1220,935,256,11,4366,3872,2274,1001,180
2018_3,서울 서초구 강남역,33758,18836,14922,125,7773,11461,7130,4460,2809,56,2884,6572,4682,2838,1804,69,4889,4889,2448,1622,1005
2018_3,서울 강남구 선릉역_1,19964,8319,11645,88,6302,5354,3633,2994,1593,47,2427,2759,1527,852,707,41,3875,2595,2106,2142,886
2018_3,선릉역_2,20789,10769,10020,55,5184,6309,4657,2967,1617,18,1795,3508,2895,1552,1001,37,3389,2801,1762,1415,616
2018_3,서울 강남구 역삼역_2,27706,21651,6055,37,5640,9575,7578,4322,554,20,3342,7216,6602,4049,422,17,2298,2359,976,273,132
2018_3,서울 송파구 석촌역_1,37,21,16,0,2,9,10,14,2,0,1,5,4,9,2,0,1,4,6,5,0
2018_3,서울 강남구 강남역_2,5638,3260,2378,24,1340,1908,1288,740,338,8,481,1058,943,540,230,16,859,850,345,200,108
2018_3,선릉역_1,55373,30034,25339,263,10479,15126,14436,11968,3101,146,6469,10369,7187,3797,2066,117,4010,4757,7249,8171,1035
2018_3,구로역,153,85,68,0,11,7,27,22,86,0,0,2,9,12,62,0,11,5,18,10,24
2018_3,역삼역_2,4513,2557,1956,25,908,1521,1302,583,174,17,312,928,868,312,120,8,596,593,434,271,54
2018_3,대림역_2,7571,5787,1784,5,1066,2103,1738,1476,1183,1,831,1851,1475,925,704,4,235,252,263,551,479
2018_3,서울 강남구 역삼역_1,24525,15502,9023,97,4783,8725,6329,3016,1575,36,2094,5637,4549,2039,1147,61,2689,3088,1780,977,428
2018_3,신대방삼거리역,241,109,132,0,28,53,61,54,45,0,12,24,31,20,22,0,16,29,30,34,23
2018_3,서울 강남구 한티역,1139,451,688,6,212,304,291,218,108,3,54,116,129,93,56,3,158,188,162,125,52
2018_3,은마아파트입구사거리_4,105,53,52,1,11,19,39,29,6,0,3,15,22,8,5,1,8,4,17,21,1
2018_3,오류동역,1589,803,786,12,119,203,367,474,414,3,56,114,159,184,287,9,63,89,208,290,127
2018_3,서울 강남구 강남역,41280,19424,21856,61,8734,12909,9798,6486,3292,14,2763,6617,6080,2879,1071,47,5971,6292,3718,3607,2221
2018_3,교대역_4,5151,2877,2274,11,1020,1487,1255,807,571,3,340,754,759,584,437,8,680,733,496,223,134
2018_3,서울 강남구 강남역_1,135689,99243,36446,640,27733,60557,35990,9439,1330,381,14094,43249,31832,8663,1024,259,13639,17308,4158,776,306
2018_3,방배동카페골목,108,41,67,0,18,18,30,17,25,0,9,9,13,1,9,0,9,9,17,16,16
2018_3,가락시장,17284,10739,6545,52,2462,4009,4235,4221,2305,31,1124,2683,2898,2467,1536,21,1338,1326,1337,1754,769
2018_3,교대역_3,4422,2687,1735,5,537,1158,1283,920,519,3,133,525,871,712,443,2,404,633,412,208,76
2018_3,역삼역_1,1540,911,629,4,261,438,373,250,214,1,88,256,255,172,139,3,173,182,118,78,75
2018_3,교대역_2,3363,2149,1214,13,500,1201,844,556,249,12,174,757,614,403,189,1,326,444,230,153,60
2018_3,서울 송파구 가락시장역,5029,3136,1893,5,654,1420,1282,961,707,3,281,803,855,640,554,2,373,617,427,321,153
2018_3,서울 서초구 서초역,11841,4670,7171,37,3312,3338,2772,1748,634,10,986,1321,1050,838,465,27,2326,2017,1722,910,169
2018_3,서울 강남구 대치역_2,1508,910,598,1,154,502,531,197,123,0,47,259,383,123,98,1,107,243,148,74,25
2018_3,뱅뱅사거리_2,29870,20424,9446,308,5784,9096,8476,4413,1793,114,2866,6268,6573,3223,1380,194,2918,2828,1903,1190,413
2018_3,보라매공원,14421,8102,6319,68,2512,5095,4051,1916,779,28,1160,2727,2268,1350,569,40,1352,2368,1783,566,210
2018_3,교대역_1,13316,7616,5700,47,2327,4057,3513,2220,1152,5,750,2258,2314,1443,846,42,1577,1799,1199,777,306
2018_3,개봉동 현대아파트 인근,145,60,85,0,12,32,27,48,26,0,2,8,8,28,14,0,10,24,19,20,12
2018_3,뱅뱅사거리,7961,5087,2874,28,2538,2682,1553,849,311,7,1463,1770,1126,513,208,21,1075,912,427,336,103
2018_3,뱅뱅사거리_1,11051,7880,3171,50,1883,3475,2757,1865,1021,20,1029,2580,2215,1379,657,30,854,895,542,486,364
2018_3,서울 관악구 신림역_4,1027,467,560,3,170,178,252,238,186,2,59,82,137,98,89,1,111,96,115,140,97
2018_3,동작구 총신대입구역_1,262,123,139,0,46,61,62,55,38,0,11,33,28,26,25,0,35,28,34,29,13
2018_3,양재역_3,3614,2354,1260,8,695,1186,912,510,303,2,377,724,657,352,242,6,318,462,255,158,61
2018_3,동작구 총신대입구역_2,752,321,431,7,214,179,165,99,88,2,52,83,86,48,50,5,162,96,79,51,38
2018_3,서울 서초구 남부터미널역_3,1491,797,694,8,247,423,373,256,184,2,79,204,234,158,120,6,168,219,139,98,64
2018_3,서울 강남구 수서역,16052,11440,4612,16,2247,4525,4061,3036,2167,7,1371,3487,3011,1935,1629,9,876,1038,1050,1101,538
2018_3,서울 서초구 남부터미널역_2,10724,5529,5195,19,2238,2776,2716,1910,1065,6,1013,1561,1386,831,732,13,1225,1215,1330,1079,333
2018_3,구로디지탈1단지,66367,42004,24363,278,13462,23387,16940,8272,4028,161,6365,15444,11716,5265,3053,117,7097,7943,5224,3007,975
2018_3,양재역,133,61,72,0,24,57,32,9,11,0,4,26,18,4,9,0,20,31,14,5,2
2018_3,매봉역,612,229,383,0,304,127,89,49,43,0,54,58,58,31,28,0,250,69,31,18,15
2018_3,서울 서초구 방배역,3380,1969,1411,20,771,820,632,483,654,6,273,448,421,277,544,14,498,372,211,206,110
2018_3,서울 서초구 남부터미널역_1,540,396,144,4,79,168,133,89,67,0,42,126,106,66,56,4,37,42,27,23,11
2018_3,서울 관악구 신림역_2,34,17,17,0,2,5,10,9,8,0,1,4,5,4,3,0,1,1,5,5,5
2018_3,서울 관악구 신림역_1,1979,936,1043,14,323,340,321,396,585,6,138,173,156,165,298,8,185,167,165,231,287
2018_3,양재역_2,11338,6172,5166,105,3210,3894,2317,1205,607,33,1197,2435,1585,599,323,72,2013,1459,732,606,284
2018_3,양재역_1,923,654,269,0,85,180,207,255,196,0,38,82,124,223,187,0,47,98,83,32,9
2018_3,서울 관악구 서울대입구역_2,41,3,38,0,15,7,3,9,7,0,1,1,1,0,0,0,14,6,2,9,7
2018_3,가산디지털단지역_3,45037,29362,15675,113,8653,15421,12565,6063,2222,63,4305,10143,9136,4049,1666,50,4348,5278,3429,2014,556
2018_3,구로디지털단지역,2524,1636,888,11,526,783,638,385,181,5,248,527,433,273,150,6,278,256,205,112,31
2018_3,서울 관악구 서울대입구역_1,1936,848,1088,4,333,469,491,305,334,0,89,197,218,147,197,4,244,272,273,158,137
2018_3,관악구 사당역_1,3503,1459,2044,6,370,579,849,1088,611,2,182,322,310,225,418,4,188,257,539,863,193
2018_3,가산디지털단지역_2,59807,36563,23244,1205,17071,18368,12983,6546,3634,513,8151,11975,9246,4094,2584,692,8920,6393,3737,2452,1050
2018_3,관악구 사당역_2,494,285,209,1,106,127,107,104,49,1,54,72,59,67,32,0,52,55,48,37,17
2018_3,가산디지털단지역_1,28461,19196,9265,117,4723,8390,7260,4658,3313,75,2599,5883,5216,3053,2370,42,2124,2507,2044,1605,943
2018_3,장지역,4695,2900,1795,28,660,1282,1218,838,669,18,319,806,817,503,437,10,341,476,401,335,232
2018_3,포이사거리_1,5851,3303,2548,13,715,1776,1822,1248,277,1,400,1191,988,531,192,12,315,585,834,717,85
2018_3,포이사거리_2,8599,5946,2653,21,1007,2275,2585,1907,804,10,572,1521,1846,1376,621,11,435,754,739,531,183
2018_3,서울 관악구 대학동_1,112,67,45,1,17,47,18,19,10,0,6,28,12,12,9,1,11,19,6,7,1
2018_3,서울 금천구 독산1동_1,3020,1946,1074,20,446,693,730,681,450,9,216,429,474,443,375,11,230,264,256,238,75
2018_3,양재 화물트럭터미널앞_2,148,70,78,0,24,50,47,17,10,0,9,14,30,10,7,0,15,36,17,7,3
2018_3,양재 화물트럭터미널앞_1,4525,3730,795,11,849,1433,1153,794,285,2,589,1210,1005,687,237,9,260,223,148,107,48
2018_3,서울 금천구 시흥1동_4,957,409,548,2,151,165,196,247,196,2,37,71,87,104,108,0,114,94,109,143,88
2018_3,풍성로37가길,40,20,20,0,4,11,12,8,5,0,3,6,6,4,1,0,1,5,6,4,4
2018_3,천호옛길,476,320,156,0,72,112,123,86,83,0,48,74,91,45,62,0,24,38,32,41,21
2018_3,천호옛14길,703,384,319,7,124,133,153,167,119,2,50,74,86,96,76,5,74,59,67,71,43
2018_3,천호대로219길,1366,617,749,9,70,168,247,401,471,8,30,88,142,217,132,1,40,80,105,184,339
2018_3,천호대로197길,22,8,14,1,0,5,9,6,1,1,0,1,4,2,0,0,0,4,5,4,1
2018_3,천호대로187길,890,509,381,0,81,203,213,206,187,0,43,124,117,112,113,0,38,79,96,94,74
2018_3,천호대로170길,257,149,108,0,42,56,60,67,32,0,31,46,26,28,18,0,11,10,34,39,14
2018_3,천호대로162길,1306,831,475,2,146,388,345,237,188,0,79,300,241,122,89,2,67,88,104,115,99
2018_3,천중로51길,425,222,203,2,55,108,119,83,58,0,21,65,58,41,37,2,34,43,61,42,21
2018_3,천중로39길,564,213,351,2,50,94,125,130,163,1,10,37,40,50,75,1,40,57,85,80,88
2018_3,진황도로47길,1602,638,964,1,217,223,291,496,374,0,116,142,116,97,167,1,101,81,175,399,207
2018_3,진황도로27길,579,300,279,0,63,123,161,128,104,0,22,67,92,56,63,0,41,56,69,72,41
2018_3,올림픽로98길,41,17,24,0,2,6,12,11,10,0,1,1,6,3,6,0,1,5,6,8,4
2018_3,올림픽로77길,21,11,10,0,0,12,4,4,1,0,0,5,2,3,1,0,0,7,2,1,0
2018_3,올림픽로71길,353,258,95,0,27,107,97,80,42,0,16,82,71,57,32,0,11,25,26,23,10
2018_3,올림픽로48길,6417,3785,2632,40,604,1445,1510,1398,1420,18,259,717,826,911,1054,22,345,728,684,487,366
2018_3,양재대로96길,1304,791,513,0,107,213,263,372,349,0,66,125,145,209,246,0,41,88,118,163,103
2018_3,양재대로95길,604,312,292,2,61,117,160,167,97,1,29,55,89,73,65,1,32,62,71,94,32
2018_3,양재대로91길,1119,618,501,1,124,203,256,248,287,0,57,125,147,121,168,1,67,78,109,127,119
2018_3,양재대로133길,358,133,225,0,40,79,70,101,68,0,7,43,29,28,26,0,33,36,41,73,42
2018_3,양재대로124길,581,330,251,0,58,132,123,132,136,0,26,78,77,61,88,0,32,54,46,71,48
2018_3,양재대로116길,213,88,125,0,20,43,52,66,32,0,8,16,21,28,15,0,12,27,31,38,17
2018_3,양재대로101길,1389,809,580,2,141,278,323,297,348,0,45,133,185,186,260,2,96,145,138,111,88
2018_3,암사길,395,174,221,0,29,114,113,97,42,0,3,52,51,46,22,0,26,62,62,51,20
2018_3,성안로3길,1338,764,574,0,209,303,355,284,187,0,97,185,214,133,135,0,112,118,141,151,52
2018_3,성내로5길,1078,551,527,1,165,283,277,278,74,0,56,145,134,161,55,1,109,138,143,117,19
2018_3,상일로5길,41,23,18,0,3,6,10,12,10,0,1,4,5,6,7,0,2,2,5,6,3
2018_3,상암로5길,566,238,328,2,62,92,119,139,152,2,15,42,46,54,79,0,47,50,73,85,73
2018_3,상암로51길,788,343,445,3,137,149,188,166,145,2,37,70,89,62,83,1,100,79,99,104,62
2018_3,상암로4길,204,131,73,0,29,57,66,42,10,0,18,48,44,15,6,0,11,9,22,27,4
2018_3,상암로14길,407,217,190,1,56,90,127,81,52,1,22,44,78,36,36,0,34,46,49,45,16
2018_3,명일로13길,104,47,57,0,3,14,26,47,14,0,1,4,8,24,10,0,2,10,18,23,4
2018_3,동남로85길,116,66,50,0,6,31,32,32,15,0,3,23,16,13,11,0,3,8,16,19,4
2018_3,동남로82길,10,4,6,0,0,1,1,6,2,0,0,0,1,1,2,0,0,1,0,5,0
2018_3,동남로65길,81,25,56,0,2,9,20,23,27,0,2,3,6,5,9,0,0,6,14,18,18
2018_3,구천면로42길,347,193,154,3,46,70,80,75,73,1,25,36,46,38,47,2,21,34,34,37,26
2018_3,구천면로41길,583,246,337,0,55,157,165,147,59,0,14,69,79,57,27,0,41,88,86,90,32
2018_3,구천면로36길,40,23,17,0,5,9,11,11,4,0,2,5,7,5,4,0,3,4,4,6,0
2018_3,고덕로25길,14,8,6,0,0,6,6,1,1,0,0,4,4,0,0,0,0,2,2,1,1
2018_3,고덕로10길,181,84,97,0,15,44,39,55,28,0,6,25,19,19,15,0,9,19,20,36,13
2018_3,강동대로53길,887,492,395,3,146,217,229,197,95,0,62,138,119,109,64,3,84,79,110,88,31
2018_3,풍성로25길,787,283,504,1,113,202,191,165,115,0,32,90,61,52,48,1,81,112,130,113,67
2018_3,오금로46길,1431,710,721,10,257,360,359,304,141,6,90,188,187,151,88,4,167,172,172,153,53
2018_3,오금로36길,1297,935,362,3,184,398,390,245,77,0,94,271,323,185,62,3,90,127,67,60,15
2018_3,오금로11길,2163,1389,774,14,277,488,498,440,446,8,135,350,311,246,339,6,142,138,187,194,107
2018_3,양재대로72길,621,301,320,1,72,138,165,153,92,1,18,68,75,69,70,0,54,70,90,84,22
2018_3,양재대로71길,1434,887,547,5,210,420,327,250,222,2,71,232,227,180,175,3,139,188,100,70,47
2018_3,양재대로64길,1458,635,823,3,381,474,325,172,103,0,77,179,187,119,73,3,304,295,138,53,30
2018_3,양재대로62길,7052,4459,2593,5,239,416,591,862,4939,1,122,258,372,418,3288,4,117,158,219,444,1651
2018_3,송파대로30길,1629,990,639,6,270,365,395,367,226,1,147,253,246,204,139,5,123,112,149,163,87
2018_3,송이로36길,1947,1366,581,9,359,394,465,438,282,5,240,285,304,303,229,4,119,109,161,135,53
2018_3,송이로32길,732,412,320,3,63,134,214,217,101,1,27,88,126,107,63,2,36,46,88,110,38
2018_3,송이로23길,1442,912,530,3,142,280,331,325,361,3,66,160,189,220,274,0,76,120,142,105,87
2018_3,삼전로13길,1633,731,902,5,231,370,388,321,318,2,69,159,160,133,208,3,162,211,228,188,110
2018_3,백제고분로50길,1512,922,590,4,200,376,431,310,191,3,81,238,268,193,139,1,119,138,163,117,52
2018_3,백제고분로46길,1619,955,664,3,237,393,409,331,246,2,102,225,267,201,158,1,135,168,142,130,88
2018_3,백제고분로45길,504,326,178,2,90,108,118,115,71,2,60,68,78,72,46,0,30,40,40,43,25
2018_3,백제고분로42길,124,79,45,0,22,18,38,35,11,0,16,11,22,21,9,0,6,7,16,14,2
2018_3,백제고분로39길,1696,1248,448,2,262,732,406,204,90,1,190,652,288,70,47,1,72,80,118,134,43
2018_3,백제고분로34길,1516,980,536,7,182,365,451,334,177,4,89,238,309,215,125,3,93,127,142,119,52
2018_3,백제고분로33길,1104,708,396,0,124,277,312,265,126,0,68,172,204,171,93,0,56,105,108,94,33
2018_3,백제고분로32길,1121,500,621,3,132,216,252,340,178,3,39,96,119,142,101,0,93,120,133,198,77
2018_3,백제고분로31길,347,186,161,0,21,58,104,107,57,0,10,34,62,54,26,0,11,24,42,53,31
2018_3,백제고분로22길,1205,721,484,2,86,202,283,283,349,0,36,112,168,144,261,2,50,90,115,139,88
2018_3,백제고분로21길,205,136,69,0,27,49,39,47,43,0,8,28,24,35,41,0,19,21,15,12,2
2018_3,마천로51길,157,67,90,0,17,24,39,41,36,0,9,12,11,16,19,0,8,12,28,25,17
2018_3,동남로20길,155,82,73,0,22,22,40,48,23,0,9,11,22,28,12,0,13,11,18,20,11
2018_3,거마로20길,527,228,299,0,96,139,142,117,33,0,35,65,62,47,19,0,61,74,80,70,14
2018_3,학동로77길,2922,1463,1459,2,287,720,639,719,555,1,76,267,281,470,368,1,211,453,358,249,187
2018_3,학동로6길,1698,886,812,8,304,515,419,275,177,1,126,299,244,121,95,7,178,216,175,154,82
2018_3,학동로56길,893,439,454,3,89,248,254,210,89,1,24,94,125,129,66,2,65,154,129,81,23
2018_3,학동로38길,6922,4029,2893,15,1621,2062,1521,1019,684,6,583,1133,1017,754,536,9,1038,929,504,265,148
2018_3,테헤란로81길,524,204,320,3,207,195,80,19,20,3,72,72,27,12,18,0,135,123,53,7,2
2018_3,일원로9길,489,274,215,1,44,72,107,119,146,0,15,46,67,56,90,1,29,26,40,63,56
2018_3,일원로3길,234,125,109,0,15,43,74,71,31,0,8,34,42,28,13,0,7,9,32,43,18
2018_3,영동대로65길,3214,1853,1361,9,581,1091,796,457,280,5,260,656,535,225,172,4,321,435,261,232,108
2018_3,영동대로112길,628,391,237,5,112,191,159,96,65,3,55,130,111,54,38,2,57,61,48,42,27
2018_3,언주로81길,9998,4857,5141,38,2656,2783,2186,1526,809,11,884,1512,1335,758,357,27,1772,1271,851,768,452
2018_3,압구정로2길,2822,1499,1323,26,699,889,671,326,211,5,244,520,413,162,155,21,455,369,258,164,56
2018_3,선릉로18길,348,204,144,1,29,53,68,88,109,1,10,34,42,45,72,0,19,19,26,43,37
2018_3,선릉로146길,1923,986,937,4,478,716,394,201,130,1,199,386,233,99,68,3,279,330,161,102,62
2018_3,선릉로133길,270,147,123,0,50,76,59,42,43,0,19,42,34,22,30,0,31,34,25,20,13
2018_3,선릉로132길,1089,619,470,1,133,282,225,228,220,0,41,127,125,158,168,1,92,155,100,70,52
2018_3,선릉로121길,1565,874,691,6,282,614,373,184,106,3,102,321,250,124,74,3,180,293,123,60,32
2018_3,삼성로75길,2635,1450,1185,4,612,706,541,465,307,0,238,350,315,313,234,4,374,356,226,152,73
2018_3,삼성로69길,357,181,176,0,99,119,78,46,15,0,29,63,48,28,13,0,70,56,30,18,2
2018_3,삼성로64길,522,249,273,0,126,162,111,82,41,0,36,78,73,39,23,0,90,84,38,43,18
2018_3,삼성로63길,245,96,149,2,55,35,75,58,20,2,20,12,28,22,12,0,35,23,47,36,8
2018_3,삼성로57길,846,267,579,10,134,271,216,138,77,4,36,66,68,48,45,6,98,205,148,90,32
2018_3,삼성로147길,874,357,517,2,220,277,165,124,86,1,52,108,78,65,53,1,168,169,87,59,33
2018_3,삼성로115길,256,151,105,0,37,92,58,40,29,0,11,60,40,24,16,0,26,32,18,16,13
2018_3,봉은사로68길,204,91,113,0,49,58,55,24,18,0,11,26,31,13,10,0,38,32,24,11,8
2018_3,봉은사로57길,1141,708,433,4,333,356,240,137,71,1,117,226,183,115,66,3,216,130,57,22,5
2018_3,봉은사로43길,1058,705,353,12,237,344,260,113,92,8,142,223,189,80,63,4,95,121,71,33,29
2018_3,봉은사로29길,138,95,43,0,27,52,28,23,8,0,14,40,21,15,5,0,13,12,7,8,3
2018_3,봉은사로109길,329,175,154,0,71,88,71,50,49,0,23,51,38,33,30,0,48,37,33,17,19
2018_3,도산대로89길,2258,953,1305,21,585,798,443,268,143,2,148,329,238,139,97,19,437,469,205,129,46
2018_3,도산대로81길,4192,1529,2663,30,1511,1280,791,377,203,5,478,534,267,135,110,25,1033,746,524,242,93
2018_3,도산대로50길,2731,1870,861,3,242,450,568,803,665,1,146,340,487,560,336,2,96,110,81,243,329
2018_3,도산대로38길,163,91,72,2,44,37,36,30,14,0,16,25,22,21,7,2,28,12,14,9,7
2018_3,도산대로30길,3304,1620,1684,5,912,1132,729,366,160,3,324,571,410,191,121,2,588,561,319,175,39
2018_3,도산대로23길,1448,886,562,1,402,393,278,174,200,0,161,236,190,126,173,1,241,157,88,48,27
2018_3,도산대로15길,1632,760,872,7,556,576,281,136,76,4,210,290,150,67,39,3,346,286,131,69,37
2018_3,도곡로37길,4197,2203,1994,10,925,1317,1089,596,260,4,250,721,706,331,191,6,675,596,383,265,69
2018_3,논현로8길,783,440,343,5,152,216,197,132,81,2,81,149,91,60,57,3,71,67,106,72,24
2018_3,논현로63길,3203,2261,942,7,414,887,891,664,340,2,201,566,692,498,302,5,213,321,199,166,38
2018_3,논현로28길,10510,7244,3266,16,2109,4090,2580,1092,623,9,1029,2705,2018,936,547,7,1080,1385,562,156,76
2018_3,논현로26길,7670,5050,2620,30,1204,2053,1599,1114,1670,23,666,1593,1292,746,730,7,538,460,307,368,940
2018_3,논현로139길,2712,1278,1434,5,742,969,536,239,221,3,184,491,339,109,152,2,558,478,197,130,69
2018_3,논현로123길,100,59,41,0,18,28,22,22,10,0,9,18,14,13,5,0,9,10,8,9,5
2018_3,논현로115길,2806,1441,1365,3,657,1020,655,249,222,0,206,512,431,145,147,3,451,508,224,104,75
2018_3,논현로10길,2570,1650,920,6,241,503,640,608,572,2,117,343,408,381,399,4,124,160,232,227,173
2018_3,논현로106길,2765,1572,1193,6,414,638,678,600,429,4,177,430,423,275,263,2,237,208,255,325,166
2018_3,남부순환로365길,171,122,49,0,20,38,51,41,21,0,9,28,36,34,15,0,11,10,15,7,6
2018_3,개포로28길,296,193,103,0,39,84,66,73,34,0,19,59,50,41,24,0,20,25,16,32,10
2018_3,개포로20길,4215,2408,1807,8,570,943,1118,983,593,5,237,560,614,521,471,3,333,383,504,462,122
2018_3,개포로17길,2622,1698,924,6,289,692,756,568,311,3,137,432,523,362,241,3,152,260,233,206,70
2018_3,강남대로140길,4005,2014,1991,10,732,1091,834,800,538,3,190,523,519,393,386,7,542,568,315,407,152
2018_3,강남대로136길,1294,759,535,4,275,449,340,133,93,1,104,252,240,86,76,3,171,197,100,47,17
2018_3,강남대로118길,588,330,258,2,81,147,138,86,134,0,21,72,88,51,98,2,60,75,50,35,36
2018_3,서초중앙로8길,7653,5747,1906,10,1199,2392,2152,1482,418,4,731,1818,1738,1118,338,6,468,574,414,364,80
2018_3,방배중앙로21길,1297,640,657,6,200,246,287,306,252,3,72,124,159,135,147,3,128,122,128,171,105
2018_3,효령로72길,204,124,80,2,45,34,51,45,27,0,15,24,30,34,21,2,30,10,21,11,6
2018_3,효령로34길,37,31,6,0,1,7,10,9,10,0,0,4,10,7,10,0,1,3,0,2,0
2018_3,효령로31길,1329,705,624,2,309,315,353,214,136,1,75,165,230,130,104,1,234,150,123,84,32
2018_3,효령로23길,732,433,299,3,136,164,209,138,82,2,54,93,133,89,62,1,82,71,76,49,20
2018_3,청두곶길,2220,1352,868,21,547,568,570,390,124,3,266,397,336,264,86,18,281,171,234,126,38
2018_3,주흥길,333,224,109,0,40,108,100,60,25,0,20,67,73,42,22,0,20,41,27,18,3
2018_3,주흥15길,1480,947,533,2,305,442,332,189,210,2,157,278,250,118,142,0,148,164,82,71,68
2018_3,언남길,1642,1109,533,5,230,437,511,301,158,3,123,297,357,216,113,2,107,140,154,85,45
2018_3,신반포로45길,451,275,176,2,81,125,93,67,83,2,30,73,70,46,54,0,51,52,23,21,29
2018_3,서초대로8길,248,125,123,0,36,56,88,43,25,0,13,33,44,23,12,0,23,23,44,20,13
2018_3,서초대로64길,623,435,188,2,99,134,163,128,97,0,48,83,125,107,72,2,51,51,38,21,25
2018_3,서초대로4길,652,473,179,1,76,166,169,131,109,1,55,116,135,95,71,0,21,50,34,36,38
2018_3,서초대로25길,3904,2399,1505,13,785,1180,1006,674,246,9,361,724,697,436,172,4,424,456,309,238,74
2018_3,서초대로23길,556,339,217,0,76,162,128,65,125,0,35,102,78,34,90,0,41,60,50,31,35
2018_3,서초대로15길,1535,711,824,7,171,349,414,358,236,3,41,161,195,141,170,4,130,188,219,217,66
2018_3,사평대로57길,177,66,111,2,41,57,34,19,24,0,10,28,17,10,1,2,31,29,17,9,23
2018_3,사평대로26길,13,9,4,0,0,1,4,3,5,0,0,1,2,3,3,0,0,0,2,0,2
2018_3,사평대로22길,1484,903,581,34,357,381,343,242,127,11,196,248,221,162,65,23,161,133,122,80,62
2018_3,사임당로17길,1851,1124,727,11,365,621,416,265,173,6,144,370,282,181,141,5,221,251,134,84,32
2018_3,방배로42길,126,58,68,1,21,29,37,11,27,1,3,10,22,3,19,0,18,19,15,8,8
2018_3,방배로35길,2371,1505,866,11,330,564,496,457,513,4,141,363,322,297,378,7,189,201,174,160,135
2018_3,방배로18길,77,45,32,0,19,24,18,6,10,0,12,10,13,3,7,0,7,14,5,3,3
2018_3,반포대로9길,658,422,236,2,131,161,180,107,77,2,64,100,125,77,54,0,67,61,55,30,23
2018_3,바우뫼로39길,2652,1560,1092,11,328,651,523,474,665,8,155,423,366,259,349,3,173,228,157,215,316
2018_3,마방로2길,3850,2366,1484,13,648,1125,930,811,323,6,276,713,627,517,227,7,372,412,303,294,96
2018_3,방배천로4안길,1298,851,447,1,126,311,378,326,156,1,60,197,275,231,87,0,66,114,103,95,69
2018_3,동산로19길,1298,847,451,0,146,384,340,253,175,0,70,250,236,170,121,0,76,134,104,83,54
2018_3,동산로10길,2806,1517,1289,21,355,572,655,669,534,16,192,378,345,306,280,5,163,194,310,363,254
2018_3,동광로39길,54,27,27,0,8,4,20,12,10,0,2,2,9,9,5,0,6,2,11,3,5
2018_3,동광로1길,966,534,432,3,148,237,236,168,174,2,64,136,138,91,103,1,84,101,98,77,71
2018_3,동광로12길,794,508,286,3,92,185,231,158,125,2,38,110,153,111,94,1,54,75,78,47,31
2018_3,논현로27길,3588,2542,1046,16,564,913,978,719,398,9,282,611,712,592,336,7,282,302,266,127,62
2018_3,논현로1길,550,355,195,0,86,168,130,88,78,0,47,119,92,55,42,0,39,49,38,33,36
2018_3,남부순환로339길,13336,5891,7445,66,3615,3244,2855,2578,978,46,1545,1848,1292,707,453,20,2070,1396,1563,1871,525
2018_3,남부순환로325길,8261,3970,4291,17,1140,3138,2005,1374,587,6,445,1268,1067,771,413,11,695,1870,938,603,174
2018_3,남부순환로317길,1663,1135,528,5,331,586,362,172,207,3,173,421,271,126,141,2,158,165,91,46,66
2018_3,고무래로8길,6501,3376,3125,14,783,1701,1658,1272,1073,3,224,757,939,803,650,11,559,944,719,469,423
2018_3,강남대로8길,2603,1629,974,3,249,637,722,627,365,0,128,400,479,374,248,3,121,237,243,253,117
2018_3,강남대로34길,1069,705,364,1,214,384,240,128,102,0,117,268,159,76,85,1,97,116,81,52,17
2018_3,강남대로23길,7309,5154,2155,19,1146,1742,1763,1725,914,12,760,1311,1376,1085,610,7,386,431,387,640,304
2018_3,소담길,34,11,23,0,4,11,5,11,3,0,0,5,2,3,1,0,4,6,3,8,2
2018_3,원신길,297,116,181,0,35,91,51,71,49,0,6,34,27,32,17,0,29,57,24,39,32
2018_3,양산길,356,242,114,0,34,46,69,103,104,0,8,22,43,76,93,0,26,24,26,27,11
2018_3,호암로24길,788,262,526,1,70,119,196,226,176,1,19,63,82,39,58,0,51,56,114,187,118
2018_3,호암로20길,55,29,26,0,5,8,12,18,12,0,2,4,6,9,8,0,3,4,6,9,4
2018_3,행운길,21,5,16,0,0,3,8,9,1,0,0,2,1,2,0,0,0,1,7,7,1
2018_3,행운1길,105,71,34,0,5,25,37,22,16,0,4,12,28,13,14,0,1,13,9,9,2
2018_3,청림3길,74,37,37,0,11,15,19,22,7,0,2,8,10,11,6,0,9,7,9,11,1
2018_3,청룡길,89,48,41,0,23,30,20,11,5,0,9,16,13,8,2,0,14,14,7,3,3
2018_3,청룡8길,10,5,5,0,1,3,1,2,3,0,0,2,0,1,2,0,1,1,1,1,1
2018_3,중앙길,260,94,166,0,41,44,70,65,40,0,3,11,27,35,18,0,38,33,43,30,22
2018_3,조원중앙로2길,1189,848,341,0,113,345,273,306,152,0,67,230,203,228,120,0,46,115,70,78,32
2018_3,조원로18길,1045,551,494,1,125,251,241,266,161,1,42,154,130,142,82,0,83,97,111,124,79
2018_3,조원로10길,275,121,154,0,58,53,57,55,52,0,19,23,20,27,32,0,39,30,37,28,20
2018_3,장군봉2길,400,277,123,0,29,102,118,105,46,0,14,60,83,82,38,0,15,42,35,23,8
2018_3,장군봉1길,83,16,67,0,7,28,26,18,4,0,2,4,3,3,4,0,5,24,23,15,0
2018_3,인헌길,82,52,30,0,6,21,25,17,13,0,5,15,15,9,8,0,1,6,10,8,5
2018_3,은천로25길,284,92,192,0,50,63,72,54,45,0,2,17,29,23,21,0,48,46,43,31,24
2018_3,양녕로6길,822,465,357,4,98,165,200,196,159,4,46,80,123,121,91,0,52,85,77,75,68
2018_3,신원로3길,25,14,11,0,3,6,12,3,1,0,2,3,6,2,1,0,1,3,6,1,0
2018_3,신사로20길,44,14,30,0,12,9,6,12,5,0,2,0,4,6,2,0,10,9,2,6,3
2018_3,신림로64길,242,118,124,2,34,58,69,56,23,1,16,35,28,25,13,1,18,23,41,31,10
2018_3,신림로48길,69,33,36,0,10,13,16,15,15,0,3,5,7,7,11,0,7,8,9,8,4
2018_3,신림로38길,60,33,27,0,5,16,15,11,13,0,1,13,6,5,8,0,4,3,9,6,5
2018_3,신림로28길,328,227,101,0,18,46,80,93,91,0,9,17,41,74,86,0,9,29,39,19,5
2018_3,신림로11길,470,420,50,0,8,26,131,229,76,0,4,17,121,211,67,0,4,9,10,18,9
2018_3,신림동길,354,198,156,2,56,87,79,81,49,0,28,54,51,39,26,2,28,33,28,42,23
2018_3,승방길,571,365,206,0,82,173,165,98,53,0,35,125,124,50,31,0,47,48,41,48,22
2018_3,서림7길,289,116,173,0,21,66,87,86,29,0,11,30,28,34,13,0,10,36,59,52,16
2018_3,봉천로33길,308,199,109,0,39,60,89,71,49,0,24,41,57,43,34,0,15,19,32,28,15
2018_3,봉천로13길,318,88,230,0,19,49,98,102,50,0,3,13,32,22,18,0,16,36,66,80,32
2018_3,복은길,155,55,100,0,12,21,31,52,39,0,2,10,15,20,8,0,10,11,16,32,31
2018_3,법원단지길,2,2,0,0,0,0,2,0,0,0,0,0,2,0,0,0,0,0,0,0,0
2018_3,법원단지9길,87,39,48,0,13,27,11,22,14,0,4,16,4,7,8,0,9,11,7,15,6
2018_3,미성5길,77,44,33,0,6,14,15,20,22,0,2,7,9,10,16,0,4,7,6,10,6
2018_3,대학길,75,39,36,0,5,21,20,21,8,0,3,13,11,9,3,0,2,8,9,12,5
2018_3,대학14길,13,4,9,0,1,2,1,3,6,0,0,2,0,2,0,0,1,0,1,1,6
2018_3,당곡길,386,205,181,0,42,77,103,87,77,0,21,35,55,37,57,0,21,42,48,50,20
2018_3,남현길,224,76,148,0,28,62,58,51,25,0,5,16,24,15,16,0,23,46,34,36,9
2018_3,남현3길,270,140,130,0,45,63,89,46,27,0,9,32,49,27,23,0,36,31,40,19,4
2018_3,남부순환로248길,251,112,139,1,28,64,69,59,30,0,8,32,20,33,19,1,20,32,49,26,11
2018_3,남부순환로234길,173,116,57,1,20,37,47,38,30,1,9,22,36,25,23,0,11,15,11,13,7
2018_3,남부순환로172길,1264,685,579,1,93,227,290,378,275,1,34,119,153,199,179,0,59,108,137,179,96
2018_3,남부순환로161길,31,12,19,0,3,5,15,5,3,0,1,1,7,2,1,0,2,4,8,3,2
2018_3,남부순환로151길,200,144,56,0,11,31,53,69,36,0,7,19,43,44,31,0,4,12,10,25,5
2018_3,남부순환로142길,93,49,44,0,13,12,22,27,19,0,4,9,6,19,11,0,9,3,16,8,8
2018_3,난향길,177,42,135,0,16,47,57,42,15,0,2,6,12,10,12,0,14,41,45,32,3
2018_3,난우길,426,159,267,0,29,68,104,111,114,0,5,21,53,39,41,0,24,47,51,72,73
2018_3,난곡로74길,117,53,64,0,16,32,27,28,14,0,2,12,16,15,8,0,14,20,11,13,6
2018_3,난곡로34길,25,7,18,0,6,2,9,5,3,0,0,0,3,2,2,0,6,2,6,3,1
2018_3,난곡로26길,141,50,91,0,9,27,50,40,15,0,1,11,17,12,9,0,8,16,33,28,6
2018_3,난곡로24길,26,16,10,0,0,5,10,10,1,0,0,3,5,7,1,0,0,2,5,3,0
2018_3,낙성대역길,698,446,252,0,61,104,131,182,220,0,15,57,62,125,187,0,46,47,69,57,33
2018_3,국회단지길,572,272,300,0,102,114,158,127,71,0,18,61,104,53,36,0,84,53,54,74,35
2018_3,구암길,88,34,54,0,11,19,30,17,11,0,4,8,8,7,7,0,7,11,22,10,4
2018_3,관천로22길,19,6,13,0,3,3,7,2,4,0,1,1,3,0,1,0,2,2,4,2,3
2018_3,관천로15길,150,82,68,1,19,24,46,32,28,1,5,16,25,13,22,0,14,8,21,19,6
2018_3,관악로30길,187,62,125,1,25,40,44,41,36,0,6,13,16,12,15,1,19,27,28,29,21
2018_3,관악로28길,151,71,80,0,13,19,44,30,45,0,2,4,10,15,40,0,11,15,34,15,5
2018_3,관악로14길,464,257,207,6,114,85,88,90,81,0,49,54,52,40,62,6,65,31,36,50,19
2018_3,관악로10길,223,156,67,0,23,49,75,44,32,0,11,37,56,30,22,0,12,12,19,14,10
2018_3,흑석로9길,171,71,100,1,32,39,34,41,24,0,13,22,14,15,7,1,19,17,20,26,17
2018_3,흑석로13길,149,11,138,0,57,44,25,13,10,0,3,2,2,1,3,0,54,42,23,12,7
2018_3,장승배기로27길,46,21,25,0,5,4,14,15,8,0,1,1,8,6,5,0,4,3,6,9,3
2018_3,장승배기로19길,8,4,4,0,1,2,0,4,1,0,0,0,0,3,1,0,1,2,0,1,0
2018_3,여의대방로46길,465,161,304,1,49,141,137,97,40,0,10,46,37,39,29,1,39,95,100,58,11
2018_3,여의대방로24길,18249,9804,8445,54,3451,3244,3060,4707,3733,34,2546,2578,1565,1560,1521,20,905,666,1495,3147,2212
2018_3,여의대방로22카길,306,125,181,0,28,41,98,94,45,0,9,27,44,29,16,0,19,14,54,65,29
2018_3,여의대방로22나길,129,52,77,0,10,29,35,39,16,0,4,8,12,19,9,0,6,21,23,20,7
2018_3,여의대방로22길,248,147,101,0,48,41,45,65,49,0,19,32,24,36,36,0,29,9,21,29,13
2018_3,양녕로26길,135,67,68,0,13,21,26,46,29,0,1,11,11,21,23,0,12,10,15,25,6
2018_3,신대방길,99,63,36,0,6,20,32,20,21,0,2,11,19,17,14,0,4,9,13,3,7
2018_3,성대로29길,3,2,1,0,0,1,2,0,0,0,0,0,2,0,0,0,0,1,0,0,0
2018_3,성대로1길,343,143,200,0,20,62,93,76,92,0,8,37,40,30,28,0,12,25,53,46,64
2018_3,서달로8가길,247,99,148,1,26,45,56,60,59,0,7,16,19,23,34,1,19,29,37,37,25
2018_3,서달로14길,42,18,24,0,13,5,12,5,7,0,4,3,5,1,5,0,9,2,7,4,2
2018_3,서달로10길,66,32,34,0,2,20,12,26,6,0,1,10,7,11,3,0,1,10,5,15,3
2018_3,상도로62길,185,56,129,1,14,39,54,45,32,0,1,10,11,17,17,1,13,29,43,28,15
2018_3,상도로61길,46,21,25,0,11,8,11,11,5,0,2,3,6,5,5,0,9,5,5,6,0
2018_3,상도로47길,46,33,13,0,8,15,9,10,4,0,6,12,4,7,4,0,2,3,5,3,0
2018_3,상도로37길,1920,932,988,31,288,471,506,413,211,0,70,281,289,198,94,31,218,190,217,215,117
2018_3,상도로15길,359,155,204,0,43,72,112,93,39,0,12,29,56,44,14,0,31,43,56,49,25
2018_3,사당로8길,121,66,55,0,11,24,34,26,26,0,2,10,21,15,18,0,9,14,13,11,8
2018_3,사당로30길,298,204,94,0,13,78,113,68,26,0,6,51,75,53,19,0,7,27,38,15,7
2018_3,사당로2차길,113,76,37,1,37,22,21,20,12,1,30,11,15,11,8,0,7,11,6,9,4
2018_3,사당로29길,26,22,4,0,1,2,4,8,11,0,1,1,3,6,11,0,0,1,1,2,0
2018_3,사당로26길,260,148,112,0,35,44,83,62,36,0,12,29,55,32,20,0,23,15,28,30,16
2018_3,사당로23나길,141,45,96,0,7,21,48,31,34,0,2,4,13,5,21,0,5,17,35,26,13
2018_3,사당로23길,16,12,4,0,2,3,4,5,2,0,2,2,3,3,2,0,0,1,1,2,0
2018_3,사당로20길,194,146,48,0,7,19,76,57,35,0,2,14,60,40,30,0,5,5,16,17,5
2018_3,사당로16길,135,40,95,0,8,24,44,46,13,0,1,5,16,9,9,0,7,19,28,37,4
2018_3,사당로16가길,772,471,301,0,29,54,92,114,483,0,20,29,48,55,319,0,9,25,44,59,164
2018_3,만양로8길,95,46,49,0,15,25,21,18,16,0,6,12,11,8,9,0,9,13,10,10,7
2018_3,만양로14길,347,154,193,1,38,80,91,78,59,0,12,31,42,36,33,1,26,49,49,42,26
2018_3,등용로14길,670,456,214,1,99,194,181,98,97,1,65,150,134,53,53,0,34,44,47,45,44
2018_3,동작대로7길,1829,746,1083,4,370,381,421,405,248,3,67,142,196,179,159,1,303,239,225,226,89
2018_3,동작대로35길,945,116,829,0,68,82,212,404,179,0,16,27,34,19,20,0,52,55,178,385,159
2018_3,동작대로33길,106,56,50,0,15,22,21,29,19,0,3,12,10,18,13,0,12,10,11,11,6
2018_3,동작대로29길,38,21,17,0,4,7,13,8,6,0,3,5,4,5,4,0,1,2,9,3,2
2018_3,동작대로17길,1402,710,692,2,215,349,438,276,122,2,57,166,237,172,76,0,158,183,201,104,46
2018_3,대방동2길,462,215,247,0,52,120,130,114,46,0,10,63,69,50,23,0,42,57,61,64,23
2018_3,대방동27길,125,78,47,0,3,31,32,35,24,0,2,18,17,22,19,0,1,13,15,13,5
2018_3,노량진로6길,100,28,72,0,6,25,26,30,13,0,2,7,5,11,3,0,4,18,21,19,10
2018_3,국사봉길,48,9,39,0,3,13,11,11,10,0,0,5,2,0,2,0,3,8,9,11,8
2018_3,국사봉2길,50,18,32,0,9,8,8,13,12,0,1,2,4,5,6,0,8,6,4,8,6
2018_3,국사봉1길,9,3,6,0,1,2,1,5,0,0,0,1,0,2,0,0,1,1,1,3,0
2018_3,영신로9길,344,178,166,0,44,79,101,76,44,0,17,42,51,38,30,0,27,37,50,38,14
2018_3,영등포로84길,378,96,282,3,55,60,56,114,90,0,12,30,18,19,17,3,43,30,38,95,73
2018_3,영등포로80길,55,30,25,1,8,13,9,10,14,1,4,2,6,5,12,0,4,11,3,5,2
2018_3,영등포로62길,7,4,3,0,0,2,2,2,1,0,0,2,1,1,0,0,0,0,1,1,1
2018_3,영등포로35길,89,54,35,0,10,24,24,24,7,0,6,16,18,10,4,0,4,8,6,14,3
2018_3,영등포로27길,301,171,130,0,24,66,99,78,34,0,11,34,55,41,30,0,13,32,44,37,4
2018_3,여의대방로43나길,957,683,274,0,22,70,160,320,385,0,9,38,115,233,288,0,13,32,45,87,97
2018_3,여의대방로39길,7,3,4,0,1,0,2,4,0,0,1,0,1,1,0,0,0,0,1,3,0
2018_3,여의대방로35길,876,459,417,4,127,202,225,158,160,3,51,93,111,89,112,1,76,109,114,69,48
2018_3,양평로28길,624,496,128,7,38,106,162,207,104,7,28,70,135,169,87,0,10,36,27,38,17
2018_3,양평로22라길,29,15,14,0,3,9,9,3,5,0,2,4,2,2,5,0,1,5,7,1,0
2018_3,양평로19길,4563,3515,1048,17,814,1877,1284,434,137,0,416,1529,1104,358,108,17,398,348,180,76,29
2018_3,신길로60길,497,187,310,1,35,127,139,129,66,1,6,54,60,43,23,0,29,73,79,86,43
2018_3,신길로42길,376,182,194,0,52,84,94,90,56,0,21,39,49,41,32,0,31,45,45,49,24
2018_3,신길로42가길,99,33,66,0,9,22,27,24,17,0,2,9,10,6,6,0,7,13,17,18,11
2018_3,신길로39길,129,52,77,1,8,26,33,29,32,1,1,10,16,10,14,0,7,16,17,19,18
2018_3,신길로17길,52,35,17,0,0,3,12,24,13,0,0,3,6,16,10,0,0,0,6,8,3
2018_3,선유서로28길,389,214,175,2,42,81,88,103,73,0,18,45,50,61,40,2,24,36,38,42,33
2018_3,선유서로25길,2563,1872,691,6,259,634,591,531,542,3,163,503,437,386,380,3,96,131,154,145,162
2018_3,선유서로24길,365,209,156,0,21,59,148,97,40,0,6,23,80,71,29,0,15,36,68,26,11
2018_3,선유로55길,2479,1517,962,3,434,719,628,452,243,2,205,463,405,274,168,1,229,256,223,178,75
2018_3,디지털로74길,46,30,16,0,6,17,12,9,2,0,4,13,9,4,0,0,2,4,3,5,2
2018_3,디지털로57길,10,4,6,0,0,4,3,2,1,0,0,2,0,1,1,0,0,2,3,1,0
2018_3,디지털로37길,215,99,116,0,23,57,49,47,39,0,7,29,21,19,23,0,16,28,28,28,16
2018_3,도신로62길,189,58,131,0,17,44,68,50,10,0,5,18,15,15,5,0,12,26,53,35,5
2018_3,도신로60길,64,12,52,0,1,3,11,21,28,0,0,1,5,4,2,0,1,2,6,17,26
2018_3,도신로29길,81,35,46,1,3,6,16,31,24,0,3,3,12,8,9,1,0,3,4,23,15
2018_3,도신로15길,85,43,42,0,8,20,28,19,10,0,2,9,16,10,6,0,6,11,12,9,4
2018_3,도림천로21길,88,36,52,0,23,20,14,16,15,0,9,7,6,4,10,0,14,13,8,12,5
2018_3,도림로63길,30,21,9,0,2,4,9,7,8,0,2,3,6,4,6,0,0,1,3,3,2
2018_3,도림로147길,1783,1289,494,0,108,321,519,570,265,0,66,231,363,420,209,0,42,90,156,150,56
2018_3,도림로112길,27,16,11,0,1,5,8,5,8,0,1,4,7,3,1,0,0,1,1,2,7
2018_3,대림로8길,1910,568,1342,0,641,496,355,276,142,0,106,154,124,108,76,0,535,342,231,168,66
2018_3,대림로7길,10,6,4,0,1,0,2,6,1,0,1,0,2,3,0,0,0,0,0,3,1
2018_3,대림로44길,29,16,13,0,1,6,7,8,7,0,0,3,4,5,4,0,1,3,3,3,3
2018_3,대림로34길,192,81,111,0,28,36,64,44,20,0,10,10,27,24,10,0,18,26,37,20,10
2018_3,대림로31길,1055,545,510,6,154,138,179,328,250,4,87,83,81,150,140,2,67,55,98,178,110
2018_3,대림로29길,1809,920,889,5,238,348,448,418,352,2,58,145,213,232,270,3,180,203,235,186,82
2018_3,대림로22길,377,215,162,1,19,58,130,104,65,0,6,36,78,57,38,1,13,22,52,47,27
2018_3,당산로46길,4383,2745,1638,14,341,862,1199,1307,660,4,139,558,819,784,441,10,202,304,380,523,219
2018_3,당산로38길,164,113,51,1,19,44,43,36,21,0,10,27,29,27,20,1,9,17,14,9,1
2018_3,당산로37길,4244,2743,1501,34,1059,1048,791,775,537,27,585,692,537,517,385,7,474,356,254,258,152
2018_3,당산로31길,4394,2379,2015,1,622,1179,1056,1038,498,0,222,539,571,676,371,1,400,640,485,362,127
2018_3,국회대로56길,1741,1124,617,4,146,243,324,419,605,2,83,167,243,298,331,2,63,76,81,121,274
2018_3,경인로90길,314,177,137,1,20,75,70,93,55,0,7,39,31,57,43,1,13,36,39,36,12
2018_3,경인로80길,1576,1129,447,3,138,276,377,450,332,1,81,181,254,337,275,2,57,95,123,113,57
2018_3,경인로77길,709,447,262,1,112,152,142,182,120,0,41,76,105,128,97,1,71,76,37,54,23
2018_3,가마산로61길,204,70,134,0,22,50,54,46,32,0,3,19,21,11,16,0,19,31,33,35,16
2018_3,시흥대로94길,689,350,339,0,54,148,188,195,104,0,26,79,92,94,59,0,28,69,96,101,45
2018_3,시흥대로84길,185,85,100,0,21,36,61,45,22,0,8,18,25,21,13,0,13,18,36,24,9
2018_3,시흥대로68길,960,251,709,0,23,39,79,160,659,0,11,23,26,33,158,0,12,16,53,127,501
2018_3,시흥대로63길,2949,1450,1499,10,454,943,650,625,267,2,190,396,279,409,174,8,264,547,371,216,93
2018_3,시흥대로62가길,443,108,335,0,59,74,87,152,71,0,13,21,20,33,21,0,46,53,67,119,50
2018_3,시흥대로36길,409,232,177,0,59,121,124,71,34,0,23,69,74,42,24,0,36,52,50,29,10
2018_3,시흥대로22길,511,362,149,0,24,61,110,143,173,0,14,43,65,100,140,0,10,18,45,43,33
2018_3,시흥대로153길,640,368,272,1,66,113,193,197,70,1,33,71,120,101,42,0,33,42,73,96,28
2018_3,시흥대로150길,537,248,289,0,40,98,144,162,93,0,8,36,60,83,61,0,32,62,84,79,32
2018_3,시흥대로141길,653,381,272,2,119,163,167,134,68,2,49,90,115,85,40,0,70,73,52,49,28
2018_3,시흥대로138길,18,9,9,0,3,2,3,7,3,0,1,1,1,4,2,0,2,1,2,3,1
2018_3,시흥대로120길,470,311,159,0,72,94,154,111,39,0,52,61,110,68,20,0,20,33,44,43,19
2018_3,벚꽃로56길,1863,1268,595,2,294,689,461,293,124,1,155,461,352,205,94,1,139,228,109,88,30
2018_3,범안로17길,136,82,54,0,9,19,36,41,31,0,6,11,19,26,20,0,3,8,17,15,11
2018_3,범안로11길,1073,839,234,6,142,287,305,225,108,4,112,226,236,173,88,2,30,61,69,52,20
2018_3,문성로5길,166,58,108,0,11,26,21,53,55,0,2,16,9,15,16,0,9,10,12,38,39
2018_3,독산로85길,99,25,74,0,3,9,15,46,26,0,0,3,4,12,6,0,3,6,11,34,20
2018_3,독산로78다길,223,97,126,0,25,26,54,61,57,0,8,11,19,24,35,0,17,15,35,37,22
2018_3,독산로70길,2,2,0,0,0,0,0,0,2,0,0,0,0,0,2,0,0,0,0,0,0
2018_3,독산로64길,115,31,84,0,24,21,33,30,7,0,2,7,9,8,5,0,22,14,24,22,2
2018_3,독산로50길,91,34,57,0,7,13,25,35,11,0,1,2,10,15,6,0,6,11,15,20,5
2018_3,독산로40길,54,16,38,0,2,3,25,19,5,0,0,1,10,3,2,0,2,2,15,16,3
2018_3,독산로108길,731,343,388,0,95,147,150,200,139,0,25,78,69,85,86,0,70,69,81,115,53
2018_3,남부순환로112길,14,6,8,0,5,1,1,3,4,0,1,1,0,2,2,0,4,0,1,1,2
2018_3,금하로24길,206,70,136,4,30,31,54,56,31,2,9,10,15,19,15,2,21,21,39,37,16
2018_3,금하로1길,73,33,40,0,8,12,21,23,9,0,4,8,7,10,4,0,4,4,14,13,5
2018_3,금하로14길,26,11,15,0,1,4,11,8,2,0,0,2,4,3,2,0,1,2,7,5,0
2018_3,가산로5길,583,456,127,4,74,116,188,133,68,4,57,93,143,109,50,0,17,23,45,24,18
2018_3,가산로3길,2320,1764,556,4,208,494,519,659,436,4,161,417,390,463,329,0,47,77,129,196,107
2018_3,중앙로1길,1572,1085,487,1,161,329,292,315,474,0,87,214,184,211,389,1,74,115,108,104,85
2018_3,중앙로15길,96,50,46,0,7,12,28,33,16,0,1,5,9,21,14,0,6,7,19,12,2
2018_3,우마길,41,21,20,0,12,9,12,6,2,0,1,7,7,4,2,0,11,2,5,2,0
2018_3,오류로8길,224,105,119,0,36,69,43,46,30,0,12,37,16,20,20,0,24,32,27,26,10
2018_3,신도림로13길,828,601,227,2,67,129,183,271,176,2,51,94,131,184,139,0,16,35,52,87,37
2018_3,새말로18길,443,295,148,1,130,147,66,59,40,0,83,107,40,40,25,1,47,40,26,19,15
2018_3,부일로1길,779,627,152,0,40,99,151,259,230,0,27,65,110,212,213,0,13,34,41,47,17
2018_3,부일로15길,181,153,28,0,9,8,18,60,86,0,3,4,12,51,83,0,6,4,6,9,3
2018_3,부일로11길,25,6,19,0,3,5,7,7,3,0,0,1,2,2,1,0,3,4,5,5,2
2018_3,디지털로32길,1053,556,497,2,136,387,213,154,161,2,38,198,122,84,112,0,98,189,91,70,49
2018_3,디지털로32가길,7192,4949,2243,31,1491,2843,1767,674,386,20,727,2039,1370,494,299,11,764,804,397,180,87
2018_3,디지털로27길,389,250,139,0,22,68,103,140,56,0,8,34,59,99,50,0,14,34,44,41,6
2018_3,도림로6길,131,59,72,0,16,33,40,31,11,0,5,14,19,14,7,0,11,19,21,17,4
2018_3,도림로12길,108,43,65,0,25,21,22,32,8,0,5,11,11,10,6,0,20,10,11,22,2
2018_3,남부순환로97길,285,90,195,1,44,51,83,63,43,1,6,11,22,27,23,0,38,40,61,36,20
2018_3,구로중앙로8길,199,73,126,0,16,32,62,55,34,0,4,9,16,21,23,0,12,23,46,34,11
2018_3,구로중앙로7길,197,73,124,0,34,34,47,51,31,0,3,4,17,22,27,0,31,30,30,29,4
2018_3,구로중앙로42길,803,593,210,0,56,135,200,272,140,0,39,102,130,208,114,0,17,33,70,64,26
2018_3,구로중앙로34길,602,335,267,0,41,120,159,160,122,0,10,68,102,90,65,0,31,52,57,70,57
2018_3,구로중앙로28길,3213,1572,1641,3,215,386,590,683,1336,3,94,208,367,385,515,0,121,178,223,298,821
2018_3,구로중앙로19길,10,7,3,0,0,1,3,3,3,0,0,1,2,2,2,0,0,0,1,1,1
2018_3,구로동로8길,152,43,109,0,16,24,41,41,30,0,3,3,16,15,6,0,13,21,25,26,24
2018_3,구로동로7길,171,67,104,0,28,29,42,45,27,0,9,5,14,19,20,0,19,24,28,26,7
2018_3,구로동로42길,26,17,9,0,2,2,9,11,2,0,1,1,5,8,2,0,1,1,4,3,0
2018_3,구로동로41길,433,292,141,0,46,137,143,72,35,0,36,92,89,48,27,0,10,45,54,24,8
2018_3,구로동로38길,36,14,22,0,5,3,10,9,9,0,1,0,5,2,6,0,4,3,5,7,3
2018_3,구로동로28길,169,68,101,0,11,17,56,42,43,0,5,8,21,12,22,0,6,9,35,30,21
2018_3,구로동로15길,31,9,22,0,8,7,3,9,4,0,0,1,1,5,2,0,8,6,2,4,2
2018_3,공원로6가길,288,197,91,1,40,79,79,67,22,0,28,53,54,45,17,1,12,26,25,22,5
2018_3,고척로52길,218,69,149,0,10,26,61,92,29,0,1,7,25,21,15,0,9,19,36,71,14
2018_3,고척로27다길,206,81,125,0,12,33,73,56,32,0,5,13,21,25,17,0,7,20,52,31,15
2018_3,고척로27길,243,113,130,0,28,48,64,82,21,0,6,21,27,47,12,0,22,27,37,35,9
2018_3,고척로21나길,217,63,154,2,17,41,39,63,55,2,2,17,7,12,23,0,15,24,32,51,32
2018_3,경인로47길,919,504,415,1,83,154,233,270,178,1,36,80,137,142,108,0,47,74,96,128,70
2018_3,경인로35길,289,112,177,0,12,52,85,88,52,0,3,18,30,34,27,0,9,34,55,54,25
2018_3,경인로31길,58,22,36,0,5,10,24,16,3,0,3,1,8,7,3,0,2,9,16,9,0
2018_3,경인로15길,143,61,82,0,30,52,32,19,10,0,4,31,13,6,7,0,26,21,19,13,3
2018_3,개봉로3길,225,141,84,0,51,35,59,42,38,0,40,20,25,25,31,0,11,15,34,17,7
2018_3,개봉로2길,480,129,351,0,75,112,147,105,41,0,13,21,45,28,22,0,62,91,102,77,19
2018_3,개봉로23가길,868,501,367,1,90,153,227,209,188,0,46,86,117,118,134,1,44,67,110,91,54
2018_3,개봉로20길,119,68,51,0,7,28,46,24,14,0,4,17,25,12,10,0,3,11,21,12,4
2018_3,개봉로1길,52,27,25,0,9,9,15,7,12,0,4,5,6,5,7,0,5,4,9,2,5
2018_3,개봉로17다길,194,94,100,0,14,30,56,57,37,0,4,14,22,24,30,0,10,16,34,33,7
2018_3,개봉로17길,862,353,509,2,94,151,197,275,143,1,35,82,105,75,55,1,59,69,92,200,88
2018_3,개봉로11길,61,11,50,0,23,11,12,13,2,0,3,2,2,2,2,0,20,9,10,11,0
2018_3,화곡로64길,1601,953,648,3,138,477,487,308,188,2,65,301,322,191,72,1,73,176,165,117,116
2018_3,화곡로59길,480,200,280,0,84,148,140,80,28,0,16,66,56,38,24,0,68,82,84,42,4
2018_3,화곡로44나길,757,621,136,0,23,53,133,246,302,0,12,34,104,210,261,0,11,19,29,36,41
2018_3,화곡로31길,1208,453,755,1,180,236,303,295,193,0,43,92,115,104,99,1,137,144,188,191,94
2018_3,화곡로20길,535,333,202,0,36,92,131,158,118,0,19,49,66,102,97,0,17,43,65,56,21
2018_3,화곡로13길,258,97,161,0,35,57,73,85,8,0,14,13,29,35,6,0,21,44,44,50,2
2018_3,초원로16길,761,297,464,0,72,141,121,109,318,0,26,70,63,55,83,0,46,71,58,54,235
2018_3,초록마을로8길,184,35,149,1,31,41,49,35,27,0,1,5,9,9,11,1,30,36,40,26,16
2018_3,초록마을로3길,42,21,21,0,4,10,8,7,13,0,0,2,7,4,8,0,4,8,1,3,5
2018_3,월정로20길,4,2,2,0,0,0,0,4,0,0,0,0,0,2,0,0,0,0,0,2,0
2018_3,우장산로6길,311,172,139,2,24,44,86,98,57,2,10,28,44,50,38,0,14,16,42,48,19
2018_3,양천로73가길,1260,809,451,3,80,218,334,375,250,3,43,114,213,232,204,0,37,104,121,143,46
2018_3,양천로71길,216,121,95,0,24,52,67,47,26,0,9,35,32,26,19,0,15,17,35,21,7
2018_3,양천로49길,760,595,165,2,43,112,138,224,241,0,20,74,103,184,214,2,23,38,35,40,27
2018_3,양천로26길,174,81,93,0,9,35,50,56,24,0,4,16,20,23,18,0,5,19,30,33,6
2018_3,양천로24길,385,157,228,0,20,57,76,114,118,0,6,35,39,32,45,0,14,22,37,82,73
2018_3,양천로24가길,766,372,394,0,89,155,195,186,141,0,38,86,94,80,74,0,51,69,101,106,67
2018_3,양천로14길,241,161,80,0,9,22,69,80,61,0,5,16,48,49,43,0,4,6,21,31,18
2018_3,방화대로6라길,806,491,315,2,74,191,296,163,80,0,34,119,195,101,42,2,40,72,101,62,38
2018_3,방화대로21길,854,483,371,7,97,172,210,209,159,1,38,84,111,127,122,6,59,88,99,82,37
2018_3,등촌로5길,13,5,8,0,1,5,5,2,0,0,0,2,2,1,0,0,1,3,3,1,0
2018_3,등촌로55길,540,360,180,0,35,76,125,143,161,0,15,45,74,89,137,0,20,31,51,54,24
2018_3,등촌로51길,17,11,6,0,5,2,4,6,0,0,0,1,4,6,0,0,5,1,0,0,0
2018_3,등촌로39길,70,27,43,0,4,15,20,24,7,0,3,6,3,11,4,0,1,9,17,13,3
2018_3,등촌로13길,188,96,92,0,15,38,50,55,30,0,6,20,20,28,22,0,9,18,30,27,8
2018_3,남부순환로11길,378,258,120,1,29,106,121,84,37,1,14,67,79,67,30,0,15,39,42,17,7
2018_3,까치산로4길,152,57,95,0,19,29,25,36,43,0,12,13,9,11,12,0,7,16,16,25,31
2018_3,국회대로7길,412,237,175,3,49,102,92,113,53,0,19,62,56,65,35,3,30,40,36,48,18
2018_3,공항대로8길,226,90,136,0,15,41,57,57,56,0,3,26,26,21,14,0,12,15,31,36,42
2018_3,공항대로61길,185,129,56,3,18,52,68,34,10,3,5,44,45,25,7,0,13,8,23,9,3
2018_3,공항대로59다길,885,632,253,2,97,255,184,177,170,0,44,201,130,133,124,2,53,54,54,44,46
2018_3,공항대로59길,1087,695,392,3,135,239,244,260,206,3,64,127,157,176,168,0,71,112,87,84,38
2018_3,공항대로55길,1095,702,393,2,267,409,229,108,80,0,130,263,173,81,55,2,137,146,56,27,25
2018_3,공항대로42길,9,5,4,0,0,2,0,5,2,0,0,1,0,2,2,0,0,1,0,3,0
2018_3,공항대로38길,273,138,135,0,33,64,69,68,39,0,10,35,34,36,23,0,23,29,35,32,16
2018_3,곰달래로60길,587,312,275,2,64,108,144,151,118,0,25,59,82,72,74,2,39,49,62,79,44
2018_3,곰달래로53길,53,18,35,0,3,12,25,7,6,0,0,7,5,2,4,0,3,5,20,5,2
2018_3,곰달래로47길,38,17,21,0,5,8,13,9,3,0,0,4,7,5,1,0,5,4,6,4,2
2018_3,곰달래로31길,11,7,4,0,1,1,8,1,0,0,1,1,4,1,0,0,0,0,4,0,0
2018_3,곰달래로25길,796,295,501,0,93,122,176,233,172,0,27,51,73,64,80,0,66,71,103,169,92
2018_3,개화동로25길,658,442,216,2,58,132,136,145,185,1,24,75,84,98,160,1,34,57,52,47,25
2018_3,개화동로23길,115,75,40,0,14,16,30,36,19,0,6,13,19,24,13,0,8,3,11,12,6
2018_3,강서로8길,159,85,74,0,27,43,34,31,24,0,15,29,17,11,13,0,12,14,17,20,11
2018_3,강서로5라길,314,185,129,1,41,74,92,74,32,1,27,50,49,38,20,0,14,24,43,36,12
2018_3,강서로5나길,95,50,45,1,9,21,24,20,20,1,4,9,14,10,12,0,5,12,10,10,8
2018_3,강서로5가길,51,26,25,0,1,9,11,19,11,0,1,6,8,6,5,0,0,3,3,13,6
2018_3,강서로47라길,122,60,62,1,14,25,35,35,12,0,7,11,19,17,6,1,7,14,16,18,6
2018_3,강서로47길,370,192,178,0,21,65,103,147,34,0,5,34,43,83,27,0,16,31,60,64,7
2018_3,강서로45다길,554,351,203,0,64,80,115,143,152,0,19,36,65,103,128,0,45,44,50,40,24
2018_3,강서로45길,153,66,87,0,15,20,32,42,44,0,1,9,10,19,27,0,14,11,22,23,17
2018_3,강서로35길,164,94,70,0,18,28,46,50,22,0,8,16,27,30,13,0,10,12,19,20,9
2018_3,강서로29길,410,183,227,0,29,57,108,121,95,0,15,35,58,49,26,0,14,22,50,72,69
2018_3,강서로18길,30,12,18,0,0,7,12,9,2,0,0,3,7,2,0,0,0,4,5,7,2
2018_3,강서로17가길,132,57,75,0,17,38,39,24,14,0,7,17,17,9,7,0,10,21,22,15,7
2018_3,강서로15길,305,155,150,3,36,56,77,82,51,2,20,30,41,34,28,1,16,26,36,48,23
2018_3,가로공원로80길,60,28,32,0,7,12,20,15,6,0,4,4,8,9,3,0,3,8,12,6,3
2018_3,가로공원로76가길,28,11,17,1,4,14,5,2,2,0,2,6,3,0,0,1,2,8,2,2,2
2018_3,화곡로4길,212,81,131,0,19,50,77,46,20,0,5,15,26,20,15,0,14,35,51,26,5
2018_3,화곡로3길,160,51,109,0,23,23,40,54,20,0,2,5,9,19,16,0,21,18,31,35,4
2018_3,지양로7길,234,79,155,0,18,50,79,70,17,0,5,14,16,33,11,0,13,36,63,37,6
2018_3,중앙로55길,349,179,170,0,20,75,125,96,33,0,7,37,59,49,27,0,13,38,66,47,6
2018_3,중앙로51길,128,73,55,0,6,24,38,30,30,0,2,13,18,20,20,0,4,11,20,10,10
2018_3,중앙로47길,118,26,92,0,11,13,17,31,46,0,1,8,5,6,6,0,10,5,12,25,40
2018_3,중앙로45길,166,59,107,0,16,29,34,53,34,0,4,12,12,21,10,0,12,17,22,32,24
2018_3,중앙로36길,2,2,0,0,0,0,0,0,2,0,0,0,0,0,2,0,0,0,0,0,0
2018_3,중앙로32길,594,302,292,5,133,129,129,119,79,2,62,82,75,52,29,3,71,47,54,67,50
2018_3,중앙로25길,244,70,174,0,36,45,67,81,15,0,14,11,16,19,10,0,22,34,51,62,5
2018_3,은행정로7길,521,175,346,2,46,74,83,163,153,2,13,33,37,48,42,0,33,41,46,115,111
2018_3,오목로5길,334,183,151,1,44,85,88,84,32,1,22,51,38,46,25,0,22,34,50,38,7
2018_3,오목로3길,430,400,30,0,1,18,41,154,216,0,1,14,32,144,209,0,0,4,9,10,7
2018_3,오목로30길,145,73,72,0,18,27,39,35,26,0,6,10,18,20,19,0,12,17,21,15,7
2018_3,오목로23길,820,483,337,1,111,235,197,170,106,1,48,151,119,94,70,0,63,84,78,76,36
2018_3,신월로20길,212,81,131,0,26,35,53,54,44,0,8,10,24,19,20,0,18,25,29,35,24
2018_3,신월로15길,771,364,407,1,71,144,189,195,171,0,25,73,83,81,102,1,46,71,106,114,69
2018_3,신목로6길,252,140,112,0,25,38,75,70,44,0,11,19,42,41,27,0,14,19,33,29,17
2018_3,신목로5길,925,354,571,6,74,177,278,254,136,3,25,67,104,85,70,3,49,110,174,169,66
2018_3,신목로2길,94,47,47,0,16,14,26,15,23,0,2,10,13,7,15,0,14,4,13,8,8
2018_3,목동중앙서로8가길,178,110,68,0,4,18,48,57,51,0,2,11,29,35,33,0,2,7,19,22,18
2018_3,목동중앙서로7길,264,86,178,1,25,53,51,73,61,0,6,22,18,21,19,1,19,31,33,52,42
2018_3,목동중앙북로8길,355,110,245,0,1,8,28,63,255,0,1,5,10,11,83,0,0,3,18,52,172
2018_3,목동중앙북로16길,257,80,177,0,25,60,86,60,26,0,5,15,24,22,14,0,20,45,62,38,12
2018_3,목동중앙본로7길,117,51,66,0,19,26,37,28,7,0,7,10,11,17,6,0,12,16,26,11,1
2018_3,목동중앙로3길,111,60,51,0,5,8,28,39,31,0,4,2,12,18,24,0,1,6,16,21,7
2018_3,목동중앙로13나길,293,208,85,0,28,118,75,47,25,0,13,82,57,34,22,0,15,36,18,13,3
2018_3,목동중앙남로3가길,546,364,182,0,35,129,131,160,91,0,16,72,79,124,73,0,19,57,52,36,18
2018_3,목동로9길,2360,1508,852,2,146,479,616,552,565,0,51,226,382,374,475,2,95,253,234,178,90
2018_3,목동로19길,1014,363,651,3,136,194,265,263,153,1,41,70,104,84,63,2,95,124,161,179,90
2018_3,목동동로12길,385,140,245,0,40,73,102,109,61,0,5,22,35,34,44,0,35,51,67,75,17
2018_3,목동남로4길,13,6,7,0,0,0,4,8,1,0,0,0,0,5,1,0,0,0,4,3,0
2018_3,남부순환로88길,272,128,144,0,26,54,72,93,27,0,12,22,35,39,20,0,14,32,37,54,7
2018_3,남부순환로79길,339,249,90,0,17,18,63,119,122,0,10,12,37,89,101,0,7,6,26,30,21
2018_3,남부순환로70길,519,317,202,1,26,74,130,154,134,1,8,34,69,93,112,0,18,40,61,61,22
2018_3,남부순환로58길,198,117,81,0,20,41,46,66,25,0,15,29,27,30,16,0,5,12,19,36,9
2018_3,남부순환로40길,18,5,13,0,1,2,8,4,3,0,0,0,2,2,1,0,1,2,6,2,2
2018_3,남부순환로33길,1247,1018,229,0,33,68,107,122,917,0,12,32,51,62,861,0,21,36,56,60,56
2018_3,곰달래로5길,76,46,30,0,22,22,11,16,5,0,14,18,6,6,2,0,8,4,5,10,3
2018_3,곰달래로3길,403,213,190,1,33,64,122,131,52,0,20,33,56,74,30,1,13,31,66,57,22
2018_3,곰달래로2길,297,157,140,1,40,61,87,81,27,1,14,41,50,40,11,0,26,20,37,41,16
2018_3,곰달래로10길,339,235,104,2,19,39,50,121,108,1,7,27,26,83,91,1,12,12,24,38,17
2018_3,가로공원로58길,76,15,61,0,12,9,25,22,8,0,2,2,5,3,3,0,10,7,20,19,5
2018_3,효창원로93길,86,44,42,0,19,23,26,12,6,0,7,9,18,7,3,0,12,14,8,5,3
2018_3,토정로37길,118,54,64,0,21,23,32,27,15,0,8,11,12,13,10,0,13,12,20,14,5
2018_3,월드컵로8길,1704,905,799,6,215,375,347,285,476,5,70,176,198,132,324,1,145,199,149,153,152
2018_3,월드컵로7길,4,2,2,0,1,1,1,0,1,0,0,0,1,0,1,0,1,1,0,0,0
2018_3,월드컵로36길,151,68,83,0,15,23,33,46,34,0,3,10,13,21,21,0,12,13,20,25,13
2018_3,월드컵로25길,285,165,120,0,40,84,79,48,34,0,19,52,42,28,24,0,21,32,37,20,10
2018_3,월드컵로19길,544,276,268,5,118,141,119,88,73,3,58,77,67,38,33,2,60,64,52,50,40
2018_3,월드컵로16길,3917,2018,1899,14,860,769,734,715,825,7,372,406,379,263,591,7,488,363,355,452,234
2018_3,월드컵로11길,253,91,162,2,65,60,60,42,24,2,27,22,10,16,14,0,38,38,50,26,10
2018_3,월드컵로10길,1552,812,740,2,411,546,336,155,102,0,132,275,218,111,76,2,279,271,118,44,26
2018_3,와우산로3길,180,101,79,0,34,58,47,31,10,0,9,28,35,21,8,0,25,30,12,10,2
2018_3,와우산로29길,171,87,84,0,55,55,32,17,12,0,24,35,17,6,5,0,31,20,15,11,7
2018_3,와우산로29가길,28,16,12,1,5,4,12,6,0,1,1,1,8,5,0,0,4,3,4,1,0
2018_3,양화진길,439,309,130,1,39,128,123,99,49,0,13,84,92,81,39,1,26,44,31,18,10
2018_3,양화로1길,4169,1985,2184,22,882,1533,1169,380,183,6,223,699,704,255,98,16,659,834,465,125,85
2018_3,양화로11길,395,269,126,1,62,113,114,68,37,0,27,77,86,54,25,1,35,36,28,14,12
2018_3,신촌로30길,26,16,10,6,2,4,6,5,3,5,2,2,2,3,2,1,0,2,4,2,1
2018_3,신촌로28가길,105,40,65,0,14,14,32,22,23,0,1,1,15,8,15,0,13,13,17,14,8
2018_3,신촌로12길,1598,696,902,2,347,354,312,284,299,0,208,202,123,70,93,2,139,152,189,214,206
2018_3,숭문길,5291,4015,1276,5,468,916,1210,1540,1152,2,340,758,999,1063,853,3,128,158,211,477,299
2018_3,숭문8길,110,63,47,0,7,25,36,36,6,0,1,4,24,30,4,0,6,21,12,6,2
2018_3,성지3길,479,242,237,0,111,170,114,55,29,0,35,90,64,34,19,0,76,80,50,21,10
2018_3,성산로4길,1732,1032,700,11,324,399,407,376,215,6,112,240,272,254,148,5,212,159,135,122,67
2018_3,성미산로32길,522,259,263,5,143,146,118,71,39,4,65,88,61,21,20,1,78,58,57,50,19
2018_3,성미산로1길,635,489,146,5,54,117,173,122,164,5,36,85,111,93,159,0,18,32,62,29,5
2018_3,성미산로11길,1103,767,336,6,168,361,267,193,108,5,85,241,189,161,86,1,83,120,78,32,22
2018_3,백범로16길,709,363,346,73,255,180,96,74,31,28,112,96,55,50,22,45,143,84,41,24,9
2018_3,방울내로9안길,354,215,139,3,34,67,115,90,45,1,15,31,68,62,38,2,19,36,47,28,7
2018_3,모래내로7길,253,117,136,0,26,44,71,60,52,0,5,18,35,36,23,0,21,26,36,24,29
2018_3,매봉산로2길,4355,2792,1563,5,1369,1842,779,299,61,3,651,1282,613,199,44,2,718,560,166,100,17
2018_3,망원로2길,200,123,77,0,21,53,62,44,20,0,3,29,44,30,17,0,18,24,18,14,3
2018_3,망원로11길,1076,531,545,1,148,258,281,218,170,1,44,118,167,113,88,0,104,140,114,105,82
2018_3,만리재옛길,1471,632,839,9,529,393,294,151,95,2,261,208,72,41,48,7,268,185,222,110,47
2018_3,마포대로4길,181,100,81,1,19,44,42,41,34,1,12,27,25,17,18,0,7,17,17,24,16
2018_3,마포대로20길,1015,551,464,0,99,289,281,229,117,0,33,148,168,140,62,0,66,141,113,89,55
2018_3,마포대로12길,68,36,32,0,7,9,21,19,12,0,2,4,12,11,7,0,5,5,9,8,5
2018_3,동교로38길,193,121,72,1,58,65,47,17,5,0,34,42,29,13,3,1,24,23,18,4,2
2018_3,동교로27길,3631,1645,1986,11,625,975,698,688,634,3,232,531,433,263,183,8,393,444,265,425,451
2018_3,동교로25길,562,284,278,1,133,247,134,38,9,1,40,128,82,27,6,0,93,119,52,11,3
2018_3,동교로19길,4045,2692,1353,10,637,933,1019,945,501,4,259,620,776,673,360,6,378,313,243,272,141
2018_3,동교로17길,690,359,331,1,114,203,198,117,57,0,41,88,127,72,31,1,73,115,71,45,26
2018_3,독막로8길,359,163,196,0,71,115,88,59,26,0,17,53,49,30,14,0,54,62,39,29,12
2018_3,독막로32길,494,208,286,1,66,125,146,111,45,0,21,54,61,43,29,1,45,71,85,68,16
2018_3,독막로22길,97,51,46,0,18,30,19,13,17,0,5,14,10,10,12,0,13,16,9,3,5
2018_3,도화길,992,476,516,8,160,200,220,189,215,5,56,98,120,76,121,3,104,102,100,113,94
2018_3,도화4길,405,132,273,0,39,75,85,115,91,0,8,25,17,27,55,0,31,50,68,88,36
2018_3,대흥로28길,49,42,7,0,4,19,20,5,1,0,3,15,19,4,1,0,1,4,1,1,0
2018_3,대흥로21길,438,83,355,0,51,78,172,91,46,0,14,21,23,10,15,0,37,57,149,81,31
2018_3,광성로6길,179,112,67,0,19,55,43,31,31,0,8,31,27,21,25,0,11,24,16,10,6
2018_3,홍제내길,103,58,45,0,14,23,26,26,14,0,5,17,13,16,7,0,9,6,13,10,7
2018_3,홍연길,82,45,37,0,1,12,28,32,9,0,1,9,18,15,2,0,0,3,10,17,7
2018_3,통일로39길,5,5,0,0,1,1,1,2,0,0,1,1,1,2,0,0,0,0,0,0,0
2018_3,통일로37길,355,135,220,1,68,73,96,72,45,1,18,29,31,35,21,0,50,44,65,37,24
2018_3,통일로11길,9,7,2,0,1,3,3,2,0,0,0,3,2,2,0,0,1,0,1,0,0
2018_3,충정로6길,13115,8020,5095,23,2104,4526,3856,2094,512,9,890,2700,2556,1455,410,14,1214,1826,1300,639,102
2018_3,충정로4길,3082,2015,1067,0,391,1347,975,287,82,0,129,810,750,249,77,0,262,537,225,38,5
2018_3,증가로6길,209,105,104,0,14,33,39,77,46,0,4,18,23,40,20,0,10,15,16,37,26
2018_3,증가로23나길,477,253,224,4,78,126,139,93,37,3,41,72,68,48,21,1,37,54,71,45,16
2018_3,증가로20가길,258,94,164,1,40,65,64,65,23,1,10,23,23,22,15,0,30,42,41,43,8
2018_3,증가로10길,165,83,82,0,18,27,39,40,41,0,1,8,15,24,35,0,17,19,24,16,6
2018_3,응암로1길,389,279,110,0,15,44,101,162,67,0,5,24,68,128,54,0,10,20,33,34,13
2018_3,연희로10길,162,109,53,1,17,26,34,59,25,1,4,19,26,38,21,0,13,7,8,21,4
2018_3,신촌로37길,104,50,54,0,11,11,30,23,29,0,3,2,16,11,18,0,8,9,14,12,11
2018_3,수색로8길,2241,2135,106,0,10,28,55,237,1911,0,7,22,38,217,1851,0,3,6,17,20,60
2018_3,세무서길,336,109,227,0,45,75,82,82,52,0,4,16,27,35,27,0,41,59,55,47,25
2018_3,세검정로1길,276,100,176,1,29,75,75,57,39,0,11,15,18,30,26,1,18,60,57,27,13
2018_3,북아현로4길,432,91,341,1,36,60,78,147,110,0,9,18,16,23,25,1,27,42,62,124,85
2018_3,모래내로15길,126,40,86,0,10,18,35,35,28,0,3,3,12,14,8,0,7,15,23,21,20
2018_3,명지대길,401,292,109,0,39,50,77,119,116,0,18,32,45,92,105,0,21,18,32,27,11
2018_3,독립문로8길,781,307,474,2,142,193,182,171,91,2,39,72,91,57,46,0,103,121,91,114,45
2018_3,가재울로6길,26,18,8,0,5,3,10,2,6,0,2,2,9,1,4,0,3,1,1,1,2
2018_3,통일로92길,93,42,51,1,18,17,21,23,13,1,10,9,10,5,7,0,8,8,11,18,6
2018_3,통일로87길,224,100,124,0,17,37,53,71,46,0,7,18,21,27,27,0,10,19,32,44,19
2018_3,통일로78길,212,59,153,0,34,40,45,35,58,0,4,17,13,7,18,0,30,23,32,28,40
2018_3,진흥로1길,556,172,384,0,84,131,172,123,46,0,17,49,43,34,29,0,67,82,129,89,17
2018_3,진흥로12길,509,214,295,1,43,101,170,113,81,0,13,39,72,44,46,1,30,62,98,69,35
2018_3,증산서길,401,277,124,0,36,60,75,90,140,0,6,31,43,65,132,0,30,29,32,25,8
2018_3,증산로9길,84,27,57,0,13,19,23,25,4,0,5,6,9,4,3,0,8,13,14,21,1
2018_3,증산로5길,747,388,359,1,58,126,171,226,165,0,28,50,66,124,120,1,30,76,105,102,45
2018_3,증산로21길,236,140,96,0,16,34,33,75,78,0,7,13,16,46,58,0,9,21,17,29,20
2018_3,증산로17길,683,298,385,0,40,83,152,176,232,0,13,33,69,90,93,0,27,50,83,86,139
2018_3,증산로15길,230,87,143,0,20,38,51,65,56,0,5,13,18,27,24,0,15,25,33,38,32
2018_3,증산로13길,71,36,35,0,5,11,11,34,10,0,2,8,6,14,6,0,3,3,5,20,4
2018_3,응암로34길,60,38,22,1,7,13,11,17,11,0,4,7,5,11,11,1,3,6,6,6,0
2018_3,응암로22길,187,67,120,0,19,29,49,56,34,0,7,11,20,15,14,0,12,18,29,41,20
2018_3,응암로14길,456,169,287,0,70,92,125,108,61,0,20,25,47,45,32,0,50,67,78,63,29
2018_3,응암로13길,301,129,172,2,52,48,87,78,34,2,28,22,34,28,15,0,24,26,53,50,19
2018_3,응암로12길,198,115,83,1,18,47,54,52,26,1,6,30,30,28,20,0,12,17,24,24,6
2018_3,은평로8길,247,115,132,0,41,36,59,62,49,0,15,21,33,23,23,0,26,15,26,39,26
2018_3,은평로3길,301,104,197,0,43,65,85,69,39,0,12,27,21,18,26,0,31,38,64,51,13
2018_3,은평로20길,6,2,4,0,0,0,3,2,1,0,0,0,0,1,1,0,0,0,3,1,0
2018_3,은평로13길,364,220,144,1,30,55,96,105,77,0,13,34,56,58,59,1,17,21,40,47,18
2018_3,은평로10길,287,144,143,1,29,59,75,65,58,1,10,31,32,34,36,0,19,28,43,31,22
2018_3,연서로5길,41,15,26,0,4,8,14,12,3,0,2,3,4,5,1,0,2,5,10,7,2
2018_3,연서로41길,242,75,167,0,21,59,76,56,30,0,7,21,18,15,14,0,14,38,58,41,16
2018_3,연서로3길,113,46,67,2,15,19,30,34,13,0,8,10,11,11,6,2,7,9,19,23,7
2018_3,연서로34길,150,57,93,2,16,33,39,41,19,2,5,12,13,14,11,0,11,21,26,27,8
2018_3,연서로33길,33,13,20,0,5,11,8,6,3,0,1,4,4,3,1,0,4,7,4,3,2
2018_3,연서로29길,300,93,207,1,39,70,91,71,28,1,5,27,22,24,14,0,34,43,69,47,14
2018_3,연서로28길,732,356,376,2,106,145,171,154,154,1,53,72,89,66,75,1,53,73,82,88,79
2018_3,연서로27길,82,23,59,1,15,16,22,19,9,1,1,5,4,6,6,0,14,11,18,13,3
2018_3,연서로21길,290,156,134,0,30,49,97,78,36,0,16,33,46,39,22,0,14,16,51,39,14
2018_3,연서로17길,1155,339,816,3,188,218,273,298,175,3,39,95,94,50,58,0,149,123,179,248,117
2018_3,연서로16길,263,103,160,0,49,70,58,63,23,0,13,23,28,25,14,0,36,47,30,38,9
2018_3,연서로13길,693,206,487,6,78,157,197,193,62,0,19,63,69,35,20,6,59,94,128,158,42
2018_3,연서로11길,239,111,128,0,18,44,72,76,29,0,10,17,37,30,17,0,8,27,35,46,12
2018_3,역말로9길,20,14,6,0,1,7,7,2,3,0,1,5,5,1,2,0,0,2,2,1,1
2018_3,수색로18길,37,22,15,0,4,9,8,11,5,0,2,4,3,9,4,0,2,5,5,2,1
2018_3,서오릉로8길,14,2,12,0,4,5,3,2,0,0,0,2,0,0,0,0,4,3,3,2,0
2018_3,서오릉로21길,411,99,312,0,30,50,93,92,146,0,6,8,30,19,36,0,24,42,63,73,110
2018_3,불광천길,200,99,101,1,20,41,36,68,34,1,10,19,20,30,19,0,10,22,16,38,15
2018_3,갈현로7길,913,265,648,0,167,231,199,216,100,0,49,79,65,45,27,0,118,152,134,171,73
2018_3,갈현로41길,123,50,73,0,10,23,29,31,30,0,3,13,10,16,8,0,7,10,19,15,22
2018_3,갈현로33길,37,8,29,0,6,7,9,13,2,0,0,2,2,2,2,0,6,5,7,11,0
2018_3,갈현로1길,203,88,115,0,24,41,51,42,45,0,13,26,21,8,20,0,11,15,30,34,25
2018_3,가좌로7길,57,25,32,0,9,8,16,12,12,0,1,2,6,6,10,0,8,6,10,6,2
2018_3,한글비석로44길,397,211,186,0,24,60,80,127,106,0,5,36,32,64,74,0,19,24,48,63,32
2018_3,한글비석로24길,409,160,249,0,22,51,86,129,121,0,4,28,36,40,52,0,18,23,50,89,69
2018_3,한글비석로22길,782,353,429,4,72,145,191,221,149,1,19,77,90,97,69,3,53,68,101,124,80
2018_3,석계로1길,110,58,52,0,6,10,38,33,23,0,3,6,21,18,10,0,3,4,17,15,13
2018_3,상계로9가길,305,104,201,0,38,52,84,77,54,0,6,18,28,27,25,0,32,34,56,50,29
2018_3,상계로12길,19,12,7,0,0,0,6,11,2,0,0,0,4,6,2,0,0,0,2,5,0
2018_3,동일로242길,244,161,83,0,8,29,59,56,92,0,5,14,36,32,74,0,3,15,23,24,18
2018_3,동일로192길,458,202,256,0,36,67,101,138,116,0,16,37,47,54,48,0,20,30,54,84,68
2018_3,동일로173가길,2867,1654,1213,9,337,545,728,753,495,6,173,418,442,315,300,3,164,127,286,438,195
2018_3,공릉로58길,148,51,97,0,7,15,44,49,33,0,4,9,14,14,10,0,3,6,30,35,23
2018_3,해등로16길,75,59,16,1,3,17,34,14,6,1,2,14,25,13,4,0,1,3,9,1,2
2018_3,우이천로4다길,191,115,76,2,17,32,44,67,29,2,7,19,23,43,21,0,10,13,21,24,8
2018_3,우이천로32길,91,56,35,0,10,22,24,24,11,0,3,18,13,14,8,0,7,4,11,10,3
2018_3,시루봉로23길,49,22,27,0,6,13,17,7,6,0,1,8,6,3,4,0,5,5,11,4,2
2018_3,삼양로144길,73,55,18,0,6,15,19,19,14,0,4,13,10,15,13,0,2,2,9,4,1
2018_3,방학로6가길,202,109,93,0,13,33,63,59,34,0,3,16,33,31,26,0,10,17,30,28,8
2018_3,방학로5길,137,70,67,1,15,17,28,44,32,0,14,10,13,20,13,1,1,7,15,24,19
2018_3,방학로15길,304,193,111,0,22,26,58,108,90,0,4,10,31,70,78,0,18,16,27,38,12
2018_3,방학로10길,215,104,111,0,14,18,26,49,108,0,7,11,8,18,60,0,7,7,18,31,48
2018_3,도봉산4길,320,277,43,0,6,17,86,142,69,0,4,13,78,126,56,0,2,4,8,16,13
2018_3,도봉로181길,185,82,103,2,21,36,49,54,23,1,8,18,20,20,15,1,13,18,29,34,8
2018_3,도봉로169나길,272,104,168,0,28,47,53,91,53,0,8,20,23,34,19,0,20,27,30,57,34
2018_3,도봉로156길,282,144,138,2,41,73,74,52,40,1,21,36,39,24,23,1,20,37,35,28,17
2018_3,도봉로152가길,423,345,78,0,15,31,60,153,164,0,3,20,42,135,145,0,12,11,18,18,19
2018_3,도봉로147길,557,320,237,2,48,127,129,165,86,0,20,91,90,87,32,2,28,36,39,78,54
2018_3,도봉로114길,567,199,368,2,107,141,125,138,54,1,20,52,45,52,29,1,87,89,80,86,25
2018_3,도봉로109길,30,9,21,0,8,1,8,6,7,0,3,0,1,0,5,0,5,1,7,6,2
2018_3,도당로29길,870,509,361,7,144,219,211,178,111,6,60,132,107,109,95,1,84,87,104,69,16
2018_3,도당로19길,190,99,91,0,18,30,66,58,18,0,8,18,33,31,9,0,10,12,33,27,9
2018_3,도당로13바길,205,77,128,1,19,32,57,61,35,0,4,21,20,14,18,1,15,11,37,47,17
2018_3,도당로13가길,155,66,89,0,14,28,39,46,28,0,5,12,19,18,12,0,9,16,20,28,16
2018_3,덕릉로60길,90,54,36,0,10,17,31,23,9,0,4,10,19,14,7,0,6,7,12,9,2
2018_3,노해로63다길,649,261,388,1,93,175,157,144,79,0,19,83,76,48,35,1,74,92,81,96,44
2018_3,노해로60길,325,140,185,1,48,70,86,83,37,0,10,30,38,41,21,1,38,40,48,42,16
2018_3,한천로140길,111,51,60,0,3,23,23,34,28,0,0,12,11,12,16,0,3,11,12,22,12
2018_3,한천로139가길,50,29,21,0,5,10,22,9,4,0,3,7,12,5,2,0,2,3,10,4,2
2018_3,한천로132길,332,132,200,2,54,72,70,76,58,1,13,32,29,29,28,1,41,40,41,47,30
2018_3,한천로130길,279,120,159,0,36,72,82,71,18,0,10,24,36,38,12,0,26,48,46,33,6
2018_3,한천로124나길,111,65,46,0,8,17,30,33,23,0,4,13,14,18,16,0,4,4,16,15,7
2018_3,한천로109길,608,267,341,3,113,121,162,151,58,2,42,50,77,64,32,1,71,71,85,87,26
2018_3,인수봉로79길,158,41,117,0,19,48,40,35,16,0,7,5,10,11,8,0,12,43,30,24,8
2018_3,인수봉로72길,82,37,45,0,11,14,23,19,15,0,2,6,10,9,10,0,9,8,13,10,5
2018_3,오패산로67길,583,286,297,3,71,119,149,142,99,1,24,64,76,71,50,2,47,55,73,71,49
2018_3,오패산로52길,102,36,66,0,13,22,27,27,13,0,6,5,8,10,7,0,7,17,19,17,6
2018_3,오패산로30길,10,6,4,0,0,2,3,4,1,0,0,1,2,2,1,0,0,1,1,2,0
2018_3,수유로12길,236,153,83,0,27,66,61,42,40,0,11,48,39,25,30,0,16,18,22,17,10
2018_3,솔샘로65길,472,202,270,3,39,90,123,144,73,0,6,25,48,71,52,3,33,65,75,73,21
2018_3,솔매로50길,704,274,430,3,81,177,206,174,63,3,23,59,68,75,46,0,58,118,138,99,17
2018_3,솔매로45길,196,90,106,0,17,33,53,58,35,0,8,14,25,29,14,0,9,19,28,29,21
2018_3,솔매로41길,86,21,65,0,12,14,22,28,10,0,2,2,7,5,5,0,10,12,15,23,5
2018_3,삼양로93길,17,4,13,0,0,1,5,10,1,0,0,0,1,2,1,0,0,1,4,8,0
2018_3,삼양로77길,419,147,272,0,45,81,117,113,63,0,18,39,36,34,20,0,27,42,81,79,43
2018_3,삼양로54길,8,4,4,0,0,2,1,5,0,0,0,1,0,3,0,0,0,1,1,2,0
2018_3,삼양로41길,306,141,165,0,24,64,86,84,48,0,10,27,44,34,26,0,14,37,42,50,22
2018_3,삼양로24길,101,51,50,0,12,20,29,20,20,0,8,12,13,7,11,0,4,8,16,13,9
2018_3,삼양로20길,137,48,89,1,15,27,36,45,13,0,1,8,12,16,11,1,14,19,24,29,2
2018_3,삼각산로28길,833,401,432,0,59,148,165,201,260,0,21,68,81,105,126,0,38,80,84,96,134
2018_3,도봉로99길,217,103,114,0,19,40,71,60,27,0,9,19,33,27,15,0,10,21,38,33,12
2018_3,도봉로8길,258,196,62,1,50,73,66,42,26,1,43,66,48,23,15,0,7,7,18,19,11
2018_3,도봉로76길,389,212,177,3,36,60,85,84,121,0,20,35,41,36,80,3,16,25,44,48,41
2018_3,도봉로67길,6,3,3,0,1,0,2,2,1,0,0,0,2,0,1,0,1,0,0,2,0
2018_3,도봉로45길,113,67,46,0,6,10,35,27,35,0,2,9,18,14,24,0,4,1,17,13,11
2018_3,도봉로18길,382,178,204,0,31,63,105,111,72,0,11,36,54,40,37,0,20,27,51,71,35
2018_3,도봉로13길,26,9,17,0,1,3,3,13,6,0,0,1,0,4,4,0,1,2,3,9,2
2018_3,덕릉로41길,794,628,166,0,78,260,172,231,53,0,47,224,140,190,27,0,31,36,32,41,26
2018_3,덕릉로40길,919,715,204,0,71,85,225,350,188,0,45,54,176,299,141,0,26,31,49,51,47
2018_3,노해로33길,32,11,21,0,10,6,7,8,1,0,2,1,2,5,1,0,8,5,5,3,0
2018_3,노해로17길,252,75,177,0,26,35,49,80,62,0,7,18,23,14,13,0,19,17,26,66,49
2018_3,화랑로40길,185,103,82,0,27,42,37,58,21,0,12,20,22,34,15,0,15,22,15,24,6
2018_3,화랑로32길,466,349,117,8,58,172,143,65,20,1,24,139,111,56,18,7,34,33,32,9,2
2018_3,화랑로1길,161,85,76,0,18,32,29,59,23,0,5,18,18,36,8,0,13,14,11,23,15
2018_3,화랑로19길,561,316,245,0,67,111,172,134,77,0,37,48,106,74,51,0,30,63,66,60,26
2018_3,화랑로14길,33,15,18,0,4,6,12,7,4,0,1,2,6,3,3,0,3,4,6,4,1
2018_3,화랑로13길,83,40,43,0,7,18,29,24,5,0,1,8,13,14,4,0,6,10,16,10,1
2018_3,한천로76길,135,77,58,0,7,21,39,37,31,0,4,15,27,18,13,0,3,6,12,19,18
2018_3,한천로101가길,46,28,18,0,3,9,7,18,9,0,2,7,3,11,5,0,1,2,4,7,4
2018_3,창경궁로43길,29,21,8,0,5,4,9,6,5,0,4,4,7,3,3,0,1,0,2,3,2
2018_3,지봉로20길,118,67,51,0,11,26,27,31,23,0,4,11,16,19,17,0,7,15,11,12,6
2018_3,종암로5길,132,88,44,0,12,39,30,31,20,0,9,30,21,16,12,0,3,9,9,15,8
2018_3,종암로24가길,294,137,157,0,51,65,71,71,36,0,19,25,29,40,24,0,32,40,42,31,12
2018_3,종암로21길,250,44,206,1,14,29,56,93,57,0,5,7,16,13,3,1,9,22,40,80,54
2018_3,종암로19길,408,132,276,2,89,67,88,104,58,1,24,34,33,21,19,1,65,33,55,83,39
2018_3,종암로16길,89,38,51,0,10,19,22,19,19,0,1,10,6,8,13,0,9,9,16,11,6
2018_3,정릉로8길,196,116,80,0,32,46,38,49,31,0,14,25,23,28,26,0,18,21,15,21,5
2018_3,정릉로27길,212,95,117,2,35,50,47,49,29,0,18,22,22,16,17,2,17,28,25,33,12
2018_3,장위로50길,685,411,274,1,91,78,138,211,166,0,33,35,89,122,132,1,58,43,49,89,34
2018_3,장월로1길,341,173,168,2,60,89,74,64,52,0,20,50,42,31,30,2,40,39,32,33,22
2018_3,인촌로6길,3273,1916,1357,11,378,577,733,769,805,4,189,388,406,407,522,7,189,189,327,362,283
2018_3,인촌로5길,26,2,24,0,1,2,6,13,4,0,0,0,0,1,1,0,1,2,6,12,3
2018_3,인촌로24길,236,154,82,0,47,74,70,25,20,0,23,63,48,12,8,0,24,11,22,13,12
2018_3,개운사길,3713,2231,1482,9,387,1114,1021,838,344,3,154,520,648,642,264,6,233,594,373,196,80
2018_3,인촌로1길,150,102,48,0,15,42,42,32,19,0,6,27,32,23,14,0,9,15,10,9,5
2018_3,인촌로17가길,3323,1184,2139,0,855,1153,752,461,102,0,162,344,357,241,80,0,693,809,395,220,22
2018_3,오패산로4길,624,194,430,4,111,128,130,142,109,1,33,43,43,33,41,3,78,85,87,109,68
2018_3,오패산로3길,1178,659,519,6,235,279,321,236,101,1,89,167,218,127,57,5,146,112,103,109,44
2018_3,오패산로19길,41,18,23,0,6,17,11,5,2,0,0,10,6,1,1,0,6,7,5,4,1
2018_3,안암로5길,612,379,233,2,84,138,178,128,82,0,33,77,112,93,64,2,51,61,66,35,18
2018_3,아리랑로4길,558,217,341,5,36,94,130,166,127,2,12,33,47,59,64,3,24,61,83,107,63
2018_3,솔샘로6길,154,70,84,0,35,36,42,28,13,0,10,23,19,11,7,0,25,13,23,17,6
2018_3,성북로8길,56,25,31,0,14,18,12,8,4,0,3,7,7,5,3,0,11,11,5,3,1
2018_3,삼양로8길,65,41,24,0,13,14,14,19,5,0,6,9,10,12,4,0,7,5,4,7,1
2018_3,삼선교로16가길,735,419,316,0,167,124,160,203,81,0,83,57,100,126,53,0,84,67,60,77,28
2018_3,삼선교로10다길,94,52,42,0,15,25,25,18,11,0,7,17,12,11,5,0,8,8,13,7,6
2018_3,삼선교로10길,295,123,172,1,41,62,83,64,44,1,15,29,25,32,21,0,26,33,58,32,23
2018_3,보문로32길,1017,413,604,0,292,189,242,203,91,0,25,84,124,125,55,0,267,105,118,78,36
2018_3,보문로31길,702,285,417,1,111,185,168,143,94,0,39,82,70,50,44,1,72,103,98,93,50
2018_3,보문로13길,931,600,331,0,9,25,60,101,736,0,3,13,19,43,522,0,6,12,41,58,214
2018_3,보국문로16길,389,251,138,1,30,47,75,125,111,0,13,31,44,89,74,1,17,16,31,36,37
2018_3,동소문로26가길,230,109,121,1,39,47,54,47,42,1,12,22,28,27,19,0,27,25,26,20,23
2018_3,동소문로15길,128,57,71,0,25,46,37,16,4,0,7,24,20,4,2,0,18,22,17,12,2
2018_3,동소문로13길,435,223,212,0,80,112,112,67,64,0,24,58,66,36,39,0,56,54,46,31,25
2018_3,돌곶이로8길,182,87,95,0,18,46,62,35,21,0,5,18,31,23,10,0,13,28,31,12,11
2018_3,돌곶이로41길,43,20,23,0,3,9,13,15,3,0,0,5,6,7,2,0,3,4,7,8,1
2018_3,돌곶이로28길,227,143,84,0,38,72,64,33,20,0,17,57,40,18,11,0,21,15,24,15,9
2018_3,돌곶이로27길,71,45,26,0,7,11,13,27,13,0,4,6,8,18,9,0,3,5,5,9,4
2018_3,돌곶이로22길,132,68,64,0,19,28,29,31,25,0,4,14,17,13,20,0,15,14,12,18,5
2018_3,길음로7길,8,5,3,0,0,2,4,0,2,0,0,1,3,0,1,0,0,1,1,0,1
2018_3,중랑천로10길,770,382,388,9,174,157,203,134,93,5,81,66,105,71,54,4,93,91,98,63,39
2018_3,용마산로94길,456,279,177,0,87,46,120,137,66,0,43,26,66,91,53,0,44,20,54,46,13
2018_3,용마산로118길,566,275,291,0,75,126,163,118,84,0,25,62,75,62,51,0,50,64,88,56,33
2018_3,용마산로112길,356,151,205,0,40,50,73,93,100,0,15,26,30,35,45,0,25,24,43,58,55
2018_3,용마산로100길,433,294,139,0,36,41,69,130,157,0,5,13,38,101,137,0,31,28,31,29,20
2018_3,신내로7가길,276,67,209,0,35,56,74,81,30,0,5,10,15,25,12,0,30,46,59,56,18
2018_3,사가정로54길,135,46,89,2,30,23,33,28,19,0,7,5,13,11,10,2,23,18,20,17,9
2018_3,사가정로42길,84,24,60,0,1,10,17,26,30,0,1,0,4,7,12,0,0,10,13,19,18
2018_3,봉화산로56길,558,151,407,2,66,91,109,180,110,1,23,43,33,31,20,1,43,48,76,149,90
2018_3,봉화산로4길,412,158,254,0,31,55,116,140,70,0,9,31,51,38,29,0,22,24,65,102,41
2018_3,봉화산로30길,354,217,137,0,31,43,93,109,78,0,10,17,53,70,67,0,21,26,40,39,11
2018_3,봉우재로33길,114,43,71,0,36,24,15,27,12,0,19,7,5,5,7,0,17,17,10,22,5
2018_3,면목로78길,254,146,108,0,21,38,76,75,44,0,8,25,42,38,33,0,13,13,34,37,11
2018_3,면목로56길,205,154,51,0,12,30,38,69,56,0,3,13,27,58,53,0,9,17,11,11,3
2018_3,면목로55길,364,109,255,1,40,62,94,110,57,0,4,22,32,32,19,1,36,40,62,78,38
2018_3,면목로49길,545,182,363,0,159,189,122,60,15,0,21,68,55,28,10,0,138,121,67,32,5
2018_3,면목로48길,122,61,61,0,21,22,35,29,15,0,14,14,16,11,6,0,7,8,19,18,9
2018_3,면목로45길,67,30,37,0,9,18,22,8,10,0,4,4,12,3,7,0,5,14,10,5,3
2018_3,면목로33길,405,163,242,2,47,88,109,109,50,0,11,35,41,43,33,2,36,53,68,66,17
2018_3,면목로21길,32,25,7,0,1,4,13,8,6,0,0,4,10,5,6,0,1,0,3,3,0
2018_3,망우로73길,8,4,4,0,0,0,4,3,1,0,0,0,2,1,1,0,0,0,2,2,0
2018_3,망우로68길,83,28,55,0,14,18,24,20,7,0,0,4,7,12,5,0,14,14,17,8,2
2018_3,동일로163길,90,57,33,0,12,19,30,19,10,0,5,15,17,15,5,0,7,4,13,4,5
2018_3,동일로157길,223,122,101,0,30,46,65,56,26,0,8,27,39,32,16,0,22,19,26,24,10
2018_3,동일로149길,1154,859,295,0,168,329,289,307,61,0,121,232,215,247,44,0,47,97,74,60,17
2018_3,동일로140길,189,84,105,2,16,40,51,56,24,1,6,19,23,23,12,1,10,21,28,33,12
2018_3,동일로139길,64,35,29,0,5,11,20,19,9,0,1,7,10,15,2,0,4,4,10,4,7
2018_3,동일로139가길,1207,688,519,0,95,190,214,186,522,0,39,97,119,74,359,0,56,93,95,112,163
2018_3,동일로130길,118,46,72,0,11,23,35,33,16,0,5,9,9,13,10,0,6,14,26,20,6
2018_3,동일로123길,184,96,88,0,29,33,54,42,26,0,15,20,23,23,15,0,14,13,31,19,11
2018_3,동일로112길,156,71,85,0,13,22,43,49,29,0,5,9,12,27,18,0,8,13,31,22,11
2018_3,동일로101길,289,116,173,0,30,56,75,87,41,0,9,23,35,28,21,0,21,33,40,59,20
2018_3,동일로100길,74,36,38,0,2,4,3,26,39,0,2,3,0,10,21,0,0,1,3,16,18
2018_3,답십리로75길,106,55,51,0,14,21,37,23,11,0,4,10,19,15,7,0,10,11,18,8,4
2018_3,공릉로2길,665,299,366,3,88,151,159,152,112,1,25,62,73,78,60,2,63,89,86,74,52
2018_3,공릉로12가길,28,19,9,0,5,4,6,4,9,0,2,3,4,3,7,0,3,1,2,1,2
2018_3,겸재로54길,107,44,63,0,8,15,26,43,15,0,3,9,10,14,8,0,5,6,16,29,7
2018_3,겸재로36길,242,195,47,0,11,15,40,88,88,0,4,11,34,68,78,0,7,4,6,20,10
2018_3,겸재로29길,449,182,267,1,55,81,134,118,60,0,12,32,55,52,31,1,43,49,79,66,29
2018_3,휘경로3길,232,114,118,3,54,58,55,43,19,2,20,30,32,21,9,1,34,28,23,22,10
2018_3,휘경로2길,9,2,7,0,4,2,2,1,0,0,0,0,1,1,0,0,4,2,1,0,0
2018_3,휘경로23길,19,4,15,0,3,3,10,3,0,0,1,2,1,0,0,0,2,1,9,3,0
2018_3,휘경로14길,128,46,82,0,5,4,18,24,77,0,2,2,6,9,27,0,3,2,12,15,50
2018_3,한천로46길,323,95,228,3,36,49,103,90,42,2,7,16,26,23,21,1,29,33,77,67,21
2018_3,한천로40길,302,150,152,0,23,45,83,98,53,0,13,28,38,47,24,0,10,17,45,51,29
2018_3,한천로33길,81,40,41,0,10,23,14,16,18,0,7,13,8,7,5,0,3,10,6,9,13
2018_3,한천로14길,584,344,240,1,70,122,148,154,89,1,36,78,98,79,52,0,34,44,50,75,37
2018_3,천호대로97길,343,218,125,1,34,66,93,97,52,0,11,44,58,65,40,1,23,22,35,32,12
2018_3,천호대로77길,2055,1049,1006,5,172,357,378,449,694,3,72,197,228,222,327,2,100,160,150,227,367
2018_3,천호대로45길,122,66,56,0,7,16,27,34,38,0,3,9,17,15,22,0,4,7,10,19,16
2018_3,천호대로17길,2257,1465,792,7,289,517,447,451,546,7,112,314,271,312,449,0,177,203,176,139,97
2018_3,천호대로12길,806,529,277,5,158,228,170,169,76,2,88,151,113,123,52,3,70,77,57,46,24
2018_3,천장산로7길,1481,901,580,0,99,338,458,421,165,0,27,155,276,309,134,0,72,183,182,112,31
2018_3,제기로5길,224,95,129,0,7,25,58,76,58,0,2,22,30,23,18,0,5,3,28,53,40
2018_3,제기로21길,232,153,79,0,29,35,73,74,21,0,13,16,54,57,13,0,16,19,19,17,8
2018_3,전농로4길,689,425,264,1,71,170,177,161,109,0,37,105,114,103,66,1,34,65,63,58,43
2018_3,전농로3길,73,36,37,1,13,13,22,17,7,1,5,9,12,6,3,0,8,4,10,11,4
2018_3,전농로29길,321,141,180,1,38,83,102,73,24,0,10,41,43,31,16,1,28,42,59,42,8
2018_3,장한로8길,802,474,328,0,100,146,237,210,109,0,35,71,144,126,98,0,65,75,93,84,11
2018_3,장한로5길,3043,2165,878,11,566,862,699,600,305,2,311,606,539,465,242,9,255,256,160,135,63
2018_3,장한로27길,140,39,101,2,39,33,24,23,19,1,8,10,10,4,6,1,31,23,14,19,13
2018_3,장한로27가길,422,201,221,1,35,58,94,157,77,1,16,39,54,70,21,0,19,19,40,87,56
2018_3,장한로26길,533,253,280,5,70,118,123,127,90,2,18,55,57,67,54,3,52,63,66,60,36
2018_3,장한로26가길,328,151,177,0,40,60,61,110,57,0,18,33,33,40,27,0,22,27,28,70,30
2018_3,장한로25길,1042,478,564,4,139,225,275,250,149,3,36,99,127,127,86,1,103,126,148,123,63
2018_3,장한로14길,184,150,34,0,7,21,47,56,53,0,4,12,34,49,51,0,3,9,13,7,2
2018_3,이문로42길,270,115,155,1,33,60,68,68,40,1,7,18,34,24,31,0,26,42,34,44,9
2018_3,왕산로43길,897,386,511,2,137,230,220,202,106,2,34,94,105,88,63,0,103,136,115,114,43
2018_3,왕산로33길,158,108,50,0,7,19,39,49,44,0,7,15,33,25,28,0,0,4,6,24,16
2018_3,왕산로32길,6,5,1,0,0,0,2,1,3,0,0,0,2,1,2,0,0,0,0,0,1
2018_3,약령시로17길,340,163,177,2,19,65,64,102,88,2,9,39,35,52,26,0,10,26,29,50,62
2018_3,서울시립대로4길,659,356,303,1,131,106,133,165,123,1,82,70,72,75,56,0,49,36,61,90,67
2018_3,서울시립대로29길,221,123,98,1,20,39,62,57,42,0,10,23,32,31,27,1,10,16,30,26,15
2018_3,서울시립대로16길,136,32,104,0,20,31,42,27,16,0,4,4,11,9,4,0,16,27,31,18,12
2018_3,사가정로2길,86,67,19,0,9,21,23,14,19,0,8,17,19,9,14,0,1,4,4,5,5
2018_3,사가정로23가길,98,64,34,0,18,27,21,14,18,0,12,19,10,10,13,0,6,8,11,4,5
2018_3,사가정로13길,278,82,196,0,24,76,79,60,39,0,5,19,27,12,19,0,19,57,52,48,20
2018_3,무학로45길,345,204,141,0,40,83,92,62,68,0,18,47,59,38,42,0,22,36,33,24,26
2018_3,무학로16길,1213,1110,103,0,96,222,403,299,193,0,72,197,373,280,188,0,24,25,30,19,5
2018_3,망우로21길,196,103,93,0,25,39,37,41,54,0,7,16,17,21,42,0,18,23,20,20,12
2018_3,망우로18길,363,121,242,1,88,98,96,58,22,0,16,24,43,28,10,1,72,74,53,30,12
2018_3,망우로18가길,71,30,41,0,15,17,18,12,9,0,8,9,5,4,4,0,7,8,13,8,5
2018_3,답십리로72길,4,2,2,0,0,1,0,2,1,0,0,1,0,1,0,0,0,0,0,1,1
2018_3,답십리로69길,926,401,525,1,145,189,230,224,137,1,50,85,91,87,87,0,95,104,139,137,50
2018_3,답십리로68길,97,60,37,0,7,11,32,27,20,0,3,7,21,15,14,0,4,4,11,12,6
2018_3,답십리로64길,355,213,142,0,50,100,106,56,43,0,23,59,71,32,28,0,27,41,35,24,15
2018_3,답십리로63길,81,50,31,1,10,22,9,31,8,0,6,12,4,20,8,1,4,10,5,11,0
2018_3,답십리로60길,14,6,8,0,1,0,4,7,2,0,0,0,2,3,1,0,1,0,2,4,1
2018_3,답십리로56길,16,13,3,0,1,3,6,4,2,0,1,2,6,3,1,0,0,1,0,1,1
2018_3,답십리로23길,6,4,2,0,0,1,1,4,0,0,0,0,1,3,0,0,0,1,0,1,0
2018_3,난계로30길,131,89,42,2,10,24,31,39,25,0,3,18,19,28,21,2,7,6,12,11,4
2018_3,경희대로3길,289,185,104,1,48,110,69,42,19,0,15,71,55,32,12,1,33,39,14,10,7
2018_3,천호대로129길,230,85,145,0,27,41,76,53,33,0,5,14,32,16,18,0,22,27,44,37,15
2018_3,천호대로123길,294,114,180,0,33,50,60,101,50,0,9,21,20,39,25,0,24,29,40,62,25
2018_3,천호대로109길,1212,662,550,6,196,316,304,241,149,4,90,177,158,131,102,2,106,139,146,110,47
2018_3,자양번영로3길,87,37,50,0,8,12,23,28,16,0,4,5,10,9,9,0,4,7,13,19,7
2018_3,자양로53길,2,1,1,0,0,0,0,2,0,0,0,0,0,1,0,0,0,0,0,1,0
2018_3,자양로50길,24,9,15,1,5,4,4,5,5,1,0,2,1,3,2,0,5,2,3,2,3
2018_3,자양로45길,570,294,276,3,93,139,153,116,66,1,34,73,95,57,34,2,59,66,58,59,32
2018_3,자양로26길,298,112,186,0,24,66,78,75,55,0,4,22,33,29,24,0,20,44,45,46,31
2018_3,자양로15길,331,227,104,0,23,82,76,74,76,0,8,49,44,59,67,0,15,33,32,15,9
2018_3,자양로11길,1347,689,658,5,261,297,319,285,180,1,77,141,184,175,111,4,184,156,135,110,69
2018_3,용마산로3길,1005,588,417,7,104,219,249,252,174,4,54,125,134,142,129,3,50,94,115,110,45
2018_3,용마산로21길,171,84,87,0,24,30,50,49,18,0,6,14,26,25,13,0,18,16,24,24,5
2018_3,아차산로78길,2678,1322,1356,9,500,829,591,464,285,4,142,424,360,233,159,5,358,405,231,231,126
2018_3,아차산로65길,675,447,228,1,87,143,201,165,78,0,37,96,131,120,63,1,50,47,70,45,15
2018_3,아차산로55길,398,219,179,0,48,99,104,94,53,0,23,51,62,52,31,0,25,48,42,42,22
2018_3,아차산로51길,243,144,99,0,23,53,76,52,39,0,13,29,50,27,25,0,10,24,26,25,14
2018_3,아차산로40길,536,306,230,2,105,105,137,108,79,1,45,57,70,64,69,1,60,48,67,44,10
2018_3,면목로17길,272,174,98,0,51,50,74,59,38,0,21,26,50,47,30,0,30,24,24,12,8
2018_3,뚝섬로64길,300,162,138,0,26,67,73,64,70,0,9,25,35,35,58,0,17,42,38,29,12
2018_3,뚝섬로58길,189,61,128,0,9,35,56,66,23,0,1,9,18,20,13,0,8,26,38,46,10
2018_3,뚝섬로54길,152,93,59,0,19,32,47,38,16,0,10,24,25,26,8,0,9,8,22,12,8
2018_3,뚝섬로48길,847,387,460,3,118,177,217,201,131,2,49,76,101,89,70,1,69,101,116,112,61
2018_3,뚝섬로24길,96,30,66,0,12,9,22,41,12,0,3,3,4,12,8,0,9,6,18,29,4
2018_3,뚝섬로23길,110,63,47,0,7,16,30,34,23,0,1,9,14,21,18,0,6,7,16,13,5
2018_3,동일로24길,16,4,12,0,5,4,2,4,1,0,1,1,1,0,1,0,4,3,1,4,0
2018_3,동일로18길,200,84,116,0,37,41,51,51,20,0,14,15,21,21,13,0,23,26,30,30,7
2018_3,능동로4길,236,101,135,0,32,47,58,58,41,0,8,13,29,24,27,0,24,34,29,34,14
2018_3,능동로3길,204,99,105,0,28,28,57,46,45,0,16,16,22,20,25,0,12,12,35,26,20
2018_3,능동로34길,911,509,402,1,136,197,213,178,186,0,52,105,116,103,133,1,84,92,97,75,53
2018_3,능동로19길,324,212,112,0,49,84,76,78,37,0,30,66,45,41,30,0,19,18,31,37,7
2018_3,능동로13길,332,138,194,2,39,63,79,92,57,1,13,27,37,28,32,1,26,36,42,64,25
2018_3,긴고랑로9길,47,24,23,0,5,12,13,11,6,0,2,9,8,4,1,0,3,3,5,7,5
2018_3,긴고랑로8길,224,178,46,0,6,20,39,73,86,0,1,14,26,61,76,0,5,6,13,12,10
2018_3,긴고랑로7길,497,246,251,1,33,110,147,142,64,0,10,66,70,70,30,1,23,44,77,72,34
2018_3,긴고랑로20길,587,283,304,1,59,133,171,136,87,0,17,69,87,71,39,1,42,64,84,65,48
2018_3,광나루로52길,1932,882,1050,8,240,271,258,436,719,8,131,139,128,164,312,0,109,132,130,272,407
2018_3,광나루로40길,137,63,74,1,14,24,30,29,39,0,0,16,20,14,13,1,14,8,10,15,26
2018_3,광나루로37길,306,186,120,0,39,65,85,79,38,0,10,35,49,61,31,0,29,30,36,18,7
2018_3,광나루로36길,50,30,20,0,5,18,12,10,5,0,1,14,8,5,2,0,4,4,4,5,3
2018_3,광나루로24길,83,47,36,0,19,25,15,14,10,0,9,14,10,7,7,0,10,11,5,7,3
2018_3,광나루로12길,1047,586,461,6,190,276,250,214,111,5,95,170,144,93,79,1,95,106,106,121,32
2018_3,한림말길,65,35,30,0,8,10,30,11,6,0,3,4,17,7,4,0,5,6,13,4,2
2018_3,청계천로10나길,1826,1072,754,7,242,500,440,387,250,5,131,323,287,186,140,2,111,177,153,201,110
2018_3,장터길,39,15,24,0,10,10,5,6,8,0,3,3,2,3,4,0,7,7,3,3,4
2018_3,용답중앙길,92,47,45,0,3,22,25,20,22,0,3,13,14,11,6,0,0,9,11,9,16
2018_3,용답29길,1708,902,806,7,177,312,463,398,351,5,93,178,202,196,228,2,84,134,261,202,123
2018_3,왕십리로6길,1457,808,649,3,173,388,385,374,134,3,83,223,200,207,92,0,90,165,185,167,42
2018_3,왕십리로31길,81,42,39,0,2,24,25,11,19,0,0,8,11,6,17,0,2,16,14,5,2
2018_3,왕십리로26길,4069,2485,1584,12,761,824,936,843,693,7,277,560,689,556,396,5,484,264,247,287,297
2018_3,왕십리로21길,196,65,131,2,27,43,52,46,26,2,2,10,20,21,10,0,25,33,32,25,16
2018_3,왕십리로14길,2760,1981,779,3,302,527,643,734,551,2,142,388,483,515,451,1,160,139,160,219,100
2018_3,아차산로5길,2254,1475,779,7,320,543,603,530,251,5,170,378,408,344,170,2,150,165,195,186,81
2018_3,아차산로15길,4423,3129,1294,16,705,1170,1151,898,483,8,389,821,852,641,418,8,316,349,299,257,65
2018_3,아차산로11길,3763,2445,1318,13,621,910,984,841,394,8,322,629,684,511,291,5,299,281,300,330,103
2018_3,송정4가길,1033,447,586,4,149,303,293,168,116,1,36,137,132,69,72,3,113,166,161,99,44
2018_3,송정12라길,266,184,82,0,23,67,60,56,60,0,11,46,36,38,53,0,12,21,24,18,7
2018_3,성수일로6길,2624,1639,985,10,407,708,642,488,369,9,188,447,432,327,236,1,219,261,210,161,133
2018_3,성수이로7길,558,315,243,0,72,122,110,99,155,0,35,70,77,61,72,0,37,52,33,38,83
2018_3,성수이로18길,2355,1649,706,13,308,607,678,539,210,12,160,406,506,398,167,1,148,201,172,141,43
2018_3,성덕정길,897,521,376,14,159,219,215,202,88,2,53,130,126,142,68,12,106,89,89,60,20
2018_3,성덕정17길,234,123,111,0,22,46,59,61,46,0,6,25,28,32,32,0,16,21,31,29,14
2018_3,서울숲2길,1098,643,455,4,148,231,308,246,161,1,54,128,179,154,127,3,94,103,129,92,34
2018_3,상원길,1553,997,556,1,213,448,451,293,147,0,80,306,313,206,92,1,133,142,138,87,55
2018_3,상원12길,170,105,65,0,29,38,48,39,16,0,12,24,32,26,11,0,17,14,16,13,5
2018_3,사근동길,30,18,12,0,4,11,10,3,2,0,3,4,6,3,2,0,1,7,4,0,0
2018_3,무학봉길,5,3,2,0,0,2,1,2,0,0,0,0,1,2,0,0,0,2,0,0,0
2018_3,무학봉28길,134,60,74,0,14,32,32,32,24,0,4,9,14,18,15,0,10,23,18,14,9
2018_3,무학로6길,387,216,171,1,41,57,105,109,74,1,19,34,59,61,42,0,22,23,46,48,32
2018_3,무수막길,153,74,79,0,30,37,29,36,21,0,10,24,13,14,13,0,20,13,16,22,8
2018_3,매봉길,10,7,3,0,1,1,3,2,3,0,1,1,1,2,2,0,0,0,2,0,1
2018_3,마조로1길,216,79,137,0,27,47,75,56,11,0,10,16,26,18,9,0,17,31,49,38,2
2018_3,마조로16길,839,589,250,3,67,159,207,248,155,1,29,107,146,175,131,2,38,52,61,73,24
2018_3,마장로39길,107,51,56,0,14,14,32,39,8,0,5,9,19,15,3,0,9,5,13,24,5
2018_3,마장로27길,77,22,55,0,13,19,21,19,5,0,2,3,5,9,3,0,11,16,16,10,2
2018_3,둘레9길,391,231,160,1,42,91,112,100,45,1,23,48,66,57,36,0,19,43,46,43,9
2018_3,금호산길,436,156,280,1,58,94,115,116,52,0,16,36,35,43,26,1,42,58,80,73,26
2018_3,금호산2길,36,12,24,0,3,9,13,7,4,0,0,4,2,3,3,0,3,5,11,4,1
2018_3,고산자로6길,9832,3564,6268,12,910,1707,2991,3681,531,6,532,1113,996,549,368,6,378,594,1995,3132,163
2018_3,후암로28길,209,92,117,1,45,39,58,48,18,0,13,17,27,22,13,1,32,22,31,26,5
2018_3,효창원로39길,57,31,26,0,7,12,20,17,1,0,2,9,14,6,0,0,5,3,6,11,1
2018_3,회나무로13길,85,46,39,0,31,31,11,8,4,0,17,17,7,2,3,0,14,14,4,6,1
2018_3,한남대로20길,772,432,340,5,157,249,194,92,75,4,61,138,116,61,52,1,96,111,78,31,23
2018_3,한강대로7길,491,331,160,3,53,90,97,85,163,2,35,67,78,58,91,1,18,23,19,27,72
2018_3,한강대로62길,742,505,237,0,117,159,174,181,111,0,78,110,124,112,81,0,39,49,50,69,30
2018_3,한강대로52길,1146,735,411,7,211,369,282,165,112,2,88,226,206,124,89,5,123,143,76,41,23
2018_3,한강대로43길,5969,3751,2218,6,881,1512,1596,1228,746,2,405,967,1116,779,482,4,476,545,480,449,264
2018_3,한강대로15길,1230,345,885,6,484,458,128,89,65,0,63,101,70,67,44,6,421,357,58,22,21
2018_3,한강대로104길,11313,4081,7232,73,6404,2304,1335,648,549,12,827,1394,1023,476,349,61,5577,910,312,172,200
2018_3,청파로73길,1175,614,561,3,133,334,316,256,133,1,55,149,141,153,115,2,78,185,175,103,18
2018_3,청파로71길,228,112,116,0,31,46,76,62,13,0,8,22,28,45,9,0,23,24,48,17,4
2018_3,청파로47나길,171,97,74,0,31,40,42,29,29,0,13,21,28,18,17,0,18,19,14,11,12
2018_3,청파로47길,969,423,546,3,154,238,252,221,101,0,58,104,114,92,55,3,96,134,138,129,46
2018_3,장문로45길,55,13,42,0,5,17,11,15,7,0,1,3,4,4,1,0,4,14,7,11,6
2018_3,이태원로54길,2259,1093,1166,8,590,664,534,370,93,4,301,414,243,81,50,4,289,250,291,289,43
2018_3,이태원로27길,629,356,273,2,252,160,90,69,56,1,133,103,47,40,32,1,119,57,43,29,24
2018_3,이촌로22길,279,165,114,0,67,53,57,57,45,0,38,28,30,37,32,0,29,25,27,20,13
2018_3,원효로89길,893,734,159,0,144,365,193,148,43,0,108,290,167,132,37,0,36,75,26,16,6
2018_3,원효로53길,867,532,335,3,88,226,226,188,136,1,37,135,152,125,82,2,51,91,74,63,54
2018_3,원효로41길,1490,1016,474,11,239,497,402,213,128,7,145,354,295,131,84,4,94,143,107,82,44
2018_3,원효로19길,1038,733,305,1,164,326,306,147,94,0,92,241,241,102,57,1,72,85,65,45,37
2018_3,우사단로4길,152,91,61,0,17,20,31,53,31,0,5,4,13,42,27,0,12,16,18,11,4
2018_3,우사단로14길,1886,905,981,6,287,845,503,172,73,2,71,378,331,106,17,4,216,467,172,66,56
2018_3,우사단로10길,87,39,48,0,14,22,18,21,12,0,1,12,6,14,6,0,13,10,12,7,6
2018_3,신흥로20길,216,93,123,1,45,55,62,32,21,0,13,27,26,13,14,1,32,28,36,19,7
2018_3,소월로20길,136,53,83,2,28,33,38,24,11,1,10,11,10,12,9,1,18,22,28,12,2
2018_3,서빙고로71길,469,283,186,0,49,110,129,92,89,0,24,48,58,74,79,0,25,62,71,18,10
2018_3,백범로90길,256,155,101,0,17,44,77,69,49,0,9,26,44,43,33,0,8,18,33,26,16
2018_3,백범로79길,725,440,285,1,87,182,191,150,114,0,28,104,127,99,82,1,59,78,64,51,32
2018_3,두텁바위로1길,2758,1484,1274,17,567,761,670,465,278,10,193,375,378,314,214,7,374,386,292,151,64
2018_3,대사관로34길,291,142,149,0,46,72,63,65,45,0,15,39,31,33,24,0,31,33,32,32,21
2018_3,녹사평대로46길,74,46,28,0,25,28,13,7,1,0,17,17,9,2,1,0,8,11,4,5,0
2018_3,녹사평대로40나길,65,29,36,0,26,15,11,11,2,0,9,8,6,4,2,0,17,7,5,7,0
2018_3,녹사평대로32길,389,218,171,1,65,79,64,76,104,0,39,42,27,39,71,1,26,37,37,37,33
2018_3,녹사평대로26길,2081,1090,991,0,223,565,517,555,221,0,63,223,249,399,156,0,160,342,268,156,65
2018_3,녹사평대로11길,267,175,92,2,32,69,95,48,21,2,17,38,68,33,17,0,15,31,27,15,4
2018_3,퇴계로90길,599,220,379,2,83,143,132,146,93,1,32,50,53,46,38,1,51,93,79,100,55
2018_3,퇴계로8길,2397,1293,1104,5,405,764,645,368,210,1,122,429,390,213,138,4,283,335,255,155,72
2018_3,퇴계로56길,1285,1042,243,1,115,426,369,208,166,0,74,345,331,164,128,1,41,81,38,44,38
2018_3,퇴계로46길,2119,1001,1118,3,376,547,539,460,194,0,76,193,259,316,157,3,300,354,280,144,37
2018_3,퇴계로18길,3099,1354,1745,13,582,798,684,606,416,2,186,414,346,220,186,11,396,384,338,386,230
2018_3,퇴계로12길,1154,488,666,6,238,307,220,250,133,0,41,117,109,138,83,6,197,190,111,112,50
2018_3,청구로1길,250,84,166,0,58,47,50,60,35,0,14,24,20,18,8,0,44,23,30,42,27
2018_3,청구로17길,1721,804,917,4,385,619,362,227,124,0,76,260,197,171,100,4,309,359,165,56,24
2018_3,장충단로8길,3242,1195,2047,12,1130,862,584,346,308,3,246,310,299,188,149,9,884,552,285,158,159
2018_3,삼일대로4길,957,571,386,5,134,250,244,170,154,0,50,133,171,105,112,5,84,117,73,65,42
2018_3,명동길,36306,17786,18520,66,5013,13799,10352,5783,1293,19,1720,5976,5440,3770,861,47,3293,7823,4912,2013,432
2018_3,동호로20길,854,337,517,11,277,243,156,110,57,2,105,82,67,47,34,9,172,161,89,63,23
2018_3,동호로15길,4108,2168,1940,6,1596,1349,737,308,112,3,612,748,527,208,70,3,984,601,210,100,42
2018_3,동호로11길,17,11,6,0,1,1,6,7,2,0,1,0,4,5,1,0,0,1,2,2,1
2018_3,동호로10길,1587,702,885,6,338,439,348,320,136,3,101,190,183,157,68,3,237,249,165,163,68
2018_3,다산로39길,1339,742,597,1,132,284,315,386,221,0,67,191,173,204,107,1,65,93,142,182,114
2018_3,다산로38길,1628,724,904,7,502,469,333,213,104,5,148,214,171,121,65,2,354,255,162,92,39
2018_3,다산로36길,70,42,28,0,10,17,15,22,6,0,5,11,9,13,4,0,5,6,6,9,2
2018_3,다산로33길,396,202,194,1,75,81,95,101,43,0,35,48,50,42,27,1,40,33,45,59,16
2018_3,난계로21길,252,160,92,1,36,48,80,65,22,1,14,29,58,42,16,0,22,19,22,23,6
2018_3,난계로11길,1823,1066,757,4,357,503,358,332,269,0,182,304,229,191,160,4,175,199,129,141,109
2018_3,필운대로1길,4,1,3,0,0,2,2,0,0,0,0,0,1,0,0,0,0,2,1,0,0
2018_3,평창길,206,101,105,0,31,49,50,51,25,0,5,28,30,23,15,0,26,21,20,28,10
2018_3,통일로12길,236,94,142,0,17,58,66,79,16,0,3,12,32,36,11,0,14,46,34,43,5
2018_3,창신길,271,69,202,0,28,33,35,105,70,0,9,13,13,22,12,0,19,20,22,83,58
2018_3,창신5길,8,3,5,0,0,0,4,2,2,0,0,0,1,1,1,0,0,0,3,1,1
2018_3,창신2길,56,26,30,0,3,5,12,27,9,0,2,4,6,10,4,0,1,1,6,17,5
2018_3,창경궁로35길,1114,326,788,2,234,297,352,185,44,0,24,87,113,71,31,2,210,210,239,114,13
2018_3,지봉로8길,195,97,98,0,22,38,58,53,24,0,9,21,25,31,11,0,13,17,33,22,13
2018_3,종로65길,486,250,236,1,63,102,127,99,94,1,26,50,59,49,65,0,37,52,68,50,29
2018_3,자하문로7길,624,398,226,0,103,191,172,94,64,0,58,124,106,62,48,0,45,67,66,32,16
2018_3,이화장길,1996,960,1036,1,341,572,527,406,149,0,129,224,279,236,92,1,212,348,248,170,57
2018_3,율곡로16길,103,90,13,0,9,30,21,29,14,0,7,27,20,26,10,0,2,3,1,3,4
2018_3,율곡로10길,2228,1612,616,3,289,694,650,372,220,2,150,521,508,265,166,1,139,173,142,107,54
2018_3,옥인길,469,195,274,0,78,107,140,109,35,0,15,34,73,55,18,0,63,73,67,54,17
2018_3,숭인동길,24,5,19,0,3,0,6,6,9,0,0,0,3,2,0,0,3,0,3,4,9
2018_3,성균관로5길,133,82,51,0,13,10,11,16,83,0,4,5,5,6,62,0,9,5,6,10,21
2018_3,삼청로5길,449,169,280,1,109,131,93,71,44,0,25,47,45,31,21,1,84,84,48,40,23
2018_3,북촌로5나길,1693,1128,565,3,130,486,588,407,79,1,49,308,423,297,50,2,81,178,165,110,29
2018_3,북촌로5길,57,24,33,0,3,15,12,15,12,0,1,6,5,5,7,0,2,9,7,10,5
2018_3,북촌로11길,12,5,7,0,6,2,0,2,2,0,1,1,0,2,1,0,5,1,0,0,1
2018_3,백석동길,139,73,66,0,27,38,27,29,18,0,11,16,13,19,14,0,16,22,14,10,4
2018_3,명륜길,18,8,10,0,5,9,3,1,0,0,1,5,2,0,0,0,4,4,1,1,0
2018_3,돈화문로11가길,1048,569,479,0,157,246,272,224,149,0,42,112,165,135,115,0,115,134,107,89,34
2018_3,계동길,829,356,473,4,176,244,175,163,67,4,52,89,76,85,50,0,124,155,99,78,17
2018_2,강남 마이스 관광특구,22562,12970,9592,134,5387,7829,5600,2673,939,50,1825,4433,3940,2047,675,84,3562,3396,1660,626,264
2018_2,잠실 관광특구,30675,17928,12747,146,5724,7561,6724,6446,4074,69,2849,4805,4043,3653,2509,77,2875,2756,2681,2793,1565
2018_2,종로·청계 관광특구,31692,19002,12690,88,4453,9415,8633,6762,2341,35,1806,4890,5756,5081,1434,53,2647,4525,2877,1681,907
2018_2,동대문패션타운 관광특구,10568,5953,4615,18,2407,3346,2305,1601,891,12,1269,1899,1353,894,526,6,1138,1447,952,707,365
2018_2,명동 남대문 북창동 다동 무교동 관광특구,158818,77955,80863,586,34277,52798,41310,23186,6661,148,10471,23876,23836,15266,4358,438,23806,28922,17474,7920,2303
2018_2,이태원 관광특구,5857,3193,2664,32,1556,1641,1111,954,563,12,734,905,590,599,353,20,822,736,521,355,210
2018_2,길동복조리시장,471,321,150,1,47,95,139,106,83,0,30,61,93,77,60,1,17,34,46,29,23
2018_2,둔촌역전통시장,169,79,90,0,12,31,37,48,41,0,4,11,15,21,28,0,8,20,22,27,13
2018_2,성내골목시장,6,2,4,0,0,0,4,1,1,0,0,0,2,0,0,0,0,0,2,1,1
2018_2,천호시장,9,4,5,0,0,2,1,5,1,0,0,1,0,3,0,0,0,1,1,2,1
2018_2,암사종합시장,829,387,442,0,32,59,86,105,547,0,19,29,41,35,263,0,13,30,45,70,284
2018_2,고덕전통시장,400,387,13,0,2,13,50,126,209,0,2,10,43,124,208,0,0,3,7,2,1
2018_2,명일골목시장,531,208,323,1,32,33,62,148,255,1,22,19,17,25,124,0,10,14,45,123,131
2018_2,새마을시장,385,227,158,0,42,97,112,84,50,0,28,67,66,36,30,0,14,30,46,48,20
2018_2,석촌시장,165,98,67,0,19,29,47,39,31,0,10,17,26,24,21,0,9,12,21,15,10
2018_2,방이시장,611,372,239,0,63,188,152,155,53,0,41,154,102,52,23,0,22,34,50,103,30
2018_2,마천시장,216,77,139,1,24,40,64,58,29,1,7,14,20,23,12,0,17,26,44,35,17
2018_2,풍납시장,10,2,8,0,2,1,3,3,1,0,0,0,1,0,1,0,2,1,2,3,0
2018_2,강남개포시장,36,31,5,0,1,0,8,9,18,0,0,0,4,9,18,0,1,0,4,0,0
2018_2,도곡시장,484,215,269,2,82,102,134,97,67,0,21,55,56,44,39,2,61,47,78,53,28
2018_2,영동전통시장,3036,2192,844,20,466,811,833,606,300,12,256,593,682,442,207,8,210,218,151,164,93
2018_2,미성동도깨비시장,409,167,242,1,62,80,128,111,27,0,17,39,58,39,14,1,45,41,70,72,13
2018_2,신신림시장,3,2,1,0,0,0,2,1,0,0,0,0,1,1,0,0,0,0,1,0,0
2018_2,삼성동시장,94,38,56,0,9,18,20,25,22,0,1,9,8,8,12,0,8,9,12,17,10
2018_2,신림중앙시장,12,7,5,0,0,4,2,1,5,0,0,2,2,1,2,0,0,2,0,0,3
2018_2,강남골목시장,262,139,123,0,36,54,68,56,48,0,20,26,34,29,30,0,16,28,34,27,18
2018_2,관악신사시장,171,79,92,0,24,41,47,38,21,0,5,19,24,18,13,0,19,22,23,20,8
2018_2,신원시장,330,124,206,0,31,50,78,88,83,0,11,26,27,31,29,0,20,24,51,57,54
2018_2,인헌시장,204,95,109,0,32,72,50,30,20,0,9,41,26,12,7,0,23,31,24,18,13
2018_2,봉천현대시장,10,4,6,1,0,0,3,3,3,1,0,0,1,1,1,0,0,0,2,2,2
2018_2,봉천제일종합시장,62,31,31,0,3,9,13,29,8,0,1,6,6,12,6,0,2,3,7,17,2
2018_2,낙성대시장,16,9,7,0,1,2,2,9,2,0,1,1,2,5,0,0,0,1,0,4,2
2018_2,중부시장,185,54,131,0,23,33,39,44,46,0,4,11,13,17,9,0,19,22,26,27,37
2018_2,남성역골목시장,563,254,309,0,73,116,146,127,101,0,22,44,66,68,54,0,51,72,80,59,47
2018_2,남성사계시장,1983,874,1109,12,267,400,405,465,434,4,71,187,217,188,207,8,196,213,188,277,227
2018_2,흑석시장,171,54,117,1,24,43,55,34,14,1,5,9,14,13,12,0,19,34,41,21,2
2018_2,상도4동도깨비골목시장,327,84,243,1,65,69,87,74,31,0,16,18,24,15,11,1,49,51,63,59,20
2018_2,영도시장,83,41,42,0,13,19,22,19,10,0,3,8,15,9,6,0,10,11,7,10,4
2018_2,본동인정시장,134,73,61,0,9,33,36,29,27,0,3,15,19,15,21,0,6,18,17,14,6
2018_2,대림중앙시장,20,9,11,0,3,4,4,6,3,0,0,2,2,2,3,0,3,2,2,4,0
2018_2,우리시장,18,9,9,0,2,4,2,9,1,0,0,2,0,6,1,0,2,2,2,3,0
2018_2,영진시장A동,47,41,6,1,4,10,10,14,8,0,4,8,9,14,6,1,0,2,1,0,2
2018_2,사러가시장,34,12,22,0,8,10,9,5,2,0,3,3,2,3,1,0,5,7,7,2,1
2018_2,영등포청과시장,218,143,75,3,24,62,65,42,22,0,13,41,47,28,14,3,11,21,18,14,8
2018_2,영등포전통시장,4063,1979,2084,13,593,1454,1141,584,278,0,168,626,606,392,187,13,425,828,535,192,91
2018_2,은행나무시장,69,14,55,0,6,14,27,14,8,0,2,2,3,3,4,0,4,12,24,11,4
2018_2,현대시장,45,11,34,0,2,6,22,10,5,0,1,1,6,1,2,0,1,5,16,9,3
2018_2,남문시장,271,114,157,1,27,36,67,104,36,1,7,12,25,46,23,0,20,24,42,58,13
2018_2,독산동 우시장,137,58,79,0,13,14,49,40,21,0,7,6,16,15,14,0,6,8,33,25,7
2018_2,개봉중앙시장,10,5,5,0,0,1,1,2,6,0,0,0,1,0,4,0,0,1,0,2,2
2018_2,가리봉시장,16,13,3,0,0,2,5,3,6,0,0,1,5,2,5,0,0,1,0,1,1
2018_2,남구로시장,13,3,10,0,1,0,3,5,4,0,1,0,0,1,1,0,0,0,3,4,3
2018_2,구로시장,60,19,41,0,8,21,19,6,6,0,0,7,7,1,4,0,8,14,12,5,2
2018_2,방신전통시장,47,26,21,0,3,10,13,16,5,0,1,6,5,10,4,0,2,4,8,6,1
2018_2,송화골목시장,563,187,376,3,87,98,168,153,54,0,20,43,56,33,35,3,67,55,112,120,19
2018_2,까치산시장,46,27,19,0,4,15,16,9,2,0,1,9,10,5,2,0,3,6,6,4,0
2018_2,남부골목시장,217,92,125,0,24,47,68,58,20,0,6,17,31,27,11,0,18,30,37,31,9
2018_2,화곡중앙골목시장,2,2,0,0,0,1,0,0,1,0,0,1,0,0,1,0,0,0,0,0,0
2018_2,등마루시장,799,452,347,30,232,131,149,120,137,21,161,83,83,40,64,9,71,48,66,80,73
2018_2,신정3동골목시장,181,94,87,1,25,26,40,48,41,0,6,11,17,33,27,1,19,15,23,15,14
2018_2,신정2동골목시장,6,6,0,0,0,1,4,1,0,0,0,1,4,1,0,0,0,0,0,0,0
2018_2,신월6동골목시장,229,123,106,1,42,49,64,38,35,1,16,28,35,20,23,0,26,21,29,18,12
2018_2,신곡종합시장,13,9,4,0,1,1,3,2,6,0,1,1,2,1,4,0,0,0,1,1,2
2018_2,신월3동골목시장,68,24,44,0,8,17,19,19,5,0,3,9,7,4,1,0,5,8,12,15,4
2018_2,경창시장,208,85,123,1,8,25,49,62,63,0,4,16,26,23,16,1,4,9,23,39,47
2018_2,월정로시장,123,71,52,0,8,20,26,42,27,0,3,13,14,22,19,0,5,7,12,20,8
2018_2,신영시장,56,20,36,0,4,10,20,13,9,0,1,5,9,2,3,0,3,5,11,11,6
2018_2,목4동시장,211,70,141,0,19,39,48,68,37,0,4,14,9,22,21,0,15,25,39,46,16
2018_2,목3동시장,768,376,392,0,140,188,173,167,100,0,63,108,87,66,52,0,77,80,86,101,48
2018_2,목2동시장,228,108,120,0,31,48,72,58,19,0,6,31,34,28,9,0,25,17,38,30,10
2018_2,마포농수산물시장,461,295,166,0,14,51,118,175,103,0,10,30,80,105,70,0,4,21,38,70,33
2018_2,망원월드컵시장,16,11,5,1,0,2,7,3,3,1,0,2,4,3,1,0,0,0,3,0,2
2018_2,망원시장,60,30,30,0,10,13,9,18,10,0,3,8,6,5,8,0,7,5,3,13,2
2018_2,신수시장,121,83,38,0,11,31,44,18,17,0,3,19,31,15,15,0,8,12,13,3,2
2018_2,아현시장,25,5,20,0,2,9,7,4,3,0,0,3,1,1,0,0,2,6,6,3,3
2018_2,대림골목시장,411,134,277,0,35,81,131,109,55,0,15,26,34,35,24,0,20,55,97,74,31
2018_2,상계중앙시장,42,20,22,0,6,13,6,15,2,0,3,6,3,8,0,0,3,7,3,7,2
2018_2,방학동도깨비시장,160,66,94,0,18,41,43,34,24,0,9,23,17,11,6,0,9,18,26,23,18
2018_2,쌍문역골목시장,71,35,36,0,6,17,21,16,11,0,2,9,8,9,7,0,4,8,13,7,4
2018_2,신도봉시장,28,15,13,0,0,4,8,14,2,0,0,2,6,7,0,0,0,2,2,7,2
2018_2,창동신창시장,141,60,81,0,9,24,37,43,28,0,2,7,16,19,16,0,7,17,21,24,12
2018_2,수유북부시장,12,2,10,0,4,1,2,1,4,0,0,1,1,0,0,0,4,0,1,1,4
2018_2,장미원골목시장,67,41,26,0,7,12,19,20,9,0,1,7,12,15,6,0,6,5,7,5,3
2018_2,수유중앙시장,127,67,60,1,13,28,37,27,21,1,7,12,20,14,13,0,6,16,17,13,8
2018_2,강북종합시장,65,28,37,0,11,11,20,13,10,0,2,8,8,6,4,0,9,3,12,7,6
2018_2,우이시장,157,52,105,0,9,32,39,51,26,0,2,15,14,11,10,0,7,17,25,40,16
2018_2,수유전통시장,411,152,259,0,58,71,86,103,93,0,18,18,27,36,53,0,40,53,59,67,40
2018_2,번동북부골목시장,84,44,40,0,12,12,22,24,14,0,4,7,11,13,9,0,8,5,11,11,5
2018_2,솔샘시장,109,45,64,0,13,27,41,19,9,0,3,14,17,5,6,0,10,13,24,14,3
2018_2,방천골목시장,77,28,49,0,11,14,20,21,11,0,1,3,6,11,7,0,10,11,14,10,4
2018_2,석관황금시장,78,26,52,0,3,10,23,20,22,0,1,6,10,5,4,0,2,4,13,15,18
2018_2,장위전통시장,190,76,114,1,20,41,56,46,26,0,9,14,17,18,18,1,11,27,39,28,8
2018_2,정릉시장,37,13,24,0,8,6,10,9,4,0,1,3,5,2,2,0,7,3,5,7,2
2018_2,정릉아리랑시장,2,1,1,0,0,0,0,2,0,0,0,0,0,1,0,0,0,0,0,1,0
2018_2,돈암제일시장,52,19,33,2,10,6,18,7,9,2,2,2,5,3,5,0,8,4,13,4,4
2018_2,우림골목시장,218,108,110,0,13,31,52,54,68,0,5,12,22,26,43,0,8,19,30,28,25
2018_2,묵1동도깨비시장,290,125,165,0,35,52,79,89,35,0,9,22,33,41,20,0,26,30,46,48,15
2018_2,태능시장,3,1,2,0,2,0,0,1,0,0,0,0,0,1,0,0,2,0,0,0,0
2018_2,중화제일시장,22,1,21,0,8,1,4,6,3,0,0,0,0,1,0,0,8,1,4,5,3
2018_2,사가정시장,245,172,73,0,21,26,38,80,80,0,3,12,22,60,75,0,18,14,16,20,5
2018_2,동원시장,72,35,37,0,9,17,22,13,11,0,3,9,10,6,7,0,6,8,12,7,4
2018_2,동부골목시장,105,37,68,0,29,20,19,19,18,0,9,4,5,7,12,0,20,16,14,12,6
2018_2,회기시장,114,52,62,0,15,34,31,16,18,0,5,15,18,4,10,0,10,19,13,12,8
2018_2,답십리시장,31,10,21,0,3,5,14,8,1,0,1,0,7,1,1,0,2,5,7,7,0
2018_2,답십리현대시장,98,79,19,0,15,21,33,15,14,0,10,18,29,9,13,0,5,3,4,6,1
2018_2,청량리종합시장,10,6,4,0,1,3,0,4,2,0,1,2,0,1,2,0,0,1,0,3,0
2018_2,청량리농수산물시장,21,16,5,0,1,4,5,6,5,0,0,4,4,4,4,0,1,0,1,2,1
2018_2,서울약령시장,1319,793,526,2,125,220,323,376,273,2,59,130,195,228,179,0,66,90,128,148,94
2018_2,청량리수산시장,227,115,112,0,44,55,56,31,41,0,13,25,32,14,31,0,31,30,24,17,10
2018_2,구의시장,132,80,52,0,14,17,26,46,29,0,3,11,17,26,23,0,11,6,9,20,6
2018_2,조양시장,91,48,43,0,6,10,32,27,16,0,1,3,16,13,15,0,5,7,16,14,1
2018_2,영동교골목시장,18,12,6,0,1,5,5,2,5,0,0,5,3,1,3,0,1,0,2,1,2
2018_2,능동로골목시장,275,240,35,0,9,16,10,23,217,0,2,14,3,14,207,0,7,2,7,9,10
2018_2,자양골목시장,97,51,46,0,8,13,21,35,20,0,5,4,11,18,13,0,3,9,10,17,7
2018_2,중곡제일시장,130,65,65,1,11,23,27,44,24,1,3,11,11,22,17,0,8,12,16,22,7
2018_2,한아름시장,174,93,81,2,49,33,43,31,16,0,24,25,28,11,5,2,25,8,15,20,11
2018_2,성동용답상가시장,312,155,157,0,56,75,68,71,42,0,24,30,37,32,32,0,32,45,31,39,10
2018_2,뚝도시장,35,14,21,0,2,7,12,8,6,0,1,4,4,1,4,0,1,3,8,7,2
2018_2,금남시장,29,13,16,0,3,7,2,7,10,0,1,5,1,2,4,0,2,2,1,5,6
2018_2,행당시장,257,122,135,0,43,70,80,47,17,0,10,36,44,21,11,0,33,34,36,26,6
2018_2,마장축산물시장,1516,1018,498,1,154,397,426,337,201,1,108,278,281,224,126,0,46,119,145,113,75
2018_2,용문전통시장,41,20,21,0,2,6,12,14,7,0,1,3,5,6,5,0,1,3,7,8,2
2018_2,후암시장,48,19,29,0,2,9,9,18,10,0,1,4,3,5,6,0,1,5,6,13,4
2018_2,합동(새벽)시장,2365,1366,999,6,360,711,590,383,315,1,124,302,339,303,297,5,236,409,251,80,18
2018_2,서울중앙시장,278,184,94,0,30,78,70,73,27,0,14,55,45,48,22,0,16,23,25,25,5
2018_2,백학시장,463,238,225,0,63,144,110,103,43,0,26,71,61,48,32,0,37,73,49,55,11
2018_2,약수시장,1786,703,1083,9,281,404,424,373,295,1,75,155,176,141,155,8,206,249,248,232,140
2018_2,청평화시장,3360,2011,1349,2,907,1308,791,250,102,1,585,747,505,120,53,1,322,561,286,130,49
2018_2,제일평화시장,570,325,245,0,108,162,128,102,70,0,48,99,76,56,46,0,60,63,52,46,24
2018_2,남평화시장,200,123,77,0,17,37,39,73,34,0,12,18,27,43,23,0,5,19,12,30,11
2018_2,방산종합시장,1879,1180,699,3,151,416,481,496,332,1,86,274,285,295,239,2,65,142,196,201,93
2018_2,인현시장,1084,665,419,1,67,190,294,323,209,0,29,93,178,209,156,1,38,97,116,114,53
2018_2,신중부시장,2437,1607,830,7,205,445,683,652,445,4,106,294,447,431,325,3,99,151,236,221,120
2018_2,남대문시장,7146,3645,3501,45,1137,2611,1936,957,460,2,356,1304,1039,619,325,43,781,1307,897,338,135
2018_2,동묘시장,903,568,335,3,116,192,226,224,142,2,44,124,151,144,103,1,72,68,75,80,39
2018_2,창신골목시장,223,116,107,0,21,93,54,43,12,0,10,43,29,25,9,0,11,50,25,18,3
2018_2,충신시장,297,182,115,0,42,86,70,60,39,0,17,51,41,40,33,0,25,35,29,20,6
2018_2,종로신진시장,39,19,20,0,0,6,12,9,12,0,0,2,6,2,9,0,0,4,6,7,3
2018_2,동대문종합시장,320,185,135,2,55,72,90,58,43,1,30,34,59,33,28,1,25,38,31,25,15
2018_2,광장시장,204,152,52,0,15,37,36,64,52,0,11,29,25,46,41,0,4,8,11,18,11
2018_2,서울 노원구 노원역_3,775,329,446,12,223,145,151,142,102,2,78,76,67,52,54,10,145,69,84,90,48
2018_2,서울 노원구 노원역_1,1068,309,759,6,334,270,233,145,80,0,53,89,82,51,34,6,281,181,151,94,46
2018_2,창동역,2477,1573,904,2,270,432,668,658,447,0,108,262,427,467,309,2,162,170,241,191,138
2018_2,서울 강북구 수유역_3,64,32,32,0,12,15,10,18,9,0,6,7,6,7,6,0,6,8,4,11,3
2018_2,서울 강북구 수유역_2,4370,2230,2140,9,521,968,1020,1049,803,6,180,435,508,640,461,3,341,533,512,409,342
2018_2,서울 강북구 수유역_1,43,30,13,0,5,6,13,12,7,0,5,6,4,8,7,0,0,0,9,4,0
2018_2,서울 은평구 연신내역_3,676,207,469,4,149,131,167,128,97,2,29,35,53,50,38,2,120,96,114,78,59
2018_2,서울 은평구 연신내역_2,451,195,256,4,102,108,116,66,55,1,37,56,46,26,29,3,65,52,70,40,26
2018_2,서울 은평구 연신내역_1,74,30,44,0,22,16,14,15,7,0,6,8,5,6,5,0,16,8,9,9,2
2018_2,서울 성북구 미아삼거리역_2,507,206,301,1,90,116,146,116,38,1,19,40,66,62,18,0,71,76,80,54,20
2018_2,서울 강북구 미아삼거리역_1,542,200,342,4,137,124,104,94,79,3,36,48,38,31,44,1,101,76,66,63,35
2018_2,서울 은평구 불광역_3,54,19,35,0,11,8,16,14,5,0,3,1,7,6,2,0,8,7,9,8,3
2018_2,서울 은평구 불광역_2,69,26,43,0,9,12,16,22,10,0,0,2,7,10,7,0,9,10,9,12,3
2018_2,서울 은평구 불광역_1,284,113,171,1,36,64,52,76,55,0,15,24,23,24,27,1,21,40,29,52,28
2018_2,미아사거리_2,121,41,80,2,29,30,33,17,10,1,12,14,11,2,1,1,17,16,22,15,9
2018_2,미아사거리_1,621,283,338,13,135,128,148,126,71,9,68,66,53,43,44,4,67,62,95,83,27
2018_2,서울 성북구 성신여대입구역,5286,3156,2130,17,700,1193,1235,1440,701,6,280,563,703,1077,527,11,420,630,532,363,174
2018_2,경희대학교,370,178,192,4,65,88,94,77,42,0,33,50,49,30,16,4,32,38,45,47,26
2018_2,서울 성북구 안암역,112,69,43,3,20,39,28,8,14,0,10,33,16,3,7,3,10,6,12,5,7
2018_2,혜화역 대학로_3,1727,826,901,8,286,466,416,348,203,3,110,217,203,176,117,5,176,249,213,172,86
2018_2,혜화역 대학로_2,1513,820,693,2,97,459,526,354,75,1,35,193,270,271,50,1,62,266,256,83,25
2018_2,혜화역 대학로_1,1225,637,588,3,298,358,261,180,125,2,123,183,155,100,74,1,175,175,106,80,51
2018_2,디지털미디어시티,17010,11036,5974,16,2977,6456,5238,1925,398,2,1154,3986,4068,1539,287,14,1823,2470,1170,386,111
2018_2,서울 동대문구 청량리역,3509,2402,1107,14,686,860,857,654,438,8,463,653,592,401,285,6,223,207,265,253,153
2018_2,서울 종로구 안국역_2,706,276,430,2,169,210,179,104,42,1,40,91,82,34,28,1,129,119,97,70,14
2018_2,서울 종로구 안국역_1,11483,9242,2241,3,1208,4187,3560,1977,548,3,771,3318,2990,1717,443,0,437,869,570,260,105
2018_2,서울 종로구 경복궁역_1,207,80,127,0,38,52,33,45,39,0,15,23,11,10,21,0,23,29,22,35,18
2018_2,서울 종로구 종로3가역_3,3411,1821,1590,8,586,849,900,677,391,1,176,450,517,405,272,7,410,399,383,272,119
2018_2,서울 종로구 종로3가역_2,1922,1023,899,13,364,416,411,360,358,3,145,229,222,189,235,10,219,187,189,171,123
2018_2,서울 동대문구 신설동역_2,4377,2078,2299,20,472,609,722,1179,1375,4,145,312,402,486,729,16,327,297,320,693,646
2018_2,인사동,21052,13045,8007,66,3857,7020,5163,3269,1677,33,1428,4216,3865,2471,1032,33,2429,2804,1298,798,645
2018_2,서울 종로구 종로5가역_4,635,349,286,0,65,132,188,155,95,0,20,71,105,88,65,0,45,61,83,67,30
2018_2,서울 종로구 종로5가역_3,4960,3352,1608,7,613,1270,1381,1082,607,2,349,862,911,773,455,5,264,408,470,309,152
2018_2,종로구청,18495,10125,8370,553,3395,5549,4976,2864,1158,242,1395,2712,3126,1952,698,311,2000,2837,1850,912,460
2018_2,서울 종로구 종로5가역_2,17391,11598,5793,284,3078,5670,4753,2794,812,75,1303,3731,3674,2244,571,209,1775,1939,1079,550,241
2018_2,신설동역,738,421,317,3,119,193,160,168,95,1,43,112,99,92,74,2,76,81,61,76,21
2018_2,서울 동대문구 신설동역_1,2,2,0,0,0,0,1,0,1,0,0,0,1,0,1,0,0,0,0,0,0
2018_2,서울 종로구 광화문역_2,54371,32642,21729,61,7110,16725,17005,9883,3587,18,2626,9537,11401,6796,2264,43,4484,7188,5604,3087,1323
2018_2,동묘앞역,68,40,28,0,6,11,15,22,14,0,4,5,9,14,8,0,2,6,6,8,6
2018_2,장안동사거리,503,249,254,1,85,108,116,112,81,0,27,63,59,53,47,1,58,45,57,59,34
2018_2,서울 종로구 동대문역_2,1106,550,556,1,215,288,275,171,156,0,61,144,150,89,106,1,154,144,125,82,50
2018_2,동대문시장_2,500,300,200,0,41,106,114,131,108,0,19,62,73,69,77,0,22,44,41,62,31
2018_2,서울 종로구 종로5가역_1,50,38,12,0,3,7,14,17,9,0,1,4,12,14,7,0,2,3,2,3,2
2018_2,서울 종로구 종로3가역_1,4034,1757,2277,19,662,979,805,861,708,9,210,390,373,393,382,10,452,589,432,468,326
2018_2,서울 종로구 광화문역_1,2103,1344,759,0,375,778,497,302,151,0,127,481,386,255,95,0,248,297,111,47,56
2018_2,종각역,20751,13526,7225,21,2635,6782,6341,4479,493,6,1115,3539,4506,3986,374,15,1520,3243,1835,493,119
2018_2,종각역 젊음의 거리,2712,1114,1598,41,643,680,463,477,408,18,241,359,221,131,144,23,402,321,242,346,264
2018_2,서대문구 서대문역_1,348,250,98,0,38,77,114,62,57,0,23,52,88,40,47,0,15,25,26,22,10
2018_2,동대문시장_1,437,223,214,0,32,110,120,112,63,0,13,59,60,53,38,0,19,51,60,59,25
2018_2,시청역_2,21859,13798,8061,61,3741,6713,6415,3735,1194,20,1530,3993,4633,2731,891,41,2211,2720,1782,1004,303
2018_2,서울시청,23497,11478,12019,80,4332,7391,6986,3557,1151,17,1448,3282,3713,2288,730,63,2884,4109,3273,1269,421
2018_2,서울 중구 을지로3가역_2,7863,5061,2802,10,917,2052,2113,1539,1232,3,356,1208,1529,1054,911,7,561,844,584,485,321
2018_2,서울 중구 신당역_2,1354,683,671,8,620,330,192,135,69,5,294,178,97,64,45,3,326,152,95,71,24
2018_2,서대문구 서대문역_2,1449,871,578,0,301,410,394,224,120,0,121,244,268,162,76,0,180,166,126,62,44
2018_2,동대문역사문화공원역,2248,1277,971,1,285,536,545,526,355,0,103,303,325,314,232,1,182,233,220,212,123
2018_2,서울 중구 을지로3가역_1,18018,11428,6590,26,2375,5122,5696,3173,1626,7,1072,3086,3766,2384,1113,19,1303,2036,1930,789,513
2018_2,명동거리,9026,4728,4298,34,1499,2465,2399,1899,730,15,479,1216,1478,1070,470,19,1020,1249,921,829,260
2018_2,롯데백화점,40463,21491,18972,212,5800,13604,12582,6665,1600,63,1868,5993,7420,4990,1157,149,3932,7611,5162,1675,443
2018_2,서울 중구 신당역_1,1057,702,355,1,126,227,280,268,155,0,52,138,199,199,114,1,74,89,81,69,41
2018_2,북창동,10548,5655,4893,34,1707,3055,2870,2003,879,5,656,1656,1546,1185,607,29,1051,1399,1324,818,272
2018_2,서울 중구 충무로역_2,14898,6701,8197,68,2711,4096,4512,2561,950,25,804,2032,2120,1145,575,43,1907,2064,2392,1416,375
2018_2,서울 강서구 송정역,616,407,209,3,73,114,187,133,106,0,29,75,140,88,75,3,44,39,47,45,31
2018_2,장한평역_2,5325,3255,2070,27,1176,1296,982,1042,802,5,517,876,663,623,571,22,659,420,319,419,231
2018_2,시청역_1,54859,33251,21608,185,8075,20031,17685,7694,1189,42,3678,10844,11858,5963,866,143,4397,9187,5827,1731,323
2018_2,왕십리역_2,668,280,388,6,136,138,154,126,108,3,44,55,62,60,56,3,92,83,92,66,52
2018_2,서울 강서구 발산역,874,492,382,2,163,266,219,157,67,2,55,150,150,102,33,0,108,116,69,55,34
2018_2,장한평역_1,2508,1570,938,14,295,412,439,429,919,4,123,213,269,276,685,10,172,199,170,153,234
2018_2,서울 중구 충무로역_1,3239,2248,991,12,623,1015,877,559,153,5,429,792,667,258,97,7,194,223,210,301,56
2018_2,장한평역,2303,1580,723,4,168,404,749,657,321,3,81,251,535,470,240,1,87,153,214,187,81
2018_2,서울 중구 명동역,3988,2012,1976,7,771,1852,940,291,127,2,248,877,612,189,84,5,523,975,328,102,43
2018_2,장충동 족발거리,187,89,98,0,40,39,46,27,35,0,15,23,28,9,14,0,25,16,18,18,21
2018_2,한양시장,266,156,110,1,46,53,68,62,36,1,30,39,36,28,22,0,16,14,32,34,14
2018_2,서울 서대문구 이대역,1395,638,757,18,316,347,307,252,155,4,107,168,146,113,100,14,209,179,161,139,55
2018_2,서울 서대문구 신촌역,3278,1418,1860,34,914,837,616,513,364,16,316,422,290,198,176,18,598,415,326,315,188
2018_2,서울 마포구 홍대입구역_3,342,155,187,0,78,108,81,39,36,0,12,48,43,24,28,0,66,60,38,15,8
2018_2,서울 마포구 홍대입구역_2,3328,1284,2044,26,1368,1011,534,256,133,10,292,431,275,174,102,16,1076,580,259,82,31
2018_2,홍익대학교 주변,16818,8154,8664,83,4287,5192,3674,2142,1440,40,1631,2641,1923,977,942,43,2656,2551,1751,1165,498
2018_2,서울 광진구 군자역,227,131,96,1,37,59,64,39,27,0,15,40,37,25,14,1,22,19,27,14,13
2018_2,신촌역,221,106,115,0,34,61,66,38,22,0,13,18,40,21,14,0,21,43,26,17,8
2018_2,강서구청,3558,2312,1246,14,588,879,970,708,399,10,314,568,694,457,269,4,274,311,276,251,130
2018_2,서울 마포구 홍대입구역_1,871,475,396,10,257,279,183,97,45,1,106,161,118,60,29,9,151,118,65,37,16
2018_2,서울 강동구 고덕역,450,255,195,2,42,89,99,120,98,1,14,47,48,74,71,1,28,42,51,46,27
2018_2,서울 강동구 명일역,869,359,510,4,138,160,239,191,137,2,36,69,86,80,86,2,102,91,153,111,51
2018_2,어린이대공원역,88,47,41,0,10,23,25,23,7,0,4,13,15,11,4,0,6,10,10,12,3
2018_2,서울 마포구 공덕역_2,4328,2508,1820,3,701,1124,1297,976,227,2,249,650,883,598,126,1,452,474,414,378,101
2018_2,공덕역,7954,4594,3360,22,1802,2461,2200,1253,216,11,695,1203,1486,1030,169,11,1107,1258,714,223,47
2018_2,서울 용산구 숙대입구역,2707,1969,738,10,552,958,736,336,115,0,324,734,585,250,76,10,228,224,151,86,39
2018_2,남영역,12311,5453,6858,343,3626,3831,2793,1509,209,134,1543,1954,1256,444,122,209,2083,1877,1537,1065,87
2018_2,서울 마포구 공덕역_1,4905,2395,2510,26,1021,1406,1269,933,250,11,414,790,685,323,172,15,607,616,584,610,78
2018_2,서울 마포구 마포역_2,1002,557,445,2,138,233,309,215,105,1,62,129,182,114,69,1,76,104,127,101,36
2018_2,서울 광진구 건대입구역_2,2990,1023,1967,10,924,1046,537,292,181,2,221,349,243,94,114,8,703,697,294,198,67
2018_2,서울 마포구 마포역_1,13134,7794,5340,81,2229,3070,2894,2838,2022,27,983,1899,2001,1590,1294,54,1246,1171,893,1248,728
2018_2,서울 강동구 천호역_2,4128,1923,2205,14,864,931,827,642,850,3,277,490,393,253,507,11,587,441,434,389,343
2018_2,서울 광진구 건대입구역_1,916,434,482,3,232,183,206,145,147,1,86,103,94,73,77,2,146,80,112,72,70
2018_2,건대입구역,735,394,341,5,178,220,146,110,76,3,84,129,84,48,46,2,94,91,62,62,30
2018_2,서울 광진구 구의역,906,569,337,6,82,203,245,197,173,5,30,112,154,137,131,1,52,91,91,60,42
2018_2,서울 강동구 천호역,997,451,546,5,176,247,232,183,154,0,32,102,117,94,106,5,144,145,115,89,48
2018_2,당산역_2,4707,2881,1826,10,479,592,750,1033,1843,6,322,420,454,529,1150,4,157,172,296,504,693
2018_2,서울 강동구 길동역,1286,691,595,1,137,282,368,283,215,0,43,148,238,142,120,1,94,134,130,141,95
2018_2,용산 전자상가_5,2575,1881,694,15,395,992,793,286,94,9,275,747,581,202,67,6,120,245,212,84,27
2018_2,당산역_1,1148,704,444,4,190,305,305,206,138,1,70,205,190,131,107,3,120,100,115,75,31
2018_2,서울 광진구 강변역,1799,1410,389,11,128,377,542,439,302,6,78,270,440,374,242,5,50,107,102,65,60
2018_2,용산 전자상가_3,2469,1782,687,23,326,798,743,356,223,14,198,596,530,270,174,9,128,202,213,86,49
2018_2,서울 용산구 이태원역,661,400,261,6,236,195,96,70,58,1,144,143,52,34,26,5,92,52,44,36,32
2018_2,한남오거리,574,297,277,0,91,155,103,117,108,0,20,92,57,63,65,0,71,63,46,54,43
2018_2,용산 전자상가_2,479,380,99,4,59,163,162,64,27,3,49,133,135,45,15,1,10,30,27,19,12
2018_2,용산구청,33,15,18,0,6,14,5,7,1,0,2,6,3,3,1,0,4,8,2,4,0
2018_2,용산 전자상가_1,13047,8246,4801,62,4989,3348,2696,1485,467,34,2195,2260,2157,1278,322,28,2794,1088,539,207,145
2018_2,국회의사당역_2,38083,21992,16091,56,7631,13111,9043,6136,2106,17,2903,7276,6356,4205,1235,39,4728,5835,2687,1931,871
2018_2,서울 용산구 신용산역,505,240,265,0,72,102,118,129,84,0,37,59,47,52,45,0,35,43,71,77,39
2018_2,국회의사당역_1,5707,4396,1311,1,290,1230,1886,2079,221,1,135,750,1567,1754,189,0,155,480,319,325,32
2018_2,압구정 로데오거리_2,16443,6701,9742,141,5727,5862,2760,1209,744,32,1619,2696,1401,536,417,109,4108,3166,1359,673,327
2018_2,서울 강남구 압구정역,10265,4575,5690,262,2704,2822,1909,1332,1236,107,838,1314,1077,636,603,155,1866,1508,832,696,633
2018_2,서울 영등포구 영등포구청역,3733,1138,2595,22,1031,1464,792,351,73,0,112,541,242,185,58,22,919,923,550,166,15
2018_2,압구정 로데오거리_1,9087,2833,6254,34,3399,3498,1406,459,291,8,742,1106,587,231,159,26,2657,2392,819,228,132
2018_2,서울 강동구 둔촌동역,71,24,47,0,6,19,19,17,10,0,3,9,5,5,2,0,3,10,14,12,8
2018_2,오목교역,198,85,113,3,27,46,50,37,35,0,14,21,19,13,18,3,13,25,31,24,17
2018_2,신사동 가로수길,22466,10481,11985,110,5994,7494,4752,2597,1519,42,1612,3669,2747,1415,996,68,4382,3825,2005,1182,523
2018_2,서울 영등포구 여의도역_2,49729,33012,16717,113,7119,18041,15439,7161,1856,14,3079,11040,11667,6131,1081,99,4040,7001,3772,1030,775
2018_2,청담사거리_3,1143,414,729,5,342,449,209,92,46,0,74,170,97,41,32,5,268,279,112,51,14
2018_2,영등포유통상가,2109,1252,857,2,307,417,419,445,519,1,128,239,259,253,372,1,179,178,160,192,147
2018_2,청담역_2,1317,899,418,10,281,410,322,154,140,1,123,304,249,116,106,9,158,106,73,38,34
2018_2,청담역_1,194,154,40,5,21,67,58,28,15,5,12,53,50,23,11,0,9,14,8,5,4
2018_2,청담사거리_2,1189,873,316,5,235,427,389,106,27,0,119,316,333,86,19,5,116,111,56,20,8
2018_2,서울 영등포구 여의도역_1,51327,30887,20440,150,6867,13967,16181,11186,2976,17,3044,6727,9944,9145,2010,133,3823,7240,6237,2041,966
2018_2,학동사거리_2,2997,1699,1298,7,686,840,595,496,373,1,219,423,390,367,299,6,467,417,205,129,74
2018_2,서울 영등포구 영등포시장역,334,253,81,0,26,50,79,104,75,0,20,37,50,81,65,0,6,13,29,23,10
2018_2,학동사거리_1,4479,2220,2259,23,1209,1421,802,589,435,9,330,674,476,399,332,14,879,747,326,190,103
2018_2,여의도 시범아파트앞,2395,1580,815,9,403,567,598,491,327,3,204,370,403,359,241,6,199,197,195,132,86
2018_2,영등포역_3,906,535,371,1,173,248,190,207,87,0,62,145,120,147,61,1,111,103,70,60,26
2018_2,도산공원사거리_1,10355,6090,4265,26,2251,3415,2536,1477,650,7,876,2034,1705,1005,463,19,1375,1381,831,472,187
2018_2,영등포역_2,1259,661,598,7,172,192,258,322,308,5,70,110,130,153,193,2,102,82,128,169,115
2018_2,문래동 주민센터,74,59,15,0,5,10,23,23,13,0,4,9,18,16,12,0,1,1,5,7,1
2018_2,강남구 신사역_2,7930,4769,3161,36,1725,2897,2080,895,297,2,598,1738,1538,679,214,34,1127,1159,542,216,83
2018_2,서울 강남구 강남구청역_2,4663,2890,1773,52,1887,1320,906,387,111,29,950,848,693,297,73,23,937,472,213,90,38
2018_2,강남구 신사역_1,2430,1008,1422,2,663,911,538,191,125,2,120,362,323,122,79,0,543,549,215,69,46
2018_2,서울 동작구 노량진1동_1,19,6,13,0,1,4,3,7,4,0,1,1,1,1,2,0,0,3,2,6,2
2018_2,서울 강남구 학동역_3,9665,5539,4126,27,2112,3144,2307,1251,824,6,771,1846,1569,801,546,21,1341,1298,738,450,278
2018_2,서울 강남구 강남구청역_1,3642,2126,1516,12,535,839,1013,893,350,8,205,482,642,545,244,4,330,357,371,348,106
2018_2,잠실역,5868,4338,1530,22,974,1777,1708,983,404,5,473,1328,1452,793,287,17,501,449,256,190,117
2018_2,강남구 논현역_4,6478,3331,3147,14,1455,2018,1547,910,534,4,449,1080,962,500,336,10,1006,938,585,410,198
2018_2,학동역,1572,574,998,3,572,548,302,96,51,0,93,229,163,57,32,3,479,319,139,39,19
2018_2,방이동 먹자골목,5157,3223,1934,6,586,1287,1431,1144,703,4,264,802,986,692,475,2,322,485,445,452,228
2018_2,서울 강남구 학동역_2,6033,3234,2799,25,943,1553,1214,637,1661,8,270,772,686,377,1121,17,673,781,528,260,540
2018_2,서울 동작구 노량진역,3829,2175,1654,4,424,1015,971,1008,407,1,157,465,577,708,267,3,267,550,394,300,140
2018_2,삼성역_3,10170,5919,4251,14,1921,3905,2787,1126,417,3,645,2207,1875,912,277,11,1276,1698,912,214,140
2018_2,코엑스,22562,12970,9592,134,5387,7829,5600,2673,939,50,1825,4433,3940,2047,675,84,3562,3396,1660,626,264
2018_2,서울 강남구 학동역_1,5305,3348,1957,24,1230,1615,1198,701,537,13,584,1094,827,460,370,11,646,521,371,241,167
2018_2,선정릉역_2,6911,4247,2664,15,1414,2349,1639,974,520,4,511,1356,1194,765,417,11,903,993,445,209,103
2018_2,강남구 논현역_3,1533,932,601,2,279,586,348,191,127,0,126,398,219,111,78,2,153,188,129,80,49
2018_2,포스코사거리_2,7881,5022,2859,7,1542,3547,1826,652,307,2,642,2318,1360,475,225,5,900,1229,466,177,82
2018_2,포스코사거리_1,43841,29255,14586,73,6677,17062,13423,5379,1227,28,3106,11077,10155,4064,825,45,3571,5985,3268,1315,402
2018_2,잠실역 롯데월드,3871,1933,1938,80,1783,697,643,548,120,29,716,395,351,391,51,51,1067,302,292,157,69
2018_2,신도림역,3373,1768,1605,8,707,1138,968,448,104,2,285,612,518,273,78,6,422,526,450,175,26
2018_2,강남구 논현역_2,10089,4811,5278,31,3273,3149,2062,990,584,6,1020,1626,1341,534,284,25,2253,1523,721,456,300
2018_2,선정릉역_1,1924,1381,543,4,448,668,413,188,203,2,243,475,331,150,180,2,205,193,82,38,23
2018_2,신천역,5931,3190,2741,16,1050,1357,1418,1025,1065,10,423,748,737,528,744,6,627,609,681,497,321
2018_2,강남구 논현역_1,3585,2076,1509,10,551,1271,1029,499,225,0,196,765,634,322,159,10,355,506,395,177,66
2018_2,삼성역_2,18975,11521,7454,127,4401,7172,4236,2329,710,64,1903,4485,3014,1534,521,63,2498,2687,1222,795,189
2018_2,삼정역_2,2478,1346,1132,3,614,847,526,249,239,2,198,437,341,180,188,1,416,410,185,69,51
2018_2,삼정역_1,3329,1696,1633,7,827,1100,684,343,368,2,221,511,476,224,262,5,606,589,208,119,106
2018_2,삼성역_1,35413,22502,12911,100,5318,9735,8891,6497,4872,51,2361,6547,6512,4031,3000,49,2957,3188,2379,2466,1872
2018_2,서울 강남구 선릉역_2,7288,4707,2581,26,1227,2092,1819,1231,893,12,524,1431,1352,855,533,14,703,661,467,376,360
2018_2,고속터미널역,16485,4781,11704,14,5097,5508,3494,1936,436,3,731,1636,1220,935,256,11,4366,3872,2274,1001,180
2018_2,서울 서초구 강남역,33758,18836,14922,125,7773,11461,7130,4460,2809,56,2884,6572,4682,2838,1804,69,4889,4889,2448,1622,1005
2018_2,서울 강남구 선릉역_1,19964,8319,11645,88,6302,5354,3633,2994,1593,47,2427,2759,1527,852,707,41,3875,2595,2106,2142,886
2018_2,선릉역_2,20789,10769,10020,55,5184,6309,4657,2967,1617,18,1795,3508,2895,1552,1001,37,3389,2801,1762,1415,616
2018_2,서울 강남구 역삼역_2,27706,21651,6055,37,5640,9575,7578,4322,554,20,3342,7216,6602,4049,422,17,2298,2359,976,273,132
2018_2,서울 송파구 석촌역_1,37,21,16,0,2,9,10,14,2,0,1,5,4,9,2,0,1,4,6,5,0
2018_2,서울 강남구 강남역_2,5638,3260,2378,24,1340,1908,1288,740,338,8,481,1058,943,540,230,16,859,850,345,200,108
2018_2,선릉역_1,55373,30034,25339,263,10479,15126,14436,11968,3101,146,6469,10369,7187,3797,2066,117,4010,4757,7249,8171,1035
2018_2,구로역,153,85,68,0,11,7,27,22,86,0,0,2,9,12,62,0,11,5,18,10,24
2018_2,역삼역_2,4513,2557,1956,25,908,1521,1302,583,174,17,312,928,868,312,120,8,596,593,434,271,54
2018_2,대림역_2,7571,5787,1784,5,1066,2103,1738,1476,1183,1,831,1851,1475,925,704,4,235,252,263,551,479
2018_2,서울 강남구 역삼역_1,24525,15502,9023,97,4783,8725,6329,3016,1575,36,2094,5637,4549,2039,1147,61,2689,3088,1780,977,428
2018_2,신대방삼거리역,241,109,132,0,28,53,61,54,45,0,12,24,31,20,22,0,16,29,30,34,23
2018_2,서울 강남구 한티역,1139,451,688,6,212,304,291,218,108,3,54,116,129,93,56,3,158,188,162,125,52
2018_2,은마아파트입구사거리_4,105,53,52,1,11,19,39,29,6,0,3,15,22,8,5,1,8,4,17,21,1
2018_2,오류동역,1589,803,786,12,119,203,367,474,414,3,56,114,159,184,287,9,63,89,208,290,127
2018_2,서울 강남구 강남역,41280,19424,21856,61,8734,12909,9798,6486,3292,14,2763,6617,6080,2879,1071,47,5971,6292,3718,3607,2221
2018_2,교대역_4,5151,2877,2274,11,1020,1487,1255,807,571,3,340,754,759,584,437,8,680,733,496,223,134
2018_2,서울 강남구 강남역_1,135689,99243,36446,640,27733,60557,35990,9439,1330,381,14094,43249,31832,8663,1024,259,13639,17308,4158,776,306
2018_2,방배동카페골목,108,41,67,0,18,18,30,17,25,0,9,9,13,1,9,0,9,9,17,16,16
2018_2,가락시장,17284,10739,6545,52,2462,4009,4235,4221,2305,31,1124,2683,2898,2467,1536,21,1338,1326,1337,1754,769
2018_2,교대역_3,4422,2687,1735,5,537,1158,1283,920,519,3,133,525,871,712,443,2,404,633,412,208,76
2018_2,역삼역_1,1540,911,629,4,261,438,373,250,214,1,88,256,255,172,139,3,173,182,118,78,75
2018_2,교대역_2,3363,2149,1214,13,500,1201,844,556,249,12,174,757,614,403,189,1,326,444,230,153,60
2018_2,서울 송파구 가락시장역,5029,3136,1893,5,654,1420,1282,961,707,3,281,803,855,640,554,2,373,617,427,321,153
2018_2,서울 서초구 서초역,11841,4670,7171,37,3312,3338,2772,1748,634,10,986,1321,1050,838,465,27,2326,2017,1722,910,169
2018_2,서울 강남구 대치역_2,1508,910,598,1,154,502,531,197,123,0,47,259,383,123,98,1,107,243,148,74,25
2018_2,뱅뱅사거리_2,29870,20424,9446,308,5784,9096,8476,4413,1793,114,2866,6268,6573,3223,1380,194,2918,2828,1903,1190,413
2018_2,보라매공원,14421,8102,6319,68,2512,5095,4051,1916,779,28,1160,2727,2268,1350,569,40,1352,2368,1783,566,210
2018_2,교대역_1,13316,7616,5700,47,2327,4057,3513,2220,1152,5,750,2258,2314,1443,846,42,1577,1799,1199,777,306
2018_2,개봉동 현대아파트 인근,145,60,85,0,12,32,27,48,26,0,2,8,8,28,14,0,10,24,19,20,12
2018_2,뱅뱅사거리,7961,5087,2874,28,2538,2682,1553,849,311,7,1463,1770,1126,513,208,21,1075,912,427,336,103
2018_2,뱅뱅사거리_1,11051,7880,3171,50,1883,3475,2757,1865,1021,20,1029,2580,2215,1379,657,30,854,895,542,486,364
2018_2,서울 관악구 신림역_4,1027,467,560,3,170,178,252,238,186,2,59,82,137,98,89,1,111,96,115,140,97
2018_2,동작구 총신대입구역_1,262,123,139,0,46,61,62,55,38,0,11,33,28,26,25,0,35,28,34,29,13
2018_2,양재역_3,3614,2354,1260,8,695,1186,912,510,303,2,377,724,657,352,242,6,318,462,255,158,61
2018_2,동작구 총신대입구역_2,752,321,431,7,214,179,165,99,88,2,52,83,86,48,50,5,162,96,79,51,38
2018_2,서울 서초구 남부터미널역_3,1491,797,694,8,247,423,373,256,184,2,79,204,234,158,120,6,168,219,139,98,64
2018_2,서울 강남구 수서역,16052,11440,4612,16,2247,4525,4061,3036,2167,7,1371,3487,3011,1935,1629,9,876,1038,1050,1101,538
2018_2,서울 서초구 남부터미널역_2,10724,5529,5195,19,2238,2776,2716,1910,1065,6,1013,1561,1386,831,732,13,1225,1215,1330,1079,333
2018_2,구로디지탈1단지,66367,42004,24363,278,13462,23387,16940,8272,4028,161,6365,15444,11716,5265,3053,117,7097,7943,5224,3007,975
2018_2,양재역,133,61,72,0,24,57,32,9,11,0,4,26,18,4,9,0,20,31,14,5,2
2018_2,매봉역,612,229,383,0,304,127,89,49,43,0,54,58,58,31,28,0,250,69,31,18,15
2018_2,서울 서초구 방배역,3380,1969,1411,20,771,820,632,483,654,6,273,448,421,277,544,14,498,372,211,206,110
2018_2,서울 서초구 남부터미널역_1,540,396,144,4,79,168,133,89,67,0,42,126,106,66,56,4,37,42,27,23,11
2018_2,서울 관악구 신림역_2,34,17,17,0,2,5,10,9,8,0,1,4,5,4,3,0,1,1,5,5,5
2018_2,서울 관악구 신림역_1,1979,936,1043,14,323,340,321,396,585,6,138,173,156,165,298,8,185,167,165,231,287
2018_2,양재역_2,11338,6172,5166,105,3210,3894,2317,1205,607,33,1197,2435,1585,599,323,72,2013,1459,732,606,284
2018_2,양재역_1,923,654,269,0,85,180,207,255,196,0,38,82,124,223,187,0,47,98,83,32,9
2018_2,서울 관악구 서울대입구역_2,41,3,38,0,15,7,3,9,7,0,1,1,1,0,0,0,14,6,2,9,7
2018_2,가산디지털단지역_3,45037,29362,15675,113,8653,15421,12565,6063,2222,63,4305,10143,9136,4049,1666,50,4348,5278,3429,2014,556
2018_2,구로디지털단지역,2524,1636,888,11,526,783,638,385,181,5,248,527,433,273,150,6,278,256,205,112,31
2018_2,서울 관악구 서울대입구역_1,1936,848,1088,4,333,469,491,305,334,0,89,197,218,147,197,4,244,272,273,158,137
2018_2,관악구 사당역_1,3503,1459,2044,6,370,579,849,1088,611,2,182,322,310,225,418,4,188,257,539,863,193
2018_2,가산디지털단지역_2,59807,36563,23244,1205,17071,18368,12983,6546,3634,513,8151,11975,9246,4094,2584,692,8920,6393,3737,2452,1050
2018_2,관악구 사당역_2,494,285,209,1,106,127,107,104,49,1,54,72,59,67,32,0,52,55,48,37,17
2018_2,가산디지털단지역_1,28461,19196,9265,117,4723,8390,7260,4658,3313,75,2599,5883,5216,3053,2370,42,2124,2507,2044,1605,943
2018_2,장지역,4695,2900,1795,28,660,1282,1218,838,669,18,319,806,817,503,437,10,341,476,401,335,232
2018_2,포이사거리_1,5851,3303,2548,13,715,1776,1822,1248,277,1,400,1191,988,531,192,12,315,585,834,717,85
2018_2,포이사거리_2,8599,5946,2653,21,1007,2275,2585,1907,804,10,572,1521,1846,1376,621,11,435,754,739,531,183
2018_2,서울 관악구 대학동_1,112,67,45,1,17,47,18,19,10,0,6,28,12,12,9,1,11,19,6,7,1
2018_2,서울 금천구 독산1동_1,3020,1946,1074,20,446,693,730,681,450,9,216,429,474,443,375,11,230,264,256,238,75
2018_2,양재 화물트럭터미널앞_2,148,70,78,0,24,50,47,17,10,0,9,14,30,10,7,0,15,36,17,7,3
2018_2,양재 화물트럭터미널앞_1,4525,3730,795,11,849,1433,1153,794,285,2,589,1210,1005,687,237,9,260,223,148,107,48
2018_2,서울 금천구 시흥1동_4,957,409,548,2,151,165,196,247,196,2,37,71,87,104,108,0,114,94,109,143,88
2018_2,풍성로37가길,40,20,20,0,4,11,12,8,5,0,3,6,6,4,1,0,1,5,6,4,4
2018_2,천호옛길,476,320,156,0,72,112,123,86,83,0,48,74,91,45,62,0,24,38,32,41,21
2018_2,천호옛14길,703,384,319,7,124,133,153,167,119,2,50,74,86,96,76,5,74,59,67,71,43
2018_2,천호대로219길,1366,617,749,9,70,168,247,401,471,8,30,88,142,217,132,1,40,80,105,184,339
2018_2,천호대로197길,22,8,14,1,0,5,9,6,1,1,0,1,4,2,0,0,0,4,5,4,1
2018_2,천호대로187길,890,509,381,0,81,203,213,206,187,0,43,124,117,112,113,0,38,79,96,94,74
2018_2,천호대로170길,257,149,108,0,42,56,60,67,32,0,31,46,26,28,18,0,11,10,34,39,14
2018_2,천호대로162길,1306,831,475,2,146,388,345,237,188,0,79,300,241,122,89,2,67,88,104,115,99
2018_2,천중로51길,425,222,203,2,55,108,119,83,58,0,21,65,58,41,37,2,34,43,61,42,21
2018_2,천중로39길,564,213,351,2,50,94,125,130,163,1,10,37,40,50,75,1,40,57,85,80,88
2018_2,진황도로47길,1602,638,964,1,217,223,291,496,374,0,116,142,116,97,167,1,101,81,175,399,207
2018_2,진황도로27길,579,300,279,0,63,123,161,128,104,0,22,67,92,56,63,0,41,56,69,72,41
2018_2,올림픽로98길,41,17,24,0,2,6,12,11,10,0,1,1,6,3,6,0,1,5,6,8,4
2018_2,올림픽로77길,21,11,10,0,0,12,4,4,1,0,0,5,2,3,1,0,0,7,2,1,0
2018_2,올림픽로71길,353,258,95,0,27,107,97,80,42,0,16,82,71,57,32,0,11,25,26,23,10
2018_2,올림픽로48길,6417,3785,2632,40,604,1445,1510,1398,1420,18,259,717,826,911,1054,22,345,728,684,487,366
2018_2,양재대로96길,1304,791,513,0,107,213,263,372,349,0,66,125,145,209,246,0,41,88,118,163,103
2018_2,양재대로95길,604,312,292,2,61,117,160,167,97,1,29,55,89,73,65,1,32,62,71,94,32
2018_2,양재대로91길,1119,618,501,1,124,203,256,248,287,0,57,125,147,121,168,1,67,78,109,127,119
2018_2,양재대로133길,358,133,225,0,40,79,70,101,68,0,7,43,29,28,26,0,33,36,41,73,42
2018_2,양재대로124길,581,330,251,0,58,132,123,132,136,0,26,78,77,61,88,0,32,54,46,71,48
2018_2,양재대로116길,213,88,125,0,20,43,52,66,32,0,8,16,21,28,15,0,12,27,31,38,17
2018_2,양재대로101길,1389,809,580,2,141,278,323,297,348,0,45,133,185,186,260,2,96,145,138,111,88
2018_2,암사길,395,174,221,0,29,114,113,97,42,0,3,52,51,46,22,0,26,62,62,51,20
2018_2,성안로3길,1338,764,574,0,209,303,355,284,187,0,97,185,214,133,135,0,112,118,141,151,52
2018_2,성내로5길,1078,551,527,1,165,283,277,278,74,0,56,145,134,161,55,1,109,138,143,117,19
2018_2,상일로5길,41,23,18,0,3,6,10,12,10,0,1,4,5,6,7,0,2,2,5,6,3
2018_2,상암로5길,566,238,328,2,62,92,119,139,152,2,15,42,46,54,79,0,47,50,73,85,73
2018_2,상암로51길,788,343,445,3,137,149,188,166,145,2,37,70,89,62,83,1,100,79,99,104,62
2018_2,상암로4길,204,131,73,0,29,57,66,42,10,0,18,48,44,15,6,0,11,9,22,27,4
2018_2,상암로14길,407,217,190,1,56,90,127,81,52,1,22,44,78,36,36,0,34,46,49,45,16
2018_2,명일로13길,104,47,57,0,3,14,26,47,14,0,1,4,8,24,10,0,2,10,18,23,4
2018_2,동남로85길,116,66,50,0,6,31,32,32,15,0,3,23,16,13,11,0,3,8,16,19,4
2018_2,동남로82길,10,4,6,0,0,1,1,6,2,0,0,0,1,1,2,0,0,1,0,5,0
2018_2,동남로65길,81,25,56,0,2,9,20,23,27,0,2,3,6,5,9,0,0,6,14,18,18
2018_2,구천면로42길,347,193,154,3,46,70,80,75,73,1,25,36,46,38,47,2,21,34,34,37,26
2018_2,구천면로41길,583,246,337,0,55,157,165,147,59,0,14,69,79,57,27,0,41,88,86,90,32
2018_2,구천면로36길,40,23,17,0,5,9,11,11,4,0,2,5,7,5,4,0,3,4,4,6,0
2018_2,고덕로25길,14,8,6,0,0,6,6,1,1,0,0,4,4,0,0,0,0,2,2,1,1
2018_2,고덕로10길,181,84,97,0,15,44,39,55,28,0,6,25,19,19,15,0,9,19,20,36,13
2018_2,강동대로53길,887,492,395,3,146,217,229,197,95,0,62,138,119,109,64,3,84,79,110,88,31
2018_2,풍성로25길,787,283,504,1,113,202,191,165,115,0,32,90,61,52,48,1,81,112,130,113,67
2018_2,오금로46길,1431,710,721,10,257,360,359,304,141,6,90,188,187,151,88,4,167,172,172,153,53
2018_2,오금로36길,1297,935,362,3,184,398,390,245,77,0,94,271,323,185,62,3,90,127,67,60,15
2018_2,오금로11길,2163,1389,774,14,277,488,498,440,446,8,135,350,311,246,339,6,142,138,187,194,107
2018_2,양재대로72길,621,301,320,1,72,138,165,153,92,1,18,68,75,69,70,0,54,70,90,84,22
2018_2,양재대로71길,1434,887,547,5,210,420,327,250,222,2,71,232,227,180,175,3,139,188,100,70,47
2018_2,양재대로64길,1458,635,823,3,381,474,325,172,103,0,77,179,187,119,73,3,304,295,138,53,30
2018_2,양재대로62길,7052,4459,2593,5,239,416,591,862,4939,1,122,258,372,418,3288,4,117,158,219,444,1651
2018_2,송파대로30길,1629,990,639,6,270,365,395,367,226,1,147,253,246,204,139,5,123,112,149,163,87
2018_2,송이로36길,1947,1366,581,9,359,394,465,438,282,5,240,285,304,303,229,4,119,109,161,135,53
2018_2,송이로32길,732,412,320,3,63,134,214,217,101,1,27,88,126,107,63,2,36,46,88,110,38
2018_2,송이로23길,1442,912,530,3,142,280,331,325,361,3,66,160,189,220,274,0,76,120,142,105,87
2018_2,삼전로13길,1633,731,902,5,231,370,388,321,318,2,69,159,160,133,208,3,162,211,228,188,110
2018_2,백제고분로50길,1512,922,590,4,200,376,431,310,191,3,81,238,268,193,139,1,119,138,163,117,52
2018_2,백제고분로46길,1619,955,664,3,237,393,409,331,246,2,102,225,267,201,158,1,135,168,142,130,88
2018_2,백제고분로45길,504,326,178,2,90,108,118,115,71,2,60,68,78,72,46,0,30,40,40,43,25
2018_2,백제고분로42길,124,79,45,0,22,18,38,35,11,0,16,11,22,21,9,0,6,7,16,14,2
2018_2,백제고분로39길,1696,1248,448,2,262,732,406,204,90,1,190,652,288,70,47,1,72,80,118,134,43
2018_2,백제고분로34길,1516,980,536,7,182,365,451,334,177,4,89,238,309,215,125,3,93,127,142,119,52
2018_2,백제고분로33길,1104,708,396,0,124,277,312,265,126,0,68,172,204,171,93,0,56,105,108,94,33
2018_2,백제고분로32길,1121,500,621,3,132,216,252,340,178,3,39,96,119,142,101,0,93,120,133,198,77
2018_2,백제고분로31길,347,186,161,0,21,58,104,107,57,0,10,34,62,54,26,0,11,24,42,53,31
2018_2,백제고분로22길,1205,721,484,2,86,202,283,283,349,0,36,112,168,144,261,2,50,90,115,139,88
2018_2,백제고분로21길,205,136,69,0,27,49,39,47,43,0,8,28,24,35,41,0,19,21,15,12,2
2018_2,마천로51길,157,67,90,0,17,24,39,41,36,0,9,12,11,16,19,0,8,12,28,25,17
2018_2,동남로20길,155,82,73,0,22,22,40,48,23,0,9,11,22,28,12,0,13,11,18,20,11
2018_2,거마로20길,527,228,299,0,96,139,142,117,33,0,35,65,62,47,19,0,61,74,80,70,14
2018_2,학동로77길,2922,1463,1459,2,287,720,639,719,555,1,76,267,281,470,368,1,211,453,358,249,187
2018_2,학동로6길,1698,886,812,8,304,515,419,275,177,1,126,299,244,121,95,7,178,216,175,154,82
2018_2,학동로56길,893,439,454,3,89,248,254,210,89,1,24,94,125,129,66,2,65,154,129,81,23
2018_2,학동로38길,6922,4029,2893,15,1621,2062,1521,1019,684,6,583,1133,1017,754,536,9,1038,929,504,265,148
2018_2,테헤란로81길,524,204,320,3,207,195,80,19,20,3,72,72,27,12,18,0,135,123,53,7,2
2018_2,일원로9길,489,274,215,1,44,72,107,119,146,0,15,46,67,56,90,1,29,26,40,63,56
2018_2,일원로3길,234,125,109,0,15,43,74,71,31,0,8,34,42,28,13,0,7,9,32,43,18
2018_2,영동대로65길,3214,1853,1361,9,581,1091,796,457,280,5,260,656,535,225,172,4,321,435,261,232,108
2018_2,영동대로112길,628,391,237,5,112,191,159,96,65,3,55,130,111,54,38,2,57,61,48,42,27
2018_2,언주로81길,9998,4857,5141,38,2656,2783,2186,1526,809,11,884,1512,1335,758,357,27,1772,1271,851,768,452
2018_2,압구정로2길,2822,1499,1323,26,699,889,671,326,211,5,244,520,413,162,155,21,455,369,258,164,56
2018_2,선릉로18길,348,204,144,1,29,53,68,88,109,1,10,34,42,45,72,0,19,19,26,43,37
2018_2,선릉로146길,1923,986,937,4,478,716,394,201,130,1,199,386,233,99,68,3,279,330,161,102,62
2018_2,선릉로133길,270,147,123,0,50,76,59,42,43,0,19,42,34,22,30,0,31,34,25,20,13
2018_2,선릉로132길,1089,619,470,1,133,282,225,228,220,0,41,127,125,158,168,1,92,155,100,70,52
2018_2,선릉로121길,1565,874,691,6,282,614,373,184,106,3,102,321,250,124,74,3,180,293,123,60,32
2018_2,삼성로75길,2635,1450,1185,4,612,706,541,465,307,0,238,350,315,313,234,4,374,356,226,152,73
2018_2,삼성로69길,357,181,176,0,99,119,78,46,15,0,29,63,48,28,13,0,70,56,30,18,2
2018_2,삼성로64길,522,249,273,0,126,162,111,82,41,0,36,78,73,39,23,0,90,84,38,43,18
2018_2,삼성로63길,245,96,149,2,55,35,75,58,20,2,20,12,28,22,12,0,35,23,47,36,8
2018_2,삼성로57길,846,267,579,10,134,271,216,138,77,4,36,66,68,48,45,6,98,205,148,90,32
2018_2,삼성로147길,874,357,517,2,220,277,165,124,86,1,52,108,78,65,53,1,168,169,87,59,33
2018_2,삼성로115길,256,151,105,0,37,92,58,40,29,0,11,60,40,24,16,0,26,32,18,16,13
2018_2,봉은사로68길,204,91,113,0,49,58,55,24,18,0,11,26,31,13,10,0,38,32,24,11,8
2018_2,봉은사로57길,1141,708,433,4,333,356,240,137,71,1,117,226,183,115,66,3,216,130,57,22,5
2018_2,봉은사로43길,1058,705,353,12,237,344,260,113,92,8,142,223,189,80,63,4,95,121,71,33,29
2018_2,봉은사로29길,138,95,43,0,27,52,28,23,8,0,14,40,21,15,5,0,13,12,7,8,3
2018_2,봉은사로109길,329,175,154,0,71,88,71,50,49,0,23,51,38,33,30,0,48,37,33,17,19
2018_2,도산대로89길,2258,953,1305,21,585,798,443,268,143,2,148,329,238,139,97,19,437,469,205,129,46
2018_2,도산대로81길,4192,1529,2663,30,1511,1280,791,377,203,5,478,534,267,135,110,25,1033,746,524,242,93
2018_2,도산대로50길,2731,1870,861,3,242,450,568,803,665,1,146,340,487,560,336,2,96,110,81,243,329
2018_2,도산대로38길,163,91,72,2,44,37,36,30,14,0,16,25,22,21,7,2,28,12,14,9,7
2018_2,도산대로30길,3304,1620,1684,5,912,1132,729,366,160,3,324,571,410,191,121,2,588,561,319,175,39
2018_2,도산대로23길,1448,886,562,1,402,393,278,174,200,0,161,236,190,126,173,1,241,157,88,48,27
2018_2,도산대로15길,1632,760,872,7,556,576,281,136,76,4,210,290,150,67,39,3,346,286,131,69,37
2018_2,도곡로37길,4197,2203,1994,10,925,1317,1089,596,260,4,250,721,706,331,191,6,675,596,383,265,69
2018_2,논현로8길,783,440,343,5,152,216,197,132,81,2,81,149,91,60,57,3,71,67,106,72,24
2018_2,논현로63길,3203,2261,942,7,414,887,891,664,340,2,201,566,692,498,302,5,213,321,199,166,38
2018_2,논현로28길,10510,7244,3266,16,2109,4090,2580,1092,623,9,1029,2705,2018,936,547,7,1080,1385,562,156,76
2018_2,논현로26길,7670,5050,2620,30,1204,2053,1599,1114,1670,23,666,1593,1292,746,730,7,538,460,307,368,940
2018_2,논현로139길,2712,1278,1434,5,742,969,536,239,221,3,184,491,339,109,152,2,558,478,197,130,69
2018_2,논현로123길,100,59,41,0,18,28,22,22,10,0,9,18,14,13,5,0,9,10,8,9,5
2018_2,논현로115길,2806,1441,1365,3,657,1020,655,249,222,0,206,512,431,145,147,3,451,508,224,104,75
2018_2,논현로10길,2570,1650,920,6,241,503,640,608,572,2,117,343,408,381,399,4,124,160,232,227,173
2018_2,논현로106길,2765,1572,1193,6,414,638,678,600,429,4,177,430,423,275,263,2,237,208,255,325,166
2018_2,남부순환로365길,171,122,49,0,20,38,51,41,21,0,9,28,36,34,15,0,11,10,15,7,6
2018_2,개포로28길,296,193,103,0,39,84,66,73,34,0,19,59,50,41,24,0,20,25,16,32,10
2018_2,개포로20길,4215,2408,1807,8,570,943,1118,983,593,5,237,560,614,521,471,3,333,383,504,462,122
2018_2,개포로17길,2622,1698,924,6,289,692,756,568,311,3,137,432,523,362,241,3,152,260,233,206,70
2018_2,강남대로140길,4005,2014,1991,10,732,1091,834,800,538,3,190,523,519,393,386,7,542,568,315,407,152
2018_2,강남대로136길,1294,759,535,4,275,449,340,133,93,1,104,252,240,86,76,3,171,197,100,47,17
2018_2,강남대로118길,588,330,258,2,81,147,138,86,134,0,21,72,88,51,98,2,60,75,50,35,36
2018_2,서초중앙로8길,7653,5747,1906,10,1199,2392,2152,1482,418,4,731,1818,1738,1118,338,6,468,574,414,364,80
2018_2,방배중앙로21길,1297,640,657,6,200,246,287,306,252,3,72,124,159,135,147,3,128,122,128,171,105
2018_2,효령로72길,204,124,80,2,45,34,51,45,27,0,15,24,30,34,21,2,30,10,21,11,6
2018_2,효령로34길,37,31,6,0,1,7,10,9,10,0,0,4,10,7,10,0,1,3,0,2,0
2018_2,효령로31길,1329,705,624,2,309,315,353,214,136,1,75,165,230,130,104,1,234,150,123,84,32
2018_2,효령로23길,732,433,299,3,136,164,209,138,82,2,54,93,133,89,62,1,82,71,76,49,20
2018_2,청두곶길,2220,1352,868,21,547,568,570,390,124,3,266,397,336,264,86,18,281,171,234,126,38
2018_2,주흥길,333,224,109,0,40,108,100,60,25,0,20,67,73,42,22,0,20,41,27,18,3
2018_2,주흥15길,1480,947,533,2,305,442,332,189,210,2,157,278,250,118,142,0,148,164,82,71,68
2018_2,언남길,1642,1109,533,5,230,437,511,301,158,3,123,297,357,216,113,2,107,140,154,85,45
2018_2,신반포로45길,451,275,176,2,81,125,93,67,83,2,30,73,70,46,54,0,51,52,23,21,29
2018_2,서초대로8길,248,125,123,0,36,56,88,43,25,0,13,33,44,23,12,0,23,23,44,20,13
2018_2,서초대로64길,623,435,188,2,99,134,163,128,97,0,48,83,125,107,72,2,51,51,38,21,25
2018_2,서초대로4길,652,473,179,1,76,166,169,131,109,1,55,116,135,95,71,0,21,50,34,36,38
2018_2,서초대로25길,3904,2399,1505,13,785,1180,1006,674,246,9,361,724,697,436,172,4,424,456,309,238,74
2018_2,서초대로23길,556,339,217,0,76,162,128,65,125,0,35,102,78,34,90,0,41,60,50,31,35
2018_2,서초대로15길,1535,711,824,7,171,349,414,358,236,3,41,161,195,141,170,4,130,188,219,217,66
2018_2,사평대로57길,177,66,111,2,41,57,34,19,24,0,10,28,17,10,1,2,31,29,17,9,23
2018_2,사평대로26길,13,9,4,0,0,1,4,3,5,0,0,1,2,3,3,0,0,0,2,0,2
2018_2,사평대로22길,1484,903,581,34,357,381,343,242,127,11,196,248,221,162,65,23,161,133,122,80,62
2018_2,사임당로17길,1851,1124,727,11,365,621,416,265,173,6,144,370,282,181,141,5,221,251,134,84,32
2018_2,방배로42길,126,58,68,1,21,29,37,11,27,1,3,10,22,3,19,0,18,19,15,8,8
2018_2,방배로35길,2371,1505,866,11,330,564,496,457,513,4,141,363,322,297,378,7,189,201,174,160,135
2018_2,방배로18길,77,45,32,0,19,24,18,6,10,0,12,10,13,3,7,0,7,14,5,3,3
2018_2,반포대로9길,658,422,236,2,131,161,180,107,77,2,64,100,125,77,54,0,67,61,55,30,23
2018_2,바우뫼로39길,2652,1560,1092,11,328,651,523,474,665,8,155,423,366,259,349,3,173,228,157,215,316
2018_2,마방로2길,3850,2366,1484,13,648,1125,930,811,323,6,276,713,627,517,227,7,372,412,303,294,96
2018_2,방배천로4안길,1298,851,447,1,126,311,378,326,156,1,60,197,275,231,87,0,66,114,103,95,69
2018_2,동산로19길,1298,847,451,0,146,384,340,253,175,0,70,250,236,170,121,0,76,134,104,83,54
2018_2,동산로10길,2806,1517,1289,21,355,572,655,669,534,16,192,378,345,306,280,5,163,194,310,363,254
2018_2,동광로39길,54,27,27,0,8,4,20,12,10,0,2,2,9,9,5,0,6,2,11,3,5
2018_2,동광로1길,966,534,432,3,148,237,236,168,174,2,64,136,138,91,103,1,84,101,98,77,71
2018_2,동광로12길,794,508,286,3,92,185,231,158,125,2,38,110,153,111,94,1,54,75,78,47,31
2018_2,논현로27길,3588,2542,1046,16,564,913,978,719,398,9,282,611,712,592,336,7,282,302,266,127,62
2018_2,논현로1길,550,355,195,0,86,168,130,88,78,0,47,119,92,55,42,0,39,49,38,33,36
2018_2,남부순환로339길,13336,5891,7445,66,3615,3244,2855,2578,978,46,1545,1848,1292,707,453,20,2070,1396,1563,1871,525
2018_2,남부순환로325길,8261,3970,4291,17,1140,3138,2005,1374,587,6,445,1268,1067,771,413,11,695,1870,938,603,174
2018_2,남부순환로317길,1663,1135,528,5,331,586,362,172,207,3,173,421,271,126,141,2,158,165,91,46,66
2018_2,고무래로8길,6501,3376,3125,14,783,1701,1658,1272,1073,3,224,757,939,803,650,11,559,944,719,469,423
2018_2,강남대로8길,2603,1629,974,3,249,637,722,627,365,0,128,400,479,374,248,3,121,237,243,253,117
2018_2,강남대로34길,1069,705,364,1,214,384,240,128,102,0,117,268,159,76,85,1,97,116,81,52,17
2018_2,강남대로23길,7309,5154,2155,19,1146,1742,1763,1725,914,12,760,1311,1376,1085,610,7,386,431,387,640,304
2018_2,소담길,34,11,23,0,4,11,5,11,3,0,0,5,2,3,1,0,4,6,3,8,2
2018_2,원신길,297,116,181,0,35,91,51,71,49,0,6,34,27,32,17,0,29,57,24,39,32
2018_2,양산길,356,242,114,0,34,46,69,103,104,0,8,22,43,76,93,0,26,24,26,27,11
2018_2,호암로24길,788,262,526,1,70,119,196,226,176,1,19,63,82,39,58,0,51,56,114,187,118
2018_2,호암로20길,55,29,26,0,5,8,12,18,12,0,2,4,6,9,8,0,3,4,6,9,4
2018_2,행운길,21,5,16,0,0,3,8,9,1,0,0,2,1,2,0,0,0,1,7,7,1
2018_2,행운1길,105,71,34,0,5,25,37,22,16,0,4,12,28,13,14,0,1,13,9,9,2
2018_2,청림3길,74,37,37,0,11,15,19,22,7,0,2,8,10,11,6,0,9,7,9,11,1
2018_2,청룡길,89,48,41,0,23,30,20,11,5,0,9,16,13,8,2,0,14,14,7,3,3
2018_2,청룡8길,10,5,5,0,1,3,1,2,3,0,0,2,0,1,2,0,1,1,1,1,1
2018_2,중앙길,260,94,166,0,41,44,70,65,40,0,3,11,27,35,18,0,38,33,43,30,22
2018_2,조원중앙로2길,1189,848,341,0,113,345,273,306,152,0,67,230,203,228,120,0,46,115,70,78,32
2018_2,조원로18길,1045,551,494,1,125,251,241,266,161,1,42,154,130,142,82,0,83,97,111,124,79
2018_2,조원로10길,275,121,154,0,58,53,57,55,52,0,19,23,20,27,32,0,39,30,37,28,20
2018_2,장군봉2길,400,277,123,0,29,102,118,105,46,0,14,60,83,82,38,0,15,42,35,23,8
2018_2,장군봉1길,83,16,67,0,7,28,26,18,4,0,2,4,3,3,4,0,5,24,23,15,0
2018_2,인헌길,82,52,30,0,6,21,25,17,13,0,5,15,15,9,8,0,1,6,10,8,5
2018_2,은천로25길,284,92,192,0,50,63,72,54,45,0,2,17,29,23,21,0,48,46,43,31,24
2018_2,양녕로6길,822,465,357,4,98,165,200,196,159,4,46,80,123,121,91,0,52,85,77,75,68
2018_2,신원로3길,25,14,11,0,3,6,12,3,1,0,2,3,6,2,1,0,1,3,6,1,0
2018_2,신사로20길,44,14,30,0,12,9,6,12,5,0,2,0,4,6,2,0,10,9,2,6,3
2018_2,신림로64길,242,118,124,2,34,58,69,56,23,1,16,35,28,25,13,1,18,23,41,31,10
2018_2,신림로48길,69,33,36,0,10,13,16,15,15,0,3,5,7,7,11,0,7,8,9,8,4
2018_2,신림로38길,60,33,27,0,5,16,15,11,13,0,1,13,6,5,8,0,4,3,9,6,5
2018_2,신림로28길,328,227,101,0,18,46,80,93,91,0,9,17,41,74,86,0,9,29,39,19,5
2018_2,신림로11길,470,420,50,0,8,26,131,229,76,0,4,17,121,211,67,0,4,9,10,18,9
2018_2,신림동길,354,198,156,2,56,87,79,81,49,0,28,54,51,39,26,2,28,33,28,42,23
2018_2,승방길,571,365,206,0,82,173,165,98,53,0,35,125,124,50,31,0,47,48,41,48,22
2018_2,서림7길,289,116,173,0,21,66,87,86,29,0,11,30,28,34,13,0,10,36,59,52,16
2018_2,봉천로33길,308,199,109,0,39,60,89,71,49,0,24,41,57,43,34,0,15,19,32,28,15
2018_2,봉천로13길,318,88,230,0,19,49,98,102,50,0,3,13,32,22,18,0,16,36,66,80,32
2018_2,복은길,155,55,100,0,12,21,31,52,39,0,2,10,15,20,8,0,10,11,16,32,31
2018_2,법원단지길,2,2,0,0,0,0,2,0,0,0,0,0,2,0,0,0,0,0,0,0,0
2018_2,법원단지9길,87,39,48,0,13,27,11,22,14,0,4,16,4,7,8,0,9,11,7,15,6
2018_2,미성5길,77,44,33,0,6,14,15,20,22,0,2,7,9,10,16,0,4,7,6,10,6
2018_2,대학길,75,39,36,0,5,21,20,21,8,0,3,13,11,9,3,0,2,8,9,12,5
2018_2,대학14길,13,4,9,0,1,2,1,3,6,0,0,2,0,2,0,0,1,0,1,1,6
2018_2,당곡길,386,205,181,0,42,77,103,87,77,0,21,35,55,37,57,0,21,42,48,50,20
2018_2,남현길,224,76,148,0,28,62,58,51,25,0,5,16,24,15,16,0,23,46,34,36,9
2018_2,남현3길,270,140,130,0,45,63,89,46,27,0,9,32,49,27,23,0,36,31,40,19,4
2018_2,남부순환로248길,251,112,139,1,28,64,69,59,30,0,8,32,20,33,19,1,20,32,49,26,11
2018_2,남부순환로234길,173,116,57,1,20,37,47,38,30,1,9,22,36,25,23,0,11,15,11,13,7
2018_2,남부순환로172길,1264,685,579,1,93,227,290,378,275,1,34,119,153,199,179,0,59,108,137,179,96
2018_2,남부순환로161길,31,12,19,0,3,5,15,5,3,0,1,1,7,2,1,0,2,4,8,3,2
2018_2,남부순환로151길,200,144,56,0,11,31,53,69,36,0,7,19,43,44,31,0,4,12,10,25,5
2018_2,남부순환로142길,93,49,44,0,13,12,22,27,19,0,4,9,6,19,11,0,9,3,16,8,8
2018_2,난향길,177,42,135,0,16,47,57,42,15,0,2,6,12,10,12,0,14,41,45,32,3
2018_2,난우길,426,159,267,0,29,68,104,111,114,0,5,21,53,39,41,0,24,47,51,72,73
2018_2,난곡로74길,117,53,64,0,16,32,27,28,14,0,2,12,16,15,8,0,14,20,11,13,6
2018_2,난곡로34길,25,7,18,0,6,2,9,5,3,0,0,0,3,2,2,0,6,2,6,3,1
2018_2,난곡로26길,141,50,91,0,9,27,50,40,15,0,1,11,17,12,9,0,8,16,33,28,6
2018_2,난곡로24길,26,16,10,0,0,5,10,10,1,0,0,3,5,7,1,0,0,2,5,3,0
2018_2,낙성대역길,698,446,252,0,61,104,131,182,220,0,15,57,62,125,187,0,46,47,69,57,33
2018_2,국회단지길,572,272,300,0,102,114,158,127,71,0,18,61,104,53,36,0,84,53,54,74,35
2018_2,구암길,88,34,54,0,11,19,30,17,11,0,4,8,8,7,7,0,7,11,22,10,4
2018_2,관천로22길,19,6,13,0,3,3,7,2,4,0,1,1,3,0,1,0,2,2,4,2,3
2018_2,관천로15길,150,82,68,1,19,24,46,32,28,1,5,16,25,13,22,0,14,8,21,19,6
2018_2,관악로30길,187,62,125,1,25,40,44,41,36,0,6,13,16,12,15,1,19,27,28,29,21
2018_2,관악로28길,151,71,80,0,13,19,44,30,45,0,2,4,10,15,40,0,11,15,34,15,5
2018_2,관악로14길,464,257,207,6,114,85,88,90,81,0,49,54,52,40,62,6,65,31,36,50,19
2018_2,관악로10길,223,156,67,0,23,49,75,44,32,0,11,37,56,30,22,0,12,12,19,14,10
2018_2,흑석로9길,171,71,100,1,32,39,34,41,24,0,13,22,14,15,7,1,19,17,20,26,17
2018_2,흑석로13길,149,11,138,0,57,44,25,13,10,0,3,2,2,1,3,0,54,42,23,12,7
2018_2,장승배기로27길,46,21,25,0,5,4,14,15,8,0,1,1,8,6,5,0,4,3,6,9,3
2018_2,장승배기로19길,8,4,4,0,1,2,0,4,1,0,0,0,0,3,1,0,1,2,0,1,0
2018_2,여의대방로46길,465,161,304,1,49,141,137,97,40,0,10,46,37,39,29,1,39,95,100,58,11
2018_2,여의대방로24길,18249,9804,8445,54,3451,3244,3060,4707,3733,34,2546,2578,1565,1560,1521,20,905,666,1495,3147,2212
2018_2,여의대방로22카길,306,125,181,0,28,41,98,94,45,0,9,27,44,29,16,0,19,14,54,65,29
2018_2,여의대방로22나길,129,52,77,0,10,29,35,39,16,0,4,8,12,19,9,0,6,21,23,20,7
2018_2,여의대방로22길,248,147,101,0,48,41,45,65,49,0,19,32,24,36,36,0,29,9,21,29,13
2018_2,양녕로26길,135,67,68,0,13,21,26,46,29,0,1,11,11,21,23,0,12,10,15,25,6
2018_2,신대방길,99,63,36,0,6,20,32,20,21,0,2,11,19,17,14,0,4,9,13,3,7
2018_2,성대로29길,3,2,1,0,0,1,2,0,0,0,0,0,2,0,0,0,0,1,0,0,0
2018_2,성대로1길,343,143,200,0,20,62,93,76,92,0,8,37,40,30,28,0,12,25,53,46,64
2018_2,서달로8가길,247,99,148,1,26,45,56,60,59,0,7,16,19,23,34,1,19,29,37,37,25
2018_2,서달로14길,42,18,24,0,13,5,12,5,7,0,4,3,5,1,5,0,9,2,7,4,2
2018_2,서달로10길,66,32,34,0,2,20,12,26,6,0,1,10,7,11,3,0,1,10,5,15,3
2018_2,상도로62길,185,56,129,1,14,39,54,45,32,0,1,10,11,17,17,1,13,29,43,28,15
2018_2,상도로61길,46,21,25,0,11,8,11,11,5,0,2,3,6,5,5,0,9,5,5,6,0
2018_2,상도로47길,46,33,13,0,8,15,9,10,4,0,6,12,4,7,4,0,2,3,5,3,0
2018_2,상도로37길,1920,932,988,31,288,471,506,413,211,0,70,281,289,198,94,31,218,190,217,215,117
2018_2,상도로15길,359,155,204,0,43,72,112,93,39,0,12,29,56,44,14,0,31,43,56,49,25
2018_2,사당로8길,121,66,55,0,11,24,34,26,26,0,2,10,21,15,18,0,9,14,13,11,8
2018_2,사당로30길,298,204,94,0,13,78,113,68,26,0,6,51,75,53,19,0,7,27,38,15,7
2018_2,사당로2차길,113,76,37,1,37,22,21,20,12,1,30,11,15,11,8,0,7,11,6,9,4
2018_2,사당로29길,26,22,4,0,1,2,4,8,11,0,1,1,3,6,11,0,0,1,1,2,0
2018_2,사당로26길,260,148,112,0,35,44,83,62,36,0,12,29,55,32,20,0,23,15,28,30,16
2018_2,사당로23나길,141,45,96,0,7,21,48,31,34,0,2,4,13,5,21,0,5,17,35,26,13
2018_2,사당로23길,16,12,4,0,2,3,4,5,2,0,2,2,3,3,2,0,0,1,1,2,0
2018_2,사당로20길,194,146,48,0,7,19,76,57,35,0,2,14,60,40,30,0,5,5,16,17,5
2018_2,사당로16길,135,40,95,0,8,24,44,46,13,0,1,5,16,9,9,0,7,19,28,37,4
2018_2,사당로16가길,772,471,301,0,29,54,92,114,483,0,20,29,48,55,319,0,9,25,44,59,164
2018_2,만양로8길,95,46,49,0,15,25,21,18,16,0,6,12,11,8,9,0,9,13,10,10,7
2018_2,만양로14길,347,154,193,1,38,80,91,78,59,0,12,31,42,36,33,1,26,49,49,42,26
2018_2,등용로14길,670,456,214,1,99,194,181,98,97,1,65,150,134,53,53,0,34,44,47,45,44
2018_2,동작대로7길,1829,746,1083,4,370,381,421,405,248,3,67,142,196,179,159,1,303,239,225,226,89
2018_2,동작대로35길,945,116,829,0,68,82,212,404,179,0,16,27,34,19,20,0,52,55,178,385,159
2018_2,동작대로33길,106,56,50,0,15,22,21,29,19,0,3,12,10,18,13,0,12,10,11,11,6
2018_2,동작대로29길,38,21,17,0,4,7,13,8,6,0,3,5,4,5,4,0,1,2,9,3,2
2018_2,동작대로17길,1402,710,692,2,215,349,438,276,122,2,57,166,237,172,76,0,158,183,201,104,46
2018_2,대방동2길,462,215,247,0,52,120,130,114,46,0,10,63,69,50,23,0,42,57,61,64,23
2018_2,대방동27길,125,78,47,0,3,31,32,35,24,0,2,18,17,22,19,0,1,13,15,13,5
2018_2,노량진로6길,100,28,72,0,6,25,26,30,13,0,2,7,5,11,3,0,4,18,21,19,10
2018_2,국사봉길,48,9,39,0,3,13,11,11,10,0,0,5,2,0,2,0,3,8,9,11,8
2018_2,국사봉2길,50,18,32,0,9,8,8,13,12,0,1,2,4,5,6,0,8,6,4,8,6
2018_2,국사봉1길,9,3,6,0,1,2,1,5,0,0,0,1,0,2,0,0,1,1,1,3,0
2018_2,영신로9길,344,178,166,0,44,79,101,76,44,0,17,42,51,38,30,0,27,37,50,38,14
2018_2,영등포로84길,378,96,282,3,55,60,56,114,90,0,12,30,18,19,17,3,43,30,38,95,73
2018_2,영등포로80길,55,30,25,1,8,13,9,10,14,1,4,2,6,5,12,0,4,11,3,5,2
2018_2,영등포로62길,7,4,3,0,0,2,2,2,1,0,0,2,1,1,0,0,0,0,1,1,1
2018_2,영등포로35길,89,54,35,0,10,24,24,24,7,0,6,16,18,10,4,0,4,8,6,14,3
2018_2,영등포로27길,301,171,130,0,24,66,99,78,34,0,11,34,55,41,30,0,13,32,44,37,4
2018_2,여의대방로43나길,957,683,274,0,22,70,160,320,385,0,9,38,115,233,288,0,13,32,45,87,97
2018_2,여의대방로39길,7,3,4,0,1,0,2,4,0,0,1,0,1,1,0,0,0,0,1,3,0
2018_2,여의대방로35길,876,459,417,4,127,202,225,158,160,3,51,93,111,89,112,1,76,109,114,69,48
2018_2,양평로28길,624,496,128,7,38,106,162,207,104,7,28,70,135,169,87,0,10,36,27,38,17
2018_2,양평로22라길,29,15,14,0,3,9,9,3,5,0,2,4,2,2,5,0,1,5,7,1,0
2018_2,양평로19길,4563,3515,1048,17,814,1877,1284,434,137,0,416,1529,1104,358,108,17,398,348,180,76,29
2018_2,신길로60길,497,187,310,1,35,127,139,129,66,1,6,54,60,43,23,0,29,73,79,86,43
2018_2,신길로42길,376,182,194,0,52,84,94,90,56,0,21,39,49,41,32,0,31,45,45,49,24
2018_2,신길로42가길,99,33,66,0,9,22,27,24,17,0,2,9,10,6,6,0,7,13,17,18,11
2018_2,신길로39길,129,52,77,1,8,26,33,29,32,1,1,10,16,10,14,0,7,16,17,19,18
2018_2,신길로17길,52,35,17,0,0,3,12,24,13,0,0,3,6,16,10,0,0,0,6,8,3
2018_2,선유서로28길,389,214,175,2,42,81,88,103,73,0,18,45,50,61,40,2,24,36,38,42,33
2018_2,선유서로25길,2563,1872,691,6,259,634,591,531,542,3,163,503,437,386,380,3,96,131,154,145,162
2018_2,선유서로24길,365,209,156,0,21,59,148,97,40,0,6,23,80,71,29,0,15,36,68,26,11
2018_2,선유로55길,2479,1517,962,3,434,719,628,452,243,2,205,463,405,274,168,1,229,256,223,178,75
2018_2,디지털로74길,46,30,16,0,6,17,12,9,2,0,4,13,9,4,0,0,2,4,3,5,2
2018_2,디지털로57길,10,4,6,0,0,4,3,2,1,0,0,2,0,1,1,0,0,2,3,1,0
2018_2,디지털로37길,215,99,116,0,23,57,49,47,39,0,7,29,21,19,23,0,16,28,28,28,16
2018_2,도신로62길,189,58,131,0,17,44,68,50,10,0,5,18,15,15,5,0,12,26,53,35,5
2018_2,도신로60길,64,12,52,0,1,3,11,21,28,0,0,1,5,4,2,0,1,2,6,17,26
2018_2,도신로29길,81,35,46,1,3,6,16,31,24,0,3,3,12,8,9,1,0,3,4,23,15
2018_2,도신로15길,85,43,42,0,8,20,28,19,10,0,2,9,16,10,6,0,6,11,12,9,4
2018_2,도림천로21길,88,36,52,0,23,20,14,16,15,0,9,7,6,4,10,0,14,13,8,12,5
2018_2,도림로63길,30,21,9,0,2,4,9,7,8,0,2,3,6,4,6,0,0,1,3,3,2
2018_2,도림로147길,1783,1289,494,0,108,321,519,570,265,0,66,231,363,420,209,0,42,90,156,150,56
2018_2,도림로112길,27,16,11,0,1,5,8,5,8,0,1,4,7,3,1,0,0,1,1,2,7
2018_2,대림로8길,1910,568,1342,0,641,496,355,276,142,0,106,154,124,108,76,0,535,342,231,168,66
2018_2,대림로7길,10,6,4,0,1,0,2,6,1,0,1,0,2,3,0,0,0,0,0,3,1
2018_2,대림로44길,29,16,13,0,1,6,7,8,7,0,0,3,4,5,4,0,1,3,3,3,3
2018_2,대림로34길,192,81,111,0,28,36,64,44,20,0,10,10,27,24,10,0,18,26,37,20,10
2018_2,대림로31길,1055,545,510,6,154,138,179,328,250,4,87,83,81,150,140,2,67,55,98,178,110
2018_2,대림로29길,1809,920,889,5,238,348,448,418,352,2,58,145,213,232,270,3,180,203,235,186,82
2018_2,대림로22길,377,215,162,1,19,58,130,104,65,0,6,36,78,57,38,1,13,22,52,47,27
2018_2,당산로46길,4383,2745,1638,14,341,862,1199,1307,660,4,139,558,819,784,441,10,202,304,380,523,219
2018_2,당산로38길,164,113,51,1,19,44,43,36,21,0,10,27,29,27,20,1,9,17,14,9,1
2018_2,당산로37길,4244,2743,1501,34,1059,1048,791,775,537,27,585,692,537,517,385,7,474,356,254,258,152
2018_2,당산로31길,4394,2379,2015,1,622,1179,1056,1038,498,0,222,539,571,676,371,1,400,640,485,362,127
2018_2,국회대로56길,1741,1124,617,4,146,243,324,419,605,2,83,167,243,298,331,2,63,76,81,121,274
2018_2,경인로90길,314,177,137,1,20,75,70,93,55,0,7,39,31,57,43,1,13,36,39,36,12
2018_2,경인로80길,1576,1129,447,3,138,276,377,450,332,1,81,181,254,337,275,2,57,95,123,113,57
2018_2,경인로77길,709,447,262,1,112,152,142,182,120,0,41,76,105,128,97,1,71,76,37,54,23
2018_2,가마산로61길,204,70,134,0,22,50,54,46,32,0,3,19,21,11,16,0,19,31,33,35,16
2018_2,시흥대로94길,689,350,339,0,54,148,188,195,104,0,26,79,92,94,59,0,28,69,96,101,45
2018_2,시흥대로84길,185,85,100,0,21,36,61,45,22,0,8,18,25,21,13,0,13,18,36,24,9
2018_2,시흥대로68길,960,251,709,0,23,39,79,160,659,0,11,23,26,33,158,0,12,16,53,127,501
2018_2,시흥대로63길,2949,1450,1499,10,454,943,650,625,267,2,190,396,279,409,174,8,264,547,371,216,93
2018_2,시흥대로62가길,443,108,335,0,59,74,87,152,71,0,13,21,20,33,21,0,46,53,67,119,50
2018_2,시흥대로36길,409,232,177,0,59,121,124,71,34,0,23,69,74,42,24,0,36,52,50,29,10
2018_2,시흥대로22길,511,362,149,0,24,61,110,143,173,0,14,43,65,100,140,0,10,18,45,43,33
2018_2,시흥대로153길,640,368,272,1,66,113,193,197,70,1,33,71,120,101,42,0,33,42,73,96,28
2018_2,시흥대로150길,537,248,289,0,40,98,144,162,93,0,8,36,60,83,61,0,32,62,84,79,32
2018_2,시흥대로141길,653,381,272,2,119,163,167,134,68,2,49,90,115,85,40,0,70,73,52,49,28
2018_2,시흥대로138길,18,9,9,0,3,2,3,7,3,0,1,1,1,4,2,0,2,1,2,3,1
2018_2,시흥대로120길,470,311,159,0,72,94,154,111,39,0,52,61,110,68,20,0,20,33,44,43,19
2018_2,벚꽃로56길,1863,1268,595,2,294,689,461,293,124,1,155,461,352,205,94,1,139,228,109,88,30
2018_2,범안로17길,136,82,54,0,9,19,36,41,31,0,6,11,19,26,20,0,3,8,17,15,11
2018_2,범안로11길,1073,839,234,6,142,287,305,225,108,4,112,226,236,173,88,2,30,61,69,52,20
2018_2,문성로5길,166,58,108,0,11,26,21,53,55,0,2,16,9,15,16,0,9,10,12,38,39
2018_2,독산로85길,99,25,74,0,3,9,15,46,26,0,0,3,4,12,6,0,3,6,11,34,20
2018_2,독산로78다길,223,97,126,0,25,26,54,61,57,0,8,11,19,24,35,0,17,15,35,37,22
2018_2,독산로70길,2,2,0,0,0,0,0,0,2,0,0,0,0,0,2,0,0,0,0,0,0
2018_2,독산로64길,115,31,84,0,24,21,33,30,7,0,2,7,9,8,5,0,22,14,24,22,2
2018_2,독산로50길,91,34,57,0,7,13,25,35,11,0,1,2,10,15,6,0,6,11,15,20,5
2018_2,독산로40길,54,16,38,0,2,3,25,19,5,0,0,1,10,3,2,0,2,2,15,16,3
2018_2,독산로108길,731,343,388,0,95,147,150,200,139,0,25,78,69,85,86,0,70,69,81,115,53
2018_2,남부순환로112길,14,6,8,0,5,1,1,3,4,0,1,1,0,2,2,0,4,0,1,1,2
2018_2,금하로24길,206,70,136,4,30,31,54,56,31,2,9,10,15,19,15,2,21,21,39,37,16
2018_2,금하로1길,73,33,40,0,8,12,21,23,9,0,4,8,7,10,4,0,4,4,14,13,5
2018_2,금하로14길,26,11,15,0,1,4,11,8,2,0,0,2,4,3,2,0,1,2,7,5,0
2018_2,가산로5길,583,456,127,4,74,116,188,133,68,4,57,93,143,109,50,0,17,23,45,24,18
2018_2,가산로3길,2320,1764,556,4,208,494,519,659,436,4,161,417,390,463,329,0,47,77,129,196,107
2018_2,중앙로1길,1572,1085,487,1,161,329,292,315,474,0,87,214,184,211,389,1,74,115,108,104,85
2018_2,중앙로15길,96,50,46,0,7,12,28,33,16,0,1,5,9,21,14,0,6,7,19,12,2
2018_2,우마길,41,21,20,0,12,9,12,6,2,0,1,7,7,4,2,0,11,2,5,2,0
2018_2,오류로8길,224,105,119,0,36,69,43,46,30,0,12,37,16,20,20,0,24,32,27,26,10
2018_2,신도림로13길,828,601,227,2,67,129,183,271,176,2,51,94,131,184,139,0,16,35,52,87,37
2018_2,새말로18길,443,295,148,1,130,147,66,59,40,0,83,107,40,40,25,1,47,40,26,19,15
2018_2,부일로1길,779,627,152,0,40,99,151,259,230,0,27,65,110,212,213,0,13,34,41,47,17
2018_2,부일로15길,181,153,28,0,9,8,18,60,86,0,3,4,12,51,83,0,6,4,6,9,3
2018_2,부일로11길,25,6,19,0,3,5,7,7,3,0,0,1,2,2,1,0,3,4,5,5,2
2018_2,디지털로32길,1053,556,497,2,136,387,213,154,161,2,38,198,122,84,112,0,98,189,91,70,49
2018_2,디지털로32가길,7192,4949,2243,31,1491,2843,1767,674,386,20,727,2039,1370,494,299,11,764,804,397,180,87
2018_2,디지털로27길,389,250,139,0,22,68,103,140,56,0,8,34,59,99,50,0,14,34,44,41,6
2018_2,도림로6길,131,59,72,0,16,33,40,31,11,0,5,14,19,14,7,0,11,19,21,17,4
2018_2,도림로12길,108,43,65,0,25,21,22,32,8,0,5,11,11,10,6,0,20,10,11,22,2
2018_2,남부순환로97길,285,90,195,1,44,51,83,63,43,1,6,11,22,27,23,0,38,40,61,36,20
2018_2,구로중앙로8길,199,73,126,0,16,32,62,55,34,0,4,9,16,21,23,0,12,23,46,34,11
2018_2,구로중앙로7길,197,73,124,0,34,34,47,51,31,0,3,4,17,22,27,0,31,30,30,29,4
2018_2,구로중앙로42길,803,593,210,0,56,135,200,272,140,0,39,102,130,208,114,0,17,33,70,64,26
2018_2,구로중앙로34길,602,335,267,0,41,120,159,160,122,0,10,68,102,90,65,0,31,52,57,70,57
2018_2,구로중앙로28길,3213,1572,1641,3,215,386,590,683,1336,3,94,208,367,385,515,0,121,178,223,298,821
2018_2,구로중앙로19길,10,7,3,0,0,1,3,3,3,0,0,1,2,2,2,0,0,0,1,1,1
2018_2,구로동로8길,152,43,109,0,16,24,41,41,30,0,3,3,16,15,6,0,13,21,25,26,24
2018_2,구로동로7길,171,67,104,0,28,29,42,45,27,0,9,5,14,19,20,0,19,24,28,26,7
2018_2,구로동로42길,26,17,9,0,2,2,9,11,2,0,1,1,5,8,2,0,1,1,4,3,0
2018_2,구로동로41길,433,292,141,0,46,137,143,72,35,0,36,92,89,48,27,0,10,45,54,24,8
2018_2,구로동로38길,36,14,22,0,5,3,10,9,9,0,1,0,5,2,6,0,4,3,5,7,3
2018_2,구로동로28길,169,68,101,0,11,17,56,42,43,0,5,8,21,12,22,0,6,9,35,30,21
2018_2,구로동로15길,31,9,22,0,8,7,3,9,4,0,0,1,1,5,2,0,8,6,2,4,2
2018_2,공원로6가길,288,197,91,1,40,79,79,67,22,0,28,53,54,45,17,1,12,26,25,22,5
2018_2,고척로52길,218,69,149,0,10,26,61,92,29,0,1,7,25,21,15,0,9,19,36,71,14
2018_2,고척로27다길,206,81,125,0,12,33,73,56,32,0,5,13,21,25,17,0,7,20,52,31,15
2018_2,고척로27길,243,113,130,0,28,48,64,82,21,0,6,21,27,47,12,0,22,27,37,35,9
2018_2,고척로21나길,217,63,154,2,17,41,39,63,55,2,2,17,7,12,23,0,15,24,32,51,32
2018_2,경인로47길,919,504,415,1,83,154,233,270,178,1,36,80,137,142,108,0,47,74,96,128,70
2018_2,경인로35길,289,112,177,0,12,52,85,88,52,0,3,18,30,34,27,0,9,34,55,54,25
2018_2,경인로31길,58,22,36,0,5,10,24,16,3,0,3,1,8,7,3,0,2,9,16,9,0
2018_2,경인로15길,143,61,82,0,30,52,32,19,10,0,4,31,13,6,7,0,26,21,19,13,3
2018_2,개봉로3길,225,141,84,0,51,35,59,42,38,0,40,20,25,25,31,0,11,15,34,17,7
2018_2,개봉로2길,480,129,351,0,75,112,147,105,41,0,13,21,45,28,22,0,62,91,102,77,19
2018_2,개봉로23가길,868,501,367,1,90,153,227,209,188,0,46,86,117,118,134,1,44,67,110,91,54
2018_2,개봉로20길,119,68,51,0,7,28,46,24,14,0,4,17,25,12,10,0,3,11,21,12,4
2018_2,개봉로1길,52,27,25,0,9,9,15,7,12,0,4,5,6,5,7,0,5,4,9,2,5
2018_2,개봉로17다길,194,94,100,0,14,30,56,57,37,0,4,14,22,24,30,0,10,16,34,33,7
2018_2,개봉로17길,862,353,509,2,94,151,197,275,143,1,35,82,105,75,55,1,59,69,92,200,88
2018_2,개봉로11길,61,11,50,0,23,11,12,13,2,0,3,2,2,2,2,0,20,9,10,11,0
2018_2,화곡로64길,1601,953,648,3,138,477,487,308,188,2,65,301,322,191,72,1,73,176,165,117,116
2018_2,화곡로59길,480,200,280,0,84,148,140,80,28,0,16,66,56,38,24,0,68,82,84,42,4
2018_2,화곡로44나길,757,621,136,0,23,53,133,246,302,0,12,34,104,210,261,0,11,19,29,36,41
2018_2,화곡로31길,1208,453,755,1,180,236,303,295,193,0,43,92,115,104,99,1,137,144,188,191,94
2018_2,화곡로20길,535,333,202,0,36,92,131,158,118,0,19,49,66,102,97,0,17,43,65,56,21
2018_2,화곡로13길,258,97,161,0,35,57,73,85,8,0,14,13,29,35,6,0,21,44,44,50,2
2018_2,초원로16길,761,297,464,0,72,141,121,109,318,0,26,70,63,55,83,0,46,71,58,54,235
2018_2,초록마을로8길,184,35,149,1,31,41,49,35,27,0,1,5,9,9,11,1,30,36,40,26,16
2018_2,초록마을로3길,42,21,21,0,4,10,8,7,13,0,0,2,7,4,8,0,4,8,1,3,5
2018_2,월정로20길,4,2,2,0,0,0,0,4,0,0,0,0,0,2,0,0,0,0,0,2,0
2018_2,우장산로6길,311,172,139,2,24,44,86,98,57,2,10,28,44,50,38,0,14,16,42,48,19
2018_2,양천로73가길,1260,809,451,3,80,218,334,375,250,3,43,114,213,232,204,0,37,104,121,143,46
2018_2,양천로71길,216,121,95,0,24,52,67,47,26,0,9,35,32,26,19,0,15,17,35,21,7
2018_2,양천로49길,760,595,165,2,43,112,138,224,241,0,20,74,103,184,214,2,23,38,35,40,27
2018_2,양천로26길,174,81,93,0,9,35,50,56,24,0,4,16,20,23,18,0,5,19,30,33,6
2018_2,양천로24길,385,157,228,0,20,57,76,114,118,0,6,35,39,32,45,0,14,22,37,82,73
2018_2,양천로24가길,766,372,394,0,89,155,195,186,141,0,38,86,94,80,74,0,51,69,101,106,67
2018_2,양천로14길,241,161,80,0,9,22,69,80,61,0,5,16,48,49,43,0,4,6,21,31,18
2018_2,방화대로6라길,806,491,315,2,74,191,296,163,80,0,34,119,195,101,42,2,40,72,101,62,38
2018_2,방화대로21길,854,483,371,7,97,172,210,209,159,1,38,84,111,127,122,6,59,88,99,82,37
2018_2,등촌로5길,13,5,8,0,1,5,5,2,0,0,0,2,2,1,0,0,1,3,3,1,0
2018_2,등촌로55길,540,360,180,0,35,76,125,143,161,0,15,45,74,89,137,0,20,31,51,54,24
2018_2,등촌로51길,17,11,6,0,5,2,4,6,0,0,0,1,4,6,0,0,5,1,0,0,0
2018_2,등촌로39길,70,27,43,0,4,15,20,24,7,0,3,6,3,11,4,0,1,9,17,13,3
2018_2,등촌로13길,188,96,92,0,15,38,50,55,30,0,6,20,20,28,22,0,9,18,30,27,8
2018_2,남부순환로11길,378,258,120,1,29,106,121,84,37,1,14,67,79,67,30,0,15,39,42,17,7
2018_2,까치산로4길,152,57,95,0,19,29,25,36,43,0,12,13,9,11,12,0,7,16,16,25,31
2018_2,국회대로7길,412,237,175,3,49,102,92,113,53,0,19,62,56,65,35,3,30,40,36,48,18
2018_2,공항대로8길,226,90,136,0,15,41,57,57,56,0,3,26,26,21,14,0,12,15,31,36,42
2018_2,공항대로61길,185,129,56,3,18,52,68,34,10,3,5,44,45,25,7,0,13,8,23,9,3
2018_2,공항대로59다길,885,632,253,2,97,255,184,177,170,0,44,201,130,133,124,2,53,54,54,44,46
2018_2,공항대로59길,1087,695,392,3,135,239,244,260,206,3,64,127,157,176,168,0,71,112,87,84,38
2018_2,공항대로55길,1095,702,393,2,267,409,229,108,80,0,130,263,173,81,55,2,137,146,56,27,25
2018_2,공항대로42길,9,5,4,0,0,2,0,5,2,0,0,1,0,2,2,0,0,1,0,3,0
2018_2,공항대로38길,273,138,135,0,33,64,69,68,39,0,10,35,34,36,23,0,23,29,35,32,16
2018_2,곰달래로60길,587,312,275,2,64,108,144,151,118,0,25,59,82,72,74,2,39,49,62,79,44
2018_2,곰달래로53길,53,18,35,0,3,12,25,7,6,0,0,7,5,2,4,0,3,5,20,5,2
2018_2,곰달래로47길,38,17,21,0,5,8,13,9,3,0,0,4,7,5,1,0,5,4,6,4,2
2018_2,곰달래로31길,11,7,4,0,1,1,8,1,0,0,1,1,4,1,0,0,0,0,4,0,0
2018_2,곰달래로25길,796,295,501,0,93,122,176,233,172,0,27,51,73,64,80,0,66,71,103,169,92
2018_2,개화동로25길,658,442,216,2,58,132,136,145,185,1,24,75,84,98,160,1,34,57,52,47,25
2018_2,개화동로23길,115,75,40,0,14,16,30,36,19,0,6,13,19,24,13,0,8,3,11,12,6
2018_2,강서로8길,159,85,74,0,27,43,34,31,24,0,15,29,17,11,13,0,12,14,17,20,11
2018_2,강서로5라길,314,185,129,1,41,74,92,74,32,1,27,50,49,38,20,0,14,24,43,36,12
2018_2,강서로5나길,95,50,45,1,9,21,24,20,20,1,4,9,14,10,12,0,5,12,10,10,8
2018_2,강서로5가길,51,26,25,0,1,9,11,19,11,0,1,6,8,6,5,0,0,3,3,13,6
2018_2,강서로47라길,122,60,62,1,14,25,35,35,12,0,7,11,19,17,6,1,7,14,16,18,6
2018_2,강서로47길,370,192,178,0,21,65,103,147,34,0,5,34,43,83,27,0,16,31,60,64,7
2018_2,강서로45다길,554,351,203,0,64,80,115,143,152,0,19,36,65,103,128,0,45,44,50,40,24
2018_2,강서로45길,153,66,87,0,15,20,32,42,44,0,1,9,10,19,27,0,14,11,22,23,17
2018_2,강서로35길,164,94,70,0,18,28,46,50,22,0,8,16,27,30,13,0,10,12,19,20,9
2018_2,강서로29길,410,183,227,0,29,57,108,121,95,0,15,35,58,49,26,0,14,22,50,72,69
2018_2,강서로18길,30,12,18,0,0,7,12,9,2,0,0,3,7,2,0,0,0,4,5,7,2
2018_2,강서로17가길,132,57,75,0,17,38,39,24,14,0,7,17,17,9,7,0,10,21,22,15,7
2018_2,강서로15길,305,155,150,3,36,56,77,82,51,2,20,30,41,34,28,1,16,26,36,48,23
2018_2,가로공원로80길,60,28,32,0,7,12,20,15,6,0,4,4,8,9,3,0,3,8,12,6,3
2018_2,가로공원로76가길,28,11,17,1,4,14,5,2,2,0,2,6,3,0,0,1,2,8,2,2,2
2018_2,화곡로4길,212,81,131,0,19,50,77,46,20,0,5,15,26,20,15,0,14,35,51,26,5
2018_2,화곡로3길,160,51,109,0,23,23,40,54,20,0,2,5,9,19,16,0,21,18,31,35,4
2018_2,지양로7길,234,79,155,0,18,50,79,70,17,0,5,14,16,33,11,0,13,36,63,37,6
2018_2,중앙로55길,349,179,170,0,20,75,125,96,33,0,7,37,59,49,27,0,13,38,66,47,6
2018_2,중앙로51길,128,73,55,0,6,24,38,30,30,0,2,13,18,20,20,0,4,11,20,10,10
2018_2,중앙로47길,118,26,92,0,11,13,17,31,46,0,1,8,5,6,6,0,10,5,12,25,40
2018_2,중앙로45길,166,59,107,0,16,29,34,53,34,0,4,12,12,21,10,0,12,17,22,32,24
2018_2,중앙로36길,2,2,0,0,0,0,0,0,2,0,0,0,0,0,2,0,0,0,0,0,0
2018_2,중앙로32길,594,302,292,5,133,129,129,119,79,2,62,82,75,52,29,3,71,47,54,67,50
2018_2,중앙로25길,244,70,174,0,36,45,67,81,15,0,14,11,16,19,10,0,22,34,51,62,5
2018_2,은행정로7길,521,175,346,2,46,74,83,163,153,2,13,33,37,48,42,0,33,41,46,115,111
2018_2,오목로5길,334,183,151,1,44,85,88,84,32,1,22,51,38,46,25,0,22,34,50,38,7
2018_2,오목로3길,430,400,30,0,1,18,41,154,216,0,1,14,32,144,209,0,0,4,9,10,7
2018_2,오목로30길,145,73,72,0,18,27,39,35,26,0,6,10,18,20,19,0,12,17,21,15,7
2018_2,오목로23길,820,483,337,1,111,235,197,170,106,1,48,151,119,94,70,0,63,84,78,76,36
2018_2,신월로20길,212,81,131,0,26,35,53,54,44,0,8,10,24,19,20,0,18,25,29,35,24
2018_2,신월로15길,771,364,407,1,71,144,189,195,171,0,25,73,83,81,102,1,46,71,106,114,69
2018_2,신목로6길,252,140,112,0,25,38,75,70,44,0,11,19,42,41,27,0,14,19,33,29,17
2018_2,신목로5길,925,354,571,6,74,177,278,254,136,3,25,67,104,85,70,3,49,110,174,169,66
2018_2,신목로2길,94,47,47,0,16,14,26,15,23,0,2,10,13,7,15,0,14,4,13,8,8
2018_2,목동중앙서로8가길,178,110,68,0,4,18,48,57,51,0,2,11,29,35,33,0,2,7,19,22,18
2018_2,목동중앙서로7길,264,86,178,1,25,53,51,73,61,0,6,22,18,21,19,1,19,31,33,52,42
2018_2,목동중앙북로8길,355,110,245,0,1,8,28,63,255,0,1,5,10,11,83,0,0,3,18,52,172
2018_2,목동중앙북로16길,257,80,177,0,25,60,86,60,26,0,5,15,24,22,14,0,20,45,62,38,12
2018_2,목동중앙본로7길,117,51,66,0,19,26,37,28,7,0,7,10,11,17,6,0,12,16,26,11,1
2018_2,목동중앙로3길,111,60,51,0,5,8,28,39,31,0,4,2,12,18,24,0,1,6,16,21,7
2018_2,목동중앙로13나길,293,208,85,0,28,118,75,47,25,0,13,82,57,34,22,0,15,36,18,13,3
2018_2,목동중앙남로3가길,546,364,182,0,35,129,131,160,91,0,16,72,79,124,73,0,19,57,52,36,18
2018_2,목동로9길,2360,1508,852,2,146,479,616,552,565,0,51,226,382,374,475,2,95,253,234,178,90
2018_2,목동로19길,1014,363,651,3,136,194,265,263,153,1,41,70,104,84,63,2,95,124,161,179,90
2018_2,목동동로12길,385,140,245,0,40,73,102,109,61,0,5,22,35,34,44,0,35,51,67,75,17
2018_2,목동남로4길,13,6,7,0,0,0,4,8,1,0,0,0,0,5,1,0,0,0,4,3,0
2018_2,남부순환로88길,272,128,144,0,26,54,72,93,27,0,12,22,35,39,20,0,14,32,37,54,7
2018_2,남부순환로79길,339,249,90,0,17,18,63,119,122,0,10,12,37,89,101,0,7,6,26,30,21
2018_2,남부순환로70길,519,317,202,1,26,74,130,154,134,1,8,34,69,93,112,0,18,40,61,61,22
2018_2,남부순환로58길,198,117,81,0,20,41,46,66,25,0,15,29,27,30,16,0,5,12,19,36,9
2018_2,남부순환로40길,18,5,13,0,1,2,8,4,3,0,0,0,2,2,1,0,1,2,6,2,2
2018_2,남부순환로33길,1247,1018,229,0,33,68,107,122,917,0,12,32,51,62,861,0,21,36,56,60,56
2018_2,곰달래로5길,76,46,30,0,22,22,11,16,5,0,14,18,6,6,2,0,8,4,5,10,3
2018_2,곰달래로3길,403,213,190,1,33,64,122,131,52,0,20,33,56,74,30,1,13,31,66,57,22
2018_2,곰달래로2길,297,157,140,1,40,61,87,81,27,1,14,41,50,40,11,0,26,20,37,41,16
2018_2,곰달래로10길,339,235,104,2,19,39,50,121,108,1,7,27,26,83,91,1,12,12,24,38,17
2018_2,가로공원로58길,76,15,61,0,12,9,25,22,8,0,2,2,5,3,3,0,10,7,20,19,5
2018_2,효창원로93길,86,44,42,0,19,23,26,12,6,0,7,9,18,7,3,0,12,14,8,5,3
2018_2,토정로37길,118,54,64,0,21,23,32,27,15,0,8,11,12,13,10,0,13,12,20,14,5
2018_2,월드컵로8길,1704,905,799,6,215,375,347,285,476,5,70,176,198,132,324,1,145,199,149,153,152
2018_2,월드컵로7길,4,2,2,0,1,1,1,0,1,0,0,0,1,0,1,0,1,1,0,0,0
2018_2,월드컵로36길,151,68,83,0,15,23,33,46,34,0,3,10,13,21,21,0,12,13,20,25,13
2018_2,월드컵로25길,285,165,120,0,40,84,79,48,34,0,19,52,42,28,24,0,21,32,37,20,10
2018_2,월드컵로19길,544,276,268,5,118,141,119,88,73,3,58,77,67,38,33,2,60,64,52,50,40
2018_2,월드컵로16길,3917,2018,1899,14,860,769,734,715,825,7,372,406,379,263,591,7,488,363,355,452,234
2018_2,월드컵로11길,253,91,162,2,65,60,60,42,24,2,27,22,10,16,14,0,38,38,50,26,10
2018_2,월드컵로10길,1552,812,740,2,411,546,336,155,102,0,132,275,218,111,76,2,279,271,118,44,26
2018_2,와우산로3길,180,101,79,0,34,58,47,31,10,0,9,28,35,21,8,0,25,30,12,10,2
2018_2,와우산로29길,171,87,84,0,55,55,32,17,12,0,24,35,17,6,5,0,31,20,15,11,7
2018_2,와우산로29가길,28,16,12,1,5,4,12,6,0,1,1,1,8,5,0,0,4,3,4,1,0
2018_2,양화진길,439,309,130,1,39,128,123,99,49,0,13,84,92,81,39,1,26,44,31,18,10
2018_2,양화로1길,4169,1985,2184,22,882,1533,1169,380,183,6,223,699,704,255,98,16,659,834,465,125,85
2018_2,양화로11길,395,269,126,1,62,113,114,68,37,0,27,77,86,54,25,1,35,36,28,14,12
2018_2,신촌로30길,26,16,10,6,2,4,6,5,3,5,2,2,2,3,2,1,0,2,4,2,1
2018_2,신촌로28가길,105,40,65,0,14,14,32,22,23,0,1,1,15,8,15,0,13,13,17,14,8
2018_2,신촌로12길,1598,696,902,2,347,354,312,284,299,0,208,202,123,70,93,2,139,152,189,214,206
2018_2,숭문길,5291,4015,1276,5,468,916,1210,1540,1152,2,340,758,999,1063,853,3,128,158,211,477,299
2018_2,숭문8길,110,63,47,0,7,25,36,36,6,0,1,4,24,30,4,0,6,21,12,6,2
2018_2,성지3길,479,242,237,0,111,170,114,55,29,0,35,90,64,34,19,0,76,80,50,21,10
2018_2,성산로4길,1732,1032,700,11,324,399,407,376,215,6,112,240,272,254,148,5,212,159,135,122,67
2018_2,성미산로32길,522,259,263,5,143,146,118,71,39,4,65,88,61,21,20,1,78,58,57,50,19
2018_2,성미산로1길,635,489,146,5,54,117,173,122,164,5,36,85,111,93,159,0,18,32,62,29,5
2018_2,성미산로11길,1103,767,336,6,168,361,267,193,108,5,85,241,189,161,86,1,83,120,78,32,22
2018_2,백범로16길,709,363,346,73,255,180,96,74,31,28,112,96,55,50,22,45,143,84,41,24,9
2018_2,방울내로9안길,354,215,139,3,34,67,115,90,45,1,15,31,68,62,38,2,19,36,47,28,7
2018_2,모래내로7길,253,117,136,0,26,44,71,60,52,0,5,18,35,36,23,0,21,26,36,24,29
2018_2,매봉산로2길,4355,2792,1563,5,1369,1842,779,299,61,3,651,1282,613,199,44,2,718,560,166,100,17
2018_2,망원로2길,200,123,77,0,21,53,62,44,20,0,3,29,44,30,17,0,18,24,18,14,3
2018_2,망원로11길,1076,531,545,1,148,258,281,218,170,1,44,118,167,113,88,0,104,140,114,105,82
2018_2,만리재옛길,1471,632,839,9,529,393,294,151,95,2,261,208,72,41,48,7,268,185,222,110,47
2018_2,마포대로4길,181,100,81,1,19,44,42,41,34,1,12,27,25,17,18,0,7,17,17,24,16
2018_2,마포대로20길,1015,551,464,0,99,289,281,229,117,0,33,148,168,140,62,0,66,141,113,89,55
2018_2,마포대로12길,68,36,32,0,7,9,21,19,12,0,2,4,12,11,7,0,5,5,9,8,5
2018_2,동교로38길,193,121,72,1,58,65,47,17,5,0,34,42,29,13,3,1,24,23,18,4,2
2018_2,동교로27길,3631,1645,1986,11,625,975,698,688,634,3,232,531,433,263,183,8,393,444,265,425,451
2018_2,동교로25길,562,284,278,1,133,247,134,38,9,1,40,128,82,27,6,0,93,119,52,11,3
2018_2,동교로19길,4045,2692,1353,10,637,933,1019,945,501,4,259,620,776,673,360,6,378,313,243,272,141
2018_2,동교로17길,690,359,331,1,114,203,198,117,57,0,41,88,127,72,31,1,73,115,71,45,26
2018_2,독막로8길,359,163,196,0,71,115,88,59,26,0,17,53,49,30,14,0,54,62,39,29,12
2018_2,독막로32길,494,208,286,1,66,125,146,111,45,0,21,54,61,43,29,1,45,71,85,68,16
2018_2,독막로22길,97,51,46,0,18,30,19,13,17,0,5,14,10,10,12,0,13,16,9,3,5
2018_2,도화길,992,476,516,8,160,200,220,189,215,5,56,98,120,76,121,3,104,102,100,113,94
2018_2,도화4길,405,132,273,0,39,75,85,115,91,0,8,25,17,27,55,0,31,50,68,88,36
2018_2,대흥로28길,49,42,7,0,4,19,20,5,1,0,3,15,19,4,1,0,1,4,1,1,0
2018_2,대흥로21길,438,83,355,0,51,78,172,91,46,0,14,21,23,10,15,0,37,57,149,81,31
2018_2,광성로6길,179,112,67,0,19,55,43,31,31,0,8,31,27,21,25,0,11,24,16,10,6
2018_2,홍제내길,103,58,45,0,14,23,26,26,14,0,5,17,13,16,7,0,9,6,13,10,7
2018_2,홍연길,82,45,37,0,1,12,28,32,9,0,1,9,18,15,2,0,0,3,10,17,7
2018_2,통일로39길,5,5,0,0,1,1,1,2,0,0,1,1,1,2,0,0,0,0,0,0,0
2018_2,통일로37길,355,135,220,1,68,73,96,72,45,1,18,29,31,35,21,0,50,44,65,37,24
2018_2,통일로11길,9,7,2,0,1,3,3,2,0,0,0,3,2,2,0,0,1,0,1,0,0
2018_2,충정로6길,13115,8020,5095,23,2104,4526,3856,2094,512,9,890,2700,2556,1455,410,14,1214,1826,1300,639,102
2018_2,충정로4길,3082,2015,1067,0,391,1347,975,287,82,0,129,810,750,249,77,0,262,537,225,38,5
2018_2,증가로6길,209,105,104,0,14,33,39,77,46,0,4,18,23,40,20,0,10,15,16,37,26
2018_2,증가로23나길,477,253,224,4,78,126,139,93,37,3,41,72,68,48,21,1,37,54,71,45,16
2018_2,증가로20가길,258,94,164,1,40,65,64,65,23,1,10,23,23,22,15,0,30,42,41,43,8
2018_2,증가로10길,165,83,82,0,18,27,39,40,41,0,1,8,15,24,35,0,17,19,24,16,6
2018_2,응암로1길,389,279,110,0,15,44,101,162,67,0,5,24,68,128,54,0,10,20,33,34,13
2018_2,연희로10길,162,109,53,1,17,26,34,59,25,1,4,19,26,38,21,0,13,7,8,21,4
2018_2,신촌로37길,104,50,54,0,11,11,30,23,29,0,3,2,16,11,18,0,8,9,14,12,11
2018_2,수색로8길,2241,2135,106,0,10,28,55,237,1911,0,7,22,38,217,1851,0,3,6,17,20,60
2018_2,세무서길,336,109,227,0,45,75,82,82,52,0,4,16,27,35,27,0,41,59,55,47,25
2018_2,세검정로1길,276,100,176,1,29,75,75,57,39,0,11,15,18,30,26,1,18,60,57,27,13
2018_2,북아현로4길,432,91,341,1,36,60,78,147,110,0,9,18,16,23,25,1,27,42,62,124,85
2018_2,모래내로15길,126,40,86,0,10,18,35,35,28,0,3,3,12,14,8,0,7,15,23,21,20
2018_2,명지대길,401,292,109,0,39,50,77,119,116,0,18,32,45,92,105,0,21,18,32,27,11
2018_2,독립문로8길,781,307,474,2,142,193,182,171,91,2,39,72,91,57,46,0,103,121,91,114,45
2018_2,가재울로6길,26,18,8,0,5,3,10,2,6,0,2,2,9,1,4,0,3,1,1,1,2
2018_2,통일로92길,93,42,51,1,18,17,21,23,13,1,10,9,10,5,7,0,8,8,11,18,6
2018_2,통일로87길,224,100,124,0,17,37,53,71,46,0,7,18,21,27,27,0,10,19,32,44,19
2018_2,통일로78길,212,59,153,0,34,40,45,35,58,0,4,17,13,7,18,0,30,23,32,28,40
2018_2,진흥로1길,556,172,384,0,84,131,172,123,46,0,17,49,43,34,29,0,67,82,129,89,17
2018_2,진흥로12길,509,214,295,1,43,101,170,113,81,0,13,39,72,44,46,1,30,62,98,69,35
2018_2,증산서길,401,277,124,0,36,60,75,90,140,0,6,31,43,65,132,0,30,29,32,25,8
2018_2,증산로9길,84,27,57,0,13,19,23,25,4,0,5,6,9,4,3,0,8,13,14,21,1
2018_2,증산로5길,747,388,359,1,58,126,171,226,165,0,28,50,66,124,120,1,30,76,105,102,45
2018_2,증산로21길,236,140,96,0,16,34,33,75,78,0,7,13,16,46,58,0,9,21,17,29,20
2018_2,증산로17길,683,298,385,0,40,83,152,176,232,0,13,33,69,90,93,0,27,50,83,86,139
2018_2,증산로15길,230,87,143,0,20,38,51,65,56,0,5,13,18,27,24,0,15,25,33,38,32
2018_2,증산로13길,71,36,35,0,5,11,11,34,10,0,2,8,6,14,6,0,3,3,5,20,4
2018_2,응암로34길,60,38,22,1,7,13,11,17,11,0,4,7,5,11,11,1,3,6,6,6,0
2018_2,응암로22길,187,67,120,0,19,29,49,56,34,0,7,11,20,15,14,0,12,18,29,41,20
2018_2,응암로14길,456,169,287,0,70,92,125,108,61,0,20,25,47,45,32,0,50,67,78,63,29
2018_2,응암로13길,301,129,172,2,52,48,87,78,34,2,28,22,34,28,15,0,24,26,53,50,19
2018_2,응암로12길,198,115,83,1,18,47,54,52,26,1,6,30,30,28,20,0,12,17,24,24,6
2018_2,은평로8길,247,115,132,0,41,36,59,62,49,0,15,21,33,23,23,0,26,15,26,39,26
2018_2,은평로3길,301,104,197,0,43,65,85,69,39,0,12,27,21,18,26,0,31,38,64,51,13
2018_2,은평로20길,6,2,4,0,0,0,3,2,1,0,0,0,0,1,1,0,0,0,3,1,0
2018_2,은평로13길,364,220,144,1,30,55,96,105,77,0,13,34,56,58,59,1,17,21,40,47,18
2018_2,은평로10길,287,144,143,1,29,59,75,65,58,1,10,31,32,34,36,0,19,28,43,31,22
2018_2,연서로5길,41,15,26,0,4,8,14,12,3,0,2,3,4,5,1,0,2,5,10,7,2
2018_2,연서로41길,242,75,167,0,21,59,76,56,30,0,7,21,18,15,14,0,14,38,58,41,16
2018_2,연서로3길,113,46,67,2,15,19,30,34,13,0,8,10,11,11,6,2,7,9,19,23,7
2018_2,연서로34길,150,57,93,2,16,33,39,41,19,2,5,12,13,14,11,0,11,21,26,27,8
2018_2,연서로33길,33,13,20,0,5,11,8,6,3,0,1,4,4,3,1,0,4,7,4,3,2
2018_2,연서로29길,300,93,207,1,39,70,91,71,28,1,5,27,22,24,14,0,34,43,69,47,14
2018_2,연서로28길,732,356,376,2,106,145,171,154,154,1,53,72,89,66,75,1,53,73,82,88,79
2018_2,연서로27길,82,23,59,1,15,16,22,19,9,1,1,5,4,6,6,0,14,11,18,13,3
2018_2,연서로21길,290,156,134,0,30,49,97,78,36,0,16,33,46,39,22,0,14,16,51,39,14
2018_2,연서로17길,1155,339,816,3,188,218,273,298,175,3,39,95,94,50,58,0,149,123,179,248,117
2018_2,연서로16길,263,103,160,0,49,70,58,63,23,0,13,23,28,25,14,0,36,47,30,38,9
2018_2,연서로13길,693,206,487,6,78,157,197,193,62,0,19,63,69,35,20,6,59,94,128,158,42
2018_2,연서로11길,239,111,128,0,18,44,72,76,29,0,10,17,37,30,17,0,8,27,35,46,12
2018_2,역말로9길,20,14,6,0,1,7,7,2,3,0,1,5,5,1,2,0,0,2,2,1,1
2018_2,수색로18길,37,22,15,0,4,9,8,11,5,0,2,4,3,9,4,0,2,5,5,2,1
2018_2,서오릉로8길,14,2,12,0,4,5,3,2,0,0,0,2,0,0,0,0,4,3,3,2,0
2018_2,서오릉로21길,411,99,312,0,30,50,93,92,146,0,6,8,30,19,36,0,24,42,63,73,110
2018_2,불광천길,200,99,101,1,20,41,36,68,34,1,10,19,20,30,19,0,10,22,16,38,15
2018_2,갈현로7길,913,265,648,0,167,231,199,216,100,0,49,79,65,45,27,0,118,152,134,171,73
2018_2,갈현로41길,123,50,73,0,10,23,29,31,30,0,3,13,10,16,8,0,7,10,19,15,22
2018_2,갈현로33길,37,8,29,0,6,7,9,13,2,0,0,2,2,2,2,0,6,5,7,11,0
2018_2,갈현로1길,203,88,115,0,24,41,51,42,45,0,13,26,21,8,20,0,11,15,30,34,25
2018_2,가좌로7길,57,25,32,0,9,8,16,12,12,0,1,2,6,6,10,0,8,6,10,6,2
2018_2,한글비석로44길,397,211,186,0,24,60,80,127,106,0,5,36,32,64,74,0,19,24,48,63,32
2018_2,한글비석로24길,409,160,249,0,22,51,86,129,121,0,4,28,36,40,52,0,18,23,50,89,69
2018_2,한글비석로22길,782,353,429,4,72,145,191,221,149,1,19,77,90,97,69,3,53,68,101,124,80
2018_2,석계로1길,110,58,52,0,6,10,38,33,23,0,3,6,21,18,10,0,3,4,17,15,13
2018_2,상계로9가길,305,104,201,0,38,52,84,77,54,0,6,18,28,27,25,0,32,34,56,50,29
2018_2,상계로12길,19,12,7,0,0,0,6,11,2,0,0,0,4,6,2,0,0,0,2,5,0
2018_2,동일로242길,244,161,83,0,8,29,59,56,92,0,5,14,36,32,74,0,3,15,23,24,18
2018_2,동일로192길,458,202,256,0,36,67,101,138,116,0,16,37,47,54,48,0,20,30,54,84,68
2018_2,동일로173가길,2867,1654,1213,9,337,545,728,753,495,6,173,418,442,315,300,3,164,127,286,438,195
2018_2,공릉로58길,148,51,97,0,7,15,44,49,33,0,4,9,14,14,10,0,3,6,30,35,23
2018_2,해등로16길,75,59,16,1,3,17,34,14,6,1,2,14,25,13,4,0,1,3,9,1,2
2018_2,우이천로4다길,191,115,76,2,17,32,44,67,29,2,7,19,23,43,21,0,10,13,21,24,8
2018_2,우이천로32길,91,56,35,0,10,22,24,24,11,0,3,18,13,14,8,0,7,4,11,10,3
2018_2,시루봉로23길,49,22,27,0,6,13,17,7,6,0,1,8,6,3,4,0,5,5,11,4,2
2018_2,삼양로144길,73,55,18,0,6,15,19,19,14,0,4,13,10,15,13,0,2,2,9,4,1
2018_2,방학로6가길,202,109,93,0,13,33,63,59,34,0,3,16,33,31,26,0,10,17,30,28,8
2018_2,방학로5길,137,70,67,1,15,17,28,44,32,0,14,10,13,20,13,1,1,7,15,24,19
2018_2,방학로15길,304,193,111,0,22,26,58,108,90,0,4,10,31,70,78,0,18,16,27,38,12
2018_2,방학로10길,215,104,111,0,14,18,26,49,108,0,7,11,8,18,60,0,7,7,18,31,48
2018_2,도봉산4길,320,277,43,0,6,17,86,142,69,0,4,13,78,126,56,0,2,4,8,16,13
2018_2,도봉로181길,185,82,103,2,21,36,49,54,23,1,8,18,20,20,15,1,13,18,29,34,8
2018_2,도봉로169나길,272,104,168,0,28,47,53,91,53,0,8,20,23,34,19,0,20,27,30,57,34
2018_2,도봉로156길,282,144,138,2,41,73,74,52,40,1,21,36,39,24,23,1,20,37,35,28,17
2018_2,도봉로152가길,423,345,78,0,15,31,60,153,164,0,3,20,42,135,145,0,12,11,18,18,19
2018_2,도봉로147길,557,320,237,2,48,127,129,165,86,0,20,91,90,87,32,2,28,36,39,78,54
2018_2,도봉로114길,567,199,368,2,107,141,125,138,54,1,20,52,45,52,29,1,87,89,80,86,25
2018_2,도봉로109길,30,9,21,0,8,1,8,6,7,0,3,0,1,0,5,0,5,1,7,6,2
2018_2,도당로29길,870,509,361,7,144,219,211,178,111,6,60,132,107,109,95,1,84,87,104,69,16
2018_2,도당로19길,190,99,91,0,18,30,66,58,18,0,8,18,33,31,9,0,10,12,33,27,9
2018_2,도당로13바길,205,77,128,1,19,32,57,61,35,0,4,21,20,14,18,1,15,11,37,47,17
2018_2,도당로13가길,155,66,89,0,14,28,39,46,28,0,5,12,19,18,12,0,9,16,20,28,16
2018_2,덕릉로60길,90,54,36,0,10,17,31,23,9,0,4,10,19,14,7,0,6,7,12,9,2
2018_2,노해로63다길,649,261,388,1,93,175,157,144,79,0,19,83,76,48,35,1,74,92,81,96,44
2018_2,노해로60길,325,140,185,1,48,70,86,83,37,0,10,30,38,41,21,1,38,40,48,42,16
2018_2,한천로140길,111,51,60,0,3,23,23,34,28,0,0,12,11,12,16,0,3,11,12,22,12
2018_2,한천로139가길,50,29,21,0,5,10,22,9,4,0,3,7,12,5,2,0,2,3,10,4,2
2018_2,한천로132길,332,132,200,2,54,72,70,76,58,1,13,32,29,29,28,1,41,40,41,47,30
2018_2,한천로130길,279,120,159,0,36,72,82,71,18,0,10,24,36,38,12,0,26,48,46,33,6
2018_2,한천로124나길,111,65,46,0,8,17,30,33,23,0,4,13,14,18,16,0,4,4,16,15,7
2018_2,한천로109길,608,267,341,3,113,121,162,151,58,2,42,50,77,64,32,1,71,71,85,87,26
2018_2,인수봉로79길,158,41,117,0,19,48,40,35,16,0,7,5,10,11,8,0,12,43,30,24,8
2018_2,인수봉로72길,82,37,45,0,11,14,23,19,15,0,2,6,10,9,10,0,9,8,13,10,5
2018_2,오패산로67길,583,286,297,3,71,119,149,142,99,1,24,64,76,71,50,2,47,55,73,71,49
2018_2,오패산로52길,102,36,66,0,13,22,27,27,13,0,6,5,8,10,7,0,7,17,19,17,6
2018_2,오패산로30길,10,6,4,0,0,2,3,4,1,0,0,1,2,2,1,0,0,1,1,2,0
2018_2,수유로12길,236,153,83,0,27,66,61,42,40,0,11,48,39,25,30,0,16,18,22,17,10
2018_2,솔샘로65길,472,202,270,3,39,90,123,144,73,0,6,25,48,71,52,3,33,65,75,73,21
2018_2,솔매로50길,704,274,430,3,81,177,206,174,63,3,23,59,68,75,46,0,58,118,138,99,17
2018_2,솔매로45길,196,90,106,0,17,33,53,58,35,0,8,14,25,29,14,0,9,19,28,29,21
2018_2,솔매로41길,86,21,65,0,12,14,22,28,10,0,2,2,7,5,5,0,10,12,15,23,5
2018_2,삼양로93길,17,4,13,0,0,1,5,10,1,0,0,0,1,2,1,0,0,1,4,8,0
2018_2,삼양로77길,419,147,272,0,45,81,117,113,63,0,18,39,36,34,20,0,27,42,81,79,43
2018_2,삼양로54길,8,4,4,0,0,2,1,5,0,0,0,1,0,3,0,0,0,1,1,2,0
2018_2,삼양로41길,306,141,165,0,24,64,86,84,48,0,10,27,44,34,26,0,14,37,42,50,22
2018_2,삼양로24길,101,51,50,0,12,20,29,20,20,0,8,12,13,7,11,0,4,8,16,13,9
2018_2,삼양로20길,137,48,89,1,15,27,36,45,13,0,1,8,12,16,11,1,14,19,24,29,2
2018_2,삼각산로28길,833,401,432,0,59,148,165,201,260,0,21,68,81,105,126,0,38,80,84,96,134
2018_2,도봉로99길,217,103,114,0,19,40,71,60,27,0,9,19,33,27,15,0,10,21,38,33,12
2018_2,도봉로8길,258,196,62,1,50,73,66,42,26,1,43,66,48,23,15,0,7,7,18,19,11
2018_2,도봉로76길,389,212,177,3,36,60,85,84,121,0,20,35,41,36,80,3,16,25,44,48,41
2018_2,도봉로67길,6,3,3,0,1,0,2,2,1,0,0,0,2,0,1,0,1,0,0,2,0
2018_2,도봉로45길,113,67,46,0,6,10,35,27,35,0,2,9,18,14,24,0,4,1,17,13,11
2018_2,도봉로18길,382,178,204,0,31,63,105,111,72,0,11,36,54,40,37,0,20,27,51,71,35
2018_2,도봉로13길,26,9,17,0,1,3,3,13,6,0,0,1,0,4,4,0,1,2,3,9,2
2018_2,덕릉로41길,794,628,166,0,78,260,172,231,53,0,47,224,140,190,27,0,31,36,32,41,26
2018_2,덕릉로40길,919,715,204,0,71,85,225,350,188,0,45,54,176,299,141,0,26,31,49,51,47
2018_2,노해로33길,32,11,21,0,10,6,7,8,1,0,2,1,2,5,1,0,8,5,5,3,0
2018_2,노해로17길,252,75,177,0,26,35,49,80,62,0,7,18,23,14,13,0,19,17,26,66,49
2018_2,화랑로40길,185,103,82,0,27,42,37,58,21,0,12,20,22,34,15,0,15,22,15,24,6
2018_2,화랑로32길,466,349,117,8,58,172,143,65,20,1,24,139,111,56,18,7,34,33,32,9,2
2018_2,화랑로1길,161,85,76,0,18,32,29,59,23,0,5,18,18,36,8,0,13,14,11,23,15
2018_2,화랑로19길,561,316,245,0,67,111,172,134,77,0,37,48,106,74,51,0,30,63,66,60,26
2018_2,화랑로14길,33,15,18,0,4,6,12,7,4,0,1,2,6,3,3,0,3,4,6,4,1
2018_2,화랑로13길,83,40,43,0,7,18,29,24,5,0,1,8,13,14,4,0,6,10,16,10,1
2018_2,한천로76길,135,77,58,0,7,21,39,37,31,0,4,15,27,18,13,0,3,6,12,19,18
2018_2,한천로101가길,46,28,18,0,3,9,7,18,9,0,2,7,3,11,5,0,1,2,4,7,4
2018_2,창경궁로43길,29,21,8,0,5,4,9,6,5,0,4,4,7,3,3,0,1,0,2,3,2
2018_2,지봉로20길,118,67,51,0,11,26,27,31,23,0,4,11,16,19,17,0,7,15,11,12,6
2018_2,종암로5길,132,88,44,0,12,39,30,31,20,0,9,30,21,16,12,0,3,9,9,15,8
2018_2,종암로24가길,294,137,157,0,51,65,71,71,36,0,19,25,29,40,24,0,32,40,42,31,12
2018_2,종암로21길,250,44,206,1,14,29,56,93,57,0,5,7,16,13,3,1,9,22,40,80,54
2018_2,종암로19길,408,132,276,2,89,67,88,104,58,1,24,34,33,21,19,1,65,33,55,83,39
2018_2,종암로16길,89,38,51,0,10,19,22,19,19,0,1,10,6,8,13,0,9,9,16,11,6
2018_2,정릉로8길,196,116,80,0,32,46,38,49,31,0,14,25,23,28,26,0,18,21,15,21,5
2018_2,정릉로27길,212,95,117,2,35,50,47,49,29,0,18,22,22,16,17,2,17,28,25,33,12
2018_2,장위로50길,685,411,274,1,91,78,138,211,166,0,33,35,89,122,132,1,58,43,49,89,34
2018_2,장월로1길,341,173,168,2,60,89,74,64,52,0,20,50,42,31,30,2,40,39,32,33,22
2018_2,인촌로6길,3273,1916,1357,11,378,577,733,769,805,4,189,388,406,407,522,7,189,189,327,362,283
2018_2,인촌로5길,26,2,24,0,1,2,6,13,4,0,0,0,0,1,1,0,1,2,6,12,3
2018_2,인촌로24길,236,154,82,0,47,74,70,25,20,0,23,63,48,12,8,0,24,11,22,13,12
2018_2,개운사길,3713,2231,1482,9,387,1114,1021,838,344,3,154,520,648,642,264,6,233,594,373,196,80
2018_2,인촌로1길,150,102,48,0,15,42,42,32,19,0,6,27,32,23,14,0,9,15,10,9,5
2018_2,인촌로17가길,3323,1184,2139,0,855,1153,752,461,102,0,162,344,357,241,80,0,693,809,395,220,22
2018_2,오패산로4길,624,194,430,4,111,128,130,142,109,1,33,43,43,33,41,3,78,85,87,109,68
2018_2,오패산로3길,1178,659,519,6,235,279,321,236,101,1,89,167,218,127,57,5,146,112,103,109,44
2018_2,오패산로19길,41,18,23,0,6,17,11,5,2,0,0,10,6,1,1,0,6,7,5,4,1
2018_2,안암로5길,612,379,233,2,84,138,178,128,82,0,33,77,112,93,64,2,51,61,66,35,18
2018_2,아리랑로4길,558,217,341,5,36,94,130,166,127,2,12,33,47,59,64,3,24,61,83,107,63
2018_2,솔샘로6길,154,70,84,0,35,36,42,28,13,0,10,23,19,11,7,0,25,13,23,17,6
2018_2,성북로8길,56,25,31,0,14,18,12,8,4,0,3,7,7,5,3,0,11,11,5,3,1
2018_2,삼양로8길,65,41,24,0,13,14,14,19,5,0,6,9,10,12,4,0,7,5,4,7,1
2018_2,삼선교로16가길,735,419,316,0,167,124,160,203,81,0,83,57,100,126,53,0,84,67,60,77,28
2018_2,삼선교로10다길,94,52,42,0,15,25,25,18,11,0,7,17,12,11,5,0,8,8,13,7,6
2018_2,삼선교로10길,295,123,172,1,41,62,83,64,44,1,15,29,25,32,21,0,26,33,58,32,23
2018_2,보문로32길,1017,413,604,0,292,189,242,203,91,0,25,84,124,125,55,0,267,105,118,78,36
2018_2,보문로31길,702,285,417,1,111,185,168,143,94,0,39,82,70,50,44,1,72,103,98,93,50
2018_2,보문로13길,931,600,331,0,9,25,60,101,736,0,3,13,19,43,522,0,6,12,41,58,214
2018_2,보국문로16길,389,251,138,1,30,47,75,125,111,0,13,31,44,89,74,1,17,16,31,36,37
2018_2,동소문로26가길,230,109,121,1,39,47,54,47,42,1,12,22,28,27,19,0,27,25,26,20,23
2018_2,동소문로15길,128,57,71,0,25,46,37,16,4,0,7,24,20,4,2,0,18,22,17,12,2
2018_2,동소문로13길,435,223,212,0,80,112,112,67,64,0,24,58,66,36,39,0,56,54,46,31,25
2018_2,돌곶이로8길,182,87,95,0,18,46,62,35,21,0,5,18,31,23,10,0,13,28,31,12,11
2018_2,돌곶이로41길,43,20,23,0,3,9,13,15,3,0,0,5,6,7,2,0,3,4,7,8,1
2018_2,돌곶이로28길,227,143,84,0,38,72,64,33,20,0,17,57,40,18,11,0,21,15,24,15,9
2018_2,돌곶이로27길,71,45,26,0,7,11,13,27,13,0,4,6,8,18,9,0,3,5,5,9,4
2018_2,돌곶이로22길,132,68,64,0,19,28,29,31,25,0,4,14,17,13,20,0,15,14,12,18,5
2018_2,길음로7길,8,5,3,0,0,2,4,0,2,0,0,1,3,0,1,0,0,1,1,0,1
2018_2,중랑천로10길,770,382,388,9,174,157,203,134,93,5,81,66,105,71,54,4,93,91,98,63,39
2018_2,용마산로94길,456,279,177,0,87,46,120,137,66,0,43,26,66,91,53,0,44,20,54,46,13
2018_2,용마산로118길,566,275,291,0,75,126,163,118,84,0,25,62,75,62,51,0,50,64,88,56,33
2018_2,용마산로112길,356,151,205,0,40,50,73,93,100,0,15,26,30,35,45,0,25,24,43,58,55
2018_2,용마산로100길,433,294,139,0,36,41,69,130,157,0,5,13,38,101,137,0,31,28,31,29,20
2018_2,신내로7가길,276,67,209,0,35,56,74,81,30,0,5,10,15,25,12,0,30,46,59,56,18
2018_2,사가정로54길,135,46,89,2,30,23,33,28,19,0,7,5,13,11,10,2,23,18,20,17,9
2018_2,사가정로42길,84,24,60,0,1,10,17,26,30,0,1,0,4,7,12,0,0,10,13,19,18
2018_2,봉화산로56길,558,151,407,2,66,91,109,180,110,1,23,43,33,31,20,1,43,48,76,149,90
2018_2,봉화산로4길,412,158,254,0,31,55,116,140,70,0,9,31,51,38,29,0,22,24,65,102,41
2018_2,봉화산로30길,354,217,137,0,31,43,93,109,78,0,10,17,53,70,67,0,21,26,40,39,11
2018_2,봉우재로33길,114,43,71,0,36,24,15,27,12,0,19,7,5,5,7,0,17,17,10,22,5
2018_2,면목로78길,254,146,108,0,21,38,76,75,44,0,8,25,42,38,33,0,13,13,34,37,11
2018_2,면목로56길,205,154,51,0,12,30,38,69,56,0,3,13,27,58,53,0,9,17,11,11,3
2018_2,면목로55길,364,109,255,1,40,62,94,110,57,0,4,22,32,32,19,1,36,40,62,78,38
2018_2,면목로49길,545,182,363,0,159,189,122,60,15,0,21,68,55,28,10,0,138,121,67,32,5
2018_2,면목로48길,122,61,61,0,21,22,35,29,15,0,14,14,16,11,6,0,7,8,19,18,9
2018_2,면목로45길,67,30,37,0,9,18,22,8,10,0,4,4,12,3,7,0,5,14,10,5,3
2018_2,면목로33길,405,163,242,2,47,88,109,109,50,0,11,35,41,43,33,2,36,53,68,66,17
2018_2,면목로21길,32,25,7,0,1,4,13,8,6,0,0,4,10,5,6,0,1,0,3,3,0
2018_2,망우로73길,8,4,4,0,0,0,4,3,1,0,0,0,2,1,1,0,0,0,2,2,0
2018_2,망우로68길,83,28,55,0,14,18,24,20,7,0,0,4,7,12,5,0,14,14,17,8,2
2018_2,동일로163길,90,57,33,0,12,19,30,19,10,0,5,15,17,15,5,0,7,4,13,4,5
2018_2,동일로157길,223,122,101,0,30,46,65,56,26,0,8,27,39,32,16,0,22,19,26,24,10
2018_2,동일로149길,1154,859,295,0,168,329,289,307,61,0,121,232,215,247,44,0,47,97,74,60,17
2018_2,동일로140길,189,84,105,2,16,40,51,56,24,1,6,19,23,23,12,1,10,21,28,33,12
2018_2,동일로139길,64,35,29,0,5,11,20,19,9,0,1,7,10,15,2,0,4,4,10,4,7
2018_2,동일로139가길,1207,688,519,0,95,190,214,186,522,0,39,97,119,74,359,0,56,93,95,112,163
2018_2,동일로130길,118,46,72,0,11,23,35,33,16,0,5,9,9,13,10,0,6,14,26,20,6
2018_2,동일로123길,184,96,88,0,29,33,54,42,26,0,15,20,23,23,15,0,14,13,31,19,11
2018_2,동일로112길,156,71,85,0,13,22,43,49,29,0,5,9,12,27,18,0,8,13,31,22,11
2018_2,동일로101길,289,116,173,0,30,56,75,87,41,0,9,23,35,28,21,0,21,33,40,59,20
2018_2,동일로100길,74,36,38,0,2,4,3,26,39,0,2,3,0,10,21,0,0,1,3,16,18
2018_2,답십리로75길,106,55,51,0,14,21,37,23,11,0,4,10,19,15,7,0,10,11,18,8,4
2018_2,공릉로2길,665,299,366,3,88,151,159,152,112,1,25,62,73,78,60,2,63,89,86,74,52
2018_2,공릉로12가길,28,19,9,0,5,4,6,4,9,0,2,3,4,3,7,0,3,1,2,1,2
2018_2,겸재로54길,107,44,63,0,8,15,26,43,15,0,3,9,10,14,8,0,5,6,16,29,7
2018_2,겸재로36길,242,195,47,0,11,15,40,88,88,0,4,11,34,68,78,0,7,4,6,20,10
2018_2,겸재로29길,449,182,267,1,55,81,134,118,60,0,12,32,55,52,31,1,43,49,79,66,29
2018_2,휘경로3길,232,114,118,3,54,58,55,43,19,2,20,30,32,21,9,1,34,28,23,22,10
2018_2,휘경로2길,9,2,7,0,4,2,2,1,0,0,0,0,1,1,0,0,4,2,1,0,0
2018_2,휘경로23길,19,4,15,0,3,3,10,3,0,0,1,2,1,0,0,0,2,1,9,3,0
2018_2,휘경로14길,128,46,82,0,5,4,18,24,77,0,2,2,6,9,27,0,3,2,12,15,50
2018_2,한천로46길,323,95,228,3,36,49,103,90,42,2,7,16,26,23,21,1,29,33,77,67,21
2018_2,한천로40길,302,150,152,0,23,45,83,98,53,0,13,28,38,47,24,0,10,17,45,51,29
2018_2,한천로33길,81,40,41,0,10,23,14,16,18,0,7,13,8,7,5,0,3,10,6,9,13
2018_2,한천로14길,584,344,240,1,70,122,148,154,89,1,36,78,98,79,52,0,34,44,50,75,37
2018_2,천호대로97길,343,218,125,1,34,66,93,97,52,0,11,44,58,65,40,1,23,22,35,32,12
2018_2,천호대로77길,2055,1049,1006,5,172,357,378,449,694,3,72,197,228,222,327,2,100,160,150,227,367
2018_2,천호대로45길,122,66,56,0,7,16,27,34,38,0,3,9,17,15,22,0,4,7,10,19,16
2018_2,천호대로17길,2257,1465,792,7,289,517,447,451,546,7,112,314,271,312,449,0,177,203,176,139,97
2018_2,천호대로12길,806,529,277,5,158,228,170,169,76,2,88,151,113,123,52,3,70,77,57,46,24
2018_2,천장산로7길,1481,901,580,0,99,338,458,421,165,0,27,155,276,309,134,0,72,183,182,112,31
2018_2,제기로5길,224,95,129,0,7,25,58,76,58,0,2,22,30,23,18,0,5,3,28,53,40
2018_2,제기로21길,232,153,79,0,29,35,73,74,21,0,13,16,54,57,13,0,16,19,19,17,8
2018_2,전농로4길,689,425,264,1,71,170,177,161,109,0,37,105,114,103,66,1,34,65,63,58,43
2018_2,전농로3길,73,36,37,1,13,13,22,17,7,1,5,9,12,6,3,0,8,4,10,11,4
2018_2,전농로29길,321,141,180,1,38,83,102,73,24,0,10,41,43,31,16,1,28,42,59,42,8
2018_2,장한로8길,802,474,328,0,100,146,237,210,109,0,35,71,144,126,98,0,65,75,93,84,11
2018_2,장한로5길,3043,2165,878,11,566,862,699,600,305,2,311,606,539,465,242,9,255,256,160,135,63
2018_2,장한로27길,140,39,101,2,39,33,24,23,19,1,8,10,10,4,6,1,31,23,14,19,13
2018_2,장한로27가길,422,201,221,1,35,58,94,157,77,1,16,39,54,70,21,0,19,19,40,87,56
2018_2,장한로26길,533,253,280,5,70,118,123,127,90,2,18,55,57,67,54,3,52,63,66,60,36
2018_2,장한로26가길,328,151,177,0,40,60,61,110,57,0,18,33,33,40,27,0,22,27,28,70,30
2018_2,장한로25길,1042,478,564,4,139,225,275,250,149,3,36,99,127,127,86,1,103,126,148,123,63
2018_2,장한로14길,184,150,34,0,7,21,47,56,53,0,4,12,34,49,51,0,3,9,13,7,2
2018_2,이문로42길,270,115,155,1,33,60,68,68,40,1,7,18,34,24,31,0,26,42,34,44,9
2018_2,왕산로43길,897,386,511,2,137,230,220,202,106,2,34,94,105,88,63,0,103,136,115,114,43
2018_2,왕산로33길,158,108,50,0,7,19,39,49,44,0,7,15,33,25,28,0,0,4,6,24,16
2018_2,왕산로32길,6,5,1,0,0,0,2,1,3,0,0,0,2,1,2,0,0,0,0,0,1
2018_2,약령시로17길,340,163,177,2,19,65,64,102,88,2,9,39,35,52,26,0,10,26,29,50,62
2018_2,서울시립대로4길,659,356,303,1,131,106,133,165,123,1,82,70,72,75,56,0,49,36,61,90,67
2018_2,서울시립대로29길,221,123,98,1,20,39,62,57,42,0,10,23,32,31,27,1,10,16,30,26,15
2018_2,서울시립대로16길,136,32,104,0,20,31,42,27,16,0,4,4,11,9,4,0,16,27,31,18,12
2018_2,사가정로2길,86,67,19,0,9,21,23,14,19,0,8,17,19,9,14,0,1,4,4,5,5
2018_2,사가정로23가길,98,64,34,0,18,27,21,14,18,0,12,19,10,10,13,0,6,8,11,4,5
2018_2,사가정로13길,278,82,196,0,24,76,79,60,39,0,5,19,27,12,19,0,19,57,52,48,20
2018_2,무학로45길,345,204,141,0,40,83,92,62,68,0,18,47,59,38,42,0,22,36,33,24,26
2018_2,무학로16길,1213,1110,103,0,96,222,403,299,193,0,72,197,373,280,188,0,24,25,30,19,5
2018_2,망우로21길,196,103,93,0,25,39,37,41,54,0,7,16,17,21,42,0,18,23,20,20,12
2018_2,망우로18길,363,121,242,1,88,98,96,58,22,0,16,24,43,28,10,1,72,74,53,30,12
2018_2,망우로18가길,71,30,41,0,15,17,18,12,9,0,8,9,5,4,4,0,7,8,13,8,5
2018_2,답십리로72길,4,2,2,0,0,1,0,2,1,0,0,1,0,1,0,0,0,0,0,1,1
2018_2,답십리로69길,926,401,525,1,145,189,230,224,137,1,50,85,91,87,87,0,95,104,139,137,50
2018_2,답십리로68길,97,60,37,0,7,11,32,27,20,0,3,7,21,15,14,0,4,4,11,12,6
2018_2,답십리로64길,355,213,142,0,50,100,106,56,43,0,23,59,71,32,28,0,27,41,35,24,15
2018_2,답십리로63길,81,50,31,1,10,22,9,31,8,0,6,12,4,20,8,1,4,10,5,11,0
2018_2,답십리로60길,14,6,8,0,1,0,4,7,2,0,0,0,2,3,1,0,1,0,2,4,1
2018_2,답십리로56길,16,13,3,0,1,3,6,4,2,0,1,2,6,3,1,0,0,1,0,1,1
2018_2,답십리로23길,6,4,2,0,0,1,1,4,0,0,0,0,1,3,0,0,0,1,0,1,0
2018_2,난계로30길,131,89,42,2,10,24,31,39,25,0,3,18,19,28,21,2,7,6,12,11,4
2018_2,경희대로3길,289,185,104,1,48,110,69,42,19,0,15,71,55,32,12,1,33,39,14,10,7
2018_2,천호대로129길,230,85,145,0,27,41,76,53,33,0,5,14,32,16,18,0,22,27,44,37,15
2018_2,천호대로123길,294,114,180,0,33,50,60,101,50,0,9,21,20,39,25,0,24,29,40,62,25
2018_2,천호대로109길,1212,662,550,6,196,316,304,241,149,4,90,177,158,131,102,2,106,139,146,110,47
2018_2,자양번영로3길,87,37,50,0,8,12,23,28,16,0,4,5,10,9,9,0,4,7,13,19,7
2018_2,자양로53길,2,1,1,0,0,0,0,2,0,0,0,0,0,1,0,0,0,0,0,1,0
2018_2,자양로50길,24,9,15,1,5,4,4,5,5,1,0,2,1,3,2,0,5,2,3,2,3
2018_2,자양로45길,570,294,276,3,93,139,153,116,66,1,34,73,95,57,34,2,59,66,58,59,32
2018_2,자양로26길,298,112,186,0,24,66,78,75,55,0,4,22,33,29,24,0,20,44,45,46,31
2018_2,자양로15길,331,227,104,0,23,82,76,74,76,0,8,49,44,59,67,0,15,33,32,15,9
2018_2,자양로11길,1347,689,658,5,261,297,319,285,180,1,77,141,184,175,111,4,184,156,135,110,69
2018_2,용마산로3길,1005,588,417,7,104,219,249,252,174,4,54,125,134,142,129,3,50,94,115,110,45
2018_2,용마산로21길,171,84,87,0,24,30,50,49,18,0,6,14,26,25,13,0,18,16,24,24,5
2018_2,아차산로78길,2678,1322,1356,9,500,829,591,464,285,4,142,424,360,233,159,5,358,405,231,231,126
2018_2,아차산로65길,675,447,228,1,87,143,201,165,78,0,37,96,131,120,63,1,50,47,70,45,15
2018_2,아차산로55길,398,219,179,0,48,99,104,94,53,0,23,51,62,52,31,0,25,48,42,42,22
2018_2,아차산로51길,243,144,99,0,23,53,76,52,39,0,13,29,50,27,25,0,10,24,26,25,14
2018_2,아차산로40길,536,306,230,2,105,105,137,108,79,1,45,57,70,64,69,1,60,48,67,44,10
2018_2,면목로17길,272,174,98,0,51,50,74,59,38,0,21,26,50,47,30,0,30,24,24,12,8
2018_2,뚝섬로64길,300,162,138,0,26,67,73,64,70,0,9,25,35,35,58,0,17,42,38,29,12
2018_2,뚝섬로58길,189,61,128,0,9,35,56,66,23,0,1,9,18,20,13,0,8,26,38,46,10
2018_2,뚝섬로54길,152,93,59,0,19,32,47,38,16,0,10,24,25,26,8,0,9,8,22,12,8
2018_2,뚝섬로48길,847,387,460,3,118,177,217,201,131,2,49,76,101,89,70,1,69,101,116,112,61
2018_2,뚝섬로24길,96,30,66,0,12,9,22,41,12,0,3,3,4,12,8,0,9,6,18,29,4
2018_2,뚝섬로23길,110,63,47,0,7,16,30,34,23,0,1,9,14,21,18,0,6,7,16,13,5
2018_2,동일로24길,16,4,12,0,5,4,2,4,1,0,1,1,1,0,1,0,4,3,1,4,0
2018_2,동일로18길,200,84,116,0,37,41,51,51,20,0,14,15,21,21,13,0,23,26,30,30,7
2018_2,능동로4길,236,101,135,0,32,47,58,58,41,0,8,13,29,24,27,0,24,34,29,34,14
2018_2,능동로3길,204,99,105,0,28,28,57,46,45,0,16,16,22,20,25,0,12,12,35,26,20
2018_2,능동로34길,911,509,402,1,136,197,213,178,186,0,52,105,116,103,133,1,84,92,97,75,53
2018_2,능동로19길,324,212,112,0,49,84,76,78,37,0,30,66,45,41,30,0,19,18,31,37,7
2018_2,능동로13길,332,138,194,2,39,63,79,92,57,1,13,27,37,28,32,1,26,36,42,64,25
2018_2,긴고랑로9길,47,24,23,0,5,12,13,11,6,0,2,9,8,4,1,0,3,3,5,7,5
2018_2,긴고랑로8길,224,178,46,0,6,20,39,73,86,0,1,14,26,61,76,0,5,6,13,12,10
2018_2,긴고랑로7길,497,246,251,1,33,110,147,142,64,0,10,66,70,70,30,1,23,44,77,72,34
2018_2,긴고랑로20길,587,283,304,1,59,133,171,136,87,0,17,69,87,71,39,1,42,64,84,65,48
2018_2,광나루로52길,1932,882,1050,8,240,271,258,436,719,8,131,139,128,164,312,0,109,132,130,272,407
2018_2,광나루로40길,137,63,74,1,14,24,30,29,39,0,0,16,20,14,13,1,14,8,10,15,26
2018_2,광나루로37길,306,186,120,0,39,65,85,79,38,0,10,35,49,61,31,0,29,30,36,18,7
2018_2,광나루로36길,50,30,20,0,5,18,12,10,5,0,1,14,8,5,2,0,4,4,4,5,3
2018_2,광나루로24길,83,47,36,0,19,25,15,14,10,0,9,14,10,7,7,0,10,11,5,7,3
2018_2,광나루로12길,1047,586,461,6,190,276,250,214,111,5,95,170,144,93,79,1,95,106,106,121,32
2018_2,한림말길,65,35,30,0,8,10,30,11,6,0,3,4,17,7,4,0,5,6,13,4,2
2018_2,청계천로10나길,1826,1072,754,7,242,500,440,387,250,5,131,323,287,186,140,2,111,177,153,201,110
2018_2,장터길,39,15,24,0,10,10,5,6,8,0,3,3,2,3,4,0,7,7,3,3,4
2018_2,용답중앙길,92,47,45,0,3,22,25,20,22,0,3,13,14,11,6,0,0,9,11,9,16
2018_2,용답29길,1708,902,806,7,177,312,463,398,351,5,93,178,202,196,228,2,84,134,261,202,123
2018_2,왕십리로6길,1457,808,649,3,173,388,385,374,134,3,83,223,200,207,92,0,90,165,185,167,42
2018_2,왕십리로31길,81,42,39,0,2,24,25,11,19,0,0,8,11,6,17,0,2,16,14,5,2
2018_2,왕십리로26길,4069,2485,1584,12,761,824,936,843,693,7,277,560,689,556,396,5,484,264,247,287,297
2018_2,왕십리로21길,196,65,131,2,27,43,52,46,26,2,2,10,20,21,10,0,25,33,32,25,16
2018_2,왕십리로14길,2760,1981,779,3,302,527,643,734,551,2,142,388,483,515,451,1,160,139,160,219,100
2018_2,아차산로5길,2254,1475,779,7,320,543,603,530,251,5,170,378,408,344,170,2,150,165,195,186,81
2018_2,아차산로15길,4423,3129,1294,16,705,1170,1151,898,483,8,389,821,852,641,418,8,316,349,299,257,65
2018_2,아차산로11길,3763,2445,1318,13,621,910,984,841,394,8,322,629,684,511,291,5,299,281,300,330,103
2018_2,송정4가길,1033,447,586,4,149,303,293,168,116,1,36,137,132,69,72,3,113,166,161,99,44
2018_2,송정12라길,266,184,82,0,23,67,60,56,60,0,11,46,36,38,53,0,12,21,24,18,7
2018_2,성수일로6길,2624,1639,985,10,407,708,642,488,369,9,188,447,432,327,236,1,219,261,210,161,133
2018_2,성수이로7길,558,315,243,0,72,122,110,99,155,0,35,70,77,61,72,0,37,52,33,38,83
2018_2,성수이로18길,2355,1649,706,13,308,607,678,539,210,12,160,406,506,398,167,1,148,201,172,141,43
2018_2,성덕정길,897,521,376,14,159,219,215,202,88,2,53,130,126,142,68,12,106,89,89,60,20
2018_2,성덕정17길,234,123,111,0,22,46,59,61,46,0,6,25,28,32,32,0,16,21,31,29,14
2018_2,서울숲2길,1098,643,455,4,148,231,308,246,161,1,54,128,179,154,127,3,94,103,129,92,34
2018_2,상원길,1553,997,556,1,213,448,451,293,147,0,80,306,313,206,92,1,133,142,138,87,55
2018_2,상원12길,170,105,65,0,29,38,48,39,16,0,12,24,32,26,11,0,17,14,16,13,5
2018_2,사근동길,30,18,12,0,4,11,10,3,2,0,3,4,6,3,2,0,1,7,4,0,0
2018_2,무학봉길,5,3,2,0,0,2,1,2,0,0,0,0,1,2,0,0,0,2,0,0,0
2018_2,무학봉28길,134,60,74,0,14,32,32,32,24,0,4,9,14,18,15,0,10,23,18,14,9
2018_2,무학로6길,387,216,171,1,41,57,105,109,74,1,19,34,59,61,42,0,22,23,46,48,32
2018_2,무수막길,153,74,79,0,30,37,29,36,21,0,10,24,13,14,13,0,20,13,16,22,8
2018_2,매봉길,10,7,3,0,1,1,3,2,3,0,1,1,1,2,2,0,0,0,2,0,1
2018_2,마조로1길,216,79,137,0,27,47,75,56,11,0,10,16,26,18,9,0,17,31,49,38,2
2018_2,마조로16길,839,589,250,3,67,159,207,248,155,1,29,107,146,175,131,2,38,52,61,73,24
2018_2,마장로39길,107,51,56,0,14,14,32,39,8,0,5,9,19,15,3,0,9,5,13,24,5
2018_2,마장로27길,77,22,55,0,13,19,21,19,5,0,2,3,5,9,3,0,11,16,16,10,2
2018_2,둘레9길,391,231,160,1,42,91,112,100,45,1,23,48,66,57,36,0,19,43,46,43,9
2018_2,금호산길,436,156,280,1,58,94,115,116,52,0,16,36,35,43,26,1,42,58,80,73,26
2018_2,금호산2길,36,12,24,0,3,9,13,7,4,0,0,4,2,3,3,0,3,5,11,4,1
2018_2,고산자로6길,9832,3564,6268,12,910,1707,2991,3681,531,6,532,1113,996,549,368,6,378,594,1995,3132,163
2018_2,후암로28길,209,92,117,1,45,39,58,48,18,0,13,17,27,22,13,1,32,22,31,26,5
2018_2,효창원로39길,57,31,26,0,7,12,20,17,1,0,2,9,14,6,0,0,5,3,6,11,1
2018_2,회나무로13길,85,46,39,0,31,31,11,8,4,0,17,17,7,2,3,0,14,14,4,6,1
2018_2,한남대로20길,772,432,340,5,157,249,194,92,75,4,61,138,116,61,52,1,96,111,78,31,23
2018_2,한강대로7길,491,331,160,3,53,90,97,85,163,2,35,67,78,58,91,1,18,23,19,27,72
2018_2,한강대로62길,742,505,237,0,117,159,174,181,111,0,78,110,124,112,81,0,39,49,50,69,30
2018_2,한강대로52길,1146,735,411,7,211,369,282,165,112,2,88,226,206,124,89,5,123,143,76,41,23
2018_2,한강대로43길,5969,3751,2218,6,881,1512,1596,1228,746,2,405,967,1116,779,482,4,476,545,480,449,264
2018_2,한강대로15길,1230,345,885,6,484,458,128,89,65,0,63,101,70,67,44,6,421,357,58,22,21
2018_2,한강대로104길,11313,4081,7232,73,6404,2304,1335,648,549,12,827,1394,1023,476,349,61,5577,910,312,172,200
2018_2,청파로73길,1175,614,561,3,133,334,316,256,133,1,55,149,141,153,115,2,78,185,175,103,18
2018_2,청파로71길,228,112,116,0,31,46,76,62,13,0,8,22,28,45,9,0,23,24,48,17,4
2018_2,청파로47나길,171,97,74,0,31,40,42,29,29,0,13,21,28,18,17,0,18,19,14,11,12
2018_2,청파로47길,969,423,546,3,154,238,252,221,101,0,58,104,114,92,55,3,96,134,138,129,46
2018_2,장문로45길,55,13,42,0,5,17,11,15,7,0,1,3,4,4,1,0,4,14,7,11,6
2018_2,이태원로54길,2259,1093,1166,8,590,664,534,370,93,4,301,414,243,81,50,4,289,250,291,289,43
2018_2,이태원로27길,629,356,273,2,252,160,90,69,56,1,133,103,47,40,32,1,119,57,43,29,24
2018_2,이촌로22길,279,165,114,0,67,53,57,57,45,0,38,28,30,37,32,0,29,25,27,20,13
2018_2,원효로89길,893,734,159,0,144,365,193,148,43,0,108,290,167,132,37,0,36,75,26,16,6
2018_2,원효로53길,867,532,335,3,88,226,226,188,136,1,37,135,152,125,82,2,51,91,74,63,54
2018_2,원효로41길,1490,1016,474,11,239,497,402,213,128,7,145,354,295,131,84,4,94,143,107,82,44
2018_2,원효로19길,1038,733,305,1,164,326,306,147,94,0,92,241,241,102,57,1,72,85,65,45,37
2018_2,우사단로4길,152,91,61,0,17,20,31,53,31,0,5,4,13,42,27,0,12,16,18,11,4
2018_2,우사단로14길,1886,905,981,6,287,845,503,172,73,2,71,378,331,106,17,4,216,467,172,66,56
2018_2,우사단로10길,87,39,48,0,14,22,18,21,12,0,1,12,6,14,6,0,13,10,12,7,6
2018_2,신흥로20길,216,93,123,1,45,55,62,32,21,0,13,27,26,13,14,1,32,28,36,19,7
2018_2,소월로20길,136,53,83,2,28,33,38,24,11,1,10,11,10,12,9,1,18,22,28,12,2
2018_2,서빙고로71길,469,283,186,0,49,110,129,92,89,0,24,48,58,74,79,0,25,62,71,18,10
2018_2,백범로90길,256,155,101,0,17,44,77,69,49,0,9,26,44,43,33,0,8,18,33,26,16
2018_2,백범로79길,725,440,285,1,87,182,191,150,114,0,28,104,127,99,82,1,59,78,64,51,32
2018_2,두텁바위로1길,2758,1484,1274,17,567,761,670,465,278,10,193,375,378,314,214,7,374,386,292,151,64
2018_2,대사관로34길,291,142,149,0,46,72,63,65,45,0,15,39,31,33,24,0,31,33,32,32,21
2018_2,녹사평대로46길,74,46,28,0,25,28,13,7,1,0,17,17,9,2,1,0,8,11,4,5,0
2018_2,녹사평대로40나길,65,29,36,0,26,15,11,11,2,0,9,8,6,4,2,0,17,7,5,7,0
2018_2,녹사평대로32길,389,218,171,1,65,79,64,76,104,0,39,42,27,39,71,1,26,37,37,37,33
2018_2,녹사평대로26길,2081,1090,991,0,223,565,517,555,221,0,63,223,249,399,156,0,160,342,268,156,65
2018_2,녹사평대로11길,267,175,92,2,32,69,95,48,21,2,17,38,68,33,17,0,15,31,27,15,4
2018_2,퇴계로90길,599,220,379,2,83,143,132,146,93,1,32,50,53,46,38,1,51,93,79,100,55
2018_2,퇴계로8길,2397,1293,1104,5,405,764,645,368,210,1,122,429,390,213,138,4,283,335,255,155,72
2018_2,퇴계로56길,1285,1042,243,1,115,426,369,208,166,0,74,345,331,164,128,1,41,81,38,44,38
2018_2,퇴계로46길,2119,1001,1118,3,376,547,539,460,194,0,76,193,259,316,157,3,300,354,280,144,37
2018_2,퇴계로18길,3099,1354,1745,13,582,798,684,606,416,2,186,414,346,220,186,11,396,384,338,386,230
2018_2,퇴계로12길,1154,488,666,6,238,307,220,250,133,0,41,117,109,138,83,6,197,190,111,112,50
2018_2,청구로1길,250,84,166,0,58,47,50,60,35,0,14,24,20,18,8,0,44,23,30,42,27
2018_2,청구로17길,1721,804,917,4,385,619,362,227,124,0,76,260,197,171,100,4,309,359,165,56,24
2018_2,장충단로8길,3242,1195,2047,12,1130,862,584,346,308,3,246,310,299,188,149,9,884,552,285,158,159
2018_2,삼일대로4길,957,571,386,5,134,250,244,170,154,0,50,133,171,105,112,5,84,117,73,65,42
2018_2,명동길,36306,17786,18520,66,5013,13799,10352,5783,1293,19,1720,5976,5440,3770,861,47,3293,7823,4912,2013,432
2018_2,동호로20길,854,337,517,11,277,243,156,110,57,2,105,82,67,47,34,9,172,161,89,63,23
2018_2,동호로15길,4108,2168,1940,6,1596,1349,737,308,112,3,612,748,527,208,70,3,984,601,210,100,42
2018_2,동호로11길,17,11,6,0,1,1,6,7,2,0,1,0,4,5,1,0,0,1,2,2,1
2018_2,동호로10길,1587,702,885,6,338,439,348,320,136,3,101,190,183,157,68,3,237,249,165,163,68
2018_2,다산로39길,1339,742,597,1,132,284,315,386,221,0,67,191,173,204,107,1,65,93,142,182,114
2018_2,다산로38길,1628,724,904,7,502,469,333,213,104,5,148,214,171,121,65,2,354,255,162,92,39
2018_2,다산로36길,70,42,28,0,10,17,15,22,6,0,5,11,9,13,4,0,5,6,6,9,2
2018_2,다산로33길,396,202,194,1,75,81,95,101,43,0,35,48,50,42,27,1,40,33,45,59,16
2018_2,난계로21길,252,160,92,1,36,48,80,65,22,1,14,29,58,42,16,0,22,19,22,23,6
2018_2,난계로11길,1823,1066,757,4,357,503,358,332,269,0,182,304,229,191,160,4,175,199,129,141,109
2018_2,필운대로1길,4,1,3,0,0,2,2,0,0,0,0,0,1,0,0,0,0,2,1,0,0
2018_2,평창길,206,101,105,0,31,49,50,51,25,0,5,28,30,23,15,0,26,21,20,28,10
2018_2,통일로12길,236,94,142,0,17,58,66,79,16,0,3,12,32,36,11,0,14,46,34,43,5
2018_2,창신길,271,69,202,0,28,33,35,105,70,0,9,13,13,22,12,0,19,20,22,83,58
2018_2,창신5길,8,3,5,0,0,0,4,2,2,0,0,0,1,1,1,0,0,0,3,1,1
2018_2,창신2길,56,26,30,0,3,5,12,27,9,0,2,4,6,10,4,0,1,1,6,17,5
2018_2,창경궁로35길,1114,326,788,2,234,297,352,185,44,0,24,87,113,71,31,2,210,210,239,114,13
2018_2,지봉로8길,195,97,98,0,22,38,58,53,24,0,9,21,25,31,11,0,13,17,33,22,13
2018_2,종로65길,486,250,236,1,63,102,127,99,94,1,26,50,59,49,65,0,37,52,68,50,29
2018_2,자하문로7길,624,398,226,0,103,191,172,94,64,0,58,124,106,62,48,0,45,67,66,32,16
2018_2,이화장길,1996,960,1036,1,341,572,527,406,149,0,129,224,279,236,92,1,212,348,248,170,57
2018_2,율곡로16길,103,90,13,0,9,30,21,29,14,0,7,27,20,26,10,0,2,3,1,3,4
2018_2,율곡로10길,2228,1612,616,3,289,694,650,372,220,2,150,521,508,265,166,1,139,173,142,107,54
2018_2,옥인길,469,195,274,0,78,107,140,109,35,0,15,34,73,55,18,0,63,73,67,54,17
2018_2,숭인동길,24,5,19,0,3,0,6,6,9,0,0,0,3,2,0,0,3,0,3,4,9
2018_2,성균관로5길,133,82,51,0,13,10,11,16,83,0,4,5,5,6,62,0,9,5,6,10,21
2018_2,삼청로5길,449,169,280,1,109,131,93,71,44,0,25,47,45,31,21,1,84,84,48,40,23
2018_2,북촌로5나길,1693,1128,565,3,130,486,588,407,79,1,49,308,423,297,50,2,81,178,165,110,29
2018_2,북촌로5길,57,24,33,0,3,15,12,15,12,0,1,6,5,5,7,0,2,9,7,10,5
2018_2,북촌로11길,12,5,7,0,6,2,0,2,2,0,1,1,0,2,1,0,5,1,0,0,1
2018_2,백석동길,139,73,66,0,27,38,27,29,18,0,11,16,13,19,14,0,16,22,14,10,4
2018_2,명륜길,18,8,10,0,5,9,3,1,0,0,1,5,2,0,0,0,4,4,1,1,0
2018_2,돈화문로11가길,1048,569,479,0,157,246,272,224,149,0,42,112,165,135,115,0,115,134,107,89,34
2018_2,계동길,829,356,473,4,176,244,175,163,67,4,52,89,76,85,50,0,124,155,99,78,17
2018_1,강남 마이스 관광특구,22435,12791,9644,225,5849,7720,5441,2475,725,75,1951,4404,3888,1947,526,150,3898,3316,1553,528,199
2018_1,잠실 관광특구,29135,16836,12299,361,5804,7326,6484,6020,3140,126,2894,4660,3819,3402,1935,235,2910,2666,2665,2618,1205
2018_1,종로·청계 관광특구,31373,18799,12574,82,4725,9417,8627,6423,2099,30,1828,5045,5885,4707,1304,52,2897,4372,2742,1716,795
2018_1,동대문패션타운 관광특구,10146,5690,4456,62,2452,3162,2222,1467,781,22,1279,1806,1305,807,471,40,1173,1356,917,660,310
2018_1,명동 남대문 북창동 다동 무교동 관광특구,163479,80965,82514,1132,37802,53748,43149,21543,6105,289,11644,24814,25724,14440,4054,843,26158,28934,17425,7103,2051
2018_1,이태원 관광특구,6036,3295,2741,86,1620,1684,1144,986,516,38,768,950,603,619,317,48,852,734,541,367,199
2018_1,길동복조리시장,448,301,147,1,48,92,142,101,64,1,31,64,90,66,49,0,17,28,52,35,15
2018_1,둔촌역전통시장,169,81,88,1,13,34,36,56,29,0,3,13,17,28,20,1,10,21,19,28,9
2018_1,성내골목시장,7,2,5,0,0,1,4,1,1,0,0,1,1,0,0,0,0,0,3,1,1
2018_1,천호시장,19,10,9,0,2,9,4,4,0,0,1,7,0,2,0,0,1,2,4,2,0
2018_1,암사종합시장,758,366,392,1,33,65,85,110,464,1,16,38,45,39,227,0,17,27,40,71,237
2018_1,고덕전통시장,384,371,13,0,0,12,47,139,186,0,0,9,41,136,185,0,0,3,6,3,1
2018_1,명일골목시장,461,166,295,0,14,24,67,134,222,0,7,13,16,23,107,0,7,11,51,111,115
2018_1,새마을시장,362,201,161,1,48,78,107,78,50,0,30,53,57,30,31,1,18,25,50,48,19
2018_1,석촌시장,173,108,65,0,20,25,55,42,31,0,12,16,33,23,24,0,8,9,22,19,7
2018_1,방이시장,643,400,243,1,94,198,164,138,48,1,69,159,109,40,22,0,25,39,55,98,26
2018_1,마천시장,202,70,132,1,22,40,57,53,29,1,7,13,19,19,11,0,15,27,38,34,18
2018_1,풍납시장,22,8,14,0,4,5,4,8,1,0,1,2,2,2,1,0,3,3,2,6,0
2018_1,강남개포시장,40,33,7,0,1,1,7,13,18,0,0,1,3,11,18,0,1,0,4,2,0
2018_1,도곡시장,492,218,274,4,78,110,138,105,57,1,23,56,57,45,36,3,55,54,81,60,21
2018_1,영동전통시장,2966,2171,795,22,460,767,876,555,286,13,260,571,728,401,198,9,200,196,148,154,88
2018_1,미성동도깨비시장,419,178,241,3,61,88,141,107,19,0,16,49,64,38,11,3,45,39,77,69,8
2018_1,신신림시장,2,2,0,0,0,0,2,0,0,0,0,0,2,0,0,0,0,0,0,0,0
2018_1,삼성동시장,88,39,49,0,10,18,20,23,17,0,2,10,8,9,10,0,8,8,12,14,7
2018_1,신림중앙시장,16,10,6,0,0,4,6,2,4,0,0,2,5,1,2,0,0,2,1,1,2
2018_1,강남골목시장,279,128,151,1,34,54,76,73,41,0,19,30,30,25,24,1,15,24,46,48,17
2018_1,관악신사시장,149,76,73,0,21,31,42,41,14,0,5,18,23,22,8,0,16,13,19,19,6
2018_1,신원시장,315,116,199,0,31,54,78,84,68,0,8,27,27,30,24,0,23,27,51,54,44
2018_1,인헌시장,211,98,113,0,42,67,50,33,19,0,15,39,24,12,8,0,27,28,26,21,11
2018_1,봉천현대시장,7,4,3,0,0,0,1,2,4,0,0,0,1,1,2,0,0,0,0,1,2
2018_1,봉천제일종합시장,56,25,31,0,3,8,12,24,9,0,1,5,5,7,7,0,2,3,7,17,2
2018_1,낙성대시장,18,14,4,1,2,2,4,5,4,1,1,1,4,5,2,0,1,1,0,0,2
2018_1,중부시장,182,58,124,0,18,34,42,51,37,0,6,8,16,18,10,0,12,26,26,33,27
2018_1,남성역골목시장,545,247,298,1,75,104,134,137,94,0,24,38,65,66,54,1,51,66,69,71,40
2018_1,남성사계시장,2019,924,1095,12,271,406,452,469,409,3,78,201,248,191,203,9,193,205,204,278,206
2018_1,흑석시장,185,73,112,2,14,47,58,40,24,0,3,13,18,17,22,2,11,34,40,23,2
2018_1,상도4동도깨비골목시장,323,82,241,0,63,68,85,73,34,0,18,18,22,12,12,0,45,50,63,61,22
2018_1,영도시장,70,28,42,0,12,14,19,16,9,0,2,4,10,7,5,0,10,10,9,9,4
2018_1,본동인정시장,120,61,59,0,5,30,34,27,24,0,1,13,15,14,18,0,4,17,19,13,6
2018_1,대림중앙시장,22,10,12,0,3,5,6,5,3,0,0,2,3,2,3,0,3,3,3,3,0
2018_1,우리시장,16,8,8,0,2,2,2,9,1,0,0,1,0,6,1,0,2,1,2,3,0
2018_1,영진시장A동,49,42,7,1,2,17,6,19,4,0,2,15,5,17,3,1,0,2,1,2,1
2018_1,사러가시장,26,7,19,0,5,5,9,5,2,0,0,0,2,4,1,0,5,5,7,1,1
2018_1,영등포청과시장,191,122,69,1,21,58,56,40,15,0,8,37,42,27,8,1,13,21,14,13,7
2018_1,영등포전통시장,3892,1947,1945,22,645,1381,998,541,305,2,191,613,567,369,205,20,454,768,431,172,100
2018_1,은행나무시장,56,12,44,0,4,11,21,12,8,0,2,1,2,3,4,0,2,10,19,9,4
2018_1,현대시장,56,16,40,0,2,10,27,13,4,0,1,5,6,2,2,0,1,5,21,11,2
2018_1,남문시장,269,112,157,0,25,36,83,93,32,0,4,13,34,44,17,0,21,23,49,49,15
2018_1,독산동 우시장,147,62,85,0,13,20,60,38,16,0,8,11,16,17,10,0,5,9,44,21,6
2018_1,개봉중앙시장,7,3,4,0,0,0,2,3,2,0,0,0,1,1,1,0,0,0,1,2,1
2018_1,가리봉시장,19,15,4,0,0,2,7,5,5,0,0,1,7,3,4,0,0,1,0,2,1
2018_1,남구로시장,16,3,13,0,1,0,3,7,5,0,1,0,0,2,0,0,0,0,3,5,5
2018_1,구로시장,58,24,34,1,6,19,19,9,4,0,2,7,8,4,3,1,4,12,11,5,1
2018_1,방신전통시장,38,22,16,0,2,10,7,14,5,0,1,6,2,9,4,0,1,4,5,5,1
2018_1,송화골목시장,544,184,360,4,89,94,173,136,48,1,24,40,54,33,32,3,65,54,119,103,16
2018_1,까치산시장,43,28,15,0,4,11,18,10,0,0,2,8,12,6,0,0,2,3,6,4,0
2018_1,남부골목시장,216,88,128,1,29,42,69,51,24,0,6,15,31,25,11,1,23,27,38,26,13
2018_1,화곡중앙골목시장,2,2,0,0,0,1,0,0,1,0,0,1,0,0,1,0,0,0,0,0,0
2018_1,등마루시장,817,469,348,60,233,147,144,113,120,45,155,91,83,43,52,15,78,56,61,70,68
2018_1,신정3동골목시장,204,106,98,0,30,43,43,50,38,0,11,22,18,31,24,0,19,21,25,19,14
2018_1,신정2동골목시장,6,5,1,0,0,1,4,1,0,0,0,0,4,1,0,0,0,1,0,0,0
2018_1,신월6동골목시장,227,109,118,0,39,50,66,37,35,0,14,26,32,14,23,0,25,24,34,23,12
2018_1,신곡종합시장,11,7,4,0,0,0,3,2,6,0,0,0,2,1,4,0,0,0,1,1,2
2018_1,신월3동골목시장,63,18,45,0,6,10,21,20,6,0,3,4,5,4,2,0,3,6,16,16,4
2018_1,경창시장,189,82,107,1,11,26,49,51,51,1,4,17,26,19,15,0,7,9,23,32,36
2018_1,월정로시장,115,63,52,0,8,24,30,34,19,0,3,14,17,16,13,0,5,10,13,18,6
2018_1,신영시장,50,21,29,0,0,10,21,13,6,0,0,6,8,4,3,0,0,4,13,9,3
2018_1,목4동시장,211,64,147,0,25,32,65,60,29,0,7,7,14,19,17,0,18,25,51,41,12
2018_1,목3동시장,662,313,349,4,96,168,161,155,78,0,25,90,80,72,46,4,71,78,81,83,32
2018_1,목2동시장,236,108,128,1,36,53,71,61,14,1,5,29,38,26,9,0,31,24,33,35,5
2018_1,마포농수산물시장,494,319,175,0,23,57,115,171,128,0,15,38,79,102,85,0,8,19,36,69,43
2018_1,망원월드컵시장,15,10,5,0,0,2,6,4,3,0,0,2,3,4,1,0,0,0,3,0,2
2018_1,망원시장,48,24,24,0,10,12,6,16,4,0,3,8,4,6,3,0,7,4,2,10,1
2018_1,신수시장,125,89,36,2,11,39,43,15,15,1,3,25,34,12,14,1,8,14,9,3,1
2018_1,아현시장,26,5,21,0,4,9,6,6,1,0,0,3,1,1,0,0,4,6,5,5,1
2018_1,대림골목시장,383,135,248,1,40,84,118,97,43,1,16,27,42,27,22,0,24,57,76,70,21
2018_1,상계중앙시장,34,15,19,0,4,8,10,11,1,0,2,4,5,4,0,0,2,4,5,7,1
2018_1,방학동도깨비시장,156,65,91,0,24,36,43,27,26,0,15,22,16,7,5,0,9,14,27,20,21
2018_1,쌍문역골목시장,72,35,37,0,8,15,24,15,10,0,2,8,12,8,5,0,6,7,12,7,5
2018_1,신도봉시장,24,13,11,0,0,2,9,12,1,0,0,1,7,5,0,0,0,1,2,7,1
2018_1,창동신창시장,142,68,74,0,9,22,40,38,33,0,2,8,18,18,22,0,7,14,22,20,11
2018_1,수유북부시장,9,2,7,0,1,2,1,0,5,0,0,2,0,0,0,0,1,0,1,0,5
2018_1,장미원골목시장,73,45,28,0,10,14,18,22,9,0,4,8,9,18,6,0,6,6,9,4,3
2018_1,수유중앙시장,127,70,57,0,18,31,36,24,18,0,8,17,20,13,12,0,10,14,16,11,6
2018_1,강북종합시장,64,26,38,0,9,10,22,14,9,0,1,5,8,8,4,0,8,5,14,6,5
2018_1,우이시장,158,62,96,1,15,35,43,44,20,0,5,18,15,12,12,1,10,17,28,32,8
2018_1,수유전통시장,443,138,305,0,55,64,82,139,103,0,13,17,25,35,48,0,42,47,57,104,55
2018_1,번동북부골목시장,81,45,36,1,10,16,27,17,10,0,4,11,15,10,5,1,6,5,12,7,5
2018_1,솔샘시장,107,43,64,1,12,25,41,22,6,1,2,12,17,7,4,0,10,13,24,15,2
2018_1,방천골목시장,72,27,45,0,6,15,24,19,8,0,1,4,7,9,6,0,5,11,17,10,2
2018_1,석관황금시장,73,23,50,0,2,12,16,20,23,0,0,6,8,5,4,0,2,6,8,15,19
2018_1,장위전통시장,185,77,108,0,20,45,56,42,22,0,8,18,20,16,15,0,12,27,36,26,7
2018_1,정릉시장,33,11,22,0,5,8,11,5,4,0,0,4,3,2,2,0,5,4,8,3,2
2018_1,정릉아리랑시장,2,1,1,0,0,0,0,2,0,0,0,0,0,1,0,0,0,0,0,1,0
2018_1,돈암제일시장,53,17,36,1,8,11,14,10,9,1,0,4,4,3,5,0,8,7,10,7,4
2018_1,우림골목시장,217,109,108,0,21,29,55,53,59,0,8,12,26,26,37,0,13,17,29,27,22
2018_1,묵1동도깨비시장,280,126,154,1,33,52,77,91,26,0,8,29,32,44,13,1,25,23,45,47,13
2018_1,태능시장,4,3,1,0,1,2,1,0,0,0,0,2,1,0,0,0,1,0,0,0,0
2018_1,중화제일시장,23,1,22,0,7,3,5,7,1,0,0,0,0,1,0,0,7,3,5,6,1
2018_1,사가정시장,260,187,73,0,23,27,48,92,70,0,4,12,30,75,66,0,19,15,18,17,4
2018_1,동원시장,80,34,46,0,11,23,22,16,8,0,3,10,8,7,6,0,8,13,14,9,2
2018_1,동부골목시장,101,35,66,0,31,20,14,20,16,0,9,4,3,8,11,0,22,16,11,12,5
2018_1,회기시장,115,50,65,0,18,32,35,15,15,0,7,11,19,4,9,0,11,21,16,11,6
2018_1,답십리시장,26,8,18,0,2,4,10,10,0,0,1,1,4,2,0,0,1,3,6,8,0
2018_1,답십리현대시장,85,69,16,0,8,21,27,17,12,0,5,19,23,10,12,0,3,2,4,7,0
2018_1,청량리종합시장,13,10,3,0,1,5,3,2,2,0,1,3,3,1,2,0,0,2,0,1,0
2018_1,청량리농수산물시장,18,15,3,0,0,4,4,6,4,0,0,4,4,4,3,0,0,0,0,2,1
2018_1,서울약령시장,1335,806,529,3,119,235,343,394,241,1,57,143,205,245,155,2,62,92,138,149,86
2018_1,청량리수산시장,222,110,112,0,45,62,53,26,36,0,10,29,27,15,29,0,35,33,26,11,7
2018_1,구의시장,121,72,49,0,15,20,26,40,20,0,2,13,15,24,18,0,13,7,11,16,2
2018_1,조양시장,93,48,45,1,7,19,29,22,15,0,2,6,13,12,15,1,5,13,16,10,0
2018_1,영동교골목시장,18,12,6,0,1,7,4,2,4,0,0,6,3,1,2,0,1,1,1,1,2
2018_1,능동로골목시장,198,164,34,0,10,11,7,22,148,0,4,8,0,11,141,0,6,3,7,11,7
2018_1,자양골목시장,88,46,42,0,8,10,26,30,14,0,3,4,13,17,9,0,5,6,13,13,5
2018_1,중곡제일시장,120,69,51,1,11,21,29,38,20,0,5,14,13,22,15,1,6,7,16,16,5
2018_1,한아름시장,141,80,61,2,34,31,33,30,11,1,20,22,23,11,3,1,14,9,10,19,8
2018_1,성동용답상가시장,292,144,148,0,53,71,66,64,38,0,17,31,32,35,29,0,36,40,34,29,9
2018_1,뚝도시장,34,12,22,0,6,6,9,9,4,0,0,4,3,3,2,0,6,2,6,6,2
2018_1,금남시장,22,12,10,0,3,6,2,6,5,0,1,5,1,1,4,0,2,1,1,5,1
2018_1,행당시장,243,123,120,3,40,56,80,46,18,1,8,30,48,23,13,2,32,26,32,23,5
2018_1,마장축산물시장,1501,1017,484,3,170,389,437,313,189,1,122,274,297,205,118,2,48,115,140,108,71
2018_1,용문전통시장,39,20,19,0,2,6,13,12,6,0,1,3,6,6,4,0,1,3,7,6,2
2018_1,후암시장,50,19,31,0,1,9,10,18,12,0,0,4,5,4,6,0,1,5,5,14,6
2018_1,합동(새벽)시장,2442,1364,1078,6,402,698,611,413,312,1,138,298,339,294,294,5,264,400,272,119,18
2018_1,서울중앙시장,268,182,86,0,29,74,68,74,23,0,15,57,42,49,19,0,14,17,26,25,4
2018_1,백학시장,466,240,226,1,79,142,116,94,34,1,30,74,66,43,26,0,49,68,50,51,8
2018_1,약수시장,1757,696,1061,9,285,411,435,347,270,2,74,160,165,143,152,7,211,251,270,204,118
2018_1,청평화시장,3287,1991,1296,7,939,1260,766,224,91,4,593,738,504,101,51,3,346,522,262,123,40
2018_1,제일평화시장,516,299,217,2,96,148,114,93,63,2,46,86,68,54,43,0,50,62,46,39,20
2018_1,남평화시장,195,118,77,0,23,37,35,74,26,0,12,20,23,47,16,0,11,17,12,27,10
2018_1,방산종합시장,1838,1161,677,5,173,404,483,489,284,3,95,275,276,308,204,2,78,129,207,181,80
2018_1,인현시장,1123,708,415,2,87,191,315,339,189,0,38,102,194,232,142,2,49,89,121,107,47
2018_1,신중부시장,2387,1590,797,6,194,474,693,623,397,3,89,324,454,422,298,3,105,150,239,201,99
2018_1,남대문시장,7058,3595,3463,73,1187,2658,1842,880,418,6,369,1336,1017,571,296,67,818,1322,825,309,122
2018_1,동묘시장,915,580,335,2,142,199,218,223,131,0,57,129,148,151,95,2,85,70,70,72,36
2018_1,창신골목시장,227,115,112,0,19,102,48,45,13,0,7,43,28,27,10,0,12,59,20,18,3
2018_1,충신시장,328,203,125,0,53,91,78,68,38,0,21,58,46,46,32,0,32,33,32,22,6
2018_1,종로신진시장,39,17,22,0,1,6,13,9,10,0,0,2,6,2,7,0,1,4,7,7,3
2018_1,동대문종합시장,308,171,137,3,53,66,87,59,40,2,25,33,54,33,24,1,28,33,33,26,16
2018_1,광장시장,194,143,51,0,14,35,37,66,42,0,7,30,26,45,35,0,7,5,11,21,7
2018_1,서울 노원구 노원역_3,759,317,442,13,222,134,160,143,87,6,80,71,61,50,49,7,142,63,99,93,38
2018_1,서울 노원구 노원역_1,947,284,663,9,312,242,191,125,68,2,49,86,65,51,31,7,263,156,126,74,37
2018_1,창동역,2396,1556,840,4,287,446,663,622,374,3,126,265,436,453,273,1,161,181,227,169,101
2018_1,서울 강북구 수유역_3,71,33,38,1,9,12,15,26,8,0,5,6,6,11,5,1,4,6,9,15,3
2018_1,서울 강북구 수유역_2,4324,2172,2152,11,545,940,1019,1058,751,4,172,428,495,652,421,7,373,512,524,406,330
2018_1,서울 강북구 수유역_1,51,37,14,0,5,11,15,15,5,0,4,11,6,11,5,0,1,0,9,4,0
2018_1,서울 은평구 연신내역_3,664,202,462,0,166,138,155,124,81,0,34,38,49,53,28,0,132,100,106,71,53
2018_1,서울 은평구 연신내역_2,428,182,246,4,100,104,106,64,50,1,37,49,41,26,28,3,63,55,65,38,22
2018_1,서울 은평구 연신내역_1,83,41,42,1,19,20,13,18,12,0,6,10,8,10,7,1,13,10,5,8,5
2018_1,서울 성북구 미아삼거리역_2,521,209,312,0,98,133,149,107,34,0,16,50,71,54,18,0,82,83,78,53,16
2018_1,서울 강북구 미아삼거리역_1,527,193,334,8,137,126,99,88,69,1,38,43,36,35,40,7,99,83,63,53,29
2018_1,서울 은평구 불광역_3,57,21,36,0,11,10,17,16,3,0,2,3,7,8,1,0,9,7,10,8,2
2018_1,서울 은평구 불광역_2,88,31,57,1,10,19,20,26,12,0,2,3,8,11,7,1,8,16,12,15,5
2018_1,서울 은평구 불광역_1,246,94,152,1,34,56,53,53,49,0,15,18,22,15,24,1,19,38,31,38,25
2018_1,미아사거리_2,110,26,84,0,31,23,24,23,9,0,7,10,5,2,2,0,24,13,19,21,7
2018_1,미아사거리_1,528,236,292,7,104,100,136,118,63,3,52,51,48,47,35,4,52,49,88,71,28
2018_1,서울 성북구 성신여대입구역,5122,3116,2006,19,706,1136,1245,1386,630,10,290,539,740,1058,479,9,416,597,505,328,151
2018_1,경희대학교,341,161,180,7,46,95,86,71,36,3,24,57,40,24,13,4,22,38,46,47,23
2018_1,서울 성북구 안암역,110,67,43,3,20,38,27,10,12,1,13,27,17,3,6,2,7,11,10,7,6
2018_1,혜화역 대학로_3,1654,774,880,11,269,453,418,336,167,4,101,190,210,169,100,7,168,263,208,167,67
2018_1,혜화역 대학로_2,1498,813,685,2,95,465,528,346,62,0,28,186,279,274,46,2,67,279,249,72,16
2018_1,혜화역 대학로_1,1166,626,540,13,284,324,265,175,105,7,132,170,153,102,62,6,152,154,112,73,43
2018_1,디지털미디어시티,16813,10770,6043,44,3104,6502,5102,1769,292,9,1225,4029,3905,1400,202,35,1879,2473,1197,369,90
2018_1,서울 동대문구 청량리역,3541,2418,1123,39,717,859,865,641,420,27,502,630,601,390,268,12,215,229,264,251,152
2018_1,서울 종로구 안국역_2,656,273,383,3,141,223,154,90,45,2,32,102,74,34,29,1,109,121,80,56,16
2018_1,서울 종로구 안국역_1,11611,9406,2205,10,1379,4288,3560,1869,505,9,929,3393,3029,1625,421,1,450,895,531,244,84
2018_1,서울 종로구 경복궁역_1,203,78,125,1,36,47,40,46,33,0,10,24,14,13,17,1,26,23,26,33,16
2018_1,서울 종로구 종로3가역_3,3303,1754,1549,22,580,827,869,654,351,4,179,450,482,394,245,18,401,377,387,260,106
2018_1,서울 종로구 종로3가역_2,1862,1009,853,13,368,389,411,345,336,8,150,205,234,195,217,5,218,184,177,150,119
2018_1,서울 동대문구 신설동역_2,4556,2170,2386,42,473,593,788,1304,1356,9,133,328,431,531,738,33,340,265,357,773,618
2018_1,인사동,20646,12784,7862,135,4008,6883,5094,2953,1573,51,1441,4217,3894,2217,964,84,2567,2666,1200,736,609
2018_1,서울 종로구 종로5가역_4,654,355,299,0,73,149,195,148,89,0,23,85,109,76,62,0,50,64,86,72,27
2018_1,서울 종로구 종로5가역_3,5069,3422,1647,10,698,1356,1406,1054,545,2,403,918,925,762,412,8,295,438,481,292,133
2018_1,종로구청,18223,10024,8199,788,3312,5644,4872,2684,923,316,1324,2852,3122,1826,584,472,1988,2792,1750,858,339
2018_1,서울 종로구 종로5가역_2,17663,11671,5992,510,3342,5819,4713,2578,701,152,1422,3879,3665,2065,488,358,1920,1940,1048,513,213
2018_1,신설동역,744,414,330,10,130,192,161,160,91,0,45,109,94,92,74,10,85,83,67,68,17
2018_1,서울 동대문구 신설동역_1,2,2,0,0,0,0,1,0,1,0,0,0,1,0,1,0,0,0,0,0,0
2018_1,서울 종로구 광화문역_2,54526,32877,21649,111,7800,17073,16986,9187,3369,36,2958,9935,11584,6243,2121,75,4842,7138,5402,2944,1248
2018_1,동묘앞역,52,31,21,0,4,8,13,16,11,0,3,4,9,10,5,0,1,4,4,6,6
2018_1,장안동사거리,494,258,236,8,72,103,119,115,77,4,35,61,58,53,47,4,37,42,61,62,30
2018_1,서울 종로구 동대문역_2,1090,555,535,8,221,281,259,177,144,1,69,152,139,94,100,7,152,129,120,83,44
2018_1,동대문시장_2,490,300,190,1,37,118,110,123,101,0,19,75,72,63,71,1,18,43,38,60,30
2018_1,서울 종로구 종로5가역_1,48,36,12,0,4,7,13,17,7,0,1,4,11,15,5,0,3,3,2,2,2
2018_1,서울 종로구 종로3가역_1,4196,1807,2389,27,748,980,814,943,684,15,221,415,375,401,380,12,527,565,439,542,304
2018_1,서울 종로구 광화문역_1,2092,1335,757,0,409,773,484,297,129,0,150,480,377,249,79,0,259,293,107,48,50
2018_1,종각역,20629,13378,7251,24,2916,6827,6358,4111,393,4,1162,3645,4649,3636,282,20,1754,3182,1709,475,111
2018_1,종각역 젊음의 거리,2385,1017,1368,13,530,634,425,443,340,6,201,357,195,119,139,7,329,277,230,324,201
2018_1,서대문구 서대문역_1,362,251,111,0,33,79,111,81,58,0,13,63,82,50,43,0,20,16,29,31,15
2018_1,동대문시장_1,435,229,206,0,38,118,124,101,54,0,19,65,58,50,37,0,19,53,66,51,17
2018_1,시청역_2,22471,14281,8190,122,4109,6737,6492,3650,1361,41,1640,4153,4760,2677,1010,81,2469,2584,1732,973,351
2018_1,서울시청,24111,11723,12388,140,4920,7597,6934,3355,1165,35,1584,3417,3800,2160,727,105,3336,4180,3134,1195,438
2018_1,서울 중구 을지로3가역_2,7696,4978,2718,16,986,2042,2052,1471,1129,5,382,1231,1497,1017,846,11,604,811,555,454,283
2018_1,서울 중구 신당역_2,1347,675,672,30,611,327,191,122,66,9,298,170,101,54,43,21,313,157,90,68,23
2018_1,서대문구 서대문역_2,1405,861,544,1,241,429,399,216,119,0,96,242,289,155,79,1,145,187,110,61,40
2018_1,동대문역사문화공원역,2212,1257,955,10,308,533,547,494,320,1,120,305,330,287,214,9,188,228,217,207,106
2018_1,서울 중구 을지로3가역_1,15222,9995,5227,45,2316,4380,4219,2742,1520,12,1073,2817,3019,2005,1069,33,1243,1563,1200,737,451
2018_1,명동거리,9708,5218,4490,75,1714,2696,2676,1821,726,22,613,1357,1690,1047,489,53,1101,1339,986,774,237
2018_1,롯데백화점,43758,23437,20321,388,6574,14929,14220,6247,1400,101,2177,6514,8785,4816,1044,287,4397,8415,5435,1431,356
2018_1,서울 중구 신당역_1,1012,668,344,3,130,222,271,257,129,1,44,138,202,186,97,2,86,84,69,71,32
2018_1,북창동,10134,5387,4747,53,1779,2967,2732,1859,744,8,697,1594,1449,1117,522,45,1082,1373,1283,742,222
2018_1,서울 중구 충무로역_2,14218,6370,7848,115,2234,3923,4547,2450,949,41,739,1963,2074,1009,544,74,1495,1960,2473,1441,405
2018_1,서울 강서구 송정역,630,416,214,1,74,126,193,130,106,0,28,88,144,82,74,1,46,38,49,48,32
2018_1,장한평역_2,5310,3241,2069,44,1214,1285,1013,1074,680,13,555,886,634,657,496,31,659,399,379,417,184
2018_1,시청역_1,55012,33341,21671,183,8725,20214,17732,7124,1034,36,3825,11115,12034,5586,745,147,4900,9099,5698,1538,289
2018_1,왕십리역_2,661,279,382,10,127,146,149,132,97,7,42,63,58,59,50,3,85,83,91,73,47
2018_1,서울 강서구 발산역,854,496,358,4,182,244,203,147,74,2,71,131,143,103,46,2,111,113,60,44,28
2018_1,장한평역_1,2293,1530,763,15,149,383,409,405,932,9,71,210,268,274,698,6,78,173,141,131,234
2018_1,서울 중구 충무로역_1,3243,2252,991,70,660,979,872,530,132,51,467,764,639,242,89,19,193,215,233,288,43
2018_1,장한평역,2192,1545,647,7,167,429,744,566,279,4,85,273,551,418,214,3,82,156,193,148,65
2018_1,서울 중구 명동역,3845,1963,1882,3,797,1798,869,259,119,0,257,877,576,172,81,3,540,921,293,87,38
2018_1,장충동 족발거리,199,98,101,0,46,49,45,30,29,0,18,30,26,12,12,0,28,19,19,18,17
2018_1,한양시장,298,151,147,2,56,67,72,66,35,1,27,42,31,30,20,1,29,25,41,36,15
2018_1,서울 서대문구 이대역,1286,572,714,10,282,308,308,233,145,3,85,145,138,113,88,7,197,163,170,120,57
2018_1,서울 서대문구 신촌역,3137,1358,1779,27,883,787,641,500,299,13,291,390,317,199,148,14,592,397,324,301,151
2018_1,서울 마포구 홍대입구역_3,331,162,169,2,73,117,74,35,30,0,18,60,39,22,23,2,55,57,35,13,7
2018_1,서울 마포구 홍대입구역_2,3456,1278,2178,46,1537,983,537,221,132,14,325,414,276,150,99,32,1212,569,261,71,33
2018_1,홍익대학교 주변,16348,7888,8460,124,4296,5096,3580,1870,1382,60,1667,2525,1830,870,936,64,2629,2571,1750,1000,446
2018_1,서울 광진구 군자역,176,101,75,0,33,43,54,32,14,0,10,31,34,21,5,0,23,12,20,11,9
2018_1,신촌역,222,109,113,0,38,66,52,40,26,0,13,28,34,20,14,0,25,38,18,20,12
2018_1,강서구청,3403,2241,1162,13,568,838,907,672,405,5,312,562,643,446,273,8,256,276,264,226,132
2018_1,서울 마포구 홍대입구역_1,860,476,384,12,252,278,198,80,40,0,113,160,124,54,25,12,139,118,74,26,15
2018_1,서울 강동구 고덕역,476,274,202,4,57,93,103,122,97,1,27,42,58,73,73,3,30,51,45,49,24
2018_1,서울 강동구 명일역,886,357,529,6,159,181,238,181,121,2,41,78,82,80,74,4,118,103,156,101,47
2018_1,어린이대공원역,93,51,42,0,11,27,26,22,7,0,5,15,15,12,4,0,6,12,11,10,3
2018_1,서울 마포구 공덕역_2,4357,2524,1833,21,720,1126,1295,930,265,8,266,663,877,562,148,13,454,463,418,368,117
2018_1,공덕역,7579,4503,3076,77,1728,2368,2086,1162,158,29,690,1194,1473,986,131,48,1038,1174,613,176,27
2018_1,서울 용산구 숙대입구역,2726,1988,738,24,579,1001,718,307,97,0,345,777,575,218,73,24,234,224,143,89,24
2018_1,남영역,13126,5769,7357,707,4004,3876,2946,1409,184,292,1708,1960,1288,406,115,415,2296,1916,1658,1003,69
2018_1,서울 마포구 공덕역_1,4948,2420,2528,42,1104,1468,1277,829,228,17,428,842,669,298,166,25,676,626,608,531,62
2018_1,서울 마포구 마포역_2,957,522,435,3,129,231,312,185,97,1,48,124,187,98,64,2,81,107,125,87,33
2018_1,서울 광진구 건대입구역_2,2899,1009,1890,11,900,1052,496,254,186,3,193,374,229,85,125,8,707,678,267,169,61
2018_1,서울 마포구 마포역_1,11787,7085,4702,30,1848,2836,2708,2572,1793,13,790,1804,1865,1455,1158,17,1058,1032,843,1117,635
2018_1,서울 강동구 천호역_2,3879,1870,2009,17,712,861,824,653,812,6,299,435,378,264,488,11,413,426,446,389,324
2018_1,서울 광진구 건대입구역_1,886,425,461,7,218,175,207,150,129,3,87,91,98,77,69,4,131,84,109,73,60
2018_1,건대입구역,718,386,332,6,175,217,149,109,62,3,80,124,84,53,42,3,95,93,65,56,20
2018_1,서울 광진구 구의역,826,511,315,10,78,208,222,165,143,7,29,117,141,107,110,3,49,91,81,58,33
2018_1,서울 강동구 천호역,931,452,479,7,163,235,224,174,128,1,34,103,126,95,93,6,129,132,98,79,35
2018_1,당산역_2,4972,2952,2020,14,502,592,791,1147,1926,12,359,438,462,574,1107,2,143,154,329,573,819
2018_1,서울 강동구 길동역,1179,662,517,3,128,281,347,265,155,0,42,150,234,136,100,3,86,131,113,129,55
2018_1,용산 전자상가_5,2463,1801,662,24,391,977,723,253,95,17,273,734,533,179,65,7,118,243,190,74,30
2018_1,당산역_1,1149,727,422,9,199,333,289,186,133,5,82,221,194,123,102,4,117,112,95,63,31
2018_1,서울 광진구 강변역,1808,1436,372,12,122,390,543,441,300,2,80,276,464,373,241,10,42,114,79,68,59
2018_1,용산 전자상가_3,2474,1780,694,27,317,842,745,342,201,18,192,628,527,261,154,9,125,214,218,81,47
2018_1,서울 용산구 이태원역,673,404,269,13,226,183,117,73,61,5,130,130,71,37,31,8,96,53,46,36,30
2018_1,한남오거리,562,293,269,3,99,148,101,116,95,3,24,84,59,61,62,0,75,64,42,55,33
2018_1,용산 전자상가_2,461,363,98,6,57,165,157,54,22,6,45,135,123,40,14,0,12,30,34,14,8
2018_1,용산구청,84,51,33,0,35,35,6,7,1,0,16,26,5,3,1,0,19,9,1,4,0
2018_1,용산 전자상가_1,13362,8405,4957,211,5430,3311,2663,1309,438,78,2440,2289,2180,1135,283,133,2990,1022,483,174,155
2018_1,국회의사당역_2,37259,21154,16105,124,8179,12517,8865,5727,1847,45,2945,6964,6281,3834,1085,79,5234,5553,2584,1893,762
2018_1,서울 용산구 신용산역,508,233,275,0,72,105,125,117,89,0,37,60,52,43,41,0,35,45,73,74,48
2018_1,국회의사당역_1,5701,4395,1306,0,317,1246,1942,2081,115,0,144,772,1640,1748,91,0,173,474,302,333,24
2018_1,압구정 로데오거리_2,16393,6863,9530,219,5943,5823,2631,1050,727,65,1732,2717,1375,563,411,154,4211,3106,1256,487,316
2018_1,서울 강남구 압구정역,11363,5229,6134,405,3402,3090,1905,1391,1170,174,1206,1524,1110,657,558,231,2196,1566,795,734,612
2018_1,서울 영등포구 영등포구청역,3727,1138,2589,39,1096,1456,779,291,66,0,151,519,262,152,54,39,945,937,517,139,12
2018_1,압구정 로데오거리_1,7848,2550,5298,41,2939,2948,1234,422,264,8,699,941,551,201,150,33,2240,2007,683,221,114
2018_1,서울 강동구 둔촌동역,45,12,33,0,4,15,10,8,8,0,0,7,2,1,2,0,4,8,8,7,6
2018_1,오목교역,194,81,113,1,17,44,53,44,35,1,5,23,19,14,19,0,12,21,34,30,16
2018_1,신사동 가로수길,22334,10463,11871,129,6609,7176,4624,2433,1363,39,1823,3659,2697,1346,899,90,4786,3517,1927,1087,464
2018_1,서울 영등포구 여의도역_2,48879,32436,16443,158,7441,17937,15322,6373,1648,18,3157,11071,11798,5491,901,140,4284,6866,3524,882,747
2018_1,청담사거리_3,1791,592,1199,7,738,669,246,82,49,1,180,222,111,41,37,6,558,447,135,41,12
2018_1,영등포유통상가,2130,1309,821,6,301,428,438,452,505,1,124,254,276,270,384,5,177,174,162,182,121
2018_1,청담역_2,1341,939,402,13,270,418,291,151,198,0,118,321,223,116,161,13,152,97,68,35,37
2018_1,청담역_1,190,150,40,4,29,58,61,24,14,4,16,47,52,20,11,0,13,11,9,4,3
2018_1,청담사거리_2,1008,760,248,2,148,351,374,105,28,1,74,263,324,79,19,1,74,88,50,26,9
2018_1,서울 영등포구 여의도역_1,51592,30941,20651,222,7517,14292,16529,10460,2572,45,3311,6752,10458,8660,1715,177,4206,7540,6071,1800,857
2018_1,학동사거리_2,2880,1649,1231,12,673,820,583,475,317,2,226,425,382,355,259,10,447,395,201,120,58
2018_1,서울 영등포구 영등포시장역,334,256,78,1,24,61,80,101,67,0,19,45,51,83,58,1,5,16,29,18,9
2018_1,학동사거리_1,4274,2207,2067,38,1186,1310,755,578,407,18,345,663,473,392,316,20,841,647,282,186,91
2018_1,여의도 시범아파트앞,2147,1405,742,11,319,509,568,464,276,4,145,323,393,340,200,7,174,186,175,124,76
2018_1,영등포역_3,871,511,360,3,169,233,200,183,83,0,54,139,130,133,55,3,115,94,70,50,28
2018_1,도산공원사거리_1,9955,5887,4068,30,2298,3283,2443,1367,534,9,954,1990,1642,915,377,21,1344,1293,801,452,157
2018_1,영등포역_2,1207,649,558,8,169,200,247,307,276,7,75,108,135,144,180,1,94,92,112,163,96
2018_1,문래동 주민센터,74,61,13,2,5,8,25,24,10,2,5,7,19,18,10,0,0,1,6,6,0
2018_1,강남구 신사역_2,8223,5124,3099,25,1866,3214,2044,795,279,9,681,2066,1550,618,200,16,1185,1148,494,177,79
2018_1,서울 강남구 강남구청역_2,4550,2824,1726,100,1895,1244,868,345,98,47,965,805,683,261,63,53,930,439,185,84,35
2018_1,강남구 신사역_1,2479,1088,1391,7,738,938,499,183,114,2,176,407,309,119,75,5,562,531,190,64,39
2018_1,서울 동작구 노량진1동_1,26,13,13,0,2,3,7,10,4,0,1,1,5,4,2,0,1,2,2,6,2
2018_1,서울 강남구 학동역_3,9290,5379,3911,47,2112,3048,2172,1180,731,16,752,1857,1508,757,489,31,1360,1191,664,423,242
2018_1,서울 강남구 강남구청역_1,3568,2108,1460,12,543,873,1022,844,274,6,204,534,659,517,188,6,339,339,363,327,86
2018_1,잠실역,6089,4538,1551,25,1024,2002,1803,872,363,4,505,1510,1550,695,274,21,519,492,253,177,89
2018_1,강남구 논현역_4,6622,3405,3217,45,1553,2003,1547,878,596,16,474,1122,947,473,373,29,1079,881,600,405,223
2018_1,학동역,1452,553,899,8,546,491,282,82,43,1,89,218,163,58,24,7,457,273,119,24,19
2018_1,방이동 먹자골목,5272,3313,1959,19,687,1310,1476,1118,662,14,336,843,1009,660,451,5,351,467,467,458,211
2018_1,서울 강남구 학동역_2,5932,3345,2587,26,1054,1573,1117,661,1501,8,294,800,660,414,1169,18,760,773,457,247,332
2018_1,서울 동작구 노량진역,3863,2198,1665,10,463,978,1019,996,397,4,186,439,604,692,273,6,277,539,415,304,124
2018_1,삼성역_3,8944,4997,3947,35,1841,3314,2438,990,326,13,574,1764,1633,800,213,22,1267,1550,805,190,113
2018_1,코엑스,22435,12791,9644,225,5849,7720,5441,2475,725,75,1951,4404,3888,1947,526,150,3898,3316,1553,528,199
2018_1,서울 강남구 학동역_1,5146,3297,1849,29,1275,1525,1110,653,554,17,659,1024,762,433,402,12,616,501,348,220,152
2018_1,선정릉역_2,6606,4052,2554,25,1536,2206,1572,859,408,2,585,1306,1173,665,321,23,951,900,399,194,87
2018_1,강남구 논현역_3,1558,947,611,4,348,584,298,203,121,1,163,396,191,120,76,3,185,188,107,83,45
2018_1,포스코사거리_2,7496,4762,2734,21,1580,3354,1679,580,282,12,652,2231,1256,407,204,9,928,1123,423,173,78
2018_1,포스코사거리_1,44391,29259,15132,87,7687,16826,13349,5124,1318,28,3651,11148,10101,3570,761,59,4036,5678,3248,1554,557
2018_1,잠실역 롯데월드,3972,1974,1998,269,1764,682,628,528,101,74,750,396,344,371,39,195,1014,286,284,157,62
2018_1,신도림역,3335,1773,1562,20,741,1163,936,384,91,5,311,620,518,248,71,15,430,543,418,136,20
2018_1,강남구 논현역_2,9434,4499,4935,67,3202,2896,1863,922,484,16,1009,1556,1221,476,221,51,2193,1340,642,446,263
2018_1,선정릉역_1,1893,1347,546,4,438,660,405,197,189,2,249,458,316,152,170,2,189,202,89,45,19
2018_1,신천역,5817,3114,2703,33,1079,1305,1431,965,1004,9,435,733,720,491,726,24,644,572,711,474,278
2018_1,강남구 논현역_1,3544,2067,1477,5,628,1276,987,434,214,2,248,763,622,276,156,3,380,513,365,158,58
2018_1,삼성역_2,18112,10907,7205,170,4539,6724,3998,2127,554,99,1938,4287,2829,1357,397,71,2601,2437,1169,770,157
2018_1,삼정역_2,2637,1374,1263,9,649,857,520,307,295,3,215,436,335,193,192,6,434,421,185,114,103
2018_1,삼정역_1,3181,1656,1525,4,783,1055,636,321,382,1,209,519,446,207,274,3,574,536,190,114,108
2018_1,삼성역_1,34086,21853,12233,176,5412,9171,8654,6270,4403,97,2591,6346,6318,3827,2674,79,2821,2825,2336,2443,1729
2018_1,서울 강남구 선릉역_2,7247,4637,2610,32,1328,2032,1809,1177,869,14,594,1386,1340,792,511,18,734,646,469,385,358
2018_1,고속터미널역,16010,4725,11285,9,5084,5355,3458,1724,380,5,744,1643,1262,837,234,4,4340,3712,2196,887,146
2018_1,서울 서초구 강남역,32833,18506,14327,176,7855,10857,6921,4257,2767,90,2930,6352,4623,2720,1791,86,4925,4505,2298,1537,976
2018_1,서울 강남구 선릉역_1,20105,8197,11908,174,6787,5044,3689,2894,1517,80,2534,2627,1448,798,710,94,4253,2417,2241,2096,807
2018_1,선릉역_2,21074,10853,10221,145,5781,6273,4667,2755,1453,67,2036,3550,2862,1427,911,78,3745,2723,1805,1328,542
2018_1,서울 강남구 역삼역_2,26755,21043,5712,66,5890,9101,7448,3842,408,34,3603,6936,6556,3604,310,32,2287,2165,892,238,98
2018_1,서울 송파구 석촌역_1,37,23,14,1,1,6,14,14,1,0,1,4,6,11,1,1,0,2,8,3,0
2018_1,서울 강남구 강남역_2,5454,3172,2282,28,1341,1877,1212,695,301,7,470,1067,896,531,201,21,871,810,316,164,100
2018_1,선릉역_1,55040,29720,25320,410,11201,15044,14955,10660,2770,241,6873,10310,6856,3554,1886,169,4328,4734,8099,7106,884
2018_1,구로역,157,90,67,0,12,6,28,21,90,0,0,2,11,8,69,0,12,4,17,13,21
2018_1,역삼역_2,4606,2561,2045,32,1017,1556,1298,544,159,14,325,987,831,297,107,18,692,569,467,247,52
2018_1,대림역_2,7770,5930,1840,12,1212,2176,1764,1486,1120,2,936,1921,1457,937,677,10,276,255,307,549,443
2018_1,서울 강남구 역삼역_1,25570,15878,9692,206,5464,9048,6322,3031,1499,67,2412,5944,4443,1941,1071,139,3052,3104,1879,1090,428
2018_1,신대방삼거리역,232,109,123,0,36,52,63,48,33,0,14,26,30,18,21,0,22,26,33,30,12
2018_1,서울 강남구 한티역,1106,444,662,3,214,289,284,206,110,0,61,117,125,81,60,3,153,172,159,125,50
2018_1,은마아파트입구사거리_4,102,51,51,1,10,20,43,24,4,0,2,15,21,9,4,1,8,5,22,15,0
2018_1,오류동역,1539,779,760,13,126,203,385,430,382,5,59,115,159,179,262,8,67,88,226,251,120
2018_1,서울 강남구 강남역,39619,18744,20875,124,9011,12371,9250,6039,2824,34,2823,6474,5867,2584,962,90,6188,5897,3383,3455,1862
2018_1,교대역_4,5010,2740,2270,22,1025,1420,1242,764,537,7,309,710,757,541,416,15,716,710,485,223,121
2018_1,서울 강남구 강남역_1,133206,97624,35582,833,30318,59548,33433,7978,1096,596,15175,43770,29878,7376,829,237,15143,15778,3555,602,267
2018_1,방배동카페골목,113,48,65,0,26,19,26,17,25,0,14,10,15,1,8,0,12,9,11,16,17
2018_1,가락시장,17236,10769,6467,95,2715,4010,4309,4018,2089,40,1264,2762,2945,2350,1408,55,1451,1248,1364,1668,681
2018_1,교대역_3,4329,2632,1697,18,558,1157,1287,835,474,7,149,522,889,660,405,11,409,635,398,175,69
2018_1,역삼역_1,1666,1013,653,2,313,462,402,257,230,1,111,283,285,180,153,1,202,179,117,77,77
2018_1,교대역_2,3448,2191,1257,23,576,1250,846,516,237,19,205,808,624,359,176,4,371,442,222,157,61
2018_1,서울 송파구 가락시장역,5261,3391,1870,18,774,1480,1364,941,684,11,358,877,936,668,541,7,416,603,428,273,143
2018_1,서울 서초구 서초역,12915,5397,7518,113,4350,3482,2840,1561,569,59,1473,1449,1126,831,459,54,2877,2033,1714,730,110
2018_1,서울 강남구 대치역_2,1506,906,600,0,201,501,512,177,115,0,61,264,374,117,90,0,140,237,138,60,25
2018_1,뱅뱅사거리_2,25312,16270,9042,488,5600,7432,6386,3734,1672,188,2807,4916,4538,2603,1218,300,2793,2516,1848,1131,454
2018_1,보라매공원,14218,8051,6167,77,2677,5064,4048,1653,699,40,1257,2701,2347,1173,533,37,1420,2363,1701,480,166
2018_1,교대역_1,12772,7610,5162,57,2232,3905,3437,2071,1070,5,830,2298,2305,1376,796,52,1402,1607,1132,695,274
2018_1,개봉동 현대아파트 인근,149,62,87,0,10,34,28,48,29,0,3,11,10,27,11,0,7,23,18,21,18
2018_1,뱅뱅사거리,7522,4955,2567,34,2717,2480,1406,623,262,3,1620,1687,1052,409,184,31,1097,793,354,214,78
2018_1,뱅뱅사거리_1,10840,7695,3145,60,1935,3379,2806,1755,905,25,1061,2536,2224,1267,582,35,874,843,582,488,323
2018_1,서울 관악구 신림역_4,987,443,544,4,173,176,247,221,166,2,51,80,130,97,83,2,122,96,117,124,83
2018_1,동작구 총신대입구역_1,243,114,129,0,43,54,58,49,39,0,15,26,27,20,26,0,28,28,31,29,13
2018_1,양재역_3,3664,2387,1277,14,751,1235,912,479,273,2,417,737,667,349,215,12,334,498,245,130,58
2018_1,동작구 총신대입구역_2,790,327,463,7,260,186,155,106,76,4,54,90,83,47,49,3,206,96,72,59,27
2018_1,서울 서초구 남부터미널역_3,1460,790,670,13,260,393,382,243,169,5,84,197,248,144,112,8,176,196,134,99,57
2018_1,서울 강남구 수서역,15828,11213,4615,49,2324,4579,4029,2934,1913,20,1436,3553,2864,1830,1510,29,888,1026,1165,1104,403
2018_1,서울 서초구 남부터미널역_2,10951,5473,5478,62,2500,2852,2778,1767,992,27,1092,1584,1340,766,664,35,1408,1268,1438,1001,328
2018_1,구로디지탈1단지,65994,41668,24326,460,14904,23344,16399,7332,3555,273,7125,15591,11257,4693,2729,187,7779,7753,5142,2639,826
2018_1,양재역,120,49,71,0,29,47,24,10,10,0,5,19,14,4,7,0,24,28,10,6,3
2018_1,매봉역,584,219,365,5,282,120,96,42,39,1,49,55,63,25,26,4,233,65,33,17,13
2018_1,서울 서초구 방배역,3536,2094,1442,44,814,849,615,495,719,13,300,477,404,294,606,31,514,372,211,201,113
2018_1,서울 서초구 남부터미널역_1,548,399,149,5,105,170,124,81,63,0,61,127,102,55,54,5,44,43,22,26,9
2018_1,서울 관악구 신림역_2,32,17,15,0,2,6,7,8,9,0,1,5,3,5,3,0,1,1,4,3,6
2018_1,서울 관악구 신림역_1,1869,899,970,19,287,309,332,392,530,10,109,161,163,177,279,9,178,148,169,215,251
2018_1,양재역_2,10112,5277,4835,199,3050,3278,2059,1023,503,61,1153,1976,1334,475,278,138,1897,1302,725,548,225
2018_1,양재역_1,918,648,270,0,87,175,232,253,171,0,40,80,141,225,162,0,47,95,91,28,9
2018_1,서울 관악구 서울대입구역_2,38,2,36,0,16,4,2,9,7,0,0,0,1,1,0,0,16,4,1,8,7
2018_1,가산디지털단지역_3,30011,17798,12213,191,6329,9508,7641,4418,1924,115,2830,5988,4887,2525,1453,76,3499,3520,2754,1893,471
2018_1,구로디지털단지역,2293,1476,817,19,492,712,591,331,148,8,229,468,408,246,117,11,263,244,183,85,31
2018_1,서울 관악구 서울대입구역_1,1981,833,1148,6,359,461,524,314,317,3,84,176,234,143,193,3,275,285,290,171,124
2018_1,관악구 사당역_1,3726,1480,2246,12,363,597,1024,1116,614,6,179,323,314,214,444,6,184,274,710,902,170
2018_1,가산디지털단지역_2,59572,36023,23549,2181,17324,18057,12579,5841,3590,959,8224,11731,8824,3594,2691,1222,9100,6326,3755,2247,899
2018_1,관악구 사당역_2,471,238,233,2,84,127,96,107,55,1,32,64,55,56,30,1,52,63,41,51,25
2018_1,가산디지털단지역_1,27543,18660,8883,162,4819,8221,6883,4311,3147,99,2667,5871,4933,2828,2262,63,2152,2350,1950,1483,885
2018_1,장지역,4692,2933,1759,33,702,1321,1218,813,605,18,343,858,823,475,416,15,359,463,395,338,189
2018_1,포이사거리_1,5883,3267,2616,41,816,1756,1894,1141,235,4,470,1161,971,504,157,37,346,595,923,637,78
2018_1,포이사거리_2,8511,5899,2612,20,1061,2311,2635,1788,696,13,632,1545,1858,1308,543,7,429,766,777,480,153
2018_1,서울 관악구 대학동_1,97,57,40,0,16,32,23,16,10,0,6,16,15,11,9,0,10,16,8,5,1
2018_1,서울 금천구 독산1동_1,2864,1865,999,19,433,660,721,642,389,6,213,407,468,437,334,13,220,253,253,205,55
2018_1,양재 화물트럭터미널앞_2,146,65,81,1,29,52,44,13,7,1,9,15,28,8,4,0,20,37,16,5,3
2018_1,양재 화물트럭터미널앞_1,4204,3395,809,48,976,1416,972,622,170,23,675,1197,833,530,137,25,301,219,139,92,33
2018_1,서울 금천구 시흥1동_4,963,435,528,8,151,156,210,257,181,3,48,67,100,116,101,5,103,89,110,141,80
2018_1,풍성로37가길,39,19,20,0,4,8,14,8,5,0,3,6,8,0,2,0,1,2,6,8,3
2018_1,천호옛길,487,327,160,0,73,130,119,81,84,0,48,87,83,48,61,0,25,43,36,33,23
2018_1,천호옛14길,618,307,311,13,123,125,132,132,93,3,50,68,71,58,57,10,73,57,61,74,36
2018_1,천호대로219길,944,582,362,6,70,160,252,347,109,2,43,86,151,219,81,4,27,74,101,128,28
2018_1,천호대로197길,26,9,17,0,3,9,9,3,2,0,1,4,3,1,0,0,2,5,6,2,2
2018_1,천호대로187길,901,517,384,3,87,211,229,209,162,1,45,131,130,115,95,2,42,80,99,94,67
2018_1,천호대로170길,238,139,99,0,39,48,64,61,26,0,29,41,30,25,14,0,10,7,34,36,12
2018_1,천호대로162길,1317,836,481,5,169,400,340,233,170,0,102,307,232,118,77,5,67,93,108,115,93
2018_1,천중로51길,425,218,207,1,55,98,135,77,59,0,28,57,65,33,35,1,27,41,70,44,24
2018_1,천중로39길,618,221,397,0,59,87,123,171,178,0,13,39,35,60,74,0,46,48,88,111,104
2018_1,진황도로47길,1425,676,749,5,160,258,290,417,295,5,90,163,135,105,178,0,70,95,155,312,117
2018_1,진황도로27길,566,296,270,0,53,108,156,135,114,0,20,54,87,61,74,0,33,54,69,74,40
2018_1,올림픽로98길,39,15,24,0,2,9,10,11,7,0,0,1,6,4,4,0,2,8,4,7,3
2018_1,올림픽로77길,16,8,8,0,0,10,3,2,1,0,0,4,2,1,1,0,0,6,1,1,0
2018_1,올림픽로71길,347,264,83,1,25,107,92,81,41,0,15,84,72,63,30,1,10,23,20,18,11
2018_1,올림픽로48길,6401,3825,2576,69,651,1435,1490,1377,1379,28,286,736,795,936,1044,41,365,699,695,441,335
2018_1,양재대로96길,1337,819,518,0,112,215,280,388,342,0,62,130,157,230,240,0,50,85,123,158,102
2018_1,양재대로95길,674,357,317,4,80,134,181,174,101,3,45,69,93,78,69,1,35,65,88,96,32
2018_1,양재대로91길,1137,613,524,3,128,213,252,263,278,0,54,124,145,129,161,3,74,89,107,134,117
2018_1,양재대로133길,319,117,202,1,39,72,56,101,50,1,7,35,24,32,18,0,32,37,32,69,32
2018_1,양재대로124길,591,355,236,0,62,136,134,134,125,0,24,90,87,67,87,0,38,46,47,67,38
2018_1,양재대로116길,212,84,128,0,21,46,64,54,27,0,6,16,26,24,12,0,15,30,38,30,15
2018_1,양재대로101길,1241,729,512,2,140,257,299,254,289,1,46,120,177,162,223,1,94,137,122,92,66
2018_1,암사길,383,174,209,4,32,124,104,79,40,0,9,55,49,39,22,4,23,69,55,40,18
2018_1,성안로3길,1386,814,572,4,215,328,374,303,162,3,99,205,226,160,121,1,116,123,148,143,41
2018_1,성내로5길,1119,569,550,0,194,292,321,252,60,0,73,152,153,148,43,0,121,140,168,104,17
2018_1,상일로5길,42,24,18,2,5,3,12,15,5,0,3,3,6,9,3,2,2,0,6,6,2
2018_1,상암로5길,583,262,321,2,74,95,137,132,143,2,23,48,54,59,76,0,51,47,83,73,67
2018_1,상암로51길,763,324,439,5,140,142,185,169,122,3,37,62,82,68,72,2,103,80,103,101,50
2018_1,상암로4길,373,272,101,3,77,107,108,68,10,0,62,85,80,40,5,3,15,22,28,28,5
2018_1,상암로14길,462,280,182,3,41,103,151,100,64,2,16,56,98,59,49,1,25,47,53,41,15
2018_1,명일로13길,108,48,60,0,4,18,24,51,11,0,1,6,7,28,6,0,3,12,17,23,5
2018_1,동남로85길,119,65,54,0,11,26,38,29,15,0,8,17,19,11,10,0,3,9,19,18,5
2018_1,동남로82길,10,4,6,0,0,1,3,5,1,0,0,0,2,1,1,0,0,1,1,4,0
2018_1,동남로65길,69,20,49,0,4,8,20,22,15,0,3,3,5,5,4,0,1,5,15,17,11
2018_1,구천면로42길,354,181,173,3,44,62,89,83,73,2,20,32,49,34,44,1,24,30,40,49,29
2018_1,구천면로41길,605,253,352,5,75,150,178,140,57,5,17,68,81,54,28,0,58,82,97,86,29
2018_1,구천면로36길,41,25,16,0,3,12,14,8,4,0,1,8,7,5,4,0,2,4,7,3,0
2018_1,고덕로25길,26,14,12,0,2,9,5,5,5,0,1,6,3,1,3,0,1,3,2,4,2
2018_1,고덕로10길,170,73,97,0,14,40,44,54,18,0,6,18,19,20,10,0,8,22,25,34,8
2018_1,강동대로53길,928,517,411,0,171,239,236,204,78,0,75,158,120,113,51,0,96,81,116,91,27
2018_1,풍성로25길,775,273,502,6,104,188,199,176,102,2,29,84,61,51,46,4,75,104,138,125,56
2018_1,오금로46길,1459,729,730,9,249,398,371,316,116,5,93,210,188,158,75,4,156,188,183,158,41
2018_1,오금로36길,1185,867,318,6,184,366,375,200,54,1,98,255,309,164,40,5,86,111,66,36,14
2018_1,오금로11길,2097,1358,739,14,253,517,478,415,420,8,130,350,303,243,324,6,123,167,175,172,96
2018_1,양재대로72길,650,329,321,1,87,148,189,141,84,0,27,78,87,71,66,1,60,70,102,70,18
2018_1,양재대로71길,1394,853,541,7,236,388,323,234,206,3,83,218,226,162,161,4,153,170,97,72,45
2018_1,양재대로64길,1481,630,851,5,399,496,332,172,77,0,78,184,190,124,54,5,321,312,142,48,23
2018_1,양재대로62길,6569,4083,2486,4,207,447,587,891,4433,1,108,278,364,446,2886,3,99,169,223,445,1547
2018_1,송파대로30길,1626,999,627,15,273,366,405,374,193,5,157,255,252,210,120,10,116,111,153,164,73
2018_1,송이로36길,1978,1402,576,22,354,425,498,413,266,17,240,304,337,293,211,5,114,121,161,120,55
2018_1,송이로32길,714,391,323,2,62,137,216,214,83,2,24,92,110,109,54,0,38,45,106,105,29
2018_1,송이로23길,1340,819,521,8,139,280,306,300,307,5,63,158,167,189,237,3,76,122,139,111,70
2018_1,삼전로13길,1668,798,870,7,234,381,391,346,309,4,71,166,173,173,211,3,163,215,218,173,98
2018_1,백제고분로50길,1460,888,572,11,213,366,437,275,158,4,88,241,276,168,111,7,125,125,161,107,47
2018_1,백제고분로46길,1610,943,667,8,259,396,399,315,233,2,119,233,242,190,157,6,140,163,157,125,76
2018_1,백제고분로45길,480,304,176,1,78,99,118,122,62,1,51,60,79,72,41,0,27,39,39,50,21
2018_1,백제고분로42길,131,76,55,0,31,20,37,35,8,0,17,11,21,21,6,0,14,9,16,14,2
2018_1,백제고분로39길,1770,1237,533,9,338,743,401,201,78,3,210,651,262,72,39,6,128,92,139,129,39
2018_1,백제고분로34길,1529,968,561,10,210,348,472,322,167,4,108,230,306,203,117,6,102,118,166,119,50
2018_1,백제고분로33길,1092,693,399,5,126,267,313,269,112,2,60,163,201,177,90,3,66,104,112,92,22
2018_1,백제고분로32길,1072,482,590,5,150,211,247,314,145,3,47,97,121,124,90,2,103,114,126,190,55
2018_1,백제고분로31길,340,179,161,1,19,72,100,93,55,0,9,39,56,49,26,1,10,33,44,44,29
2018_1,백제고분로22길,1236,734,502,2,95,219,291,284,345,0,36,127,170,144,257,2,59,92,121,140,88
2018_1,백제고분로21길,199,141,58,0,31,44,38,45,41,0,12,30,27,33,39,0,19,14,11,12,2
2018_1,마천로51길,148,58,90,0,19,17,40,43,29,0,10,7,13,12,16,0,9,10,27,31,13
2018_1,동남로20길,134,72,62,0,13,20,46,36,19,0,6,10,27,20,9,0,7,10,19,16,10
2018_1,거마로20길,515,216,299,0,92,131,151,118,23,0,28,63,67,42,16,0,64,68,84,76,7
2018_1,학동로77길,2940,1524,1416,7,324,712,661,736,500,4,97,265,287,501,370,3,227,447,374,235,130
2018_1,학동로6길,1854,911,943,8,336,546,465,333,166,5,136,306,256,125,83,3,200,240,209,208,83
2018_1,학동로56길,921,476,445,0,107,258,247,222,87,0,30,111,122,146,67,0,77,147,125,76,20
2018_1,학동로38길,7344,4204,3140,34,1713,2008,1631,1156,802,12,655,1142,1047,785,563,22,1058,866,584,371,239
2018_1,테헤란로81길,570,224,346,16,257,184,74,22,17,8,95,68,22,15,16,8,162,116,52,7,1
2018_1,일원로9길,542,311,231,2,43,89,128,131,149,1,18,57,76,60,99,1,25,32,52,71,50
2018_1,일원로3길,221,107,114,1,17,46,66,54,37,0,10,33,39,17,8,1,7,13,27,37,29
2018_1,영동대로65길,3282,1972,1310,14,603,1154,820,402,289,7,270,719,574,221,181,7,333,435,246,181,108
2018_1,영동대로112길,605,383,222,5,120,174,147,96,63,3,67,118,102,55,38,2,53,56,45,41,25
2018_1,언주로81길,8479,4618,3861,43,2591,2627,1810,922,486,10,842,1521,1212,698,335,33,1749,1106,598,224,151
2018_1,압구정로2길,2657,1444,1213,25,636,851,642,309,194,8,248,496,389,158,145,17,388,355,253,151,49
2018_1,선릉로18길,414,227,187,0,29,58,86,105,136,0,9,36,48,51,83,0,20,22,38,54,53
2018_1,선릉로146길,1927,1023,904,7,484,702,401,206,127,2,221,391,235,110,64,5,263,311,166,96,63
2018_1,선릉로133길,234,127,107,0,36,73,50,37,38,0,10,42,28,20,27,0,26,31,22,17,11
2018_1,선릉로132길,1008,567,441,3,146,278,193,194,194,1,32,143,105,133,153,2,114,135,88,61,41
2018_1,선릉로121길,1883,960,923,14,410,607,435,232,185,3,143,322,246,117,129,11,267,285,189,115,56
2018_1,삼성로75길,2726,1519,1207,22,615,745,563,471,310,5,224,378,339,338,235,17,391,367,224,133,75
2018_1,삼성로69길,328,167,161,0,99,100,77,35,17,0,27,58,42,24,16,0,72,42,35,11,1
2018_1,삼성로64길,488,241,247,4,123,154,98,72,37,2,37,76,67,37,22,2,86,78,31,35,15
2018_1,삼성로63길,225,99,126,12,51,35,61,49,17,5,20,13,29,23,9,7,31,22,32,26,8
2018_1,삼성로57길,822,262,560,5,129,288,215,122,63,2,35,79,66,42,38,3,94,209,149,80,25
2018_1,삼성로147길,981,390,591,6,310,295,173,125,72,1,80,115,82,66,46,5,230,180,91,59,26
2018_1,삼성로115길,264,159,105,1,45,87,62,42,27,1,18,60,40,24,16,0,27,27,22,18,11
2018_1,봉은사로68길,214,99,115,0,54,69,51,23,17,0,15,32,29,13,10,0,39,37,22,10,7
2018_1,봉은사로57길,1063,663,400,3,337,318,223,120,62,2,125,206,174,100,56,1,212,112,49,20,6
2018_1,봉은사로43길,1059,681,378,20,234,346,241,124,94,20,121,226,172,81,61,0,113,120,69,43,33
2018_1,봉은사로29길,136,92,44,0,31,49,22,25,9,0,20,36,15,15,6,0,11,13,7,10,3
2018_1,봉은사로109길,332,169,163,0,73,94,68,51,46,0,23,51,36,30,29,0,50,43,32,21,17
2018_1,도산대로89길,2437,913,1524,43,691,866,470,257,110,0,166,308,246,124,69,43,525,558,224,133,41
2018_1,도산대로81길,4309,1403,2906,46,1457,1282,991,341,192,5,398,493,269,129,109,41,1059,789,722,212,83
2018_1,도산대로50길,2752,1904,848,0,243,467,591,799,652,0,146,365,511,570,312,0,97,102,80,229,340
2018_1,도산대로38길,160,89,71,2,44,35,44,21,14,0,19,22,27,14,7,2,25,13,17,7,7
2018_1,도산대로30길,3166,1543,1623,5,906,1062,707,348,138,2,318,543,390,183,107,3,588,519,317,165,31
2018_1,도산대로23길,1335,830,505,12,373,370,261,155,164,3,158,215,191,121,142,9,215,155,70,34,22
2018_1,도산대로15길,1643,744,899,12,591,537,294,140,69,6,211,266,149,73,39,6,380,271,145,67,30
2018_1,도곡로37길,4042,2193,1849,7,949,1274,1061,529,222,2,304,715,697,313,162,5,645,559,364,216,60
2018_1,논현로8길,787,438,349,5,159,218,210,120,75,1,84,148,94,53,58,4,75,70,116,67,17
2018_1,논현로63길,12527,3369,9158,169,2196,2272,5151,2471,268,75,956,883,730,490,235,94,1240,1389,4421,1981,33
2018_1,논현로28길,10312,7066,3246,33,2264,3977,2463,1006,569,16,1075,2648,1981,853,493,17,1189,1329,482,153,76
2018_1,논현로26길,7756,5083,2673,36,1284,2076,1558,1044,1758,30,721,1634,1243,696,759,6,563,442,315,348,999
2018_1,논현로139길,2712,1293,1419,1,802,893,520,266,230,0,214,463,318,130,168,1,588,430,202,136,62
2018_1,논현로123길,102,64,38,2,21,23,26,22,8,1,11,18,17,12,5,1,10,5,9,10,3
2018_1,논현로115길,2832,1478,1354,7,761,990,621,249,204,0,256,520,420,144,138,7,505,470,201,105,66
2018_1,논현로10길,2555,1682,873,10,269,510,651,603,512,4,137,356,423,379,383,6,132,154,228,224,129
2018_1,논현로106길,2682,1583,1099,9,439,622,704,521,387,2,210,421,440,259,251,7,229,201,264,262,136
2018_1,남부순환로365길,173,122,51,0,21,37,57,36,22,0,11,26,39,30,16,0,10,11,18,6,6
2018_1,개포로28길,282,187,95,1,39,82,70,60,30,1,16,58,52,37,23,0,23,24,18,23,7
2018_1,개포로20길,4058,2238,1820,23,632,935,1120,877,471,14,259,540,618,446,361,9,373,395,502,431,110
2018_1,개포로17길,2690,1706,984,5,361,723,769,557,275,2,166,465,510,351,212,3,195,258,259,206,63
2018_1,강남대로140길,4108,2093,2015,19,845,1116,842,802,484,4,241,549,521,415,363,15,604,567,321,387,121
2018_1,강남대로136길,1291,725,566,8,306,442,319,138,78,1,110,252,214,87,61,7,196,190,105,51,17
2018_1,강남대로118길,626,328,298,2,96,141,140,87,160,0,28,68,85,43,104,2,68,73,55,44,56
2018_1,서초중앙로8길,7043,5231,1812,17,1172,2287,1921,1288,358,10,661,1742,1544,980,294,7,511,545,377,308,64
2018_1,방배중앙로21길,1254,641,613,8,187,234,284,279,262,3,62,120,154,128,174,5,125,114,130,151,88
2018_1,효령로72길,192,107,85,2,48,38,44,43,17,1,12,27,25,29,13,1,36,11,19,14,4
2018_1,효령로34길,32,27,5,0,3,4,10,7,8,0,2,2,9,6,8,0,1,2,1,1,0
2018_1,효령로31길,1346,733,613,10,321,318,360,206,131,7,83,173,239,131,100,3,238,145,121,75,31
2018_1,효령로23길,707,416,291,3,135,164,199,125,81,1,52,99,128,74,62,2,83,65,71,51,19
2018_1,청두곶길,2085,1320,765,52,532,513,558,324,106,13,304,361,335,234,73,39,228,152,223,90,33
2018_1,주흥길,328,212,116,1,55,106,97,49,20,1,22,63,72,36,18,0,33,43,25,13,2
2018_1,주흥15길,1413,917,496,1,315,435,298,191,173,1,142,291,227,126,130,0,173,144,71,65,43
2018_1,언남길,1692,1150,542,7,255,466,511,306,147,4,147,308,359,208,124,3,108,158,152,98,23
2018_1,신반포로45길,438,274,164,3,84,113,95,57,86,3,36,66,71,40,58,0,48,47,24,17,28
2018_1,서초대로8길,255,141,114,1,41,65,89,38,21,0,14,40,52,24,11,1,27,25,37,14,10
2018_1,서초대로64길,534,370,164,2,89,119,154,110,60,1,49,74,116,87,43,1,40,45,38,23,17
2018_1,서초대로4길,659,488,171,3,73,178,148,128,129,3,53,128,120,87,97,0,20,50,28,41,32
2018_1,서초대로25길,3516,2058,1458,38,759,1095,867,537,220,15,342,661,571,320,149,23,417,434,296,217,71
2018_1,서초대로23길,579,344,235,0,92,165,130,62,130,0,41,102,74,35,92,0,51,63,56,27,38
2018_1,서초대로15길,1479,682,797,11,186,336,407,327,212,4,50,159,174,142,153,7,136,177,233,185,59
2018_1,사평대로57길,169,68,101,1,43,58,25,19,23,1,10,29,14,11,3,0,33,29,11,8,20
2018_1,사평대로26길,14,9,5,0,1,1,5,2,5,0,0,1,3,2,3,0,1,0,2,0,2
2018_1,사평대로22길,1423,834,589,27,400,360,306,214,116,11,189,240,203,132,59,16,211,120,103,82,57
2018_1,사임당로17길,1806,1055,751,21,406,619,391,228,141,9,143,380,255,156,112,12,263,239,136,72,29
2018_1,방배로42길,153,80,73,0,32,32,42,21,26,0,9,12,28,14,17,0,23,20,14,7,9
2018_1,방배로35길,2322,1472,850,7,359,539,502,454,461,2,160,346,320,301,343,5,199,193,182,153,118
2018_1,방배로18길,91,46,45,0,20,23,23,11,14,0,10,9,15,3,9,0,10,14,8,8,5
2018_1,반포대로9길,663,399,264,3,120,180,183,104,73,2,53,107,112,73,52,1,67,73,71,31,21
2018_1,바우뫼로39길,2109,1328,781,6,254,625,455,352,417,5,118,400,317,218,270,1,136,225,138,134,147
2018_1,마방로2길,3784,2370,1414,22,671,1111,968,757,255,12,295,730,667,489,177,10,376,381,301,268,78
2018_1,방배천로4안길,1289,831,458,1,150,294,391,312,141,0,61,188,279,225,78,1,89,106,112,87,63
2018_1,동산로19길,1312,874,438,2,145,382,358,254,171,2,82,260,251,173,106,0,63,122,107,81,65
2018_1,동산로10길,2832,1533,1299,14,362,596,678,674,508,10,181,402,346,325,269,4,181,194,332,349,239
2018_1,동광로39길,45,28,17,0,5,5,18,8,9,0,3,3,11,5,6,0,2,2,7,3,3
2018_1,동광로1길,1211,717,494,4,187,324,314,213,169,2,72,203,205,130,105,2,115,121,109,83,64
2018_1,동광로12길,778,503,275,7,98,191,223,150,109,5,45,124,140,111,78,2,53,67,83,39,31
2018_1,논현로27길,3605,2527,1078,23,604,929,998,694,357,13,308,622,740,549,295,10,296,307,258,145,62
2018_1,논현로1길,555,360,195,1,96,165,119,101,73,0,51,117,88,60,44,1,45,48,31,41,29
2018_1,남부순환로339길,13231,5774,7457,115,3841,3051,2886,2478,860,55,1620,1806,1213,659,421,60,2221,1245,1673,1819,439
2018_1,남부순환로325길,8081,3910,4171,32,1303,2956,1976,1304,510,13,475,1263,1069,721,369,19,828,1693,907,583,141
2018_1,남부순환로317길,1704,1181,523,10,378,627,334,173,182,6,200,468,253,131,123,4,178,159,81,42,59
2018_1,고무래로8길,6567,3390,3177,16,874,1748,1697,1169,1063,6,241,763,1001,728,651,10,633,985,696,441,412
2018_1,강남대로8길,2653,1587,1066,7,278,656,763,605,344,2,140,399,463,343,240,5,138,257,300,262,104
2018_1,강남대로34길,1036,663,373,2,255,347,234,113,85,0,136,239,147,66,75,2,119,108,87,47,10
2018_1,강남대로23길,6445,4474,1971,29,1044,1637,1554,1471,710,19,661,1223,1187,900,484,10,383,414,367,571,226
2018_1,소담길,27,7,20,0,4,8,1,12,2,0,0,3,0,3,1,0,4,5,1,9,1
2018_1,원신길,295,114,181,0,50,93,52,60,40,0,5,40,24,29,16,0,45,53,28,31,24
2018_1,양산길,342,241,101,0,24,48,66,97,107,0,4,22,46,72,97,0,20,26,20,25,10
2018_1,호암로24길,655,251,404,3,74,120,161,159,138,2,27,65,67,32,58,1,47,55,94,127,80
2018_1,호암로20길,40,27,13,0,3,7,7,14,9,0,2,6,4,8,7,0,1,1,3,6,2
2018_1,행운길,21,5,16,0,1,2,7,10,1,0,1,1,1,1,1,0,0,1,6,9,0
2018_1,행운1길,101,72,29,0,10,20,34,19,18,0,5,13,24,16,14,0,5,7,10,3,4
2018_1,청림3길,79,39,40,1,12,22,22,15,7,0,2,11,12,8,6,1,10,11,10,7,1
2018_1,청룡길,84,43,41,1,22,24,23,11,3,1,6,13,14,7,2,0,16,11,9,4,1
2018_1,청룡8길,7,3,4,0,0,2,0,2,3,0,0,0,0,1,2,0,0,2,0,1,1
2018_1,중앙길,257,99,158,0,33,53,76,59,36,0,4,14,34,27,20,0,29,39,42,32,16
2018_1,조원중앙로2길,1156,837,319,2,149,318,280,308,99,0,101,225,211,224,76,2,48,93,69,84,23
2018_1,조원로18길,1045,558,487,3,131,233,272,232,174,2,43,140,150,125,98,1,88,93,122,107,76
2018_1,조원로10길,266,124,142,3,54,51,54,57,47,1,17,27,21,28,30,2,37,24,33,29,17
2018_1,장군봉2길,215,114,101,0,19,53,57,59,27,0,6,20,29,35,24,0,13,33,28,24,3
2018_1,장군봉1길,86,14,72,0,6,32,27,18,3,0,1,3,2,5,3,0,5,29,25,13,0
2018_1,인헌길,88,50,38,0,15,16,21,24,12,0,7,13,12,11,7,0,8,3,9,13,5
2018_1,은천로25길,280,89,191,0,51,65,73,52,39,0,1,17,28,23,20,0,50,48,45,29,19
2018_1,양녕로6길,868,500,368,16,104,175,218,210,145,16,44,86,127,139,88,0,60,89,91,71,57
2018_1,신원로3길,27,19,8,0,2,9,13,2,1,0,2,5,10,1,1,0,0,4,3,1,0
2018_1,신사로20길,34,10,24,0,6,9,4,10,5,0,1,1,2,4,2,0,5,8,2,6,3
2018_1,신림로64길,237,107,130,3,35,53,70,60,16,0,20,25,30,25,7,3,15,28,40,35,9
2018_1,신림로48길,74,36,38,0,8,16,22,15,13,0,2,8,10,6,10,0,6,8,12,9,3
2018_1,신림로38길,60,32,28,0,6,17,12,10,15,0,2,14,3,4,9,0,4,3,9,6,6
2018_1,신림로28길,314,218,96,1,14,42,83,92,82,1,4,17,45,75,76,0,10,25,38,17,6
2018_1,신림로11길,453,412,41,0,9,23,144,210,67,0,7,18,133,193,61,0,2,5,11,17,6
2018_1,신림동길,371,223,148,0,65,99,88,71,48,0,37,67,56,36,27,0,28,32,32,35,21
2018_1,승방길,573,372,201,2,85,181,174,88,43,0,43,133,123,46,27,2,42,48,51,42,16
2018_1,서림7길,283,106,177,0,25,65,83,90,20,0,11,25,27,34,9,0,14,40,56,56,11
2018_1,봉천로33길,350,226,124,4,40,73,88,78,67,3,27,49,59,42,46,1,13,24,29,36,21
2018_1,봉천로13길,314,88,226,1,23,44,93,108,45,0,4,14,28,26,16,1,19,30,65,82,29
2018_1,복은길,164,61,103,0,17,19,39,53,36,0,5,6,22,18,10,0,12,13,17,35,26
2018_1,법원단지9길,91,40,51,0,14,24,18,25,10,0,5,14,6,9,6,0,9,10,12,16,4
2018_1,미성5길,72,39,33,0,8,14,14,22,14,0,4,7,8,8,12,0,4,7,6,14,2
2018_1,대학길,81,34,47,0,8,23,19,23,8,0,1,14,7,9,3,0,7,9,12,14,5
2018_1,대학14길,12,3,9,0,1,1,0,4,6,0,0,1,0,2,0,0,1,0,0,2,6
2018_1,당곡길,383,198,185,2,45,78,106,84,68,0,19,39,50,38,52,2,26,39,56,46,16
2018_1,남현길,225,80,145,0,31,61,56,55,22,0,8,15,24,19,14,0,23,46,32,36,8
2018_1,남현3길,400,253,147,0,38,73,98,103,88,0,10,37,55,79,72,0,28,36,43,24,16
2018_1,남부순환로248길,234,118,116,1,30,61,61,59,22,1,8,35,26,32,16,0,22,26,35,27,6
2018_1,남부순환로234길,132,87,45,0,11,34,36,28,23,0,4,25,26,18,14,0,7,9,10,10,9
2018_1,남부순환로172길,1398,778,620,1,124,230,329,413,301,0,48,130,170,226,204,1,76,100,159,187,97
2018_1,남부순환로161길,30,12,18,0,1,6,16,5,2,0,1,1,7,2,1,0,0,5,9,3,1
2018_1,남부순환로151길,185,133,52,0,8,30,53,61,33,0,4,19,42,40,28,0,4,11,11,21,5
2018_1,남부순환로142길,74,35,39,0,11,13,14,22,14,0,3,6,5,14,7,0,8,7,9,8,7
2018_1,난향길,168,41,127,0,22,47,52,30,17,0,2,5,15,7,12,0,20,42,37,23,5
2018_1,난우길,415,160,255,0,29,74,103,104,105,0,5,28,56,34,37,0,24,46,47,70,68
2018_1,난곡로74길,135,62,73,1,29,40,27,23,15,1,8,18,16,11,8,0,21,22,11,12,7
2018_1,난곡로34길,24,8,16,0,6,3,9,3,3,0,0,0,4,2,2,0,6,3,5,1,1
2018_1,난곡로26길,131,51,80,0,12,23,53,31,12,0,4,12,14,13,8,0,8,11,39,18,4
2018_1,난곡로24길,32,17,15,0,4,8,11,8,1,0,0,4,6,6,1,0,4,4,5,2,0
2018_1,낙성대역길,689,437,252,0,58,103,136,203,189,0,15,53,65,145,159,0,43,50,71,58,30
2018_1,국회단지길,545,258,287,1,111,113,150,111,59,0,27,65,90,44,32,1,84,48,60,67,27
2018_1,구암길,72,26,46,0,11,14,22,14,11,0,5,5,4,5,7,0,6,9,18,9,4
2018_1,관천로22길,23,9,14,0,4,5,6,5,3,0,1,3,3,0,2,0,3,2,3,5,1
2018_1,관천로15길,137,73,64,0,13,27,39,34,24,0,4,16,20,14,19,0,9,11,19,20,5
2018_1,관악로30길,185,63,122,0,22,41,51,42,29,0,6,15,18,12,12,0,16,26,33,30,17
2018_1,관악로28길,145,67,78,0,16,18,41,29,41,0,3,4,9,13,38,0,13,14,32,16,3
2018_1,관악로14길,443,241,202,4,101,90,85,76,87,0,30,57,52,36,66,4,71,33,33,40,21
2018_1,관악로10길,227,159,68,0,32,50,73,42,30,0,19,37,53,29,21,0,13,13,20,13,9
2018_1,흑석로9길,186,88,98,0,48,43,33,38,24,0,25,27,15,14,7,0,23,16,18,24,17
2018_1,흑석로13길,132,10,122,0,49,38,22,12,11,0,2,3,1,1,3,0,47,35,21,11,8
2018_1,장승배기로27길,37,18,19,0,3,5,13,9,7,0,1,1,6,6,4,0,2,4,7,3,3
2018_1,장승배기로19길,7,4,3,0,1,1,2,2,1,0,0,0,1,2,1,0,1,1,1,0,0
2018_1,여의대방로46길,474,150,324,1,63,153,140,85,32,0,11,49,33,35,22,1,52,104,107,50,10
2018_1,여의대방로24길,17503,8680,8823,120,3114,2870,3182,4948,3269,66,2177,2181,1444,1544,1268,54,937,689,1738,3404,2001
2018_1,여의대방로22카길,289,115,174,1,28,43,94,90,33,1,7,31,36,27,13,0,21,12,58,63,20
2018_1,여의대방로22나길,138,57,81,0,14,32,40,36,16,0,7,9,15,17,9,0,7,23,25,19,7
2018_1,여의대방로22길,214,120,94,1,38,38,50,55,32,1,19,26,26,25,23,0,19,12,24,30,9
2018_1,양녕로26길,129,60,69,0,15,16,32,42,24,0,2,6,14,20,18,0,13,10,18,22,6
2018_1,신대방길,107,68,39,0,8,28,32,22,17,0,3,16,21,15,13,0,5,12,11,7,4
2018_1,성대로29길,2,2,0,0,0,0,2,0,0,0,0,0,2,0,0,0,0,0,0,0,0
2018_1,성대로1길,315,130,185,2,17,55,98,66,77,0,6,28,43,26,27,2,11,27,55,40,50
2018_1,서달로8가길,264,104,160,2,34,50,58,58,62,0,10,20,18,23,33,2,24,30,40,35,29
2018_1,서달로14길,30,12,18,0,8,4,10,5,3,0,1,2,5,1,3,0,7,2,5,4,0
2018_1,서달로10길,58,28,30,0,2,14,12,26,4,0,1,7,6,12,2,0,1,7,6,14,2
2018_1,상도로62길,191,58,133,1,13,42,56,48,31,0,0,11,15,13,19,1,13,31,41,35,12
2018_1,상도로61길,46,19,27,0,12,6,12,11,5,0,1,1,7,6,4,0,11,5,5,5,1
2018_1,상도로47길,55,41,14,0,11,17,13,12,2,0,9,13,9,8,2,0,2,4,4,4,0
2018_1,상도로37길,1918,938,980,38,314,495,510,374,187,1,80,306,282,183,86,37,234,189,228,191,101
2018_1,상도로15길,330,144,186,0,44,59,114,81,32,0,11,22,61,36,14,0,33,37,53,45,18
2018_1,사당로8길,118,64,54,0,11,25,27,32,23,0,1,11,15,20,17,0,10,14,12,12,6
2018_1,사당로30길,314,211,103,0,31,85,111,63,24,0,15,51,79,48,18,0,16,34,32,15,6
2018_1,사당로2차길,118,81,37,2,48,21,16,18,13,1,41,9,11,9,10,1,7,12,5,9,3
2018_1,사당로29길,16,13,3,0,0,1,1,6,8,0,0,0,0,5,8,0,0,1,1,1,0
2018_1,사당로26길,268,149,119,0,43,46,89,61,29,0,16,27,58,30,18,0,27,19,31,31,11
2018_1,사당로23나길,130,39,91,0,13,19,44,28,26,0,3,3,11,4,18,0,10,16,33,24,8
2018_1,사당로23길,13,9,4,0,1,3,2,6,1,0,1,2,1,4,1,0,0,1,1,2,0
2018_1,사당로20길,194,144,50,0,6,21,84,51,32,0,1,15,67,34,27,0,5,6,17,17,5
2018_1,사당로16길,136,41,95,0,8,28,44,42,14,0,3,6,15,10,7,0,5,22,29,32,7
2018_1,사당로16가길,716,461,255,0,24,61,102,120,409,0,14,33,50,68,296,0,10,28,52,52,113
2018_1,만양로8길,86,40,46,0,13,16,22,20,15,0,2,5,14,10,9,0,11,11,8,10,6
2018_1,만양로14길,328,143,185,1,25,79,98,67,58,0,4,27,44,33,35,1,21,52,54,34,23
2018_1,등용로14길,678,460,218,1,115,200,177,93,92,0,79,152,129,50,50,1,36,48,48,43,42
2018_1,동작대로7길,1712,644,1068,12,408,388,413,336,155,5,83,163,176,124,93,7,325,225,237,212,62
2018_1,동작대로35길,895,120,775,0,70,85,219,401,120,0,14,31,32,22,21,0,56,54,187,379,99
2018_1,동작대로33길,116,63,53,0,15,23,30,31,17,0,3,11,17,22,10,0,12,12,13,9,7
2018_1,동작대로29길,32,18,14,0,4,5,11,6,6,0,4,3,5,3,3,0,0,2,6,3,3
2018_1,동작대로17길,1411,718,693,6,245,360,436,251,113,3,73,172,253,147,70,3,172,188,183,104,43
2018_1,대방동2길,462,215,247,0,67,120,123,110,42,0,17,63,62,53,20,0,50,57,61,57,22
2018_1,대방동27길,107,61,46,0,10,24,21,35,17,0,7,12,9,20,13,0,3,12,12,15,4
2018_1,노량진로6길,107,28,79,0,7,25,26,37,12,0,2,7,5,11,3,0,5,18,21,26,9
2018_1,국사봉길,38,6,32,0,3,7,13,9,6,0,1,0,2,2,1,0,2,7,11,7,5
2018_1,국사봉2길,53,19,34,0,12,8,6,13,14,0,1,3,2,5,8,0,11,5,4,8,6
2018_1,국사봉1길,7,3,4,0,1,1,2,3,0,0,0,1,1,1,0,0,1,0,1,2,0
2018_1,영신로9길,333,176,157,1,37,83,99,74,39,1,16,50,52,34,23,0,21,33,47,40,16
2018_1,영등포로84길,406,96,310,4,59,58,73,137,75,1,16,30,19,16,14,3,43,28,54,121,61
2018_1,영등포로80길,52,24,28,1,8,11,11,9,12,1,1,1,6,5,10,0,7,10,5,4,2
2018_1,영등포로62길,2,2,0,0,0,0,2,0,0,0,0,0,2,0,0,0,0,0,0,0,0
2018_1,영등포로35길,89,56,33,0,12,25,21,23,8,0,9,17,13,12,5,0,3,8,8,11,3
2018_1,영등포로27길,323,187,136,1,34,77,110,70,31,0,15,43,62,40,27,1,19,34,48,30,4
2018_1,여의대방로43나길,2158,1708,450,1,38,136,342,841,800,0,22,98,260,638,690,1,16,38,82,203,110
2018_1,여의대방로39길,14,10,4,0,2,5,6,1,0,0,2,5,3,0,0,0,0,0,3,1,0
2018_1,여의대방로35길,817,426,391,8,133,190,226,143,117,7,44,89,118,81,87,1,89,101,108,62,30
2018_1,양평로28길,599,470,129,5,36,104,163,210,81,5,21,69,136,171,68,0,15,35,27,39,13
2018_1,양평로22라길,29,14,15,0,5,8,7,4,5,0,2,3,2,2,5,0,3,5,5,2,0
2018_1,양평로19길,4405,3439,966,3,764,1926,1178,424,110,0,405,1597,997,350,90,3,359,329,181,74,20
2018_1,신길로60길,497,184,313,2,37,133,142,125,58,1,5,57,63,38,20,1,32,76,79,87,38
2018_1,신길로42길,377,174,203,1,49,96,102,85,44,0,15,45,51,37,26,1,34,51,51,48,18
2018_1,신길로42가길,101,36,65,0,13,22,26,24,16,0,5,7,10,5,9,0,8,15,16,19,7
2018_1,신길로39길,112,49,63,1,12,21,27,23,28,1,2,11,13,10,12,0,10,10,14,13,16
2018_1,신길로17길,48,33,15,0,1,4,15,18,10,0,1,4,8,12,8,0,0,0,7,6,2
2018_1,선유서로28길,389,212,177,3,50,72,93,105,66,1,23,37,51,58,42,2,27,35,42,47,24
2018_1,선유서로25길,2516,1819,697,5,245,626,602,541,497,2,151,493,454,393,326,3,94,133,148,148,171
2018_1,선유서로24길,134,78,56,0,8,29,41,31,25,0,3,15,24,19,17,0,5,14,17,12,8
2018_1,선유로55길,2446,1497,949,13,457,701,633,427,215,2,226,441,414,257,157,11,231,260,219,170,58
2018_1,디지털로74길,46,28,18,0,6,15,13,10,2,0,3,11,9,5,0,0,3,4,4,5,2
2018_1,디지털로57길,6,3,3,0,1,3,1,1,0,0,0,2,0,1,0,0,1,1,1,0,0
2018_1,디지털로37길,211,93,118,0,22,49,50,51,39,0,8,21,19,20,25,0,14,28,31,31,14
2018_1,도신로62길,184,57,127,0,15,44,65,52,8,0,4,18,17,14,4,0,11,26,48,38,4
2018_1,도신로60길,74,12,62,0,3,3,15,24,29,0,0,1,7,1,3,0,3,2,8,23,26
2018_1,도신로29길,85,38,47,1,7,7,18,32,20,0,7,4,10,10,7,1,0,3,8,22,13
2018_1,도신로15길,80,39,41,0,13,16,27,14,10,0,3,8,14,7,7,0,10,8,13,7,3
2018_1,도림천로21길,77,33,44,0,21,15,11,18,12,0,10,4,5,4,10,0,11,11,6,14,2
2018_1,도림로63길,37,26,11,0,4,5,12,11,5,0,4,3,8,8,3,0,0,2,4,3,2
2018_1,도림로147길,1709,1243,466,1,116,306,527,539,220,1,74,218,368,410,172,0,42,88,159,129,48
2018_1,도림로112길,14,12,2,0,1,3,7,2,1,0,1,3,5,2,1,0,0,0,2,0,0
2018_1,대림로8길,1839,589,1250,1,602,503,341,271,121,1,102,169,132,119,66,0,500,334,209,152,55
2018_1,대림로7길,9,5,4,0,0,0,3,6,0,0,0,0,2,3,0,0,0,0,1,3,0
2018_1,대림로44길,25,15,10,0,0,6,6,7,6,0,0,3,3,5,4,0,0,3,3,2,2
2018_1,대림로34길,188,76,112,2,20,42,68,37,19,0,7,13,29,17,10,2,13,29,39,20,9
2018_1,대림로31길,1043,548,495,3,122,131,200,318,269,2,64,78,99,150,155,1,58,53,101,168,114
2018_1,대림로29길,1681,800,881,6,251,339,443,394,248,3,57,129,223,216,172,3,194,210,220,178,76
2018_1,대림로22길,361,200,161,0,21,57,132,90,61,0,7,30,79,48,36,0,14,27,53,42,25
2018_1,당산로46길,4479,2666,1813,15,659,836,1175,1182,612,1,152,555,803,752,403,14,507,281,372,430,209
2018_1,당산로38길,172,114,58,2,23,51,47,34,15,1,11,32,29,26,15,1,12,19,18,8,0
2018_1,당산로37길,3971,2595,1376,75,940,894,748,809,505,56,490,601,531,557,360,19,450,293,217,252,145
2018_1,당산로31길,4319,2309,2010,12,631,1187,1053,957,479,4,213,546,572,633,341,8,418,641,481,324,138
2018_1,국회대로56길,1675,1079,596,10,127,242,329,403,564,5,68,172,238,296,300,5,59,70,91,107,264
2018_1,경인로90길,323,182,141,1,31,69,80,93,49,1,13,35,36,57,40,0,18,34,44,36,9
2018_1,경인로80길,1545,1091,454,6,155,274,397,425,288,3,85,181,263,318,241,3,70,93,134,107,47
2018_1,경인로77길,697,450,247,3,107,142,157,179,109,0,40,72,117,130,91,3,67,70,40,49,18
2018_1,가마산로61길,196,71,125,1,21,45,58,44,27,1,2,15,24,12,17,0,19,30,34,32,10
2018_1,시흥대로94길,687,346,341,0,75,139,195,176,102,0,34,73,94,88,57,0,41,66,101,88,45
2018_1,시흥대로84길,186,76,110,0,20,35,71,38,22,0,2,16,24,21,13,0,18,19,47,17,9
2018_1,시흥대로68길,751,201,550,1,21,42,78,146,463,0,8,19,22,34,118,1,13,23,56,112,345
2018_1,시흥대로63길,2941,1455,1486,13,457,915,651,642,263,3,220,379,260,426,167,10,237,536,391,216,96
2018_1,시흥대로62가길,437,116,321,0,58,75,94,147,63,0,15,26,23,32,20,0,43,49,71,115,43
2018_1,시흥대로36길,386,228,158,0,59,107,123,68,29,0,29,62,76,41,20,0,30,45,47,27,9
2018_1,시흥대로22길,478,332,146,1,26,56,113,129,153,0,12,37,66,96,121,1,14,19,47,33,32
2018_1,시흥대로153길,664,384,280,1,63,137,204,193,66,1,31,86,124,99,43,0,32,51,80,94,23
2018_1,시흥대로150길,537,249,288,0,47,107,155,140,88,0,13,42,59,75,60,0,34,65,96,65,28
2018_1,시흥대로141길,656,389,267,5,125,165,167,134,60,4,52,98,111,85,39,1,73,67,56,49,21
2018_1,시흥대로138길,18,10,8,0,2,4,3,7,2,0,1,3,0,4,2,0,1,1,3,3,0
2018_1,시흥대로120길,501,323,178,0,81,100,170,116,34,0,58,62,124,59,20,0,23,38,46,57,14
2018_1,벚꽃로56길,1863,1315,548,8,330,685,499,254,87,8,203,474,383,178,69,0,127,211,116,76,18
2018_1,범안로17길,145,86,59,0,14,25,29,44,33,0,10,17,12,29,18,0,4,8,17,15,15
2018_1,범안로11길,1095,859,236,21,146,300,320,209,99,17,105,241,252,165,79,4,41,59,68,44,20
2018_1,문성로5길,162,51,111,0,10,20,26,60,46,0,3,9,8,15,16,0,7,11,18,45,30
2018_1,독산로85길,93,24,69,0,5,8,18,39,23,0,0,4,3,12,5,0,5,4,15,27,18
2018_1,독산로78다길,219,93,126,0,30,29,58,47,55,0,9,8,21,18,37,0,21,21,37,29,18
2018_1,독산로70길,2,2,0,0,0,0,0,0,2,0,0,0,0,0,2,0,0,0,0,0,0
2018_1,독산로64길,114,28,86,1,29,21,32,26,5,0,3,7,8,7,3,1,26,14,24,19,2
2018_1,독산로50길,93,37,56,0,6,16,25,39,7,0,1,5,8,18,5,0,5,11,17,21,2
2018_1,독산로40길,53,19,34,0,2,5,25,16,5,0,1,3,9,3,3,0,1,2,16,13,2
2018_1,독산로108길,715,340,375,2,116,134,158,183,122,0,39,64,77,82,78,2,77,70,81,101,44
2018_1,남부순환로112길,9,4,5,0,1,1,1,2,4,0,0,1,0,1,2,0,1,0,1,1,2
2018_1,금하로24길,205,66,139,0,35,37,53,55,25,0,8,12,11,20,15,0,27,25,42,35,10
2018_1,금하로1길,70,32,38,0,5,13,22,22,8,0,2,8,9,9,4,0,3,5,13,13,4
2018_1,금하로14길,21,8,13,0,1,6,11,3,0,0,0,2,4,2,0,0,1,4,7,1,0
2018_1,가산로5길,592,465,127,9,79,124,195,129,56,6,66,97,149,105,42,3,13,27,46,24,14
2018_1,가산로3길,2351,1800,551,9,257,481,518,691,395,9,203,412,387,483,306,0,54,69,131,208,89
2018_1,중앙로1길,1508,1058,450,3,190,294,286,288,447,0,116,195,179,192,376,3,74,99,107,96,71
2018_1,중앙로15길,89,42,47,0,7,13,25,30,14,0,1,5,5,18,13,0,6,8,20,12,1
2018_1,우마길,35,21,14,0,7,11,14,3,0,0,1,9,9,2,0,0,6,2,5,1,0
2018_1,오류로8길,210,97,113,0,35,61,44,47,23,0,10,33,17,18,19,0,25,28,27,29,4
2018_1,신도림로13길,779,581,198,3,71,139,192,253,121,3,57,105,132,187,97,0,14,34,60,66,24
2018_1,새말로18길,1067,442,625,2,521,347,104,53,40,0,154,176,53,34,25,2,367,171,51,19,15
2018_1,부일로1길,759,607,152,0,42,86,159,245,227,0,25,55,116,200,211,0,17,31,43,45,16
2018_1,부일로15길,182,150,32,0,8,10,22,66,76,0,3,6,15,55,71,0,5,4,7,11,5
2018_1,부일로11길,27,7,20,0,4,5,9,7,2,0,0,1,3,3,0,0,4,4,6,4,2
2018_1,디지털로32길,1101,565,536,1,194,375,227,155,149,1,65,199,126,71,103,0,129,176,101,84,46
2018_1,디지털로32가길,7234,4978,2256,51,1642,2829,1702,646,364,35,805,2044,1330,480,284,16,837,785,372,166,80
2018_1,디지털로27길,388,250,138,0,23,69,104,143,49,0,8,37,60,100,45,0,15,32,44,43,4
2018_1,도림로6길,114,48,66,0,17,29,38,23,7,0,5,10,19,11,3,0,12,19,19,12,4
2018_1,도림로12길,97,37,60,1,23,14,25,29,5,1,4,7,11,10,4,0,19,7,14,19,1
2018_1,남부순환로97길,269,86,183,2,44,55,77,56,35,0,7,13,22,26,18,2,37,42,55,30,17
2018_1,구로중앙로8길,214,76,138,0,19,37,67,57,34,0,3,11,18,20,24,0,16,26,49,37,10
2018_1,구로중앙로7길,192,70,122,0,37,32,50,45,28,0,4,4,20,18,24,0,33,28,30,27,4
2018_1,구로중앙로42길,806,605,201,2,57,139,218,259,131,2,40,107,146,201,109,0,17,32,72,58,22
2018_1,구로중앙로34길,563,323,240,0,36,101,164,139,123,0,14,55,106,80,68,0,22,46,58,59,55
2018_1,구로중앙로28길,3163,1519,1644,6,225,400,575,707,1250,5,96,235,337,405,441,1,129,165,238,302,809
2018_1,구로중앙로19길,10,6,4,0,1,1,4,1,3,0,0,1,3,0,2,0,1,0,1,1,1
2018_1,구로동로8길,140,41,99,0,23,23,37,32,25,0,4,6,13,13,5,0,19,17,24,19,20
2018_1,구로동로7길,168,62,106,0,27,24,47,48,22,0,7,3,15,19,18,0,20,21,32,29,4
2018_1,구로동로42길,21,14,7,0,0,4,9,7,1,0,0,2,6,5,1,0,0,2,3,2,0
2018_1,구로동로41길,447,282,165,0,64,121,142,92,28,0,49,76,84,51,22,0,15,45,58,41,6
2018_1,구로동로38길,36,14,22,0,8,2,11,7,8,0,1,0,6,1,6,0,7,2,5,6,2
2018_1,구로동로28길,197,90,107,1,15,44,63,36,38,0,5,25,26,12,22,1,10,19,37,24,16
2018_1,구로동로15길,25,4,21,0,8,7,2,6,2,0,0,1,0,2,1,0,8,6,2,4,1
2018_1,공원로6가길,292,200,92,6,46,68,91,58,23,2,33,44,66,37,18,4,13,24,25,21,5
2018_1,고척로52길,221,62,159,0,9,38,61,87,26,0,0,9,22,17,14,0,9,29,39,70,12
2018_1,고척로27다길,210,79,131,0,15,32,84,52,27,0,4,9,27,24,15,0,11,23,57,28,12
2018_1,고척로27길,241,111,130,0,27,52,77,70,15,0,7,22,33,40,9,0,20,30,44,30,6
2018_1,고척로21나길,214,54,160,3,25,35,34,68,49,2,1,15,6,9,21,1,24,20,28,59,28
2018_1,경인로47길,915,509,406,2,89,152,246,273,153,1,39,82,145,159,83,1,50,70,101,114,70
2018_1,경인로35길,287,116,171,0,16,57,90,79,45,0,5,22,29,36,24,0,11,35,61,43,21
2018_1,경인로31길,54,19,35,0,2,9,30,8,5,0,1,2,10,2,4,0,1,7,20,6,1
2018_1,경인로15길,149,65,84,0,32,48,36,17,16,0,7,29,14,7,8,0,25,19,22,10,8
2018_1,개봉로3길,260,168,92,1,62,54,68,41,34,1,46,34,31,26,30,0,16,20,37,15,4
2018_1,개봉로2길,487,134,353,0,81,121,151,92,42,0,13,22,45,28,26,0,68,99,106,64,16
2018_1,개봉로23가길,837,480,357,3,86,170,212,208,158,1,34,97,104,127,117,2,52,73,108,81,41
2018_1,개봉로20길,130,74,56,0,14,38,45,19,14,0,8,24,23,9,10,0,6,14,22,10,4
2018_1,개봉로1길,52,26,26,0,7,9,17,9,10,0,2,5,8,3,8,0,5,4,9,6,2
2018_1,개봉로17다길,191,96,95,0,10,23,60,60,38,0,4,8,25,31,28,0,6,15,35,29,10
2018_1,개봉로17길,870,357,513,4,113,146,212,281,114,2,43,85,105,75,47,2,70,61,107,206,67
2018_1,개봉로11길,43,6,37,0,12,6,16,8,1,0,1,0,2,2,1,0,11,6,14,6,0
2018_1,화곡로64길,1606,921,685,9,167,482,487,293,168,4,79,298,310,168,62,5,88,184,177,125,106
2018_1,화곡로59길,478,198,280,0,90,157,139,72,20,0,23,62,61,34,18,0,67,95,78,38,2
2018_1,화곡로44나길,804,678,126,0,23,73,157,274,277,0,12,53,126,240,247,0,11,20,31,34,30
2018_1,화곡로31길,1174,448,726,6,186,217,307,289,169,0,43,97,110,103,95,6,143,120,197,186,74
2018_1,화곡로20길,503,316,187,0,31,89,124,157,102,0,18,48,64,103,83,0,13,41,60,54,19
2018_1,화곡로13길,272,95,177,3,33,58,79,93,6,3,10,13,25,41,3,0,23,45,54,52,3
2018_1,초원로16길,669,284,385,3,88,140,108,95,235,1,36,80,58,45,64,2,52,60,50,50,171
2018_1,초록마을로8길,177,37,140,1,26,50,47,35,18,0,3,6,10,10,8,1,23,44,37,25,10
2018_1,초록마을로3길,45,22,23,0,6,11,10,7,11,0,0,3,8,4,7,0,6,8,2,3,4
2018_1,월정로20길,4,2,2,0,0,0,2,2,0,0,0,0,0,2,0,0,0,0,2,0,0
2018_1,우장산로6길,315,176,139,1,26,42,91,100,55,1,8,25,52,57,33,0,18,17,39,43,22
2018_1,양천로73가길,1307,828,479,5,81,221,361,405,234,5,43,112,227,249,192,0,38,109,134,156,42
2018_1,양천로71길,215,133,82,0,30,57,65,36,27,0,18,40,32,22,21,0,12,17,33,14,6
2018_1,양천로49길,735,574,161,2,43,110,141,237,202,0,16,75,109,196,178,2,27,35,32,41,24
2018_1,양천로26길,163,73,90,0,10,29,46,60,18,0,5,11,21,24,12,0,5,18,25,36,6
2018_1,양천로24길,360,147,213,0,27,58,76,102,97,0,11,34,34,26,42,0,16,24,42,76,55
2018_1,양천로24가길,735,347,388,0,84,157,193,183,118,0,33,87,84,77,66,0,51,70,109,106,52
2018_1,양천로14길,239,142,97,0,9,24,65,69,72,0,4,16,39,40,43,0,5,8,26,29,29
2018_1,방화대로6라길,782,487,295,2,86,184,297,149,64,1,43,119,194,96,34,1,43,65,103,53,30
2018_1,방화대로21길,860,515,345,6,99,180,205,212,158,4,42,99,110,134,126,2,57,81,95,78,32
2018_1,등촌로5길,10,3,7,0,0,2,5,3,0,0,0,0,2,1,0,0,0,2,3,2,0
2018_1,등촌로55길,519,354,165,1,31,74,120,139,154,0,12,40,73,97,132,1,19,34,47,42,22
2018_1,등촌로51길,16,10,6,0,5,2,5,4,0,0,0,1,5,4,0,0,5,1,0,0,0
2018_1,등촌로39길,69,26,43,0,3,14,23,23,6,0,3,5,3,11,4,0,0,9,20,12,2
2018_1,등촌로13길,195,103,92,1,16,40,50,56,32,0,5,20,20,35,23,1,11,20,30,21,9
2018_1,남부순환로11길,413,280,133,1,40,115,138,77,42,1,24,74,94,57,30,0,16,41,44,20,12
2018_1,까치산로4길,149,59,90,0,16,33,29,32,39,0,10,16,11,13,9,0,6,17,18,19,30
2018_1,국회대로7길,396,235,161,1,50,96,110,95,44,0,23,60,65,57,30,1,27,36,45,38,14
2018_1,공항대로8길,201,76,125,0,14,43,50,51,43,0,2,28,23,13,10,0,12,15,27,38,33
2018_1,공항대로61길,203,137,66,1,22,57,79,32,12,1,8,46,50,24,8,0,14,11,29,8,4
2018_1,공항대로59다길,925,664,261,9,109,277,208,168,154,4,53,211,155,125,116,5,56,66,53,43,38
2018_1,공항대로59길,1120,726,394,4,160,236,257,257,206,3,84,130,167,181,161,1,76,106,90,76,45
2018_1,공항대로55길,1086,726,360,10,275,397,225,108,71,1,145,267,174,84,55,9,130,130,51,24,16
2018_1,공항대로42길,9,5,4,0,0,2,0,5,2,0,0,1,0,2,2,0,0,1,0,3,0
2018_1,공항대로38길,271,143,128,0,43,54,75,65,34,0,12,29,46,33,23,0,31,25,29,32,11
2018_1,곰달래로60길,554,298,256,4,61,102,134,143,110,1,23,59,80,66,69,3,38,43,54,77,41
2018_1,곰달래로53길,60,18,42,0,4,16,27,8,5,0,1,6,5,2,4,0,3,10,22,6,1
2018_1,곰달래로47길,40,15,25,0,6,9,15,7,3,0,0,5,6,3,1,0,6,4,9,4,2
2018_1,곰달래로31길,9,7,2,0,1,1,6,1,0,0,1,1,4,1,0,0,0,0,2,0,0
2018_1,곰달래로25길,778,273,505,0,91,125,188,231,143,0,22,53,66,62,70,0,69,72,122,169,73
2018_1,개화동로25길,657,431,226,8,59,124,139,161,166,3,27,64,85,107,145,5,32,60,54,54,21
2018_1,개화동로23길,128,86,42,0,17,24,27,42,18,0,9,17,17,29,14,0,8,7,10,13,4
2018_1,강서로8길,150,80,70,0,27,39,38,29,17,0,16,26,18,11,9,0,11,13,20,18,8
2018_1,강서로5라길,303,182,121,0,36,75,96,72,24,0,27,51,51,37,16,0,9,24,45,35,8
2018_1,강서로5나길,100,57,43,1,11,22,24,22,20,1,6,12,14,11,13,0,5,10,10,11,7
2018_1,강서로5가길,48,25,23,0,2,12,8,15,11,0,2,10,4,5,4,0,0,2,4,10,7
2018_1,강서로47라길,121,56,65,1,17,22,41,29,11,0,8,7,24,12,5,1,9,15,17,17,6
2018_1,강서로47길,379,202,177,0,13,77,104,156,29,0,3,37,48,91,23,0,10,40,56,65,6
2018_1,강서로45다길,539,349,190,2,65,94,121,131,126,0,19,47,74,98,111,2,46,47,47,33,15
2018_1,강서로45길,141,59,82,0,15,13,39,42,32,0,0,7,15,17,20,0,15,6,24,25,12
2018_1,강서로35길,173,99,74,0,25,32,45,52,19,0,7,18,26,34,14,0,18,14,19,18,5
2018_1,강서로29길,386,171,215,0,25,61,104,122,74,0,9,37,56,50,19,0,16,24,48,72,55
2018_1,강서로18길,28,12,16,0,1,4,15,6,2,0,0,2,8,2,0,0,1,2,7,4,2
2018_1,강서로17가길,120,52,68,0,16,37,33,21,13,0,7,17,14,7,7,0,9,20,19,14,6
2018_1,강서로15길,303,146,157,3,28,59,85,82,46,2,15,28,39,34,28,1,13,31,46,48,18
2018_1,가로공원로80길,48,23,25,1,8,9,14,12,4,1,4,1,7,7,3,0,4,8,7,5,1
2018_1,가로공원로76가길,24,10,14,0,4,14,3,3,0,0,1,7,2,0,0,0,3,7,1,3,0
2018_1,화곡로4길,235,86,149,0,35,61,80,40,19,0,7,21,24,21,13,0,28,40,56,19,6
2018_1,화곡로3길,163,57,106,0,16,25,43,63,16,0,2,3,11,28,13,0,14,22,32,35,3
2018_1,지양로7길,223,73,150,0,24,45,71,67,16,0,9,9,16,30,9,0,15,36,55,37,7
2018_1,중앙로55길,367,190,177,0,24,79,133,100,31,0,10,40,57,59,24,0,14,39,76,41,7
2018_1,중앙로51길,141,86,55,0,6,28,42,34,31,0,3,17,22,23,21,0,3,11,20,11,10
2018_1,중앙로47길,120,25,95,0,10,13,19,26,52,0,1,8,4,5,7,0,9,5,15,21,45
2018_1,중앙로45길,155,53,102,0,16,31,35,45,28,0,5,10,11,19,8,0,11,21,24,26,20
2018_1,중앙로36길,2,2,0,0,0,0,0,0,2,0,0,0,0,0,2,0,0,0,0,0,0
2018_1,중앙로32길,607,294,313,5,119,128,128,127,100,2,51,83,69,49,40,3,68,45,59,78,60
2018_1,중앙로25길,240,64,176,0,34,39,73,81,13,0,9,11,13,23,8,0,25,28,60,58,5
2018_1,은행정로7길,495,169,326,1,40,66,96,166,126,1,12,32,39,52,33,0,28,34,57,114,93
2018_1,오목로5길,311,185,126,2,41,79,81,78,30,2,23,53,33,50,24,0,18,26,48,28,6
2018_1,오목로3길,401,377,24,0,1,18,44,169,169,0,1,16,36,158,166,0,0,2,8,11,3
2018_1,오목로30길,140,73,67,0,17,27,36,31,29,0,7,13,17,18,18,0,10,14,19,13,11
2018_1,오목로23길,790,464,326,2,117,203,205,156,107,1,56,135,116,88,68,1,61,68,89,68,39
2018_1,신월로20길,215,78,137,0,25,31,55,61,43,0,6,7,25,17,23,0,19,24,30,44,20
2018_1,신월로15길,767,357,410,2,96,157,189,195,128,1,37,77,85,80,77,1,59,80,104,115,51
2018_1,신목로6길,240,132,108,1,27,38,73,60,41,1,13,17,41,38,22,0,14,21,32,22,19
2018_1,신목로5길,871,333,538,1,83,164,288,224,111,0,25,66,101,78,63,1,58,98,187,146,48
2018_1,신목로2길,104,47,57,0,18,23,26,13,24,0,3,13,9,7,15,0,15,10,17,6,9
2018_1,목동중앙서로8가길,190,110,80,0,11,14,46,67,52,0,5,5,29,37,34,0,6,9,17,30,18
2018_1,목동중앙서로7길,231,71,160,1,21,50,48,66,45,0,5,17,17,17,15,1,16,33,31,49,30
2018_1,목동중앙북로8길,348,115,233,0,1,10,24,66,247,0,0,6,11,14,84,0,1,4,13,52,163
2018_1,목동중앙북로16길,257,68,189,0,26,61,79,70,21,0,2,15,19,21,11,0,24,46,60,49,10
2018_1,목동중앙본로7길,105,42,63,0,19,22,31,25,8,0,7,7,8,14,6,0,12,15,23,11,2
2018_1,목동중앙로3길,119,66,53,1,6,12,26,42,32,0,4,6,10,22,24,1,2,6,16,20,8
2018_1,목동중앙로13나길,284,207,77,0,45,104,70,43,22,0,28,72,54,32,21,0,17,32,16,11,1
2018_1,목동중앙남로3가길,537,358,179,1,44,129,120,172,71,1,21,75,67,135,59,0,23,54,53,37,12
2018_1,목동로9길,2315,1468,847,4,164,492,638,493,524,1,54,232,383,350,448,3,110,260,255,143,76
2018_1,목동로19길,987,354,633,2,145,215,260,229,136,1,37,89,99,70,58,1,108,126,161,159,78
2018_1,목동동로12길,389,140,249,3,48,72,105,107,54,0,6,24,34,35,41,3,42,48,71,72,13
2018_1,목동남로4길,11,5,6,0,0,0,3,7,1,0,0,0,0,4,1,0,0,0,3,3,0
2018_1,남부순환로88길,276,124,152,1,30,59,77,86,23,0,11,26,36,32,19,1,19,33,41,54,4
2018_1,남부순환로79길,377,284,93,0,14,21,78,135,129,0,8,11,51,106,108,0,6,10,27,29,21
2018_1,남부순환로70길,522,314,208,2,31,78,138,153,120,1,9,35,72,96,101,1,22,43,66,57,19
2018_1,남부순환로58길,195,118,77,0,24,41,44,62,24,0,19,28,25,30,16,0,5,13,19,32,8
2018_1,남부순환로40길,15,6,9,0,0,1,7,4,3,0,0,0,2,2,2,0,0,1,5,2,1
2018_1,남부순환로33길,1183,976,207,0,40,61,110,119,853,0,20,32,52,69,803,0,20,29,58,50,50
2018_1,곰달래로5길,59,35,24,0,9,21,11,13,5,0,5,15,6,6,3,0,4,6,5,7,2
2018_1,곰달래로3길,381,203,178,0,32,64,122,120,43,0,14,33,61,70,25,0,18,31,61,50,18
2018_1,곰달래로2길,305,167,138,4,41,78,81,75,26,4,16,56,44,38,9,0,25,22,37,37,17
2018_1,곰달래로10길,334,236,98,0,22,35,56,113,108,0,9,20,35,79,93,0,13,15,21,34,15
2018_1,가로공원로58길,76,15,61,0,11,14,26,22,3,0,1,3,5,3,3,0,10,11,21,19,0
2018_1,효창원로93길,93,47,46,0,14,29,36,9,5,0,3,14,22,5,3,0,11,15,14,4,2
2018_1,토정로37길,140,62,78,2,19,30,36,33,20,1,6,12,15,13,15,1,13,18,21,20,5
2018_1,월드컵로8길,1788,913,875,3,218,382,370,356,459,1,65,177,205,168,297,2,153,205,165,188,162
2018_1,월드컵로7길,4,2,2,0,1,1,1,0,1,0,0,0,1,0,1,0,1,1,0,0,0
2018_1,월드컵로36길,144,59,85,0,16,24,32,47,25,0,2,11,10,22,14,0,14,13,22,25,11
2018_1,월드컵로25길,278,162,116,0,45,81,76,44,32,0,21,51,43,23,24,0,24,30,33,21,8
2018_1,월드컵로19길,568,300,268,8,134,144,124,89,69,8,66,92,67,37,30,0,68,52,57,52,39
2018_1,월드컵로16길,4043,2077,1966,35,885,787,778,694,864,11,363,404,404,265,630,24,522,383,374,429,234
2018_1,월드컵로11길,240,91,149,1,58,55,60,44,22,0,20,23,18,17,13,1,38,32,42,27,9
2018_1,월드컵로10길,1716,908,808,10,522,590,343,161,90,1,181,298,235,121,72,9,341,292,108,40,18
2018_1,와우산로3길,181,104,77,0,40,63,47,24,7,0,12,37,32,17,6,0,28,26,15,7,1
2018_1,와우산로29길,178,94,84,0,52,58,42,13,13,0,27,35,21,5,6,0,25,23,21,8,7
2018_1,와우산로29가길,18,9,9,0,2,3,11,2,0,0,0,1,7,1,0,0,2,2,4,1,0
2018_1,양화진길,509,361,148,1,67,136,116,130,59,0,26,94,88,107,46,1,41,42,28,23,13
2018_1,양화로1길,4158,1962,2196,57,943,1549,1094,348,167,4,251,727,660,232,88,53,692,822,434,116,79
2018_1,양화로11길,440,292,148,1,94,123,130,55,37,0,44,79,103,41,25,1,50,44,27,14,12
2018_1,신촌로30길,26,17,9,6,2,3,9,3,3,6,0,3,4,2,2,0,2,0,5,1,1
2018_1,신촌로28가길,102,39,63,0,9,23,29,19,22,0,1,4,12,8,14,0,8,19,17,11,8
2018_1,신촌로12길,1467,665,802,0,360,320,294,236,257,0,229,177,118,52,89,0,131,143,176,184,168
2018_1,숭문길,5265,4008,1257,10,501,943,1222,1649,940,5,354,774,995,1176,704,5,147,169,227,473,236
2018_1,숭문8길,116,69,47,0,10,21,42,34,9,0,1,5,31,25,7,0,9,16,11,9,2
2018_1,성지3길,485,232,253,1,117,159,120,67,21,0,40,83,57,38,14,1,77,76,63,29,7
2018_1,성산로4길,1686,1028,658,12,305,385,414,359,211,4,114,236,278,244,152,8,191,149,136,115,59
2018_1,성미산로32길,403,203,200,1,116,108,103,46,29,1,45,65,56,20,16,0,71,43,47,26,13
2018_1,성미산로1길,638,462,176,1,66,139,170,108,154,0,35,95,105,78,149,1,31,44,65,30,5
2018_1,성미산로11길,1042,709,333,10,178,322,258,190,84,6,81,204,193,158,67,4,97,118,65,32,17
2018_1,백범로16길,745,375,370,115,255,193,84,72,26,43,107,111,49,48,17,72,148,82,35,24,9
2018_1,방울내로9안길,323,196,127,1,30,62,103,87,40,0,10,29,60,61,36,1,20,33,43,26,4
2018_1,모래내로7길,263,127,136,0,27,47,78,64,47,0,6,22,43,36,20,0,21,25,35,28,27
2018_1,매봉산로2길,1597,970,627,11,316,575,480,174,41,3,109,355,352,123,28,8,207,220,128,51,13
2018_1,망원로2길,242,145,97,2,47,70,66,43,14,0,16,41,48,29,11,2,31,29,18,14,3
2018_1,망원로11길,1105,624,481,3,153,292,314,204,139,2,54,171,206,119,72,1,99,121,108,85,67
2018_1,만리재옛길,1433,618,815,11,506,410,309,119,78,3,253,220,66,38,38,8,253,190,243,81,40
2018_1,마포대로4길,176,93,83,4,11,41,43,46,31,2,9,26,24,16,16,2,2,15,19,30,15
2018_1,마포대로20길,1147,601,546,1,209,317,315,206,99,0,62,163,190,127,59,1,147,154,125,79,40
2018_1,마포대로12길,68,36,32,0,5,9,24,21,9,0,1,4,12,12,7,0,4,5,12,9,2
2018_1,동교로38길,238,123,115,1,70,75,62,21,9,0,34,37,33,12,7,1,36,38,29,9,2
2018_1,동교로27길,3408,1524,1884,6,576,921,648,711,546,3,212,496,407,246,160,3,364,425,241,465,386
2018_1,동교로25길,545,252,293,1,119,239,141,37,8,1,33,112,75,26,5,0,86,127,66,11,3
2018_1,동교로19길,4191,2771,1420,31,667,1015,1014,931,533,8,286,697,774,637,369,23,381,318,240,294,164
2018_1,동교로17길,732,371,361,1,155,202,208,118,48,0,52,91,132,70,26,1,103,111,76,48,22
2018_1,독막로8길,319,141,178,0,60,91,78,62,28,0,12,39,42,32,16,0,48,52,36,30,12
2018_1,독막로32길,479,207,272,2,69,124,153,91,40,0,24,56,67,34,26,2,45,68,86,57,14
2018_1,독막로22길,108,61,47,1,21,32,21,18,15,1,10,14,9,15,12,0,11,18,12,3,3
2018_1,도화길,1004,502,502,6,162,218,251,176,191,2,60,113,141,77,109,4,102,105,110,99,82
2018_1,도화4길,401,135,266,0,40,69,97,119,76,0,11,24,21,30,49,0,29,45,76,89,27
2018_1,대흥로28길,48,41,7,0,3,24,16,4,1,0,2,19,15,4,1,0,1,5,1,0,0
2018_1,대흥로21길,458,83,375,2,65,85,182,71,53,1,18,17,25,7,15,1,47,68,157,64,38
2018_1,광성로6길,160,102,58,0,23,49,38,28,22,0,12,30,25,18,17,0,11,19,13,10,5
2018_1,홍제내길,119,67,52,0,17,31,29,29,13,0,7,22,17,15,6,0,10,9,12,14,7
2018_1,홍연길,85,49,36,0,3,17,30,31,4,0,2,12,20,13,2,0,1,5,10,18,2
2018_1,통일로39길,5,5,0,0,1,1,1,2,0,0,1,1,1,2,0,0,0,0,0,0,0
2018_1,통일로37길,352,129,223,0,60,75,90,76,51,0,14,24,31,35,25,0,46,51,59,41,26
2018_1,통일로11길,10,8,2,0,2,2,5,1,0,0,1,2,4,1,0,0,1,0,1,0,0
2018_1,충정로6길,13125,8089,5036,28,2206,4527,3963,1958,443,12,907,2745,2688,1383,354,16,1299,1782,1275,575,89
2018_1,충정로4길,3103,2037,1066,0,446,1405,922,260,70,0,156,875,713,227,66,0,290,530,209,33,4
2018_1,증가로6길,215,104,111,0,16,39,52,68,40,0,3,17,30,39,15,0,13,22,22,29,25
2018_1,증가로23나길,485,254,231,2,99,131,134,81,38,1,51,79,60,40,23,1,48,52,74,41,15
2018_1,증가로20가길,253,93,160,0,48,59,61,67,18,0,15,20,17,28,13,0,33,39,44,39,5
2018_1,증가로10길,160,80,80,0,22,24,35,43,36,0,2,8,13,26,31,0,20,16,22,17,5
2018_1,응암로1길,384,277,107,1,21,49,106,153,54,0,9,29,75,121,43,1,12,20,31,32,11
2018_1,연희로10길,114,75,39,0,10,15,35,35,19,0,3,6,26,25,15,0,7,9,9,10,4
2018_1,신촌로37길,101,50,51,0,6,13,31,24,27,0,1,5,15,11,18,0,5,8,16,13,9
2018_1,수색로8길,2820,2621,199,0,10,25,54,261,2470,0,5,19,36,231,2330,0,5,6,18,30,140
2018_1,세무서길,328,110,218,1,39,74,98,66,50,0,4,19,31,33,23,1,35,55,67,33,27
2018_1,세검정로1길,415,181,234,0,55,144,96,71,49,0,25,46,43,36,31,0,30,98,53,35,18
2018_1,북아현로4길,430,93,337,1,51,51,91,135,101,0,11,11,22,21,28,1,40,40,69,114,73
2018_1,모래내로15길,106,33,73,0,8,20,33,31,14,0,2,6,12,9,4,0,6,14,21,22,10
2018_1,명지대길,402,289,113,0,37,53,90,124,98,0,16,31,52,102,88,0,21,22,38,22,10
2018_1,독립문로8길,732,278,454,1,134,181,169,165,82,0,37,60,85,55,41,1,97,121,84,110,41
2018_1,가재울로6길,20,12,8,0,4,2,9,2,3,0,0,2,8,1,1,0,4,0,1,1,2
2018_1,통일로92길,86,35,51,1,19,10,24,20,12,1,11,3,9,6,5,0,8,7,15,14,7
2018_1,통일로87길,203,90,113,0,19,29,48,73,34,0,5,12,14,36,23,0,14,17,34,37,11
2018_1,통일로78길,224,65,159,0,31,43,58,38,54,0,5,17,17,8,18,0,26,26,41,30,36
2018_1,진흥로1길,523,162,361,2,85,140,165,102,29,1,24,50,43,24,20,1,61,90,122,78,9
2018_1,진흥로12길,502,208,294,1,47,104,178,105,67,0,7,42,81,38,40,1,40,62,97,67,27
2018_1,증산서길,397,278,119,2,34,59,80,92,130,2,6,29,43,73,125,0,28,30,37,19,5
2018_1,증산로9길,92,29,63,0,15,22,30,23,2,0,6,3,14,5,1,0,9,19,16,18,1
2018_1,증산로5길,781,400,381,6,72,140,192,224,147,2,39,48,76,128,107,4,33,92,116,96,40
2018_1,증산로21길,238,150,88,1,21,25,39,81,71,0,9,9,20,56,56,1,12,16,19,25,15
2018_1,증산로17길,755,298,457,0,46,85,176,198,250,0,11,29,76,83,99,0,35,56,100,115,151
2018_1,증산로15길,214,81,133,0,21,38,54,59,42,0,7,14,19,20,21,0,14,24,35,39,21
2018_1,증산로13길,73,36,37,0,5,14,12,32,10,0,2,11,7,9,7,0,3,3,5,23,3
2018_1,응암로34길,57,36,21,1,6,13,11,16,10,0,4,6,5,11,10,1,2,7,6,5,0
2018_1,응암로22길,154,54,100,0,16,27,35,41,35,0,5,7,15,12,15,0,11,20,20,29,20
2018_1,응암로14길,371,123,248,1,60,79,123,82,26,0,13,17,44,32,17,1,47,62,79,50,9
2018_1,응암로13길,293,121,172,0,45,56,93,67,32,0,24,25,35,24,13,0,21,31,58,43,19
2018_1,응암로12길,205,114,91,1,22,60,57,42,23,0,4,35,30,26,19,1,18,25,27,16,4
2018_1,은평로8길,245,125,120,0,45,38,63,61,38,0,21,22,36,28,18,0,24,16,27,33,20
2018_1,은평로3길,301,95,206,1,38,74,88,66,34,0,11,26,17,20,21,1,27,48,71,46,13
2018_1,은평로20길,18,8,10,0,3,2,8,4,1,0,1,1,2,3,1,0,2,1,6,1,0
2018_1,은평로13길,375,236,139,3,34,58,107,100,73,2,15,37,65,58,59,1,19,21,42,42,14
2018_1,은평로10길,284,128,156,1,30,58,71,70,54,1,9,22,29,35,32,0,21,36,42,35,22
2018_1,연서로5길,44,13,31,0,4,9,15,14,2,0,3,2,2,6,0,0,1,7,13,8,2
2018_1,연서로41길,240,76,164,0,22,59,74,61,24,0,6,20,18,17,15,0,16,39,56,44,9
2018_1,연서로3길,104,40,64,1,14,20,26,35,8,0,8,8,8,12,4,1,6,12,18,23,4
2018_1,연서로34길,161,59,102,0,21,33,49,44,14,0,7,11,17,15,9,0,14,22,32,29,5
2018_1,연서로33길,30,10,20,0,7,8,10,3,2,0,1,1,5,2,1,0,6,7,5,1,1
2018_1,연서로29길,300,101,199,2,41,65,99,68,25,1,9,26,32,21,12,1,32,39,67,47,13
2018_1,연서로28길,839,386,453,5,105,150,185,210,184,3,48,79,96,78,82,2,57,71,89,132,102
2018_1,연서로27길,80,23,57,0,17,20,20,18,5,0,0,6,5,8,4,0,17,14,15,10,1
2018_1,연서로21길,297,167,130,0,33,54,104,74,32,0,22,39,49,35,22,0,11,15,55,39,10
2018_1,연서로17길,1188,353,835,7,185,209,301,319,167,3,36,97,105,57,55,4,149,112,196,262,112
2018_1,연서로16길,265,98,167,2,59,63,59,57,25,0,16,21,24,24,13,2,43,42,35,33,12
2018_1,연서로13길,730,217,513,4,99,161,225,191,50,1,31,56,74,35,20,3,68,105,151,156,30
2018_1,연서로11길,234,110,124,0,16,47,75,71,25,0,9,20,37,31,13,0,7,27,38,40,12
2018_1,역말로9길,22,15,7,0,2,8,6,3,3,0,2,5,5,1,2,0,0,3,1,2,1
2018_1,수색로18길,24,12,12,0,2,8,6,4,4,0,0,4,2,3,3,0,2,4,4,1,1
2018_1,서오릉로8길,12,0,12,0,6,2,2,2,0,0,0,0,0,0,0,0,6,2,2,2,0
2018_1,서오릉로21길,418,100,318,1,27,56,106,98,130,1,6,11,29,22,31,0,21,45,77,76,99
2018_1,불광천길,189,93,96,0,19,35,38,64,33,0,8,16,21,29,19,0,11,19,17,35,14
2018_1,갈현로7길,930,257,673,1,175,237,226,198,93,0,45,80,64,46,22,1,130,157,162,152,71
2018_1,갈현로41길,95,35,60,0,9,21,26,25,14,0,3,10,7,11,4,0,6,11,19,14,10
2018_1,갈현로33길,36,8,28,0,9,8,8,9,2,0,1,3,1,2,1,0,8,5,7,7,1
2018_1,갈현로1길,168,74,94,1,22,28,46,34,37,0,10,17,20,8,19,1,12,11,26,26,18
2018_1,가좌로7길,68,35,33,1,12,15,18,11,11,1,2,8,7,6,11,0,10,7,11,5,0
2018_1,한글비석로44길,405,222,183,0,23,57,97,128,100,0,8,30,42,68,74,0,15,27,55,60,26
2018_1,한글비석로24길,407,159,248,1,24,49,83,130,120,0,5,26,36,41,51,1,19,23,47,89,69
2018_1,한글비석로22길,706,326,380,4,69,136,192,201,104,1,22,68,87,91,57,3,47,68,105,110,47
2018_1,석계로1길,100,61,39,0,7,19,32,33,9,0,3,10,18,21,9,0,4,9,14,12,0
2018_1,상계로9가길,291,95,196,1,41,46,80,76,47,0,8,17,24,25,21,1,33,29,56,51,26
2018_1,상계로12길,25,15,10,1,2,1,10,10,1,1,1,1,5,6,1,0,1,0,5,4,0
2018_1,동일로242길,301,190,111,2,13,32,82,63,109,1,7,18,48,36,80,1,6,14,34,27,29
2018_1,동일로192길,469,202,267,0,45,61,106,123,134,0,25,34,48,35,60,0,20,27,58,88,74
2018_1,동일로173가길,2329,1258,1071,14,250,399,588,662,416,8,113,285,306,287,259,6,137,114,282,375,157
2018_1,공릉로58길,148,45,103,0,3,12,50,56,27,0,3,6,12,16,8,0,0,6,38,40,19
2018_1,해등로16길,69,55,14,0,7,17,26,13,6,0,5,14,19,12,5,0,2,3,7,1,1
2018_1,우이천로4다길,181,109,72,1,19,26,48,59,28,1,7,15,25,41,20,0,12,11,23,18,8
2018_1,우이천로32길,87,53,34,0,12,21,22,22,10,0,4,17,9,16,7,0,8,4,13,6,3
2018_1,시루봉로23길,49,21,28,0,6,11,14,10,8,0,0,6,5,6,4,0,6,5,9,4,4
2018_1,삼양로144길,80,57,23,0,8,19,22,18,13,0,5,12,14,14,12,0,3,7,8,4,1
2018_1,방학로6가길,176,87,89,1,16,30,63,38,28,0,4,12,33,16,22,1,12,18,30,22,6
2018_1,방학로5길,137,80,57,1,17,19,27,45,28,0,16,12,15,26,11,1,1,7,12,19,17
2018_1,방학로15길,318,204,114,0,14,30,68,113,93,0,3,14,33,73,81,0,11,16,35,40,12
2018_1,방학로10길,169,66,103,0,11,19,27,49,63,0,1,9,8,18,30,0,10,10,19,31,33
2018_1,도봉산4길,316,277,39,0,4,22,86,142,62,0,2,16,82,128,49,0,2,6,4,14,13
2018_1,도봉로181길,188,80,108,1,20,35,53,51,28,1,7,17,21,20,14,0,13,18,32,31,14
2018_1,도봉로169나길,290,122,168,0,36,52,67,72,63,0,9,25,35,30,23,0,27,27,32,42,40
2018_1,도봉로156길,281,142,139,3,41,69,76,56,36,3,21,32,42,22,22,0,20,37,34,34,14
2018_1,도봉로152가길,416,365,51,0,20,29,62,149,156,0,8,21,46,142,148,0,12,8,16,7,8
2018_1,도봉로147길,533,308,225,3,53,109,145,158,65,0,28,79,98,79,24,3,25,30,47,79,41
2018_1,도봉로114길,514,175,339,5,105,115,124,119,46,0,17,42,42,49,25,5,88,73,82,70,21
2018_1,도봉로109길,26,9,17,0,6,3,6,5,6,0,2,1,1,0,5,0,4,2,5,5,1
2018_1,도당로29길,863,500,363,9,163,208,217,177,89,9,68,125,105,117,76,0,95,83,112,60,13
2018_1,도당로19길,162,72,90,0,12,30,58,49,13,0,2,18,23,22,7,0,10,12,35,27,6
2018_1,도당로13바길,188,74,114,0,19,35,51,56,27,0,4,22,16,17,15,0,15,13,35,39,12
2018_1,도당로13가길,167,69,98,0,14,28,47,49,29,0,3,13,22,18,13,0,11,15,25,31,16
2018_1,덕릉로60길,82,49,33,1,7,14,33,17,10,1,1,9,19,11,8,0,6,5,14,6,2
2018_1,노해로63다길,612,258,354,2,101,163,152,132,62,0,30,77,77,41,33,2,71,86,75,91,29
2018_1,노해로60길,325,141,184,4,48,66,91,77,39,0,13,30,38,39,21,4,35,36,53,38,18
2018_1,한천로140길,103,50,53,0,7,16,21,31,28,0,1,9,11,14,15,0,6,7,10,17,13
2018_1,한천로139가길,52,31,21,0,8,17,18,5,4,0,5,12,10,2,2,0,3,5,8,3,2
2018_1,한천로132길,321,118,203,3,61,64,73,68,52,0,12,27,28,24,27,3,49,37,45,44,25
2018_1,한천로130길,274,113,161,0,38,77,77,66,16,0,9,27,34,31,12,0,29,50,43,35,4
2018_1,한천로124나길,111,66,45,0,8,24,26,35,18,0,4,19,9,20,14,0,4,5,17,15,4
2018_1,한천로109길,605,259,346,4,120,124,167,135,55,2,40,53,79,57,28,2,80,71,88,78,27
2018_1,인수봉로79길,171,44,127,2,19,51,43,42,14,0,5,6,13,10,10,2,14,45,30,32,4
2018_1,인수봉로72길,85,40,45,0,11,15,23,19,17,0,3,7,10,8,12,0,8,8,13,11,5
2018_1,오패산로67길,579,288,291,1,95,120,150,121,92,1,32,69,73,65,48,0,63,51,77,56,44
2018_1,오패산로52길,97,34,63,4,10,21,32,19,11,3,1,7,9,8,6,1,9,14,23,11,5
2018_1,수유로12길,250,164,86,0,28,63,66,40,53,0,9,44,46,24,41,0,19,19,20,16,12
2018_1,솔샘로65길,506,240,266,8,54,101,154,121,68,0,14,34,76,65,51,8,40,67,78,56,17
2018_1,솔매로50길,717,285,432,4,98,174,215,151,75,3,27,57,77,66,55,1,71,117,138,85,20
2018_1,솔매로45길,171,84,87,1,12,28,53,52,25,0,6,11,25,28,14,1,6,17,28,24,11
2018_1,솔매로41길,87,21,66,0,13,11,28,24,11,0,1,2,8,5,5,0,12,9,20,19,6
2018_1,삼양로93길,18,4,14,0,0,2,8,7,1,0,0,0,2,1,1,0,0,2,6,6,0
2018_1,삼양로77길,432,149,283,1,52,75,123,121,60,1,23,35,39,32,19,0,29,40,84,89,41
2018_1,삼양로54길,8,4,4,0,0,3,0,5,0,0,0,1,0,3,0,0,0,2,0,2,0
2018_1,삼양로41길,310,149,161,0,30,64,95,83,38,0,12,34,44,38,21,0,18,30,51,45,17
2018_1,삼양로24길,82,39,43,0,10,13,26,14,19,0,4,8,12,4,11,0,6,5,14,10,8
2018_1,삼양로20길,127,47,80,0,17,27,37,36,10,0,4,10,13,11,9,0,13,17,24,25,1
2018_1,삼각산로28길,823,415,408,1,66,155,187,200,214,1,20,68,95,110,121,0,46,87,92,90,93
2018_1,도봉로99길,220,104,116,0,25,37,71,62,25,0,11,19,36,24,14,0,14,18,35,38,11
2018_1,도봉로8길,251,192,59,4,52,68,69,37,21,3,46,60,47,21,15,1,6,8,22,16,6
2018_1,도봉로76길,397,210,187,2,47,72,94,83,99,0,21,42,45,36,66,2,26,30,49,47,33
2018_1,도봉로67길,6,3,3,0,1,0,3,1,1,0,0,0,2,0,1,0,1,0,1,1,0
2018_1,도봉로45길,115,70,45,0,5,14,36,22,38,0,1,12,21,13,23,0,4,2,15,9,15
2018_1,도봉로18길,374,178,196,0,32,69,107,102,64,0,13,42,49,45,29,0,19,27,58,57,35
2018_1,도봉로13길,35,9,26,0,2,3,9,15,6,0,0,1,2,3,3,0,2,2,7,12,3
2018_1,덕릉로41길,792,625,167,0,91,251,194,212,44,0,59,211,164,171,20,0,32,40,30,41,24
2018_1,덕릉로40길,895,692,203,1,68,91,238,335,162,1,44,54,190,284,119,0,24,37,48,51,43
2018_1,노해로33길,34,13,21,0,11,6,10,6,1,0,1,3,4,4,1,0,10,3,6,2,0
2018_1,노해로17길,239,69,170,0,29,29,45,80,56,0,8,18,17,17,9,0,21,11,28,63,47
2018_1,화랑로40길,172,96,76,1,23,39,39,50,20,1,7,17,24,32,15,0,16,22,15,18,5
2018_1,화랑로32길,471,349,122,6,81,163,138,65,18,0,39,134,104,57,15,6,42,29,34,8,3
2018_1,화랑로1길,159,85,74,0,16,35,34,61,13,0,5,21,17,38,4,0,11,14,17,23,9
2018_1,화랑로19길,498,267,231,0,54,106,165,118,55,0,26,45,99,62,35,0,28,61,66,56,20
2018_1,화랑로14길,43,20,23,0,3,7,20,9,4,0,1,2,10,5,2,0,2,5,10,4,2
2018_1,화랑로13길,86,44,42,0,10,25,28,20,3,0,4,10,15,12,3,0,6,15,13,8,0
2018_1,한천로76길,129,73,56,0,7,24,38,32,28,0,4,17,23,17,12,0,3,7,15,15,16
2018_1,한천로101가길,37,23,14,0,3,7,9,12,6,0,1,5,6,7,4,0,2,2,3,5,2
2018_1,창경궁로43길,37,23,14,0,6,10,11,8,2,0,3,6,8,5,1,0,3,4,3,3,1
2018_1,지봉로20길,98,58,40,0,8,15,25,34,16,0,4,8,13,20,13,0,4,7,12,14,3
2018_1,종암로5길,117,80,37,0,10,30,35,26,16,0,7,24,25,15,9,0,3,6,10,11,7
2018_1,종암로24가길,303,143,160,4,55,69,74,74,27,0,21,28,32,44,18,4,34,41,42,30,9
2018_1,종암로21길,258,48,210,0,14,33,66,97,48,0,4,6,19,15,4,0,10,27,47,82,44
2018_1,종암로19길,391,119,272,2,84,65,89,106,45,1,18,33,32,19,16,1,66,32,57,87,29
2018_1,종암로16길,86,40,46,0,9,21,25,15,16,0,3,10,10,5,12,0,6,11,15,10,4
2018_1,정릉로8길,189,112,77,0,39,44,32,41,33,0,16,27,20,21,28,0,23,17,12,20,5
2018_1,정릉로27길,194,86,108,1,33,42,54,43,21,0,14,21,25,15,11,1,19,21,29,28,10
2018_1,장위로50길,860,479,381,4,100,89,170,256,241,3,34,48,101,139,154,1,66,41,69,117,87
2018_1,장월로1길,345,188,157,1,69,85,77,66,47,0,31,52,43,34,28,1,38,33,34,32,19
2018_1,인촌로6길,2937,1680,1257,16,325,497,670,649,780,4,134,312,358,351,521,12,191,185,312,298,259
2018_1,인촌로5길,24,2,22,0,1,2,6,12,3,0,0,0,0,1,1,0,1,2,6,11,2
2018_1,인촌로24길,216,146,70,0,46,79,49,26,16,0,29,68,33,10,6,0,17,11,16,16,10
2018_1,개운사길,3612,2193,1419,5,431,1099,1014,769,294,2,163,531,677,593,227,3,268,568,337,176,67
2018_1,인촌로1길,154,105,49,0,15,44,44,33,18,0,6,29,32,24,14,0,9,15,12,9,4
2018_1,인촌로17가길,3260,1162,2098,0,896,1137,735,419,73,0,156,364,351,233,58,0,740,773,384,186,15
2018_1,오패산로4길,651,204,447,1,123,131,156,143,97,1,32,51,48,37,35,0,91,80,108,106,62
2018_1,오패산로3길,1230,713,517,7,247,289,331,254,102,2,106,171,227,146,61,5,141,118,104,108,41
2018_1,오패산로19길,42,17,25,0,5,16,15,4,2,0,0,8,7,1,1,0,5,8,8,3,1
2018_1,안암로5길,616,385,231,1,92,144,177,128,74,1,33,82,116,95,58,0,59,62,61,33,16
2018_1,아리랑로4길,562,213,349,6,44,89,138,170,115,2,11,30,51,61,58,4,33,59,87,109,57
2018_1,솔샘로6길,157,72,85,0,35,43,39,27,13,0,12,23,22,8,7,0,23,20,17,19,6
2018_1,성북로8길,53,21,32,0,16,15,11,7,4,0,6,4,7,2,2,0,10,11,4,5,2
2018_1,삼양로8길,77,51,26,1,19,15,20,17,5,0,11,10,13,12,5,1,8,5,7,5,0
2018_1,삼선교로16가길,715,409,306,0,175,123,155,193,69,0,82,56,105,120,46,0,93,67,50,73,23
2018_1,삼선교로10다길,100,44,56,0,16,20,23,25,16,0,1,16,11,11,5,0,15,4,12,14,11
2018_1,삼선교로10길,280,126,154,4,35,58,86,63,34,1,13,26,34,34,18,3,22,32,52,29,16
2018_1,보문로32길,1000,407,593,0,293,173,261,193,80,0,23,83,137,119,45,0,270,90,124,74,35
2018_1,보문로31길,706,291,415,1,124,168,185,136,92,0,47,76,79,49,40,1,77,92,106,87,52
2018_1,보문로13길,824,511,313,1,11,24,53,116,619,0,4,9,24,46,428,1,7,15,29,70,191
2018_1,보국문로16길,371,247,124,0,18,51,79,125,98,0,9,31,47,96,64,0,9,20,32,29,34
2018_1,동소문로26가길,217,99,118,2,38,43,49,44,41,1,9,23,26,23,17,1,29,20,23,21,24
2018_1,동소문로15길,120,51,69,0,27,38,42,9,4,0,6,20,21,2,2,0,21,18,21,7,2
2018_1,동소문로13길,432,224,208,2,85,102,115,64,64,1,26,56,67,32,42,1,59,46,48,32,22
2018_1,돌곶이로8길,190,92,98,2,21,51,57,40,19,0,6,19,32,24,11,2,15,32,25,16,8
2018_1,돌곶이로41길,47,22,25,0,3,12,14,13,5,0,0,8,6,7,1,0,3,4,8,6,4
2018_1,돌곶이로28길,223,137,86,0,41,68,68,30,16,0,20,52,40,15,10,0,21,16,28,15,6
2018_1,돌곶이로27길,75,40,35,0,5,12,16,31,11,0,2,5,7,18,8,0,3,7,9,13,3
2018_1,돌곶이로22길,125,62,63,0,16,24,33,34,18,0,1,12,18,17,14,0,15,12,15,17,4
2018_1,길음로7길,8,5,3,0,0,2,4,0,2,0,0,1,3,0,1,0,0,1,1,0,1
2018_1,중랑천로10길,766,392,374,12,186,161,205,124,78,10,78,73,114,68,49,2,108,88,91,56,29
2018_1,용마산로94길,441,270,171,0,90,43,132,122,54,0,45,22,77,82,44,0,45,21,55,40,10
2018_1,용마산로118길,565,284,281,0,79,131,167,114,74,0,28,67,78,60,51,0,51,64,89,54,23
2018_1,용마산로112길,326,132,194,1,43,50,62,90,80,0,12,26,22,36,36,1,31,24,40,54,44
2018_1,용마산로100길,425,294,131,0,28,45,72,141,139,0,6,16,40,107,125,0,22,29,32,34,14
2018_1,신내로7가길,266,66,200,0,36,53,84,64,29,0,5,11,19,19,12,0,31,42,65,45,17
2018_1,사가정로54길,119,35,84,0,27,24,28,27,13,0,5,4,7,10,9,0,22,20,21,17,4
2018_1,사가정로42길,86,24,62,0,4,11,17,30,24,0,0,1,5,9,9,0,4,10,12,21,15
2018_1,봉화산로56길,578,155,423,2,75,84,129,194,94,1,26,40,32,36,20,1,49,44,97,158,74
2018_1,봉화산로4길,386,135,251,1,30,48,105,145,57,1,12,21,36,39,26,0,18,27,69,106,31
2018_1,봉화산로30길,326,196,130,0,25,47,91,99,64,0,9,23,48,65,51,0,16,24,43,34,13
2018_1,봉우재로33길,96,37,59,0,26,20,21,19,10,0,14,5,7,4,7,0,12,15,14,15,3
2018_1,면목로78길,270,151,119,0,29,40,87,76,38,0,8,29,45,38,31,0,21,11,42,38,7
2018_1,면목로56길,213,162,51,0,10,29,42,80,52,0,3,10,29,70,50,0,7,19,13,10,2
2018_1,면목로55길,354,107,247,0,35,67,96,113,43,0,5,22,35,28,17,0,30,45,61,85,26
2018_1,면목로49길,530,173,357,0,169,182,113,50,16,0,23,66,49,26,9,0,146,116,64,24,7
2018_1,면목로48길,114,54,60,3,16,22,34,25,14,3,8,13,15,10,5,0,8,9,19,15,9
2018_1,면목로45길,60,26,34,0,8,17,18,9,8,0,2,5,9,4,6,0,6,12,9,5,2
2018_1,면목로33길,379,149,230,1,50,91,106,92,39,0,11,34,44,34,26,1,39,57,62,58,13
2018_1,면목로21길,31,25,6,0,4,3,13,10,1,0,3,3,9,9,1,0,1,0,4,1,0
2018_1,망우로73길,8,4,4,0,0,0,5,2,1,0,0,0,2,1,1,0,0,0,3,1,0
2018_1,망우로68길,86,32,54,1,16,17,27,17,8,0,0,6,8,13,5,1,16,11,19,4,3
2018_1,동일로163길,93,60,33,0,14,21,34,16,8,0,6,18,19,13,4,0,8,3,15,3,4
2018_1,동일로157길,221,120,101,1,37,53,60,49,21,1,9,32,35,30,13,0,28,21,25,19,8
2018_1,동일로149길,1140,842,298,1,172,327,293,291,56,1,117,229,219,235,41,0,55,98,74,56,15
2018_1,동일로140길,208,80,128,0,19,50,54,63,22,0,7,20,22,22,9,0,12,30,32,41,13
2018_1,동일로139길,68,40,28,1,7,12,23,16,9,1,2,8,13,13,3,0,5,4,10,3,6
2018_1,동일로139가길,1149,666,483,1,96,214,221,183,434,1,40,115,128,74,308,0,56,99,93,109,126
2018_1,동일로130길,95,21,74,0,8,21,35,24,7,0,1,6,4,5,5,0,7,15,31,19,2
2018_1,동일로123길,172,90,82,1,21,35,55,36,24,1,8,21,26,21,13,0,13,14,29,15,11
2018_1,동일로112길,157,65,92,0,13,25,45,43,31,0,3,10,10,23,19,0,10,15,35,20,12
2018_1,동일로101길,273,109,164,0,32,52,68,82,39,0,9,18,35,28,19,0,23,34,33,54,20
2018_1,동일로100길,83,38,45,0,4,9,5,19,46,0,2,5,3,7,21,0,2,4,2,12,25
2018_1,답십리로75길,96,47,49,0,13,15,38,18,12,0,2,6,20,13,6,0,11,9,18,5,6
2018_1,공릉로2길,649,302,347,4,87,151,162,156,89,1,26,70,75,78,52,3,61,81,87,78,37
2018_1,공릉로12가길,29,19,10,0,4,4,7,6,8,0,1,4,4,4,6,0,3,0,3,2,2
2018_1,겸재로54길,122,53,69,0,4,23,29,46,20,0,2,12,14,14,11,0,2,11,15,32,9
2018_1,겸재로36길,239,197,42,0,12,19,50,85,73,0,6,13,41,67,70,0,6,6,9,18,3
2018_1,겸재로29길,424,171,253,1,50,81,133,109,50,0,8,33,52,54,24,1,42,48,81,55,26
2018_1,휘경로3길,207,99,108,3,44,49,58,39,14,2,13,23,34,18,9,1,31,26,24,21,5
2018_1,휘경로2길,7,2,5,0,3,1,2,1,0,0,0,0,1,1,0,0,3,1,1,0,0
2018_1,휘경로23길,19,4,15,0,3,3,11,2,0,0,1,2,1,0,0,0,2,1,10,2,0
2018_1,휘경로14길,103,42,61,1,4,3,17,24,54,1,2,1,8,9,21,0,2,2,9,15,33
2018_1,한천로46길,363,110,253,2,42,58,118,95,48,2,8,20,27,30,23,0,34,38,91,65,25
2018_1,한천로40길,305,151,154,0,27,46,79,112,41,0,13,28,34,54,22,0,14,18,45,58,19
2018_1,한천로33길,80,36,44,0,10,25,14,17,14,0,5,14,6,9,2,0,5,11,8,8,12
2018_1,한천로14길,580,348,232,5,73,124,161,144,73,4,37,84,101,78,44,1,36,40,60,66,29
2018_1,천호대로97길,339,214,125,1,44,71,87,91,45,0,16,50,52,61,35,1,28,21,35,30,10
2018_1,천호대로77길,1994,1050,944,7,200,364,375,486,562,4,93,212,223,235,283,3,107,152,152,251,279
2018_1,천호대로45길,130,70,60,0,7,16,27,41,39,0,2,10,16,16,26,0,5,6,11,25,13
2018_1,천호대로17길,2258,1465,793,12,309,515,437,437,548,9,113,311,274,307,451,3,196,204,163,130,97
2018_1,천호대로12길,839,557,282,14,153,229,194,176,73,10,80,151,136,129,51,4,73,78,58,47,22
2018_1,천장산로7길,1496,909,587,0,110,373,470,410,133,0,40,167,284,306,112,0,70,206,186,104,21
2018_1,제기로5길,223,103,120,0,9,31,63,80,40,0,6,25,35,24,13,0,3,6,28,56,27
2018_1,제기로21길,217,140,77,0,34,34,71,60,18,0,14,16,53,47,10,0,20,18,18,13,8
2018_1,전농로4길,705,442,263,0,92,182,181,154,96,0,48,120,116,101,57,0,44,62,65,53,39
2018_1,전농로3길,73,34,39,0,16,13,22,17,5,0,5,9,12,6,2,0,11,4,10,11,3
2018_1,전농로29길,323,146,177,2,39,89,106,63,24,1,15,44,44,24,18,1,24,45,62,39,6
2018_1,장한로8길,802,464,338,2,102,153,225,223,97,0,37,72,135,136,84,2,65,81,90,87,13
2018_1,장한로5길,2968,2104,864,32,579,823,691,575,268,5,326,569,532,457,215,27,253,254,159,118,53
2018_1,장한로27길,137,39,98,0,44,31,20,23,19,0,8,11,11,3,6,0,36,20,9,20,13
2018_1,장한로27가길,435,199,236,0,33,71,107,158,66,0,11,40,54,73,21,0,22,31,53,85,45
2018_1,장한로26길,552,255,297,2,73,121,139,138,79,0,19,60,61,64,51,2,54,61,78,74,28
2018_1,장한로26가길,340,146,194,1,43,61,67,105,63,0,17,33,31,34,31,1,26,28,36,71,32
2018_1,장한로25길,1015,450,565,7,137,232,266,243,130,1,38,90,127,120,74,6,99,142,139,123,56
2018_1,장한로14길,182,151,31,0,7,23,45,59,48,0,4,14,33,53,47,0,3,9,12,6,1
2018_1,이문로42길,240,100,140,3,30,56,60,64,27,2,6,15,30,28,19,1,24,41,30,36,8
2018_1,왕산로43길,991,477,514,2,142,273,263,213,98,1,35,139,141,101,60,1,107,134,122,112,38
2018_1,왕산로33길,150,99,51,0,6,21,41,42,40,0,6,16,32,19,26,0,0,5,9,23,14
2018_1,왕산로32길,9,7,2,0,0,1,2,2,4,0,0,1,1,2,3,0,0,0,1,0,1
2018_1,약령시로17길,295,130,165,2,31,53,59,78,72,1,13,26,32,35,23,1,18,27,27,43,49
2018_1,서울시립대로4길,619,322,297,2,134,97,134,157,95,1,78,58,70,72,43,1,56,39,64,85,52
2018_1,서울시립대로29길,237,128,109,2,20,38,68,63,46,1,7,25,36,32,27,1,13,13,32,31,19
2018_1,서울시립대로16길,131,32,99,0,23,28,40,26,14,0,3,6,11,9,3,0,20,22,29,17,11
2018_1,사가정로2길,83,67,16,0,9,21,24,11,18,0,8,18,21,7,13,0,1,3,3,4,5
2018_1,사가정로23가길,97,60,37,0,23,27,20,12,15,0,12,19,10,9,10,0,11,8,10,3,5
2018_1,사가정로13길,269,82,187,0,35,87,74,51,22,0,6,21,28,13,14,0,29,66,46,38,8
2018_1,무학로45길,354,211,143,1,50,88,94,66,55,0,23,49,62,42,35,1,27,39,32,24,20
2018_1,무학로16길,1175,1078,97,1,87,240,397,286,164,0,65,212,369,273,159,1,22,28,28,13,5
2018_1,망우로21길,198,111,87,0,30,33,37,44,54,0,10,16,18,26,41,0,20,17,19,18,13
2018_1,망우로18길,373,127,246,3,104,101,97,50,18,2,20,24,47,23,11,1,84,77,50,27,7
2018_1,망우로18가길,70,26,44,0,14,15,20,13,8,0,4,8,6,4,4,0,10,7,14,9,4
2018_1,답십리로72길,5,3,2,0,0,0,2,3,0,0,0,0,2,1,0,0,0,0,0,2,0
2018_1,답십리로69길,917,390,527,3,156,199,226,219,114,3,46,90,86,86,79,0,110,109,140,133,35
2018_1,답십리로68길,111,68,43,0,9,16,37,27,22,0,5,12,23,12,16,0,4,4,14,15,6
2018_1,답십리로64길,361,213,148,0,59,105,98,62,37,0,29,59,68,35,22,0,30,46,30,27,15
2018_1,답십리로63길,80,45,35,0,11,24,10,28,7,0,5,14,3,17,6,0,6,10,7,11,1
2018_1,답십리로60길,12,6,6,0,1,0,5,4,2,0,0,0,3,2,1,0,1,0,2,2,1
2018_1,답십리로56길,5,5,0,0,0,3,2,0,0,0,0,3,2,0,0,0,0,0,0,0,0
2018_1,답십리로23길,3,2,1,0,0,0,0,3,0,0,0,0,0,2,0,0,0,0,0,1,0
2018_1,난계로30길,126,89,37,0,13,22,31,37,23,0,5,16,23,24,21,0,8,6,8,13,2
2018_1,경희대로3길,274,179,95,1,59,108,60,36,10,0,22,71,49,29,8,1,37,37,11,7,2
2018_1,천호대로129길,251,85,166,2,37,44,78,65,25,2,10,13,28,19,13,0,27,31,50,46,12
2018_1,천호대로123길,274,108,166,1,31,48,58,96,40,0,7,21,21,40,19,1,24,27,37,56,21
2018_1,천호대로109길,1147,618,529,1,193,319,294,225,115,0,90,185,145,120,78,1,103,134,149,105,37
2018_1,자양번영로3길,88,33,55,0,5,10,29,32,12,0,3,3,10,10,7,0,2,7,19,22,5
2018_1,자양로53길,2,0,2,0,1,0,0,1,0,0,0,0,0,0,0,0,1,0,0,1,0
2018_1,자양로50길,19,6,13,0,4,3,4,4,4,0,1,1,0,2,2,0,3,2,4,2,2
2018_1,자양로45길,580,301,279,5,94,147,170,107,57,2,33,80,103,50,33,3,61,67,67,57,24
2018_1,자양로26길,320,116,204,0,33,76,87,72,52,0,6,21,40,28,21,0,27,55,47,44,31
2018_1,자양로15길,326,222,104,0,24,90,69,76,67,0,9,53,43,59,58,0,15,37,26,17,9
2018_1,자양로11길,1400,684,716,12,277,296,354,286,175,4,76,136,204,159,105,8,201,160,150,127,70
2018_1,용마산로3길,942,529,413,2,126,218,240,226,130,0,64,124,123,121,97,2,62,94,117,105,33
2018_1,용마산로21길,156,64,92,0,29,27,40,47,13,0,9,7,16,22,10,0,20,20,24,25,3
2018_1,아차산로78길,2703,1387,1316,9,513,826,623,467,265,5,144,456,398,225,159,4,369,370,225,242,106
2018_1,아차산로65길,731,490,241,2,99,179,218,167,66,2,39,124,147,125,53,0,60,55,71,42,13
2018_1,아차산로55길,340,191,149,0,39,74,87,90,50,0,22,36,52,49,32,0,17,38,35,41,18
2018_1,아차산로51길,249,147,102,1,30,64,83,44,27,1,15,36,55,23,17,0,15,28,28,21,10
2018_1,아차산로40길,544,296,248,5,109,121,130,104,75,2,45,62,67,58,62,3,64,59,63,46,13
2018_1,면목로17길,256,162,94,3,46,42,68,57,40,1,20,19,46,44,32,2,26,23,22,13,8
2018_1,뚝섬로64길,327,177,150,0,39,69,69,81,69,0,18,27,35,41,56,0,21,42,34,40,13
2018_1,뚝섬로58길,193,63,130,0,11,40,61,61,20,0,2,9,16,25,11,0,9,31,45,36,9
2018_1,뚝섬로54길,194,131,63,0,19,39,68,46,22,0,10,26,43,37,15,0,9,13,25,9,7
2018_1,뚝섬로48길,864,396,468,6,120,189,230,202,117,6,49,87,101,84,69,0,71,102,129,118,48
2018_1,뚝섬로24길,90,28,62,0,10,13,22,39,6,0,3,4,3,13,5,0,7,9,19,26,1
2018_1,뚝섬로23길,122,71,51,0,10,25,33,35,19,0,1,15,15,24,16,0,9,10,18,11,3
2018_1,동일로24길,14,4,10,0,3,4,3,3,1,0,1,1,1,0,1,0,2,3,2,3,0
2018_1,동일로18길,194,76,118,1,38,35,58,41,21,0,13,12,22,16,13,1,25,23,36,25,8
2018_1,능동로4길,239,104,135,0,44,44,53,58,40,0,14,13,26,27,24,0,30,31,27,31,16
2018_1,능동로3길,202,92,110,0,30,30,50,46,46,0,14,15,19,17,27,0,16,15,31,29,19
2018_1,능동로34길,978,522,456,2,122,218,239,238,159,2,54,124,126,103,113,0,68,94,113,135,46
2018_1,능동로19길,312,196,116,1,43,80,77,72,39,1,28,55,47,35,30,0,15,25,30,37,9
2018_1,능동로13길,374,123,251,1,45,74,81,95,78,0,12,27,34,27,23,1,33,47,47,68,55
2018_1,긴고랑로9길,52,26,26,1,7,17,13,7,7,0,3,11,7,3,2,1,4,6,6,4,5
2018_1,긴고랑로8길,223,179,44,0,7,22,43,74,77,0,2,15,30,61,71,0,5,7,13,13,6
2018_1,긴고랑로7길,517,259,258,1,43,119,157,140,57,0,13,67,76,72,31,1,30,52,81,68,26
2018_1,긴고랑로20길,566,273,293,0,63,130,172,125,76,0,16,72,82,63,40,0,47,58,90,62,36
2018_1,광나루로52길,1975,977,998,19,255,299,254,426,722,13,145,157,130,180,352,6,110,142,124,246,370
2018_1,광나루로40길,125,57,68,1,18,28,27,24,27,0,2,13,18,13,11,1,16,15,9,11,16
2018_1,광나루로37길,259,142,117,0,37,62,75,54,31,0,13,29,41,35,24,0,24,33,34,19,7
2018_1,광나루로36길,51,31,20,0,6,18,12,12,3,0,2,13,9,6,1,0,4,5,3,6,2
2018_1,광나루로24길,61,37,24,0,14,18,10,9,10,0,8,11,6,6,6,0,6,7,4,3,4
2018_1,광나루로12길,1001,552,449,7,192,267,263,188,84,7,91,170,140,85,59,0,101,97,123,103,25
2018_1,한림말길,59,33,26,1,6,12,23,10,7,0,2,4,16,6,5,1,4,8,7,4,2
2018_1,청계천로10나길,1805,1063,742,11,250,496,427,381,240,5,137,322,281,177,141,6,113,174,146,204,99
2018_1,장터길,41,13,28,0,10,12,4,8,7,0,1,3,2,3,4,0,9,9,2,5,3
2018_1,용답중앙길,97,51,46,0,6,25,29,20,17,0,5,13,19,9,5,0,1,12,10,11,12
2018_1,용답29길,1699,905,794,5,189,326,492,387,300,4,104,188,211,204,194,1,85,138,281,183,106
2018_1,왕십리로6길,1421,780,641,6,181,385,400,331,118,5,79,225,204,183,84,1,102,160,196,148,34
2018_1,왕십리로31길,107,52,55,0,8,26,27,22,24,0,3,6,11,13,19,0,5,20,16,9,5
2018_1,왕십리로26길,3861,2479,1382,11,835,844,956,754,461,5,320,595,717,529,313,6,515,249,239,225,148
2018_1,왕십리로21길,172,56,116,2,29,41,39,41,20,1,4,7,14,21,9,1,25,34,25,20,11
2018_1,왕십리로14길,2853,2023,830,9,329,535,697,789,494,6,173,386,518,540,400,3,156,149,179,249,94
2018_1,아차산로5길,2228,1463,765,21,317,540,631,501,218,20,172,375,411,329,156,1,145,165,220,172,62
2018_1,아차산로15길,4349,3090,1259,18,738,1174,1161,826,432,9,418,846,851,593,373,9,320,328,310,233,59
2018_1,아차산로11길,3643,2378,1265,23,615,922,953,765,365,17,319,646,655,468,273,6,296,276,298,297,92
2018_1,송정4가길,1069,469,600,5,168,326,299,162,109,3,51,151,135,66,63,2,117,175,164,96,46
2018_1,송정12라길,298,186,112,0,36,74,75,64,49,0,10,43,42,48,43,0,26,31,33,16,6
2018_1,성수일로6길,2718,1665,1053,19,468,745,656,493,337,11,202,455,457,330,210,8,266,290,199,163,127
2018_1,성수이로7길,528,308,220,1,76,122,113,82,134,0,41,73,81,53,60,1,35,49,32,29,74
2018_1,성수이로18길,2450,1749,701,24,324,629,708,585,180,20,179,446,529,429,146,4,145,183,179,156,34
2018_1,성덕정길,879,484,395,13,160,215,225,194,72,1,40,126,131,128,58,12,120,89,94,66,14
2018_1,성덕정17길,233,126,107,1,27,50,48,70,37,0,11,27,25,38,25,1,16,23,23,32,12
2018_1,서울숲2길,1212,679,533,5,152,258,314,297,186,0,54,145,181,163,136,5,98,113,133,134,50
2018_1,상원길,1491,966,525,6,211,426,455,258,135,3,87,289,319,180,88,3,124,137,136,78,47
2018_1,상원12길,175,104,71,3,35,34,51,36,16,0,14,24,32,21,13,3,21,10,19,15,3
2018_1,사근동길,28,17,11,0,3,11,9,2,3,0,2,4,6,2,3,0,1,7,3,0,0
2018_1,무학봉길,9,6,3,0,0,3,3,2,1,0,0,1,3,1,1,0,0,2,0,1,0
2018_1,무학봉28길,136,59,77,1,17,25,40,34,19,0,4,6,17,20,12,1,13,19,23,14,7
2018_1,무학로6길,383,217,166,2,42,67,107,96,69,1,19,45,59,55,38,1,23,22,48,41,31
2018_1,무수막길,134,55,79,0,32,26,28,33,15,0,7,15,10,14,9,0,25,11,18,19,6
2018_1,매봉길,9,6,3,0,1,1,2,2,3,0,1,1,0,2,2,0,0,0,2,0,1
2018_1,마조로1길,213,79,134,0,31,49,68,53,12,0,9,17,25,18,10,0,22,32,43,35,2
2018_1,마조로16길,812,567,245,3,78,145,215,245,126,2,33,92,153,179,108,1,45,53,62,66,18
2018_1,마장로39길,115,45,70,2,13,16,38,41,5,2,8,8,18,7,2,0,5,8,20,34,3
2018_1,마장로27길,84,25,59,0,15,21,24,19,5,0,2,4,5,10,4,0,13,17,19,9,1
2018_1,둘레9길,390,229,161,0,48,96,114,91,41,0,28,50,66,53,32,0,20,46,48,38,9
2018_1,금호산길,427,156,271,0,69,101,108,102,47,0,23,38,32,38,25,0,46,63,76,64,22
2018_1,금호산2길,33,12,21,0,4,6,13,6,4,0,0,3,2,4,3,0,4,3,11,2,1
2018_1,고산자로6길,9672,3415,6257,32,882,1733,3205,3381,439,23,505,1121,921,497,348,9,377,612,2284,2884,91
2018_1,후암로28길,201,89,112,0,45,37,55,52,12,0,12,15,31,22,9,0,33,22,24,30,3
2018_1,효창원로39길,46,29,17,0,5,12,16,11,2,0,2,10,11,5,1,0,3,2,5,6,1
2018_1,회나무로13길,71,33,38,0,26,23,9,11,2,0,11,10,7,3,2,0,15,13,2,8,0
2018_1,한남대로20길,732,422,310,2,158,237,184,84,67,2,65,143,109,56,47,0,93,94,75,28,20
2018_1,한강대로7길,529,357,172,8,66,92,107,87,169,7,42,66,86,61,95,1,24,26,21,26,74
2018_1,한강대로62길,748,507,241,1,132,170,169,176,100,0,87,122,122,105,71,1,45,48,47,71,29
2018_1,한강대로52길,1107,708,399,2,237,358,251,163,96,0,96,223,182,129,78,2,141,135,69,34,18
2018_1,한강대로43길,5982,3756,2226,10,977,1501,1622,1197,675,2,441,964,1136,762,451,8,536,537,486,435,224
2018_1,한강대로15길,1553,338,1215,20,754,518,126,83,52,3,66,103,65,63,38,17,688,415,61,20,14
2018_1,한강대로104길,10716,3983,6733,241,6103,2023,1265,598,486,15,937,1303,971,449,308,226,5166,720,294,149,178
2018_1,청파로73길,1179,631,548,2,150,335,335,230,127,0,65,141,157,154,114,2,85,194,178,76,13
2018_1,청파로71길,236,115,121,0,29,49,76,65,17,0,6,21,29,46,13,0,23,28,47,19,4
2018_1,청파로47나길,174,100,74,0,37,41,42,26,28,0,14,26,28,14,18,0,23,15,14,12,10
2018_1,청파로47길,929,415,514,5,140,240,236,210,98,0,58,103,108,89,57,5,82,137,128,121,41
2018_1,장문로45길,49,9,40,0,7,15,10,12,5,0,1,3,2,3,0,0,6,12,8,9,5
2018_1,이태원로54길,2379,1142,1237,43,665,711,530,349,81,19,321,452,230,72,48,24,344,259,300,277,33
2018_1,이태원로27길,653,367,286,7,286,165,81,66,48,3,155,109,39,37,24,4,131,56,42,29,24
2018_1,이촌로22길,222,131,91,0,28,44,59,52,39,0,13,22,34,33,29,0,15,22,25,19,10
2018_1,원효로89길,913,746,167,8,168,357,207,137,36,6,113,295,178,124,30,2,55,62,29,13,6
2018_1,원효로53길,818,496,322,1,108,218,234,156,101,1,45,142,152,95,61,0,63,76,82,61,40
2018_1,원효로41길,1379,934,445,14,220,465,368,209,103,9,128,337,276,118,66,5,92,128,92,91,37
2018_1,원효로19길,1000,697,303,1,145,352,285,132,85,0,79,261,214,87,56,1,66,91,71,45,29
2018_1,우사단로4길,189,127,62,0,21,25,41,59,43,0,5,10,24,50,38,0,16,15,17,9,5
2018_1,우사단로14길,1836,887,949,1,316,825,479,147,68,0,72,380,328,87,20,1,244,445,151,60,48
2018_1,우사단로10길,88,42,46,0,17,22,15,23,11,0,4,11,5,15,7,0,13,11,10,8,4
2018_1,신흥로20길,197,78,119,0,38,53,63,24,19,0,14,19,25,6,14,0,24,34,38,18,5
2018_1,소월로20길,134,42,92,2,26,28,38,26,14,1,4,7,6,13,11,1,22,21,32,13,3
2018_1,서빙고로71길,472,287,185,0,51,114,121,107,79,0,18,55,56,89,69,0,33,59,65,18,10
2018_1,백범로90길,280,172,108,0,24,54,81,70,51,0,15,31,48,45,33,0,9,23,33,25,18
2018_1,백범로79길,753,486,267,1,105,201,196,141,109,1,44,123,147,93,78,0,61,78,49,48,31
2018_1,두텁바위로1길,2663,1432,1231,24,574,730,685,422,228,7,217,360,382,289,177,17,357,370,303,133,51
2018_1,대사관로34길,271,144,127,0,38,73,69,56,35,0,17,41,33,32,21,0,21,32,36,24,14
2018_1,녹사평대로46길,75,50,25,0,29,30,10,5,1,0,19,22,5,3,1,0,10,8,5,2,0
2018_1,녹사평대로40나길,62,31,31,1,24,13,10,10,4,1,11,7,4,4,4,0,13,6,6,6,0
2018_1,녹사평대로32길,293,154,139,1,58,72,65,45,52,0,33,37,29,19,36,1,25,35,36,26,16
2018_1,녹사평대로26길,2231,1171,1060,6,243,572,561,608,241,3,74,225,269,434,166,3,169,347,292,174,75
2018_1,녹사평대로11길,283,186,97,0,44,81,96,48,14,0,27,45,68,35,11,0,17,36,28,13,3
2018_1,퇴계로90길,596,211,385,3,84,137,135,156,81,3,26,43,55,47,37,0,58,94,80,109,44
2018_1,퇴계로8길,2348,1328,1020,6,425,789,589,324,215,1,128,448,374,215,162,5,297,341,215,109,53
2018_1,퇴계로56길,1234,994,240,4,126,412,348,208,136,2,81,343,304,159,105,2,45,69,44,49,31
2018_1,퇴계로46길,1943,844,1099,6,350,544,492,391,160,1,65,179,210,263,126,5,285,365,282,128,34
2018_1,퇴계로18길,3016,1334,1682,12,610,776,681,576,361,2,198,412,342,211,169,10,412,364,339,365,192
2018_1,퇴계로12길,1102,470,632,6,235,292,208,245,116,1,50,106,103,139,71,5,185,186,105,106,45
2018_1,청구로1길,231,93,138,0,63,47,58,51,12,0,15,26,25,20,7,0,48,21,33,31,5
2018_1,청구로17길,1696,785,911,2,420,613,346,207,108,0,75,268,193,159,90,2,345,345,153,48,18
2018_1,장충단로8길,3378,1290,2088,56,1325,797,559,335,306,17,322,324,287,180,160,39,1003,473,272,155,146
2018_1,삼일대로4길,1005,611,394,7,168,293,242,159,136,0,63,171,171,103,103,7,105,122,71,56,33
2018_1,명동길,35854,17667,18187,122,5579,13477,10320,5198,1158,35,1853,5957,5519,3519,784,87,3726,7520,4801,1679,374
2018_1,동호로20길,812,313,499,11,266,230,147,109,49,4,96,77,58,47,31,7,170,153,89,62,18
2018_1,동호로15길,4140,2165,1975,37,1643,1348,738,267,107,19,604,757,534,184,67,18,1039,591,204,83,40
2018_1,동호로11길,17,9,8,0,1,1,8,5,2,0,0,0,5,3,1,0,1,1,3,2,1
2018_1,동호로10길,1533,661,872,12,340,406,341,305,129,4,79,183,179,153,63,8,261,223,162,152,66
2018_1,다산로39길,1312,715,597,2,163,279,337,360,171,0,73,185,180,192,85,2,90,94,157,168,86
2018_1,다산로38길,1556,741,815,14,500,436,316,195,95,4,166,217,176,117,61,10,334,219,140,78,34
2018_1,다산로36길,74,44,30,0,16,16,16,20,6,0,9,9,9,13,4,0,7,7,7,7,2
2018_1,다산로33길,376,197,179,4,79,73,101,83,36,1,39,40,55,39,23,3,40,33,46,44,13
2018_1,난계로21길,253,168,85,1,35,47,90,65,15,0,17,29,68,42,12,1,18,18,22,23,3
2018_1,난계로11길,1745,1054,691,4,362,434,373,336,236,0,191,269,247,190,157,4,171,165,126,146,79
2018_1,필운대로1길,4,1,3,0,0,4,0,0,0,0,0,1,0,0,0,0,0,3,0,0,0
2018_1,평창길,179,92,87,0,27,41,43,44,24,0,10,22,28,17,15,0,17,19,15,27,9
2018_1,통일로12길,240,97,143,1,21,53,70,80,15,0,4,16,32,36,9,1,17,37,38,44,6
2018_1,창신길,287,75,212,1,39,35,48,96,68,0,9,15,16,23,12,1,30,20,32,73,56
2018_1,창신5길,8,3,5,0,0,1,3,2,2,0,0,0,1,1,1,0,0,1,2,1,1
2018_1,창신2길,58,27,31,0,2,6,12,30,8,0,0,5,5,13,4,0,2,1,7,17,4
2018_1,창경궁로35길,1277,365,912,10,356,317,377,173,44,2,41,90,124,78,30,8,315,227,253,95,14
2018_1,지봉로8길,184,99,85,0,28,42,57,45,12,0,9,26,26,30,8,0,19,16,31,15,4
2018_1,종로65길,575,256,319,3,59,104,158,134,117,2,25,44,72,48,65,1,34,60,86,86,52
2018_1,자하문로7길,578,366,212,0,112,175,159,72,60,0,70,105,100,46,45,0,42,70,59,26,15
2018_1,이화장길,1886,868,1018,0,304,539,521,395,127,0,79,193,273,251,72,0,225,346,248,144,55
2018_1,율곡로16길,104,91,13,0,11,32,24,27,10,0,7,31,23,23,7,0,4,1,1,4,3
2018_1,율곡로10길,2236,1625,611,7,314,711,653,345,206,4,172,535,513,244,157,3,142,176,140,101,49
2018_1,옥인길,497,216,281,0,98,126,133,116,24,0,29,46,73,57,11,0,69,80,60,59,13
2018_1,숭인동길,23,6,17,0,3,0,6,8,6,0,0,0,3,3,0,0,3,0,3,5,6
2018_1,성균관로5길,146,91,55,0,9,8,11,22,96,0,4,5,4,8,70,0,5,3,7,14,26
2018_1,삼청로5길,471,178,293,0,131,127,102,68,43,0,29,53,46,29,21,0,102,74,56,39,22
2018_1,북촌로5나길,1643,1117,526,0,143,505,572,367,56,0,63,335,415,274,30,0,80,170,157,93,26
2018_1,북촌로5길,61,27,34,0,8,17,8,16,12,0,2,11,3,5,6,0,6,6,5,11,6
2018_1,북촌로11길,19,10,9,0,6,4,2,3,4,0,1,2,1,3,3,0,5,2,1,0,1
2018_1,백석동길,128,69,59,1,24,32,24,25,22,0,7,12,16,16,18,1,17,20,8,9,4
2018_1,명륜길,20,11,9,0,6,9,3,1,1,0,3,6,2,0,0,0,3,3,1,1,1
2018_1,돈화문로11가길,1073,590,483,0,177,275,269,211,141,0,55,131,168,131,105,0,122,144,101,80,36
2018_1,계동길,831,366,465,1,175,258,187,153,57,0,50,100,90,85,41,1,125,158,97,68,16
2017_4,강남 마이스 관광특구,22435,12791,9644,225,5849,7720,5441,2475,725,75,1951,4404,3888,1947,526,150,3898,3316,1553,528,199
2017_4,잠실 관광특구,29135,16836,12299,361,5804,7326,6484,6020,3140,126,2894,4660,3819,3402,1935,235,2910,2666,2665,2618,1205
2017_4,종로·청계 관광특구,31373,18799,12574,82,4725,9417,8627,6423,2099,30,1828,5045,5885,4707,1304,52,2897,4372,2742,1716,795
2017_4,동대문패션타운 관광특구,10146,5690,4456,62,2452,3162,2222,1467,781,22,1279,1806,1305,807,471,40,1173,1356,917,660,310
2017_4,명동 남대문 북창동 다동 무교동 관광특구,163479,80965,82514,1132,37802,53748,43149,21543,6105,289,11644,24814,25724,14440,4054,843,26158,28934,17425,7103,2051
2017_4,이태원 관광특구,6036,3295,2741,86,1620,1684,1144,986,516,38,768,950,603,619,317,48,852,734,541,367,199
2017_4,길동복조리시장,448,301,147,1,48,92,142,101,64,1,31,64,90,66,49,0,17,28,52,35,15
2017_4,둔촌역전통시장,169,81,88,1,13,34,36,56,29,0,3,13,17,28,20,1,10,21,19,28,9
2017_4,성내골목시장,7,2,5,0,0,1,4,1,1,0,0,1,1,0,0,0,0,0,3,1,1
2017_4,천호시장,19,10,9,0,2,9,4,4,0,0,1,7,0,2,0,0,1,2,4,2,0
2017_4,암사종합시장,758,366,392,1,33,65,85,110,464,1,16,38,45,39,227,0,17,27,40,71,237
2017_4,고덕전통시장,384,371,13,0,0,12,47,139,186,0,0,9,41,136,185,0,0,3,6,3,1
2017_4,명일골목시장,461,166,295,0,14,24,67,134,222,0,7,13,16,23,107,0,7,11,51,111,115
2017_4,새마을시장,362,201,161,1,48,78,107,78,50,0,30,53,57,30,31,1,18,25,50,48,19
2017_4,석촌시장,173,108,65,0,20,25,55,42,31,0,12,16,33,23,24,0,8,9,22,19,7
2017_4,방이시장,643,400,243,1,94,198,164,138,48,1,69,159,109,40,22,0,25,39,55,98,26
2017_4,마천시장,202,70,132,1,22,40,57,53,29,1,7,13,19,19,11,0,15,27,38,34,18
2017_4,풍납시장,22,8,14,0,4,5,4,8,1,0,1,2,2,2,1,0,3,3,2,6,0
2017_4,강남개포시장,40,33,7,0,1,1,7,13,18,0,0,1,3,11,18,0,1,0,4,2,0
2017_4,도곡시장,492,218,274,4,78,110,138,105,57,1,23,56,57,45,36,3,55,54,81,60,21
2017_4,영동전통시장,2966,2171,795,22,460,767,876,555,286,13,260,571,728,401,198,9,200,196,148,154,88
2017_4,미성동도깨비시장,419,178,241,3,61,88,141,107,19,0,16,49,64,38,11,3,45,39,77,69,8
2017_4,신신림시장,2,2,0,0,0,0,2,0,0,0,0,0,2,0,0,0,0,0,0,0,0
2017_4,삼성동시장,88,39,49,0,10,18,20,23,17,0,2,10,8,9,10,0,8,8,12,14,7
2017_4,신림중앙시장,16,10,6,0,0,4,6,2,4,0,0,2,5,1,2,0,0,2,1,1,2
2017_4,강남골목시장,279,128,151,1,34,54,76,73,41,0,19,30,30,25,24,1,15,24,46,48,17
2017_4,관악신사시장,149,76,73,0,21,31,42,41,14,0,5,18,23,22,8,0,16,13,19,19,6
2017_4,신원시장,315,116,199,0,31,54,78,84,68,0,8,27,27,30,24,0,23,27,51,54,44
2017_4,인헌시장,211,98,113,0,42,67,50,33,19,0,15,39,24,12,8,0,27,28,26,21,11
2017_4,봉천현대시장,7,4,3,0,0,0,1,2,4,0,0,0,1,1,2,0,0,0,0,1,2
2017_4,봉천제일종합시장,56,25,31,0,3,8,12,24,9,0,1,5,5,7,7,0,2,3,7,17,2
2017_4,낙성대시장,18,14,4,1,2,2,4,5,4,1,1,1,4,5,2,0,1,1,0,0,2
2017_4,중부시장,182,58,124,0,18,34,42,51,37,0,6,8,16,18,10,0,12,26,26,33,27
2017_4,남성역골목시장,545,247,298,1,75,104,134,137,94,0,24,38,65,66,54,1,51,66,69,71,40
2017_4,남성사계시장,2019,924,1095,12,271,406,452,469,409,3,78,201,248,191,203,9,193,205,204,278,206
2017_4,흑석시장,185,73,112,2,14,47,58,40,24,0,3,13,18,17,22,2,11,34,40,23,2
2017_4,상도4동도깨비골목시장,323,82,241,0,63,68,85,73,34,0,18,18,22,12,12,0,45,50,63,61,22
2017_4,영도시장,70,28,42,0,12,14,19,16,9,0,2,4,10,7,5,0,10,10,9,9,4
2017_4,본동인정시장,120,61,59,0,5,30,34,27,24,0,1,13,15,14,18,0,4,17,19,13,6
2017_4,대림중앙시장,22,10,12,0,3,5,6,5,3,0,0,2,3,2,3,0,3,3,3,3,0
2017_4,우리시장,16,8,8,0,2,2,2,9,1,0,0,1,0,6,1,0,2,1,2,3,0
2017_4,영진시장A동,49,42,7,1,2,17,6,19,4,0,2,15,5,17,3,1,0,2,1,2,1
2017_4,사러가시장,26,7,19,0,5,5,9,5,2,0,0,0,2,4,1,0,5,5,7,1,1
2017_4,영등포청과시장,191,122,69,1,21,58,56,40,15,0,8,37,42,27,8,1,13,21,14,13,7
2017_4,영등포전통시장,3892,1947,1945,22,645,1381,998,541,305,2,191,613,567,369,205,20,454,768,431,172,100
2017_4,은행나무시장,56,12,44,0,4,11,21,12,8,0,2,1,2,3,4,0,2,10,19,9,4
2017_4,현대시장,56,16,40,0,2,10,27,13,4,0,1,5,6,2,2,0,1,5,21,11,2
2017_4,남문시장,269,112,157,0,25,36,83,93,32,0,4,13,34,44,17,0,21,23,49,49,15
2017_4,독산동 우시장,147,62,85,0,13,20,60,38,16,0,8,11,16,17,10,0,5,9,44,21,6
2017_4,개봉중앙시장,7,3,4,0,0,0,2,3,2,0,0,0,1,1,1,0,0,0,1,2,1
2017_4,가리봉시장,19,15,4,0,0,2,7,5,5,0,0,1,7,3,4,0,0,1,0,2,1
2017_4,남구로시장,16,3,13,0,1,0,3,7,5,0,1,0,0,2,0,0,0,0,3,5,5
2017_4,구로시장,58,24,34,1,6,19,19,9,4,0,2,7,8,4,3,1,4,12,11,5,1
2017_4,방신전통시장,38,22,16,0,2,10,7,14,5,0,1,6,2,9,4,0,1,4,5,5,1
2017_4,송화골목시장,544,184,360,4,89,94,173,136,48,1,24,40,54,33,32,3,65,54,119,103,16
2017_4,까치산시장,43,28,15,0,4,11,18,10,0,0,2,8,12,6,0,0,2,3,6,4,0
2017_4,남부골목시장,216,88,128,1,29,42,69,51,24,0,6,15,31,25,11,1,23,27,38,26,13
2017_4,화곡중앙골목시장,2,2,0,0,0,1,0,0,1,0,0,1,0,0,1,0,0,0,0,0,0
2017_4,등마루시장,817,469,348,60,233,147,144,113,120,45,155,91,83,43,52,15,78,56,61,70,68
2017_4,신정3동골목시장,204,106,98,0,30,43,43,50,38,0,11,22,18,31,24,0,19,21,25,19,14
2017_4,신정2동골목시장,6,5,1,0,0,1,4,1,0,0,0,0,4,1,0,0,0,1,0,0,0
2017_4,신월6동골목시장,227,109,118,0,39,50,66,37,35,0,14,26,32,14,23,0,25,24,34,23,12
2017_4,신곡종합시장,11,7,4,0,0,0,3,2,6,0,0,0,2,1,4,0,0,0,1,1,2
2017_4,신월3동골목시장,63,18,45,0,6,10,21,20,6,0,3,4,5,4,2,0,3,6,16,16,4
2017_4,경창시장,189,82,107,1,11,26,49,51,51,1,4,17,26,19,15,0,7,9,23,32,36
2017_4,월정로시장,115,63,52,0,8,24,30,34,19,0,3,14,17,16,13,0,5,10,13,18,6
2017_4,신영시장,50,21,29,0,0,10,21,13,6,0,0,6,8,4,3,0,0,4,13,9,3
2017_4,목4동시장,211,64,147,0,25,32,65,60,29,0,7,7,14,19,17,0,18,25,51,41,12
2017_4,목3동시장,662,313,349,4,96,168,161,155,78,0,25,90,80,72,46,4,71,78,81,83,32
2017_4,목2동시장,236,108,128,1,36,53,71,61,14,1,5,29,38,26,9,0,31,24,33,35,5
2017_4,마포농수산물시장,494,319,175,0,23,57,115,171,128,0,15,38,79,102,85,0,8,19,36,69,43
2017_4,망원월드컵시장,15,10,5,0,0,2,6,4,3,0,0,2,3,4,1,0,0,0,3,0,2
2017_4,망원시장,48,24,24,0,10,12,6,16,4,0,3,8,4,6,3,0,7,4,2,10,1
2017_4,신수시장,125,89,36,2,11,39,43,15,15,1,3,25,34,12,14,1,8,14,9,3,1
2017_4,아현시장,26,5,21,0,4,9,6,6,1,0,0,3,1,1,0,0,4,6,5,5,1
2017_4,대림골목시장,383,135,248,1,40,84,118,97,43,1,16,27,42,27,22,0,24,57,76,70,21
2017_4,상계중앙시장,34,15,19,0,4,8,10,11,1,0,2,4,5,4,0,0,2,4,5,7,1
2017_4,방학동도깨비시장,156,65,91,0,24,36,43,27,26,0,15,22,16,7,5,0,9,14,27,20,21
2017_4,쌍문역골목시장,72,35,37,0,8,15,24,15,10,0,2,8,12,8,5,0,6,7,12,7,5
2017_4,신도봉시장,24,13,11,0,0,2,9,12,1,0,0,1,7,5,0,0,0,1,2,7,1
2017_4,창동신창시장,142,68,74,0,9,22,40,38,33,0,2,8,18,18,22,0,7,14,22,20,11
2017_4,수유북부시장,9,2,7,0,1,2,1,0,5,0,0,2,0,0,0,0,1,0,1,0,5
2017_4,장미원골목시장,73,45,28,0,10,14,18,22,9,0,4,8,9,18,6,0,6,6,9,4,3
2017_4,수유중앙시장,127,70,57,0,18,31,36,24,18,0,8,17,20,13,12,0,10,14,16,11,6
2017_4,강북종합시장,64,26,38,0,9,10,22,14,9,0,1,5,8,8,4,0,8,5,14,6,5
2017_4,우이시장,158,62,96,1,15,35,43,44,20,0,5,18,15,12,12,1,10,17,28,32,8
2017_4,수유전통시장,443,138,305,0,55,64,82,139,103,0,13,17,25,35,48,0,42,47,57,104,55
2017_4,번동북부골목시장,81,45,36,1,10,16,27,17,10,0,4,11,15,10,5,1,6,5,12,7,5
2017_4,솔샘시장,107,43,64,1,12,25,41,22,6,1,2,12,17,7,4,0,10,13,24,15,2
2017_4,방천골목시장,72,27,45,0,6,15,24,19,8,0,1,4,7,9,6,0,5,11,17,10,2
2017_4,석관황금시장,73,23,50,0,2,12,16,20,23,0,0,6,8,5,4,0,2,6,8,15,19
2017_4,장위전통시장,185,77,108,0,20,45,56,42,22,0,8,18,20,16,15,0,12,27,36,26,7
2017_4,정릉시장,33,11,22,0,5,8,11,5,4,0,0,4,3,2,2,0,5,4,8,3,2
2017_4,정릉아리랑시장,2,1,1,0,0,0,0,2,0,0,0,0,0,1,0,0,0,0,0,1,0
2017_4,돈암제일시장,53,17,36,1,8,11,14,10,9,1,0,4,4,3,5,0,8,7,10,7,4
2017_4,우림골목시장,217,109,108,0,21,29,55,53,59,0,8,12,26,26,37,0,13,17,29,27,22
2017_4,묵1동도깨비시장,280,126,154,1,33,52,77,91,26,0,8,29,32,44,13,1,25,23,45,47,13
2017_4,태능시장,4,3,1,0,1,2,1,0,0,0,0,2,1,0,0,0,1,0,0,0,0
2017_4,중화제일시장,23,1,22,0,7,3,5,7,1,0,0,0,0,1,0,0,7,3,5,6,1
2017_4,사가정시장,260,187,73,0,23,27,48,92,70,0,4,12,30,75,66,0,19,15,18,17,4
2017_4,동원시장,80,34,46,0,11,23,22,16,8,0,3,10,8,7,6,0,8,13,14,9,2
2017_4,동부골목시장,101,35,66,0,31,20,14,20,16,0,9,4,3,8,11,0,22,16,11,12,5
2017_4,회기시장,115,50,65,0,18,32,35,15,15,0,7,11,19,4,9,0,11,21,16,11,6
2017_4,답십리시장,26,8,18,0,2,4,10,10,0,0,1,1,4,2,0,0,1,3,6,8,0
2017_4,답십리현대시장,85,69,16,0,8,21,27,17,12,0,5,19,23,10,12,0,3,2,4,7,0
2017_4,청량리종합시장,13,10,3,0,1,5,3,2,2,0,1,3,3,1,2,0,0,2,0,1,0
2017_4,청량리농수산물시장,18,15,3,0,0,4,4,6,4,0,0,4,4,4,3,0,0,0,0,2,1
2017_4,서울약령시장,1335,806,529,3,119,235,343,394,241,1,57,143,205,245,155,2,62,92,138,149,86
2017_4,청량리수산시장,222,110,112,0,45,62,53,26,36,0,10,29,27,15,29,0,35,33,26,11,7
2017_4,구의시장,121,72,49,0,15,20,26,40,20,0,2,13,15,24,18,0,13,7,11,16,2
2017_4,조양시장,93,48,45,1,7,19,29,22,15,0,2,6,13,12,15,1,5,13,16,10,0
2017_4,영동교골목시장,18,12,6,0,1,7,4,2,4,0,0,6,3,1,2,0,1,1,1,1,2
2017_4,능동로골목시장,198,164,34,0,10,11,7,22,148,0,4,8,0,11,141,0,6,3,7,11,7
2017_4,자양골목시장,88,46,42,0,8,10,26,30,14,0,3,4,13,17,9,0,5,6,13,13,5
2017_4,중곡제일시장,120,69,51,1,11,21,29,38,20,0,5,14,13,22,15,1,6,7,16,16,5
2017_4,한아름시장,141,80,61,2,34,31,33,30,11,1,20,22,23,11,3,1,14,9,10,19,8
2017_4,성동용답상가시장,292,144,148,0,53,71,66,64,38,0,17,31,32,35,29,0,36,40,34,29,9
2017_4,뚝도시장,34,12,22,0,6,6,9,9,4,0,0,4,3,3,2,0,6,2,6,6,2
2017_4,금남시장,22,12,10,0,3,6,2,6,5,0,1,5,1,1,4,0,2,1,1,5,1
2017_4,행당시장,243,123,120,3,40,56,80,46,18,1,8,30,48,23,13,2,32,26,32,23,5
2017_4,마장축산물시장,1501,1017,484,3,170,389,437,313,189,1,122,274,297,205,118,2,48,115,140,108,71
2017_4,용문전통시장,39,20,19,0,2,6,13,12,6,0,1,3,6,6,4,0,1,3,7,6,2
2017_4,후암시장,50,19,31,0,1,9,10,18,12,0,0,4,5,4,6,0,1,5,5,14,6
2017_4,합동(새벽)시장,2442,1364,1078,6,402,698,611,413,312,1,138,298,339,294,294,5,264,400,272,119,18
2017_4,서울중앙시장,268,182,86,0,29,74,68,74,23,0,15,57,42,49,19,0,14,17,26,25,4
2017_4,백학시장,466,240,226,1,79,142,116,94,34,1,30,74,66,43,26,0,49,68,50,51,8
2017_4,약수시장,1757,696,1061,9,285,411,435,347,270,2,74,160,165,143,152,7,211,251,270,204,118
2017_4,청평화시장,3287,1991,1296,7,939,1260,766,224,91,4,593,738,504,101,51,3,346,522,262,123,40
2017_4,제일평화시장,516,299,217,2,96,148,114,93,63,2,46,86,68,54,43,0,50,62,46,39,20
2017_4,남평화시장,195,118,77,0,23,37,35,74,26,0,12,20,23,47,16,0,11,17,12,27,10
2017_4,방산종합시장,1838,1161,677,5,173,404,483,489,284,3,95,275,276,308,204,2,78,129,207,181,80
2017_4,인현시장,1123,708,415,2,87,191,315,339,189,0,38,102,194,232,142,2,49,89,121,107,47
2017_4,신중부시장,2387,1590,797,6,194,474,693,623,397,3,89,324,454,422,298,3,105,150,239,201,99
2017_4,남대문시장,7058,3595,3463,73,1187,2658,1842,880,418,6,369,1336,1017,571,296,67,818,1322,825,309,122
2017_4,동묘시장,915,580,335,2,142,199,218,223,131,0,57,129,148,151,95,2,85,70,70,72,36
2017_4,창신골목시장,227,115,112,0,19,102,48,45,13,0,7,43,28,27,10,0,12,59,20,18,3
2017_4,충신시장,328,203,125,0,53,91,78,68,38,0,21,58,46,46,32,0,32,33,32,22,6
2017_4,종로신진시장,39,17,22,0,1,6,13,9,10,0,0,2,6,2,7,0,1,4,7,7,3
2017_4,동대문종합시장,308,171,137,3,53,66,87,59,40,2,25,33,54,33,24,1,28,33,33,26,16
2017_4,광장시장,194,143,51,0,14,35,37,66,42,0,7,30,26,45,35,0,7,5,11,21,7
2017_4,서울 노원구 노원역_3,759,317,442,13,222,134,160,143,87,6,80,71,61,50,49,7,142,63,99,93,38
2017_4,서울 노원구 노원역_1,947,284,663,9,312,242,191,125,68,2,49,86,65,51,31,7,263,156,126,74,37
2017_4,창동역,2396,1556,840,4,287,446,663,622,374,3,126,265,436,453,273,1,161,181,227,169,101
2017_4,서울 강북구 수유역_3,71,33,38,1,9,12,15,26,8,0,5,6,6,11,5,1,4,6,9,15,3
2017_4,서울 강북구 수유역_2,4324,2172,2152,11,545,940,1019,1058,751,4,172,428,495,652,421,7,373,512,524,406,330
2017_4,서울 강북구 수유역_1,51,37,14,0,5,11,15,15,5,0,4,11,6,11,5,0,1,0,9,4,0
2017_4,서울 은평구 연신내역_3,664,202,462,0,166,138,155,124,81,0,34,38,49,53,28,0,132,100,106,71,53
2017_4,서울 은평구 연신내역_2,428,182,246,4,100,104,106,64,50,1,37,49,41,26,28,3,63,55,65,38,22
2017_4,서울 은평구 연신내역_1,83,41,42,1,19,20,13,18,12,0,6,10,8,10,7,1,13,10,5,8,5
2017_4,서울 성북구 미아삼거리역_2,521,209,312,0,98,133,149,107,34,0,16,50,71,54,18,0,82,83,78,53,16
2017_4,서울 강북구 미아삼거리역_1,527,193,334,8,137,126,99,88,69,1,38,43,36,35,40,7,99,83,63,53,29
2017_4,서울 은평구 불광역_3,57,21,36,0,11,10,17,16,3,0,2,3,7,8,1,0,9,7,10,8,2
2017_4,서울 은평구 불광역_2,88,31,57,1,10,19,20,26,12,0,2,3,8,11,7,1,8,16,12,15,5
2017_4,서울 은평구 불광역_1,246,94,152,1,34,56,53,53,49,0,15,18,22,15,24,1,19,38,31,38,25
2017_4,미아사거리_2,110,26,84,0,31,23,24,23,9,0,7,10,5,2,2,0,24,13,19,21,7
2017_4,미아사거리_1,528,236,292,7,104,100,136,118,63,3,52,51,48,47,35,4,52,49,88,71,28
2017_4,서울 성북구 성신여대입구역,5122,3116,2006,19,706,1136,1245,1386,630,10,290,539,740,1058,479,9,416,597,505,328,151
2017_4,경희대학교,341,161,180,7,46,95,86,71,36,3,24,57,40,24,13,4,22,38,46,47,23
2017_4,서울 성북구 안암역,110,67,43,3,20,38,27,10,12,1,13,27,17,3,6,2,7,11,10,7,6
2017_4,혜화역 대학로_3,1654,774,880,11,269,453,418,336,167,4,101,190,210,169,100,7,168,263,208,167,67
2017_4,혜화역 대학로_2,1498,813,685,2,95,465,528,346,62,0,28,186,279,274,46,2,67,279,249,72,16
2017_4,혜화역 대학로_1,1166,626,540,13,284,324,265,175,105,7,132,170,153,102,62,6,152,154,112,73,43
2017_4,디지털미디어시티,16813,10770,6043,44,3104,6502,5102,1769,292,9,1225,4029,3905,1400,202,35,1879,2473,1197,369,90
2017_4,서울 동대문구 청량리역,3541,2418,1123,39,717,859,865,641,420,27,502,630,601,390,268,12,215,229,264,251,152
2017_4,서울 종로구 안국역_2,656,273,383,3,141,223,154,90,45,2,32,102,74,34,29,1,109,121,80,56,16
2017_4,서울 종로구 안국역_1,11611,9406,2205,10,1379,4288,3560,1869,505,9,929,3393,3029,1625,421,1,450,895,531,244,84
2017_4,서울 종로구 경복궁역_1,203,78,125,1,36,47,40,46,33,0,10,24,14,13,17,1,26,23,26,33,16
2017_4,서울 종로구 종로3가역_3,3303,1754,1549,22,580,827,869,654,351,4,179,450,482,394,245,18,401,377,387,260,106
2017_4,서울 종로구 종로3가역_2,1862,1009,853,13,368,389,411,345,336,8,150,205,234,195,217,5,218,184,177,150,119
2017_4,서울 동대문구 신설동역_2,4556,2170,2386,42,473,593,788,1304,1356,9,133,328,431,531,738,33,340,265,357,773,618
2017_4,인사동,20646,12784,7862,135,4008,6883,5094,2953,1573,51,1441,4217,3894,2217,964,84,2567,2666,1200,736,609
2017_4,서울 종로구 종로5가역_4,654,355,299,0,73,149,195,148,89,0,23,85,109,76,62,0,50,64,86,72,27
2017_4,서울 종로구 종로5가역_3,5069,3422,1647,10,698,1356,1406,1054,545,2,403,918,925,762,412,8,295,438,481,292,133
2017_4,종로구청,18223,10024,8199,788,3312,5644,4872,2684,923,316,1324,2852,3122,1826,584,472,1988,2792,1750,858,339
2017_4,서울 종로구 종로5가역_2,17663,11671,5992,510,3342,5819,4713,2578,701,152,1422,3879,3665,2065,488,358,1920,1940,1048,513,213
2017_4,신설동역,744,414,330,10,130,192,161,160,91,0,45,109,94,92,74,10,85,83,67,68,17
2017_4,서울 동대문구 신설동역_1,2,2,0,0,0,0,1,0,1,0,0,0,1,0,1,0,0,0,0,0,0
2017_4,서울 종로구 광화문역_2,54526,32877,21649,111,7800,17073,16986,9187,3369,36,2958,9935,11584,6243,2121,75,4842,7138,5402,2944,1248
2017_4,동묘앞역,52,31,21,0,4,8,13,16,11,0,3,4,9,10,5,0,1,4,4,6,6
2017_4,장안동사거리,494,258,236,8,72,103,119,115,77,4,35,61,58,53,47,4,37,42,61,62,30
2017_4,서울 종로구 동대문역_2,1090,555,535,8,221,281,259,177,144,1,69,152,139,94,100,7,152,129,120,83,44
2017_4,동대문시장_2,490,300,190,1,37,118,110,123,101,0,19,75,72,63,71,1,18,43,38,60,30
2017_4,서울 종로구 종로5가역_1,48,36,12,0,4,7,13,17,7,0,1,4,11,15,5,0,3,3,2,2,2
2017_4,서울 종로구 종로3가역_1,4196,1807,2389,27,748,980,814,943,684,15,221,415,375,401,380,12,527,565,439,542,304
2017_4,서울 종로구 광화문역_1,2092,1335,757,0,409,773,484,297,129,0,150,480,377,249,79,0,259,293,107,48,50
2017_4,종각역,20629,13378,7251,24,2916,6827,6358,4111,393,4,1162,3645,4649,3636,282,20,1754,3182,1709,475,111
2017_4,종각역 젊음의 거리,2385,1017,1368,13,530,634,425,443,340,6,201,357,195,119,139,7,329,277,230,324,201
2017_4,서대문구 서대문역_1,362,251,111,0,33,79,111,81,58,0,13,63,82,50,43,0,20,16,29,31,15
2017_4,동대문시장_1,435,229,206,0,38,118,124,101,54,0,19,65,58,50,37,0,19,53,66,51,17
2017_4,시청역_2,22471,14281,8190,122,4109,6737,6492,3650,1361,41,1640,4153,4760,2677,1010,81,2469,2584,1732,973,351
2017_4,서울시청,24111,11723,12388,140,4920,7597,6934,3355,1165,35,1584,3417,3800,2160,727,105,3336,4180,3134,1195,438
2017_4,서울 중구 을지로3가역_2,7696,4978,2718,16,986,2042,2052,1471,1129,5,382,1231,1497,1017,846,11,604,811,555,454,283
2017_4,서울 중구 신당역_2,1347,675,672,30,611,327,191,122,66,9,298,170,101,54,43,21,313,157,90,68,23
2017_4,서대문구 서대문역_2,1405,861,544,1,241,429,399,216,119,0,96,242,289,155,79,1,145,187,110,61,40
2017_4,동대문역사문화공원역,2212,1257,955,10,308,533,547,494,320,1,120,305,330,287,214,9,188,228,217,207,106
2017_4,서울 중구 을지로3가역_1,15222,9995,5227,45,2316,4380,4219,2742,1520,12,1073,2817,3019,2005,1069,33,1243,1563,1200,737,451
2017_4,명동거리,9708,5218,4490,75,1714,2696,2676,1821,726,22,613,1357,1690,1047,489,53,1101,1339,986,774,237
2017_4,롯데백화점,43758,23437,20321,388,6574,14929,14220,6247,1400,101,2177,6514,8785,4816,1044,287,4397,8415,5435,1431,356
2017_4,서울 중구 신당역_1,1012,668,344,3,130,222,271,257,129,1,44,138,202,186,97,2,86,84,69,71,32
2017_4,북창동,10134,5387,4747,53,1779,2967,2732,1859,744,8,697,1594,1449,1117,522,45,1082,1373,1283,742,222
2017_4,서울 중구 충무로역_2,14218,6370,7848,115,2234,3923,4547,2450,949,41,739,1963,2074,1009,544,74,1495,1960,2473,1441,405
2017_4,서울 강서구 송정역,630,416,214,1,74,126,193,130,106,0,28,88,144,82,74,1,46,38,49,48,32
2017_4,장한평역_2,5310,3241,2069,44,1214,1285,1013,1074,680,13,555,886,634,657,496,31,659,399,379,417,184
2017_4,시청역_1,55012,33341,21671,183,8725,20214,17732,7124,1034,36,3825,11115,12034,5586,745,147,4900,9099,5698,1538,289
2017_4,왕십리역_2,661,279,382,10,127,146,149,132,97,7,42,63,58,59,50,3,85,83,91,73,47
2017_4,서울 강서구 발산역,854,496,358,4,182,244,203,147,74,2,71,131,143,103,46,2,111,113,60,44,28
2017_4,장한평역_1,2293,1530,763,15,149,383,409,405,932,9,71,210,268,274,698,6,78,173,141,131,234
2017_4,서울 중구 충무로역_1,3243,2252,991,70,660,979,872,530,132,51,467,764,639,242,89,19,193,215,233,288,43
2017_4,장한평역,2192,1545,647,7,167,429,744,566,279,4,85,273,551,418,214,3,82,156,193,148,65
2017_4,서울 중구 명동역,3845,1963,1882,3,797,1798,869,259,119,0,257,877,576,172,81,3,540,921,293,87,38
2017_4,장충동 족발거리,199,98,101,0,46,49,45,30,29,0,18,30,26,12,12,0,28,19,19,18,17
2017_4,한양시장,298,151,147,2,56,67,72,66,35,1,27,42,31,30,20,1,29,25,41,36,15
2017_4,서울 서대문구 이대역,1286,572,714,10,282,308,308,233,145,3,85,145,138,113,88,7,197,163,170,120,57
2017_4,서울 서대문구 신촌역,3137,1358,1779,27,883,787,641,500,299,13,291,390,317,199,148,14,592,397,324,301,151
2017_4,서울 마포구 홍대입구역_3,331,162,169,2,73,117,74,35,30,0,18,60,39,22,23,2,55,57,35,13,7
2017_4,서울 마포구 홍대입구역_2,3456,1278,2178,46,1537,983,537,221,132,14,325,414,276,150,99,32,1212,569,261,71,33
2017_4,홍익대학교 주변,16348,7888,8460,124,4296,5096,3580,1870,1382,60,1667,2525,1830,870,936,64,2629,2571,1750,1000,446
2017_4,서울 광진구 군자역,176,101,75,0,33,43,54,32,14,0,10,31,34,21,5,0,23,12,20,11,9
2017_4,신촌역,222,109,113,0,38,66,52,40,26,0,13,28,34,20,14,0,25,38,18,20,12
2017_4,강서구청,3403,2241,1162,13,568,838,907,672,405,5,312,562,643,446,273,8,256,276,264,226,132
2017_4,서울 마포구 홍대입구역_1,860,476,384,12,252,278,198,80,40,0,113,160,124,54,25,12,139,118,74,26,15
2017_4,서울 강동구 고덕역,476,274,202,4,57,93,103,122,97,1,27,42,58,73,73,3,30,51,45,49,24
2017_4,서울 강동구 명일역,886,357,529,6,159,181,238,181,121,2,41,78,82,80,74,4,118,103,156,101,47
2017_4,어린이대공원역,93,51,42,0,11,27,26,22,7,0,5,15,15,12,4,0,6,12,11,10,3
2017_4,서울 마포구 공덕역_2,4357,2524,1833,21,720,1126,1295,930,265,8,266,663,877,562,148,13,454,463,418,368,117
2017_4,공덕역,7579,4503,3076,77,1728,2368,2086,1162,158,29,690,1194,1473,986,131,48,1038,1174,613,176,27
2017_4,서울 용산구 숙대입구역,2726,1988,738,24,579,1001,718,307,97,0,345,777,575,218,73,24,234,224,143,89,24
2017_4,남영역,13126,5769,7357,707,4004,3876,2946,1409,184,292,1708,1960,1288,406,115,415,2296,1916,1658,1003,69
2017_4,서울 마포구 공덕역_1,4948,2420,2528,42,1104,1468,1277,829,228,17,428,842,669,298,166,25,676,626,608,531,62
2017_4,서울 마포구 마포역_2,957,522,435,3,129,231,312,185,97,1,48,124,187,98,64,2,81,107,125,87,33
2017_4,서울 광진구 건대입구역_2,2899,1009,1890,11,900,1052,496,254,186,3,193,374,229,85,125,8,707,678,267,169,61
2017_4,서울 마포구 마포역_1,11787,7085,4702,30,1848,2836,2708,2572,1793,13,790,1804,1865,1455,1158,17,1058,1032,843,1117,635
2017_4,서울 강동구 천호역_2,3879,1870,2009,17,712,861,824,653,812,6,299,435,378,264,488,11,413,426,446,389,324
2017_4,서울 광진구 건대입구역_1,886,425,461,7,218,175,207,150,129,3,87,91,98,77,69,4,131,84,109,73,60
2017_4,건대입구역,718,386,332,6,175,217,149,109,62,3,80,124,84,53,42,3,95,93,65,56,20
2017_4,서울 광진구 구의역,826,511,315,10,78,208,222,165,143,7,29,117,141,107,110,3,49,91,81,58,33
2017_4,서울 강동구 천호역,931,452,479,7,163,235,224,174,128,1,34,103,126,95,93,6,129,132,98,79,35
2017_4,당산역_2,4972,2952,2020,14,502,592,791,1147,1926,12,359,438,462,574,1107,2,143,154,329,573,819
2017_4,서울 강동구 길동역,1179,662,517,3,128,281,347,265,155,0,42,150,234,136,100,3,86,131,113,129,55
2017_4,용산 전자상가_5,2463,1801,662,24,391,977,723,253,95,17,273,734,533,179,65,7,118,243,190,74,30
2017_4,당산역_1,1149,727,422,9,199,333,289,186,133,5,82,221,194,123,102,4,117,112,95,63,31
2017_4,서울 광진구 강변역,1808,1436,372,12,122,390,543,441,300,2,80,276,464,373,241,10,42,114,79,68,59
2017_4,용산 전자상가_3,2474,1780,694,27,317,842,745,342,201,18,192,628,527,261,154,9,125,214,218,81,47
2017_4,서울 용산구 이태원역,673,404,269,13,226,183,117,73,61,5,130,130,71,37,31,8,96,53,46,36,30
2017_4,한남오거리,562,293,269,3,99,148,101,116,95,3,24,84,59,61,62,0,75,64,42,55,33
2017_4,용산 전자상가_2,461,363,98,6,57,165,157,54,22,6,45,135,123,40,14,0,12,30,34,14,8
2017_4,용산구청,84,51,33,0,35,35,6,7,1,0,16,26,5,3,1,0,19,9,1,4,0
2017_4,용산 전자상가_1,13362,8405,4957,211,5430,3311,2663,1309,438,78,2440,2289,2180,1135,283,133,2990,1022,483,174,155
2017_4,국회의사당역_2,37259,21154,16105,124,8179,12517,8865,5727,1847,45,2945,6964,6281,3834,1085,79,5234,5553,2584,1893,762
2017_4,서울 용산구 신용산역,508,233,275,0,72,105,125,117,89,0,37,60,52,43,41,0,35,45,73,74,48
2017_4,국회의사당역_1,5701,4395,1306,0,317,1246,1942,2081,115,0,144,772,1640,1748,91,0,173,474,302,333,24
2017_4,압구정 로데오거리_2,16393,6863,9530,219,5943,5823,2631,1050,727,65,1732,2717,1375,563,411,154,4211,3106,1256,487,316
2017_4,서울 강남구 압구정역,11363,5229,6134,405,3402,3090,1905,1391,1170,174,1206,1524,1110,657,558,231,2196,1566,795,734,612
2017_4,서울 영등포구 영등포구청역,3727,1138,2589,39,1096,1456,779,291,66,0,151,519,262,152,54,39,945,937,517,139,12
2017_4,압구정 로데오거리_1,7848,2550,5298,41,2939,2948,1234,422,264,8,699,941,551,201,150,33,2240,2007,683,221,114
2017_4,서울 강동구 둔촌동역,45,12,33,0,4,15,10,8,8,0,0,7,2,1,2,0,4,8,8,7,6
2017_4,오목교역,194,81,113,1,17,44,53,44,35,1,5,23,19,14,19,0,12,21,34,30,16
2017_4,신사동 가로수길,22334,10463,11871,129,6609,7176,4624,2433,1363,39,1823,3659,2697,1346,899,90,4786,3517,1927,1087,464
2017_4,서울 영등포구 여의도역_2,48879,32436,16443,158,7441,17937,15322,6373,1648,18,3157,11071,11798,5491,901,140,4284,6866,3524,882,747
2017_4,청담사거리_3,1791,592,1199,7,738,669,246,82,49,1,180,222,111,41,37,6,558,447,135,41,12
2017_4,영등포유통상가,2130,1309,821,6,301,428,438,452,505,1,124,254,276,270,384,5,177,174,162,182,121
2017_4,청담역_2,1341,939,402,13,270,418,291,151,198,0,118,321,223,116,161,13,152,97,68,35,37
2017_4,청담역_1,190,150,40,4,29,58,61,24,14,4,16,47,52,20,11,0,13,11,9,4,3
2017_4,청담사거리_2,1008,760,248,2,148,351,374,105,28,1,74,263,324,79,19,1,74,88,50,26,9
2017_4,서울 영등포구 여의도역_1,51592,30941,20651,222,7517,14292,16529,10460,2572,45,3311,6752,10458,8660,1715,177,4206,7540,6071,1800,857
2017_4,학동사거리_2,2880,1649,1231,12,673,820,583,475,317,2,226,425,382,355,259,10,447,395,201,120,58
2017_4,서울 영등포구 영등포시장역,334,256,78,1,24,61,80,101,67,0,19,45,51,83,58,1,5,16,29,18,9
2017_4,학동사거리_1,4274,2207,2067,38,1186,1310,755,578,407,18,345,663,473,392,316,20,841,647,282,186,91
2017_4,여의도 시범아파트앞,2147,1405,742,11,319,509,568,464,276,4,145,323,393,340,200,7,174,186,175,124,76
2017_4,영등포역_3,871,511,360,3,169,233,200,183,83,0,54,139,130,133,55,3,115,94,70,50,28
2017_4,도산공원사거리_1,9955,5887,4068,30,2298,3283,2443,1367,534,9,954,1990,1642,915,377,21,1344,1293,801,452,157
2017_4,영등포역_2,1207,649,558,8,169,200,247,307,276,7,75,108,135,144,180,1,94,92,112,163,96
2017_4,문래동 주민센터,74,61,13,2,5,8,25,24,10,2,5,7,19,18,10,0,0,1,6,6,0
2017_4,강남구 신사역_2,8223,5124,3099,25,1866,3214,2044,795,279,9,681,2066,1550,618,200,16,1185,1148,494,177,79
2017_4,서울 강남구 강남구청역_2,4550,2824,1726,100,1895,1244,868,345,98,47,965,805,683,261,63,53,930,439,185,84,35
2017_4,강남구 신사역_1,2479,1088,1391,7,738,938,499,183,114,2,176,407,309,119,75,5,562,531,190,64,39
2017_4,서울 동작구 노량진1동_1,26,13,13,0,2,3,7,10,4,0,1,1,5,4,2,0,1,2,2,6,2
2017_4,서울 강남구 학동역_3,9290,5379,3911,47,2112,3048,2172,1180,731,16,752,1857,1508,757,489,31,1360,1191,664,423,242
2017_4,서울 강남구 강남구청역_1,3568,2108,1460,12,543,873,1022,844,274,6,204,534,659,517,188,6,339,339,363,327,86
2017_4,잠실역,6089,4538,1551,25,1024,2002,1803,872,363,4,505,1510,1550,695,274,21,519,492,253,177,89
2017_4,강남구 논현역_4,6622,3405,3217,45,1553,2003,1547,878,596,16,474,1122,947,473,373,29,1079,881,600,405,223
2017_4,학동역,1452,553,899,8,546,491,282,82,43,1,89,218,163,58,24,7,457,273,119,24,19
2017_4,방이동 먹자골목,5272,3313,1959,19,687,1310,1476,1118,662,14,336,843,1009,660,451,5,351,467,467,458,211
2017_4,서울 강남구 학동역_2,5932,3345,2587,26,1054,1573,1117,661,1501,8,294,800,660,414,1169,18,760,773,457,247,332
2017_4,서울 동작구 노량진역,3863,2198,1665,10,463,978,1019,996,397,4,186,439,604,692,273,6,277,539,415,304,124
2017_4,삼성역_3,8944,4997,3947,35,1841,3314,2438,990,326,13,574,1764,1633,800,213,22,1267,1550,805,190,113
2017_4,코엑스,22435,12791,9644,225,5849,7720,5441,2475,725,75,1951,4404,3888,1947,526,150,3898,3316,1553,528,199
2017_4,서울 강남구 학동역_1,5146,3297,1849,29,1275,1525,1110,653,554,17,659,1024,762,433,402,12,616,501,348,220,152
2017_4,선정릉역_2,6606,4052,2554,25,1536,2206,1572,859,408,2,585,1306,1173,665,321,23,951,900,399,194,87
2017_4,강남구 논현역_3,1558,947,611,4,348,584,298,203,121,1,163,396,191,120,76,3,185,188,107,83,45
2017_4,포스코사거리_2,7496,4762,2734,21,1580,3354,1679,580,282,12,652,2231,1256,407,204,9,928,1123,423,173,78
2017_4,포스코사거리_1,44391,29259,15132,87,7687,16826,13349,5124,1318,28,3651,11148,10101,3570,761,59,4036,5678,3248,1554,557
2017_4,잠실역 롯데월드,3972,1974,1998,269,1764,682,628,528,101,74,750,396,344,371,39,195,1014,286,284,157,62
2017_4,신도림역,3335,1773,1562,20,741,1163,936,384,91,5,311,620,518,248,71,15,430,543,418,136,20
2017_4,강남구 논현역_2,9434,4499,4935,67,3202,2896,1863,922,484,16,1009,1556,1221,476,221,51,2193,1340,642,446,263
2017_4,선정릉역_1,1893,1347,546,4,438,660,405,197,189,2,249,458,316,152,170,2,189,202,89,45,19
2017_4,신천역,5817,3114,2703,33,1079,1305,1431,965,1004,9,435,733,720,491,726,24,644,572,711,474,278
2017_4,강남구 논현역_1,3544,2067,1477,5,628,1276,987,434,214,2,248,763,622,276,156,3,380,513,365,158,58
2017_4,삼성역_2,18112,10907,7205,170,4539,6724,3998,2127,554,99,1938,4287,2829,1357,397,71,2601,2437,1169,770,157
2017_4,삼정역_2,2637,1374,1263,9,649,857,520,307,295,3,215,436,335,193,192,6,434,421,185,114,103
2017_4,삼정역_1,3181,1656,1525,4,783,1055,636,321,382,1,209,519,446,207,274,3,574,536,190,114,108
2017_4,삼성역_1,34086,21853,12233,176,5412,9171,8654,6270,4403,97,2591,6346,6318,3827,2674,79,2821,2825,2336,2443,1729
2017_4,서울 강남구 선릉역_2,7247,4637,2610,32,1328,2032,1809,1177,869,14,594,1386,1340,792,511,18,734,646,469,385,358
2017_4,고속터미널역,16010,4725,11285,9,5084,5355,3458,1724,380,5,744,1643,1262,837,234,4,4340,3712,2196,887,146
2017_4,서울 서초구 강남역,32833,18506,14327,176,7855,10857,6921,4257,2767,90,2930,6352,4623,2720,1791,86,4925,4505,2298,1537,976
2017_4,서울 강남구 선릉역_1,20105,8197,11908,174,6787,5044,3689,2894,1517,80,2534,2627,1448,798,710,94,4253,2417,2241,2096,807
2017_4,선릉역_2,21074,10853,10221,145,5781,6273,4667,2755,1453,67,2036,3550,2862,1427,911,78,3745,2723,1805,1328,542
2017_4,서울 강남구 역삼역_2,26755,21043,5712,66,5890,9101,7448,3842,408,34,3603,6936,6556,3604,310,32,2287,2165,892,238,98
2017_4,서울 송파구 석촌역_1,37,23,14,1,1,6,14,14,1,0,1,4,6,11,1,1,0,2,8,3,0
2017_4,서울 강남구 강남역_2,5454,3172,2282,28,1341,1877,1212,695,301,7,470,1067,896,531,201,21,871,810,316,164,100
2017_4,선릉역_1,55040,29720,25320,410,11201,15044,14955,10660,2770,241,6873,10310,6856,3554,1886,169,4328,4734,8099,7106,884
2017_4,구로역,157,90,67,0,12,6,28,21,90,0,0,2,11,8,69,0,12,4,17,13,21
2017_4,역삼역_2,4606,2561,2045,32,1017,1556,1298,544,159,14,325,987,831,297,107,18,692,569,467,247,52
2017_4,대림역_2,7770,5930,1840,12,1212,2176,1764,1486,1120,2,936,1921,1457,937,677,10,276,255,307,549,443
2017_4,서울 강남구 역삼역_1,25570,15878,9692,206,5464,9048,6322,3031,1499,67,2412,5944,4443,1941,1071,139,3052,3104,1879,1090,428
2017_4,신대방삼거리역,232,109,123,0,36,52,63,48,33,0,14,26,30,18,21,0,22,26,33,30,12
2017_4,서울 강남구 한티역,1106,444,662,3,214,289,284,206,110,0,61,117,125,81,60,3,153,172,159,125,50
2017_4,은마아파트입구사거리_4,102,51,51,1,10,20,43,24,4,0,2,15,21,9,4,1,8,5,22,15,0
2017_4,오류동역,1539,779,760,13,126,203,385,430,382,5,59,115,159,179,262,8,67,88,226,251,120
2017_4,서울 강남구 강남역,39619,18744,20875,124,9011,12371,9250,6039,2824,34,2823,6474,5867,2584,962,90,6188,5897,3383,3455,1862
2017_4,교대역_4,5010,2740,2270,22,1025,1420,1242,764,537,7,309,710,757,541,416,15,716,710,485,223,121
2017_4,서울 강남구 강남역_1,133206,97624,35582,833,30318,59548,33433,7978,1096,596,15175,43770,29878,7376,829,237,15143,15778,3555,602,267
2017_4,방배동카페골목,113,48,65,0,26,19,26,17,25,0,14,10,15,1,8,0,12,9,11,16,17
2017_4,가락시장,17236,10769,6467,95,2715,4010,4309,4018,2089,40,1264,2762,2945,2350,1408,55,1451,1248,1364,1668,681
2017_4,교대역_3,4329,2632,1697,18,558,1157,1287,835,474,7,149,522,889,660,405,11,409,635,398,175,69
2017_4,역삼역_1,1666,1013,653,2,313,462,402,257,230,1,111,283,285,180,153,1,202,179,117,77,77
2017_4,교대역_2,3448,2191,1257,23,576,1250,846,516,237,19,205,808,624,359,176,4,371,442,222,157,61
2017_4,서울 송파구 가락시장역,5261,3391,1870,18,774,1480,1364,941,684,11,358,877,936,668,541,7,416,603,428,273,143
2017_4,서울 서초구 서초역,12915,5397,7518,113,4350,3482,2840,1561,569,59,1473,1449,1126,831,459,54,2877,2033,1714,730,110
2017_4,서울 강남구 대치역_2,1506,906,600,0,201,501,512,177,115,0,61,264,374,117,90,0,140,237,138,60,25
2017_4,뱅뱅사거리_2,25312,16270,9042,488,5600,7432,6386,3734,1672,188,2807,4916,4538,2603,1218,300,2793,2516,1848,1131,454
2017_4,보라매공원,14218,8051,6167,77,2677,5064,4048,1653,699,40,1257,2701,2347,1173,533,37,1420,2363,1701,480,166
2017_4,교대역_1,12772,7610,5162,57,2232,3905,3437,2071,1070,5,830,2298,2305,1376,796,52,1402,1607,1132,695,274
2017_4,개봉동 현대아파트 인근,149,62,87,0,10,34,28,48,29,0,3,11,10,27,11,0,7,23,18,21,18
2017_4,뱅뱅사거리,7522,4955,2567,34,2717,2480,1406,623,262,3,1620,1687,1052,409,184,31,1097,793,354,214,78
2017_4,뱅뱅사거리_1,10840,7695,3145,60,1935,3379,2806,1755,905,25,1061,2536,2224,1267,582,35,874,843,582,488,323
2017_4,서울 관악구 신림역_4,987,443,544,4,173,176,247,221,166,2,51,80,130,97,83,2,122,96,117,124,83
2017_4,동작구 총신대입구역_1,243,114,129,0,43,54,58,49,39,0,15,26,27,20,26,0,28,28,31,29,13
2017_4,양재역_3,3664,2387,1277,14,751,1235,912,479,273,2,417,737,667,349,215,12,334,498,245,130,58
2017_4,동작구 총신대입구역_2,790,327,463,7,260,186,155,106,76,4,54,90,83,47,49,3,206,96,72,59,27
2017_4,서울 서초구 남부터미널역_3,1460,790,670,13,260,393,382,243,169,5,84,197,248,144,112,8,176,196,134,99,57
2017_4,서울 강남구 수서역,15828,11213,4615,49,2324,4579,4029,2934,1913,20,1436,3553,2864,1830,1510,29,888,1026,1165,1104,403
2017_4,서울 서초구 남부터미널역_2,10951,5473,5478,62,2500,2852,2778,1767,992,27,1092,1584,1340,766,664,35,1408,1268,1438,1001,328
2017_4,구로디지탈1단지,65994,41668,24326,460,14904,23344,16399,7332,3555,273,7125,15591,11257,4693,2729,187,7779,7753,5142,2639,826
2017_4,양재역,120,49,71,0,29,47,24,10,10,0,5,19,14,4,7,0,24,28,10,6,3
2017_4,매봉역,584,219,365,5,282,120,96,42,39,1,49,55,63,25,26,4,233,65,33,17,13
2017_4,서울 서초구 방배역,3536,2094,1442,44,814,849,615,495,719,13,300,477,404,294,606,31,514,372,211,201,113
2017_4,서울 서초구 남부터미널역_1,548,399,149,5,105,170,124,81,63,0,61,127,102,55,54,5,44,43,22,26,9
2017_4,서울 관악구 신림역_2,32,17,15,0,2,6,7,8,9,0,1,5,3,5,3,0,1,1,4,3,6
2017_4,서울 관악구 신림역_1,1869,899,970,19,287,309,332,392,530,10,109,161,163,177,279,9,178,148,169,215,251
2017_4,양재역_2,10112,5277,4835,199,3050,3278,2059,1023,503,61,1153,1976,1334,475,278,138,1897,1302,725,548,225
2017_4,양재역_1,918,648,270,0,87,175,232,253,171,0,40,80,141,225,162,0,47,95,91,28,9
2017_4,서울 관악구 서울대입구역_2,38,2,36,0,16,4,2,9,7,0,0,0,1,1,0,0,16,4,1,8,7
2017_4,가산디지털단지역_3,30011,17798,12213,191,6329,9508,7641,4418,1924,115,2830,5988,4887,2525,1453,76,3499,3520,2754,1893,471
2017_4,구로디지털단지역,2293,1476,817,19,492,712,591,331,148,8,229,468,408,246,117,11,263,244,183,85,31
2017_4,서울 관악구 서울대입구역_1,1981,833,1148,6,359,461,524,314,317,3,84,176,234,143,193,3,275,285,290,171,124
2017_4,관악구 사당역_1,3726,1480,2246,12,363,597,1024,1116,614,6,179,323,314,214,444,6,184,274,710,902,170
2017_4,가산디지털단지역_2,59572,36023,23549,2181,17324,18057,12579,5841,3590,959,8224,11731,8824,3594,2691,1222,9100,6326,3755,2247,899
2017_4,관악구 사당역_2,471,238,233,2,84,127,96,107,55,1,32,64,55,56,30,1,52,63,41,51,25
2017_4,가산디지털단지역_1,27543,18660,8883,162,4819,8221,6883,4311,3147,99,2667,5871,4933,2828,2262,63,2152,2350,1950,1483,885
2017_4,장지역,4692,2933,1759,33,702,1321,1218,813,605,18,343,858,823,475,416,15,359,463,395,338,189
2017_4,포이사거리_1,5883,3267,2616,41,816,1756,1894,1141,235,4,470,1161,971,504,157,37,346,595,923,637,78
2017_4,포이사거리_2,8511,5899,2612,20,1061,2311,2635,1788,696,13,632,1545,1858,1308,543,7,429,766,777,480,153
2017_4,서울 관악구 대학동_1,97,57,40,0,16,32,23,16,10,0,6,16,15,11,9,0,10,16,8,5,1
2017_4,서울 금천구 독산1동_1,2864,1865,999,19,433,660,721,642,389,6,213,407,468,437,334,13,220,253,253,205,55
2017_4,양재 화물트럭터미널앞_2,146,65,81,1,29,52,44,13,7,1,9,15,28,8,4,0,20,37,16,5,3
2017_4,양재 화물트럭터미널앞_1,4204,3395,809,48,976,1416,972,622,170,23,675,1197,833,530,137,25,301,219,139,92,33
2017_4,서울 금천구 시흥1동_4,963,435,528,8,151,156,210,257,181,3,48,67,100,116,101,5,103,89,110,141,80
2017_4,풍성로37가길,39,19,20,0,4,8,14,8,5,0,3,6,8,0,2,0,1,2,6,8,3
2017_4,천호옛길,487,327,160,0,73,130,119,81,84,0,48,87,83,48,61,0,25,43,36,33,23
2017_4,천호옛14길,618,307,311,13,123,125,132,132,93,3,50,68,71,58,57,10,73,57,61,74,36
2017_4,천호대로219길,944,582,362,6,70,160,252,347,109,2,43,86,151,219,81,4,27,74,101,128,28
2017_4,천호대로197길,26,9,17,0,3,9,9,3,2,0,1,4,3,1,0,0,2,5,6,2,2
2017_4,천호대로187길,901,517,384,3,87,211,229,209,162,1,45,131,130,115,95,2,42,80,99,94,67
2017_4,천호대로170길,238,139,99,0,39,48,64,61,26,0,29,41,30,25,14,0,10,7,34,36,12
2017_4,천호대로162길,1317,836,481,5,169,400,340,233,170,0,102,307,232,118,77,5,67,93,108,115,93
2017_4,천중로51길,425,218,207,1,55,98,135,77,59,0,28,57,65,33,35,1,27,41,70,44,24
2017_4,천중로39길,618,221,397,0,59,87,123,171,178,0,13,39,35,60,74,0,46,48,88,111,104
2017_4,진황도로47길,1425,676,749,5,160,258,290,417,295,5,90,163,135,105,178,0,70,95,155,312,117
2017_4,진황도로27길,566,296,270,0,53,108,156,135,114,0,20,54,87,61,74,0,33,54,69,74,40
2017_4,올림픽로98길,39,15,24,0,2,9,10,11,7,0,0,1,6,4,4,0,2,8,4,7,3
2017_4,올림픽로77길,16,8,8,0,0,10,3,2,1,0,0,4,2,1,1,0,0,6,1,1,0
2017_4,올림픽로71길,347,264,83,1,25,107,92,81,41,0,15,84,72,63,30,1,10,23,20,18,11
2017_4,올림픽로48길,6401,3825,2576,69,651,1435,1490,1377,1379,28,286,736,795,936,1044,41,365,699,695,441,335
2017_4,양재대로96길,1337,819,518,0,112,215,280,388,342,0,62,130,157,230,240,0,50,85,123,158,102
2017_4,양재대로95길,674,357,317,4,80,134,181,174,101,3,45,69,93,78,69,1,35,65,88,96,32
2017_4,양재대로91길,1137,613,524,3,128,213,252,263,278,0,54,124,145,129,161,3,74,89,107,134,117
2017_4,양재대로133길,319,117,202,1,39,72,56,101,50,1,7,35,24,32,18,0,32,37,32,69,32
2017_4,양재대로124길,591,355,236,0,62,136,134,134,125,0,24,90,87,67,87,0,38,46,47,67,38
2017_4,양재대로116길,212,84,128,0,21,46,64,54,27,0,6,16,26,24,12,0,15,30,38,30,15
2017_4,양재대로101길,1241,729,512,2,140,257,299,254,289,1,46,120,177,162,223,1,94,137,122,92,66
2017_4,암사길,383,174,209,4,32,124,104,79,40,0,9,55,49,39,22,4,23,69,55,40,18
2017_4,성안로3길,1386,814,572,4,215,328,374,303,162,3,99,205,226,160,121,1,116,123,148,143,41
2017_4,성내로5길,1119,569,550,0,194,292,321,252,60,0,73,152,153,148,43,0,121,140,168,104,17
2017_4,상일로5길,42,24,18,2,5,3,12,15,5,0,3,3,6,9,3,2,2,0,6,6,2
2017_4,상암로5길,583,262,321,2,74,95,137,132,143,2,23,48,54,59,76,0,51,47,83,73,67
2017_4,상암로51길,763,324,439,5,140,142,185,169,122,3,37,62,82,68,72,2,103,80,103,101,50
2017_4,상암로4길,373,272,101,3,77,107,108,68,10,0,62,85,80,40,5,3,15,22,28,28,5
2017_4,상암로14길,462,280,182,3,41,103,151,100,64,2,16,56,98,59,49,1,25,47,53,41,15
2017_4,명일로13길,108,48,60,0,4,18,24,51,11,0,1,6,7,28,6,0,3,12,17,23,5
2017_4,동남로85길,119,65,54,0,11,26,38,29,15,0,8,17,19,11,10,0,3,9,19,18,5
2017_4,동남로82길,10,4,6,0,0,1,3,5,1,0,0,0,2,1,1,0,0,1,1,4,0
2017_4,동남로65길,69,20,49,0,4,8,20,22,15,0,3,3,5,5,4,0,1,5,15,17,11
2017_4,구천면로42길,354,181,173,3,44,62,89,83,73,2,20,32,49,34,44,1,24,30,40,49,29
2017_4,구천면로41길,605,253,352,5,75,150,178,140,57,5,17,68,81,54,28,0,58,82,97,86,29
2017_4,구천면로36길,41,25,16,0,3,12,14,8,4,0,1,8,7,5,4,0,2,4,7,3,0
2017_4,고덕로25길,26,14,12,0,2,9,5,5,5,0,1,6,3,1,3,0,1,3,2,4,2
2017_4,고덕로10길,170,73,97,0,14,40,44,54,18,0,6,18,19,20,10,0,8,22,25,34,8
2017_4,강동대로53길,928,517,411,0,171,239,236,204,78,0,75,158,120,113,51,0,96,81,116,91,27
2017_4,풍성로25길,775,273,502,6,104,188,199,176,102,2,29,84,61,51,46,4,75,104,138,125,56
2017_4,오금로46길,1459,729,730,9,249,398,371,316,116,5,93,210,188,158,75,4,156,188,183,158,41
2017_4,오금로36길,1185,867,318,6,184,366,375,200,54,1,98,255,309,164,40,5,86,111,66,36,14
2017_4,오금로11길,2097,1358,739,14,253,517,478,415,420,8,130,350,303,243,324,6,123,167,175,172,96
2017_4,양재대로72길,650,329,321,1,87,148,189,141,84,0,27,78,87,71,66,1,60,70,102,70,18
2017_4,양재대로71길,1394,853,541,7,236,388,323,234,206,3,83,218,226,162,161,4,153,170,97,72,45
2017_4,양재대로64길,1481,630,851,5,399,496,332,172,77,0,78,184,190,124,54,5,321,312,142,48,23
2017_4,양재대로62길,6569,4083,2486,4,207,447,587,891,4433,1,108,278,364,446,2886,3,99,169,223,445,1547
2017_4,송파대로30길,1626,999,627,15,273,366,405,374,193,5,157,255,252,210,120,10,116,111,153,164,73
2017_4,송이로36길,1978,1402,576,22,354,425,498,413,266,17,240,304,337,293,211,5,114,121,161,120,55
2017_4,송이로32길,714,391,323,2,62,137,216,214,83,2,24,92,110,109,54,0,38,45,106,105,29
2017_4,송이로23길,1340,819,521,8,139,280,306,300,307,5,63,158,167,189,237,3,76,122,139,111,70
2017_4,삼전로13길,1668,798,870,7,234,381,391,346,309,4,71,166,173,173,211,3,163,215,218,173,98
2017_4,백제고분로50길,1460,888,572,11,213,366,437,275,158,4,88,241,276,168,111,7,125,125,161,107,47
2017_4,백제고분로46길,1610,943,667,8,259,396,399,315,233,2,119,233,242,190,157,6,140,163,157,125,76
2017_4,백제고분로45길,480,304,176,1,78,99,118,122,62,1,51,60,79,72,41,0,27,39,39,50,21
2017_4,백제고분로42길,131,76,55,0,31,20,37,35,8,0,17,11,21,21,6,0,14,9,16,14,2
2017_4,백제고분로39길,1770,1237,533,9,338,743,401,201,78,3,210,651,262,72,39,6,128,92,139,129,39
2017_4,백제고분로34길,1529,968,561,10,210,348,472,322,167,4,108,230,306,203,117,6,102,118,166,119,50
2017_4,백제고분로33길,1092,693,399,5,126,267,313,269,112,2,60,163,201,177,90,3,66,104,112,92,22
2017_4,백제고분로32길,1072,482,590,5,150,211,247,314,145,3,47,97,121,124,90,2,103,114,126,190,55
2017_4,백제고분로31길,340,179,161,1,19,72,100,93,55,0,9,39,56,49,26,1,10,33,44,44,29
2017_4,백제고분로22길,1236,734,502,2,95,219,291,284,345,0,36,127,170,144,257,2,59,92,121,140,88
2017_4,백제고분로21길,199,141,58,0,31,44,38,45,41,0,12,30,27,33,39,0,19,14,11,12,2
2017_4,마천로51길,148,58,90,0,19,17,40,43,29,0,10,7,13,12,16,0,9,10,27,31,13
2017_4,동남로20길,134,72,62,0,13,20,46,36,19,0,6,10,27,20,9,0,7,10,19,16,10
2017_4,거마로20길,515,216,299,0,92,131,151,118,23,0,28,63,67,42,16,0,64,68,84,76,7
2017_4,학동로77길,2940,1524,1416,7,324,712,661,736,500,4,97,265,287,501,370,3,227,447,374,235,130
2017_4,학동로6길,1854,911,943,8,336,546,465,333,166,5,136,306,256,125,83,3,200,240,209,208,83
2017_4,학동로56길,921,476,445,0,107,258,247,222,87,0,30,111,122,146,67,0,77,147,125,76,20
2017_4,학동로38길,7344,4204,3140,34,1713,2008,1631,1156,802,12,655,1142,1047,785,563,22,1058,866,584,371,239
2017_4,테헤란로81길,570,224,346,16,257,184,74,22,17,8,95,68,22,15,16,8,162,116,52,7,1
2017_4,일원로9길,542,311,231,2,43,89,128,131,149,1,18,57,76,60,99,1,25,32,52,71,50
2017_4,일원로3길,221,107,114,1,17,46,66,54,37,0,10,33,39,17,8,1,7,13,27,37,29
2017_4,영동대로65길,3282,1972,1310,14,603,1154,820,402,289,7,270,719,574,221,181,7,333,435,246,181,108
2017_4,영동대로112길,605,383,222,5,120,174,147,96,63,3,67,118,102,55,38,2,53,56,45,41,25
2017_4,언주로81길,8479,4618,3861,43,2591,2627,1810,922,486,10,842,1521,1212,698,335,33,1749,1106,598,224,151
2017_4,압구정로2길,2657,1444,1213,25,636,851,642,309,194,8,248,496,389,158,145,17,388,355,253,151,49
2017_4,선릉로18길,414,227,187,0,29,58,86,105,136,0,9,36,48,51,83,0,20,22,38,54,53
2017_4,선릉로146길,1927,1023,904,7,484,702,401,206,127,2,221,391,235,110,64,5,263,311,166,96,63
2017_4,선릉로133길,234,127,107,0,36,73,50,37,38,0,10,42,28,20,27,0,26,31,22,17,11
2017_4,선릉로132길,1008,567,441,3,146,278,193,194,194,1,32,143,105,133,153,2,114,135,88,61,41
2017_4,선릉로121길,1883,960,923,14,410,607,435,232,185,3,143,322,246,117,129,11,267,285,189,115,56
2017_4,삼성로75길,2726,1519,1207,22,615,745,563,471,310,5,224,378,339,338,235,17,391,367,224,133,75
2017_4,삼성로69길,328,167,161,0,99,100,77,35,17,0,27,58,42,24,16,0,72,42,35,11,1
2017_4,삼성로64길,488,241,247,4,123,154,98,72,37,2,37,76,67,37,22,2,86,78,31,35,15
2017_4,삼성로63길,225,99,126,12,51,35,61,49,17,5,20,13,29,23,9,7,31,22,32,26,8
2017_4,삼성로57길,822,262,560,5,129,288,215,122,63,2,35,79,66,42,38,3,94,209,149,80,25
2017_4,삼성로147길,981,390,591,6,310,295,173,125,72,1,80,115,82,66,46,5,230,180,91,59,26
2017_4,삼성로115길,264,159,105,1,45,87,62,42,27,1,18,60,40,24,16,0,27,27,22,18,11
2017_4,봉은사로68길,214,99,115,0,54,69,51,23,17,0,15,32,29,13,10,0,39,37,22,10,7
2017_4,봉은사로57길,1063,663,400,3,337,318,223,120,62,2,125,206,174,100,56,1,212,112,49,20,6
2017_4,봉은사로43길,1059,681,378,20,234,346,241,124,94,20,121,226,172,81,61,0,113,120,69,43,33
2017_4,봉은사로29길,136,92,44,0,31,49,22,25,9,0,20,36,15,15,6,0,11,13,7,10,3
2017_4,봉은사로109길,332,169,163,0,73,94,68,51,46,0,23,51,36,30,29,0,50,43,32,21,17
2017_4,도산대로89길,2437,913,1524,43,691,866,470,257,110,0,166,308,246,124,69,43,525,558,224,133,41
2017_4,도산대로81길,4309,1403,2906,46,1457,1282,991,341,192,5,398,493,269,129,109,41,1059,789,722,212,83
2017_4,도산대로50길,2752,1904,848,0,243,467,591,799,652,0,146,365,511,570,312,0,97,102,80,229,340
2017_4,도산대로38길,160,89,71,2,44,35,44,21,14,0,19,22,27,14,7,2,25,13,17,7,7
2017_4,도산대로30길,3166,1543,1623,5,906,1062,707,348,138,2,318,543,390,183,107,3,588,519,317,165,31
2017_4,도산대로23길,1335,830,505,12,373,370,261,155,164,3,158,215,191,121,142,9,215,155,70,34,22
2017_4,도산대로15길,1643,744,899,12,591,537,294,140,69,6,211,266,149,73,39,6,380,271,145,67,30
2017_4,도곡로37길,4042,2193,1849,7,949,1274,1061,529,222,2,304,715,697,313,162,5,645,559,364,216,60
2017_4,논현로8길,787,438,349,5,159,218,210,120,75,1,84,148,94,53,58,4,75,70,116,67,17
2017_4,논현로63길,12527,3369,9158,169,2196,2272,5151,2471,268,75,956,883,730,490,235,94,1240,1389,4421,1981,33
2017_4,논현로28길,10312,7066,3246,33,2264,3977,2463,1006,569,16,1075,2648,1981,853,493,17,1189,1329,482,153,76
2017_4,논현로26길,7756,5083,2673,36,1284,2076,1558,1044,1758,30,721,1634,1243,696,759,6,563,442,315,348,999
2017_4,논현로139길,2712,1293,1419,1,802,893,520,266,230,0,214,463,318,130,168,1,588,430,202,136,62
2017_4,논현로123길,102,64,38,2,21,23,26,22,8,1,11,18,17,12,5,1,10,5,9,10,3
2017_4,논현로115길,2832,1478,1354,7,761,990,621,249,204,0,256,520,420,144,138,7,505,470,201,105,66
2017_4,논현로10길,2555,1682,873,10,269,510,651,603,512,4,137,356,423,379,383,6,132,154,228,224,129
2017_4,논현로106길,2682,1583,1099,9,439,622,704,521,387,2,210,421,440,259,251,7,229,201,264,262,136
2017_4,남부순환로365길,173,122,51,0,21,37,57,36,22,0,11,26,39,30,16,0,10,11,18,6,6
2017_4,개포로28길,282,187,95,1,39,82,70,60,30,1,16,58,52,37,23,0,23,24,18,23,7
2017_4,개포로20길,4058,2238,1820,23,632,935,1120,877,471,14,259,540,618,446,361,9,373,395,502,431,110
2017_4,개포로17길,2690,1706,984,5,361,723,769,557,275,2,166,465,510,351,212,3,195,258,259,206,63
2017_4,강남대로140길,4108,2093,2015,19,845,1116,842,802,484,4,241,549,521,415,363,15,604,567,321,387,121
2017_4,강남대로136길,1291,725,566,8,306,442,319,138,78,1,110,252,214,87,61,7,196,190,105,51,17
2017_4,강남대로118길,626,328,298,2,96,141,140,87,160,0,28,68,85,43,104,2,68,73,55,44,56
2017_4,서초중앙로8길,7043,5231,1812,17,1172,2287,1921,1288,358,10,661,1742,1544,980,294,7,511,545,377,308,64
2017_4,방배중앙로21길,1254,641,613,8,187,234,284,279,262,3,62,120,154,128,174,5,125,114,130,151,88
2017_4,효령로72길,192,107,85,2,48,38,44,43,17,1,12,27,25,29,13,1,36,11,19,14,4
2017_4,효령로34길,32,27,5,0,3,4,10,7,8,0,2,2,9,6,8,0,1,2,1,1,0
2017_4,효령로31길,1346,733,613,10,321,318,360,206,131,7,83,173,239,131,100,3,238,145,121,75,31
2017_4,효령로23길,707,416,291,3,135,164,199,125,81,1,52,99,128,74,62,2,83,65,71,51,19
2017_4,청두곶길,2085,1320,765,52,532,513,558,324,106,13,304,361,335,234,73,39,228,152,223,90,33
2017_4,주흥길,328,212,116,1,55,106,97,49,20,1,22,63,72,36,18,0,33,43,25,13,2
2017_4,주흥15길,1413,917,496,1,315,435,298,191,173,1,142,291,227,126,130,0,173,144,71,65,43
2017_4,언남길,1692,1150,542,7,255,466,511,306,147,4,147,308,359,208,124,3,108,158,152,98,23
2017_4,신반포로45길,438,274,164,3,84,113,95,57,86,3,36,66,71,40,58,0,48,47,24,17,28
2017_4,서초대로8길,255,141,114,1,41,65,89,38,21,0,14,40,52,24,11,1,27,25,37,14,10
2017_4,서초대로64길,534,370,164,2,89,119,154,110,60,1,49,74,116,87,43,1,40,45,38,23,17
2017_4,서초대로4길,659,488,171,3,73,178,148,128,129,3,53,128,120,87,97,0,20,50,28,41,32
2017_4,서초대로25길,3516,2058,1458,38,759,1095,867,537,220,15,342,661,571,320,149,23,417,434,296,217,71
2017_4,서초대로23길,579,344,235,0,92,165,130,62,130,0,41,102,74,35,92,0,51,63,56,27,38
2017_4,서초대로15길,1479,682,797,11,186,336,407,327,212,4,50,159,174,142,153,7,136,177,233,185,59
2017_4,사평대로57길,169,68,101,1,43,58,25,19,23,1,10,29,14,11,3,0,33,29,11,8,20
2017_4,사평대로26길,14,9,5,0,1,1,5,2,5,0,0,1,3,2,3,0,1,0,2,0,2
2017_4,사평대로22길,1423,834,589,27,400,360,306,214,116,11,189,240,203,132,59,16,211,120,103,82,57
2017_4,사임당로17길,1806,1055,751,21,406,619,391,228,141,9,143,380,255,156,112,12,263,239,136,72,29
2017_4,방배로42길,153,80,73,0,32,32,42,21,26,0,9,12,28,14,17,0,23,20,14,7,9
2017_4,방배로35길,2322,1472,850,7,359,539,502,454,461,2,160,346,320,301,343,5,199,193,182,153,118
2017_4,방배로18길,91,46,45,0,20,23,23,11,14,0,10,9,15,3,9,0,10,14,8,8,5
2017_4,반포대로9길,663,399,264,3,120,180,183,104,73,2,53,107,112,73,52,1,67,73,71,31,21
2017_4,바우뫼로39길,2109,1328,781,6,254,625,455,352,417,5,118,400,317,218,270,1,136,225,138,134,147
2017_4,마방로2길,3784,2370,1414,22,671,1111,968,757,255,12,295,730,667,489,177,10,376,381,301,268,78
2017_4,방배천로4안길,1289,831,458,1,150,294,391,312,141,0,61,188,279,225,78,1,89,106,112,87,63
2017_4,동산로19길,1312,874,438,2,145,382,358,254,171,2,82,260,251,173,106,0,63,122,107,81,65
2017_4,동산로10길,2832,1533,1299,14,362,596,678,674,508,10,181,402,346,325,269,4,181,194,332,349,239
2017_4,동광로39길,45,28,17,0,5,5,18,8,9,0,3,3,11,5,6,0,2,2,7,3,3
2017_4,동광로1길,1211,717,494,4,187,324,314,213,169,2,72,203,205,130,105,2,115,121,109,83,64
2017_4,동광로12길,778,503,275,7,98,191,223,150,109,5,45,124,140,111,78,2,53,67,83,39,31
2017_4,논현로27길,3605,2527,1078,23,604,929,998,694,357,13,308,622,740,549,295,10,296,307,258,145,62
2017_4,논현로1길,555,360,195,1,96,165,119,101,73,0,51,117,88,60,44,1,45,48,31,41,29
2017_4,남부순환로339길,13231,5774,7457,115,3841,3051,2886,2478,860,55,1620,1806,1213,659,421,60,2221,1245,1673,1819,439
2017_4,남부순환로325길,8081,3910,4171,32,1303,2956,1976,1304,510,13,475,1263,1069,721,369,19,828,1693,907,583,141
2017_4,남부순환로317길,1704,1181,523,10,378,627,334,173,182,6,200,468,253,131,123,4,178,159,81,42,59
2017_4,고무래로8길,6567,3390,3177,16,874,1748,1697,1169,1063,6,241,763,1001,728,651,10,633,985,696,441,412
2017_4,강남대로8길,2653,1587,1066,7,278,656,763,605,344,2,140,399,463,343,240,5,138,257,300,262,104
2017_4,강남대로34길,1036,663,373,2,255,347,234,113,85,0,136,239,147,66,75,2,119,108,87,47,10
2017_4,강남대로23길,6445,4474,1971,29,1044,1637,1554,1471,710,19,661,1223,1187,900,484,10,383,414,367,571,226
2017_4,소담길,27,7,20,0,4,8,1,12,2,0,0,3,0,3,1,0,4,5,1,9,1
2017_4,원신길,295,114,181,0,50,93,52,60,40,0,5,40,24,29,16,0,45,53,28,31,24
2017_4,양산길,342,241,101,0,24,48,66,97,107,0,4,22,46,72,97,0,20,26,20,25,10
2017_4,호암로24길,655,251,404,3,74,120,161,159,138,2,27,65,67,32,58,1,47,55,94,127,80
2017_4,호암로20길,40,27,13,0,3,7,7,14,9,0,2,6,4,8,7,0,1,1,3,6,2
2017_4,행운길,21,5,16,0,1,2,7,10,1,0,1,1,1,1,1,0,0,1,6,9,0
2017_4,행운1길,101,72,29,0,10,20,34,19,18,0,5,13,24,16,14,0,5,7,10,3,4
2017_4,청림3길,79,39,40,1,12,22,22,15,7,0,2,11,12,8,6,1,10,11,10,7,1
2017_4,청룡길,84,43,41,1,22,24,23,11,3,1,6,13,14,7,2,0,16,11,9,4,1
2017_4,청룡8길,7,3,4,0,0,2,0,2,3,0,0,0,0,1,2,0,0,2,0,1,1
2017_4,중앙길,257,99,158,0,33,53,76,59,36,0,4,14,34,27,20,0,29,39,42,32,16
2017_4,조원중앙로2길,1156,837,319,2,149,318,280,308,99,0,101,225,211,224,76,2,48,93,69,84,23
2017_4,조원로18길,1045,558,487,3,131,233,272,232,174,2,43,140,150,125,98,1,88,93,122,107,76
2017_4,조원로10길,266,124,142,3,54,51,54,57,47,1,17,27,21,28,30,2,37,24,33,29,17
2017_4,장군봉2길,215,114,101,0,19,53,57,59,27,0,6,20,29,35,24,0,13,33,28,24,3
2017_4,장군봉1길,86,14,72,0,6,32,27,18,3,0,1,3,2,5,3,0,5,29,25,13,0
2017_4,인헌길,88,50,38,0,15,16,21,24,12,0,7,13,12,11,7,0,8,3,9,13,5
2017_4,은천로25길,280,89,191,0,51,65,73,52,39,0,1,17,28,23,20,0,50,48,45,29,19
2017_4,양녕로6길,868,500,368,16,104,175,218,210,145,16,44,86,127,139,88,0,60,89,91,71,57
2017_4,신원로3길,27,19,8,0,2,9,13,2,1,0,2,5,10,1,1,0,0,4,3,1,0
2017_4,신사로20길,34,10,24,0,6,9,4,10,5,0,1,1,2,4,2,0,5,8,2,6,3
2017_4,신림로64길,237,107,130,3,35,53,70,60,16,0,20,25,30,25,7,3,15,28,40,35,9
2017_4,신림로48길,74,36,38,0,8,16,22,15,13,0,2,8,10,6,10,0,6,8,12,9,3
2017_4,신림로38길,60,32,28,0,6,17,12,10,15,0,2,14,3,4,9,0,4,3,9,6,6
2017_4,신림로28길,314,218,96,1,14,42,83,92,82,1,4,17,45,75,76,0,10,25,38,17,6
2017_4,신림로11길,453,412,41,0,9,23,144,210,67,0,7,18,133,193,61,0,2,5,11,17,6
2017_4,신림동길,371,223,148,0,65,99,88,71,48,0,37,67,56,36,27,0,28,32,32,35,21
2017_4,승방길,573,372,201,2,85,181,174,88,43,0,43,133,123,46,27,2,42,48,51,42,16
2017_4,서림7길,283,106,177,0,25,65,83,90,20,0,11,25,27,34,9,0,14,40,56,56,11
2017_4,봉천로33길,350,226,124,4,40,73,88,78,67,3,27,49,59,42,46,1,13,24,29,36,21
2017_4,봉천로13길,314,88,226,1,23,44,93,108,45,0,4,14,28,26,16,1,19,30,65,82,29
2017_4,복은길,164,61,103,0,17,19,39,53,36,0,5,6,22,18,10,0,12,13,17,35,26
2017_4,법원단지9길,91,40,51,0,14,24,18,25,10,0,5,14,6,9,6,0,9,10,12,16,4
2017_4,미성5길,72,39,33,0,8,14,14,22,14,0,4,7,8,8,12,0,4,7,6,14,2
2017_4,대학길,81,34,47,0,8,23,19,23,8,0,1,14,7,9,3,0,7,9,12,14,5
2017_4,대학14길,12,3,9,0,1,1,0,4,6,0,0,1,0,2,0,0,1,0,0,2,6
2017_4,당곡길,383,198,185,2,45,78,106,84,68,0,19,39,50,38,52,2,26,39,56,46,16
2017_4,남현길,225,80,145,0,31,61,56,55,22,0,8,15,24,19,14,0,23,46,32,36,8
2017_4,남현3길,400,253,147,0,38,73,98,103,88,0,10,37,55,79,72,0,28,36,43,24,16
2017_4,남부순환로248길,234,118,116,1,30,61,61,59,22,1,8,35,26,32,16,0,22,26,35,27,6
2017_4,남부순환로234길,132,87,45,0,11,34,36,28,23,0,4,25,26,18,14,0,7,9,10,10,9
2017_4,남부순환로172길,1398,778,620,1,124,230,329,413,301,0,48,130,170,226,204,1,76,100,159,187,97
2017_4,남부순환로161길,30,12,18,0,1,6,16,5,2,0,1,1,7,2,1,0,0,5,9,3,1
2017_4,남부순환로151길,185,133,52,0,8,30,53,61,33,0,4,19,42,40,28,0,4,11,11,21,5
2017_4,남부순환로142길,74,35,39,0,11,13,14,22,14,0,3,6,5,14,7,0,8,7,9,8,7
2017_4,난향길,168,41,127,0,22,47,52,30,17,0,2,5,15,7,12,0,20,42,37,23,5
2017_4,난우길,415,160,255,0,29,74,103,104,105,0,5,28,56,34,37,0,24,46,47,70,68
2017_4,난곡로74길,135,62,73,1,29,40,27,23,15,1,8,18,16,11,8,0,21,22,11,12,7
2017_4,난곡로34길,24,8,16,0,6,3,9,3,3,0,0,0,4,2,2,0,6,3,5,1,1
2017_4,난곡로26길,131,51,80,0,12,23,53,31,12,0,4,12,14,13,8,0,8,11,39,18,4
2017_4,난곡로24길,32,17,15,0,4,8,11,8,1,0,0,4,6,6,1,0,4,4,5,2,0
2017_4,낙성대역길,689,437,252,0,58,103,136,203,189,0,15,53,65,145,159,0,43,50,71,58,30
2017_4,국회단지길,545,258,287,1,111,113,150,111,59,0,27,65,90,44,32,1,84,48,60,67,27
2017_4,구암길,72,26,46,0,11,14,22,14,11,0,5,5,4,5,7,0,6,9,18,9,4
2017_4,관천로22길,23,9,14,0,4,5,6,5,3,0,1,3,3,0,2,0,3,2,3,5,1
2017_4,관천로15길,137,73,64,0,13,27,39,34,24,0,4,16,20,14,19,0,9,11,19,20,5
2017_4,관악로30길,185,63,122,0,22,41,51,42,29,0,6,15,18,12,12,0,16,26,33,30,17
2017_4,관악로28길,145,67,78,0,16,18,41,29,41,0,3,4,9,13,38,0,13,14,32,16,3
2017_4,관악로14길,443,241,202,4,101,90,85,76,87,0,30,57,52,36,66,4,71,33,33,40,21
2017_4,관악로10길,227,159,68,0,32,50,73,42,30,0,19,37,53,29,21,0,13,13,20,13,9
2017_4,흑석로9길,186,88,98,0,48,43,33,38,24,0,25,27,15,14,7,0,23,16,18,24,17
2017_4,흑석로13길,132,10,122,0,49,38,22,12,11,0,2,3,1,1,3,0,47,35,21,11,8
2017_4,장승배기로27길,37,18,19,0,3,5,13,9,7,0,1,1,6,6,4,0,2,4,7,3,3
2017_4,장승배기로19길,7,4,3,0,1,1,2,2,1,0,0,0,1,2,1,0,1,1,1,0,0
2017_4,여의대방로46길,474,150,324,1,63,153,140,85,32,0,11,49,33,35,22,1,52,104,107,50,10
2017_4,여의대방로24길,17503,8680,8823,120,3114,2870,3182,4948,3269,66,2177,2181,1444,1544,1268,54,937,689,1738,3404,2001
2017_4,여의대방로22카길,289,115,174,1,28,43,94,90,33,1,7,31,36,27,13,0,21,12,58,63,20
2017_4,여의대방로22나길,138,57,81,0,14,32,40,36,16,0,7,9,15,17,9,0,7,23,25,19,7
2017_4,여의대방로22길,214,120,94,1,38,38,50,55,32,1,19,26,26,25,23,0,19,12,24,30,9
2017_4,양녕로26길,129,60,69,0,15,16,32,42,24,0,2,6,14,20,18,0,13,10,18,22,6
2017_4,신대방길,107,68,39,0,8,28,32,22,17,0,3,16,21,15,13,0,5,12,11,7,4
2017_4,성대로29길,2,2,0,0,0,0,2,0,0,0,0,0,2,0,0,0,0,0,0,0,0
2017_4,성대로1길,315,130,185,2,17,55,98,66,77,0,6,28,43,26,27,2,11,27,55,40,50
2017_4,서달로8가길,264,104,160,2,34,50,58,58,62,0,10,20,18,23,33,2,24,30,40,35,29
2017_4,서달로14길,30,12,18,0,8,4,10,5,3,0,1,2,5,1,3,0,7,2,5,4,0
2017_4,서달로10길,58,28,30,0,2,14,12,26,4,0,1,7,6,12,2,0,1,7,6,14,2
2017_4,상도로62길,191,58,133,1,13,42,56,48,31,0,0,11,15,13,19,1,13,31,41,35,12
2017_4,상도로61길,46,19,27,0,12,6,12,11,5,0,1,1,7,6,4,0,11,5,5,5,1
2017_4,상도로47길,55,41,14,0,11,17,13,12,2,0,9,13,9,8,2,0,2,4,4,4,0
2017_4,상도로37길,1918,938,980,38,314,495,510,374,187,1,80,306,282,183,86,37,234,189,228,191,101
2017_4,상도로15길,330,144,186,0,44,59,114,81,32,0,11,22,61,36,14,0,33,37,53,45,18
2017_4,사당로8길,118,64,54,0,11,25,27,32,23,0,1,11,15,20,17,0,10,14,12,12,6
2017_4,사당로30길,314,211,103,0,31,85,111,63,24,0,15,51,79,48,18,0,16,34,32,15,6
2017_4,사당로2차길,118,81,37,2,48,21,16,18,13,1,41,9,11,9,10,1,7,12,5,9,3
2017_4,사당로29길,16,13,3,0,0,1,1,6,8,0,0,0,0,5,8,0,0,1,1,1,0
2017_4,사당로26길,268,149,119,0,43,46,89,61,29,0,16,27,58,30,18,0,27,19,31,31,11
2017_4,사당로23나길,130,39,91,0,13,19,44,28,26,0,3,3,11,4,18,0,10,16,33,24,8
2017_4,사당로23길,13,9,4,0,1,3,2,6,1,0,1,2,1,4,1,0,0,1,1,2,0
2017_4,사당로20길,194,144,50,0,6,21,84,51,32,0,1,15,67,34,27,0,5,6,17,17,5
2017_4,사당로16길,136,41,95,0,8,28,44,42,14,0,3,6,15,10,7,0,5,22,29,32,7
2017_4,사당로16가길,716,461,255,0,24,61,102,120,409,0,14,33,50,68,296,0,10,28,52,52,113
2017_4,만양로8길,86,40,46,0,13,16,22,20,15,0,2,5,14,10,9,0,11,11,8,10,6
2017_4,만양로14길,328,143,185,1,25,79,98,67,58,0,4,27,44,33,35,1,21,52,54,34,23
2017_4,등용로14길,678,460,218,1,115,200,177,93,92,0,79,152,129,50,50,1,36,48,48,43,42
2017_4,동작대로7길,1712,644,1068,12,408,388,413,336,155,5,83,163,176,124,93,7,325,225,237,212,62
2017_4,동작대로35길,895,120,775,0,70,85,219,401,120,0,14,31,32,22,21,0,56,54,187,379,99
2017_4,동작대로33길,116,63,53,0,15,23,30,31,17,0,3,11,17,22,10,0,12,12,13,9,7
2017_4,동작대로29길,32,18,14,0,4,5,11,6,6,0,4,3,5,3,3,0,0,2,6,3,3
2017_4,동작대로17길,1411,718,693,6,245,360,436,251,113,3,73,172,253,147,70,3,172,188,183,104,43
2017_4,대방동2길,462,215,247,0,67,120,123,110,42,0,17,63,62,53,20,0,50,57,61,57,22
2017_4,대방동27길,107,61,46,0,10,24,21,35,17,0,7,12,9,20,13,0,3,12,12,15,4
2017_4,노량진로6길,107,28,79,0,7,25,26,37,12,0,2,7,5,11,3,0,5,18,21,26,9
2017_4,국사봉길,38,6,32,0,3,7,13,9,6,0,1,0,2,2,1,0,2,7,11,7,5
2017_4,국사봉2길,53,19,34,0,12,8,6,13,14,0,1,3,2,5,8,0,11,5,4,8,6
2017_4,국사봉1길,7,3,4,0,1,1,2,3,0,0,0,1,1,1,0,0,1,0,1,2,0
2017_4,영신로9길,333,176,157,1,37,83,99,74,39,1,16,50,52,34,23,0,21,33,47,40,16
2017_4,영등포로84길,406,96,310,4,59,58,73,137,75,1,16,30,19,16,14,3,43,28,54,121,61
2017_4,영등포로80길,52,24,28,1,8,11,11,9,12,1,1,1,6,5,10,0,7,10,5,4,2
2017_4,영등포로62길,2,2,0,0,0,0,2,0,0,0,0,0,2,0,0,0,0,0,0,0,0
2017_4,영등포로35길,89,56,33,0,12,25,21,23,8,0,9,17,13,12,5,0,3,8,8,11,3
2017_4,영등포로27길,323,187,136,1,34,77,110,70,31,0,15,43,62,40,27,1,19,34,48,30,4
2017_4,여의대방로43나길,2158,1708,450,1,38,136,342,841,800,0,22,98,260,638,690,1,16,38,82,203,110
2017_4,여의대방로39길,14,10,4,0,2,5,6,1,0,0,2,5,3,0,0,0,0,0,3,1,0
2017_4,여의대방로35길,817,426,391,8,133,190,226,143,117,7,44,89,118,81,87,1,89,101,108,62,30
2017_4,양평로28길,599,470,129,5,36,104,163,210,81,5,21,69,136,171,68,0,15,35,27,39,13
2017_4,양평로22라길,29,14,15,0,5,8,7,4,5,0,2,3,2,2,5,0,3,5,5,2,0
2017_4,양평로19길,4405,3439,966,3,764,1926,1178,424,110,0,405,1597,997,350,90,3,359,329,181,74,20
2017_4,신길로60길,497,184,313,2,37,133,142,125,58,1,5,57,63,38,20,1,32,76,79,87,38
2017_4,신길로42길,377,174,203,1,49,96,102,85,44,0,15,45,51,37,26,1,34,51,51,48,18
2017_4,신길로42가길,101,36,65,0,13,22,26,24,16,0,5,7,10,5,9,0,8,15,16,19,7
2017_4,신길로39길,112,49,63,1,12,21,27,23,28,1,2,11,13,10,12,0,10,10,14,13,16
2017_4,신길로17길,48,33,15,0,1,4,15,18,10,0,1,4,8,12,8,0,0,0,7,6,2
2017_4,선유서로28길,389,212,177,3,50,72,93,105,66,1,23,37,51,58,42,2,27,35,42,47,24
2017_4,선유서로25길,2516,1819,697,5,245,626,602,541,497,2,151,493,454,393,326,3,94,133,148,148,171
2017_4,선유서로24길,134,78,56,0,8,29,41,31,25,0,3,15,24,19,17,0,5,14,17,12,8
2017_4,선유로55길,2446,1497,949,13,457,701,633,427,215,2,226,441,414,257,157,11,231,260,219,170,58
2017_4,디지털로74길,46,28,18,0,6,15,13,10,2,0,3,11,9,5,0,0,3,4,4,5,2
2017_4,디지털로57길,6,3,3,0,1,3,1,1,0,0,0,2,0,1,0,0,1,1,1,0,0
2017_4,디지털로37길,211,93,118,0,22,49,50,51,39,0,8,21,19,20,25,0,14,28,31,31,14
2017_4,도신로62길,184,57,127,0,15,44,65,52,8,0,4,18,17,14,4,0,11,26,48,38,4
2017_4,도신로60길,74,12,62,0,3,3,15,24,29,0,0,1,7,1,3,0,3,2,8,23,26
2017_4,도신로29길,85,38,47,1,7,7,18,32,20,0,7,4,10,10,7,1,0,3,8,22,13
2017_4,도신로15길,80,39,41,0,13,16,27,14,10,0,3,8,14,7,7,0,10,8,13,7,3
2017_4,도림천로21길,77,33,44,0,21,15,11,18,12,0,10,4,5,4,10,0,11,11,6,14,2
2017_4,도림로63길,37,26,11,0,4,5,12,11,5,0,4,3,8,8,3,0,0,2,4,3,2
2017_4,도림로147길,1709,1243,466,1,116,306,527,539,220,1,74,218,368,410,172,0,42,88,159,129,48
2017_4,도림로112길,14,12,2,0,1,3,7,2,1,0,1,3,5,2,1,0,0,0,2,0,0
2017_4,대림로8길,1839,589,1250,1,602,503,341,271,121,1,102,169,132,119,66,0,500,334,209,152,55
2017_4,대림로7길,9,5,4,0,0,0,3,6,0,0,0,0,2,3,0,0,0,0,1,3,0
2017_4,대림로44길,25,15,10,0,0,6,6,7,6,0,0,3,3,5,4,0,0,3,3,2,2
2017_4,대림로34길,188,76,112,2,20,42,68,37,19,0,7,13,29,17,10,2,13,29,39,20,9
2017_4,대림로31길,1043,548,495,3,122,131,200,318,269,2,64,78,99,150,155,1,58,53,101,168,114
2017_4,대림로29길,1681,800,881,6,251,339,443,394,248,3,57,129,223,216,172,3,194,210,220,178,76
2017_4,대림로22길,361,200,161,0,21,57,132,90,61,0,7,30,79,48,36,0,14,27,53,42,25
2017_4,당산로46길,4479,2666,1813,15,659,836,1175,1182,612,1,152,555,803,752,403,14,507,281,372,430,209
2017_4,당산로38길,172,114,58,2,23,51,47,34,15,1,11,32,29,26,15,1,12,19,18,8,0
2017_4,당산로37길,3971,2595,1376,75,940,894,748,809,505,56,490,601,531,557,360,19,450,293,217,252,145
2017_4,당산로31길,4319,2309,2010,12,631,1187,1053,957,479,4,213,546,572,633,341,8,418,641,481,324,138
2017_4,국회대로56길,1675,1079,596,10,127,242,329,403,564,5,68,172,238,296,300,5,59,70,91,107,264
2017_4,경인로90길,323,182,141,1,31,69,80,93,49,1,13,35,36,57,40,0,18,34,44,36,9
2017_4,경인로80길,1545,1091,454,6,155,274,397,425,288,3,85,181,263,318,241,3,70,93,134,107,47
2017_4,경인로77길,697,450,247,3,107,142,157,179,109,0,40,72,117,130,91,3,67,70,40,49,18
2017_4,가마산로61길,196,71,125,1,21,45,58,44,27,1,2,15,24,12,17,0,19,30,34,32,10
2017_4,시흥대로94길,687,346,341,0,75,139,195,176,102,0,34,73,94,88,57,0,41,66,101,88,45
2017_4,시흥대로84길,186,76,110,0,20,35,71,38,22,0,2,16,24,21,13,0,18,19,47,17,9
2017_4,시흥대로68길,751,201,550,1,21,42,78,146,463,0,8,19,22,34,118,1,13,23,56,112,345
2017_4,시흥대로63길,2941,1455,1486,13,457,915,651,642,263,3,220,379,260,426,167,10,237,536,391,216,96
2017_4,시흥대로62가길,437,116,321,0,58,75,94,147,63,0,15,26,23,32,20,0,43,49,71,115,43
2017_4,시흥대로36길,386,228,158,0,59,107,123,68,29,0,29,62,76,41,20,0,30,45,47,27,9
2017_4,시흥대로22길,478,332,146,1,26,56,113,129,153,0,12,37,66,96,121,1,14,19,47,33,32
2017_4,시흥대로153길,664,384,280,1,63,137,204,193,66,1,31,86,124,99,43,0,32,51,80,94,23
2017_4,시흥대로150길,537,249,288,0,47,107,155,140,88,0,13,42,59,75,60,0,34,65,96,65,28
2017_4,시흥대로141길,656,389,267,5,125,165,167,134,60,4,52,98,111,85,39,1,73,67,56,49,21
2017_4,시흥대로138길,18,10,8,0,2,4,3,7,2,0,1,3,0,4,2,0,1,1,3,3,0
2017_4,시흥대로120길,501,323,178,0,81,100,170,116,34,0,58,62,124,59,20,0,23,38,46,57,14
2017_4,벚꽃로56길,1863,1315,548,8,330,685,499,254,87,8,203,474,383,178,69,0,127,211,116,76,18
2017_4,범안로17길,145,86,59,0,14,25,29,44,33,0,10,17,12,29,18,0,4,8,17,15,15
2017_4,범안로11길,1095,859,236,21,146,300,320,209,99,17,105,241,252,165,79,4,41,59,68,44,20
2017_4,문성로5길,162,51,111,0,10,20,26,60,46,0,3,9,8,15,16,0,7,11,18,45,30
2017_4,독산로85길,93,24,69,0,5,8,18,39,23,0,0,4,3,12,5,0,5,4,15,27,18
2017_4,독산로78다길,219,93,126,0,30,29,58,47,55,0,9,8,21,18,37,0,21,21,37,29,18
2017_4,독산로70길,2,2,0,0,0,0,0,0,2,0,0,0,0,0,2,0,0,0,0,0,0
2017_4,독산로64길,114,28,86,1,29,21,32,26,5,0,3,7,8,7,3,1,26,14,24,19,2
2017_4,독산로50길,93,37,56,0,6,16,25,39,7,0,1,5,8,18,5,0,5,11,17,21,2
2017_4,독산로40길,53,19,34,0,2,5,25,16,5,0,1,3,9,3,3,0,1,2,16,13,2
2017_4,독산로108길,715,340,375,2,116,134,158,183,122,0,39,64,77,82,78,2,77,70,81,101,44
2017_4,남부순환로112길,9,4,5,0,1,1,1,2,4,0,0,1,0,1,2,0,1,0,1,1,2
2017_4,금하로24길,205,66,139,0,35,37,53,55,25,0,8,12,11,20,15,0,27,25,42,35,10
2017_4,금하로1길,70,32,38,0,5,13,22,22,8,0,2,8,9,9,4,0,3,5,13,13,4
2017_4,금하로14길,21,8,13,0,1,6,11,3,0,0,0,2,4,2,0,0,1,4,7,1,0
2017_4,가산로5길,592,465,127,9,79,124,195,129,56,6,66,97,149,105,42,3,13,27,46,24,14
2017_4,가산로3길,2351,1800,551,9,257,481,518,691,395,9,203,412,387,483,306,0,54,69,131,208,89
2017_4,중앙로1길,1508,1058,450,3,190,294,286,288,447,0,116,195,179,192,376,3,74,99,107,96,71
2017_4,중앙로15길,89,42,47,0,7,13,25,30,14,0,1,5,5,18,13,0,6,8,20,12,1
2017_4,우마길,35,21,14,0,7,11,14,3,0,0,1,9,9,2,0,0,6,2,5,1,0
2017_4,오류로8길,210,97,113,0,35,61,44,47,23,0,10,33,17,18,19,0,25,28,27,29,4
2017_4,신도림로13길,779,581,198,3,71,139,192,253,121,3,57,105,132,187,97,0,14,34,60,66,24
2017_4,새말로18길,1067,442,625,2,521,347,104,53,40,0,154,176,53,34,25,2,367,171,51,19,15
2017_4,부일로1길,759,607,152,0,42,86,159,245,227,0,25,55,116,200,211,0,17,31,43,45,16
2017_4,부일로15길,182,150,32,0,8,10,22,66,76,0,3,6,15,55,71,0,5,4,7,11,5
2017_4,부일로11길,27,7,20,0,4,5,9,7,2,0,0,1,3,3,0,0,4,4,6,4,2
2017_4,디지털로32길,1101,565,536,1,194,375,227,155,149,1,65,199,126,71,103,0,129,176,101,84,46
2017_4,디지털로32가길,7234,4978,2256,51,1642,2829,1702,646,364,35,805,2044,1330,480,284,16,837,785,372,166,80
2017_4,디지털로27길,388,250,138,0,23,69,104,143,49,0,8,37,60,100,45,0,15,32,44,43,4
2017_4,도림로6길,114,48,66,0,17,29,38,23,7,0,5,10,19,11,3,0,12,19,19,12,4
2017_4,도림로12길,97,37,60,1,23,14,25,29,5,1,4,7,11,10,4,0,19,7,14,19,1
2017_4,남부순환로97길,269,86,183,2,44,55,77,56,35,0,7,13,22,26,18,2,37,42,55,30,17
2017_4,구로중앙로8길,214,76,138,0,19,37,67,57,34,0,3,11,18,20,24,0,16,26,49,37,10
2017_4,구로중앙로7길,192,70,122,0,37,32,50,45,28,0,4,4,20,18,24,0,33,28,30,27,4
2017_4,구로중앙로42길,806,605,201,2,57,139,218,259,131,2,40,107,146,201,109,0,17,32,72,58,22
2017_4,구로중앙로34길,563,323,240,0,36,101,164,139,123,0,14,55,106,80,68,0,22,46,58,59,55
2017_4,구로중앙로28길,3163,1519,1644,6,225,400,575,707,1250,5,96,235,337,405,441,1,129,165,238,302,809
2017_4,구로중앙로19길,10,6,4,0,1,1,4,1,3,0,0,1,3,0,2,0,1,0,1,1,1
2017_4,구로동로8길,140,41,99,0,23,23,37,32,25,0,4,6,13,13,5,0,19,17,24,19,20
2017_4,구로동로7길,168,62,106,0,27,24,47,48,22,0,7,3,15,19,18,0,20,21,32,29,4
2017_4,구로동로42길,21,14,7,0,0,4,9,7,1,0,0,2,6,5,1,0,0,2,3,2,0
2017_4,구로동로41길,447,282,165,0,64,121,142,92,28,0,49,76,84,51,22,0,15,45,58,41,6
2017_4,구로동로38길,36,14,22,0,8,2,11,7,8,0,1,0,6,1,6,0,7,2,5,6,2
2017_4,구로동로28길,197,90,107,1,15,44,63,36,38,0,5,25,26,12,22,1,10,19,37,24,16
2017_4,구로동로15길,25,4,21,0,8,7,2,6,2,0,0,1,0,2,1,0,8,6,2,4,1
2017_4,공원로6가길,292,200,92,6,46,68,91,58,23,2,33,44,66,37,18,4,13,24,25,21,5
2017_4,고척로52길,221,62,159,0,9,38,61,87,26,0,0,9,22,17,14,0,9,29,39,70,12
2017_4,고척로27다길,210,79,131,0,15,32,84,52,27,0,4,9,27,24,15,0,11,23,57,28,12
2017_4,고척로27길,241,111,130,0,27,52,77,70,15,0,7,22,33,40,9,0,20,30,44,30,6
2017_4,고척로21나길,214,54,160,3,25,35,34,68,49,2,1,15,6,9,21,1,24,20,28,59,28
2017_4,경인로47길,915,509,406,2,89,152,246,273,153,1,39,82,145,159,83,1,50,70,101,114,70
2017_4,경인로35길,287,116,171,0,16,57,90,79,45,0,5,22,29,36,24,0,11,35,61,43,21
2017_4,경인로31길,54,19,35,0,2,9,30,8,5,0,1,2,10,2,4,0,1,7,20,6,1
2017_4,경인로15길,149,65,84,0,32,48,36,17,16,0,7,29,14,7,8,0,25,19,22,10,8
2017_4,개봉로3길,260,168,92,1,62,54,68,41,34,1,46,34,31,26,30,0,16,20,37,15,4
2017_4,개봉로2길,487,134,353,0,81,121,151,92,42,0,13,22,45,28,26,0,68,99,106,64,16
2017_4,개봉로23가길,837,480,357,3,86,170,212,208,158,1,34,97,104,127,117,2,52,73,108,81,41
2017_4,개봉로20길,130,74,56,0,14,38,45,19,14,0,8,24,23,9,10,0,6,14,22,10,4
2017_4,개봉로1길,52,26,26,0,7,9,17,9,10,0,2,5,8,3,8,0,5,4,9,6,2
2017_4,개봉로17다길,191,96,95,0,10,23,60,60,38,0,4,8,25,31,28,0,6,15,35,29,10
2017_4,개봉로17길,870,357,513,4,113,146,212,281,114,2,43,85,105,75,47,2,70,61,107,206,67
2017_4,개봉로11길,43,6,37,0,12,6,16,8,1,0,1,0,2,2,1,0,11,6,14,6,0
2017_4,화곡로64길,1606,921,685,9,167,482,487,293,168,4,79,298,310,168,62,5,88,184,177,125,106
2017_4,화곡로59길,478,198,280,0,90,157,139,72,20,0,23,62,61,34,18,0,67,95,78,38,2
2017_4,화곡로44나길,804,678,126,0,23,73,157,274,277,0,12,53,126,240,247,0,11,20,31,34,30
2017_4,화곡로31길,1174,448,726,6,186,217,307,289,169,0,43,97,110,103,95,6,143,120,197,186,74
2017_4,화곡로20길,503,316,187,0,31,89,124,157,102,0,18,48,64,103,83,0,13,41,60,54,19
2017_4,화곡로13길,272,95,177,3,33,58,79,93,6,3,10,13,25,41,3,0,23,45,54,52,3
2017_4,초원로16길,669,284,385,3,88,140,108,95,235,1,36,80,58,45,64,2,52,60,50,50,171
2017_4,초록마을로8길,177,37,140,1,26,50,47,35,18,0,3,6,10,10,8,1,23,44,37,25,10
2017_4,초록마을로3길,45,22,23,0,6,11,10,7,11,0,0,3,8,4,7,0,6,8,2,3,4
2017_4,월정로20길,4,2,2,0,0,0,2,2,0,0,0,0,0,2,0,0,0,0,2,0,0
2017_4,우장산로6길,315,176,139,1,26,42,91,100,55,1,8,25,52,57,33,0,18,17,39,43,22
2017_4,양천로73가길,1307,828,479,5,81,221,361,405,234,5,43,112,227,249,192,0,38,109,134,156,42
2017_4,양천로71길,215,133,82,0,30,57,65,36,27,0,18,40,32,22,21,0,12,17,33,14,6
2017_4,양천로49길,735,574,161,2,43,110,141,237,202,0,16,75,109,196,178,2,27,35,32,41,24
2017_4,양천로26길,163,73,90,0,10,29,46,60,18,0,5,11,21,24,12,0,5,18,25,36,6
2017_4,양천로24길,360,147,213,0,27,58,76,102,97,0,11,34,34,26,42,0,16,24,42,76,55
2017_4,양천로24가길,735,347,388,0,84,157,193,183,118,0,33,87,84,77,66,0,51,70,109,106,52
2017_4,양천로14길,239,142,97,0,9,24,65,69,72,0,4,16,39,40,43,0,5,8,26,29,29
2017_4,방화대로6라길,782,487,295,2,86,184,297,149,64,1,43,119,194,96,34,1,43,65,103,53,30
2017_4,방화대로21길,860,515,345,6,99,180,205,212,158,4,42,99,110,134,126,2,57,81,95,78,32
2017_4,등촌로5길,10,3,7,0,0,2,5,3,0,0,0,0,2,1,0,0,0,2,3,2,0
2017_4,등촌로55길,519,354,165,1,31,74,120,139,154,0,12,40,73,97,132,1,19,34,47,42,22
2017_4,등촌로51길,16,10,6,0,5,2,5,4,0,0,0,1,5,4,0,0,5,1,0,0,0
2017_4,등촌로39길,69,26,43,0,3,14,23,23,6,0,3,5,3,11,4,0,0,9,20,12,2
2017_4,등촌로13길,195,103,92,1,16,40,50,56,32,0,5,20,20,35,23,1,11,20,30,21,9
2017_4,남부순환로11길,413,280,133,1,40,115,138,77,42,1,24,74,94,57,30,0,16,41,44,20,12
2017_4,까치산로4길,149,59,90,0,16,33,29,32,39,0,10,16,11,13,9,0,6,17,18,19,30
2017_4,국회대로7길,396,235,161,1,50,96,110,95,44,0,23,60,65,57,30,1,27,36,45,38,14
2017_4,공항대로8길,201,76,125,0,14,43,50,51,43,0,2,28,23,13,10,0,12,15,27,38,33
2017_4,공항대로61길,203,137,66,1,22,57,79,32,12,1,8,46,50,24,8,0,14,11,29,8,4
2017_4,공항대로59다길,925,664,261,9,109,277,208,168,154,4,53,211,155,125,116,5,56,66,53,43,38
2017_4,공항대로59길,1120,726,394,4,160,236,257,257,206,3,84,130,167,181,161,1,76,106,90,76,45
2017_4,공항대로55길,1086,726,360,10,275,397,225,108,71,1,145,267,174,84,55,9,130,130,51,24,16
2017_4,공항대로42길,9,5,4,0,0,2,0,5,2,0,0,1,0,2,2,0,0,1,0,3,0
2017_4,공항대로38길,271,143,128,0,43,54,75,65,34,0,12,29,46,33,23,0,31,25,29,32,11
2017_4,곰달래로60길,554,298,256,4,61,102,134,143,110,1,23,59,80,66,69,3,38,43,54,77,41
2017_4,곰달래로53길,60,18,42,0,4,16,27,8,5,0,1,6,5,2,4,0,3,10,22,6,1
2017_4,곰달래로47길,40,15,25,0,6,9,15,7,3,0,0,5,6,3,1,0,6,4,9,4,2
2017_4,곰달래로31길,9,7,2,0,1,1,6,1,0,0,1,1,4,1,0,0,0,0,2,0,0
2017_4,곰달래로25길,778,273,505,0,91,125,188,231,143,0,22,53,66,62,70,0,69,72,122,169,73
2017_4,개화동로25길,657,431,226,8,59,124,139,161,166,3,27,64,85,107,145,5,32,60,54,54,21
2017_4,개화동로23길,128,86,42,0,17,24,27,42,18,0,9,17,17,29,14,0,8,7,10,13,4
2017_4,강서로8길,150,80,70,0,27,39,38,29,17,0,16,26,18,11,9,0,11,13,20,18,8
2017_4,강서로5라길,303,182,121,0,36,75,96,72,24,0,27,51,51,37,16,0,9,24,45,35,8
2017_4,강서로5나길,100,57,43,1,11,22,24,22,20,1,6,12,14,11,13,0,5,10,10,11,7
2017_4,강서로5가길,48,25,23,0,2,12,8,15,11,0,2,10,4,5,4,0,0,2,4,10,7
2017_4,강서로47라길,121,56,65,1,17,22,41,29,11,0,8,7,24,12,5,1,9,15,17,17,6
2017_4,강서로47길,379,202,177,0,13,77,104,156,29,0,3,37,48,91,23,0,10,40,56,65,6
2017_4,강서로45다길,539,349,190,2,65,94,121,131,126,0,19,47,74,98,111,2,46,47,47,33,15
2017_4,강서로45길,141,59,82,0,15,13,39,42,32,0,0,7,15,17,20,0,15,6,24,25,12
2017_4,강서로35길,173,99,74,0,25,32,45,52,19,0,7,18,26,34,14,0,18,14,19,18,5
2017_4,강서로29길,386,171,215,0,25,61,104,122,74,0,9,37,56,50,19,0,16,24,48,72,55
2017_4,강서로18길,28,12,16,0,1,4,15,6,2,0,0,2,8,2,0,0,1,2,7,4,2
2017_4,강서로17가길,120,52,68,0,16,37,33,21,13,0,7,17,14,7,7,0,9,20,19,14,6
2017_4,강서로15길,303,146,157,3,28,59,85,82,46,2,15,28,39,34,28,1,13,31,46,48,18
2017_4,가로공원로80길,48,23,25,1,8,9,14,12,4,1,4,1,7,7,3,0,4,8,7,5,1
2017_4,가로공원로76가길,24,10,14,0,4,14,3,3,0,0,1,7,2,0,0,0,3,7,1,3,0
2017_4,화곡로4길,235,86,149,0,35,61,80,40,19,0,7,21,24,21,13,0,28,40,56,19,6
2017_4,화곡로3길,163,57,106,0,16,25,43,63,16,0,2,3,11,28,13,0,14,22,32,35,3
2017_4,지양로7길,223,73,150,0,24,45,71,67,16,0,9,9,16,30,9,0,15,36,55,37,7
2017_4,중앙로55길,367,190,177,0,24,79,133,100,31,0,10,40,57,59,24,0,14,39,76,41,7
2017_4,중앙로51길,141,86,55,0,6,28,42,34,31,0,3,17,22,23,21,0,3,11,20,11,10
2017_4,중앙로47길,120,25,95,0,10,13,19,26,52,0,1,8,4,5,7,0,9,5,15,21,45
2017_4,중앙로45길,155,53,102,0,16,31,35,45,28,0,5,10,11,19,8,0,11,21,24,26,20
2017_4,중앙로36길,2,2,0,0,0,0,0,0,2,0,0,0,0,0,2,0,0,0,0,0,0
2017_4,중앙로32길,607,294,313,5,119,128,128,127,100,2,51,83,69,49,40,3,68,45,59,78,60
2017_4,중앙로25길,240,64,176,0,34,39,73,81,13,0,9,11,13,23,8,0,25,28,60,58,5
2017_4,은행정로7길,495,169,326,1,40,66,96,166,126,1,12,32,39,52,33,0,28,34,57,114,93
2017_4,오목로5길,311,185,126,2,41,79,81,78,30,2,23,53,33,50,24,0,18,26,48,28,6
2017_4,오목로3길,401,377,24,0,1,18,44,169,169,0,1,16,36,158,166,0,0,2,8,11,3
2017_4,오목로30길,140,73,67,0,17,27,36,31,29,0,7,13,17,18,18,0,10,14,19,13,11
2017_4,오목로23길,790,464,326,2,117,203,205,156,107,1,56,135,116,88,68,1,61,68,89,68,39
2017_4,신월로20길,215,78,137,0,25,31,55,61,43,0,6,7,25,17,23,0,19,24,30,44,20
2017_4,신월로15길,767,357,410,2,96,157,189,195,128,1,37,77,85,80,77,1,59,80,104,115,51
2017_4,신목로6길,240,132,108,1,27,38,73,60,41,1,13,17,41,38,22,0,14,21,32,22,19
2017_4,신목로5길,871,333,538,1,83,164,288,224,111,0,25,66,101,78,63,1,58,98,187,146,48
2017_4,신목로2길,104,47,57,0,18,23,26,13,24,0,3,13,9,7,15,0,15,10,17,6,9
2017_4,목동중앙서로8가길,190,110,80,0,11,14,46,67,52,0,5,5,29,37,34,0,6,9,17,30,18
2017_4,목동중앙서로7길,231,71,160,1,21,50,48,66,45,0,5,17,17,17,15,1,16,33,31,49,30
2017_4,목동중앙북로8길,348,115,233,0,1,10,24,66,247,0,0,6,11,14,84,0,1,4,13,52,163
2017_4,목동중앙북로16길,257,68,189,0,26,61,79,70,21,0,2,15,19,21,11,0,24,46,60,49,10
2017_4,목동중앙본로7길,105,42,63,0,19,22,31,25,8,0,7,7,8,14,6,0,12,15,23,11,2
2017_4,목동중앙로3길,119,66,53,1,6,12,26,42,32,0,4,6,10,22,24,1,2,6,16,20,8
2017_4,목동중앙로13나길,284,207,77,0,45,104,70,43,22,0,28,72,54,32,21,0,17,32,16,11,1
2017_4,목동중앙남로3가길,537,358,179,1,44,129,120,172,71,1,21,75,67,135,59,0,23,54,53,37,12
2017_4,목동로9길,2315,1468,847,4,164,492,638,493,524,1,54,232,383,350,448,3,110,260,255,143,76
2017_4,목동로19길,987,354,633,2,145,215,260,229,136,1,37,89,99,70,58,1,108,126,161,159,78
2017_4,목동동로12길,389,140,249,3,48,72,105,107,54,0,6,24,34,35,41,3,42,48,71,72,13
2017_4,목동남로4길,11,5,6,0,0,0,3,7,1,0,0,0,0,4,1,0,0,0,3,3,0
2017_4,남부순환로88길,276,124,152,1,30,59,77,86,23,0,11,26,36,32,19,1,19,33,41,54,4
2017_4,남부순환로79길,377,284,93,0,14,21,78,135,129,0,8,11,51,106,108,0,6,10,27,29,21
2017_4,남부순환로70길,522,314,208,2,31,78,138,153,120,1,9,35,72,96,101,1,22,43,66,57,19
2017_4,남부순환로58길,195,118,77,0,24,41,44,62,24,0,19,28,25,30,16,0,5,13,19,32,8
2017_4,남부순환로40길,15,6,9,0,0,1,7,4,3,0,0,0,2,2,2,0,0,1,5,2,1
2017_4,남부순환로33길,1183,976,207,0,40,61,110,119,853,0,20,32,52,69,803,0,20,29,58,50,50
2017_4,곰달래로5길,59,35,24,0,9,21,11,13,5,0,5,15,6,6,3,0,4,6,5,7,2
2017_4,곰달래로3길,381,203,178,0,32,64,122,120,43,0,14,33,61,70,25,0,18,31,61,50,18
2017_4,곰달래로2길,305,167,138,4,41,78,81,75,26,4,16,56,44,38,9,0,25,22,37,37,17
2017_4,곰달래로10길,334,236,98,0,22,35,56,113,108,0,9,20,35,79,93,0,13,15,21,34,15
2017_4,가로공원로58길,76,15,61,0,11,14,26,22,3,0,1,3,5,3,3,0,10,11,21,19,0
2017_4,효창원로93길,93,47,46,0,14,29,36,9,5,0,3,14,22,5,3,0,11,15,14,4,2
2017_4,토정로37길,140,62,78,2,19,30,36,33,20,1,6,12,15,13,15,1,13,18,21,20,5
2017_4,월드컵로8길,1788,913,875,3,218,382,370,356,459,1,65,177,205,168,297,2,153,205,165,188,162
2017_4,월드컵로7길,4,2,2,0,1,1,1,0,1,0,0,0,1,0,1,0,1,1,0,0,0
2017_4,월드컵로36길,144,59,85,0,16,24,32,47,25,0,2,11,10,22,14,0,14,13,22,25,11
2017_4,월드컵로25길,278,162,116,0,45,81,76,44,32,0,21,51,43,23,24,0,24,30,33,21,8
2017_4,월드컵로19길,568,300,268,8,134,144,124,89,69,8,66,92,67,37,30,0,68,52,57,52,39
2017_4,월드컵로16길,4043,2077,1966,35,885,787,778,694,864,11,363,404,404,265,630,24,522,383,374,429,234
2017_4,월드컵로11길,240,91,149,1,58,55,60,44,22,0,20,23,18,17,13,1,38,32,42,27,9
2017_4,월드컵로10길,1716,908,808,10,522,590,343,161,90,1,181,298,235,121,72,9,341,292,108,40,18
2017_4,와우산로3길,181,104,77,0,40,63,47,24,7,0,12,37,32,17,6,0,28,26,15,7,1
2017_4,와우산로29길,178,94,84,0,52,58,42,13,13,0,27,35,21,5,6,0,25,23,21,8,7
2017_4,와우산로29가길,18,9,9,0,2,3,11,2,0,0,0,1,7,1,0,0,2,2,4,1,0
2017_4,양화진길,509,361,148,1,67,136,116,130,59,0,26,94,88,107,46,1,41,42,28,23,13
2017_4,양화로1길,4158,1962,2196,57,943,1549,1094,348,167,4,251,727,660,232,88,53,692,822,434,116,79
2017_4,양화로11길,440,292,148,1,94,123,130,55,37,0,44,79,103,41,25,1,50,44,27,14,12
2017_4,신촌로30길,26,17,9,6,2,3,9,3,3,6,0,3,4,2,2,0,2,0,5,1,1
2017_4,신촌로28가길,102,39,63,0,9,23,29,19,22,0,1,4,12,8,14,0,8,19,17,11,8
2017_4,신촌로12길,1467,665,802,0,360,320,294,236,257,0,229,177,118,52,89,0,131,143,176,184,168
2017_4,숭문길,5265,4008,1257,10,501,943,1222,1649,940,5,354,774,995,1176,704,5,147,169,227,473,236
2017_4,숭문8길,116,69,47,0,10,21,42,34,9,0,1,5,31,25,7,0,9,16,11,9,2
2017_4,성지3길,485,232,253,1,117,159,120,67,21,0,40,83,57,38,14,1,77,76,63,29,7
2017_4,성산로4길,1686,1028,658,12,305,385,414,359,211,4,114,236,278,244,152,8,191,149,136,115,59
2017_4,성미산로32길,403,203,200,1,116,108,103,46,29,1,45,65,56,20,16,0,71,43,47,26,13
2017_4,성미산로1길,638,462,176,1,66,139,170,108,154,0,35,95,105,78,149,1,31,44,65,30,5
2017_4,성미산로11길,1042,709,333,10,178,322,258,190,84,6,81,204,193,158,67,4,97,118,65,32,17
2017_4,백범로16길,745,375,370,115,255,193,84,72,26,43,107,111,49,48,17,72,148,82,35,24,9
2017_4,방울내로9안길,323,196,127,1,30,62,103,87,40,0,10,29,60,61,36,1,20,33,43,26,4
2017_4,모래내로7길,263,127,136,0,27,47,78,64,47,0,6,22,43,36,20,0,21,25,35,28,27
2017_4,매봉산로2길,1597,970,627,11,316,575,480,174,41,3,109,355,352,123,28,8,207,220,128,51,13
2017_4,망원로2길,242,145,97,2,47,70,66,43,14,0,16,41,48,29,11,2,31,29,18,14,3
2017_4,망원로11길,1105,624,481,3,153,292,314,204,139,2,54,171,206,119,72,1,99,121,108,85,67
2017_4,만리재옛길,1433,618,815,11,506,410,309,119,78,3,253,220,66,38,38,8,253,190,243,81,40
2017_4,마포대로4길,176,93,83,4,11,41,43,46,31,2,9,26,24,16,16,2,2,15,19,30,15
2017_4,마포대로20길,1147,601,546,1,209,317,315,206,99,0,62,163,190,127,59,1,147,154,125,79,40
2017_4,마포대로12길,68,36,32,0,5,9,24,21,9,0,1,4,12,12,7,0,4,5,12,9,2
2017_4,동교로38길,238,123,115,1,70,75,62,21,9,0,34,37,33,12,7,1,36,38,29,9,2
2017_4,동교로27길,3408,1524,1884,6,576,921,648,711,546,3,212,496,407,246,160,3,364,425,241,465,386
2017_4,동교로25길,545,252,293,1,119,239,141,37,8,1,33,112,75,26,5,0,86,127,66,11,3
2017_4,동교로19길,4191,2771,1420,31,667,1015,1014,931,533,8,286,697,774,637,369,23,381,318,240,294,164
2017_4,동교로17길,732,371,361,1,155,202,208,118,48,0,52,91,132,70,26,1,103,111,76,48,22
2017_4,독막로8길,319,141,178,0,60,91,78,62,28,0,12,39,42,32,16,0,48,52,36,30,12
2017_4,독막로32길,479,207,272,2,69,124,153,91,40,0,24,56,67,34,26,2,45,68,86,57,14
2017_4,독막로22길,108,61,47,1,21,32,21,18,15,1,10,14,9,15,12,0,11,18,12,3,3
2017_4,도화길,1004,502,502,6,162,218,251,176,191,2,60,113,141,77,109,4,102,105,110,99,82
2017_4,도화4길,401,135,266,0,40,69,97,119,76,0,11,24,21,30,49,0,29,45,76,89,27
2017_4,대흥로28길,48,41,7,0,3,24,16,4,1,0,2,19,15,4,1,0,1,5,1,0,0
2017_4,대흥로21길,458,83,375,2,65,85,182,71,53,1,18,17,25,7,15,1,47,68,157,64,38
2017_4,광성로6길,160,102,58,0,23,49,38,28,22,0,12,30,25,18,17,0,11,19,13,10,5
2017_4,홍제내길,119,67,52,0,17,31,29,29,13,0,7,22,17,15,6,0,10,9,12,14,7
2017_4,홍연길,85,49,36,0,3,17,30,31,4,0,2,12,20,13,2,0,1,5,10,18,2
2017_4,통일로39길,5,5,0,0,1,1,1,2,0,0,1,1,1,2,0,0,0,0,0,0,0
2017_4,통일로37길,352,129,223,0,60,75,90,76,51,0,14,24,31,35,25,0,46,51,59,41,26
2017_4,통일로11길,10,8,2,0,2,2,5,1,0,0,1,2,4,1,0,0,1,0,1,0,0
2017_4,충정로6길,13125,8089,5036,28,2206,4527,3963,1958,443,12,907,2745,2688,1383,354,16,1299,1782,1275,575,89
2017_4,충정로4길,3103,2037,1066,0,446,1405,922,260,70,0,156,875,713,227,66,0,290,530,209,33,4
2017_4,증가로6길,215,104,111,0,16,39,52,68,40,0,3,17,30,39,15,0,13,22,22,29,25
2017_4,증가로23나길,485,254,231,2,99,131,134,81,38,1,51,79,60,40,23,1,48,52,74,41,15
2017_4,증가로20가길,253,93,160,0,48,59,61,67,18,0,15,20,17,28,13,0,33,39,44,39,5
2017_4,증가로10길,160,80,80,0,22,24,35,43,36,0,2,8,13,26,31,0,20,16,22,17,5
2017_4,응암로1길,384,277,107,1,21,49,106,153,54,0,9,29,75,121,43,1,12,20,31,32,11
2017_4,연희로10길,114,75,39,0,10,15,35,35,19,0,3,6,26,25,15,0,7,9,9,10,4
2017_4,신촌로37길,101,50,51,0,6,13,31,24,27,0,1,5,15,11,18,0,5,8,16,13,9
2017_4,수색로8길,2820,2621,199,0,10,25,54,261,2470,0,5,19,36,231,2330,0,5,6,18,30,140
2017_4,세무서길,328,110,218,1,39,74,98,66,50,0,4,19,31,33,23,1,35,55,67,33,27
2017_4,세검정로1길,415,181,234,0,55,144,96,71,49,0,25,46,43,36,31,0,30,98,53,35,18
2017_4,북아현로4길,430,93,337,1,51,51,91,135,101,0,11,11,22,21,28,1,40,40,69,114,73
2017_4,모래내로15길,106,33,73,0,8,20,33,31,14,0,2,6,12,9,4,0,6,14,21,22,10
2017_4,명지대길,402,289,113,0,37,53,90,124,98,0,16,31,52,102,88,0,21,22,38,22,10
2017_4,독립문로8길,732,278,454,1,134,181,169,165,82,0,37,60,85,55,41,1,97,121,84,110,41
2017_4,가재울로6길,20,12,8,0,4,2,9,2,3,0,0,2,8,1,1,0,4,0,1,1,2
2017_4,통일로92길,86,35,51,1,19,10,24,20,12,1,11,3,9,6,5,0,8,7,15,14,7
2017_4,통일로87길,203,90,113,0,19,29,48,73,34,0,5,12,14,36,23,0,14,17,34,37,11
2017_4,통일로78길,224,65,159,0,31,43,58,38,54,0,5,17,17,8,18,0,26,26,41,30,36
2017_4,진흥로1길,523,162,361,2,85,140,165,102,29,1,24,50,43,24,20,1,61,90,122,78,9
2017_4,진흥로12길,502,208,294,1,47,104,178,105,67,0,7,42,81,38,40,1,40,62,97,67,27
2017_4,증산서길,397,278,119,2,34,59,80,92,130,2,6,29,43,73,125,0,28,30,37,19,5
2017_4,증산로9길,92,29,63,0,15,22,30,23,2,0,6,3,14,5,1,0,9,19,16,18,1
2017_4,증산로5길,781,400,381,6,72,140,192,224,147,2,39,48,76,128,107,4,33,92,116,96,40
2017_4,증산로21길,238,150,88,1,21,25,39,81,71,0,9,9,20,56,56,1,12,16,19,25,15
2017_4,증산로17길,755,298,457,0,46,85,176,198,250,0,11,29,76,83,99,0,35,56,100,115,151
2017_4,증산로15길,214,81,133,0,21,38,54,59,42,0,7,14,19,20,21,0,14,24,35,39,21
2017_4,증산로13길,73,36,37,0,5,14,12,32,10,0,2,11,7,9,7,0,3,3,5,23,3
2017_4,응암로34길,57,36,21,1,6,13,11,16,10,0,4,6,5,11,10,1,2,7,6,5,0
2017_4,응암로22길,154,54,100,0,16,27,35,41,35,0,5,7,15,12,15,0,11,20,20,29,20
2017_4,응암로14길,371,123,248,1,60,79,123,82,26,0,13,17,44,32,17,1,47,62,79,50,9
2017_4,응암로13길,293,121,172,0,45,56,93,67,32,0,24,25,35,24,13,0,21,31,58,43,19
2017_4,응암로12길,205,114,91,1,22,60,57,42,23,0,4,35,30,26,19,1,18,25,27,16,4
2017_4,은평로8길,245,125,120,0,45,38,63,61,38,0,21,22,36,28,18,0,24,16,27,33,20
2017_4,은평로3길,301,95,206,1,38,74,88,66,34,0,11,26,17,20,21,1,27,48,71,46,13
2017_4,은평로20길,18,8,10,0,3,2,8,4,1,0,1,1,2,3,1,0,2,1,6,1,0
2017_4,은평로13길,375,236,139,3,34,58,107,100,73,2,15,37,65,58,59,1,19,21,42,42,14
2017_4,은평로10길,284,128,156,1,30,58,71,70,54,1,9,22,29,35,32,0,21,36,42,35,22
2017_4,연서로5길,44,13,31,0,4,9,15,14,2,0,3,2,2,6,0,0,1,7,13,8,2
2017_4,연서로41길,240,76,164,0,22,59,74,61,24,0,6,20,18,17,15,0,16,39,56,44,9
2017_4,연서로3길,104,40,64,1,14,20,26,35,8,0,8,8,8,12,4,1,6,12,18,23,4
2017_4,연서로34길,161,59,102,0,21,33,49,44,14,0,7,11,17,15,9,0,14,22,32,29,5
2017_4,연서로33길,30,10,20,0,7,8,10,3,2,0,1,1,5,2,1,0,6,7,5,1,1
2017_4,연서로29길,300,101,199,2,41,65,99,68,25,1,9,26,32,21,12,1,32,39,67,47,13
2017_4,연서로28길,839,386,453,5,105,150,185,210,184,3,48,79,96,78,82,2,57,71,89,132,102
2017_4,연서로27길,80,23,57,0,17,20,20,18,5,0,0,6,5,8,4,0,17,14,15,10,1
2017_4,연서로21길,297,167,130,0,33,54,104,74,32,0,22,39,49,35,22,0,11,15,55,39,10
2017_4,연서로17길,1188,353,835,7,185,209,301,319,167,3,36,97,105,57,55,4,149,112,196,262,112
2017_4,연서로16길,265,98,167,2,59,63,59,57,25,0,16,21,24,24,13,2,43,42,35,33,12
2017_4,연서로13길,730,217,513,4,99,161,225,191,50,1,31,56,74,35,20,3,68,105,151,156,30
2017_4,연서로11길,234,110,124,0,16,47,75,71,25,0,9,20,37,31,13,0,7,27,38,40,12
2017_4,역말로9길,22,15,7,0,2,8,6,3,3,0,2,5,5,1,2,0,0,3,1,2,1
2017_4,수색로18길,24,12,12,0,2,8,6,4,4,0,0,4,2,3,3,0,2,4,4,1,1
2017_4,서오릉로8길,12,0,12,0,6,2,2,2,0,0,0,0,0,0,0,0,6,2,2,2,0
2017_4,서오릉로21길,418,100,318,1,27,56,106,98,130,1,6,11,29,22,31,0,21,45,77,76,99
2017_4,불광천길,189,93,96,0,19,35,38,64,33,0,8,16,21,29,19,0,11,19,17,35,14
2017_4,갈현로7길,930,257,673,1,175,237,226,198,93,0,45,80,64,46,22,1,130,157,162,152,71
2017_4,갈현로41길,95,35,60,0,9,21,26,25,14,0,3,10,7,11,4,0,6,11,19,14,10
2017_4,갈현로33길,36,8,28,0,9,8,8,9,2,0,1,3,1,2,1,0,8,5,7,7,1
2017_4,갈현로1길,168,74,94,1,22,28,46,34,37,0,10,17,20,8,19,1,12,11,26,26,18
2017_4,가좌로7길,68,35,33,1,12,15,18,11,11,1,2,8,7,6,11,0,10,7,11,5,0
2017_4,한글비석로44길,405,222,183,0,23,57,97,128,100,0,8,30,42,68,74,0,15,27,55,60,26
2017_4,한글비석로24길,407,159,248,1,24,49,83,130,120,0,5,26,36,41,51,1,19,23,47,89,69
2017_4,한글비석로22길,706,326,380,4,69,136,192,201,104,1,22,68,87,91,57,3,47,68,105,110,47
2017_4,석계로1길,100,61,39,0,7,19,32,33,9,0,3,10,18,21,9,0,4,9,14,12,0
2017_4,상계로9가길,291,95,196,1,41,46,80,76,47,0,8,17,24,25,21,1,33,29,56,51,26
2017_4,상계로12길,25,15,10,1,2,1,10,10,1,1,1,1,5,6,1,0,1,0,5,4,0
2017_4,동일로242길,301,190,111,2,13,32,82,63,109,1,7,18,48,36,80,1,6,14,34,27,29
2017_4,동일로192길,469,202,267,0,45,61,106,123,134,0,25,34,48,35,60,0,20,27,58,88,74
2017_4,동일로173가길,2329,1258,1071,14,250,399,588,662,416,8,113,285,306,287,259,6,137,114,282,375,157
2017_4,공릉로58길,148,45,103,0,3,12,50,56,27,0,3,6,12,16,8,0,0,6,38,40,19
2017_4,해등로16길,69,55,14,0,7,17,26,13,6,0,5,14,19,12,5,0,2,3,7,1,1
2017_4,우이천로4다길,181,109,72,1,19,26,48,59,28,1,7,15,25,41,20,0,12,11,23,18,8
2017_4,우이천로32길,87,53,34,0,12,21,22,22,10,0,4,17,9,16,7,0,8,4,13,6,3
2017_4,시루봉로23길,49,21,28,0,6,11,14,10,8,0,0,6,5,6,4,0,6,5,9,4,4
2017_4,삼양로144길,80,57,23,0,8,19,22,18,13,0,5,12,14,14,12,0,3,7,8,4,1
2017_4,방학로6가길,176,87,89,1,16,30,63,38,28,0,4,12,33,16,22,1,12,18,30,22,6
2017_4,방학로5길,137,80,57,1,17,19,27,45,28,0,16,12,15,26,11,1,1,7,12,19,17
2017_4,방학로15길,318,204,114,0,14,30,68,113,93,0,3,14,33,73,81,0,11,16,35,40,12
2017_4,방학로10길,169,66,103,0,11,19,27,49,63,0,1,9,8,18,30,0,10,10,19,31,33
2017_4,도봉산4길,316,277,39,0,4,22,86,142,62,0,2,16,82,128,49,0,2,6,4,14,13
2017_4,도봉로181길,188,80,108,1,20,35,53,51,28,1,7,17,21,20,14,0,13,18,32,31,14
2017_4,도봉로169나길,290,122,168,0,36,52,67,72,63,0,9,25,35,30,23,0,27,27,32,42,40
2017_4,도봉로156길,281,142,139,3,41,69,76,56,36,3,21,32,42,22,22,0,20,37,34,34,14
2017_4,도봉로152가길,416,365,51,0,20,29,62,149,156,0,8,21,46,142,148,0,12,8,16,7,8
2017_4,도봉로147길,533,308,225,3,53,109,145,158,65,0,28,79,98,79,24,3,25,30,47,79,41
2017_4,도봉로114길,514,175,339,5,105,115,124,119,46,0,17,42,42,49,25,5,88,73,82,70,21
2017_4,도봉로109길,26,9,17,0,6,3,6,5,6,0,2,1,1,0,5,0,4,2,5,5,1
2017_4,도당로29길,863,500,363,9,163,208,217,177,89,9,68,125,105,117,76,0,95,83,112,60,13
2017_4,도당로19길,162,72,90,0,12,30,58,49,13,0,2,18,23,22,7,0,10,12,35,27,6
2017_4,도당로13바길,188,74,114,0,19,35,51,56,27,0,4,22,16,17,15,0,15,13,35,39,12
2017_4,도당로13가길,167,69,98,0,14,28,47,49,29,0,3,13,22,18,13,0,11,15,25,31,16
2017_4,덕릉로60길,82,49,33,1,7,14,33,17,10,1,1,9,19,11,8,0,6,5,14,6,2
2017_4,노해로63다길,612,258,354,2,101,163,152,132,62,0,30,77,77,41,33,2,71,86,75,91,29
2017_4,노해로60길,325,141,184,4,48,66,91,77,39,0,13,30,38,39,21,4,35,36,53,38,18
2017_4,한천로140길,103,50,53,0,7,16,21,31,28,0,1,9,11,14,15,0,6,7,10,17,13
2017_4,한천로139가길,52,31,21,0,8,17,18,5,4,0,5,12,10,2,2,0,3,5,8,3,2
2017_4,한천로132길,321,118,203,3,61,64,73,68,52,0,12,27,28,24,27,3,49,37,45,44,25
2017_4,한천로130길,274,113,161,0,38,77,77,66,16,0,9,27,34,31,12,0,29,50,43,35,4
2017_4,한천로124나길,111,66,45,0,8,24,26,35,18,0,4,19,9,20,14,0,4,5,17,15,4
2017_4,한천로109길,605,259,346,4,120,124,167,135,55,2,40,53,79,57,28,2,80,71,88,78,27
2017_4,인수봉로79길,171,44,127,2,19,51,43,42,14,0,5,6,13,10,10,2,14,45,30,32,4
2017_4,인수봉로72길,85,40,45,0,11,15,23,19,17,0,3,7,10,8,12,0,8,8,13,11,5
2017_4,오패산로67길,579,288,291,1,95,120,150,121,92,1,32,69,73,65,48,0,63,51,77,56,44
2017_4,오패산로52길,97,34,63,4,10,21,32,19,11,3,1,7,9,8,6,1,9,14,23,11,5
2017_4,수유로12길,250,164,86,0,28,63,66,40,53,0,9,44,46,24,41,0,19,19,20,16,12
2017_4,솔샘로65길,506,240,266,8,54,101,154,121,68,0,14,34,76,65,51,8,40,67,78,56,17
2017_4,솔매로50길,717,285,432,4,98,174,215,151,75,3,27,57,77,66,55,1,71,117,138,85,20
2017_4,솔매로45길,171,84,87,1,12,28,53,52,25,0,6,11,25,28,14,1,6,17,28,24,11
2017_4,솔매로41길,87,21,66,0,13,11,28,24,11,0,1,2,8,5,5,0,12,9,20,19,6
2017_4,삼양로93길,18,4,14,0,0,2,8,7,1,0,0,0,2,1,1,0,0,2,6,6,0
2017_4,삼양로77길,432,149,283,1,52,75,123,121,60,1,23,35,39,32,19,0,29,40,84,89,41
2017_4,삼양로54길,8,4,4,0,0,3,0,5,0,0,0,1,0,3,0,0,0,2,0,2,0
2017_4,삼양로41길,310,149,161,0,30,64,95,83,38,0,12,34,44,38,21,0,18,30,51,45,17
2017_4,삼양로24길,82,39,43,0,10,13,26,14,19,0,4,8,12,4,11,0,6,5,14,10,8
2017_4,삼양로20길,127,47,80,0,17,27,37,36,10,0,4,10,13,11,9,0,13,17,24,25,1
2017_4,삼각산로28길,823,415,408,1,66,155,187,200,214,1,20,68,95,110,121,0,46,87,92,90,93
2017_4,도봉로99길,220,104,116,0,25,37,71,62,25,0,11,19,36,24,14,0,14,18,35,38,11
2017_4,도봉로8길,251,192,59,4,52,68,69,37,21,3,46,60,47,21,15,1,6,8,22,16,6
2017_4,도봉로76길,397,210,187,2,47,72,94,83,99,0,21,42,45,36,66,2,26,30,49,47,33
2017_4,도봉로67길,6,3,3,0,1,0,3,1,1,0,0,0,2,0,1,0,1,0,1,1,0
2017_4,도봉로45길,115,70,45,0,5,14,36,22,38,0,1,12,21,13,23,0,4,2,15,9,15
2017_4,도봉로18길,374,178,196,0,32,69,107,102,64,0,13,42,49,45,29,0,19,27,58,57,35
2017_4,도봉로13길,35,9,26,0,2,3,9,15,6,0,0,1,2,3,3,0,2,2,7,12,3
2017_4,덕릉로41길,792,625,167,0,91,251,194,212,44,0,59,211,164,171,20,0,32,40,30,41,24
2017_4,덕릉로40길,895,692,203,1,68,91,238,335,162,1,44,54,190,284,119,0,24,37,48,51,43
2017_4,노해로33길,34,13,21,0,11,6,10,6,1,0,1,3,4,4,1,0,10,3,6,2,0
2017_4,노해로17길,239,69,170,0,29,29,45,80,56,0,8,18,17,17,9,0,21,11,28,63,47
2017_4,화랑로40길,172,96,76,1,23,39,39,50,20,1,7,17,24,32,15,0,16,22,15,18,5
2017_4,화랑로32길,471,349,122,6,81,163,138,65,18,0,39,134,104,57,15,6,42,29,34,8,3
2017_4,화랑로1길,159,85,74,0,16,35,34,61,13,0,5,21,17,38,4,0,11,14,17,23,9
2017_4,화랑로19길,498,267,231,0,54,106,165,118,55,0,26,45,99,62,35,0,28,61,66,56,20
2017_4,화랑로14길,43,20,23,0,3,7,20,9,4,0,1,2,10,5,2,0,2,5,10,4,2
2017_4,화랑로13길,86,44,42,0,10,25,28,20,3,0,4,10,15,12,3,0,6,15,13,8,0
2017_4,한천로76길,129,73,56,0,7,24,38,32,28,0,4,17,23,17,12,0,3,7,15,15,16
2017_4,한천로101가길,37,23,14,0,3,7,9,12,6,0,1,5,6,7,4,0,2,2,3,5,2
2017_4,창경궁로43길,37,23,14,0,6,10,11,8,2,0,3,6,8,5,1,0,3,4,3,3,1
2017_4,지봉로20길,98,58,40,0,8,15,25,34,16,0,4,8,13,20,13,0,4,7,12,14,3
2017_4,종암로5길,117,80,37,0,10,30,35,26,16,0,7,24,25,15,9,0,3,6,10,11,7
2017_4,종암로24가길,303,143,160,4,55,69,74,74,27,0,21,28,32,44,18,4,34,41,42,30,9
2017_4,종암로21길,258,48,210,0,14,33,66,97,48,0,4,6,19,15,4,0,10,27,47,82,44
2017_4,종암로19길,391,119,272,2,84,65,89,106,45,1,18,33,32,19,16,1,66,32,57,87,29
2017_4,종암로16길,86,40,46,0,9,21,25,15,16,0,3,10,10,5,12,0,6,11,15,10,4
2017_4,정릉로8길,189,112,77,0,39,44,32,41,33,0,16,27,20,21,28,0,23,17,12,20,5
2017_4,정릉로27길,194,86,108,1,33,42,54,43,21,0,14,21,25,15,11,1,19,21,29,28,10
2017_4,장위로50길,860,479,381,4,100,89,170,256,241,3,34,48,101,139,154,1,66,41,69,117,87
2017_4,장월로1길,345,188,157,1,69,85,77,66,47,0,31,52,43,34,28,1,38,33,34,32,19
2017_4,인촌로6길,2937,1680,1257,16,325,497,670,649,780,4,134,312,358,351,521,12,191,185,312,298,259
2017_4,인촌로5길,24,2,22,0,1,2,6,12,3,0,0,0,0,1,1,0,1,2,6,11,2
2017_4,인촌로24길,216,146,70,0,46,79,49,26,16,0,29,68,33,10,6,0,17,11,16,16,10
2017_4,개운사길,3612,2193,1419,5,431,1099,1014,769,294,2,163,531,677,593,227,3,268,568,337,176,67
2017_4,인촌로1길,154,105,49,0,15,44,44,33,18,0,6,29,32,24,14,0,9,15,12,9,4
2017_4,인촌로17가길,3260,1162,2098,0,896,1137,735,419,73,0,156,364,351,233,58,0,740,773,384,186,15
2017_4,오패산로4길,651,204,447,1,123,131,156,143,97,1,32,51,48,37,35,0,91,80,108,106,62
2017_4,오패산로3길,1230,713,517,7,247,289,331,254,102,2,106,171,227,146,61,5,141,118,104,108,41
2017_4,오패산로19길,42,17,25,0,5,16,15,4,2,0,0,8,7,1,1,0,5,8,8,3,1
2017_4,안암로5길,616,385,231,1,92,144,177,128,74,1,33,82,116,95,58,0,59,62,61,33,16
2017_4,아리랑로4길,562,213,349,6,44,89,138,170,115,2,11,30,51,61,58,4,33,59,87,109,57
2017_4,솔샘로6길,157,72,85,0,35,43,39,27,13,0,12,23,22,8,7,0,23,20,17,19,6
2017_4,성북로8길,53,21,32,0,16,15,11,7,4,0,6,4,7,2,2,0,10,11,4,5,2
2017_4,삼양로8길,77,51,26,1,19,15,20,17,5,0,11,10,13,12,5,1,8,5,7,5,0
2017_4,삼선교로16가길,715,409,306,0,175,123,155,193,69,0,82,56,105,120,46,0,93,67,50,73,23
2017_4,삼선교로10다길,100,44,56,0,16,20,23,25,16,0,1,16,11,11,5,0,15,4,12,14,11
2017_4,삼선교로10길,280,126,154,4,35,58,86,63,34,1,13,26,34,34,18,3,22,32,52,29,16
2017_4,보문로32길,1000,407,593,0,293,173,261,193,80,0,23,83,137,119,45,0,270,90,124,74,35
2017_4,보문로31길,706,291,415,1,124,168,185,136,92,0,47,76,79,49,40,1,77,92,106,87,52
2017_4,보문로13길,824,511,313,1,11,24,53,116,619,0,4,9,24,46,428,1,7,15,29,70,191
2017_4,보국문로16길,371,247,124,0,18,51,79,125,98,0,9,31,47,96,64,0,9,20,32,29,34
2017_4,동소문로26가길,217,99,118,2,38,43,49,44,41,1,9,23,26,23,17,1,29,20,23,21,24
2017_4,동소문로15길,120,51,69,0,27,38,42,9,4,0,6,20,21,2,2,0,21,18,21,7,2
2017_4,동소문로13길,432,224,208,2,85,102,115,64,64,1,26,56,67,32,42,1,59,46,48,32,22
2017_4,돌곶이로8길,190,92,98,2,21,51,57,40,19,0,6,19,32,24,11,2,15,32,25,16,8
2017_4,돌곶이로41길,47,22,25,0,3,12,14,13,5,0,0,8,6,7,1,0,3,4,8,6,4
2017_4,돌곶이로28길,223,137,86,0,41,68,68,30,16,0,20,52,40,15,10,0,21,16,28,15,6
2017_4,돌곶이로27길,75,40,35,0,5,12,16,31,11,0,2,5,7,18,8,0,3,7,9,13,3
2017_4,돌곶이로22길,125,62,63,0,16,24,33,34,18,0,1,12,18,17,14,0,15,12,15,17,4
2017_4,길음로7길,8,5,3,0,0,2,4,0,2,0,0,1,3,0,1,0,0,1,1,0,1
2017_4,중랑천로10길,766,392,374,12,186,161,205,124,78,10,78,73,114,68,49,2,108,88,91,56,29
2017_4,용마산로94길,441,270,171,0,90,43,132,122,54,0,45,22,77,82,44,0,45,21,55,40,10
2017_4,용마산로118길,565,284,281,0,79,131,167,114,74,0,28,67,78,60,51,0,51,64,89,54,23
2017_4,용마산로112길,326,132,194,1,43,50,62,90,80,0,12,26,22,36,36,1,31,24,40,54,44
2017_4,용마산로100길,425,294,131,0,28,45,72,141,139,0,6,16,40,107,125,0,22,29,32,34,14
2017_4,신내로7가길,266,66,200,0,36,53,84,64,29,0,5,11,19,19,12,0,31,42,65,45,17
2017_4,사가정로54길,119,35,84,0,27,24,28,27,13,0,5,4,7,10,9,0,22,20,21,17,4
2017_4,사가정로42길,86,24,62,0,4,11,17,30,24,0,0,1,5,9,9,0,4,10,12,21,15
2017_4,봉화산로56길,578,155,423,2,75,84,129,194,94,1,26,40,32,36,20,1,49,44,97,158,74
2017_4,봉화산로4길,386,135,251,1,30,48,105,145,57,1,12,21,36,39,26,0,18,27,69,106,31
2017_4,봉화산로30길,326,196,130,0,25,47,91,99,64,0,9,23,48,65,51,0,16,24,43,34,13
2017_4,봉우재로33길,96,37,59,0,26,20,21,19,10,0,14,5,7,4,7,0,12,15,14,15,3
2017_4,면목로78길,270,151,119,0,29,40,87,76,38,0,8,29,45,38,31,0,21,11,42,38,7
2017_4,면목로56길,213,162,51,0,10,29,42,80,52,0,3,10,29,70,50,0,7,19,13,10,2
2017_4,면목로55길,354,107,247,0,35,67,96,113,43,0,5,22,35,28,17,0,30,45,61,85,26
2017_4,면목로49길,530,173,357,0,169,182,113,50,16,0,23,66,49,26,9,0,146,116,64,24,7
2017_4,면목로48길,114,54,60,3,16,22,34,25,14,3,8,13,15,10,5,0,8,9,19,15,9
2017_4,면목로45길,60,26,34,0,8,17,18,9,8,0,2,5,9,4,6,0,6,12,9,5,2
2017_4,면목로33길,379,149,230,1,50,91,106,92,39,0,11,34,44,34,26,1,39,57,62,58,13
2017_4,면목로21길,31,25,6,0,4,3,13,10,1,0,3,3,9,9,1,0,1,0,4,1,0
2017_4,망우로73길,8,4,4,0,0,0,5,2,1,0,0,0,2,1,1,0,0,0,3,1,0
2017_4,망우로68길,86,32,54,1,16,17,27,17,8,0,0,6,8,13,5,1,16,11,19,4,3
2017_4,동일로163길,93,60,33,0,14,21,34,16,8,0,6,18,19,13,4,0,8,3,15,3,4
2017_4,동일로157길,221,120,101,1,37,53,60,49,21,1,9,32,35,30,13,0,28,21,25,19,8
2017_4,동일로149길,1140,842,298,1,172,327,293,291,56,1,117,229,219,235,41,0,55,98,74,56,15
2017_4,동일로140길,208,80,128,0,19,50,54,63,22,0,7,20,22,22,9,0,12,30,32,41,13
2017_4,동일로139길,68,40,28,1,7,12,23,16,9,1,2,8,13,13,3,0,5,4,10,3,6
2017_4,동일로139가길,1149,666,483,1,96,214,221,183,434,1,40,115,128,74,308,0,56,99,93,109,126
2017_4,동일로130길,95,21,74,0,8,21,35,24,7,0,1,6,4,5,5,0,7,15,31,19,2
2017_4,동일로123길,172,90,82,1,21,35,55,36,24,1,8,21,26,21,13,0,13,14,29,15,11
2017_4,동일로112길,157,65,92,0,13,25,45,43,31,0,3,10,10,23,19,0,10,15,35,20,12
2017_4,동일로101길,273,109,164,0,32,52,68,82,39,0,9,18,35,28,19,0,23,34,33,54,20
2017_4,동일로100길,83,38,45,0,4,9,5,19,46,0,2,5,3,7,21,0,2,4,2,12,25
2017_4,답십리로75길,96,47,49,0,13,15,38,18,12,0,2,6,20,13,6,0,11,9,18,5,6
2017_4,공릉로2길,649,302,347,4,87,151,162,156,89,1,26,70,75,78,52,3,61,81,87,78,37
2017_4,공릉로12가길,29,19,10,0,4,4,7,6,8,0,1,4,4,4,6,0,3,0,3,2,2
2017_4,겸재로54길,122,53,69,0,4,23,29,46,20,0,2,12,14,14,11,0,2,11,15,32,9
2017_4,겸재로36길,239,197,42,0,12,19,50,85,73,0,6,13,41,67,70,0,6,6,9,18,3
2017_4,겸재로29길,424,171,253,1,50,81,133,109,50,0,8,33,52,54,24,1,42,48,81,55,26
2017_4,휘경로3길,207,99,108,3,44,49,58,39,14,2,13,23,34,18,9,1,31,26,24,21,5
2017_4,휘경로2길,7,2,5,0,3,1,2,1,0,0,0,0,1,1,0,0,3,1,1,0,0
2017_4,휘경로23길,19,4,15,0,3,3,11,2,0,0,1,2,1,0,0,0,2,1,10,2,0
2017_4,휘경로14길,103,42,61,1,4,3,17,24,54,1,2,1,8,9,21,0,2,2,9,15,33
2017_4,한천로46길,363,110,253,2,42,58,118,95,48,2,8,20,27,30,23,0,34,38,91,65,25
2017_4,한천로40길,305,151,154,0,27,46,79,112,41,0,13,28,34,54,22,0,14,18,45,58,19
2017_4,한천로33길,80,36,44,0,10,25,14,17,14,0,5,14,6,9,2,0,5,11,8,8,12
2017_4,한천로14길,580,348,232,5,73,124,161,144,73,4,37,84,101,78,44,1,36,40,60,66,29
2017_4,천호대로97길,339,214,125,1,44,71,87,91,45,0,16,50,52,61,35,1,28,21,35,30,10
2017_4,천호대로77길,1994,1050,944,7,200,364,375,486,562,4,93,212,223,235,283,3,107,152,152,251,279
2017_4,천호대로45길,130,70,60,0,7,16,27,41,39,0,2,10,16,16,26,0,5,6,11,25,13
2017_4,천호대로17길,2258,1465,793,12,309,515,437,437,548,9,113,311,274,307,451,3,196,204,163,130,97
2017_4,천호대로12길,839,557,282,14,153,229,194,176,73,10,80,151,136,129,51,4,73,78,58,47,22
2017_4,천장산로7길,1496,909,587,0,110,373,470,410,133,0,40,167,284,306,112,0,70,206,186,104,21
2017_4,제기로5길,223,103,120,0,9,31,63,80,40,0,6,25,35,24,13,0,3,6,28,56,27
2017_4,제기로21길,217,140,77,0,34,34,71,60,18,0,14,16,53,47,10,0,20,18,18,13,8
2017_4,전농로4길,705,442,263,0,92,182,181,154,96,0,48,120,116,101,57,0,44,62,65,53,39
2017_4,전농로3길,73,34,39,0,16,13,22,17,5,0,5,9,12,6,2,0,11,4,10,11,3
2017_4,전농로29길,323,146,177,2,39,89,106,63,24,1,15,44,44,24,18,1,24,45,62,39,6
2017_4,장한로8길,802,464,338,2,102,153,225,223,97,0,37,72,135,136,84,2,65,81,90,87,13
2017_4,장한로5길,2968,2104,864,32,579,823,691,575,268,5,326,569,532,457,215,27,253,254,159,118,53
2017_4,장한로27길,137,39,98,0,44,31,20,23,19,0,8,11,11,3,6,0,36,20,9,20,13
2017_4,장한로27가길,435,199,236,0,33,71,107,158,66,0,11,40,54,73,21,0,22,31,53,85,45
2017_4,장한로26길,552,255,297,2,73,121,139,138,79,0,19,60,61,64,51,2,54,61,78,74,28
2017_4,장한로26가길,340,146,194,1,43,61,67,105,63,0,17,33,31,34,31,1,26,28,36,71,32
2017_4,장한로25길,1015,450,565,7,137,232,266,243,130,1,38,90,127,120,74,6,99,142,139,123,56
2017_4,장한로14길,182,151,31,0,7,23,45,59,48,0,4,14,33,53,47,0,3,9,12,6,1
2017_4,이문로42길,240,100,140,3,30,56,60,64,27,2,6,15,30,28,19,1,24,41,30,36,8
2017_4,왕산로43길,991,477,514,2,142,273,263,213,98,1,35,139,141,101,60,1,107,134,122,112,38
2017_4,왕산로33길,150,99,51,0,6,21,41,42,40,0,6,16,32,19,26,0,0,5,9,23,14
2017_4,왕산로32길,9,7,2,0,0,1,2,2,4,0,0,1,1,2,3,0,0,0,1,0,1
2017_4,약령시로17길,295,130,165,2,31,53,59,78,72,1,13,26,32,35,23,1,18,27,27,43,49
2017_4,서울시립대로4길,619,322,297,2,134,97,134,157,95,1,78,58,70,72,43,1,56,39,64,85,52
2017_4,서울시립대로29길,237,128,109,2,20,38,68,63,46,1,7,25,36,32,27,1,13,13,32,31,19
2017_4,서울시립대로16길,131,32,99,0,23,28,40,26,14,0,3,6,11,9,3,0,20,22,29,17,11
2017_4,사가정로2길,83,67,16,0,9,21,24,11,18,0,8,18,21,7,13,0,1,3,3,4,5
2017_4,사가정로23가길,97,60,37,0,23,27,20,12,15,0,12,19,10,9,10,0,11,8,10,3,5
2017_4,사가정로13길,269,82,187,0,35,87,74,51,22,0,6,21,28,13,14,0,29,66,46,38,8
2017_4,무학로45길,354,211,143,1,50,88,94,66,55,0,23,49,62,42,35,1,27,39,32,24,20
2017_4,무학로16길,1175,1078,97,1,87,240,397,286,164,0,65,212,369,273,159,1,22,28,28,13,5
2017_4,망우로21길,198,111,87,0,30,33,37,44,54,0,10,16,18,26,41,0,20,17,19,18,13
2017_4,망우로18길,373,127,246,3,104,101,97,50,18,2,20,24,47,23,11,1,84,77,50,27,7
2017_4,망우로18가길,70,26,44,0,14,15,20,13,8,0,4,8,6,4,4,0,10,7,14,9,4
2017_4,답십리로72길,5,3,2,0,0,0,2,3,0,0,0,0,2,1,0,0,0,0,0,2,0
2017_4,답십리로69길,917,390,527,3,156,199,226,219,114,3,46,90,86,86,79,0,110,109,140,133,35
2017_4,답십리로68길,111,68,43,0,9,16,37,27,22,0,5,12,23,12,16,0,4,4,14,15,6
2017_4,답십리로64길,361,213,148,0,59,105,98,62,37,0,29,59,68,35,22,0,30,46,30,27,15
2017_4,답십리로63길,80,45,35,0,11,24,10,28,7,0,5,14,3,17,6,0,6,10,7,11,1
2017_4,답십리로60길,12,6,6,0,1,0,5,4,2,0,0,0,3,2,1,0,1,0,2,2,1
2017_4,답십리로56길,5,5,0,0,0,3,2,0,0,0,0,3,2,0,0,0,0,0,0,0,0
2017_4,답십리로23길,3,2,1,0,0,0,0,3,0,0,0,0,0,2,0,0,0,0,0,1,0
2017_4,난계로30길,126,89,37,0,13,22,31,37,23,0,5,16,23,24,21,0,8,6,8,13,2
2017_4,경희대로3길,274,179,95,1,59,108,60,36,10,0,22,71,49,29,8,1,37,37,11,7,2
2017_4,천호대로129길,251,85,166,2,37,44,78,65,25,2,10,13,28,19,13,0,27,31,50,46,12
2017_4,천호대로123길,274,108,166,1,31,48,58,96,40,0,7,21,21,40,19,1,24,27,37,56,21
2017_4,천호대로109길,1147,618,529,1,193,319,294,225,115,0,90,185,145,120,78,1,103,134,149,105,37
2017_4,자양번영로3길,88,33,55,0,5,10,29,32,12,0,3,3,10,10,7,0,2,7,19,22,5
2017_4,자양로53길,2,0,2,0,1,0,0,1,0,0,0,0,0,0,0,0,1,0,0,1,0
2017_4,자양로50길,19,6,13,0,4,3,4,4,4,0,1,1,0,2,2,0,3,2,4,2,2
2017_4,자양로45길,580,301,279,5,94,147,170,107,57,2,33,80,103,50,33,3,61,67,67,57,24
2017_4,자양로26길,320,116,204,0,33,76,87,72,52,0,6,21,40,28,21,0,27,55,47,44,31
2017_4,자양로15길,326,222,104,0,24,90,69,76,67,0,9,53,43,59,58,0,15,37,26,17,9
2017_4,자양로11길,1400,684,716,12,277,296,354,286,175,4,76,136,204,159,105,8,201,160,150,127,70
2017_4,용마산로3길,942,529,413,2,126,218,240,226,130,0,64,124,123,121,97,2,62,94,117,105,33
2017_4,용마산로21길,156,64,92,0,29,27,40,47,13,0,9,7,16,22,10,0,20,20,24,25,3
2017_4,아차산로78길,2703,1387,1316,9,513,826,623,467,265,5,144,456,398,225,159,4,369,370,225,242,106
2017_4,아차산로65길,731,490,241,2,99,179,218,167,66,2,39,124,147,125,53,0,60,55,71,42,13
2017_4,아차산로55길,340,191,149,0,39,74,87,90,50,0,22,36,52,49,32,0,17,38,35,41,18
2017_4,아차산로51길,249,147,102,1,30,64,83,44,27,1,15,36,55,23,17,0,15,28,28,21,10
2017_4,아차산로40길,544,296,248,5,109,121,130,104,75,2,45,62,67,58,62,3,64,59,63,46,13
2017_4,면목로17길,256,162,94,3,46,42,68,57,40,1,20,19,46,44,32,2,26,23,22,13,8
2017_4,뚝섬로64길,327,177,150,0,39,69,69,81,69,0,18,27,35,41,56,0,21,42,34,40,13
2017_4,뚝섬로58길,193,63,130,0,11,40,61,61,20,0,2,9,16,25,11,0,9,31,45,36,9
2017_4,뚝섬로54길,194,131,63,0,19,39,68,46,22,0,10,26,43,37,15,0,9,13,25,9,7
2017_4,뚝섬로48길,864,396,468,6,120,189,230,202,117,6,49,87,101,84,69,0,71,102,129,118,48
2017_4,뚝섬로24길,90,28,62,0,10,13,22,39,6,0,3,4,3,13,5,0,7,9,19,26,1
2017_4,뚝섬로23길,122,71,51,0,10,25,33,35,19,0,1,15,15,24,16,0,9,10,18,11,3
2017_4,동일로24길,14,4,10,0,3,4,3,3,1,0,1,1,1,0,1,0,2,3,2,3,0
2017_4,동일로18길,194,76,118,1,38,35,58,41,21,0,13,12,22,16,13,1,25,23,36,25,8
2017_4,능동로4길,239,104,135,0,44,44,53,58,40,0,14,13,26,27,24,0,30,31,27,31,16
2017_4,능동로3길,202,92,110,0,30,30,50,46,46,0,14,15,19,17,27,0,16,15,31,29,19
2017_4,능동로34길,978,522,456,2,122,218,239,238,159,2,54,124,126,103,113,0,68,94,113,135,46
2017_4,능동로19길,312,196,116,1,43,80,77,72,39,1,28,55,47,35,30,0,15,25,30,37,9
2017_4,능동로13길,374,123,251,1,45,74,81,95,78,0,12,27,34,27,23,1,33,47,47,68,55
2017_4,긴고랑로9길,52,26,26,1,7,17,13,7,7,0,3,11,7,3,2,1,4,6,6,4,5
2017_4,긴고랑로8길,223,179,44,0,7,22,43,74,77,0,2,15,30,61,71,0,5,7,13,13,6
2017_4,긴고랑로7길,517,259,258,1,43,119,157,140,57,0,13,67,76,72,31,1,30,52,81,68,26
2017_4,긴고랑로20길,566,273,293,0,63,130,172,125,76,0,16,72,82,63,40,0,47,58,90,62,36
2017_4,광나루로52길,1975,977,998,19,255,299,254,426,722,13,145,157,130,180,352,6,110,142,124,246,370
2017_4,광나루로40길,125,57,68,1,18,28,27,24,27,0,2,13,18,13,11,1,16,15,9,11,16
2017_4,광나루로37길,259,142,117,0,37,62,75,54,31,0,13,29,41,35,24,0,24,33,34,19,7
2017_4,광나루로36길,51,31,20,0,6,18,12,12,3,0,2,13,9,6,1,0,4,5,3,6,2
2017_4,광나루로24길,61,37,24,0,14,18,10,9,10,0,8,11,6,6,6,0,6,7,4,3,4
2017_4,광나루로12길,1001,552,449,7,192,267,263,188,84,7,91,170,140,85,59,0,101,97,123,103,25
2017_4,한림말길,59,33,26,1,6,12,23,10,7,0,2,4,16,6,5,1,4,8,7,4,2
2017_4,청계천로10나길,1805,1063,742,11,250,496,427,381,240,5,137,322,281,177,141,6,113,174,146,204,99
2017_4,장터길,41,13,28,0,10,12,4,8,7,0,1,3,2,3,4,0,9,9,2,5,3
2017_4,용답중앙길,97,51,46,0,6,25,29,20,17,0,5,13,19,9,5,0,1,12,10,11,12
2017_4,용답29길,1699,905,794,5,189,326,492,387,300,4,104,188,211,204,194,1,85,138,281,183,106
2017_4,왕십리로6길,1421,780,641,6,181,385,400,331,118,5,79,225,204,183,84,1,102,160,196,148,34
2017_4,왕십리로31길,107,52,55,0,8,26,27,22,24,0,3,6,11,13,19,0,5,20,16,9,5
2017_4,왕십리로26길,3861,2479,1382,11,835,844,956,754,461,5,320,595,717,529,313,6,515,249,239,225,148
2017_4,왕십리로21길,172,56,116,2,29,41,39,41,20,1,4,7,14,21,9,1,25,34,25,20,11
2017_4,왕십리로14길,2853,2023,830,9,329,535,697,789,494,6,173,386,518,540,400,3,156,149,179,249,94
2017_4,아차산로5길,2228,1463,765,21,317,540,631,501,218,20,172,375,411,329,156,1,145,165,220,172,62
2017_4,아차산로15길,4349,3090,1259,18,738,1174,1161,826,432,9,418,846,851,593,373,9,320,328,310,233,59
2017_4,아차산로11길,3643,2378,1265,23,615,922,953,765,365,17,319,646,655,468,273,6,296,276,298,297,92
2017_4,송정4가길,1069,469,600,5,168,326,299,162,109,3,51,151,135,66,63,2,117,175,164,96,46
2017_4,송정12라길,298,186,112,0,36,74,75,64,49,0,10,43,42,48,43,0,26,31,33,16,6
2017_4,성수일로6길,2718,1665,1053,19,468,745,656,493,337,11,202,455,457,330,210,8,266,290,199,163,127
2017_4,성수이로7길,528,308,220,1,76,122,113,82,134,0,41,73,81,53,60,1,35,49,32,29,74
2017_4,성수이로18길,2450,1749,701,24,324,629,708,585,180,20,179,446,529,429,146,4,145,183,179,156,34
2017_4,성덕정길,879,484,395,13,160,215,225,194,72,1,40,126,131,128,58,12,120,89,94,66,14
2017_4,성덕정17길,233,126,107,1,27,50,48,70,37,0,11,27,25,38,25,1,16,23,23,32,12
2017_4,서울숲2길,1212,679,533,5,152,258,314,297,186,0,54,145,181,163,136,5,98,113,133,134,50
2017_4,상원길,1491,966,525,6,211,426,455,258,135,3,87,289,319,180,88,3,124,137,136,78,47
2017_4,상원12길,175,104,71,3,35,34,51,36,16,0,14,24,32,21,13,3,21,10,19,15,3
2017_4,사근동길,28,17,11,0,3,11,9,2,3,0,2,4,6,2,3,0,1,7,3,0,0
2017_4,무학봉길,9,6,3,0,0,3,3,2,1,0,0,1,3,1,1,0,0,2,0,1,0
2017_4,무학봉28길,136,59,77,1,17,25,40,34,19,0,4,6,17,20,12,1,13,19,23,14,7
2017_4,무학로6길,383,217,166,2,42,67,107,96,69,1,19,45,59,55,38,1,23,22,48,41,31
2017_4,무수막길,134,55,79,0,32,26,28,33,15,0,7,15,10,14,9,0,25,11,18,19,6
2017_4,매봉길,9,6,3,0,1,1,2,2,3,0,1,1,0,2,2,0,0,0,2,0,1
2017_4,마조로1길,213,79,134,0,31,49,68,53,12,0,9,17,25,18,10,0,22,32,43,35,2
2017_4,마조로16길,812,567,245,3,78,145,215,245,126,2,33,92,153,179,108,1,45,53,62,66,18
2017_4,마장로39길,115,45,70,2,13,16,38,41,5,2,8,8,18,7,2,0,5,8,20,34,3
2017_4,마장로27길,84,25,59,0,15,21,24,19,5,0,2,4,5,10,4,0,13,17,19,9,1
2017_4,둘레9길,390,229,161,0,48,96,114,91,41,0,28,50,66,53,32,0,20,46,48,38,9
2017_4,금호산길,427,156,271,0,69,101,108,102,47,0,23,38,32,38,25,0,46,63,76,64,22
2017_4,금호산2길,33,12,21,0,4,6,13,6,4,0,0,3,2,4,3,0,4,3,11,2,1
2017_4,고산자로6길,9672,3415,6257,32,882,1733,3205,3381,439,23,505,1121,921,497,348,9,377,612,2284,2884,91
2017_4,후암로28길,201,89,112,0,45,37,55,52,12,0,12,15,31,22,9,0,33,22,24,30,3
2017_4,효창원로39길,46,29,17,0,5,12,16,11,2,0,2,10,11,5,1,0,3,2,5,6,1
2017_4,회나무로13길,71,33,38,0,26,23,9,11,2,0,11,10,7,3,2,0,15,13,2,8,0
2017_4,한남대로20길,732,422,310,2,158,237,184,84,67,2,65,143,109,56,47,0,93,94,75,28,20
2017_4,한강대로7길,529,357,172,8,66,92,107,87,169,7,42,66,86,61,95,1,24,26,21,26,74
2017_4,한강대로62길,748,507,241,1,132,170,169,176,100,0,87,122,122,105,71,1,45,48,47,71,29
2017_4,한강대로52길,1107,708,399,2,237,358,251,163,96,0,96,223,182,129,78,2,141,135,69,34,18
2017_4,한강대로43길,5982,3756,2226,10,977,1501,1622,1197,675,2,441,964,1136,762,451,8,536,537,486,435,224
2017_4,한강대로15길,1553,338,1215,20,754,518,126,83,52,3,66,103,65,63,38,17,688,415,61,20,14
2017_4,한강대로104길,10716,3983,6733,241,6103,2023,1265,598,486,15,937,1303,971,449,308,226,5166,720,294,149,178
2017_4,청파로73길,1179,631,548,2,150,335,335,230,127,0,65,141,157,154,114,2,85,194,178,76,13
2017_4,청파로71길,236,115,121,0,29,49,76,65,17,0,6,21,29,46,13,0,23,28,47,19,4
2017_4,청파로47나길,174,100,74,0,37,41,42,26,28,0,14,26,28,14,18,0,23,15,14,12,10
2017_4,청파로47길,929,415,514,5,140,240,236,210,98,0,58,103,108,89,57,5,82,137,128,121,41
2017_4,장문로45길,49,9,40,0,7,15,10,12,5,0,1,3,2,3,0,0,6,12,8,9,5
2017_4,이태원로54길,2379,1142,1237,43,665,711,530,349,81,19,321,452,230,72,48,24,344,259,300,277,33
2017_4,이태원로27길,653,367,286,7,286,165,81,66,48,3,155,109,39,37,24,4,131,56,42,29,24
2017_4,이촌로22길,222,131,91,0,28,44,59,52,39,0,13,22,34,33,29,0,15,22,25,19,10
2017_4,원효로89길,913,746,167,8,168,357,207,137,36,6,113,295,178,124,30,2,55,62,29,13,6
2017_4,원효로53길,818,496,322,1,108,218,234,156,101,1,45,142,152,95,61,0,63,76,82,61,40
2017_4,원효로41길,1379,934,445,14,220,465,368,209,103,9,128,337,276,118,66,5,92,128,92,91,37
2017_4,원효로19길,1000,697,303,1,145,352,285,132,85,0,79,261,214,87,56,1,66,91,71,45,29
2017_4,우사단로4길,189,127,62,0,21,25,41,59,43,0,5,10,24,50,38,0,16,15,17,9,5
2017_4,우사단로14길,1836,887,949,1,316,825,479,147,68,0,72,380,328,87,20,1,244,445,151,60,48
2017_4,우사단로10길,88,42,46,0,17,22,15,23,11,0,4,11,5,15,7,0,13,11,10,8,4
2017_4,신흥로20길,197,78,119,0,38,53,63,24,19,0,14,19,25,6,14,0,24,34,38,18,5
2017_4,소월로20길,134,42,92,2,26,28,38,26,14,1,4,7,6,13,11,1,22,21,32,13,3
2017_4,서빙고로71길,472,287,185,0,51,114,121,107,79,0,18,55,56,89,69,0,33,59,65,18,10
2017_4,백범로90길,280,172,108,0,24,54,81,70,51,0,15,31,48,45,33,0,9,23,33,25,18
2017_4,백범로79길,753,486,267,1,105,201,196,141,109,1,44,123,147,93,78,0,61,78,49,48,31
2017_4,두텁바위로1길,2663,1432,1231,24,574,730,685,422,228,7,217,360,382,289,177,17,357,370,303,133,51
2017_4,대사관로34길,271,144,127,0,38,73,69,56,35,0,17,41,33,32,21,0,21,32,36,24,14
2017_4,녹사평대로46길,75,50,25,0,29,30,10,5,1,0,19,22,5,3,1,0,10,8,5,2,0
2017_4,녹사평대로40나길,62,31,31,1,24,13,10,10,4,1,11,7,4,4,4,0,13,6,6,6,0
2017_4,녹사평대로32길,293,154,139,1,58,72,65,45,52,0,33,37,29,19,36,1,25,35,36,26,16
2017_4,녹사평대로26길,2231,1171,1060,6,243,572,561,608,241,3,74,225,269,434,166,3,169,347,292,174,75
2017_4,녹사평대로11길,283,186,97,0,44,81,96,48,14,0,27,45,68,35,11,0,17,36,28,13,3
2017_4,퇴계로90길,596,211,385,3,84,137,135,156,81,3,26,43,55,47,37,0,58,94,80,109,44
2017_4,퇴계로8길,2348,1328,1020,6,425,789,589,324,215,1,128,448,374,215,162,5,297,341,215,109,53
2017_4,퇴계로56길,1234,994,240,4,126,412,348,208,136,2,81,343,304,159,105,2,45,69,44,49,31
2017_4,퇴계로46길,1943,844,1099,6,350,544,492,391,160,1,65,179,210,263,126,5,285,365,282,128,34
2017_4,퇴계로18길,3016,1334,1682,12,610,776,681,576,361,2,198,412,342,211,169,10,412,364,339,365,192
2017_4,퇴계로12길,1102,470,632,6,235,292,208,245,116,1,50,106,103,139,71,5,185,186,105,106,45
2017_4,청구로1길,231,93,138,0,63,47,58,51,12,0,15,26,25,20,7,0,48,21,33,31,5
2017_4,청구로17길,1696,785,911,2,420,613,346,207,108,0,75,268,193,159,90,2,345,345,153,48,18
2017_4,장충단로8길,3378,1290,2088,56,1325,797,559,335,306,17,322,324,287,180,160,39,1003,473,272,155,146
2017_4,삼일대로4길,1005,611,394,7,168,293,242,159,136,0,63,171,171,103,103,7,105,122,71,56,33
2017_4,명동길,35854,17667,18187,122,5579,13477,10320,5198,1158,35,1853,5957,5519,3519,784,87,3726,7520,4801,1679,374
2017_4,동호로20길,812,313,499,11,266,230,147,109,49,4,96,77,58,47,31,7,170,153,89,62,18
2017_4,동호로15길,4140,2165,1975,37,1643,1348,738,267,107,19,604,757,534,184,67,18,1039,591,204,83,40
2017_4,동호로11길,17,9,8,0,1,1,8,5,2,0,0,0,5,3,1,0,1,1,3,2,1
2017_4,동호로10길,1533,661,872,12,340,406,341,305,129,4,79,183,179,153,63,8,261,223,162,152,66
2017_4,다산로39길,1312,715,597,2,163,279,337,360,171,0,73,185,180,192,85,2,90,94,157,168,86
2017_4,다산로38길,1556,741,815,14,500,436,316,195,95,4,166,217,176,117,61,10,334,219,140,78,34
2017_4,다산로36길,74,44,30,0,16,16,16,20,6,0,9,9,9,13,4,0,7,7,7,7,2
2017_4,다산로33길,376,197,179,4,79,73,101,83,36,1,39,40,55,39,23,3,40,33,46,44,13
2017_4,난계로21길,253,168,85,1,35,47,90,65,15,0,17,29,68,42,12,1,18,18,22,23,3
2017_4,난계로11길,1745,1054,691,4,362,434,373,336,236,0,191,269,247,190,157,4,171,165,126,146,79
2017_4,필운대로1길,4,1,3,0,0,4,0,0,0,0,0,1,0,0,0,0,0,3,0,0,0
2017_4,평창길,179,92,87,0,27,41,43,44,24,0,10,22,28,17,15,0,17,19,15,27,9
2017_4,통일로12길,240,97,143,1,21,53,70,80,15,0,4,16,32,36,9,1,17,37,38,44,6
2017_4,창신길,287,75,212,1,39,35,48,96,68,0,9,15,16,23,12,1,30,20,32,73,56
2017_4,창신5길,8,3,5,0,0,1,3,2,2,0,0,0,1,1,1,0,0,1,2,1,1
2017_4,창신2길,58,27,31,0,2,6,12,30,8,0,0,5,5,13,4,0,2,1,7,17,4
2017_4,창경궁로35길,1277,365,912,10,356,317,377,173,44,2,41,90,124,78,30,8,315,227,253,95,14
2017_4,지봉로8길,184,99,85,0,28,42,57,45,12,0,9,26,26,30,8,0,19,16,31,15,4
2017_4,종로65길,575,256,319,3,59,104,158,134,117,2,25,44,72,48,65,1,34,60,86,86,52
2017_4,자하문로7길,578,366,212,0,112,175,159,72,60,0,70,105,100,46,45,0,42,70,59,26,15
2017_4,이화장길,1886,868,1018,0,304,539,521,395,127,0,79,193,273,251,72,0,225,346,248,144,55
2017_4,율곡로16길,104,91,13,0,11,32,24,27,10,0,7,31,23,23,7,0,4,1,1,4,3
2017_4,율곡로10길,2236,1625,611,7,314,711,653,345,206,4,172,535,513,244,157,3,142,176,140,101,49
2017_4,옥인길,497,216,281,0,98,126,133,116,24,0,29,46,73,57,11,0,69,80,60,59,13
2017_4,숭인동길,23,6,17,0,3,0,6,8,6,0,0,0,3,3,0,0,3,0,3,5,6
2017_4,성균관로5길,146,91,55,0,9,8,11,22,96,0,4,5,4,8,70,0,5,3,7,14,26
2017_4,삼청로5길,471,178,293,0,131,127,102,68,43,0,29,53,46,29,21,0,102,74,56,39,22
2017_4,북촌로5나길,1643,1117,526,0,143,505,572,367,56,0,63,335,415,274,30,0,80,170,157,93,26
2017_4,북촌로5길,61,27,34,0,8,17,8,16,12,0,2,11,3,5,6,0,6,6,5,11,6
2017_4,북촌로11길,19,10,9,0,6,4,2,3,4,0,1,2,1,3,3,0,5,2,1,0,1
2017_4,백석동길,128,69,59,1,24,32,24,25,22,0,7,12,16,16,18,1,17,20,8,9,4
2017_4,명륜길,20,11,9,0,6,9,3,1,1,0,3,6,2,0,0,0,3,3,1,1,1
2017_4,돈화문로11가길,1073,590,483,0,177,275,269,211,141,0,55,131,168,131,105,0,122,144,101,80,36
2017_4,계동길,831,366,465,1,175,258,187,153,57,0,50,100,90,85,41,1,125,158,97,68,16
2017_3,강남 마이스 관광특구,22266,12751,9515,104,5474,7625,5606,2673,784,35,1748,4351,4049,2030,538,69,3726,3274,1557,643,246
2017_3,잠실 관광특구,28736,16766,11970,251,5545,7417,6411,5927,3185,93,2702,4757,3867,3380,1967,158,2843,2660,2544,2547,1218
2017_3,종로·청계 관광특구,30736,18590,12146,52,4528,9613,8626,6065,1852,18,1716,5080,5906,4644,1226,34,2812,4533,2720,1421,626
2017_3,동대문패션타운 관광특구,10063,5731,4332,38,2248,3140,2276,1556,805,18,1176,1806,1365,875,491,20,1072,1334,911,681,314
2017_3,명동 남대문 북창동 다동 무교동 관광특구,168048,85325,82723,769,35558,57305,45352,22444,6620,190,11017,26128,27721,15896,4373,579,24541,31177,17631,6548,2247
2017_3,이태원 관광특구,5614,3181,2433,42,1381,1628,1096,948,519,21,672,953,604,615,316,21,709,675,492,333,203
2017_3,길동복조리시장,475,297,178,2,35,89,134,112,103,2,18,60,84,65,68,0,17,29,50,47,35
2017_3,둔촌역전통시장,163,82,81,1,11,33,33,55,30,0,2,14,17,28,21,1,9,19,16,27,9
2017_3,성내골목시장,7,2,5,0,0,1,4,1,1,0,0,1,1,0,0,0,0,0,3,1,1
2017_3,천호시장,24,12,12,0,5,9,5,5,0,0,3,6,1,2,0,0,2,3,4,3,0
2017_3,암사종합시장,731,338,393,0,30,67,82,109,443,0,12,38,41,40,207,0,18,29,41,69,236
2017_3,고덕전통시장,388,374,14,0,2,12,45,140,189,0,1,9,39,137,188,0,1,3,6,3,1
2017_3,명일골목시장,441,162,279,0,11,21,66,131,212,0,4,12,17,27,102,0,7,9,49,104,110
2017_3,새마을시장,382,213,169,1,45,93,121,68,54,0,28,58,67,26,34,1,17,35,54,42,20
2017_3,석촌시장,195,126,69,0,23,26,69,45,32,0,14,16,48,24,24,0,9,10,21,21,8
2017_3,방이시장,647,406,241,2,88,205,167,137,48,2,63,166,112,41,22,0,25,39,55,96,26
2017_3,마천시장,258,70,188,0,21,43,69,66,59,0,5,15,21,17,12,0,16,28,48,49,47
2017_3,풍납시장,17,5,12,0,3,4,3,6,1,0,0,2,1,1,1,0,3,2,2,5,0
2017_3,강남개포시장,38,31,7,0,0,2,7,11,18,0,0,1,3,9,18,0,0,1,4,2,0
2017_3,도곡시장,497,215,282,3,70,113,143,108,60,0,18,56,59,45,37,3,52,57,84,63,23
2017_3,영동전통시장,3031,2212,819,10,448,786,896,589,302,5,258,583,743,420,203,5,190,203,153,169,99
2017_3,미성동도깨비시장,411,176,235,2,62,87,130,107,23,0,21,46,57,39,13,2,41,41,73,68,10
2017_3,신신림시장,2,2,0,0,0,0,2,0,0,0,0,0,2,0,0,0,0,0,0,0,0
2017_3,삼성동시장,99,44,55,0,13,25,18,26,17,0,3,12,6,12,11,0,10,13,12,14,6
2017_3,신림중앙시장,14,9,5,0,0,4,4,2,4,0,0,2,4,1,2,0,0,2,0,1,2
2017_3,강남골목시장,282,129,153,1,27,57,71,78,48,0,11,35,29,26,28,1,16,22,42,52,20
2017_3,관악신사시장,291,217,74,0,30,39,55,96,71,0,13,30,39,75,60,0,17,9,16,21,11
2017_3,신원시장,354,144,210,0,38,68,86,88,74,0,14,38,34,32,26,0,24,30,52,56,48
2017_3,인헌시장,205,90,115,0,39,61,47,37,21,0,12,32,24,13,9,0,27,29,23,24,12
2017_3,봉천현대시장,7,4,3,0,0,0,1,2,4,0,0,0,1,1,2,0,0,0,0,1,2
2017_3,봉천제일종합시장,47,24,23,0,3,8,11,17,8,0,1,4,5,7,7,0,2,4,6,10,1
2017_3,낙성대시장,22,13,9,1,2,5,4,6,4,1,1,1,4,4,2,0,1,4,0,2,2
2017_3,중부시장,193,60,133,0,23,30,40,49,51,0,9,7,14,17,13,0,14,23,26,32,38
2017_3,남성역골목시장,541,249,292,0,69,117,130,133,92,0,23,44,64,65,53,0,46,73,66,68,39
2017_3,남성사계시장,1933,865,1068,9,261,385,435,450,393,2,65,184,232,185,197,7,196,201,203,265,196
2017_3,흑석시장,181,72,109,1,15,51,51,38,25,0,3,14,14,18,23,1,12,37,37,20,2
2017_3,상도4동도깨비골목시장,322,78,244,0,70,68,75,73,36,0,16,17,20,11,14,0,54,51,55,62,22
2017_3,영도시장,70,30,40,0,14,10,20,17,9,0,3,3,11,8,5,0,11,7,9,9,4
2017_3,본동인정시장,110,55,55,0,4,27,29,24,26,0,0,12,12,12,19,0,4,15,17,12,7
2017_3,대림중앙시장,22,10,12,0,4,5,6,4,3,0,0,2,3,2,3,0,4,3,3,2,0
2017_3,우리시장,15,7,8,0,1,2,2,9,1,0,0,0,0,6,1,0,1,2,2,3,0
2017_3,영진시장A동,55,44,11,1,1,22,7,15,9,0,1,19,5,12,7,1,0,3,2,3,2
2017_3,사러가시장,27,7,20,0,7,7,10,2,1,0,2,1,3,1,0,0,5,6,7,1,1
2017_3,영등포청과시장,190,128,62,1,22,57,57,38,15,0,11,38,45,27,7,1,11,19,12,11,8
2017_3,영등포전통시장,3950,2016,1934,26,616,1410,1029,551,318,3,187,640,591,382,213,23,429,770,438,169,105
2017_3,은행나무시장,42,9,33,0,2,8,13,10,9,0,0,0,2,3,4,0,2,8,11,7,5
2017_3,현대시장,52,16,36,0,5,9,25,9,4,0,2,2,7,2,3,0,3,7,18,7,1
2017_3,남문시장,258,103,155,1,26,31,77,93,30,0,4,8,33,40,18,1,22,23,44,53,12
2017_3,독산동 우시장,153,57,96,0,10,24,66,37,16,0,4,12,17,16,8,0,6,12,49,21,8
2017_3,개봉중앙시장,5,2,3,0,0,0,0,3,2,0,0,0,0,1,1,0,0,0,0,2,1
2017_3,가리봉시장,25,18,7,0,2,2,10,6,5,0,1,1,8,4,4,0,1,1,2,2,1
2017_3,남구로시장,12,2,10,0,0,0,2,5,5,0,0,0,0,2,0,0,0,0,2,3,5
2017_3,구로시장,61,23,38,0,9,19,19,10,4,0,2,6,8,4,3,0,7,13,11,6,1
2017_3,방신전통시장,134,115,19,0,1,14,23,56,40,0,1,9,17,50,38,0,0,5,6,6,2
2017_3,송화골목시장,533,197,336,6,89,94,158,136,50,2,22,46,57,35,35,4,67,48,101,101,15
2017_3,까치산시장,42,27,15,0,3,11,21,7,0,0,0,9,14,4,0,0,3,2,7,3,0
2017_3,남부골목시장,204,88,116,0,27,43,65,46,23,0,3,20,30,24,11,0,24,23,35,22,12
2017_3,화곡중앙골목시장,2,2,0,0,0,1,0,0,1,0,0,1,0,0,1,0,0,0,0,0,0
2017_3,등마루시장,884,506,378,53,296,163,138,108,126,41,200,98,70,42,55,12,96,65,68,66,71
2017_3,신정3동골목시장,202,99,103,0,25,43,48,47,39,0,6,23,18,28,24,0,19,20,30,19,15
2017_3,신정2동골목시장,6,5,1,0,0,1,4,1,0,0,0,0,4,1,0,0,0,1,0,0,0
2017_3,신월6동골목시장,234,112,122,0,39,48,63,44,40,0,14,27,31,15,25,0,25,21,32,29,15
2017_3,신곡종합시장,9,7,2,0,0,0,3,2,4,0,0,0,2,1,4,0,0,0,1,1,0
2017_3,신월3동골목시장,53,14,39,0,8,6,17,19,3,0,1,3,5,4,1,0,7,3,12,15,2
2017_3,경창시장,207,94,113,0,9,30,58,57,53,0,4,19,33,22,16,0,5,11,25,35,37
2017_3,월정로시장,118,65,53,0,9,27,30,33,19,0,3,16,17,16,13,0,6,11,13,17,6
2017_3,신영시장,45,22,23,0,0,13,19,10,3,0,0,8,8,4,2,0,0,5,11,6,1
2017_3,목4동시장,239,86,153,0,26,41,80,54,38,0,7,16,16,21,26,0,19,25,64,33,12
2017_3,목3동시장,718,350,368,3,94,183,195,166,77,1,24,94,110,76,45,2,70,89,85,90,32
2017_3,목2동시장,238,109,129,1,34,51,75,62,15,1,5,27,40,27,9,0,29,24,35,35,6
2017_3,마포농수산물시장,490,314,176,0,23,52,119,177,119,0,14,32,84,105,79,0,9,20,35,72,40
2017_3,망원월드컵시장,13,8,5,0,0,1,6,3,3,0,0,1,3,3,1,0,0,0,3,0,2
2017_3,망원시장,38,19,19,0,6,7,3,18,4,0,3,5,2,7,2,0,3,2,1,11,2
2017_3,신수시장,119,83,36,1,11,35,42,14,16,0,4,22,31,11,15,1,7,13,11,3,1
2017_3,아현시장,25,4,21,0,4,8,7,5,1,0,0,2,1,1,0,0,4,6,6,4,1
2017_3,대림골목시장,363,130,233,0,45,73,119,90,36,0,15,28,45,24,18,0,30,45,74,66,18
2017_3,상계중앙시장,31,17,14,0,6,8,8,8,1,0,5,4,4,4,0,0,1,4,4,4,1
2017_3,방학동도깨비시장,153,62,91,0,24,31,43,27,28,0,17,15,16,7,7,0,7,16,27,20,21
2017_3,쌍문역골목시장,75,36,39,0,8,19,24,14,10,0,2,10,12,7,5,0,6,9,12,7,5
2017_3,신도봉시장,28,17,11,0,2,3,10,11,2,0,2,2,7,5,1,0,0,1,3,6,1
2017_3,창동신창시장,150,68,82,0,14,24,43,38,31,0,3,10,18,18,19,0,11,14,25,20,12
2017_3,수유북부시장,11,5,6,0,1,4,2,1,3,0,0,4,1,0,0,0,1,0,1,1,3
2017_3,장미원골목시장,68,44,24,0,12,15,14,18,9,0,7,9,8,14,6,0,5,6,6,4,3
2017_3,수유중앙시장,124,68,56,1,9,34,35,24,21,0,5,17,21,13,12,1,4,17,14,11,9
2017_3,강북종합시장,69,29,40,0,9,10,25,16,9,0,2,6,9,8,4,0,7,4,16,8,5
2017_3,우이시장,158,62,96,1,15,37,43,44,18,0,6,18,13,14,11,1,9,19,30,30,7
2017_3,수유전통시장,438,131,307,0,42,68,85,139,104,0,9,16,23,35,48,0,33,52,62,104,56
2017_3,번동북부골목시장,82,46,36,1,10,13,28,18,12,1,3,7,16,12,7,0,7,6,12,6,5
2017_3,솔샘시장,112,47,65,1,14,27,44,20,6,1,1,15,20,6,4,0,13,12,24,14,2
2017_3,방천골목시장,71,27,44,0,9,15,19,21,7,0,1,3,8,9,6,0,8,12,11,12,1
2017_3,석관황금시장,71,28,43,0,2,9,21,18,21,0,1,4,10,4,9,0,1,5,11,14,12
2017_3,장위전통시장,182,73,109,0,13,45,59,41,24,0,3,16,21,16,17,0,10,29,38,25,7
2017_3,정릉시장,33,12,21,0,6,9,10,3,5,0,1,5,2,1,3,0,5,4,8,2,2
2017_3,정릉아리랑시장,2,1,1,0,0,0,0,2,0,0,0,0,0,1,0,0,0,0,0,1,0
2017_3,돈암제일시장,59,21,38,1,9,13,16,11,9,1,0,6,4,5,5,0,9,7,12,6,4
2017_3,우림골목시장,214,106,108,0,20,24,54,54,62,0,4,8,27,28,39,0,16,16,27,26,23
2017_3,묵1동도깨비시장,264,115,149,1,36,47,71,85,24,0,9,28,28,40,10,1,27,19,43,45,14
2017_3,태능시장,4,3,1,0,1,2,1,0,0,0,0,2,1,0,0,0,1,0,0,0,0
2017_3,중화제일시장,24,1,23,0,7,3,5,7,2,0,0,0,0,1,0,0,7,3,5,6,2
2017_3,사가정시장,248,185,63,0,22,20,49,86,71,0,3,9,33,74,66,0,19,11,16,12,5
2017_3,동원시장,80,32,48,0,12,20,24,18,6,0,2,8,9,9,4,0,10,12,15,9,2
2017_3,동부골목시장,92,34,58,0,22,22,12,19,17,0,5,5,2,9,13,0,17,17,10,10,4
2017_3,회기시장,122,50,72,0,18,32,34,23,15,0,6,12,16,6,10,0,12,20,18,17,5
2017_3,답십리시장,28,9,19,0,2,6,10,10,0,0,1,1,5,2,0,0,1,5,5,8,0
2017_3,답십리현대시장,91,69,22,0,10,20,31,17,13,0,6,18,22,10,13,0,4,2,9,7,0
2017_3,청량리종합시장,15,12,3,0,1,5,3,2,4,0,1,3,3,1,4,0,0,2,0,1,0
2017_3,청량리농수산물시장,20,16,4,0,0,4,4,8,4,0,0,4,4,5,3,0,0,0,0,3,1
2017_3,서울약령시장,1362,816,546,1,121,237,353,406,244,0,56,137,210,252,161,1,65,100,143,154,83
2017_3,청량리수산시장,224,110,114,1,44,60,49,32,38,0,10,29,24,17,30,1,34,31,25,15,8
2017_3,구의시장,99,57,42,0,14,16,27,31,11,0,2,11,15,19,10,0,12,5,12,12,1
2017_3,조양시장,90,44,46,0,7,17,30,22,14,0,2,6,12,11,13,0,5,11,18,11,1
2017_3,영동교골목시장,16,11,5,0,1,5,4,2,4,0,0,5,3,1,2,0,1,0,1,1,2
2017_3,능동로골목시장,189,156,33,0,6,12,8,18,145,0,1,8,1,9,137,0,5,4,7,9,8
2017_3,자양골목시장,95,50,45,0,7,11,32,31,14,0,1,6,17,17,9,0,6,5,15,14,5
2017_3,중곡제일시장,118,70,48,2,10,23,31,34,18,0,6,14,16,21,13,2,4,9,15,13,5
2017_3,한아름시장,137,80,57,0,34,35,33,27,8,0,20,25,22,10,3,0,14,10,11,17,5
2017_3,성동용답상가시장,286,137,149,3,40,71,73,59,40,0,9,33,34,31,30,3,31,38,39,28,10
2017_3,뚝도시장,36,13,23,0,6,6,10,9,5,0,1,4,3,3,2,0,5,2,7,6,3
2017_3,금남시장,20,12,8,0,2,5,1,5,7,0,1,4,1,1,5,0,1,1,0,4,2
2017_3,행당시장,226,118,108,2,44,50,71,44,15,1,13,27,45,21,11,1,31,23,26,23,4
2017_3,마장축산물시장,1519,1028,491,2,160,401,444,319,193,2,105,287,303,207,124,0,55,114,141,112,69
2017_3,용문전통시장,38,22,16,0,2,8,12,11,5,0,1,6,6,6,3,0,1,2,6,5,2
2017_3,후암시장,51,20,31,0,0,10,11,18,12,0,0,6,5,3,6,0,0,4,6,15,6
2017_3,합동(새벽)시장,2312,1324,988,2,340,686,583,371,330,0,97,285,342,292,308,2,243,401,241,79,22
2017_3,서울중앙시장,252,172,80,1,22,72,61,69,27,1,11,51,40,48,21,0,11,21,21,21,6
2017_3,백학시장,466,241,225,1,77,133,116,106,33,0,31,74,65,48,23,1,46,59,51,58,10
2017_3,약수시장,1750,712,1038,5,270,416,431,342,286,0,68,161,178,141,164,5,202,255,253,201,122
2017_3,청평화시장,3103,1906,1197,3,825,1204,763,221,87,2,532,715,511,101,45,1,293,489,252,120,42
2017_3,제일평화시장,538,320,218,0,90,165,116,95,72,0,43,99,70,57,51,0,47,66,46,38,21
2017_3,남평화시장,185,111,74,0,16,36,34,74,25,0,6,20,23,46,16,0,10,16,11,28,9
2017_3,방산종합시장,1856,1184,672,4,165,407,506,490,284,3,94,283,294,306,204,1,71,124,212,184,80
2017_3,인현시장,1128,719,409,1,77,199,322,346,183,1,34,110,202,235,137,0,43,89,120,111,46
2017_3,신중부시장,2430,1616,814,8,198,477,720,617,410,4,94,323,473,418,304,4,104,154,247,199,106
2017_3,남대문시장,7180,3721,3459,49,1179,2775,1833,899,445,6,373,1399,1041,587,315,43,806,1376,792,312,130
2017_3,동묘시장,937,588,349,4,133,214,233,229,124,2,45,132,160,157,92,2,88,82,73,72,32
2017_3,창신골목시장,239,125,114,0,19,110,51,45,14,0,8,48,31,27,11,0,11,62,20,18,3
2017_3,충신시장,329,203,126,0,50,94,80,68,37,0,20,60,45,47,31,0,30,34,35,21,6
2017_3,종로신진시장,35,14,21,0,1,2,11,9,12,0,0,0,4,2,8,0,1,2,7,7,4
2017_3,동대문종합시장,329,178,151,0,68,78,85,58,40,0,27,42,52,34,23,0,41,36,33,24,17
2017_3,광장시장,193,143,50,0,14,36,36,65,42,0,6,30,27,45,35,0,8,6,9,20,7
2017_3,서울 노원구 노원역_3,797,334,463,10,242,130,170,153,92,7,94,67,64,51,51,3,148,63,106,102,41
2017_3,서울 노원구 노원역_1,988,302,686,8,329,255,197,133,66,4,54,89,72,53,30,4,275,166,125,80,36
2017_3,창동역,2408,1553,855,2,266,442,668,648,382,1,104,253,442,473,280,1,162,189,226,175,102
2017_3,서울 강북구 수유역_3,66,30,36,0,7,12,16,23,8,0,3,5,8,9,5,0,4,7,8,14,3
2017_3,서울 강북구 수유역_2,4125,2117,2008,9,463,918,976,1048,711,3,150,426,491,652,395,6,313,492,485,396,316
2017_3,서울 강북구 수유역_1,117,96,21,0,7,29,38,24,19,0,5,26,28,19,18,0,2,3,10,5,1
2017_3,서울 은평구 연신내역_3,638,191,447,0,153,134,153,125,73,0,32,38,46,47,28,0,121,96,107,78,45
2017_3,서울 은평구 연신내역_2,413,176,237,2,94,99,94,73,51,1,36,45,41,26,27,1,58,54,53,47,24
2017_3,서울 은평구 연신내역_1,87,35,52,1,22,19,12,19,14,0,5,8,7,8,7,1,17,11,5,11,7
2017_3,서울 성북구 미아삼거리역_2,514,212,302,0,97,123,153,105,36,0,18,46,73,55,20,0,79,77,80,50,16
2017_3,서울 강북구 미아삼거리역_1,520,189,331,2,133,131,102,80,72,2,34,42,40,31,40,0,99,89,62,49,32
2017_3,서울 은평구 불광역_3,54,19,35,0,10,10,15,16,3,0,2,3,5,8,1,0,8,7,10,8,2
2017_3,서울 은평구 불광역_2,73,29,44,0,9,17,18,21,8,0,1,5,8,10,5,0,8,12,10,11,3
2017_3,서울 은평구 불광역_1,252,108,144,1,32,54,54,55,56,0,12,19,28,17,32,1,20,35,26,38,24
2017_3,미아사거리_2,125,35,90,1,39,28,23,25,9,0,11,11,6,4,3,1,28,17,17,21,6
2017_3,미아사거리_1,522,221,301,2,98,95,138,122,67,1,48,47,45,46,34,1,50,48,93,76,33
2017_3,서울 성북구 성신여대입구역,5121,3134,1987,16,675,1140,1252,1367,671,9,262,546,744,1053,520,7,413,594,508,314,151
2017_3,경희대학교,370,173,197,7,58,102,87,78,38,3,27,60,43,27,13,4,31,42,44,51,25
2017_3,서울 성북구 안암역,97,57,40,0,15,36,27,8,11,0,7,25,17,2,6,0,8,11,10,6,5
2017_3,혜화역 대학로_3,1658,790,868,4,258,454,417,345,180,1,94,195,211,179,110,3,164,259,206,166,70
2017_3,혜화역 대학로_2,1491,830,661,1,92,448,524,344,82,0,31,185,274,274,66,1,61,263,250,70,16
2017_3,혜화역 대학로_1,1191,611,580,7,268,343,271,182,120,2,109,178,157,98,67,5,159,165,114,84,53
2017_3,디지털미디어시티,21758,12923,8835,64,7057,7185,5276,1797,379,19,2750,4384,4095,1423,252,45,4307,2801,1181,374,127
2017_3,서울 동대문구 청량리역,3046,1987,1059,12,541,686,753,607,447,4,354,479,506,358,286,8,187,207,247,249,161
2017_3,서울 종로구 안국역_2,680,261,419,6,139,225,163,93,54,3,25,97,70,32,34,3,114,128,93,61,20
2017_3,서울 종로구 안국역_1,12874,10672,2202,13,1376,4751,3890,2285,559,13,957,3821,3350,2049,482,0,419,930,540,236,77
2017_3,서울 종로구 경복궁역_1,219,90,129,1,41,51,44,50,32,0,12,27,20,16,15,1,29,24,24,34,17
2017_3,서울 종로구 종로3가역_3,3298,1768,1530,13,542,848,875,660,360,4,156,463,493,398,254,9,386,385,382,262,106
2017_3,서울 종로구 종로3가역_2,1907,1044,863,8,376,419,411,348,345,4,154,225,232,198,231,4,222,194,179,150,114
2017_3,서울 동대문구 신설동역_2,4491,2160,2331,21,479,604,768,1273,1346,8,143,329,418,532,730,13,336,275,350,741,616
2017_3,인사동,21235,13039,8196,109,4005,7103,5192,3069,1757,42,1415,4330,3939,2277,1036,67,2590,2773,1253,792,721
2017_3,서울 종로구 종로5가역_4,669,360,309,0,79,149,200,153,88,0,24,90,108,78,60,0,55,59,92,75,28
2017_3,서울 종로구 종로5가역_3,5114,3472,1642,9,681,1344,1451,1069,560,3,387,917,966,776,423,6,294,427,485,293,137
2017_3,종로구청,18711,10381,8330,680,3545,5753,4980,2748,1005,300,1471,2904,3178,1889,639,380,2074,2849,1802,859,366
2017_3,서울 종로구 종로5가역_2,18368,12155,6213,410,3325,6258,4930,2709,736,126,1454,4055,3806,2184,530,284,1871,2203,1124,525,206
2017_3,신설동역,772,435,337,4,138,195,166,168,101,0,45,107,105,97,81,4,93,88,61,71,20
2017_3,서울 동대문구 신설동역_1,2,2,0,0,0,0,1,0,1,0,0,0,1,0,1,0,0,0,0,0,0
2017_3,서울 종로구 광화문역_2,54025,32531,21494,87,7239,17093,16873,9208,3525,28,2650,9858,11505,6265,2225,59,4589,7235,5368,2943,1300
2017_3,동묘앞역,60,37,23,0,3,14,15,18,10,0,2,6,12,12,5,0,1,8,3,6,5
2017_3,장안동사거리,526,269,257,6,73,111,129,130,77,2,37,63,63,58,46,4,36,48,66,72,31
2017_3,서울 종로구 동대문역_2,1057,542,515,2,180,291,252,183,149,1,54,154,138,93,102,1,126,137,114,90,47
2017_3,동대문시장_2,498,305,193,1,47,113,109,128,100,0,23,72,74,63,73,1,24,41,35,65,27
2017_3,서울 종로구 종로5가역_1,49,36,13,0,6,6,13,17,7,0,2,3,11,15,5,0,4,3,2,2,2
2017_3,서울 종로구 종로3가역_1,3495,1546,1949,18,753,1040,733,559,392,7,226,436,329,293,255,11,527,604,404,266,137
2017_3,서울 종로구 광화문역_1,2317,1511,806,1,435,904,524,317,136,0,174,574,411,269,83,1,261,330,113,48,53
2017_3,종각역,20798,13447,7351,21,2781,6962,6457,4145,432,4,1092,3661,4700,3667,323,17,1689,3301,1757,478,109
2017_3,종각역 젊음의 거리,2297,997,1300,8,488,623,414,423,341,4,164,352,206,128,143,4,324,271,208,295,198
2017_3,서대문구 서대문역_1,351,238,113,0,38,72,108,71,62,0,14,59,79,41,45,0,24,13,29,30,17
2017_3,동대문시장_1,442,238,204,0,36,119,131,102,54,0,16,67,66,51,38,0,20,52,65,51,16
2017_3,시청역_2,21995,13957,8038,71,3898,6735,6534,3639,1118,40,1501,4065,4820,2704,827,31,2397,2670,1714,935,291
2017_3,서울시청,23931,11748,12183,106,4708,7671,6894,3350,1202,33,1526,3463,3828,2145,753,73,3182,4208,3066,1205,449
2017_3,서울 중구 을지로3가역_2,7819,5032,2787,11,941,2107,2046,1548,1166,3,349,1258,1515,1055,852,8,592,849,531,493,314
2017_3,서울 중구 신당역_2,1434,706,728,18,629,371,217,128,71,6,291,192,112,59,46,12,338,179,105,69,25
2017_3,서대문구 서대문역_2,2045,1421,624,2,369,807,514,250,103,2,222,602,373,159,63,0,147,205,141,91,40
2017_3,동대문역사문화공원역,4190,2992,1198,13,546,1114,1297,842,378,7,348,836,967,567,267,6,198,278,330,275,111
2017_3,서울 중구 을지로3가역_1,14464,9605,4859,28,2075,4250,4105,2637,1369,5,933,2725,2960,1971,1011,23,1142,1525,1145,666,358
2017_3,명동거리,23768,11122,12646,57,2946,9022,7345,3599,799,23,981,2972,4034,2569,543,34,1965,6050,3311,1030,256
2017_3,롯데백화점,39858,22204,17654,301,6375,13284,12755,5687,1456,66,2185,6340,8103,4415,1095,235,4190,6944,4652,1272,361
2017_3,서울 중구 신당역_1,1076,694,382,5,148,228,289,266,140,2,41,140,209,192,110,3,107,88,80,74,30
2017_3,북창동,7974,4771,3203,44,1392,2142,1871,1753,772,8,532,1313,1290,1101,527,36,860,829,581,652,245
2017_3,서울 중구 충무로역_2,14112,6234,7878,59,2105,3970,4542,2474,962,10,652,1938,2078,1008,548,49,1453,2032,2464,1466,414
2017_3,서울 강서구 송정역,615,408,207,1,53,133,193,130,105,0,21,93,142,81,71,1,32,40,51,49,34
2017_3,장한평역_2,12289,9719,2570,47,1335,2269,5047,2762,829,17,731,1741,4315,2285,630,30,604,528,732,477,199
2017_3,시청역_1,55770,33686,22084,118,8361,20613,18407,7213,1058,22,3624,11386,12262,5639,753,96,4737,9227,6145,1574,305
2017_3,왕십리역_2,659,280,379,4,123,147,150,138,97,1,41,64,61,63,50,3,82,83,89,75,47
2017_3,서울 강서구 발산역,822,488,334,2,156,234,202,147,81,1,57,132,141,104,53,1,99,102,61,43,28
2017_3,장한평역_1,2304,1536,768,10,159,396,427,413,899,6,67,212,285,283,683,4,92,184,142,130,216
2017_3,서울 중구 충무로역_1,3147,2188,959,49,553,1016,879,516,134,34,390,789,642,243,90,15,163,227,237,273,44
2017_3,장한평역,2210,1539,671,5,164,432,728,567,314,3,81,269,540,420,226,2,83,163,188,147,88
2017_3,서울 중구 명동역,3784,1916,1868,5,714,1813,887,252,113,1,220,861,594,162,78,4,494,952,293,90,35
2017_3,장충동 족발거리,208,99,109,0,47,51,45,31,34,0,16,29,26,15,13,0,31,22,19,16,21
2017_3,한양시장,285,142,143,1,54,69,61,66,34,1,25,42,25,29,20,0,29,27,36,37,14
2017_3,서울 서대문구 이대역,1297,536,761,5,294,294,307,247,150,1,78,116,143,112,86,4,216,178,164,135,64
2017_3,서울 서대문구 신촌역,3235,1340,1895,21,882,797,647,506,382,8,256,387,321,202,166,13,626,410,326,304,216
2017_3,서울 마포구 홍대입구역_3,414,246,168,0,68,143,116,56,31,0,17,81,77,44,27,0,51,62,39,12,4
2017_3,서울 마포구 홍대입구역_2,3258,1241,2017,16,1423,984,471,234,130,1,292,425,257,168,98,15,1131,559,214,66,32
2017_3,홍익대학교 주변,16188,7954,8234,90,3840,5259,3637,1937,1425,49,1495,2636,1884,920,970,41,2345,2623,1753,1017,455
2017_3,서울 광진구 군자역,176,103,73,1,33,49,49,30,14,0,14,35,31,18,5,1,19,14,18,12,9
2017_3,신촌역,264,135,129,0,46,82,58,49,29,0,17,38,37,26,17,0,29,44,21,23,12
2017_3,강서구청,3354,2224,1130,11,509,856,911,665,402,4,269,591,643,445,272,7,240,265,268,220,130
2017_3,서울 마포구 홍대입구역_1,832,466,366,8,220,279,204,84,37,1,115,145,124,57,24,7,105,134,80,27,13
2017_3,서울 강동구 고덕역,495,276,219,3,56,99,109,134,94,1,23,48,56,79,69,2,33,51,53,55,25
2017_3,서울 강동구 명일역,852,353,499,4,147,179,220,181,121,2,45,74,82,73,77,2,102,105,138,108,44
2017_3,어린이대공원역,88,52,36,0,10,27,24,18,9,0,4,16,15,11,6,0,6,11,9,7,3
2017_3,서울 마포구 공덕역_2,4361,2534,1827,24,693,1153,1283,928,280,9,252,676,871,569,157,15,441,477,412,359,123
2017_3,공덕역,7505,4485,3020,36,1677,2346,2090,1180,176,11,677,1192,1470,989,146,25,1000,1154,620,191,30
2017_3,서울 용산구 숙대입구역,2960,2152,808,9,578,1106,799,353,115,1,321,860,640,255,75,8,257,246,159,98,40
2017_3,남영역,14028,6236,7792,548,4773,3986,3000,1503,218,235,2101,2056,1309,410,125,313,2672,1930,1691,1093,93
2017_3,서울 마포구 공덕역_1,4781,2344,2437,30,1067,1411,1229,807,237,21,417,816,632,297,161,9,650,595,597,510,76
2017_3,서울 마포구 마포역_2,990,548,442,8,118,264,311,190,99,3,43,156,188,95,63,5,75,108,123,95,36
2017_3,서울 광진구 건대입구역_2,2881,980,1901,4,900,1047,491,254,185,2,187,362,224,85,120,2,713,685,267,169,65
2017_3,서울 마포구 마포역_1,11520,6886,4634,29,1774,2844,2617,2458,1798,9,718,1787,1802,1402,1168,20,1056,1057,815,1056,630
2017_3,서울 강동구 천호역_2,3895,1927,1968,11,667,879,858,663,817,6,265,462,412,281,501,5,402,417,446,382,316
2017_3,서울 광진구 건대입구역_1,902,425,477,3,206,189,223,147,134,0,76,93,105,78,73,3,130,96,118,69,61
2017_3,건대입구역,730,388,342,6,172,225,149,109,69,1,85,123,81,48,50,5,87,102,68,61,19
2017_3,서울 광진구 구의역,860,536,324,7,81,211,236,176,149,6,27,115,148,121,119,1,54,96,88,55,30
2017_3,서울 강동구 천호역,1037,514,523,3,163,228,240,202,201,0,34,101,137,109,133,3,129,127,103,93,68
2017_3,당산역_2,5064,3127,1937,10,504,717,807,1113,1913,9,372,561,516,569,1100,1,132,156,291,544,813
2017_3,서울 강동구 길동역,1192,657,535,2,125,282,349,265,169,0,37,149,232,128,111,2,88,133,117,137,58
2017_3,용산 전자상가_5,2478,1833,645,18,377,988,733,261,101,11,266,751,550,186,69,7,111,237,183,75,32
2017_3,당산역_1,1082,674,408,6,180,319,272,174,131,2,70,205,181,114,102,4,110,114,91,60,29
2017_3,서울 광진구 강변역,1914,1545,369,12,105,389,608,476,324,3,64,274,533,411,260,9,41,115,75,65,64
2017_3,용산 전자상가_3,2472,1797,675,27,312,824,746,352,211,20,198,611,535,272,161,7,114,213,211,80,50
2017_3,서울 용산구 이태원역,674,408,266,6,239,181,106,80,62,1,150,125,61,40,31,5,89,56,45,40,31
2017_3,한남오거리,632,334,298,2,100,152,119,144,115,1,27,88,68,68,82,1,73,64,51,76,33
2017_3,용산 전자상가_2,444,357,87,4,44,161,159,57,19,4,36,133,127,44,13,0,8,28,32,13,6
2017_3,용산구청,87,50,37,0,41,33,5,7,1,0,16,26,4,3,1,0,25,7,1,4,0
2017_3,용산 전자상가_1,7830,5985,1845,36,1197,2493,2458,1319,327,21,677,1864,2041,1139,243,15,520,629,417,180,84
2017_3,국회의사당역_2,36337,21385,14952,84,7606,12683,8974,5368,1622,28,2753,7107,6512,3933,1052,56,4853,5576,2462,1435,570
2017_3,서울 용산구 신용산역,508,240,268,0,63,116,125,117,87,0,33,70,51,47,39,0,30,46,74,70,48
2017_3,국회의사당역_1,5614,4332,1282,0,285,1224,1918,2063,124,0,125,755,1619,1730,103,0,160,469,299,333,21
2017_3,압구정 로데오거리_2,16399,6816,9583,129,5617,5885,2757,1226,785,38,1631,2712,1422,571,442,91,3986,3173,1335,655,343
2017_3,서울 강남구 압구정역,11035,5069,5966,331,3337,3037,1798,1348,1184,141,1190,1453,1052,667,566,190,2147,1584,746,681,618
2017_3,서울 영등포구 영등포구청역,3719,1144,2575,24,1062,1494,782,287,70,0,144,527,269,147,57,24,918,967,513,140,13
2017_3,압구정 로데오거리_1,7807,2538,5269,30,2844,3001,1230,436,266,6,680,946,553,203,150,24,2164,2055,677,233,116
2017_3,서울 강동구 둔촌동역,44,11,33,0,5,13,9,9,8,0,0,4,3,2,2,0,5,9,6,7,6
2017_3,오목교역,220,92,128,1,21,42,64,56,36,1,8,23,26,15,19,0,13,19,38,41,17
2017_3,신사동 가로수길,21727,10161,11566,102,6307,7142,4450,2397,1329,32,1637,3594,2680,1333,885,70,4670,3548,1770,1064,444
2017_3,서울 영등포구 여의도역_2,48522,32210,16312,103,6865,17845,15493,6489,1727,13,2836,10895,11931,5575,960,90,4029,6950,3562,914,767
2017_3,청담사거리_3,1860,570,1290,2,741,730,249,78,60,0,151,227,115,36,41,2,590,503,134,42,19
2017_3,영등포유통상가,2167,1343,824,4,285,455,435,461,527,2,119,262,280,284,396,2,166,193,155,177,131
2017_3,청담역_2,1323,924,399,10,267,405,297,150,194,0,112,313,231,109,159,10,155,92,66,41,35
2017_3,청담역_1,178,141,37,0,25,57,61,23,12,0,14,47,52,18,10,0,11,10,9,5,2
2017_3,청담사거리_2,920,699,221,1,131,319,355,89,25,0,66,245,307,66,15,1,65,74,48,23,10
2017_3,서울 영등포구 여의도역_1,51858,30910,20948,178,7406,14350,16595,10540,2789,38,3076,6715,10527,8701,1853,140,4330,7635,6068,1839,936
2017_3,학동사거리_2,3056,1778,1278,10,670,897,625,533,321,5,211,467,421,408,266,5,459,430,204,125,55
2017_3,서울 영등포구 영등포시장역,318,247,71,0,18,60,79,94,67,0,14,45,52,79,57,0,4,15,27,15,10
2017_3,학동사거리_1,4134,2110,2024,30,1047,1332,755,569,401,18,286,654,462,380,310,12,761,678,293,189,91
2017_3,여의도 시범아파트앞,2280,1530,750,5,327,538,603,513,294,0,162,339,431,383,215,5,165,199,172,130,79
2017_3,영등포역_3,867,513,354,2,163,237,196,182,87,0,49,146,129,131,58,2,114,91,67,51,29
2017_3,도산공원사거리_1,9962,5945,4017,26,2184,3339,2462,1348,603,6,873,2053,1670,916,427,20,1311,1286,792,432,176
2017_3,영등포역_2,1244,676,568,4,165,198,260,350,267,3,76,115,148,165,169,1,89,83,112,185,98
2017_3,문래동 주민센터,68,58,10,1,3,8,24,19,13,1,3,6,20,15,13,0,0,2,4,4,0
2017_3,강남구 신사역_2,7963,5151,2812,24,1570,3243,2056,784,286,6,619,2150,1563,604,209,18,951,1093,493,180,77
2017_3,서울 강남구 강남구청역_2,4496,2877,1619,59,1805,1266,895,364,107,28,972,825,708,277,67,31,833,441,187,87,40
2017_3,강남구 신사역_1,2257,950,1307,5,569,861,523,186,113,3,105,345,315,112,70,2,464,516,208,74,43
2017_3,서울 동작구 노량진1동_1,24,13,11,0,2,2,8,9,3,0,1,0,6,4,2,0,1,2,2,5,1
2017_3,서울 강남구 학동역_3,8987,5262,3725,26,1903,3031,2130,1175,722,5,663,1846,1497,762,489,21,1240,1185,633,413,233
2017_3,서울 강남구 강남구청역_1,3294,1905,1389,7,478,852,920,781,256,3,181,504,568,467,182,4,297,348,352,314,74
2017_3,잠실역,5959,4476,1483,17,864,1959,1815,931,373,2,417,1483,1553,749,272,15,447,476,262,182,101
2017_3,강남구 논현역_4,7301,3819,3482,31,1619,2256,1772,1000,623,10,495,1246,1094,590,384,21,1124,1010,678,410,239
2017_3,학동역,1546,604,942,5,530,537,303,121,50,1,95,237,165,78,28,4,435,300,138,43,22
2017_3,방이동 먹자골목,5213,3298,1915,16,634,1320,1467,1098,678,8,293,843,1038,650,466,8,341,477,429,448,212
2017_3,서울 강남구 학동역_2,6034,3287,2747,24,1139,1750,1187,625,1309,6,323,866,687,384,1021,18,816,884,500,241,288
2017_3,서울 동작구 노량진역,3774,2164,1610,6,416,969,1023,971,389,1,166,433,612,688,264,5,250,536,411,283,125
2017_3,삼성역_3,8959,5180,3779,27,1652,3387,2456,1117,320,7,521,1853,1675,910,214,20,1131,1534,781,207,106
2017_3,코엑스,22266,12751,9515,104,5474,7625,5606,2673,784,35,1748,4351,4049,2030,538,69,3726,3274,1557,643,246
2017_3,서울 강남구 학동역_1,5183,3320,1863,19,1172,1591,1161,673,567,11,598,1057,799,448,407,8,574,534,362,225,160
2017_3,선정릉역_2,6702,4136,2566,22,1421,2297,1623,874,465,1,523,1350,1204,681,377,21,898,947,419,193,88
2017_3,강남구 논현역_3,1588,905,683,1,300,573,330,259,125,0,129,388,198,118,72,1,171,185,132,141,53
2017_3,포스코사거리_2,7394,4769,2625,18,1341,3288,1816,643,288,8,541,2166,1378,465,211,10,800,1122,438,178,77
2017_3,포스코사거리_1,48819,32850,15969,63,9653,19446,13495,4951,1211,20,4959,13456,10162,3503,750,43,4694,5990,3333,1448,461
2017_3,잠실역 롯데월드,4035,1991,2044,178,1894,701,622,538,102,48,778,403,346,376,40,130,1116,298,276,162,62
2017_3,신도림역,3350,1784,1566,10,678,1205,957,411,89,3,263,647,532,269,70,7,415,558,425,142,19
2017_3,강남구 논현역_2,8354,4002,4352,40,2565,2737,1614,870,528,10,810,1478,1025,434,245,30,1755,1259,589,436,283
2017_3,선정릉역_1,1802,1285,517,6,387,653,379,181,196,6,219,453,296,140,171,0,168,200,83,41,25
2017_3,신천역,6368,3421,2947,23,1251,1486,1542,1047,1019,5,463,812,807,580,754,18,788,674,735,467,265
2017_3,강남구 논현역_1,3706,2139,1567,9,659,1329,1024,449,236,4,261,765,647,289,173,5,398,564,377,160,63
2017_3,삼성역_2,18475,11019,7456,122,4782,6878,4023,2117,553,66,1974,4310,2886,1382,401,56,2808,2568,1137,735,152
2017_3,삼정역_2,2594,1323,1271,3,596,864,505,327,299,0,194,440,302,197,190,3,402,424,203,130,109
2017_3,삼정역_1,3102,1642,1460,2,712,1066,649,312,361,0,173,540,461,209,259,2,539,526,188,103,102
2017_3,삼성역_1,32772,21159,11613,118,4869,9126,8439,5939,4281,63,2296,6225,6257,3685,2633,55,2573,2901,2182,2254,1648
2017_3,서울 강남구 선릉역_2,7211,4645,2566,20,1224,2079,1872,1184,832,10,568,1400,1399,786,482,10,656,679,473,398,350
2017_3,고속터미널역,15974,4718,11256,13,4927,5417,3490,1743,384,5,737,1633,1277,832,234,8,4190,3784,2213,911,150
2017_3,서울 서초구 강남역,33286,19156,14130,95,7738,11232,7192,4292,2737,50,2908,6645,4915,2809,1829,45,4830,4587,2277,1483,908
2017_3,서울 강남구 선릉역_1,20161,8283,11878,99,6810,5171,3729,2907,1445,52,2502,2676,1536,839,678,47,4308,2495,2193,2068,767
2017_3,선릉역_2,20939,10618,10321,85,5354,6279,4817,2895,1509,34,1746,3453,2926,1518,941,51,3608,2826,1891,1377,568
2017_3,서울 강남구 역삼역_2,26873,21117,5756,82,5659,9211,7515,3962,444,57,3474,6966,6589,3690,341,25,2185,2245,926,272,103
2017_3,서울 송파구 석촌역_1,39,26,13,1,1,8,13,14,2,0,1,6,6,11,2,1,0,2,7,3,0
2017_3,서울 강남구 강남역_2,5736,3376,2360,23,1318,2014,1299,745,337,11,481,1138,954,573,219,12,837,876,345,172,118
2017_3,선릉역_1,54646,29517,25129,273,10510,15464,14869,10590,2940,179,6373,10597,6852,3512,2004,94,4137,4867,8017,7078,936
2017_3,구로역,161,94,67,0,11,7,30,24,89,0,0,3,12,12,67,0,11,4,18,12,22
2017_3,역삼역_2,4713,2639,2074,20,1043,1582,1341,558,169,4,337,1005,871,313,109,16,706,577,470,245,60
2017_3,대림역_2,7435,5577,1858,11,1142,2059,1671,1391,1161,2,865,1793,1363,847,707,9,277,266,308,544,454
2017_3,서울 강남구 역삼역_1,25643,15789,9854,171,5061,9350,6589,2961,1511,48,2186,6005,4555,1926,1069,123,2875,3345,2034,1035,442
2017_3,신대방삼거리역,256,131,125,0,29,52,70,61,44,0,7,27,33,33,31,0,22,25,37,28,13
2017_3,서울 강남구 한티역,1071,418,653,5,200,275,284,197,110,0,46,109,127,75,61,5,154,166,157,122,49
2017_3,은마아파트입구사거리_4,100,54,46,1,12,21,41,21,4,0,4,17,21,8,4,1,8,4,20,13,0
2017_3,오류동역,1566,765,801,20,134,223,375,444,370,6,64,115,147,179,254,14,70,108,228,265,116
2017_3,서울 강남구 강남역,39725,18922,20803,95,8773,12488,9409,6096,2864,27,2661,6521,5999,2689,1025,68,6112,5967,3410,3407,1839
2017_3,교대역_4,5213,2844,2369,21,1105,1512,1252,769,554,6,331,764,763,549,431,15,774,748,489,220,123
2017_3,서울 강남구 강남역_1,131121,96380,34741,398,27673,60032,33799,8108,1111,310,13559,43952,30195,7521,843,88,14114,16080,3604,587,268
2017_3,방배동카페골목,110,48,62,0,21,14,32,20,23,0,13,8,16,3,8,0,8,6,16,17,15
2017_3,가락시장,16680,10479,6201,61,2559,3979,4145,3831,2105,26,1195,2719,2872,2243,1424,35,1364,1260,1273,1588,681
2017_3,교대역_3,4302,2619,1683,14,479,1141,1294,857,517,4,118,494,896,665,442,10,361,647,398,192,75
2017_3,역삼역_1,1678,1030,648,1,314,465,411,267,220,1,107,287,300,188,147,0,207,178,111,79,73
2017_3,교대역_2,3511,2245,1266,22,509,1262,890,584,244,19,173,814,656,402,181,3,336,448,234,182,63
2017_3,서울 송파구 가락시장역,5025,3225,1800,18,690,1454,1305,888,670,14,322,841,892,623,533,4,368,613,413,265,137
2017_3,서울 서초구 서초역,12861,5297,7564,63,4250,3543,2886,1536,583,34,1398,1409,1150,836,470,29,2852,2134,1736,700,113
2017_3,서울 강남구 대치역_2,1474,890,584,0,178,513,511,160,112,0,53,267,372,109,89,0,125,246,139,51,23
2017_3,뱅뱅사거리_2,25423,16323,9100,353,5300,7687,6578,3745,1760,143,2600,5061,4678,2572,1269,210,2700,2626,1900,1173,491
2017_3,보라매공원,14368,8190,6178,66,2617,5215,4078,1686,706,31,1245,2777,2371,1231,535,35,1372,2438,1707,455,171
2017_3,교대역_1,12799,7644,5155,52,2142,3988,3440,2082,1095,5,762,2327,2335,1400,815,47,1380,1661,1105,682,280
2017_3,개봉동 현대아파트 인근,148,64,84,0,5,31,32,54,26,0,1,9,12,30,12,0,4,22,20,24,14
2017_3,뱅뱅사거리,7337,4872,2465,24,2512,2526,1387,609,279,2,1473,1698,1062,432,205,22,1039,828,325,177,74
2017_3,뱅뱅사거리_1,10917,7743,3174,23,1742,3475,2959,1767,951,14,909,2591,2358,1265,606,9,833,884,601,502,345
2017_3,서울 관악구 신림역_4,941,437,504,0,150,174,234,217,166,0,42,81,126,96,92,0,108,93,108,121,74
2017_3,동작구 총신대입구역_1,238,108,130,0,37,55,59,47,40,0,12,24,28,18,26,0,25,31,31,29,14
2017_3,양재역_3,3523,2357,1166,11,651,1175,903,484,299,1,371,724,668,354,239,10,280,451,235,130,60
2017_3,동작구 총신대입구역_2,825,348,477,6,265,200,163,104,87,2,59,100,85,47,55,4,206,100,78,57,32
2017_3,서울 서초구 남부터미널역_3,1514,845,669,8,256,428,391,248,183,4,80,229,261,146,125,4,176,199,130,102,58
2017_3,서울 강남구 수서역,19761,11577,8184,47,2991,6215,5543,3170,1795,27,1448,3822,3021,1836,1423,20,1543,2393,2522,1334,372
2017_3,서울 서초구 남부터미널역_2,10990,5420,5570,22,2360,2851,2867,1812,1078,7,946,1577,1389,795,706,15,1414,1274,1478,1017,372
2017_3,구로디지탈1단지,66086,41917,24169,287,14127,24060,16525,7504,3583,158,6646,16032,11436,4875,2770,129,7481,8028,5089,2629,813
2017_3,양재역,116,52,64,0,27,47,20,11,11,0,6,19,12,7,8,0,21,28,8,4,3
2017_3,매봉역,568,214,354,4,252,136,91,45,40,0,35,64,59,29,27,4,217,72,32,16,13
2017_3,서울 서초구 방배역,3441,2008,1433,42,822,895,636,489,557,12,320,516,420,291,449,30,502,379,216,198,108
2017_3,서울 서초구 남부터미널역_1,529,380,149,4,96,163,121,82,63,0,48,123,100,55,54,4,48,40,21,27,9
2017_3,서울 관악구 신림역_2,35,16,19,0,4,5,9,7,10,0,1,4,4,4,3,0,3,1,5,3,7
2017_3,서울 관악구 신림역_1,1955,929,1026,11,340,350,332,394,528,4,139,180,145,180,281,7,201,170,187,214,247
2017_3,양재역_2,9074,5070,4004,121,2035,3358,2101,982,477,38,839,2022,1379,498,294,83,1196,1336,722,484,183
2017_3,양재역_1,894,626,268,0,76,173,219,259,167,0,34,76,129,226,161,0,42,97,90,33,6
2017_3,서울 관악구 서울대입구역_2,44,4,40,0,17,7,3,11,6,0,0,2,1,1,0,0,17,5,2,10,6
2017_3,가산디지털단지역_3,30766,18326,12440,128,6106,10066,7978,4566,1922,73,2683,6347,5190,2604,1429,55,3423,3719,2788,1962,493
2017_3,구로디지털단지역,2181,1409,772,14,420,707,580,305,155,7,188,464,411,214,125,7,232,243,169,91,30
2017_3,서울 관악구 서울대입구역_1,1997,855,1142,5,363,470,526,313,320,2,102,185,240,137,189,3,261,285,286,176,131
2017_3,관악구 사당역_1,3768,1429,2339,13,330,582,1017,1190,636,6,147,313,288,228,447,7,183,269,729,962,189
2017_3,가산디지털단지역_2,62801,37619,25182,2310,19093,18763,12944,6007,3684,1030,9016,12057,9060,3635,2821,1280,10077,6706,3884,2372,863
2017_3,관악구 사당역_2,424,201,223,1,72,108,94,109,40,0,27,50,47,53,24,1,45,58,47,56,16
2017_3,가산디지털단지역_1,27122,18365,8757,119,4556,8174,6823,4303,3147,61,2496,5817,4897,2823,2271,58,2060,2357,1926,1480,876
2017_3,장지역,4370,2728,1642,20,622,1252,1203,766,507,10,295,789,806,460,368,10,327,463,397,306,139
2017_3,포이사거리_1,5637,3027,2610,43,764,1691,1810,1097,232,1,434,1093,884,463,152,42,330,598,926,634,80
2017_3,포이사거리_2,8948,6241,2707,17,1100,2469,2702,1971,689,10,660,1655,1928,1443,545,7,440,814,774,528,144
2017_3,서울 관악구 대학동_1,90,52,38,0,15,26,22,17,10,0,4,13,15,11,9,0,11,13,7,6,1
2017_3,서울 금천구 독산1동_1,2873,1889,984,14,404,659,732,649,415,7,195,411,479,441,356,7,209,248,253,208,59
2017_3,양재 화물트럭터미널앞_2,159,70,89,0,25,60,48,16,10,0,8,17,29,10,6,0,17,43,19,6,4
2017_3,양재 화물트럭터미널앞_1,4552,3662,890,32,901,1395,993,792,439,17,577,1147,832,689,400,15,324,248,161,103,39
2017_3,서울 금천구 시흥1동_4,933,446,487,8,148,154,202,239,182,5,50,73,99,115,104,3,98,81,103,124,78
2017_3,풍성로37가길,42,20,22,0,4,9,15,8,6,0,3,6,9,0,2,0,1,3,6,8,4
2017_3,천호옛길,526,343,183,0,84,141,128,85,88,0,56,94,81,51,61,0,28,47,47,34,27
2017_3,천호옛14길,594,290,304,5,122,117,130,126,94,0,47,56,71,58,58,5,75,61,59,68,36
2017_3,천호대로219길,918,559,359,4,65,147,250,337,115,0,36,79,149,210,85,4,29,68,101,127,30
2017_3,천호대로197길,23,8,15,0,3,10,5,3,2,0,1,4,2,1,0,0,2,6,3,2,2
2017_3,천호대로187길,915,531,384,2,93,201,251,208,160,1,43,130,148,115,94,1,50,71,103,93,66
2017_3,천호대로170길,394,159,235,0,42,63,100,125,64,0,27,47,32,28,25,0,15,16,68,97,39
2017_3,천호대로162길,1166,807,359,6,154,384,297,187,138,0,92,298,228,123,66,6,62,86,69,64,72
2017_3,천중로51길,424,226,198,2,51,100,122,83,66,0,25,57,66,37,41,2,26,43,56,46,25
2017_3,천중로39길,612,226,386,0,70,84,125,160,173,0,23,39,35,57,72,0,47,45,90,103,101
2017_3,진황도로47길,1370,685,685,2,147,254,285,394,288,2,94,172,138,110,169,0,53,82,147,284,119
2017_3,진황도로27길,598,337,261,1,62,133,166,130,106,1,22,83,100,59,72,0,40,50,66,71,34
2017_3,올림픽로98길,33,14,19,0,1,8,9,9,6,0,0,1,6,4,3,0,1,7,3,5,3
2017_3,올림픽로77길,16,8,8,0,0,12,3,0,1,0,0,5,2,0,1,0,0,7,1,0,0
2017_3,올림픽로71길,353,264,89,1,30,108,91,85,38,0,19,81,70,65,29,1,11,27,21,20,9
2017_3,올림픽로48길,6006,3602,2404,5,545,1353,1431,1319,1353,3,224,679,773,903,1020,2,321,674,658,416,333
2017_3,양재대로96길,1393,843,550,1,106,220,285,407,374,1,55,131,152,245,259,0,51,89,133,162,115
2017_3,양재대로95길,688,359,329,4,68,145,179,178,114,1,36,79,89,79,75,3,32,66,90,99,39
2017_3,양재대로91길,1211,655,556,0,143,230,283,264,291,0,57,140,163,128,167,0,86,90,120,136,124
2017_3,양재대로133길,311,112,199,1,35,68,53,101,53,1,10,31,22,29,19,0,25,37,31,72,34
2017_3,양재대로124길,616,381,235,0,68,149,130,143,126,0,24,103,88,75,91,0,44,46,42,68,35
2017_3,양재대로116길,215,84,131,0,23,44,66,54,28,0,6,15,27,22,14,0,17,29,39,32,14
2017_3,양재대로101길,1173,666,507,0,135,266,290,252,230,0,36,126,172,159,173,0,99,140,118,93,57
2017_3,암사길,374,174,200,3,28,125,106,77,35,0,10,56,48,42,18,3,18,69,58,35,17
2017_3,성안로3길,1501,929,572,5,215,389,400,323,169,3,109,241,251,194,131,2,106,148,149,129,38
2017_3,성내로5길,1112,560,552,0,171,305,324,252,60,0,66,153,154,146,41,0,105,152,170,106,19
2017_3,상일로5길,42,24,18,1,5,4,12,15,5,0,2,4,6,9,3,1,3,0,6,6,2
2017_3,상암로5길,599,265,334,0,82,107,134,131,145,0,24,55,54,58,74,0,58,52,80,73,71
2017_3,상암로51길,751,326,425,2,146,131,190,160,122,1,46,57,83,66,73,1,100,74,107,94,49
2017_3,상암로4길,350,263,87,3,70,96,101,65,15,0,58,77,78,41,9,3,12,19,23,24,6
2017_3,상암로14길,482,316,166,2,32,99,155,115,79,2,14,59,104,74,63,0,18,40,51,41,16
2017_3,명일로13길,111,47,64,0,4,21,25,51,10,0,1,6,7,28,5,0,3,15,18,23,5
2017_3,동남로85길,125,63,62,0,9,25,36,31,24,0,6,17,18,12,10,0,3,8,18,19,14
2017_3,동남로82길,9,3,6,0,0,1,3,5,0,0,0,0,2,1,0,0,0,1,1,4,0
2017_3,동남로65길,80,22,58,0,4,9,25,26,16,0,1,3,8,6,4,0,3,6,17,20,12
2017_3,구천면로42길,383,181,202,2,52,74,92,88,75,2,17,37,46,35,44,0,35,37,46,53,31
2017_3,구천면로41길,596,246,350,2,73,153,168,140,60,2,12,71,78,55,28,0,61,82,90,85,32
2017_3,구천면로36길,48,26,22,0,3,16,16,9,4,0,2,9,6,5,4,0,1,7,10,4,0
2017_3,고덕로25길,22,13,9,0,2,4,5,7,4,0,1,3,4,2,3,0,1,1,1,5,1
2017_3,고덕로10길,163,70,93,1,13,39,41,52,17,1,7,17,18,17,10,0,6,22,23,35,7
2017_3,강동대로53길,926,513,413,0,170,229,251,196,80,0,70,151,133,106,53,0,100,78,118,90,27
2017_3,풍성로25길,751,269,482,4,109,171,199,172,96,0,35,70,63,55,46,4,74,101,136,117,50
2017_3,오금로46길,1453,740,713,9,252,392,369,316,115,4,93,206,190,171,76,5,159,186,179,145,39
2017_3,오금로36길,1209,902,307,3,168,381,408,198,51,1,93,270,341,159,38,2,75,111,67,39,13
2017_3,오금로11길,2156,1424,732,9,245,535,498,444,425,5,125,374,331,265,324,4,120,161,167,179,101
2017_3,양재대로72길,655,344,311,0,83,146,176,159,91,0,28,81,78,83,74,0,55,65,98,76,17
2017_3,양재대로71길,1348,828,520,5,217,381,331,230,184,1,71,205,240,167,144,4,146,176,91,63,40
2017_3,양재대로64길,1497,618,879,2,391,536,328,168,72,0,79,187,185,117,50,2,312,349,143,51,22
2017_3,양재대로62길,6189,3659,2530,4,211,441,589,848,4096,1,104,269,364,389,2532,3,107,172,225,459,1564
2017_3,송파대로30길,1706,1061,645,12,275,391,431,393,204,4,152,274,279,231,121,8,123,117,152,162,83
2017_3,송이로36길,2107,1508,599,10,371,451,520,440,315,7,242,324,357,321,257,3,129,127,163,119,58
2017_3,송이로32길,774,418,356,0,93,144,223,225,89,0,32,87,117,122,60,0,61,57,106,103,29
2017_3,송이로23길,1343,833,510,2,133,269,313,306,320,0,63,143,181,201,245,2,70,126,132,105,75
2017_3,삼전로13길,1606,770,836,3,221,365,374,337,306,2,57,165,163,179,204,1,164,200,211,158,102
2017_3,백제고분로50길,3615,1731,1884,14,608,599,760,1082,552,6,262,376,454,400,233,8,346,223,306,682,319
2017_3,백제고분로46길,1624,986,638,6,236,390,422,329,241,1,112,244,260,207,162,5,124,146,162,122,79
2017_3,백제고분로45길,436,283,153,1,59,106,103,107,60,1,34,68,72,67,41,0,25,38,31,40,19
2017_3,백제고분로42길,134,82,52,0,17,24,46,38,9,0,11,13,26,24,8,0,6,11,20,14,1
2017_3,백제고분로39길,1711,1173,538,7,360,715,373,181,75,1,184,624,259,69,36,6,176,91,114,112,39
2017_3,백제고분로34길,1548,1014,534,7,201,376,477,322,165,5,96,252,314,226,121,2,105,124,163,96,44
2017_3,백제고분로33길,989,610,379,4,108,245,296,232,104,2,43,138,203,145,79,2,65,107,93,87,25
2017_3,백제고분로32길,1112,494,618,6,142,221,268,319,156,5,45,97,127,121,99,1,97,124,141,198,57
2017_3,백제고분로31길,339,197,142,2,16,70,109,94,48,0,8,43,68,52,26,2,8,27,41,42,22
2017_3,백제고분로22길,1215,705,510,1,91,228,282,282,331,0,30,131,159,147,238,1,61,97,123,135,93
2017_3,백제고분로21길,205,147,58,0,30,49,41,44,41,0,12,34,29,33,39,0,18,15,12,11,2
2017_3,마천로51길,145,61,84,0,19,20,39,41,26,0,10,10,15,12,14,0,9,10,24,29,12
2017_3,동남로20길,144,82,62,0,11,23,51,39,20,0,7,12,30,23,10,0,4,11,21,16,10
2017_3,거마로20길,533,219,314,0,94,138,159,119,23,0,26,68,69,40,16,0,68,70,90,79,7
2017_3,학동로77길,2962,1529,1433,0,295,731,680,724,532,0,80,275,298,506,370,0,215,456,382,218,162
2017_3,학동로6길,1847,888,959,2,310,550,480,328,177,2,113,306,258,124,85,0,197,244,222,204,92
2017_3,학동로56길,878,454,424,0,96,242,239,220,81,0,23,101,124,146,60,0,73,141,115,74,21
2017_3,학동로38길,7213,4115,3098,31,1635,2034,1564,1111,838,12,602,1147,1008,761,585,19,1033,887,556,350,253
2017_3,테헤란로81길,574,218,356,14,254,190,76,23,17,5,92,66,25,14,16,9,162,124,51,9,1
2017_3,일원로9길,539,298,241,0,46,93,115,136,149,0,15,56,67,67,93,0,31,37,48,69,56
2017_3,일원로3길,223,103,120,2,18,44,64,55,40,0,11,29,40,15,8,2,7,15,24,40,32
2017_3,영동대로65길,3272,1938,1334,4,595,1157,815,406,295,2,239,714,568,227,188,2,356,443,247,179,107
2017_3,영동대로112길,637,401,236,5,114,199,161,97,61,3,68,128,112,54,36,2,46,71,49,43,25
2017_3,언주로81길,9628,5444,4184,35,2787,2881,2132,1237,556,11,954,1677,1464,932,406,24,1833,1204,668,305,150
2017_3,압구정로2길,2692,1459,1233,19,639,886,647,315,186,5,253,513,391,162,135,14,386,373,256,153,51
2017_3,선릉로18길,421,235,186,0,30,58,93,104,136,0,10,36,53,54,82,0,20,22,40,50,54
2017_3,선릉로146길,1878,983,895,5,428,699,410,207,129,1,169,387,252,107,67,4,259,312,158,100,62
2017_3,선릉로133길,222,124,98,0,36,59,51,40,36,0,14,35,26,22,27,0,22,24,25,18,9
2017_3,선릉로132길,1000,561,439,3,142,278,186,192,199,1,36,140,96,130,158,2,106,138,90,62,41
2017_3,선릉로121길,1634,851,783,4,327,596,417,205,85,1,107,321,251,105,66,3,220,275,166,100,19
2017_3,삼성로75길,2789,1533,1256,22,591,798,580,476,322,5,174,410,364,341,239,17,417,388,216,135,83
2017_3,삼성로69길,297,145,152,0,77,89,74,41,16,0,19,47,41,25,13,0,58,42,33,16,3
2017_3,삼성로64길,498,245,253,4,121,163,108,71,31,2,34,80,73,36,20,2,87,83,35,35,11
2017_3,삼성로63길,182,83,99,3,39,34,48,42,16,3,12,14,24,22,8,0,27,20,24,20,8
2017_3,삼성로57길,905,277,628,3,137,313,230,148,74,1,38,83,68,44,43,2,99,230,162,104,31
2017_3,삼성로147길,890,366,524,1,253,278,169,123,66,0,66,107,79,68,46,1,187,171,90,55,20
2017_3,삼성로115길,268,161,107,0,57,83,63,39,26,0,22,59,44,21,15,0,35,24,19,18,11
2017_3,봉은사로68길,228,114,114,1,59,70,51,28,19,1,21,34,30,17,11,0,38,36,21,11,8
2017_3,봉은사로57길,831,508,323,3,252,251,181,86,58,2,87,153,140,72,54,1,165,98,41,14,4
2017_3,봉은사로43길,1113,733,380,16,260,366,259,127,85,16,149,241,190,85,52,0,111,125,69,42,33
2017_3,봉은사로29길,128,81,47,0,27,46,21,25,9,0,15,33,14,13,6,0,12,13,7,12,3
2017_3,봉은사로109길,331,171,160,0,74,92,68,50,47,0,24,47,37,33,30,0,50,45,31,17,17
2017_3,도산대로89길,2604,956,1648,29,742,966,496,259,112,2,168,332,255,127,72,27,574,634,241,132,40
2017_3,도산대로81길,4254,1366,2888,37,1418,1318,973,317,191,5,362,501,269,123,106,32,1056,817,704,194,85
2017_3,도산대로50길,2646,1846,800,0,223,464,543,761,655,0,139,364,474,549,320,0,84,100,69,212,335
2017_3,도산대로38길,146,82,64,0,37,32,43,20,14,0,14,20,27,14,7,0,23,12,16,6,7
2017_3,도산대로30길,3171,1560,1611,1,868,1104,719,350,129,0,325,552,403,181,99,1,543,552,316,169,30
2017_3,도산대로23길,1306,787,519,3,372,385,244,139,163,0,147,220,173,109,138,3,225,165,71,30,25
2017_3,도산대로15길,1695,772,923,16,574,574,313,141,77,4,215,282,156,76,39,12,359,292,157,65,38
2017_3,도곡로37길,3774,2232,1542,9,773,1263,1003,504,222,5,282,753,698,324,170,4,491,510,305,180,52
2017_3,논현로8길,764,433,331,5,152,211,212,115,69,3,76,141,104,54,55,2,76,70,108,61,14
2017_3,논현로63길,11837,3186,8651,106,2024,2186,4916,2323,282,50,829,878,716,475,238,56,1195,1308,4200,1848,44
2017_3,논현로28길,10547,7193,3354,29,2145,4132,2584,1044,613,18,998,2707,2059,884,527,11,1147,1425,525,160,86
2017_3,논현로26길,7582,4894,2688,16,1159,2051,1512,1042,1802,11,613,1613,1205,691,761,5,546,438,307,351,1041
2017_3,논현로139길,2715,1319,1396,4,770,890,521,281,249,2,216,466,321,136,178,2,554,424,200,145,71
2017_3,논현로123길,102,57,45,2,15,28,28,21,8,1,7,17,16,11,5,1,8,11,12,10,3
2017_3,논현로115길,2811,1451,1360,6,701,1034,619,249,202,0,225,523,422,147,134,6,476,511,197,102,68
2017_3,논현로10길,2594,1654,940,9,263,534,683,594,511,3,129,372,438,351,361,6,134,162,245,243,150
2017_3,논현로106길,2765,1597,1168,4,459,690,704,513,395,2,187,440,448,261,259,2,272,250,256,252,136
2017_3,남부순환로365길,173,119,54,0,17,38,62,36,20,0,8,24,45,29,13,0,9,14,17,7,7
2017_3,개포로28길,311,221,90,0,39,94,80,71,27,0,15,73,62,50,21,0,24,21,18,21,6
2017_3,개포로20길,4283,2358,1925,23,650,998,1137,940,535,13,236,575,640,484,410,10,414,423,497,456,125
2017_3,개포로17길,2724,1757,967,4,344,728,805,562,281,2,161,479,536,363,216,2,183,249,269,199,65
2017_3,강남대로140길,4278,2173,2105,14,854,1200,889,835,486,1,239,572,551,443,367,13,615,628,338,392,119
2017_3,강남대로136길,1127,590,537,5,262,395,268,122,75,0,77,218,162,74,59,5,185,177,106,48,16
2017_3,강남대로118길,682,394,288,1,101,187,174,75,144,0,35,108,117,37,97,1,66,79,57,38,47
2017_3,서초중앙로8길,7405,5543,1862,20,1203,2326,2057,1428,371,16,727,1749,1645,1106,300,4,476,577,412,322,71
2017_3,방배중앙로21길,1223,611,612,5,192,229,281,274,242,1,58,121,146,131,154,4,134,108,135,143,88
2017_3,효령로72길,205,117,88,2,44,36,52,48,23,1,10,27,33,29,17,1,34,9,19,19,6
2017_3,효령로34길,33,27,6,0,2,7,8,7,9,0,2,3,7,6,9,0,0,4,1,1,0
2017_3,효령로31길,1338,735,603,10,295,332,362,204,135,7,67,182,245,134,100,3,228,150,117,70,35
2017_3,효령로23길,739,444,295,5,138,180,208,130,78,3,59,112,136,76,58,2,79,68,72,54,20
2017_3,청두곶길,2023,1303,720,31,501,540,531,313,107,7,289,391,317,224,75,24,212,149,214,89,32
2017_3,주흥길,319,202,117,2,49,105,93,49,21,2,21,60,66,35,18,0,28,45,27,14,3
2017_3,주흥15길,1463,948,515,1,314,460,306,191,191,1,150,303,234,127,133,0,164,157,72,64,58
2017_3,언남길,1631,1124,507,2,207,485,508,289,140,1,116,327,361,202,117,1,91,158,147,87,23
2017_3,신반포로45길,403,253,150,2,70,99,91,53,88,2,29,58,65,39,60,0,41,41,26,14,28
2017_3,서초대로8길,287,176,111,1,36,68,106,50,26,0,15,43,68,34,16,1,21,25,38,16,10
2017_3,서초대로64길,523,357,166,1,86,122,155,98,61,0,46,73,118,75,45,1,40,49,37,23,16
2017_3,서초대로4길,665,473,192,3,65,181,141,129,146,3,45,126,112,80,107,0,20,55,29,49,39
2017_3,서초대로25길,3387,2025,1362,38,664,1089,853,521,222,10,294,648,567,339,167,28,370,441,286,182,55
2017_3,서초대로23길,574,343,231,0,80,161,139,61,133,0,31,101,85,33,93,0,49,60,54,28,40
2017_3,서초대로15길,1493,691,802,11,181,356,421,313,211,3,46,168,179,141,154,8,135,188,242,172,57
2017_3,사평대로57길,170,66,104,0,41,62,27,21,19,0,12,28,12,13,1,0,29,34,15,8,18
2017_3,사평대로26길,15,9,6,0,2,0,5,3,5,0,1,0,3,2,3,0,1,0,2,1,2
2017_3,사평대로22길,1597,981,616,8,409,437,351,270,122,6,194,297,240,183,61,2,215,140,111,87,61
2017_3,사임당로17길,1839,1080,759,10,382,655,417,234,141,3,130,393,279,162,113,7,252,262,138,72,28
2017_3,방배로42길,154,82,72,0,30,34,43,19,28,0,7,14,30,12,19,0,23,20,13,7,9
2017_3,방배로35길,2338,1442,896,4,363,567,523,437,444,1,144,353,335,279,330,3,219,214,188,158,114
2017_3,방배로18길,87,46,41,0,17,24,20,11,15,0,10,8,15,3,10,0,7,16,5,8,5
2017_3,반포대로9길,672,410,262,4,123,170,192,109,74,4,55,106,119,75,51,0,68,64,73,34,23
2017_3,바우뫼로39길,2221,1376,845,3,249,682,487,372,428,2,121,430,321,222,280,1,128,252,166,150,148
2017_3,마방로2길,3755,2373,1382,13,591,1108,959,800,284,8,255,722,674,521,193,5,336,386,285,279,91
2017_3,방배천로4안길,1259,807,452,1,133,285,378,302,160,0,52,173,272,215,95,1,81,112,106,87,65
2017_3,동산로19길,1304,875,429,1,152,376,359,242,174,1,85,256,252,171,110,0,67,120,107,71,64
2017_3,동산로10길,2845,1517,1328,15,347,587,679,693,524,12,174,387,336,331,277,3,173,200,343,362,247
2017_3,동광로39길,46,29,17,0,3,7,20,7,9,0,1,5,12,5,6,0,2,2,8,2,3
2017_3,동광로1길,1225,716,509,0,181,326,332,214,172,0,70,198,218,122,108,0,111,128,114,92,64
2017_3,동광로12길,779,503,276,3,92,183,235,158,108,2,36,110,156,119,80,1,56,73,79,39,28
2017_3,논현로27길,3646,2529,1117,8,591,969,996,705,377,5,289,631,740,547,317,3,302,338,256,158,60
2017_3,논현로1길,551,361,190,0,85,172,122,97,75,0,43,123,86,64,45,0,42,49,36,33,30
2017_3,남부순환로339길,12919,5417,7502,80,3652,2944,2778,2468,997,37,1417,1659,1101,645,558,43,2235,1285,1677,1823,439
2017_3,남부순환로325길,7991,3914,4077,23,1189,2914,2023,1306,536,10,416,1269,1106,724,389,13,773,1645,917,582,147
2017_3,남부순환로317길,1737,1223,514,8,360,675,343,168,183,5,186,514,263,129,126,3,174,161,80,39,57
2017_3,고무래로8길,6587,3414,3173,9,820,1778,1724,1159,1097,4,209,778,1027,731,665,5,611,1000,697,428,432
2017_3,강남대로8길,2525,1583,942,9,231,627,715,587,356,4,119,397,462,350,251,5,112,230,253,237,105
2017_3,강남대로34길,1038,671,367,0,234,354,249,114,87,0,120,242,162,72,75,0,114,112,87,42,12
2017_3,강남대로23길,7090,5042,2048,23,1186,1813,1771,1572,725,17,810,1359,1387,971,498,6,376,454,384,601,227
2017_3,소담길,23,5,18,0,3,7,2,9,2,0,0,2,0,2,1,0,3,5,2,7,1
2017_3,원신길,293,115,178,0,50,88,53,62,40,0,8,37,25,30,15,0,42,51,28,32,25
2017_3,양산길,350,257,93,0,24,49,66,97,114,0,4,25,47,77,104,0,20,24,19,20,10
2017_3,호암로24길,649,250,399,2,79,112,149,165,142,0,27,63,64,36,60,2,52,49,85,129,82
2017_3,호암로20길,39,25,14,0,3,8,6,14,8,0,2,6,3,8,6,0,1,2,3,6,2
2017_3,행운길,20,4,16,0,1,2,7,9,1,0,1,0,1,1,1,0,0,2,6,8,0
2017_3,행운1길,99,66,33,0,5,21,32,24,17,0,2,12,21,17,14,0,3,9,11,7,3
2017_3,청림3길,81,36,45,1,17,22,22,12,7,0,4,9,13,5,5,1,13,13,9,7,2
2017_3,청룡길,92,47,45,0,24,29,25,10,4,0,4,17,16,7,3,0,20,12,9,3,1
2017_3,청룡8길,10,5,5,0,1,3,0,2,4,0,1,1,0,1,2,0,0,2,0,1,2
2017_3,중앙길,279,113,166,0,33,58,77,64,47,0,6,17,37,26,27,0,27,41,40,38,20
2017_3,조원중앙로2길,1136,817,319,1,131,327,275,302,100,0,84,230,202,221,80,1,47,97,73,81,20
2017_3,조원로18길,1020,561,459,2,115,239,272,231,161,1,37,147,149,129,98,1,78,92,123,102,63
2017_3,조원로10길,275,126,149,0,59,54,53,62,47,0,18,28,19,31,30,0,41,26,34,31,17
2017_3,장군봉2길,212,111,101,0,19,50,56,60,27,0,7,17,27,37,23,0,12,33,29,23,4
2017_3,장군봉1길,84,14,70,0,6,31,27,17,3,0,1,3,2,5,3,0,5,28,25,12,0
2017_3,인헌길,86,47,39,0,14,17,23,20,12,0,7,13,11,8,8,0,7,4,12,12,4
2017_3,은천로25길,285,93,192,0,53,66,73,52,41,0,1,18,28,24,22,0,52,48,45,28,19
2017_3,양녕로6길,805,483,322,4,92,173,205,191,140,4,43,95,121,134,86,0,49,78,84,57,54
2017_3,신원로3길,21,15,6,0,1,6,9,4,1,0,1,4,7,2,1,0,0,2,2,2,0
2017_3,신사로20길,54,24,30,0,12,12,11,12,7,0,3,4,7,6,4,0,9,8,4,6,3
2017_3,신림로64길,251,116,135,1,36,59,74,64,17,0,21,29,30,28,8,1,15,30,44,36,9
2017_3,신림로48길,73,33,40,0,7,15,21,16,14,0,1,7,9,6,10,0,6,8,12,10,4
2017_3,신림로38길,63,32,31,0,6,18,17,10,12,0,2,14,5,5,6,0,4,4,12,5,6
2017_3,신림로28길,317,217,100,1,13,41,89,86,87,1,2,17,50,67,80,0,11,24,39,19,7
2017_3,신림로11길,445,409,36,0,9,22,141,204,69,0,7,17,132,190,63,0,2,5,9,14,6
2017_3,신림동길,364,221,143,0,55,94,87,76,52,0,33,61,58,41,28,0,22,33,29,35,24
2017_3,승방길,570,369,201,2,82,177,176,89,44,0,36,132,125,46,30,2,46,45,51,43,14
2017_3,서림7길,277,103,174,0,27,64,79,86,21,0,11,25,25,32,10,0,16,39,54,54,11
2017_3,봉천로33길,349,225,124,6,38,62,86,83,74,5,23,42,60,44,51,1,15,20,26,39,23
2017_3,봉천로13길,321,98,223,0,24,51,92,106,48,0,6,18,30,27,17,0,18,33,62,79,31
2017_3,복은길,175,58,117,0,15,25,38,57,40,0,3,8,18,19,10,0,12,17,20,38,30
2017_3,법원단지길,2,1,1,0,0,0,1,1,0,0,0,0,0,1,0,0,0,0,1,0,0
2017_3,법원단지9길,89,39,50,0,14,21,18,26,10,0,4,14,6,9,6,0,10,7,12,17,4
2017_3,미성5길,66,34,32,0,7,13,10,21,15,0,3,6,4,7,14,0,4,7,6,14,1
2017_3,대학길,86,31,55,0,10,25,17,24,10,0,0,14,5,9,3,0,10,11,12,15,7
2017_3,대학14길,12,3,9,0,0,1,0,4,7,0,0,1,0,2,0,0,0,0,0,2,7
2017_3,당곡길,380,196,184,1,44,77,109,80,69,0,18,38,50,38,52,1,26,39,59,42,17
2017_3,남현길,242,97,145,0,36,75,59,53,19,0,11,30,26,17,13,0,25,45,33,36,6
2017_3,남현3길,401,242,159,0,54,73,96,104,74,0,10,35,57,80,60,0,44,38,39,24,14
2017_3,남부순환로248길,249,122,127,1,31,61,65,68,23,1,7,35,25,37,17,0,24,26,40,31,6
2017_3,남부순환로234길,118,81,37,0,7,23,35,29,24,0,3,17,26,21,14,0,4,6,9,8,10
2017_3,남부순환로172길,1354,779,575,0,111,220,318,391,314,0,46,121,162,230,220,0,65,99,156,161,94
2017_3,남부순환로161길,21,6,15,0,0,4,11,4,2,0,0,0,3,2,1,0,0,4,8,2,1
2017_3,남부순환로151길,190,134,56,0,11,30,54,61,34,0,6,19,39,41,29,0,5,11,15,20,5
2017_3,남부순환로142길,74,34,40,0,9,12,19,20,14,0,2,6,7,12,7,0,7,6,12,8,7
2017_3,난향길,160,39,121,0,16,43,49,30,22,0,1,3,14,6,15,0,15,40,35,24,7
2017_3,난우길,406,160,246,0,28,76,104,96,102,0,5,27,56,34,38,0,23,49,48,62,64
2017_3,난곡로74길,134,60,74,1,29,36,29,24,15,1,8,17,14,12,8,0,21,19,15,12,7
2017_3,난곡로34길,25,8,17,0,7,3,9,3,3,0,0,0,4,2,2,0,7,3,5,1,1
2017_3,난곡로26길,121,46,75,0,14,22,42,34,9,0,7,8,12,14,5,0,7,14,30,20,4
2017_3,난곡로24길,37,18,19,0,6,9,13,8,1,0,0,4,7,6,1,0,6,5,6,2,0
2017_3,낙성대역길,716,455,261,1,62,104,144,202,203,1,16,55,70,144,169,0,46,49,74,58,34
2017_3,국회단지길,539,246,293,1,110,112,145,112,59,0,22,60,92,42,30,1,88,52,53,70,29
2017_3,구암길,74,26,48,0,13,14,22,14,11,0,5,5,4,5,7,0,8,9,18,9,4
2017_3,관천로22길,28,12,16,0,4,8,8,5,3,0,1,5,4,0,2,0,3,3,4,5,1
2017_3,관천로15길,145,78,67,0,18,29,41,33,24,0,7,16,22,15,18,0,11,13,19,18,6
2017_3,관악로30길,195,66,129,0,25,46,51,48,25,0,10,17,15,12,12,0,15,29,36,36,13
2017_3,관악로28길,146,73,73,0,17,19,38,30,42,0,4,3,11,15,40,0,13,16,27,15,2
2017_3,관악로14길,448,257,191,3,83,89,81,80,112,0,26,53,47,43,88,3,57,36,34,37,24
2017_3,관악로10길,224,163,61,0,28,52,69,43,32,0,19,37,51,33,23,0,9,15,18,10,9
2017_3,흑석로9길,195,88,107,0,48,36,47,36,28,0,21,23,22,12,10,0,27,13,25,24,18
2017_3,흑석로13길,122,9,113,0,43,37,22,10,10,0,1,3,2,1,2,0,42,34,20,9,8
2017_3,장승배기로27길,39,20,19,0,4,5,11,11,8,0,1,1,6,7,5,0,3,4,5,4,3
2017_3,장승배기로19길,8,5,3,0,1,1,3,2,1,0,0,0,2,2,1,0,1,1,1,0,0
2017_3,여의대방로46길,445,149,296,0,56,142,130,84,33,0,14,46,34,34,21,0,42,96,96,50,12
2017_3,여의대방로24길,16849,8087,8762,79,2710,2735,3182,4911,3232,39,1862,1996,1398,1517,1275,40,848,739,1784,3394,1957
2017_3,여의대방로22카길,279,115,164,1,37,42,79,87,33,1,13,28,35,25,13,0,24,14,44,62,20
2017_3,여의대방로22나길,131,50,81,0,11,31,39,34,16,0,4,7,14,16,9,0,7,24,25,18,7
2017_3,여의대방로22길,207,121,86,3,32,40,44,61,27,3,17,28,25,31,17,0,15,12,19,30,10
2017_3,양녕로26길,132,64,68,0,15,20,31,43,23,0,2,8,16,21,17,0,13,12,15,22,6
2017_3,신대방길,109,71,38,0,7,26,31,27,18,0,3,14,21,19,14,0,4,12,10,8,4
2017_3,성대로29길,3,3,0,0,0,1,2,0,0,0,0,1,2,0,0,0,0,0,0,0,0
2017_3,성대로1길,312,124,188,0,14,57,98,68,75,0,3,27,40,28,26,0,11,30,58,40,49
2017_3,서달로8가길,242,105,137,2,29,53,59,45,54,1,6,21,20,20,37,1,23,32,39,25,17
2017_3,서달로14길,32,13,19,0,9,4,11,5,3,0,2,2,5,1,3,0,7,2,6,4,0
2017_3,서달로10길,78,30,48,0,4,11,13,36,14,0,3,6,6,14,1,0,1,5,7,22,13
2017_3,상도로62길,220,85,135,0,15,55,69,47,34,0,0,25,28,11,21,0,15,30,41,36,13
2017_3,상도로61길,43,19,24,0,10,6,13,10,4,0,1,1,8,6,3,0,9,5,5,4,1
2017_3,상도로47길,59,43,16,0,9,20,13,13,4,0,7,15,9,9,3,0,2,5,4,4,1
2017_3,상도로37길,1945,952,993,26,306,505,520,392,196,1,64,318,290,191,88,25,242,187,230,201,108
2017_3,상도로15길,321,137,184,1,39,66,107,74,34,0,9,27,58,29,14,1,30,39,49,45,20
2017_3,사당로8길,121,69,52,0,10,27,30,31,23,0,1,14,16,21,17,0,9,13,14,10,6
2017_3,사당로30길,298,201,97,0,15,84,113,61,25,0,8,48,80,46,19,0,7,36,33,15,6
2017_3,사당로2차길,134,86,48,2,59,22,16,19,16,1,45,10,10,9,11,1,14,12,6,10,5
2017_3,사당로29길,16,13,3,0,0,1,2,5,8,0,0,0,1,4,8,0,0,1,1,1,0
2017_3,사당로26길,262,149,113,0,35,49,92,58,28,0,11,30,64,27,17,0,24,19,28,31,11
2017_3,사당로23나길,127,36,91,0,12,20,43,27,25,0,2,3,10,4,17,0,10,17,33,23,8
2017_3,사당로23길,16,13,3,0,4,4,1,7,0,0,4,3,1,5,0,0,0,1,0,2,0
2017_3,사당로20길,186,142,44,0,5,23,81,49,28,0,1,19,64,33,25,0,4,4,17,16,3
2017_3,사당로16길,136,36,100,0,6,28,46,41,15,0,1,6,12,9,8,0,5,22,34,32,7
2017_3,사당로16가길,793,469,324,0,22,59,124,158,430,0,13,35,53,64,304,0,9,24,71,94,126
2017_3,만양로8길,88,39,49,0,15,18,22,18,15,0,2,5,14,9,9,0,13,13,8,9,6
2017_3,만양로14길,353,149,204,0,33,93,99,69,59,0,6,34,41,32,36,0,27,59,58,37,23
2017_3,등용로14길,643,443,200,1,92,210,169,80,91,0,64,161,126,41,51,1,28,49,43,39,40
2017_3,동작대로7길,1955,742,1213,11,459,427,461,415,182,5,96,183,200,146,112,6,363,244,261,269,70
2017_3,동작대로35길,841,123,718,2,67,83,227,358,104,0,13,34,37,19,20,2,54,49,190,339,84
2017_3,동작대로33길,116,63,53,0,17,27,29,24,19,0,5,13,17,17,11,0,12,14,12,7,8
2017_3,동작대로29길,30,17,13,0,3,6,9,6,6,0,3,5,3,3,3,0,0,1,6,3,3
2017_3,동작대로17길,1344,718,626,6,205,348,420,243,122,2,63,175,262,139,77,4,142,173,158,104,45
2017_3,대방동2길,449,213,236,1,68,120,117,98,45,0,12,71,63,49,18,1,56,49,54,49,27
2017_3,대방동27길,95,53,42,0,7,22,18,32,16,0,4,10,7,20,12,0,3,12,11,12,4
2017_3,노량진로6길,110,28,82,0,6,25,24,42,13,0,2,6,5,13,2,0,4,19,19,29,11
2017_3,국사봉길,39,7,32,0,2,7,13,8,9,0,1,0,2,2,2,0,1,7,11,6,7
2017_3,국사봉2길,72,38,34,0,11,17,13,17,14,0,1,10,8,9,10,0,10,7,5,8,4
2017_3,국사봉1길,7,3,4,0,1,1,2,3,0,0,0,1,1,1,0,0,1,0,1,2,0
2017_3,영신로9길,340,188,152,0,39,84,101,77,39,0,15,50,56,41,26,0,24,34,45,36,13
2017_3,영등포로84길,426,97,329,0,58,59,85,136,88,0,16,27,21,18,15,0,42,32,64,118,73
2017_3,영등포로80길,49,23,26,2,6,11,10,9,11,1,0,2,5,5,10,1,6,9,5,4,1
2017_3,영등포로62길,2,2,0,0,0,0,2,0,0,0,0,0,2,0,0,0,0,0,0,0,0
2017_3,영등포로35길,88,60,28,0,6,28,25,22,7,0,4,23,17,11,5,0,2,5,8,11,2
2017_3,영등포로27길,366,233,133,4,34,110,114,72,32,2,19,74,68,41,29,2,15,36,46,31,3
2017_3,여의대방로43나길,2219,1798,421,0,33,162,361,837,826,0,21,126,286,647,718,0,12,36,75,190,108
2017_3,여의대방로39길,14,11,3,0,2,6,5,1,0,0,2,6,3,0,0,0,0,0,2,1,0
2017_3,여의대방로35길,798,418,380,6,124,182,218,147,121,6,36,88,109,89,90,0,88,94,109,58,31
2017_3,양평로28길,613,489,124,2,29,106,177,203,96,2,17,72,152,165,81,0,12,34,25,38,15
2017_3,양평로22라길,28,15,13,0,4,8,8,3,5,0,2,4,2,2,5,0,2,4,6,1,0
2017_3,양평로19길,4473,3506,967,1,779,1967,1166,447,113,0,419,1625,1003,366,93,1,360,342,163,81,20
2017_3,신길로60길,502,194,308,1,34,137,148,122,60,1,3,61,63,42,24,0,31,76,85,80,36
2017_3,신길로42길,380,190,190,2,46,103,103,84,42,1,18,52,55,36,28,1,28,51,48,48,14
2017_3,신길로42가길,101,33,68,0,9,21,27,24,20,0,2,6,10,6,9,0,7,15,17,18,11
2017_3,신길로39길,107,46,61,0,12,21,26,21,27,0,2,12,12,9,11,0,10,9,14,12,16
2017_3,신길로17길,56,38,18,0,6,8,14,18,10,0,5,7,6,12,8,0,1,1,8,6,2
2017_3,선유서로28길,572,276,296,1,47,79,106,152,187,0,20,42,55,73,86,1,27,37,51,79,101
2017_3,선유서로25길,2259,1620,639,3,178,446,560,561,511,1,86,322,448,425,338,2,92,124,112,136,173
2017_3,선유서로24길,161,86,75,0,10,33,48,44,26,0,3,20,24,23,16,0,7,13,24,21,10
2017_3,선유로55길,2389,1421,968,12,423,704,602,430,218,2,188,438,379,254,160,10,235,266,223,176,58
2017_3,디지털로74길,49,30,19,0,4,17,14,11,3,0,2,12,10,5,1,0,2,5,4,6,2
2017_3,디지털로57길,8,4,4,0,1,3,2,1,1,0,0,2,0,1,1,0,1,1,2,0,0
2017_3,디지털로37길,219,93,126,0,28,42,53,55,41,0,7,18,22,22,24,0,21,24,31,33,17
2017_3,도신로62길,181,55,126,0,15,43,63,52,8,0,5,18,15,13,4,0,10,25,48,39,4
2017_3,도신로60길,67,12,55,0,2,2,15,15,33,0,0,1,7,1,3,0,2,1,8,14,30
2017_3,도신로29길,83,37,46,1,5,6,18,33,20,0,5,3,11,11,7,1,0,3,7,22,13
2017_3,도신로15길,83,32,51,0,17,16,24,16,10,0,3,8,8,7,6,0,14,8,16,9,4
2017_3,도림천로21길,77,30,47,0,18,14,14,19,12,0,7,3,6,4,10,0,11,11,8,15,2
2017_3,도림로63길,38,26,12,0,2,6,13,11,6,0,2,4,8,8,4,0,0,2,5,3,2
2017_3,도림로147길,1718,1225,493,2,121,330,523,519,223,1,77,231,352,393,171,1,44,99,171,126,52
2017_3,도림로112길,14,6,8,0,0,1,4,5,4,0,0,1,3,1,1,0,0,0,1,4,3
2017_3,대림로8길,1840,588,1252,2,595,508,344,279,112,1,100,167,134,118,68,1,495,341,210,161,44
2017_3,대림로7길,9,5,4,0,0,0,3,6,0,0,0,0,2,3,0,0,0,0,1,3,0
2017_3,대림로44길,33,22,11,0,0,10,9,8,6,0,0,7,6,5,4,0,0,3,3,3,2
2017_3,대림로34길,200,81,119,2,20,51,69,39,19,0,7,19,28,17,10,2,13,32,41,22,9
2017_3,대림로31길,796,441,355,1,71,98,161,270,195,1,41,60,78,138,123,0,30,38,83,132,72
2017_3,대림로29길,1644,761,883,2,235,338,441,396,232,0,45,129,217,213,157,2,190,209,224,183,75
2017_3,대림로22길,365,204,161,0,24,61,126,97,57,0,9,33,76,52,34,0,15,28,50,45,23
2017_3,당산로46길,4216,2534,1682,9,635,805,1100,1105,562,1,134,530,758,721,390,8,501,275,342,384,172
2017_3,당산로38길,195,129,66,1,30,59,54,37,14,0,14,38,34,29,14,1,16,21,20,8,0
2017_3,당산로37길,3855,2553,1302,57,944,956,744,680,474,38,503,657,521,490,344,19,441,299,223,190,130
2017_3,당산로31길,4268,2309,1959,5,587,1151,1056,974,495,2,213,524,562,650,358,3,374,627,494,324,137
2017_3,국회대로56길,1702,1110,592,7,114,257,356,394,574,3,65,184,265,288,305,4,49,73,91,106,269
2017_3,경인로90길,302,183,119,1,24,69,80,83,45,1,9,37,40,59,37,0,15,32,40,24,8
2017_3,경인로80길,1549,1117,432,4,142,269,403,438,293,2,81,173,275,337,249,2,61,96,128,101,44
2017_3,경인로77길,673,443,230,0,99,132,158,175,109,0,32,73,119,127,92,0,67,59,39,48,17
2017_3,가마산로61길,190,70,120,1,19,44,61,40,25,1,2,15,27,11,14,0,17,29,34,29,11
2017_3,시흥대로94길,687,342,345,0,65,134,191,188,109,0,30,69,92,94,57,0,35,65,99,94,52
2017_3,시흥대로84길,179,73,106,0,20,37,62,37,23,0,2,17,21,20,13,0,18,20,41,17,10
2017_3,시흥대로68길,682,177,505,0,15,39,74,128,426,0,5,15,22,30,105,0,10,24,52,98,321
2017_3,시흥대로63길,2805,1456,1349,9,394,900,611,598,293,3,196,400,265,403,189,6,198,500,346,195,104
2017_3,시흥대로62가길,430,115,315,0,56,78,89,141,66,0,15,26,22,31,21,0,41,52,67,110,45
2017_3,시흥대로36길,367,211,156,1,58,101,109,68,30,0,25,57,66,42,21,1,33,44,43,26,9
2017_3,시흥대로22길,502,351,151,0,25,57,123,137,160,0,12,36,74,102,127,0,13,21,49,35,33
2017_3,시흥대로153길,676,384,292,2,60,142,210,189,73,1,27,87,127,99,43,1,33,55,83,90,30
2017_3,시흥대로150길,537,244,293,0,51,110,149,143,84,0,14,41,61,74,54,0,37,69,88,69,30
2017_3,시흥대로141길,661,392,269,1,119,172,167,141,61,0,50,104,110,88,40,1,69,68,57,53,21
2017_3,시흥대로138길,15,7,8,0,1,3,3,6,2,0,0,2,0,3,2,0,1,1,3,3,0
2017_3,시흥대로120길,510,332,178,0,79,99,177,120,35,0,57,62,130,64,19,0,22,37,47,56,16
2017_3,벚꽃로56길,1901,1322,579,6,311,734,518,248,84,5,192,511,390,154,70,1,119,223,128,94,14
2017_3,범안로17길,139,86,53,0,12,24,24,44,35,0,9,16,12,29,20,0,3,8,12,15,15
2017_3,범안로11길,1108,875,233,11,143,310,326,212,106,10,104,255,254,168,84,1,39,55,72,44,22
2017_3,문성로5길,156,49,107,0,10,20,26,51,49,0,3,9,8,13,16,0,7,11,18,38,33
2017_3,독산로85길,100,28,72,0,6,10,18,40,26,0,0,6,4,12,6,0,6,4,14,28,20
2017_3,독산로78다길,227,102,125,0,29,27,59,54,58,0,11,6,23,21,41,0,18,21,36,33,17
2017_3,독산로70길,4,3,1,0,0,1,0,0,3,0,0,1,0,0,2,0,0,0,0,0,1
2017_3,독산로64길,121,33,88,0,28,23,33,32,5,0,4,7,9,9,4,0,24,16,24,23,1
2017_3,독산로50길,93,38,55,0,6,15,27,38,7,0,1,5,9,18,5,0,5,10,18,20,2
2017_3,독산로40길,62,23,39,0,6,6,27,16,7,0,1,4,11,3,4,0,5,2,16,13,3
2017_3,독산로108길,737,349,388,3,113,141,172,185,123,0,34,72,86,80,77,3,79,69,86,105,46
2017_3,남부순환로112길,12,6,6,0,1,2,1,4,4,0,0,2,0,2,2,0,1,0,1,2,2
2017_3,금하로24길,175,57,118,0,31,31,46,49,18,0,7,9,10,17,14,0,24,22,36,32,4
2017_3,금하로1길,66,30,36,0,4,14,19,21,8,0,1,9,9,7,4,0,3,5,10,14,4
2017_3,금하로14길,16,8,8,0,0,7,8,1,0,0,0,3,4,1,0,0,0,4,4,0,0
2017_3,가산로5길,566,444,122,10,76,120,186,119,55,7,65,92,142,98,40,3,11,28,44,21,15
2017_3,가산로3길,2425,1831,594,6,254,499,531,703,432,6,200,424,401,486,314,0,54,75,130,217,118
2017_3,중앙로1길,1513,1052,461,7,179,296,296,284,451,1,103,197,181,192,378,6,76,99,115,92,73
2017_3,중앙로15길,90,45,45,0,6,14,30,26,14,0,1,5,9,17,13,0,5,9,21,9,1
2017_3,우마길,33,22,11,0,4,14,12,2,1,0,1,11,8,1,1,0,3,3,4,1,0
2017_3,오류로8길,241,108,133,0,40,69,57,54,21,0,7,35,30,19,17,0,33,34,27,35,4
2017_3,신도림로13길,783,593,190,2,65,145,196,256,119,2,53,113,141,188,96,0,12,32,55,68,23
2017_3,새말로18길,1070,452,618,2,501,362,116,49,40,0,148,185,61,33,25,2,353,177,55,16,15
2017_3,부일로1길,752,612,140,1,39,88,150,251,223,0,26,58,113,205,210,1,13,30,37,46,13
2017_3,부일로15길,178,153,25,0,7,12,20,62,77,0,4,5,15,56,73,0,3,7,5,6,4
2017_3,부일로11길,23,5,18,0,3,5,5,7,3,0,0,1,2,1,1,0,3,4,3,6,2
2017_3,디지털로32길,1122,583,539,1,209,387,224,157,144,1,79,199,124,75,105,0,130,188,100,82,39
2017_3,디지털로32가길,7325,5079,2246,32,1571,2950,1749,663,360,22,757,2132,1383,499,286,10,814,818,366,164,74
2017_3,디지털로27길,385,251,134,0,21,70,106,137,51,0,8,36,61,99,47,0,13,34,45,38,4
2017_3,도림로6길,100,45,55,0,19,25,28,19,9,0,5,11,14,10,5,0,14,14,14,9,4
2017_3,도림로12길,106,46,60,0,25,19,26,30,6,0,8,11,11,11,5,0,17,8,15,19,1
2017_3,남부순환로97길,259,89,170,2,36,55,77,53,36,0,6,15,23,25,20,2,30,40,54,28,16
2017_3,구로중앙로8길,207,73,134,0,21,39,64,53,30,0,4,11,16,19,23,0,17,28,48,34,7
2017_3,구로중앙로7길,181,59,122,0,35,36,48,42,20,0,4,4,19,18,14,0,31,32,29,24,6
2017_3,구로중앙로42길,805,608,197,1,56,138,219,260,131,1,38,106,149,204,110,0,18,32,70,56,21
2017_3,구로중앙로34길,627,367,260,0,45,107,171,165,139,0,24,56,112,102,73,0,21,51,59,63,66
2017_3,구로중앙로28길,3021,1453,1568,2,189,376,555,673,1226,0,76,221,335,380,441,2,113,155,220,293,785
2017_3,구로중앙로19길,12,6,6,0,2,1,5,1,3,0,0,1,3,0,2,0,2,0,2,1,1
2017_3,구로동로8길,148,44,104,0,23,23,39,35,28,0,4,7,12,15,6,0,19,16,27,20,22
2017_3,구로동로7길,166,65,101,0,25,21,49,51,20,0,7,3,15,23,17,0,18,18,34,28,3
2017_3,구로동로42길,22,14,8,0,1,5,7,8,1,0,0,3,5,5,1,0,1,2,2,3,0
2017_3,구로동로41길,463,292,171,0,59,124,146,100,34,0,46,75,88,56,27,0,13,49,58,44,7
2017_3,구로동로38길,37,14,23,0,9,2,11,7,8,0,1,0,6,1,6,0,8,2,5,6,2
2017_3,구로동로28길,202,93,109,0,14,41,69,39,39,0,4,21,29,15,24,0,10,20,40,24,15
2017_3,구로동로15길,21,2,19,0,7,5,2,5,2,0,0,0,0,1,1,0,7,5,2,4,1
2017_3,공원로6가길,303,213,90,5,53,69,92,61,23,2,39,46,68,40,18,3,14,23,24,21,5
2017_3,고척로52길,234,65,169,3,14,40,65,85,27,1,2,11,25,13,13,2,12,29,40,72,14
2017_3,고척로27다길,212,82,130,0,14,31,77,54,36,0,3,8,26,25,20,0,11,23,51,29,16
2017_3,고척로27길,244,113,131,0,29,50,85,65,15,0,8,23,39,34,9,0,21,27,46,31,6
2017_3,고척로21나길,229,63,166,0,25,41,37,74,52,0,3,19,8,11,22,0,22,22,29,63,30
2017_3,경인로47길,889,497,392,1,89,138,248,266,147,1,37,73,147,155,84,0,52,65,101,111,63
2017_3,경인로35길,292,118,174,0,15,53,92,87,45,0,4,21,29,41,23,0,11,32,63,46,22
2017_3,경인로31길,58,20,38,0,5,9,31,8,5,0,3,2,9,2,4,0,2,7,22,6,1
2017_3,경인로15길,134,58,76,0,26,45,29,17,17,0,6,28,9,7,8,0,20,17,20,10,9
2017_3,개봉로3길,244,150,94,2,62,39,63,43,35,1,48,21,24,26,30,1,14,18,39,17,5
2017_3,개봉로2길,481,137,344,1,75,119,152,88,46,1,15,21,46,30,24,0,60,98,106,58,22
2017_3,개봉로23가길,937,556,381,2,85,201,255,227,167,0,34,120,146,141,115,2,51,81,109,86,52
2017_3,개봉로20길,124,72,52,0,13,35,44,21,11,0,7,23,23,10,9,0,6,12,21,11,2
2017_3,개봉로1길,51,26,25,0,5,9,16,10,11,0,2,5,7,3,9,0,3,4,9,7,2
2017_3,개봉로17다길,168,79,89,0,5,26,55,52,30,0,2,8,20,27,22,0,3,18,35,25,8
2017_3,개봉로17길,872,356,516,7,111,149,207,284,114,3,43,85,100,77,48,4,68,64,107,207,66
2017_3,개봉로11길,49,10,39,0,15,8,15,10,1,0,3,1,2,3,1,0,12,7,13,7,0
2017_3,화곡로64길,2966,1641,1325,4,739,915,694,365,249,1,185,585,500,236,134,3,554,330,194,129,115
2017_3,화곡로59길,476,195,281,0,80,164,139,69,24,0,19,65,58,31,22,0,61,99,81,38,2
2017_3,화곡로44나길,830,710,120,0,21,75,158,284,292,0,10,58,127,251,264,0,11,17,31,33,28
2017_3,화곡로31길,1142,416,726,1,197,214,295,267,168,0,48,86,106,84,92,1,149,128,189,183,76
2017_3,화곡로20길,520,334,186,1,25,96,120,169,109,1,13,50,67,111,92,0,12,46,53,58,17
2017_3,화곡로13길,264,88,176,3,31,58,72,93,7,3,8,12,23,38,4,0,23,46,49,55,3
2017_3,초원로16길,690,318,372,1,93,154,110,90,242,0,33,91,63,50,81,1,60,63,47,40,161
2017_3,초록마을로8길,174,35,139,0,25,44,45,39,21,0,3,5,9,10,8,0,22,39,36,29,13
2017_3,초록마을로3길,50,25,25,0,6,11,12,9,12,0,0,3,10,4,8,0,6,8,2,5,4
2017_3,월정로20길,4,2,2,0,0,0,2,2,0,0,0,0,0,2,0,0,0,0,2,0,0
2017_3,우장산로6길,306,168,138,0,23,42,94,100,47,0,8,25,53,53,29,0,15,17,41,47,18
2017_3,양천로73가길,1321,838,483,3,86,236,357,394,245,3,46,127,224,239,199,0,40,109,133,155,46
2017_3,양천로71길,203,132,71,0,23,57,59,36,28,0,14,43,30,22,23,0,9,14,29,14,5
2017_3,양천로49길,709,575,134,0,33,112,149,223,192,0,12,75,121,189,178,0,21,37,28,34,14
2017_3,양천로26길,144,58,86,0,12,20,40,55,17,0,6,8,16,18,10,0,6,12,24,37,7
2017_3,양천로24길,350,141,209,0,27,62,65,99,97,0,11,35,31,24,40,0,16,27,34,75,57
2017_3,양천로24가길,696,316,380,1,73,147,192,172,111,1,25,77,77,73,63,0,48,70,115,99,48
2017_3,양천로14길,232,143,89,0,8,26,68,66,64,0,4,17,43,40,39,0,4,9,25,26,25
2017_3,방화대로6라길,762,481,281,2,85,192,282,143,58,1,40,129,185,95,31,1,45,63,97,48,27
2017_3,방화대로21길,845,512,333,1,99,164,202,217,162,1,41,86,111,139,134,0,58,78,91,78,28
2017_3,등촌로5길,10,3,7,0,0,2,5,3,0,0,0,0,2,1,0,0,0,2,3,2,0
2017_3,등촌로55길,509,347,162,1,25,79,112,136,156,0,8,45,67,94,133,1,17,34,45,42,23
2017_3,등촌로51길,19,11,8,0,6,2,6,4,1,0,0,1,5,4,1,0,6,1,1,0,0
2017_3,등촌로39길,66,24,42,0,3,11,23,23,6,0,3,2,4,11,4,0,0,9,19,12,2
2017_3,등촌로13길,196,105,91,0,16,39,49,60,32,0,6,18,22,36,23,0,10,21,27,24,9
2017_3,남부순환로11길,413,289,124,0,38,114,133,87,41,0,23,79,91,65,31,0,15,35,42,22,10
2017_3,까치산로4길,144,57,87,0,18,36,27,32,31,0,6,15,12,14,10,0,12,21,15,18,21
2017_3,국회대로7길,376,223,153,0,43,92,105,95,41,0,20,56,62,56,29,0,23,36,43,39,12
2017_3,공항대로8길,200,81,119,0,14,37,52,54,43,0,3,24,24,21,9,0,11,13,28,33,34
2017_3,공항대로61길,223,145,78,0,30,65,78,36,14,0,11,51,48,25,10,0,19,14,30,11,4
2017_3,공항대로59다길,890,646,244,3,108,256,200,168,155,0,57,194,149,127,119,3,51,62,51,41,36
2017_3,공항대로59길,1182,774,408,7,163,239,274,290,209,5,88,135,170,207,169,2,75,104,104,83,40
2017_3,공항대로55길,1076,736,340,4,254,392,233,113,80,1,136,272,186,86,55,3,118,120,47,27,25
2017_3,공항대로42길,6,3,3,0,0,0,1,3,2,0,0,0,1,0,2,0,0,0,0,3,0
2017_3,공항대로38길,270,146,124,0,34,54,79,65,38,0,9,26,54,32,25,0,25,28,25,33,13
2017_3,곰달래로60길,560,296,264,3,61,101,133,148,114,1,20,62,78,65,70,2,41,39,55,83,44
2017_3,곰달래로53길,61,19,42,0,4,15,25,12,5,0,1,6,5,3,4,0,3,9,20,9,1
2017_3,곰달래로47길,38,14,24,0,8,6,13,8,3,0,1,2,6,4,1,0,7,4,7,4,2
2017_3,곰달래로31길,12,10,2,0,1,1,7,3,0,0,1,1,5,3,0,0,0,0,2,0,0
2017_3,곰달래로25길,617,251,366,2,84,114,158,153,106,2,16,47,60,63,63,0,68,67,98,90,43
2017_3,개화동로25길,670,430,240,7,51,121,148,159,184,3,26,54,95,103,149,4,25,67,53,56,35
2017_3,개화동로23길,128,87,41,0,13,28,26,42,19,0,6,22,17,28,14,0,7,6,9,14,5
2017_3,강서로8길,148,83,65,0,23,38,43,28,16,0,16,25,22,12,8,0,7,13,21,16,8
2017_3,강서로5라길,297,175,122,0,33,73,89,78,24,0,22,48,49,41,15,0,11,25,40,37,9
2017_3,강서로5나길,116,66,50,0,11,31,28,26,20,0,5,18,17,14,12,0,6,13,11,12,8
2017_3,강서로5가길,48,25,23,0,2,11,8,17,10,0,2,10,4,5,4,0,0,1,4,12,6
2017_3,강서로47라길,107,57,50,1,9,22,37,25,13,1,6,10,23,11,6,0,3,12,14,14,7
2017_3,강서로47길,392,201,191,0,17,75,109,159,32,0,3,34,49,92,23,0,14,41,60,67,9
2017_3,강서로45다길,789,396,393,4,155,148,157,200,125,1,46,59,80,106,104,3,109,89,77,94,21
2017_3,강서로45길,141,63,78,1,18,14,37,39,32,0,2,7,16,17,21,1,16,7,21,22,11
2017_3,강서로35길,176,99,77,0,31,34,44,47,20,0,9,22,24,29,15,0,22,12,20,18,5
2017_3,강서로29길,316,160,156,1,23,60,86,96,50,1,8,35,48,49,19,0,15,25,38,47,31
2017_3,강서로18길,26,13,13,0,1,6,13,5,1,0,0,3,7,3,0,0,1,3,6,2,1
2017_3,강서로17가길,118,50,68,0,15,36,33,21,13,0,7,17,12,7,7,0,8,19,21,14,6
2017_3,강서로15길,266,129,137,0,22,53,76,73,42,0,9,27,32,31,30,0,13,26,44,42,12
2017_3,가로공원로80길,57,30,27,0,7,11,15,17,7,0,4,4,9,10,3,0,3,7,6,7,4
2017_3,가로공원로76가길,28,13,15,0,3,15,6,3,1,0,0,9,4,0,0,0,3,6,2,3,1
2017_3,화곡로4길,244,92,152,0,36,66,77,44,21,0,7,25,24,22,14,0,29,41,53,22,7
2017_3,화곡로3길,179,64,115,0,17,28,50,67,17,0,1,6,11,32,14,0,16,22,39,35,3
2017_3,지양로7길,227,76,151,0,24,49,73,65,16,0,7,10,20,30,9,0,17,39,53,35,7
2017_3,중앙로55길,362,190,172,0,18,72,138,99,35,0,8,36,62,60,24,0,10,36,76,39,11
2017_3,중앙로51길,142,90,52,0,7,25,42,36,32,0,2,18,23,26,21,0,5,7,19,10,11
2017_3,중앙로47길,127,34,93,0,10,16,23,31,47,0,1,10,8,8,7,0,9,6,15,23,40
2017_3,중앙로45길,155,50,105,0,18,28,35,46,28,0,6,10,11,16,7,0,12,18,24,30,21
2017_3,중앙로36길,2,2,0,0,0,0,0,0,2,0,0,0,0,0,2,0,0,0,0,0,0
2017_3,중앙로32길,623,292,331,4,118,134,125,129,113,2,49,83,68,49,41,2,69,51,57,80,72
2017_3,중앙로25길,245,65,180,0,30,43,75,84,13,0,9,10,15,24,7,0,21,33,60,60,6
2017_3,은행정로7길,498,163,335,0,42,66,96,156,138,0,15,31,42,43,32,0,27,35,54,113,106
2017_3,오목로5길,285,168,117,1,37,72,75,71,29,1,20,46,31,46,24,0,17,26,44,25,5
2017_3,오목로3길,418,393,25,0,0,14,50,174,180,0,0,10,41,165,177,0,0,4,9,9,3
2017_3,오목로30길,150,76,74,0,19,26,45,34,26,0,8,13,22,18,15,0,11,13,23,16,11
2017_3,오목로23길,801,456,345,1,107,216,207,158,112,0,52,137,112,91,64,1,55,79,95,67,48
2017_3,신월로20길,209,78,131,0,23,30,56,61,39,0,4,8,27,17,22,0,19,22,29,44,17
2017_3,신월로15길,793,359,434,4,96,162,194,199,138,0,34,78,84,81,82,4,62,84,110,118,56
2017_3,신목로6길,253,141,112,1,31,44,68,65,44,1,15,20,36,44,25,0,16,24,32,21,19
2017_3,신목로5길,870,328,542,0,74,169,282,234,111,0,24,66,99,80,59,0,50,103,183,154,52
2017_3,신목로2길,99,48,51,0,15,22,27,11,24,0,3,13,10,6,16,0,12,9,17,5,8
2017_3,목동중앙서로8가길,175,103,72,0,7,16,42,65,45,0,2,7,27,35,32,0,5,9,15,30,13
2017_3,목동중앙서로7길,235,72,163,1,31,43,53,63,44,0,9,17,15,15,16,1,22,26,38,48,28
2017_3,목동중앙북로8길,334,115,219,0,3,8,27,61,235,0,0,5,11,14,85,0,3,3,16,47,150
2017_3,목동중앙북로16길,281,91,190,0,29,62,87,78,25,0,8,18,28,23,14,0,21,44,59,55,11
2017_3,목동중앙본로7길,113,46,67,0,17,20,35,31,10,0,5,6,11,17,7,0,12,14,24,14,3
2017_3,목동중앙로3길,108,58,50,1,4,17,21,32,33,0,2,8,8,16,24,1,2,9,13,16,9
2017_3,목동중앙로13나길,291,213,78,0,40,106,76,44,25,0,25,74,59,31,24,0,15,32,17,13,1
2017_3,목동중앙남로3가길,544,353,191,0,39,126,119,178,82,0,19,74,64,131,65,0,20,52,55,47,17
2017_3,목동로9길,2381,1501,880,3,161,507,670,523,517,1,45,242,404,367,442,2,116,265,266,156,75
2017_3,목동로19길,987,337,650,1,144,218,258,233,133,0,32,88,94,67,56,1,112,130,164,166,77
2017_3,목동동로12길,416,149,267,2,53,77,113,115,56,0,8,25,38,38,40,2,45,52,75,77,16
2017_3,목동남로4길,10,4,6,0,0,0,3,6,1,0,0,0,0,3,1,0,0,0,3,3,0
2017_3,남부순환로88길,294,122,172,1,28,58,90,88,29,0,6,23,37,33,23,1,22,35,53,55,6
2017_3,남부순환로79길,415,314,101,0,10,35,83,149,138,0,5,19,53,121,116,0,5,16,30,28,22
2017_3,남부순환로70길,525,323,202,1,39,71,138,156,120,1,16,33,73,101,99,0,23,38,65,55,21
2017_3,남부순환로58길,187,110,77,0,18,41,43,61,24,0,14,29,23,28,16,0,4,12,20,33,8
2017_3,남부순환로40길,15,5,10,0,0,1,7,3,4,0,0,0,2,1,2,0,0,1,5,2,2
2017_3,남부순환로33길,1214,978,236,1,39,69,135,131,839,0,20,39,65,70,784,1,19,30,70,61,55
2017_3,곰달래로5길,53,31,22,0,7,17,13,13,3,0,3,12,8,6,2,0,4,5,5,7,1
2017_3,곰달래로3길,375,203,172,0,18,62,132,117,46,0,8,31,69,67,28,0,10,31,63,50,18
2017_3,곰달래로2길,267,148,119,1,39,75,68,58,26,1,15,56,39,28,9,0,24,19,29,30,17
2017_3,곰달래로10길,327,232,95,0,20,35,57,110,105,0,9,18,35,77,93,0,11,17,22,33,12
2017_3,가로공원로58길,75,15,60,0,12,14,26,21,2,0,2,3,5,3,2,0,10,11,21,18,0
2017_3,효창원로93길,94,46,48,0,12,30,37,9,6,0,2,16,21,4,3,0,10,14,16,5,3
2017_3,토정로37길,130,58,72,1,17,27,34,32,19,0,6,10,15,13,14,1,11,17,19,19,5
2017_3,월드컵로8길,1843,947,896,4,212,394,380,370,483,2,68,182,216,174,305,2,144,212,164,196,178
2017_3,월드컵로7길,4,2,2,0,1,1,1,0,1,0,0,0,1,0,1,0,1,1,0,0,0
2017_3,월드컵로36길,145,63,82,0,16,22,30,49,28,0,3,12,10,22,16,0,13,10,20,27,12
2017_3,월드컵로25길,279,157,122,0,44,76,76,53,30,0,20,47,42,28,20,0,24,29,34,25,10
2017_3,월드컵로19길,764,312,452,10,118,145,119,110,262,10,52,95,60,37,58,0,66,50,59,73,204
2017_3,월드컵로16길,3995,2036,1959,12,859,806,739,689,890,6,353,412,375,252,638,6,506,394,364,437,252
2017_3,월드컵로11길,272,120,152,1,67,60,66,54,24,0,24,29,27,25,15,1,43,31,39,29,9
2017_3,월드컵로10길,1644,857,787,4,467,579,339,160,95,0,158,274,235,119,71,4,309,305,104,41,24
2017_3,와우산로3길,148,84,64,0,26,51,44,21,6,0,4,30,29,15,6,0,22,21,15,6,0
2017_3,와우산로29길,186,96,90,0,61,56,42,12,15,0,31,33,20,6,6,0,30,23,22,6,9
2017_3,와우산로29가길,21,10,11,0,3,4,10,4,0,0,0,0,7,3,0,0,3,4,3,1,0
2017_3,양화진길,439,304,135,1,51,119,112,109,47,0,18,75,82,91,38,1,33,44,30,18,9
2017_3,양화로1길,4120,1917,2203,43,884,1589,1107,339,158,1,208,731,671,229,77,42,676,858,436,110,81
2017_3,양화로11길,380,250,130,0,60,105,127,57,31,0,22,62,102,44,20,0,38,43,25,13,11
2017_3,신촌로30길,24,17,7,3,2,6,8,3,2,3,0,6,4,2,2,0,2,0,4,1,0
2017_3,신촌로28가길,109,41,68,0,8,26,32,20,23,0,0,4,14,8,15,0,8,22,18,12,8
2017_3,신촌로12길,1404,646,758,3,337,328,267,233,236,0,212,184,103,54,93,3,125,144,164,179,143
2017_3,숭문길,3330,2289,1041,3,189,361,534,1308,935,1,67,240,396,898,687,2,122,121,138,410,248
2017_3,숭문8길,116,69,47,0,10,20,41,34,11,0,1,4,30,25,9,0,9,16,11,9,2
2017_3,성지3길,454,231,223,1,111,137,125,57,23,0,35,76,66,39,15,1,76,61,59,18,8
2017_3,성산로4길,1687,1082,605,6,288,388,415,355,235,5,121,239,283,256,178,1,167,149,132,99,57
2017_3,성미산로32길,409,189,220,0,134,101,94,49,31,0,42,56,52,22,17,0,92,45,42,27,14
2017_3,성미산로1길,636,440,196,0,77,149,172,96,142,0,28,96,111,69,136,0,49,53,61,27,6
2017_3,성미산로11길,1088,742,346,9,175,354,274,191,85,6,82,222,205,159,68,3,93,132,69,32,17
2017_3,백범로16길,604,306,298,62,217,146,79,72,28,29,98,68,43,49,19,33,119,78,36,23,9
2017_3,방울내로9안길,313,193,120,0,30,64,97,76,46,0,12,31,57,52,41,0,18,33,40,24,5
2017_3,모래내로7길,264,135,129,0,18,53,86,64,43,0,5,26,48,36,20,0,13,27,38,28,23
2017_3,매봉산로2길,1815,1138,677,14,317,661,603,179,41,5,110,400,468,128,27,9,207,261,135,51,14
2017_3,망원로2길,190,110,80,1,19,53,61,42,14,0,3,27,42,28,10,1,16,26,19,14,4
2017_3,망원로11길,1098,624,474,4,130,288,322,216,138,2,49,161,214,128,70,2,81,127,108,88,68
2017_3,만리재옛길,1421,615,806,12,517,405,292,118,77,5,253,220,58,41,38,7,264,185,234,77,39
2017_3,마포대로4길,171,93,78,2,11,39,43,44,32,2,9,25,24,15,18,0,2,14,19,29,14
2017_3,마포대로20길,1161,597,564,3,215,325,325,193,100,2,57,165,194,120,59,1,158,160,131,73,41
2017_3,마포대로12길,68,37,31,0,2,10,21,24,11,0,1,5,11,12,8,0,1,5,10,12,3
2017_3,동교로38길,248,119,129,0,70,80,63,27,8,0,31,36,32,14,6,0,39,44,31,13,2
2017_3,동교로27길,3538,1602,1936,6,627,1011,676,706,512,2,220,543,434,252,151,4,407,468,242,454,361
2017_3,동교로25길,547,271,276,3,115,247,133,41,8,3,31,128,73,30,6,0,84,119,60,11,2
2017_3,동교로19길,4557,3104,1453,24,579,1045,1141,1107,661,10,256,753,889,779,417,14,323,292,252,328,244
2017_3,동교로17길,844,435,409,2,178,241,229,138,56,0,62,119,149,78,27,2,116,122,80,60,29
2017_3,독막로8길,295,131,164,0,54,72,79,61,29,0,11,30,41,32,17,0,43,42,38,29,12
2017_3,독막로32길,460,200,260,1,68,111,148,89,43,0,24,53,63,31,29,1,44,58,85,58,14
2017_3,독막로22길,116,67,49,3,27,30,19,18,19,2,12,13,9,15,16,1,15,17,10,3,3
2017_3,도화길,1059,531,528,4,189,236,246,190,194,3,78,120,143,78,109,1,111,116,103,112,85
2017_3,도화4길,380,130,250,1,41,64,93,110,71,1,12,21,22,30,44,0,29,43,71,80,27
2017_3,대흥로28길,53,41,12,1,5,25,15,5,2,1,2,19,14,4,1,0,3,6,1,1,1
2017_3,대흥로21길,458,82,376,1,60,85,180,75,57,1,13,22,22,8,16,0,47,63,158,67,41
2017_3,광성로6길,135,86,49,0,15,46,32,24,18,0,5,31,22,14,14,0,10,15,10,10,4
2017_3,홍제내길,116,64,52,0,15,32,30,28,11,0,5,23,17,14,5,0,10,9,13,14,6
2017_3,홍연길,76,44,32,0,2,17,27,27,3,0,2,9,18,13,2,0,0,8,9,14,1
2017_3,통일로39길,11,9,2,0,2,1,2,4,2,0,1,1,2,3,2,0,1,0,0,1,0
2017_3,통일로37길,367,141,226,0,53,76,100,84,54,0,14,23,39,38,27,0,39,53,61,46,27
2017_3,통일로11길,9,8,1,0,1,3,5,0,0,0,1,2,5,0,0,0,0,1,0,0,0
2017_3,충정로6길,13745,7837,5908,31,2178,4828,4204,2042,462,18,818,2487,2703,1450,361,13,1360,2341,1501,592,101
2017_3,충정로4길,3043,2022,1021,0,386,1403,917,259,78,0,127,883,711,227,74,0,259,520,206,32,4
2017_3,증가로6길,213,91,122,0,19,49,46,63,36,0,4,18,24,35,10,0,15,31,22,28,26
2017_3,증가로23나길,459,239,220,1,88,124,126,81,39,1,49,72,53,40,24,0,39,52,73,41,15
2017_3,증가로20가길,246,85,161,0,43,55,62,65,21,0,11,18,14,28,14,0,32,37,48,37,7
2017_3,증가로10길,160,85,75,0,21,24,35,42,38,0,1,9,17,25,33,0,20,15,18,17,5
2017_3,응암로1길,395,283,112,2,22,50,100,147,74,1,10,29,70,114,59,1,12,21,30,33,15
2017_3,연희로10길,115,78,37,0,11,18,35,33,18,0,4,10,27,23,14,0,7,8,8,10,4
2017_3,신촌로37길,108,48,60,0,7,17,36,24,24,0,0,6,17,11,14,0,7,11,19,13,10
2017_3,수색로8길,3051,2834,217,0,8,22,45,264,2712,0,2,15,30,234,2553,0,6,7,15,30,159
2017_3,세무서길,334,118,216,0,45,74,98,70,47,0,8,21,34,30,25,0,37,53,64,40,22
2017_3,세검정로1길,325,182,143,0,41,82,82,66,54,0,16,47,46,36,37,0,25,35,36,30,17
2017_3,북아현로4길,416,92,324,0,46,55,82,134,99,0,10,13,22,20,27,0,36,42,60,114,72
2017_3,모래내로15길,93,25,68,0,7,13,26,24,23,0,2,3,9,5,6,0,5,10,17,19,17
2017_3,명지대길,386,286,100,0,32,45,86,122,101,0,15,23,50,105,93,0,17,22,36,17,8
2017_3,독립문로8길,726,276,450,0,133,185,168,158,82,0,32,65,81,55,43,0,101,120,87,103,39
2017_3,가재울로6길,20,10,10,0,5,2,8,2,3,0,0,1,7,1,1,0,5,1,1,1,2
2017_3,통일로92길,78,36,42,1,16,10,25,14,12,1,12,4,8,5,6,0,4,6,17,9,6
2017_3,통일로87길,216,102,114,0,20,32,60,67,37,0,7,17,24,30,24,0,13,15,36,37,13
2017_3,통일로78길,209,61,148,0,28,42,56,39,44,0,5,16,16,9,15,0,23,26,40,30,29
2017_3,진흥로1길,526,165,361,2,69,138,182,110,25,1,27,52,43,27,15,1,42,86,139,83,10
2017_3,진흥로12길,485,195,290,1,43,95,168,103,75,0,6,38,75,34,42,1,37,57,93,69,33
2017_3,증산서길,568,288,280,0,58,102,138,134,136,0,3,31,47,79,128,0,55,71,91,55,8
2017_3,증산로9길,89,25,64,0,13,24,25,25,2,0,5,3,11,5,1,0,8,21,14,20,1
2017_3,증산로5길,779,395,384,6,70,141,191,219,152,1,37,47,75,127,108,5,33,94,116,92,44
2017_3,증산로21길,241,159,82,1,21,29,37,79,74,0,10,15,18,59,57,1,11,14,19,20,17
2017_3,증산로17길,751,335,416,0,49,93,166,180,263,0,13,36,83,93,110,0,36,57,83,87,153
2017_3,증산로15길,202,79,123,0,20,36,52,56,38,0,6,14,19,20,20,0,14,22,33,36,18
2017_3,증산로13길,72,35,37,0,7,13,13,29,10,0,3,9,6,10,7,0,4,4,7,19,3
2017_3,응암로34길,64,42,22,1,7,15,12,18,11,0,5,8,7,12,10,1,2,7,5,6,1
2017_3,응암로22길,151,52,99,0,15,27,31,42,36,0,5,8,11,13,15,0,10,19,20,29,21
2017_3,응암로14길,379,129,250,0,58,81,120,88,32,0,12,19,39,38,21,0,46,62,81,50,11
2017_3,응암로13길,281,116,165,0,33,53,87,73,35,0,13,21,36,28,18,0,20,32,51,45,17
2017_3,응암로12길,203,111,92,1,22,57,56,41,26,1,4,32,30,24,20,0,18,25,26,17,6
2017_3,은평로8길,276,146,130,1,51,43,70,68,43,1,29,27,42,28,19,0,22,16,28,40,24
2017_3,은평로3길,308,95,213,0,37,73,94,73,31,0,9,23,19,22,22,0,28,50,75,51,9
2017_3,은평로20길,23,10,13,0,2,2,12,6,1,0,1,1,4,3,1,0,1,1,8,3,0
2017_3,은평로13길,385,255,130,2,31,53,116,103,80,2,17,34,71,67,64,0,14,19,45,36,16
2017_3,은평로10길,341,176,165,1,31,85,105,63,56,1,11,50,52,29,33,0,20,35,53,34,23
2017_3,연서로5길,42,12,30,0,3,9,12,15,3,0,2,2,3,5,0,0,1,7,9,10,3
2017_3,연서로41길,245,74,171,0,22,59,71,67,26,0,7,19,18,15,15,0,15,40,53,52,11
2017_3,연서로3길,109,42,67,3,13,21,30,33,9,3,6,9,11,10,3,0,7,12,19,23,6
2017_3,연서로34길,167,52,115,0,25,38,47,41,16,0,6,12,13,11,10,0,19,26,34,30,6
2017_3,연서로33길,25,8,17,0,3,9,8,3,2,0,0,2,3,2,1,0,3,7,5,1,1
2017_3,연서로29길,330,120,210,1,43,73,96,85,32,0,14,30,30,30,16,1,29,43,66,55,16
2017_3,연서로28길,815,359,456,1,104,148,180,203,179,0,40,74,98,66,81,1,64,74,82,137,98
2017_3,연서로27길,73,28,45,0,15,14,20,17,7,0,1,4,9,9,5,0,14,10,11,8,2
2017_3,연서로21길,343,212,131,0,34,65,116,89,39,0,21,49,61,52,29,0,13,16,55,37,10
2017_3,연서로17길,1189,357,832,3,165,210,297,336,178,1,38,95,110,59,54,2,127,115,187,277,124
2017_3,연서로16길,259,98,161,2,50,61,60,59,27,0,15,23,23,26,11,2,35,38,37,33,16
2017_3,연서로13길,729,223,506,3,96,159,224,194,53,1,26,60,77,37,22,2,70,99,147,157,31
2017_3,연서로11길,239,111,128,0,19,53,66,72,29,0,11,23,31,31,15,0,8,30,35,41,14
2017_3,역말로9길,19,13,6,0,2,8,4,2,3,0,1,6,3,1,2,0,1,2,1,1,1
2017_3,수색로18길,21,9,12,0,3,5,5,4,4,0,1,1,1,3,3,0,2,4,4,1,1
2017_3,서오릉로8길,15,0,15,0,8,1,3,3,0,0,0,0,0,0,0,0,8,1,3,3,0
2017_3,서오릉로21길,409,103,306,0,27,56,112,81,133,0,8,15,30,19,31,0,19,41,82,62,102
2017_3,불광천길,191,99,92,0,19,33,40,69,30,0,9,14,26,32,18,0,10,19,14,37,12
2017_3,갈현로7길,914,259,655,1,162,239,218,197,97,0,42,82,63,48,24,1,120,157,155,149,73
2017_3,갈현로41길,96,41,55,0,9,27,25,24,11,0,3,14,9,11,4,0,6,13,16,13,7
2017_3,갈현로33길,37,9,28,0,8,10,8,8,3,0,1,3,2,2,1,0,7,7,6,6,2
2017_3,갈현로1길,165,73,92,1,19,26,50,32,37,0,8,18,20,7,20,1,11,8,30,25,17
2017_3,가좌로7길,58,28,30,0,9,13,15,10,11,0,0,7,6,4,11,0,9,6,9,6,0
2017_3,한글비석로44길,421,231,190,1,28,65,101,123,103,0,8,35,49,62,77,1,20,30,52,61,26
2017_3,한글비석로24길,403,165,238,0,27,47,83,124,122,0,9,25,35,44,52,0,18,22,48,80,70
2017_3,한글비석로22길,671,309,362,1,62,141,197,177,93,0,16,66,90,83,54,1,46,75,107,94,39
2017_3,석계로1길,105,67,38,0,6,23,33,33,10,0,4,13,19,21,10,0,2,10,14,12,0
2017_3,상계로9가길,301,113,188,0,35,49,78,84,55,0,8,20,23,33,29,0,27,29,55,51,26
2017_3,상계로12길,28,19,9,6,1,1,9,10,1,6,1,1,4,6,1,0,0,0,5,4,0
2017_3,동일로242길,296,185,111,0,11,30,82,63,110,0,6,17,49,33,80,0,5,13,33,30,30
2017_3,동일로192길,450,200,250,0,46,57,101,112,134,0,26,33,45,39,57,0,20,24,56,73,77
2017_3,동일로173가길,2262,1201,1061,5,222,393,577,654,411,3,92,275,305,271,255,2,130,118,272,383,156
2017_3,공릉로58길,134,48,86,0,4,15,41,50,24,0,4,8,13,15,8,0,0,7,28,35,16
2017_3,해등로16길,88,69,19,0,14,25,30,14,5,0,9,19,23,13,5,0,5,6,7,1,0
2017_3,우이천로4다길,181,106,75,0,17,28,51,58,27,0,6,15,25,41,19,0,11,13,26,17,8
2017_3,우이천로32길,100,59,41,0,12,23,26,26,13,0,3,18,12,16,10,0,9,5,14,10,3
2017_3,시루봉로23길,47,22,25,0,6,13,14,9,5,0,1,7,6,6,2,0,5,6,8,3,3
2017_3,삼양로144길,80,58,22,0,13,14,23,16,14,0,5,11,16,13,13,0,8,3,7,3,1
2017_3,방학로6가길,172,91,81,0,15,40,57,33,27,0,2,24,28,15,22,0,13,16,29,18,5
2017_3,방학로5길,113,70,43,1,14,13,25,32,28,0,13,8,14,20,15,1,1,5,11,12,13
2017_3,방학로15길,326,208,118,0,14,34,70,111,97,0,3,16,37,68,84,0,11,18,33,43,13
2017_3,방학로10길,172,74,98,0,10,20,27,45,70,0,2,10,10,18,34,0,8,10,17,27,36
2017_3,도봉산4길,322,280,42,0,5,22,87,142,66,0,2,16,82,127,53,0,3,6,5,15,13
2017_3,도봉로181길,188,81,107,0,20,32,54,48,34,0,8,15,20,18,20,0,12,17,34,30,14
2017_3,도봉로169나길,297,127,170,1,36,52,63,81,64,0,11,23,34,33,26,1,25,29,29,48,38
2017_3,도봉로156길,256,132,124,2,39,59,74,44,38,2,17,31,39,21,22,0,22,28,35,23,16
2017_3,도봉로152가길,417,365,52,0,19,31,62,149,156,0,5,24,48,141,147,0,14,7,14,8,9
2017_3,도봉로147길,576,320,256,0,53,118,151,173,81,0,25,84,99,84,28,0,28,34,52,89,53
2017_3,도봉로114길,506,182,324,1,88,115,137,122,43,0,15,36,54,52,25,1,73,79,83,70,18
2017_3,도봉로109길,20,7,13,0,1,3,8,4,4,0,0,2,1,0,4,0,1,1,7,4,0
2017_3,도당로29길,868,495,373,5,163,212,214,177,97,5,67,125,103,113,82,0,96,87,111,64,15
2017_3,도당로19길,192,79,113,0,12,33,66,58,23,0,3,20,27,23,6,0,9,13,39,35,17
2017_3,도당로13바길,194,85,109,0,26,34,46,61,27,0,7,24,14,23,17,0,19,10,32,38,10
2017_3,도당로13가길,159,64,95,0,11,24,47,51,26,0,3,10,23,19,9,0,8,14,24,32,17
2017_3,덕릉로60길,83,48,35,1,5,18,33,19,7,1,2,11,16,13,5,0,3,7,17,6,2
2017_3,노해로63다길,596,261,335,1,94,152,152,129,68,1,32,71,78,43,36,0,62,81,74,86,32
2017_3,노해로60길,325,145,180,2,50,60,96,79,38,0,14,27,42,41,21,2,36,33,54,38,17
2017_3,한천로140길,97,49,48,0,6,10,23,31,27,0,1,6,11,15,16,0,5,4,12,16,11
2017_3,한천로139가길,54,32,22,0,7,18,21,3,5,0,4,12,13,1,2,0,3,6,8,2,3
2017_3,한천로132길,333,133,200,1,71,75,71,67,48,0,19,35,27,26,26,1,52,40,44,41,22
2017_3,한천로130길,276,124,152,0,37,82,70,69,18,0,10,33,35,33,13,0,27,49,35,36,5
2017_3,한천로124나길,85,47,38,0,5,17,24,22,17,0,3,11,8,12,13,0,2,6,16,10,4
2017_3,한천로109길,591,261,330,3,107,122,170,130,59,2,36,53,83,56,31,1,71,69,87,74,28
2017_3,인수봉로79길,173,46,127,1,19,53,45,42,13,0,5,8,15,9,9,1,14,45,30,33,4
2017_3,인수봉로72길,75,36,39,0,12,10,21,16,16,0,3,5,10,6,12,0,9,5,11,10,4
2017_3,오패산로67길,592,293,299,2,96,114,147,129,104,1,37,66,74,65,50,1,59,48,73,64,54
2017_3,오패산로52길,110,42,68,1,15,25,32,25,12,1,4,9,10,11,7,0,11,16,22,14,5
2017_3,수유로12길,264,170,94,0,30,69,68,42,55,0,11,45,48,23,43,0,19,24,20,19,12
2017_3,솔샘로65길,506,233,273,9,50,106,154,124,63,0,13,34,74,63,49,9,37,72,80,61,14
2017_3,솔매로50길,682,273,409,2,87,174,210,139,70,2,22,55,75,58,61,0,65,119,135,81,9
2017_3,솔매로45길,175,87,88,1,8,17,62,60,27,0,3,5,29,34,16,1,5,12,33,26,11
2017_3,솔매로41길,87,24,63,0,12,12,26,26,11,0,0,4,9,6,5,0,12,8,17,20,6
2017_3,삼양로93길,18,4,14,0,0,2,8,7,1,0,0,0,2,1,1,0,0,2,6,6,0
2017_3,삼양로77길,434,151,283,1,53,73,119,119,69,1,23,34,40,34,19,0,30,39,79,85,50
2017_3,삼양로54길,8,4,4,0,0,3,0,5,0,0,0,1,0,3,0,0,0,2,0,2,0
2017_3,삼양로41길,299,134,165,0,30,65,90,76,38,0,13,29,42,31,19,0,17,36,48,45,19
2017_3,삼양로24길,81,38,43,0,10,13,25,13,20,0,4,8,11,4,11,0,6,5,14,9,9
2017_3,삼양로20길,127,48,79,0,18,30,35,35,9,0,3,11,14,11,9,0,15,19,21,24,0
2017_3,삼각산로28길,834,422,412,1,54,153,194,198,234,1,17,64,98,110,132,0,37,89,96,88,102
2017_3,도봉로99길,206,99,107,1,24,36,56,64,25,1,9,20,33,24,12,0,15,16,23,40,13
2017_3,도봉로8길,244,182,62,0,45,68,69,35,27,0,38,57,50,21,16,0,7,11,19,14,11
2017_3,도봉로76길,402,217,185,3,44,65,90,86,114,2,20,38,42,36,79,1,24,27,48,50,35
2017_3,도봉로67길,6,3,3,0,1,0,3,1,1,0,0,0,2,0,1,0,1,0,1,1,0
2017_3,도봉로45길,113,70,43,0,2,20,38,23,30,0,0,14,25,13,18,0,2,6,13,10,12
2017_3,도봉로18길,390,174,216,0,26,75,102,107,80,0,8,42,49,42,33,0,18,33,53,65,47
2017_3,도봉로13길,36,11,25,0,1,5,9,15,6,0,0,1,3,3,4,0,1,4,6,12,2
2017_3,덕릉로41길,776,622,154,0,74,243,192,217,50,0,50,205,162,175,30,0,24,38,30,42,20
2017_3,덕릉로40길,902,698,204,1,68,92,239,336,166,1,45,60,187,279,126,0,23,32,52,57,40
2017_3,노해로33길,35,12,23,0,11,6,11,6,1,0,1,2,5,3,1,0,10,4,6,3,0
2017_3,노해로17길,225,69,156,1,24,36,40,75,49,0,5,19,20,15,10,1,19,17,20,60,39
2017_3,화랑로40길,184,94,90,1,31,40,42,49,21,1,10,15,23,29,16,0,21,25,19,20,5
2017_3,화랑로32길,466,348,118,4,79,163,139,63,18,0,38,136,101,57,16,4,41,27,38,6,2
2017_3,화랑로1길,162,87,75,0,15,35,37,58,17,0,5,19,21,36,6,0,10,16,16,22,11
2017_3,화랑로19길,510,269,241,0,56,108,169,119,58,0,28,49,100,57,35,0,28,59,69,62,23
2017_3,화랑로14길,50,22,28,0,3,7,24,12,4,0,1,1,11,6,3,0,2,6,13,6,1
2017_3,화랑로13길,93,46,47,0,12,27,30,21,3,0,5,12,15,11,3,0,7,15,15,10,0
2017_3,한천로76길,130,75,55,0,8,22,40,36,24,0,6,14,25,19,11,0,2,8,15,17,13
2017_3,한천로101가길,51,29,22,0,4,6,19,17,5,0,2,3,11,9,4,0,2,3,8,8,1
2017_3,창경궁로43길,26,15,11,0,3,4,10,7,2,0,2,4,4,4,1,0,1,0,6,3,1
2017_3,지봉로20길,95,60,35,0,9,14,24,33,15,0,6,9,15,18,12,0,3,5,9,15,3
2017_3,종암로5길,123,86,37,0,13,30,38,26,16,0,10,25,27,16,8,0,3,5,11,10,8
2017_3,종암로24가길,288,136,152,4,54,65,68,70,27,0,20,27,31,40,18,4,34,38,37,30,9
2017_3,종암로21길,240,49,191,0,16,26,59,90,49,0,1,7,21,13,7,0,15,19,38,77,42
2017_3,종암로19길,375,114,261,1,82,64,81,103,44,1,18,30,31,18,16,0,64,34,50,85,28
2017_3,종암로16길,78,34,44,0,10,20,20,13,15,0,4,8,7,4,11,0,6,12,13,9,4
2017_3,정릉로8길,185,106,79,1,36,42,38,34,34,0,14,25,22,17,28,1,22,17,16,17,6
2017_3,정릉로27길,199,80,119,0,25,46,55,46,27,0,8,21,23,16,12,0,17,25,32,30,15
2017_3,장위로50길,885,489,396,2,96,105,182,255,245,1,31,57,107,143,150,1,65,48,75,112,95
2017_3,장월로1길,398,182,216,0,71,81,103,74,69,0,29,48,43,35,27,0,42,33,60,39,42
2017_3,인촌로6길,2823,1608,1215,10,265,474,655,634,785,4,104,297,357,343,503,6,161,177,298,291,282
2017_3,인촌로5길,28,3,25,0,1,3,7,14,3,0,0,1,0,1,1,0,1,2,7,13,2
2017_3,인촌로24길,221,157,64,0,41,84,53,27,16,0,30,71,39,12,5,0,11,13,14,15,11
2017_3,개운사길,3408,2109,1299,1,339,996,994,759,319,1,112,490,668,589,249,0,227,506,326,170,70
2017_3,인촌로1길,159,106,53,0,17,47,45,31,19,0,6,29,33,23,15,0,11,18,12,8,4
2017_3,인촌로17가길,3174,1150,2024,0,824,1120,719,429,82,0,146,351,348,237,68,0,678,769,371,192,14
2017_3,오패산로4길,605,195,410,2,115,119,142,137,90,2,30,42,46,39,36,0,85,77,96,98,54
2017_3,오패산로3길,1250,723,527,5,226,319,327,266,107,0,99,184,218,155,67,5,127,135,109,111,40
2017_3,오패산로19길,43,17,26,0,6,16,15,4,2,0,0,8,7,1,1,0,6,8,8,3,1
2017_3,안암로5길,609,380,229,1,82,147,179,124,76,0,27,83,118,92,60,1,55,64,61,32,16
2017_3,아리랑로4길,587,215,372,2,42,89,144,183,127,0,14,30,51,60,60,2,28,59,93,123,67
2017_3,솔샘로6길,152,75,77,0,39,38,33,29,13,0,16,23,20,9,7,0,23,15,13,20,6
2017_3,성북로8길,54,27,27,0,14,16,12,6,6,0,7,6,8,3,3,0,7,10,4,3,3
2017_3,삼양로8길,97,62,35,2,22,22,30,17,4,1,14,12,21,10,4,1,8,10,9,7,0
2017_3,삼선교로16가길,719,416,303,0,179,105,160,198,77,0,83,46,110,123,54,0,96,59,50,75,23
2017_3,삼선교로10다길,101,48,53,0,12,25,25,23,16,0,1,19,13,10,5,0,11,6,12,13,11
2017_3,삼선교로10길,254,125,129,1,34,56,89,53,21,1,12,22,38,34,18,0,22,34,51,19,3
2017_3,보문로32길,983,396,587,0,275,173,256,190,89,0,18,82,132,113,51,0,257,91,124,77,38
2017_3,보문로31길,710,294,416,2,124,169,181,141,93,1,42,77,82,50,42,1,82,92,99,91,51
2017_3,보문로13길,782,471,311,1,12,22,56,110,581,0,4,9,26,42,390,1,8,13,30,68,191
2017_3,보국문로16길,349,235,114,0,14,36,71,133,95,0,4,22,44,97,68,0,10,14,27,36,27
2017_3,동소문로26가길,290,165,125,1,46,77,80,44,42,1,17,54,53,21,19,0,29,23,27,23,23
2017_3,동소문로15길,94,44,50,0,13,31,37,10,3,0,3,16,22,1,2,0,10,15,15,9,1
2017_3,동소문로13길,414,213,201,2,72,106,109,60,65,0,19,58,64,31,41,2,53,48,45,29,24
2017_3,돌곶이로8길,207,107,100,0,18,66,57,46,20,0,5,28,31,31,12,0,13,38,26,15,8
2017_3,돌곶이로41길,43,20,23,0,3,11,11,14,4,0,0,6,5,7,2,0,3,5,6,7,2
2017_3,돌곶이로28길,236,155,81,0,43,74,76,27,16,0,26,58,46,15,10,0,17,16,30,12,6
2017_3,돌곶이로27길,74,39,35,0,3,13,20,28,10,0,1,5,11,15,7,0,2,8,9,13,3
2017_3,돌곶이로22길,134,73,61,0,19,23,33,39,20,0,3,15,20,18,17,0,16,8,13,21,3
2017_3,돌곶이로14길,3,3,0,0,0,3,0,0,0,0,0,3,0,0,0,0,0,0,0,0,0
2017_3,길음로7길,8,5,3,0,0,2,4,0,2,0,0,1,3,0,1,0,0,1,1,0,1
2017_3,중랑천로10길,748,404,344,12,172,155,205,136,68,10,77,74,117,81,45,2,95,81,88,55,23
2017_3,용마산로94길,436,266,170,0,87,38,132,129,50,0,43,21,76,86,40,0,44,17,56,43,10
2017_3,용마산로118길,693,396,297,0,72,131,168,121,201,0,27,72,80,58,159,0,45,59,88,63,42
2017_3,용마산로112길,348,152,196,1,43,55,73,91,85,0,16,28,28,36,44,1,27,27,45,55,41
2017_3,용마산로100길,407,281,126,0,32,44,72,130,129,0,7,17,40,102,115,0,25,27,32,28,14
2017_3,신내로7가길,272,67,205,0,37,56,83,64,32,0,5,11,19,19,13,0,32,45,64,45,19
2017_3,사가정로54길,111,33,78,0,25,21,26,25,14,0,3,3,8,10,9,0,22,18,18,15,5
2017_3,사가정로42길,78,19,59,0,3,9,17,23,26,0,0,1,5,7,6,0,3,8,12,16,20
2017_3,봉화산로56길,590,152,438,0,72,86,133,198,101,0,27,40,30,33,22,0,45,46,103,165,79
2017_3,봉화산로4길,402,143,259,0,24,50,113,151,64,0,9,22,43,39,30,0,15,28,70,112,34
2017_3,봉화산로30길,358,221,137,0,28,51,91,112,76,0,11,28,50,75,57,0,17,23,41,37,19
2017_3,봉우재로33길,114,46,68,0,25,27,30,19,13,0,14,8,11,4,9,0,11,19,19,15,4
2017_3,면목로78길,289,155,134,1,25,46,91,84,42,1,5,31,45,43,30,0,20,15,46,41,12
2017_3,면목로56길,209,156,53,0,11,28,42,74,54,0,3,11,29,64,49,0,8,17,13,10,5
2017_3,면목로55길,439,136,303,0,39,62,102,140,96,0,7,18,42,35,34,0,32,44,60,105,62
2017_3,면목로49길,550,176,374,0,195,181,112,47,15,0,24,66,49,25,12,0,171,115,63,22,3
2017_3,면목로48길,125,64,61,2,20,27,37,26,13,2,12,16,16,13,5,0,8,11,21,13,8
2017_3,면목로45길,68,31,37,0,13,17,21,9,8,0,5,7,9,4,6,0,8,10,12,5,2
2017_3,면목로33길,374,147,227,0,50,86,110,90,38,0,13,32,45,31,26,0,37,54,65,59,12
2017_3,면목로21길,47,38,9,0,12,6,14,10,5,0,8,5,11,9,5,0,4,1,3,1,0
2017_3,망우로73길,8,4,4,0,0,0,5,2,1,0,0,0,2,1,1,0,0,0,3,1,0
2017_3,망우로68길,85,35,50,1,16,16,25,19,8,0,1,6,8,15,5,1,15,10,17,4,3
2017_3,동일로163길,104,70,34,0,11,24,37,22,10,0,3,18,24,19,6,0,8,6,13,3,4
2017_3,동일로157길,196,105,91,1,34,49,52,38,22,1,7,31,29,23,14,0,27,18,23,15,8
2017_3,동일로149길,1131,842,289,1,142,329,294,299,66,1,97,229,223,242,50,0,45,100,71,57,16
2017_3,동일로140길,216,85,131,0,22,48,61,62,23,0,7,19,29,21,9,0,15,29,32,41,14
2017_3,동일로139길,65,42,23,0,5,12,23,17,8,0,1,8,15,14,4,0,4,4,8,3,4
2017_3,동일로139가길,1122,667,455,0,80,210,233,176,423,0,32,122,140,72,301,0,48,88,93,104,122
2017_3,동일로130길,98,23,75,0,7,22,36,25,8,0,0,6,5,6,6,0,7,16,31,19,2
2017_3,동일로123길,179,86,93,1,24,34,54,35,31,1,7,19,24,17,18,0,17,15,30,18,13
2017_3,동일로112길,159,68,91,0,16,24,41,47,31,0,6,11,10,24,17,0,10,13,31,23,14
2017_3,동일로101길,303,121,182,0,32,61,71,95,44,0,9,24,38,29,21,0,23,37,33,66,23
2017_3,동일로100길,31,15,16,0,2,9,6,9,5,0,1,5,3,3,3,0,1,4,3,6,2
2017_3,답십리로75길,95,53,42,0,8,18,39,17,13,0,2,9,21,11,10,0,6,9,18,6,3
2017_3,공릉로2길,661,309,352,2,85,156,178,155,85,1,26,72,80,78,52,1,59,84,98,77,33
2017_3,공릉로12가길,34,24,10,0,5,4,7,10,8,0,2,4,5,7,6,0,3,0,2,3,2
2017_3,겸재로54길,114,54,60,0,5,20,28,41,20,0,3,12,13,16,10,0,2,8,15,25,10
2017_3,겸재로36길,229,197,32,0,10,22,41,78,78,0,5,16,35,64,77,0,5,6,6,14,1
2017_3,겸재로29길,442,191,251,1,53,87,135,107,59,0,9,37,64,54,27,1,44,50,71,53,32
2017_3,휘경로3길,215,98,117,4,47,54,59,39,12,3,11,25,34,17,8,1,36,29,25,22,4
2017_3,휘경로2길,6,2,4,0,2,1,2,1,0,0,0,0,1,1,0,0,2,1,1,0,0
2017_3,휘경로23길,20,5,15,0,3,3,12,2,0,0,1,2,2,0,0,0,2,1,10,2,0
2017_3,휘경로14길,107,44,63,0,6,5,17,26,53,0,2,2,11,11,18,0,4,3,6,15,35
2017_3,한천로46길,391,129,262,2,39,68,126,105,51,2,7,28,35,34,23,0,32,40,91,71,28
2017_3,한천로40길,325,174,151,1,36,51,84,114,39,1,20,30,38,64,21,0,16,21,46,50,18
2017_3,한천로33길,76,34,42,0,10,23,12,15,16,0,4,15,6,7,2,0,6,8,6,8,14
2017_3,한천로14길,630,370,260,4,76,138,169,158,85,3,39,91,105,83,49,1,37,47,64,75,36
2017_3,천호대로97길,341,211,130,3,47,67,93,80,51,0,19,44,59,51,38,3,28,23,34,29,13
2017_3,천호대로77길,2215,1222,993,8,214,374,413,594,612,4,126,222,251,298,321,4,88,152,162,296,291
2017_3,천호대로45길,135,80,55,0,8,17,35,36,39,0,3,12,23,15,27,0,5,5,12,21,12
2017_3,천호대로17길,2318,1488,830,5,268,537,447,461,600,2,93,333,287,306,467,3,175,204,160,155,133
2017_3,천호대로12길,848,565,283,10,133,239,205,187,74,7,73,152,146,136,51,3,60,87,59,51,23
2017_3,천장산로7길,1474,897,577,0,102,375,452,407,138,0,32,169,280,301,115,0,70,206,172,106,23
2017_3,제기로5길,208,101,107,0,7,29,64,70,38,0,5,22,36,24,14,0,2,7,28,46,24
2017_3,제기로21길,218,146,72,0,24,35,75,64,20,0,10,19,56,49,12,0,14,16,19,15,8
2017_3,전농로4길,712,449,263,0,88,191,188,149,96,0,50,129,119,97,54,0,38,62,69,52,42
2017_3,전농로3길,74,35,39,1,17,10,24,17,5,0,6,7,14,6,2,1,11,3,10,11,3
2017_3,전농로29길,312,139,173,2,39,85,99,66,21,1,14,41,40,26,17,1,25,44,59,40,4
2017_3,장한로8길,825,493,332,1,85,165,235,234,105,0,32,81,149,142,89,1,53,84,86,92,16
2017_3,장한로5길,3001,2113,888,29,578,829,719,579,267,5,309,579,541,461,218,24,269,250,178,118,49
2017_3,장한로27길,158,40,118,0,48,36,24,28,22,0,7,13,10,4,6,0,41,23,14,24,16
2017_3,장한로27가길,400,187,213,0,33,64,92,147,64,0,13,36,47,70,21,0,20,28,45,77,43
2017_3,장한로26길,566,275,291,0,76,125,143,136,86,0,24,59,69,66,57,0,52,66,74,70,29
2017_3,장한로26가길,338,141,197,0,41,62,72,111,52,0,15,31,33,38,24,0,26,31,39,73,28
2017_3,장한로25길,1077,482,595,8,142,252,289,245,141,3,35,100,142,121,81,5,107,152,147,124,60
2017_3,장한로14길,185,150,35,1,6,25,43,59,51,0,2,14,31,53,50,1,4,11,12,6,1
2017_3,이문로42길,241,90,151,0,34,55,63,60,29,0,7,12,29,23,19,0,27,43,34,37,10
2017_3,왕산로43길,979,465,514,1,152,265,255,204,102,0,33,133,137,100,62,1,119,132,118,104,40
2017_3,왕산로33길,147,99,48,0,3,25,41,38,40,0,3,19,33,18,26,0,0,6,8,20,14
2017_3,왕산로32길,10,7,3,0,0,1,2,3,4,0,0,1,1,2,3,0,0,0,1,1,1
2017_3,약령시로17길,300,130,170,2,33,50,59,79,77,2,11,25,32,35,25,0,22,25,27,44,52
2017_3,서울시립대로4길,648,336,312,3,135,107,138,165,100,1,73,61,75,75,51,2,62,46,63,90,49
2017_3,서울시립대로29길,243,135,108,2,23,46,63,63,46,1,8,32,35,32,27,1,15,14,28,31,19
2017_3,서울시립대로16길,130,33,97,0,21,28,42,26,13,0,3,7,13,8,2,0,18,21,29,18,11
2017_3,사가정로2길,91,72,19,0,8,26,26,12,19,0,5,23,23,8,13,0,3,3,3,4,6
2017_3,사가정로23가길,96,58,38,0,19,28,21,11,17,0,7,21,10,8,12,0,12,7,11,3,5
2017_3,사가정로13길,266,83,183,0,37,84,71,53,21,0,10,21,24,14,14,0,27,63,47,39,7
2017_3,무학로45길,372,215,157,2,62,90,93,66,59,1,25,51,59,42,37,1,37,39,34,24,22
2017_3,무학로16길,1163,1061,102,1,82,240,387,281,172,0,59,209,358,268,167,1,23,31,29,13,5
2017_3,망우로21길,188,108,80,0,26,34,32,43,53,0,10,17,14,27,40,0,16,17,18,16,13
2017_3,망우로18길,374,134,240,0,95,109,99,50,21,0,22,29,48,23,12,0,73,80,51,27,9
2017_3,망우로18가길,68,27,41,0,11,14,19,13,11,0,2,8,7,4,6,0,9,6,12,9,5
2017_3,답십리로72길,3,2,1,0,0,0,1,2,0,0,0,0,1,1,0,0,0,0,0,1,0
2017_3,답십리로69길,925,397,528,2,153,205,229,222,114,1,46,93,92,89,76,1,107,112,137,133,38
2017_3,답십리로68길,114,76,38,0,11,18,36,28,21,0,8,14,23,15,16,0,3,4,13,13,5
2017_3,답십리로64길,337,193,144,0,49,97,90,66,35,0,20,54,58,38,23,0,29,43,32,28,12
2017_3,답십리로63길,99,57,42,0,15,26,20,30,8,0,7,14,11,18,7,0,8,12,9,12,1
2017_3,답십리로60길,12,7,5,0,2,1,3,4,2,0,1,0,3,2,1,0,1,1,0,2,1
2017_3,답십리로56길,4,4,0,0,0,2,2,0,0,0,0,2,2,0,0,0,0,0,0,0,0
2017_3,답십리로23길,9,8,1,0,0,5,1,3,0,0,0,5,1,2,0,0,0,0,0,1,0
2017_3,난계로30길,121,87,34,0,13,21,32,31,24,0,6,15,24,20,22,0,7,6,8,11,2
2017_3,경희대로3길,276,177,99,0,56,114,63,35,8,0,20,71,51,29,6,0,36,43,12,6,2
2017_3,천호대로129길,249,86,163,1,49,36,71,64,28,1,17,11,25,17,15,0,32,25,46,47,13
2017_3,천호대로123길,268,105,163,0,29,47,56,93,43,0,5,20,20,43,17,0,24,27,36,50,26
2017_3,천호대로109길,1139,628,511,2,178,317,301,233,108,0,85,182,161,128,72,2,93,135,140,105,36
2017_3,자양번영로3길,97,44,53,0,8,10,31,33,15,0,4,6,13,11,10,0,4,4,18,22,5
2017_3,자양로53길,3,0,3,0,2,0,0,1,0,0,0,0,0,0,0,0,2,0,0,1,0
2017_3,자양로50길,18,5,13,0,4,3,4,3,4,0,1,1,0,1,2,0,3,2,4,2,2
2017_3,자양로45길,572,304,268,2,96,150,160,105,59,0,28,86,102,53,35,2,68,64,58,52,24
2017_3,자양로26길,325,113,212,1,33,68,89,79,55,1,6,16,42,30,18,0,27,52,47,49,37
2017_3,자양로15길,389,245,144,0,35,89,72,89,104,0,8,52,45,62,78,0,27,37,27,27,26
2017_3,자양로11길,1423,701,722,9,264,307,351,315,177,3,72,147,203,170,106,6,192,160,148,145,71
2017_3,용마산로3길,886,503,383,1,96,214,227,222,126,0,48,124,116,121,94,1,48,90,111,101,32
2017_3,용마산로21길,146,63,83,0,23,24,38,46,15,0,9,8,15,21,10,0,14,16,23,25,5
2017_3,아차산로78길,2596,1383,1213,14,405,826,615,472,264,8,123,460,401,227,164,6,282,366,214,245,100
2017_3,아차산로65길,740,506,234,0,91,177,225,182,65,0,37,117,157,141,54,0,54,60,68,41,11
2017_3,아차산로55길,331,187,144,1,39,82,83,85,41,1,16,41,56,47,26,0,23,41,27,38,15
2017_3,아차산로51길,270,151,119,1,26,77,89,47,30,1,11,41,58,23,17,0,15,36,31,24,13
2017_3,아차산로40길,558,321,237,1,109,129,140,95,84,0,43,70,76,60,72,1,66,59,64,35,12
2017_3,면목로17길,247,160,87,0,38,45,72,53,39,0,15,19,51,44,31,0,23,26,21,9,8
2017_3,뚝섬로64길,335,178,157,0,37,59,71,91,77,0,13,20,35,48,62,0,24,39,36,43,15
2017_3,뚝섬로58길,184,58,126,0,12,38,52,58,24,0,2,8,13,23,12,0,10,30,39,35,12
2017_3,뚝섬로54길,222,152,70,0,20,43,65,64,30,0,11,27,41,51,22,0,9,16,24,13,8
2017_3,뚝섬로48길,822,356,466,4,128,183,208,191,108,4,44,82,91,75,60,0,84,101,117,116,48
2017_3,뚝섬로24길,88,26,62,0,12,12,20,37,7,0,3,3,3,12,5,0,9,9,17,25,2
2017_3,뚝섬로23길,120,70,50,0,10,23,32,35,20,0,5,11,15,23,16,0,5,12,17,12,4
2017_3,동일로24길,8,2,6,0,1,2,1,3,1,0,1,0,0,0,1,0,0,2,1,3,0
2017_3,동일로18길,172,69,103,1,31,33,50,38,19,0,9,12,18,18,12,1,22,21,32,20,7
2017_3,능동로4길,239,97,142,0,42,47,54,53,43,0,9,13,24,25,26,0,33,34,30,28,17
2017_3,능동로3길,233,113,120,1,41,35,56,52,48,0,19,17,23,23,31,1,22,18,33,29,17
2017_3,능동로34길,948,507,441,0,122,218,236,218,154,0,45,118,127,107,110,0,77,100,109,111,44
2017_3,능동로19길,326,197,129,1,46,82,87,73,37,1,24,55,51,35,31,0,22,27,36,38,6
2017_3,능동로13길,369,124,245,0,43,69,79,101,77,0,12,23,34,31,24,0,31,46,45,70,53
2017_3,긴고랑로9길,48,25,23,1,5,13,15,7,7,0,2,10,8,3,2,1,3,3,7,4,5
2017_3,긴고랑로8길,206,182,24,0,5,17,35,73,76,0,1,13,24,69,75,0,4,4,11,4,1
2017_3,긴고랑로7길,525,255,270,0,43,122,158,139,63,0,12,66,78,70,29,0,31,56,80,69,34
2017_3,긴고랑로20길,531,248,283,0,56,120,164,118,73,0,13,63,76,60,36,0,43,57,88,58,37
2017_3,광나루로52길,1980,995,985,20,255,281,261,445,718,16,140,149,137,193,360,4,115,132,124,252,358
2017_3,광나루로40길,100,50,50,0,19,26,29,16,10,0,2,11,19,11,7,0,17,15,10,5,3
2017_3,광나루로37길,281,169,112,0,41,65,81,63,31,0,18,31,52,44,24,0,23,34,29,19,7
2017_3,광나루로36길,44,26,18,0,6,11,11,12,4,0,3,8,8,6,1,0,3,3,3,6,3
2017_3,광나루로24길,57,30,27,0,13,17,10,8,9,0,4,10,5,5,6,0,9,7,5,3,3
2017_3,광나루로12길,1017,565,452,4,192,288,267,183,83,4,92,182,144,84,59,0,100,106,123,99,24
2017_3,한림말길,61,33,28,1,6,13,23,10,8,0,2,3,17,6,5,1,4,10,6,4,3
2017_3,청계천로10나길,1802,1075,727,5,252,496,434,369,246,2,137,319,291,182,144,3,115,177,143,187,102
2017_3,장터길,44,13,31,0,9,12,6,10,7,0,0,4,2,3,4,0,9,8,4,7,3
2017_3,용답중앙길,89,49,40,0,5,26,28,16,14,0,3,14,19,8,5,0,2,12,9,8,9
2017_3,용답29길,1788,921,867,2,189,361,509,422,305,1,97,212,214,203,194,1,92,149,295,219,111
2017_3,왕십리로6길,1411,768,643,4,175,391,400,322,119,1,68,223,215,175,86,3,107,168,185,147,33
2017_3,왕십리로31길,100,47,53,0,8,30,24,20,18,0,2,7,10,12,16,0,6,23,14,8,2
2017_3,왕십리로26길,3994,2614,1380,5,910,854,986,763,476,2,408,606,731,536,331,3,502,248,255,227,145
2017_3,왕십리로21길,169,53,116,1,25,40,43,41,19,0,1,6,17,21,8,1,24,34,26,20,11
2017_3,왕십리로14길,2712,1949,763,7,322,537,655,717,474,5,160,389,495,512,388,2,162,148,160,205,86
2017_3,아차산로5길,2268,1508,760,6,313,561,632,531,225,6,175,385,427,352,163,0,138,176,205,179,62
2017_3,아차산로15길,4290,3038,1252,17,668,1174,1168,830,433,11,352,851,856,599,369,6,316,323,312,231,64
2017_3,아차산로11길,3653,2344,1309,7,602,933,971,753,387,3,271,638,676,464,292,4,331,295,295,289,95
2017_3,송정4가길,1103,483,620,6,159,339,315,174,110,2,54,159,132,70,66,4,105,180,183,104,44
2017_3,송정12라길,293,182,111,0,31,78,78,54,52,0,8,40,46,41,47,0,23,38,32,13,5
2017_3,성수일로6길,2636,1647,989,8,413,728,656,495,336,5,191,451,458,337,205,3,222,277,198,158,131
2017_3,성수이로7길,491,290,201,1,61,119,115,81,114,0,32,70,81,55,52,1,29,49,34,26,62
2017_3,성수이로18길,2242,1539,703,12,306,587,647,519,171,10,153,388,467,383,138,2,153,199,180,136,33
2017_3,성덕정길,902,498,404,5,161,220,231,208,77,1,34,126,134,145,58,4,127,94,97,63,19
2017_3,성덕정17길,234,130,104,0,24,52,51,72,35,0,8,29,29,40,24,0,16,23,22,32,11
2017_3,서울숲2길,1277,726,551,4,179,277,324,306,187,0,70,158,191,171,136,4,109,119,133,135,51
2017_3,상원길,1698,1102,596,5,228,543,478,287,157,4,84,381,331,195,107,1,144,162,147,92,50
2017_3,상원12길,181,109,72,3,30,43,54,38,13,0,15,27,33,24,10,3,15,16,21,14,3
2017_3,사근동길,30,16,14,0,3,11,9,4,3,0,2,4,6,2,2,0,1,7,3,2,1
2017_3,무학봉길,4,2,2,0,0,2,1,1,0,0,0,0,1,1,0,0,0,2,0,0,0
2017_3,무학봉28길,152,70,82,2,24,28,43,35,20,0,9,7,20,22,12,2,15,21,23,13,8
2017_3,무학로6길,378,224,154,0,29,73,113,97,66,0,10,48,66,60,40,0,19,25,47,37,26
2017_3,무수막길,128,59,69,0,27,34,21,29,17,0,8,21,8,11,11,0,19,13,13,18,6
2017_3,매봉길,8,5,3,0,1,1,2,2,2,0,1,1,0,2,1,0,0,0,2,0,1
2017_3,마조로1길,203,74,129,0,28,45,66,52,12,0,7,14,25,18,10,0,21,31,41,34,2
2017_3,마조로16길,822,573,249,2,75,143,212,259,131,0,36,85,150,191,111,2,39,58,62,68,20
2017_3,마장로39길,86,37,49,0,6,14,38,24,4,0,3,9,14,8,3,0,3,5,24,16,1
2017_3,마장로27길,87,28,59,0,16,23,24,18,6,0,3,5,6,9,5,0,13,18,18,9,1
2017_3,둘레9길,409,240,169,0,51,99,117,98,44,0,30,52,69,56,33,0,21,47,48,42,11
2017_3,금호산길,431,153,278,0,71,98,110,107,45,0,18,40,34,38,23,0,53,58,76,69,22
2017_3,금호산2길,38,16,22,0,4,6,15,10,3,0,0,3,3,8,2,0,4,3,12,2,1
2017_3,고산자로6길,14354,5859,8495,70,1827,3757,4568,3673,459,16,801,1997,1964,740,341,54,1026,1760,2604,2933,118
2017_3,후암로28길,202,91,111,0,44,40,55,52,11,0,14,17,32,21,7,0,30,23,23,31,4
2017_3,효창원로39길,51,27,24,0,5,10,18,16,2,0,1,8,11,6,1,0,4,2,7,10,1
2017_3,회나무로13길,54,30,24,0,20,17,8,7,2,0,12,8,7,2,1,0,8,9,1,5,1
2017_3,한남대로20길,758,419,339,0,145,261,190,90,72,0,55,153,106,56,49,0,90,108,84,34,23
2017_3,한강대로7길,536,351,185,5,64,105,116,86,160,5,41,81,90,51,83,0,23,24,26,35,77
2017_3,한강대로62길,728,498,230,1,125,162,164,169,107,0,86,112,115,106,79,1,39,50,49,63,28
2017_3,한강대로52길,1095,697,398,2,208,354,262,176,93,0,85,213,183,139,77,2,123,141,79,37,16
2017_3,한강대로43길,5963,3777,2186,7,819,1542,1639,1217,739,3,377,974,1153,779,491,4,442,568,486,438,248
2017_3,한강대로15길,1745,351,1394,11,856,598,138,86,56,0,72,102,73,63,41,11,784,496,65,23,15
2017_3,한강대로104길,5661,3923,1738,20,801,1718,1659,977,486,1,324,1185,1297,792,324,19,477,533,362,185,162
2017_3,청파로73길,1163,639,524,2,121,344,328,229,139,0,56,148,153,159,123,2,65,196,175,70,16
2017_3,청파로71길,234,116,118,0,25,51,76,63,19,0,6,20,30,45,15,0,19,31,46,18,4
2017_3,청파로47나길,173,96,77,0,24,42,44,32,31,0,5,25,30,16,20,0,19,17,14,16,11
2017_3,청파로47길,937,430,507,3,131,248,249,211,95,0,56,105,118,91,60,3,75,143,131,120,35
2017_3,장문로45길,44,9,35,0,7,14,11,9,3,0,1,3,3,2,0,0,6,11,8,7,3
2017_3,이태원로54길,2194,1083,1111,17,582,697,501,319,78,12,270,445,236,72,48,5,312,252,265,247,30
2017_3,이태원로27길,603,348,255,5,230,175,87,65,41,2,130,111,48,36,21,3,100,64,39,29,20
2017_3,이촌로22길,219,132,87,0,25,42,56,52,44,0,12,25,33,31,31,0,13,17,23,21,13
2017_3,원효로89길,907,735,172,0,148,360,210,141,48,0,96,293,181,124,41,0,52,67,29,17,7
2017_3,원효로53길,732,444,288,1,87,181,214,157,92,1,46,115,137,90,55,0,41,66,77,67,37
2017_3,원효로41길,1524,1059,465,9,213,535,436,225,106,5,129,396,333,127,69,4,84,139,103,98,37
2017_3,원효로19길,995,689,306,0,135,346,294,138,82,0,73,249,224,87,56,0,62,97,70,51,26
2017_3,우사단로4길,180,128,52,0,13,23,42,58,44,0,3,8,23,52,42,0,10,15,19,6,2
2017_3,우사단로14길,1768,874,894,0,285,788,488,142,65,0,71,361,339,85,18,0,214,427,149,57,47
2017_3,우사단로10길,80,35,45,0,11,19,16,24,10,0,1,7,5,16,6,0,10,12,11,8,4
2017_3,신흥로20길,142,78,64,0,24,34,45,19,20,0,13,16,28,6,15,0,11,18,17,13,5
2017_3,소월로20길,127,38,89,0,26,32,30,24,15,0,2,7,4,12,13,0,24,25,26,12,2
2017_3,서빙고로71길,468,293,175,0,39,110,127,106,86,0,15,54,57,92,75,0,24,56,70,14,11
2017_3,백범로90길,284,175,109,0,24,61,74,74,51,0,11,36,48,44,36,0,13,25,26,30,15
2017_3,백범로79길,1045,643,402,0,120,271,216,289,149,0,33,161,161,183,105,0,87,110,55,106,44
2017_3,두텁바위로1길,2325,1307,1018,16,379,682,627,392,229,7,123,337,368,285,187,9,256,345,259,107,42
2017_3,대사관로34길,278,144,134,0,46,73,63,62,34,0,18,39,28,39,20,0,28,34,35,23,14
2017_3,녹사평대로46길,65,41,24,0,25,28,7,3,2,0,18,17,4,1,1,0,7,11,3,2,1
2017_3,녹사평대로40나길,54,29,25,0,18,13,8,11,4,0,8,10,3,4,4,0,10,3,5,7,0
2017_3,녹사평대로32길,285,153,132,1,50,73,63,45,53,0,28,43,28,19,35,1,22,30,35,26,18
2017_3,녹사평대로26길,2050,1124,926,1,174,523,513,587,252,0,54,213,258,430,169,1,120,310,255,157,83
2017_3,녹사평대로11길,300,203,97,0,48,89,101,46,16,0,30,52,74,34,13,0,18,37,27,12,3
2017_3,퇴계로90길,588,220,368,3,74,141,140,146,84,3,23,50,63,40,41,0,51,91,77,106,43
2017_3,퇴계로8길,2402,1277,1125,6,422,777,618,375,204,2,117,437,359,208,154,4,305,340,259,167,50
2017_3,퇴계로56길,1049,830,219,1,115,395,327,152,59,0,67,319,281,124,39,1,48,76,46,28,20
2017_3,퇴계로46길,1988,834,1154,6,341,575,527,383,156,2,51,197,223,239,122,4,290,378,304,144,34
2017_3,퇴계로18길,2984,1327,1657,11,547,806,695,562,363,2,165,420,353,218,169,9,382,386,342,344,194
2017_3,퇴계로12길,950,439,511,2,162,213,204,248,121,0,36,90,100,137,76,2,126,123,104,111,45
2017_3,청구로1길,228,92,136,0,60,44,62,50,12,0,16,23,27,19,7,0,44,21,35,31,5
2017_3,청구로17길,1671,761,910,0,392,613,353,203,110,0,54,259,199,158,91,0,338,354,154,45,19
2017_3,장충단로8길,3477,1225,2252,32,1603,801,485,294,262,8,442,282,205,152,136,24,1161,519,280,142,126
2017_3,삼일대로4길,1013,602,411,3,171,286,250,167,136,0,69,155,171,106,101,3,102,131,79,61,35
2017_3,명동길,36746,18217,18529,99,5674,13795,10498,5263,1417,27,1862,6137,5686,3572,933,72,3812,7658,4812,1691,484
2017_3,동호로20길,805,305,500,9,240,229,152,122,53,3,79,77,62,51,33,6,161,152,90,71,20
2017_3,동호로15길,4224,2196,2028,10,1645,1414,766,277,112,3,594,794,546,190,69,7,1051,620,220,87,43
2017_3,동호로11길,15,9,6,0,0,2,6,5,2,0,0,1,4,3,1,0,0,1,2,2,1
2017_3,동호로10길,1536,670,866,8,326,428,344,293,137,2,80,191,178,148,71,6,246,237,166,145,66
2017_3,다산로39길,1230,680,550,0,136,281,316,342,155,0,68,177,176,183,76,0,68,104,140,159,79
2017_3,다산로38길,1583,763,820,7,487,463,331,205,90,2,163,233,188,119,58,5,324,230,143,86,32
2017_3,다산로36길,76,45,31,0,21,18,13,18,6,0,13,9,7,12,4,0,8,9,6,6,2
2017_3,다산로33길,446,207,239,3,85,86,134,95,43,2,42,41,56,39,27,1,43,45,78,56,16
2017_3,난계로21길,240,166,74,1,22,50,93,59,15,0,12,32,71,39,12,1,10,18,22,20,3
2017_3,난계로11길,1679,1034,645,4,356,429,365,315,210,0,182,270,247,188,147,4,174,159,118,127,63
2017_3,필운대로1길,5,1,4,0,0,4,1,0,0,0,0,1,0,0,0,0,0,3,1,0,0
2017_3,평창길,183,93,90,0,27,41,46,44,25,0,10,22,31,14,16,0,17,19,15,30,9
2017_3,통일로12길,244,100,144,0,21,57,68,82,16,0,3,19,31,37,10,0,18,38,37,45,6
2017_3,창신길,264,70,194,0,32,34,48,86,64,0,7,15,16,21,11,0,25,19,32,65,53
2017_3,창신5길,8,3,5,0,0,1,3,2,2,0,0,0,1,1,1,0,0,1,2,1,1
2017_3,창신2길,63,31,32,0,2,9,12,31,9,0,1,7,7,12,4,0,1,2,5,19,5
2017_3,창경궁로35길,1338,358,980,9,373,342,392,176,46,1,32,92,123,79,31,8,341,250,269,97,15
2017_3,지봉로8길,175,94,81,0,25,43,52,43,12,0,10,26,24,27,7,0,15,17,28,16,5
2017_3,종로65길,577,260,317,2,73,113,153,124,112,1,28,49,71,44,67,1,45,64,82,80,45
2017_3,자하문로7길,531,326,205,0,82,161,154,75,59,0,45,95,99,46,41,0,37,66,55,29,18
2017_3,이화장길,1887,915,972,0,261,539,535,398,154,0,80,203,282,256,94,0,181,336,253,142,60
2017_3,율곡로16길,99,87,12,0,11,25,25,27,11,0,7,24,24,23,9,0,4,1,1,4,2
2017_3,율곡로10길,2269,1674,595,6,311,724,648,363,217,4,184,543,520,256,167,2,127,181,128,107,50
2017_3,옥인길,460,195,265,0,71,112,138,114,25,0,12,39,78,55,11,0,59,73,60,59,14
2017_3,숭인동길,17,7,10,0,3,0,5,7,2,0,0,0,3,3,1,0,3,0,2,4,1
2017_3,성균관로5길,138,83,55,0,9,7,12,21,89,0,3,3,4,7,66,0,6,4,8,14,23
2017_3,삼청로5길,407,132,275,2,106,95,85,75,44,1,24,24,32,31,20,1,82,71,53,44,24
2017_3,북촌로5나길,1639,1129,510,0,138,512,563,368,58,0,59,338,417,282,33,0,79,174,146,86,25
2017_3,북촌로5길,61,31,30,0,6,21,9,14,11,0,1,15,4,5,6,0,5,6,5,9,5
2017_3,북촌로11길,19,10,9,0,4,5,3,3,4,0,0,2,2,3,3,0,4,3,1,0,1
2017_3,백석동길,122,68,54,0,21,30,25,24,22,0,6,13,16,15,18,0,15,17,9,9,4
2017_3,명륜길,16,9,7,0,3,8,2,2,1,0,3,5,1,0,0,0,0,3,1,2,1
2017_3,돈화문로11가길,1100,606,494,0,172,290,285,205,148,0,57,137,172,129,111,0,115,153,113,76,37
2017_3,계동길,840,360,480,4,177,261,183,157,58,1,46,100,88,85,40,3,131,161,95,72,18
2017_2,강남 마이스 관광특구,22266,12751,9515,104,5474,7625,5606,2673,784,35,1748,4351,4049,2030,538,69,3726,3274,1557,643,246
2017_2,잠실 관광특구,28736,16766,11970,251,5545,7417,6411,5927,3185,93,2702,4757,3867,3380,1967,158,2843,2660,2544,2547,1218
2017_2,종로·청계 관광특구,30736,18590,12146,52,4528,9613,8626,6065,1852,18,1716,5080,5906,4644,1226,34,2812,4533,2720,1421,626
2017_2,동대문패션타운 관광특구,10063,5731,4332,38,2248,3140,2276,1556,805,18,1176,1806,1365,875,491,20,1072,1334,911,681,314
2017_2,명동 남대문 북창동 다동 무교동 관광특구,168048,85325,82723,769,35558,57305,45352,22444,6620,190,11017,26128,27721,15896,4373,579,24541,31177,17631,6548,2247
2017_2,이태원 관광특구,5614,3181,2433,42,1381,1628,1096,948,519,21,672,953,604,615,316,21,709,675,492,333,203
2017_2,길동복조리시장,475,297,178,2,35,89,134,112,103,2,18,60,84,65,68,0,17,29,50,47,35
2017_2,둔촌역전통시장,163,82,81,1,11,33,33,55,30,0,2,14,17,28,21,1,9,19,16,27,9
2017_2,성내골목시장,7,2,5,0,0,1,4,1,1,0,0,1,1,0,0,0,0,0,3,1,1
2017_2,천호시장,24,12,12,0,5,9,5,5,0,0,3,6,1,2,0,0,2,3,4,3,0
2017_2,암사종합시장,731,338,393,0,30,67,82,109,443,0,12,38,41,40,207,0,18,29,41,69,236
2017_2,고덕전통시장,388,374,14,0,2,12,45,140,189,0,1,9,39,137,188,0,1,3,6,3,1
2017_2,명일골목시장,441,162,279,0,11,21,66,131,212,0,4,12,17,27,102,0,7,9,49,104,110
2017_2,새마을시장,382,213,169,1,45,93,121,68,54,0,28,58,67,26,34,1,17,35,54,42,20
2017_2,석촌시장,195,126,69,0,23,26,69,45,32,0,14,16,48,24,24,0,9,10,21,21,8
2017_2,방이시장,647,406,241,2,88,205,167,137,48,2,63,166,112,41,22,0,25,39,55,96,26
2017_2,마천시장,258,70,188,0,21,43,69,66,59,0,5,15,21,17,12,0,16,28,48,49,47
2017_2,풍납시장,17,5,12,0,3,4,3,6,1,0,0,2,1,1,1,0,3,2,2,5,0
2017_2,강남개포시장,38,31,7,0,0,2,7,11,18,0,0,1,3,9,18,0,0,1,4,2,0
2017_2,도곡시장,497,215,282,3,70,113,143,108,60,0,18,56,59,45,37,3,52,57,84,63,23
2017_2,영동전통시장,3031,2212,819,10,448,786,896,589,302,5,258,583,743,420,203,5,190,203,153,169,99
2017_2,미성동도깨비시장,411,176,235,2,62,87,130,107,23,0,21,46,57,39,13,2,41,41,73,68,10
2017_2,신신림시장,2,2,0,0,0,0,2,0,0,0,0,0,2,0,0,0,0,0,0,0,0
2017_2,삼성동시장,99,44,55,0,13,25,18,26,17,0,3,12,6,12,11,0,10,13,12,14,6
2017_2,신림중앙시장,14,9,5,0,0,4,4,2,4,0,0,2,4,1,2,0,0,2,0,1,2
2017_2,강남골목시장,282,129,153,1,27,57,71,78,48,0,11,35,29,26,28,1,16,22,42,52,20
2017_2,관악신사시장,291,217,74,0,30,39,55,96,71,0,13,30,39,75,60,0,17,9,16,21,11
2017_2,신원시장,354,144,210,0,38,68,86,88,74,0,14,38,34,32,26,0,24,30,52,56,48
2017_2,인헌시장,205,90,115,0,39,61,47,37,21,0,12,32,24,13,9,0,27,29,23,24,12
2017_2,봉천현대시장,7,4,3,0,0,0,1,2,4,0,0,0,1,1,2,0,0,0,0,1,2
2017_2,봉천제일종합시장,47,24,23,0,3,8,11,17,8,0,1,4,5,7,7,0,2,4,6,10,1
2017_2,낙성대시장,22,13,9,1,2,5,4,6,4,1,1,1,4,4,2,0,1,4,0,2,2
2017_2,중부시장,193,60,133,0,23,30,40,49,51,0,9,7,14,17,13,0,14,23,26,32,38
2017_2,남성역골목시장,541,249,292,0,69,117,130,133,92,0,23,44,64,65,53,0,46,73,66,68,39
2017_2,남성사계시장,1933,865,1068,9,261,385,435,450,393,2,65,184,232,185,197,7,196,201,203,265,196
2017_2,흑석시장,181,72,109,1,15,51,51,38,25,0,3,14,14,18,23,1,12,37,37,20,2
2017_2,상도4동도깨비골목시장,322,78,244,0,70,68,75,73,36,0,16,17,20,11,14,0,54,51,55,62,22
2017_2,영도시장,70,30,40,0,14,10,20,17,9,0,3,3,11,8,5,0,11,7,9,9,4
2017_2,본동인정시장,110,55,55,0,4,27,29,24,26,0,0,12,12,12,19,0,4,15,17,12,7
2017_2,대림중앙시장,22,10,12,0,4,5,6,4,3,0,0,2,3,2,3,0,4,3,3,2,0
2017_2,우리시장,15,7,8,0,1,2,2,9,1,0,0,0,0,6,1,0,1,2,2,3,0
2017_2,영진시장A동,55,44,11,1,1,22,7,15,9,0,1,19,5,12,7,1,0,3,2,3,2
2017_2,사러가시장,27,7,20,0,7,7,10,2,1,0,2,1,3,1,0,0,5,6,7,1,1
2017_2,영등포청과시장,190,128,62,1,22,57,57,38,15,0,11,38,45,27,7,1,11,19,12,11,8
2017_2,영등포전통시장,3950,2016,1934,26,616,1410,1029,551,318,3,187,640,591,382,213,23,429,770,438,169,105
2017_2,은행나무시장,42,9,33,0,2,8,13,10,9,0,0,0,2,3,4,0,2,8,11,7,5
2017_2,현대시장,52,16,36,0,5,9,25,9,4,0,2,2,7,2,3,0,3,7,18,7,1
2017_2,남문시장,258,103,155,1,26,31,77,93,30,0,4,8,33,40,18,1,22,23,44,53,12
2017_2,독산동 우시장,153,57,96,0,10,24,66,37,16,0,4,12,17,16,8,0,6,12,49,21,8
2017_2,개봉중앙시장,5,2,3,0,0,0,0,3,2,0,0,0,0,1,1,0,0,0,0,2,1
2017_2,가리봉시장,25,18,7,0,2,2,10,6,5,0,1,1,8,4,4,0,1,1,2,2,1
2017_2,남구로시장,12,2,10,0,0,0,2,5,5,0,0,0,0,2,0,0,0,0,2,3,5
2017_2,구로시장,61,23,38,0,9,19,19,10,4,0,2,6,8,4,3,0,7,13,11,6,1
2017_2,방신전통시장,134,115,19,0,1,14,23,56,40,0,1,9,17,50,38,0,0,5,6,6,2
2017_2,송화골목시장,533,197,336,6,89,94,158,136,50,2,22,46,57,35,35,4,67,48,101,101,15
2017_2,까치산시장,42,27,15,0,3,11,21,7,0,0,0,9,14,4,0,0,3,2,7,3,0
2017_2,남부골목시장,204,88,116,0,27,43,65,46,23,0,3,20,30,24,11,0,24,23,35,22,12
2017_2,화곡중앙골목시장,2,2,0,0,0,1,0,0,1,0,0,1,0,0,1,0,0,0,0,0,0
2017_2,등마루시장,884,506,378,53,296,163,138,108,126,41,200,98,70,42,55,12,96,65,68,66,71
2017_2,신정3동골목시장,202,99,103,0,25,43,48,47,39,0,6,23,18,28,24,0,19,20,30,19,15
2017_2,신정2동골목시장,6,5,1,0,0,1,4,1,0,0,0,0,4,1,0,0,0,1,0,0,0
2017_2,신월6동골목시장,234,112,122,0,39,48,63,44,40,0,14,27,31,15,25,0,25,21,32,29,15
2017_2,신곡종합시장,9,7,2,0,0,0,3,2,4,0,0,0,2,1,4,0,0,0,1,1,0
2017_2,신월3동골목시장,53,14,39,0,8,6,17,19,3,0,1,3,5,4,1,0,7,3,12,15,2
2017_2,경창시장,207,94,113,0,9,30,58,57,53,0,4,19,33,22,16,0,5,11,25,35,37
2017_2,월정로시장,118,65,53,0,9,27,30,33,19,0,3,16,17,16,13,0,6,11,13,17,6
2017_2,신영시장,45,22,23,0,0,13,19,10,3,0,0,8,8,4,2,0,0,5,11,6,1
2017_2,목4동시장,239,86,153,0,26,41,80,54,38,0,7,16,16,21,26,0,19,25,64,33,12
2017_2,목3동시장,718,350,368,3,94,183,195,166,77,1,24,94,110,76,45,2,70,89,85,90,32
2017_2,목2동시장,238,109,129,1,34,51,75,62,15,1,5,27,40,27,9,0,29,24,35,35,6
2017_2,마포농수산물시장,490,314,176,0,23,52,119,177,119,0,14,32,84,105,79,0,9,20,35,72,40
2017_2,망원월드컵시장,13,8,5,0,0,1,6,3,3,0,0,1,3,3,1,0,0,0,3,0,2
2017_2,망원시장,38,19,19,0,6,7,3,18,4,0,3,5,2,7,2,0,3,2,1,11,2
2017_2,신수시장,119,83,36,1,11,35,42,14,16,0,4,22,31,11,15,1,7,13,11,3,1
2017_2,아현시장,25,4,21,0,4,8,7,5,1,0,0,2,1,1,0,0,4,6,6,4,1
2017_2,대림골목시장,363,130,233,0,45,73,119,90,36,0,15,28,45,24,18,0,30,45,74,66,18
2017_2,상계중앙시장,31,17,14,0,6,8,8,8,1,0,5,4,4,4,0,0,1,4,4,4,1
2017_2,방학동도깨비시장,153,62,91,0,24,31,43,27,28,0,17,15,16,7,7,0,7,16,27,20,21
2017_2,쌍문역골목시장,75,36,39,0,8,19,24,14,10,0,2,10,12,7,5,0,6,9,12,7,5
2017_2,신도봉시장,28,17,11,0,2,3,10,11,2,0,2,2,7,5,1,0,0,1,3,6,1
2017_2,창동신창시장,150,68,82,0,14,24,43,38,31,0,3,10,18,18,19,0,11,14,25,20,12
2017_2,수유북부시장,11,5,6,0,1,4,2,1,3,0,0,4,1,0,0,0,1,0,1,1,3
2017_2,장미원골목시장,68,44,24,0,12,15,14,18,9,0,7,9,8,14,6,0,5,6,6,4,3
2017_2,수유중앙시장,124,68,56,1,9,34,35,24,21,0,5,17,21,13,12,1,4,17,14,11,9
2017_2,강북종합시장,69,29,40,0,9,10,25,16,9,0,2,6,9,8,4,0,7,4,16,8,5
2017_2,우이시장,158,62,96,1,15,37,43,44,18,0,6,18,13,14,11,1,9,19,30,30,7
2017_2,수유전통시장,438,131,307,0,42,68,85,139,104,0,9,16,23,35,48,0,33,52,62,104,56
2017_2,번동북부골목시장,82,46,36,1,10,13,28,18,12,1,3,7,16,12,7,0,7,6,12,6,5
2017_2,솔샘시장,112,47,65,1,14,27,44,20,6,1,1,15,20,6,4,0,13,12,24,14,2
2017_2,방천골목시장,71,27,44,0,9,15,19,21,7,0,1,3,8,9,6,0,8,12,11,12,1
2017_2,석관황금시장,71,28,43,0,2,9,21,18,21,0,1,4,10,4,9,0,1,5,11,14,12
2017_2,장위전통시장,182,73,109,0,13,45,59,41,24,0,3,16,21,16,17,0,10,29,38,25,7
2017_2,정릉시장,33,12,21,0,6,9,10,3,5,0,1,5,2,1,3,0,5,4,8,2,2
2017_2,정릉아리랑시장,2,1,1,0,0,0,0,2,0,0,0,0,0,1,0,0,0,0,0,1,0
2017_2,돈암제일시장,59,21,38,1,9,13,16,11,9,1,0,6,4,5,5,0,9,7,12,6,4
2017_2,우림골목시장,214,106,108,0,20,24,54,54,62,0,4,8,27,28,39,0,16,16,27,26,23
2017_2,묵1동도깨비시장,264,115,149,1,36,47,71,85,24,0,9,28,28,40,10,1,27,19,43,45,14
2017_2,태능시장,4,3,1,0,1,2,1,0,0,0,0,2,1,0,0,0,1,0,0,0,0
2017_2,중화제일시장,24,1,23,0,7,3,5,7,2,0,0,0,0,1,0,0,7,3,5,6,2
2017_2,사가정시장,248,185,63,0,22,20,49,86,71,0,3,9,33,74,66,0,19,11,16,12,5
2017_2,동원시장,80,32,48,0,12,20,24,18,6,0,2,8,9,9,4,0,10,12,15,9,2
2017_2,동부골목시장,92,34,58,0,22,22,12,19,17,0,5,5,2,9,13,0,17,17,10,10,4
2017_2,회기시장,122,50,72,0,18,32,34,23,15,0,6,12,16,6,10,0,12,20,18,17,5
2017_2,답십리시장,28,9,19,0,2,6,10,10,0,0,1,1,5,2,0,0,1,5,5,8,0
2017_2,답십리현대시장,91,69,22,0,10,20,31,17,13,0,6,18,22,10,13,0,4,2,9,7,0
2017_2,청량리종합시장,15,12,3,0,1,5,3,2,4,0,1,3,3,1,4,0,0,2,0,1,0
2017_2,청량리농수산물시장,20,16,4,0,0,4,4,8,4,0,0,4,4,5,3,0,0,0,0,3,1
2017_2,서울약령시장,1362,816,546,1,121,237,353,406,244,0,56,137,210,252,161,1,65,100,143,154,83
2017_2,청량리수산시장,224,110,114,1,44,60,49,32,38,0,10,29,24,17,30,1,34,31,25,15,8
2017_2,구의시장,99,57,42,0,14,16,27,31,11,0,2,11,15,19,10,0,12,5,12,12,1
2017_2,조양시장,90,44,46,0,7,17,30,22,14,0,2,6,12,11,13,0,5,11,18,11,1
2017_2,영동교골목시장,16,11,5,0,1,5,4,2,4,0,0,5,3,1,2,0,1,0,1,1,2
2017_2,능동로골목시장,189,156,33,0,6,12,8,18,145,0,1,8,1,9,137,0,5,4,7,9,8
2017_2,자양골목시장,95,50,45,0,7,11,32,31,14,0,1,6,17,17,9,0,6,5,15,14,5
2017_2,중곡제일시장,118,70,48,2,10,23,31,34,18,0,6,14,16,21,13,2,4,9,15,13,5
2017_2,한아름시장,137,80,57,0,34,35,33,27,8,0,20,25,22,10,3,0,14,10,11,17,5
2017_2,성동용답상가시장,286,137,149,3,40,71,73,59,40,0,9,33,34,31,30,3,31,38,39,28,10
2017_2,뚝도시장,36,13,23,0,6,6,10,9,5,0,1,4,3,3,2,0,5,2,7,6,3
2017_2,금남시장,20,12,8,0,2,5,1,5,7,0,1,4,1,1,5,0,1,1,0,4,2
2017_2,행당시장,226,118,108,2,44,50,71,44,15,1,13,27,45,21,11,1,31,23,26,23,4
2017_2,마장축산물시장,1519,1028,491,2,160,401,444,319,193,2,105,287,303,207,124,0,55,114,141,112,69
2017_2,용문전통시장,38,22,16,0,2,8,12,11,5,0,1,6,6,6,3,0,1,2,6,5,2
2017_2,후암시장,51,20,31,0,0,10,11,18,12,0,0,6,5,3,6,0,0,4,6,15,6
2017_2,합동(새벽)시장,2312,1324,988,2,340,686,583,371,330,0,97,285,342,292,308,2,243,401,241,79,22
2017_2,서울중앙시장,252,172,80,1,22,72,61,69,27,1,11,51,40,48,21,0,11,21,21,21,6
2017_2,백학시장,466,241,225,1,77,133,116,106,33,0,31,74,65,48,23,1,46,59,51,58,10
2017_2,약수시장,1750,712,1038,5,270,416,431,342,286,0,68,161,178,141,164,5,202,255,253,201,122
2017_2,청평화시장,3103,1906,1197,3,825,1204,763,221,87,2,532,715,511,101,45,1,293,489,252,120,42
2017_2,제일평화시장,538,320,218,0,90,165,116,95,72,0,43,99,70,57,51,0,47,66,46,38,21
2017_2,남평화시장,185,111,74,0,16,36,34,74,25,0,6,20,23,46,16,0,10,16,11,28,9
2017_2,방산종합시장,1856,1184,672,4,165,407,506,490,284,3,94,283,294,306,204,1,71,124,212,184,80
2017_2,인현시장,1128,719,409,1,77,199,322,346,183,1,34,110,202,235,137,0,43,89,120,111,46
2017_2,신중부시장,2430,1616,814,8,198,477,720,617,410,4,94,323,473,418,304,4,104,154,247,199,106
2017_2,남대문시장,7180,3721,3459,49,1179,2775,1833,899,445,6,373,1399,1041,587,315,43,806,1376,792,312,130
2017_2,동묘시장,937,588,349,4,133,214,233,229,124,2,45,132,160,157,92,2,88,82,73,72,32
2017_2,창신골목시장,239,125,114,0,19,110,51,45,14,0,8,48,31,27,11,0,11,62,20,18,3
2017_2,충신시장,329,203,126,0,50,94,80,68,37,0,20,60,45,47,31,0,30,34,35,21,6
2017_2,종로신진시장,35,14,21,0,1,2,11,9,12,0,0,0,4,2,8,0,1,2,7,7,4
2017_2,동대문종합시장,329,178,151,0,68,78,85,58,40,0,27,42,52,34,23,0,41,36,33,24,17
2017_2,광장시장,193,143,50,0,14,36,36,65,42,0,6,30,27,45,35,0,8,6,9,20,7
2017_2,서울 노원구 노원역_3,797,334,463,10,242,130,170,153,92,7,94,67,64,51,51,3,148,63,106,102,41
2017_2,서울 노원구 노원역_1,988,302,686,8,329,255,197,133,66,4,54,89,72,53,30,4,275,166,125,80,36
2017_2,창동역,2408,1553,855,2,266,442,668,648,382,1,104,253,442,473,280,1,162,189,226,175,102
2017_2,서울 강북구 수유역_3,66,30,36,0,7,12,16,23,8,0,3,5,8,9,5,0,4,7,8,14,3
2017_2,서울 강북구 수유역_2,4125,2117,2008,9,463,918,976,1048,711,3,150,426,491,652,395,6,313,492,485,396,316
2017_2,서울 강북구 수유역_1,117,96,21,0,7,29,38,24,19,0,5,26,28,19,18,0,2,3,10,5,1
2017_2,서울 은평구 연신내역_3,638,191,447,0,153,134,153,125,73,0,32,38,46,47,28,0,121,96,107,78,45
2017_2,서울 은평구 연신내역_2,413,176,237,2,94,99,94,73,51,1,36,45,41,26,27,1,58,54,53,47,24
2017_2,서울 은평구 연신내역_1,87,35,52,1,22,19,12,19,14,0,5,8,7,8,7,1,17,11,5,11,7
2017_2,서울 성북구 미아삼거리역_2,514,212,302,0,97,123,153,105,36,0,18,46,73,55,20,0,79,77,80,50,16
2017_2,서울 강북구 미아삼거리역_1,520,189,331,2,133,131,102,80,72,2,34,42,40,31,40,0,99,89,62,49,32
2017_2,서울 은평구 불광역_3,54,19,35,0,10,10,15,16,3,0,2,3,5,8,1,0,8,7,10,8,2
2017_2,서울 은평구 불광역_2,73,29,44,0,9,17,18,21,8,0,1,5,8,10,5,0,8,12,10,11,3
2017_2,서울 은평구 불광역_1,252,108,144,1,32,54,54,55,56,0,12,19,28,17,32,1,20,35,26,38,24
2017_2,미아사거리_2,125,35,90,1,39,28,23,25,9,0,11,11,6,4,3,1,28,17,17,21,6
2017_2,미아사거리_1,522,221,301,2,98,95,138,122,67,1,48,47,45,46,34,1,50,48,93,76,33
2017_2,서울 성북구 성신여대입구역,5121,3134,1987,16,675,1140,1252,1367,671,9,262,546,744,1053,520,7,413,594,508,314,151
2017_2,경희대학교,370,173,197,7,58,102,87,78,38,3,27,60,43,27,13,4,31,42,44,51,25
2017_2,서울 성북구 안암역,97,57,40,0,15,36,27,8,11,0,7,25,17,2,6,0,8,11,10,6,5
2017_2,혜화역 대학로_3,1658,790,868,4,258,454,417,345,180,1,94,195,211,179,110,3,164,259,206,166,70
2017_2,혜화역 대학로_2,1491,830,661,1,92,448,524,344,82,0,31,185,274,274,66,1,61,263,250,70,16
2017_2,혜화역 대학로_1,1191,611,580,7,268,343,271,182,120,2,109,178,157,98,67,5,159,165,114,84,53
2017_2,디지털미디어시티,21758,12923,8835,64,7057,7185,5276,1797,379,19,2750,4384,4095,1423,252,45,4307,2801,1181,374,127
2017_2,서울 동대문구 청량리역,3046,1987,1059,12,541,686,753,607,447,4,354,479,506,358,286,8,187,207,247,249,161
2017_2,서울 종로구 안국역_2,680,261,419,6,139,225,163,93,54,3,25,97,70,32,34,3,114,128,93,61,20
2017_2,서울 종로구 안국역_1,12874,10672,2202,13,1376,4751,3890,2285,559,13,957,3821,3350,2049,482,0,419,930,540,236,77
2017_2,서울 종로구 경복궁역_1,219,90,129,1,41,51,44,50,32,0,12,27,20,16,15,1,29,24,24,34,17
2017_2,서울 종로구 종로3가역_3,3298,1768,1530,13,542,848,875,660,360,4,156,463,493,398,254,9,386,385,382,262,106
2017_2,서울 종로구 종로3가역_2,1907,1044,863,8,376,419,411,348,345,4,154,225,232,198,231,4,222,194,179,150,114
2017_2,서울 동대문구 신설동역_2,4491,2160,2331,21,479,604,768,1273,1346,8,143,329,418,532,730,13,336,275,350,741,616
2017_2,인사동,21235,13039,8196,109,4005,7103,5192,3069,1757,42,1415,4330,3939,2277,1036,67,2590,2773,1253,792,721
2017_2,서울 종로구 종로5가역_4,669,360,309,0,79,149,200,153,88,0,24,90,108,78,60,0,55,59,92,75,28
2017_2,서울 종로구 종로5가역_3,5114,3472,1642,9,681,1344,1451,1069,560,3,387,917,966,776,423,6,294,427,485,293,137
2017_2,종로구청,18711,10381,8330,680,3545,5753,4980,2748,1005,300,1471,2904,3178,1889,639,380,2074,2849,1802,859,366
2017_2,서울 종로구 종로5가역_2,18368,12155,6213,410,3325,6258,4930,2709,736,126,1454,4055,3806,2184,530,284,1871,2203,1124,525,206
2017_2,신설동역,772,435,337,4,138,195,166,168,101,0,45,107,105,97,81,4,93,88,61,71,20
2017_2,서울 동대문구 신설동역_1,2,2,0,0,0,0,1,0,1,0,0,0,1,0,1,0,0,0,0,0,0
2017_2,서울 종로구 광화문역_2,54025,32531,21494,87,7239,17093,16873,9208,3525,28,2650,9858,11505,6265,2225,59,4589,7235,5368,2943,1300
2017_2,동묘앞역,60,37,23,0,3,14,15,18,10,0,2,6,12,12,5,0,1,8,3,6,5
2017_2,장안동사거리,526,269,257,6,73,111,129,130,77,2,37,63,63,58,46,4,36,48,66,72,31
2017_2,서울 종로구 동대문역_2,1057,542,515,2,180,291,252,183,149,1,54,154,138,93,102,1,126,137,114,90,47
2017_2,동대문시장_2,498,305,193,1,47,113,109,128,100,0,23,72,74,63,73,1,24,41,35,65,27
2017_2,서울 종로구 종로5가역_1,49,36,13,0,6,6,13,17,7,0,2,3,11,15,5,0,4,3,2,2,2
2017_2,서울 종로구 종로3가역_1,3495,1546,1949,18,753,1040,733,559,392,7,226,436,329,293,255,11,527,604,404,266,137
2017_2,서울 종로구 광화문역_1,2317,1511,806,1,435,904,524,317,136,0,174,574,411,269,83,1,261,330,113,48,53
2017_2,종각역,20798,13447,7351,21,2781,6962,6457,4145,432,4,1092,3661,4700,3667,323,17,1689,3301,1757,478,109
2017_2,종각역 젊음의 거리,2297,997,1300,8,488,623,414,423,341,4,164,352,206,128,143,4,324,271,208,295,198
2017_2,서대문구 서대문역_1,351,238,113,0,38,72,108,71,62,0,14,59,79,41,45,0,24,13,29,30,17
2017_2,동대문시장_1,442,238,204,0,36,119,131,102,54,0,16,67,66,51,38,0,20,52,65,51,16
2017_2,시청역_2,21995,13957,8038,71,3898,6735,6534,3639,1118,40,1501,4065,4820,2704,827,31,2397,2670,1714,935,291
2017_2,서울시청,23931,11748,12183,106,4708,7671,6894,3350,1202,33,1526,3463,3828,2145,753,73,3182,4208,3066,1205,449
2017_2,서울 중구 을지로3가역_2,7819,5032,2787,11,941,2107,2046,1548,1166,3,349,1258,1515,1055,852,8,592,849,531,493,314
2017_2,서울 중구 신당역_2,1434,706,728,18,629,371,217,128,71,6,291,192,112,59,46,12,338,179,105,69,25
2017_2,서대문구 서대문역_2,2045,1421,624,2,369,807,514,250,103,2,222,602,373,159,63,0,147,205,141,91,40
2017_2,동대문역사문화공원역,4190,2992,1198,13,546,1114,1297,842,378,7,348,836,967,567,267,6,198,278,330,275,111
2017_2,서울 중구 을지로3가역_1,14464,9605,4859,28,2075,4250,4105,2637,1369,5,933,2725,2960,1971,1011,23,1142,1525,1145,666,358
2017_2,명동거리,23768,11122,12646,57,2946,9022,7345,3599,799,23,981,2972,4034,2569,543,34,1965,6050,3311,1030,256
2017_2,롯데백화점,39858,22204,17654,301,6375,13284,12755,5687,1456,66,2185,6340,8103,4415,1095,235,4190,6944,4652,1272,361
2017_2,서울 중구 신당역_1,1076,694,382,5,148,228,289,266,140,2,41,140,209,192,110,3,107,88,80,74,30
2017_2,북창동,7974,4771,3203,44,1392,2142,1871,1753,772,8,532,1313,1290,1101,527,36,860,829,581,652,245
2017_2,서울 중구 충무로역_2,14112,6234,7878,59,2105,3970,4542,2474,962,10,652,1938,2078,1008,548,49,1453,2032,2464,1466,414
2017_2,서울 강서구 송정역,615,408,207,1,53,133,193,130,105,0,21,93,142,81,71,1,32,40,51,49,34
2017_2,장한평역_2,12289,9719,2570,47,1335,2269,5047,2762,829,17,731,1741,4315,2285,630,30,604,528,732,477,199
2017_2,시청역_1,55770,33686,22084,118,8361,20613,18407,7213,1058,22,3624,11386,12262,5639,753,96,4737,9227,6145,1574,305
2017_2,왕십리역_2,659,280,379,4,123,147,150,138,97,1,41,64,61,63,50,3,82,83,89,75,47
2017_2,서울 강서구 발산역,822,488,334,2,156,234,202,147,81,1,57,132,141,104,53,1,99,102,61,43,28
2017_2,장한평역_1,2304,1536,768,10,159,396,427,413,899,6,67,212,285,283,683,4,92,184,142,130,216
2017_2,서울 중구 충무로역_1,3147,2188,959,49,553,1016,879,516,134,34,390,789,642,243,90,15,163,227,237,273,44
2017_2,장한평역,2210,1539,671,5,164,432,728,567,314,3,81,269,540,420,226,2,83,163,188,147,88
2017_2,서울 중구 명동역,3784,1916,1868,5,714,1813,887,252,113,1,220,861,594,162,78,4,494,952,293,90,35
2017_2,장충동 족발거리,208,99,109,0,47,51,45,31,34,0,16,29,26,15,13,0,31,22,19,16,21
2017_2,한양시장,285,142,143,1,54,69,61,66,34,1,25,42,25,29,20,0,29,27,36,37,14
2017_2,서울 서대문구 이대역,1297,536,761,5,294,294,307,247,150,1,78,116,143,112,86,4,216,178,164,135,64
2017_2,서울 서대문구 신촌역,3235,1340,1895,21,882,797,647,506,382,8,256,387,321,202,166,13,626,410,326,304,216
2017_2,서울 마포구 홍대입구역_3,414,246,168,0,68,143,116,56,31,0,17,81,77,44,27,0,51,62,39,12,4
2017_2,서울 마포구 홍대입구역_2,3258,1241,2017,16,1423,984,471,234,130,1,292,425,257,168,98,15,1131,559,214,66,32
2017_2,홍익대학교 주변,16188,7954,8234,90,3840,5259,3637,1937,1425,49,1495,2636,1884,920,970,41,2345,2623,1753,1017,455
2017_2,서울 광진구 군자역,176,103,73,1,33,49,49,30,14,0,14,35,31,18,5,1,19,14,18,12,9
2017_2,신촌역,264,135,129,0,46,82,58,49,29,0,17,38,37,26,17,0,29,44,21,23,12
2017_2,강서구청,3354,2224,1130,11,509,856,911,665,402,4,269,591,643,445,272,7,240,265,268,220,130
2017_2,서울 마포구 홍대입구역_1,832,466,366,8,220,279,204,84,37,1,115,145,124,57,24,7,105,134,80,27,13
2017_2,서울 강동구 고덕역,495,276,219,3,56,99,109,134,94,1,23,48,56,79,69,2,33,51,53,55,25
2017_2,서울 강동구 명일역,852,353,499,4,147,179,220,181,121,2,45,74,82,73,77,2,102,105,138,108,44
2017_2,어린이대공원역,88,52,36,0,10,27,24,18,9,0,4,16,15,11,6,0,6,11,9,7,3
2017_2,서울 마포구 공덕역_2,4361,2534,1827,24,693,1153,1283,928,280,9,252,676,871,569,157,15,441,477,412,359,123
2017_2,공덕역,7505,4485,3020,36,1677,2346,2090,1180,176,11,677,1192,1470,989,146,25,1000,1154,620,191,30
2017_2,서울 용산구 숙대입구역,2960,2152,808,9,578,1106,799,353,115,1,321,860,640,255,75,8,257,246,159,98,40
2017_2,남영역,14028,6236,7792,548,4773,3986,3000,1503,218,235,2101,2056,1309,410,125,313,2672,1930,1691,1093,93
2017_2,서울 마포구 공덕역_1,4781,2344,2437,30,1067,1411,1229,807,237,21,417,816,632,297,161,9,650,595,597,510,76
2017_2,서울 마포구 마포역_2,990,548,442,8,118,264,311,190,99,3,43,156,188,95,63,5,75,108,123,95,36
2017_2,서울 광진구 건대입구역_2,2881,980,1901,4,900,1047,491,254,185,2,187,362,224,85,120,2,713,685,267,169,65
2017_2,서울 마포구 마포역_1,11520,6886,4634,29,1774,2844,2617,2458,1798,9,718,1787,1802,1402,1168,20,1056,1057,815,1056,630
2017_2,서울 강동구 천호역_2,3895,1927,1968,11,667,879,858,663,817,6,265,462,412,281,501,5,402,417,446,382,316
2017_2,서울 광진구 건대입구역_1,902,425,477,3,206,189,223,147,134,0,76,93,105,78,73,3,130,96,118,69,61
2017_2,건대입구역,730,388,342,6,172,225,149,109,69,1,85,123,81,48,50,5,87,102,68,61,19
2017_2,서울 광진구 구의역,860,536,324,7,81,211,236,176,149,6,27,115,148,121,119,1,54,96,88,55,30
2017_2,서울 강동구 천호역,1037,514,523,3,163,228,240,202,201,0,34,101,137,109,133,3,129,127,103,93,68
2017_2,당산역_2,5064,3127,1937,10,504,717,807,1113,1913,9,372,561,516,569,1100,1,132,156,291,544,813
2017_2,서울 강동구 길동역,1192,657,535,2,125,282,349,265,169,0,37,149,232,128,111,2,88,133,117,137,58
2017_2,용산 전자상가_5,2478,1833,645,18,377,988,733,261,101,11,266,751,550,186,69,7,111,237,183,75,32
2017_2,당산역_1,1082,674,408,6,180,319,272,174,131,2,70,205,181,114,102,4,110,114,91,60,29
2017_2,서울 광진구 강변역,1914,1545,369,12,105,389,608,476,324,3,64,274,533,411,260,9,41,115,75,65,64
2017_2,용산 전자상가_3,2472,1797,675,27,312,824,746,352,211,20,198,611,535,272,161,7,114,213,211,80,50
2017_2,서울 용산구 이태원역,674,408,266,6,239,181,106,80,62,1,150,125,61,40,31,5,89,56,45,40,31
2017_2,한남오거리,632,334,298,2,100,152,119,144,115,1,27,88,68,68,82,1,73,64,51,76,33
2017_2,용산 전자상가_2,444,357,87,4,44,161,159,57,19,4,36,133,127,44,13,0,8,28,32,13,6
2017_2,용산구청,87,50,37,0,41,33,5,7,1,0,16,26,4,3,1,0,25,7,1,4,0
2017_2,용산 전자상가_1,7830,5985,1845,36,1197,2493,2458,1319,327,21,677,1864,2041,1139,243,15,520,629,417,180,84
2017_2,국회의사당역_2,36337,21385,14952,84,7606,12683,8974,5368,1622,28,2753,7107,6512,3933,1052,56,4853,5576,2462,1435,570
2017_2,서울 용산구 신용산역,508,240,268,0,63,116,125,117,87,0,33,70,51,47,39,0,30,46,74,70,48
2017_2,국회의사당역_1,5614,4332,1282,0,285,1224,1918,2063,124,0,125,755,1619,1730,103,0,160,469,299,333,21
2017_2,압구정 로데오거리_2,16399,6816,9583,129,5617,5885,2757,1226,785,38,1631,2712,1422,571,442,91,3986,3173,1335,655,343
2017_2,서울 강남구 압구정역,11035,5069,5966,331,3337,3037,1798,1348,1184,141,1190,1453,1052,667,566,190,2147,1584,746,681,618
2017_2,서울 영등포구 영등포구청역,3719,1144,2575,24,1062,1494,782,287,70,0,144,527,269,147,57,24,918,967,513,140,13
2017_2,압구정 로데오거리_1,7807,2538,5269,30,2844,3001,1230,436,266,6,680,946,553,203,150,24,2164,2055,677,233,116
2017_2,서울 강동구 둔촌동역,44,11,33,0,5,13,9,9,8,0,0,4,3,2,2,0,5,9,6,7,6
2017_2,오목교역,220,92,128,1,21,42,64,56,36,1,8,23,26,15,19,0,13,19,38,41,17
2017_2,신사동 가로수길,21727,10161,11566,102,6307,7142,4450,2397,1329,32,1637,3594,2680,1333,885,70,4670,3548,1770,1064,444
2017_2,서울 영등포구 여의도역_2,48522,32210,16312,103,6865,17845,15493,6489,1727,13,2836,10895,11931,5575,960,90,4029,6950,3562,914,767
2017_2,청담사거리_3,1860,570,1290,2,741,730,249,78,60,0,151,227,115,36,41,2,590,503,134,42,19
2017_2,영등포유통상가,2167,1343,824,4,285,455,435,461,527,2,119,262,280,284,396,2,166,193,155,177,131
2017_2,청담역_2,1323,924,399,10,267,405,297,150,194,0,112,313,231,109,159,10,155,92,66,41,35
2017_2,청담역_1,178,141,37,0,25,57,61,23,12,0,14,47,52,18,10,0,11,10,9,5,2
2017_2,청담사거리_2,920,699,221,1,131,319,355,89,25,0,66,245,307,66,15,1,65,74,48,23,10
2017_2,서울 영등포구 여의도역_1,51858,30910,20948,178,7406,14350,16595,10540,2789,38,3076,6715,10527,8701,1853,140,4330,7635,6068,1839,936
2017_2,학동사거리_2,3056,1778,1278,10,670,897,625,533,321,5,211,467,421,408,266,5,459,430,204,125,55
2017_2,서울 영등포구 영등포시장역,318,247,71,0,18,60,79,94,67,0,14,45,52,79,57,0,4,15,27,15,10
2017_2,학동사거리_1,4134,2110,2024,30,1047,1332,755,569,401,18,286,654,462,380,310,12,761,678,293,189,91
2017_2,여의도 시범아파트앞,2280,1530,750,5,327,538,603,513,294,0,162,339,431,383,215,5,165,199,172,130,79
2017_2,영등포역_3,867,513,354,2,163,237,196,182,87,0,49,146,129,131,58,2,114,91,67,51,29
2017_2,도산공원사거리_1,9962,5945,4017,26,2184,3339,2462,1348,603,6,873,2053,1670,916,427,20,1311,1286,792,432,176
2017_2,영등포역_2,1244,676,568,4,165,198,260,350,267,3,76,115,148,165,169,1,89,83,112,185,98
2017_2,문래동 주민센터,68,58,10,1,3,8,24,19,13,1,3,6,20,15,13,0,0,2,4,4,0
2017_2,강남구 신사역_2,7963,5151,2812,24,1570,3243,2056,784,286,6,619,2150,1563,604,209,18,951,1093,493,180,77
2017_2,서울 강남구 강남구청역_2,4496,2877,1619,59,1805,1266,895,364,107,28,972,825,708,277,67,31,833,441,187,87,40
2017_2,강남구 신사역_1,2257,950,1307,5,569,861,523,186,113,3,105,345,315,112,70,2,464,516,208,74,43
2017_2,서울 동작구 노량진1동_1,24,13,11,0,2,2,8,9,3,0,1,0,6,4,2,0,1,2,2,5,1
2017_2,서울 강남구 학동역_3,8987,5262,3725,26,1903,3031,2130,1175,722,5,663,1846,1497,762,489,21,1240,1185,633,413,233
2017_2,서울 강남구 강남구청역_1,3294,1905,1389,7,478,852,920,781,256,3,181,504,568,467,182,4,297,348,352,314,74
2017_2,잠실역,5959,4476,1483,17,864,1959,1815,931,373,2,417,1483,1553,749,272,15,447,476,262,182,101
2017_2,강남구 논현역_4,7301,3819,3482,31,1619,2256,1772,1000,623,10,495,1246,1094,590,384,21,1124,1010,678,410,239
2017_2,학동역,1546,604,942,5,530,537,303,121,50,1,95,237,165,78,28,4,435,300,138,43,22
2017_2,방이동 먹자골목,5213,3298,1915,16,634,1320,1467,1098,678,8,293,843,1038,650,466,8,341,477,429,448,212
2017_2,서울 강남구 학동역_2,6034,3287,2747,24,1139,1750,1187,625,1309,6,323,866,687,384,1021,18,816,884,500,241,288
2017_2,서울 동작구 노량진역,3774,2164,1610,6,416,969,1023,971,389,1,166,433,612,688,264,5,250,536,411,283,125
2017_2,삼성역_3,8959,5180,3779,27,1652,3387,2456,1117,320,7,521,1853,1675,910,214,20,1131,1534,781,207,106
2017_2,코엑스,22266,12751,9515,104,5474,7625,5606,2673,784,35,1748,4351,4049,2030,538,69,3726,3274,1557,643,246
2017_2,서울 강남구 학동역_1,5183,3320,1863,19,1172,1591,1161,673,567,11,598,1057,799,448,407,8,574,534,362,225,160
2017_2,선정릉역_2,6702,4136,2566,22,1421,2297,1623,874,465,1,523,1350,1204,681,377,21,898,947,419,193,88
2017_2,강남구 논현역_3,1588,905,683,1,300,573,330,259,125,0,129,388,198,118,72,1,171,185,132,141,53
2017_2,포스코사거리_2,7394,4769,2625,18,1341,3288,1816,643,288,8,541,2166,1378,465,211,10,800,1122,438,178,77
2017_2,포스코사거리_1,48819,32850,15969,63,9653,19446,13495,4951,1211,20,4959,13456,10162,3503,750,43,4694,5990,3333,1448,461
2017_2,잠실역 롯데월드,4035,1991,2044,178,1894,701,622,538,102,48,778,403,346,376,40,130,1116,298,276,162,62
2017_2,신도림역,3350,1784,1566,10,678,1205,957,411,89,3,263,647,532,269,70,7,415,558,425,142,19
2017_2,강남구 논현역_2,8354,4002,4352,40,2565,2737,1614,870,528,10,810,1478,1025,434,245,30,1755,1259,589,436,283
2017_2,선정릉역_1,1802,1285,517,6,387,653,379,181,196,6,219,453,296,140,171,0,168,200,83,41,25
2017_2,신천역,6368,3421,2947,23,1251,1486,1542,1047,1019,5,463,812,807,580,754,18,788,674,735,467,265
2017_2,강남구 논현역_1,3706,2139,1567,9,659,1329,1024,449,236,4,261,765,647,289,173,5,398,564,377,160,63
2017_2,삼성역_2,18475,11019,7456,122,4782,6878,4023,2117,553,66,1974,4310,2886,1382,401,56,2808,2568,1137,735,152
2017_2,삼정역_2,2594,1323,1271,3,596,864,505,327,299,0,194,440,302,197,190,3,402,424,203,130,109
2017_2,삼정역_1,3102,1642,1460,2,712,1066,649,312,361,0,173,540,461,209,259,2,539,526,188,103,102
2017_2,삼성역_1,32772,21159,11613,118,4869,9126,8439,5939,4281,63,2296,6225,6257,3685,2633,55,2573,2901,2182,2254,1648
2017_2,서울 강남구 선릉역_2,7211,4645,2566,20,1224,2079,1872,1184,832,10,568,1400,1399,786,482,10,656,679,473,398,350
2017_2,고속터미널역,15974,4718,11256,13,4927,5417,3490,1743,384,5,737,1633,1277,832,234,8,4190,3784,2213,911,150
2017_2,서울 서초구 강남역,33286,19156,14130,95,7738,11232,7192,4292,2737,50,2908,6645,4915,2809,1829,45,4830,4587,2277,1483,908
2017_2,서울 강남구 선릉역_1,20161,8283,11878,99,6810,5171,3729,2907,1445,52,2502,2676,1536,839,678,47,4308,2495,2193,2068,767
2017_2,선릉역_2,20939,10618,10321,85,5354,6279,4817,2895,1509,34,1746,3453,2926,1518,941,51,3608,2826,1891,1377,568
2017_2,서울 강남구 역삼역_2,26873,21117,5756,82,5659,9211,7515,3962,444,57,3474,6966,6589,3690,341,25,2185,2245,926,272,103
2017_2,서울 송파구 석촌역_1,39,26,13,1,1,8,13,14,2,0,1,6,6,11,2,1,0,2,7,3,0
2017_2,서울 강남구 강남역_2,5736,3376,2360,23,1318,2014,1299,745,337,11,481,1138,954,573,219,12,837,876,345,172,118
2017_2,선릉역_1,54646,29517,25129,273,10510,15464,14869,10590,2940,179,6373,10597,6852,3512,2004,94,4137,4867,8017,7078,936
2017_2,구로역,161,94,67,0,11,7,30,24,89,0,0,3,12,12,67,0,11,4,18,12,22
2017_2,역삼역_2,4713,2639,2074,20,1043,1582,1341,558,169,4,337,1005,871,313,109,16,706,577,470,245,60
2017_2,대림역_2,7435,5577,1858,11,1142,2059,1671,1391,1161,2,865,1793,1363,847,707,9,277,266,308,544,454
2017_2,서울 강남구 역삼역_1,25643,15789,9854,171,5061,9350,6589,2961,1511,48,2186,6005,4555,1926,1069,123,2875,3345,2034,1035,442
2017_2,신대방삼거리역,256,131,125,0,29,52,70,61,44,0,7,27,33,33,31,0,22,25,37,28,13
2017_2,서울 강남구 한티역,1071,418,653,5,200,275,284,197,110,0,46,109,127,75,61,5,154,166,157,122,49
2017_2,은마아파트입구사거리_4,100,54,46,1,12,21,41,21,4,0,4,17,21,8,4,1,8,4,20,13,0
2017_2,오류동역,1566,765,801,20,134,223,375,444,370,6,64,115,147,179,254,14,70,108,228,265,116
2017_2,서울 강남구 강남역,39725,18922,20803,95,8773,12488,9409,6096,2864,27,2661,6521,5999,2689,1025,68,6112,5967,3410,3407,1839
2017_2,교대역_4,5213,2844,2369,21,1105,1512,1252,769,554,6,331,764,763,549,431,15,774,748,489,220,123
2017_2,서울 강남구 강남역_1,131121,96380,34741,398,27673,60032,33799,8108,1111,310,13559,43952,30195,7521,843,88,14114,16080,3604,587,268
2017_2,방배동카페골목,110,48,62,0,21,14,32,20,23,0,13,8,16,3,8,0,8,6,16,17,15
2017_2,가락시장,16680,10479,6201,61,2559,3979,4145,3831,2105,26,1195,2719,2872,2243,1424,35,1364,1260,1273,1588,681
2017_2,교대역_3,4302,2619,1683,14,479,1141,1294,857,517,4,118,494,896,665,442,10,361,647,398,192,75
2017_2,역삼역_1,1678,1030,648,1,314,465,411,267,220,1,107,287,300,188,147,0,207,178,111,79,73
2017_2,교대역_2,3511,2245,1266,22,509,1262,890,584,244,19,173,814,656,402,181,3,336,448,234,182,63
2017_2,서울 송파구 가락시장역,5025,3225,1800,18,690,1454,1305,888,670,14,322,841,892,623,533,4,368,613,413,265,137
2017_2,서울 서초구 서초역,12861,5297,7564,63,4250,3543,2886,1536,583,34,1398,1409,1150,836,470,29,2852,2134,1736,700,113
2017_2,서울 강남구 대치역_2,1474,890,584,0,178,513,511,160,112,0,53,267,372,109,89,0,125,246,139,51,23
2017_2,뱅뱅사거리_2,25423,16323,9100,353,5300,7687,6578,3745,1760,143,2600,5061,4678,2572,1269,210,2700,2626,1900,1173,491
2017_2,보라매공원,14368,8190,6178,66,2617,5215,4078,1686,706,31,1245,2777,2371,1231,535,35,1372,2438,1707,455,171
2017_2,교대역_1,12799,7644,5155,52,2142,3988,3440,2082,1095,5,762,2327,2335,1400,815,47,1380,1661,1105,682,280
2017_2,개봉동 현대아파트 인근,148,64,84,0,5,31,32,54,26,0,1,9,12,30,12,0,4,22,20,24,14
2017_2,뱅뱅사거리,7337,4872,2465,24,2512,2526,1387,609,279,2,1473,1698,1062,432,205,22,1039,828,325,177,74
2017_2,뱅뱅사거리_1,10917,7743,3174,23,1742,3475,2959,1767,951,14,909,2591,2358,1265,606,9,833,884,601,502,345
2017_2,서울 관악구 신림역_4,941,437,504,0,150,174,234,217,166,0,42,81,126,96,92,0,108,93,108,121,74
2017_2,동작구 총신대입구역_1,238,108,130,0,37,55,59,47,40,0,12,24,28,18,26,0,25,31,31,29,14
2017_2,양재역_3,3523,2357,1166,11,651,1175,903,484,299,1,371,724,668,354,239,10,280,451,235,130,60
2017_2,동작구 총신대입구역_2,825,348,477,6,265,200,163,104,87,2,59,100,85,47,55,4,206,100,78,57,32
2017_2,서울 서초구 남부터미널역_3,1514,845,669,8,256,428,391,248,183,4,80,229,261,146,125,4,176,199,130,102,58
2017_2,서울 강남구 수서역,19761,11577,8184,47,2991,6215,5543,3170,1795,27,1448,3822,3021,1836,1423,20,1543,2393,2522,1334,372
2017_2,서울 서초구 남부터미널역_2,10990,5420,5570,22,2360,2851,2867,1812,1078,7,946,1577,1389,795,706,15,1414,1274,1478,1017,372
2017_2,구로디지탈1단지,66086,41917,24169,287,14127,24060,16525,7504,3583,158,6646,16032,11436,4875,2770,129,7481,8028,5089,2629,813
2017_2,양재역,116,52,64,0,27,47,20,11,11,0,6,19,12,7,8,0,21,28,8,4,3
2017_2,매봉역,568,214,354,4,252,136,91,45,40,0,35,64,59,29,27,4,217,72,32,16,13
2017_2,서울 서초구 방배역,3441,2008,1433,42,822,895,636,489,557,12,320,516,420,291,449,30,502,379,216,198,108
2017_2,서울 서초구 남부터미널역_1,529,380,149,4,96,163,121,82,63,0,48,123,100,55,54,4,48,40,21,27,9
2017_2,서울 관악구 신림역_2,35,16,19,0,4,5,9,7,10,0,1,4,4,4,3,0,3,1,5,3,7
2017_2,서울 관악구 신림역_1,1955,929,1026,11,340,350,332,394,528,4,139,180,145,180,281,7,201,170,187,214,247
2017_2,양재역_2,9074,5070,4004,121,2035,3358,2101,982,477,38,839,2022,1379,498,294,83,1196,1336,722,484,183
2017_2,양재역_1,894,626,268,0,76,173,219,259,167,0,34,76,129,226,161,0,42,97,90,33,6
2017_2,서울 관악구 서울대입구역_2,44,4,40,0,17,7,3,11,6,0,0,2,1,1,0,0,17,5,2,10,6
2017_2,가산디지털단지역_3,30766,18326,12440,128,6106,10066,7978,4566,1922,73,2683,6347,5190,2604,1429,55,3423,3719,2788,1962,493
2017_2,구로디지털단지역,2181,1409,772,14,420,707,580,305,155,7,188,464,411,214,125,7,232,243,169,91,30
2017_2,서울 관악구 서울대입구역_1,1997,855,1142,5,363,470,526,313,320,2,102,185,240,137,189,3,261,285,286,176,131
2017_2,관악구 사당역_1,3768,1429,2339,13,330,582,1017,1190,636,6,147,313,288,228,447,7,183,269,729,962,189
2017_2,가산디지털단지역_2,62801,37619,25182,2310,19093,18763,12944,6007,3684,1030,9016,12057,9060,3635,2821,1280,10077,6706,3884,2372,863
2017_2,관악구 사당역_2,424,201,223,1,72,108,94,109,40,0,27,50,47,53,24,1,45,58,47,56,16
2017_2,가산디지털단지역_1,27122,18365,8757,119,4556,8174,6823,4303,3147,61,2496,5817,4897,2823,2271,58,2060,2357,1926,1480,876
2017_2,장지역,4370,2728,1642,20,622,1252,1203,766,507,10,295,789,806,460,368,10,327,463,397,306,139
2017_2,포이사거리_1,5637,3027,2610,43,764,1691,1810,1097,232,1,434,1093,884,463,152,42,330,598,926,634,80
2017_2,포이사거리_2,8948,6241,2707,17,1100,2469,2702,1971,689,10,660,1655,1928,1443,545,7,440,814,774,528,144
2017_2,서울 관악구 대학동_1,90,52,38,0,15,26,22,17,10,0,4,13,15,11,9,0,11,13,7,6,1
2017_2,서울 금천구 독산1동_1,2873,1889,984,14,404,659,732,649,415,7,195,411,479,441,356,7,209,248,253,208,59
2017_2,양재 화물트럭터미널앞_2,159,70,89,0,25,60,48,16,10,0,8,17,29,10,6,0,17,43,19,6,4
2017_2,양재 화물트럭터미널앞_1,4552,3662,890,32,901,1395,993,792,439,17,577,1147,832,689,400,15,324,248,161,103,39
2017_2,서울 금천구 시흥1동_4,933,446,487,8,148,154,202,239,182,5,50,73,99,115,104,3,98,81,103,124,78
2017_2,풍성로37가길,42,20,22,0,4,9,15,8,6,0,3,6,9,0,2,0,1,3,6,8,4
2017_2,천호옛길,526,343,183,0,84,141,128,85,88,0,56,94,81,51,61,0,28,47,47,34,27
2017_2,천호옛14길,594,290,304,5,122,117,130,126,94,0,47,56,71,58,58,5,75,61,59,68,36
2017_2,천호대로219길,918,559,359,4,65,147,250,337,115,0,36,79,149,210,85,4,29,68,101,127,30
2017_2,천호대로197길,23,8,15,0,3,10,5,3,2,0,1,4,2,1,0,0,2,6,3,2,2
2017_2,천호대로187길,915,531,384,2,93,201,251,208,160,1,43,130,148,115,94,1,50,71,103,93,66
2017_2,천호대로170길,394,159,235,0,42,63,100,125,64,0,27,47,32,28,25,0,15,16,68,97,39
2017_2,천호대로162길,1166,807,359,6,154,384,297,187,138,0,92,298,228,123,66,6,62,86,69,64,72
2017_2,천중로51길,424,226,198,2,51,100,122,83,66,0,25,57,66,37,41,2,26,43,56,46,25
2017_2,천중로39길,612,226,386,0,70,84,125,160,173,0,23,39,35,57,72,0,47,45,90,103,101
2017_2,진황도로47길,1370,685,685,2,147,254,285,394,288,2,94,172,138,110,169,0,53,82,147,284,119
2017_2,진황도로27길,598,337,261,1,62,133,166,130,106,1,22,83,100,59,72,0,40,50,66,71,34
2017_2,올림픽로98길,33,14,19,0,1,8,9,9,6,0,0,1,6,4,3,0,1,7,3,5,3
2017_2,올림픽로77길,16,8,8,0,0,12,3,0,1,0,0,5,2,0,1,0,0,7,1,0,0
2017_2,올림픽로71길,353,264,89,1,30,108,91,85,38,0,19,81,70,65,29,1,11,27,21,20,9
2017_2,올림픽로48길,6006,3602,2404,5,545,1353,1431,1319,1353,3,224,679,773,903,1020,2,321,674,658,416,333
2017_2,양재대로96길,1393,843,550,1,106,220,285,407,374,1,55,131,152,245,259,0,51,89,133,162,115
2017_2,양재대로95길,688,359,329,4,68,145,179,178,114,1,36,79,89,79,75,3,32,66,90,99,39
2017_2,양재대로91길,1211,655,556,0,143,230,283,264,291,0,57,140,163,128,167,0,86,90,120,136,124
2017_2,양재대로133길,311,112,199,1,35,68,53,101,53,1,10,31,22,29,19,0,25,37,31,72,34
2017_2,양재대로124길,616,381,235,0,68,149,130,143,126,0,24,103,88,75,91,0,44,46,42,68,35
2017_2,양재대로116길,215,84,131,0,23,44,66,54,28,0,6,15,27,22,14,0,17,29,39,32,14
2017_2,양재대로101길,1173,666,507,0,135,266,290,252,230,0,36,126,172,159,173,0,99,140,118,93,57
2017_2,암사길,374,174,200,3,28,125,106,77,35,0,10,56,48,42,18,3,18,69,58,35,17
2017_2,성안로3길,1501,929,572,5,215,389,400,323,169,3,109,241,251,194,131,2,106,148,149,129,38
2017_2,성내로5길,1112,560,552,0,171,305,324,252,60,0,66,153,154,146,41,0,105,152,170,106,19
2017_2,상일로5길,42,24,18,1,5,4,12,15,5,0,2,4,6,9,3,1,3,0,6,6,2
2017_2,상암로5길,599,265,334,0,82,107,134,131,145,0,24,55,54,58,74,0,58,52,80,73,71
2017_2,상암로51길,751,326,425,2,146,131,190,160,122,1,46,57,83,66,73,1,100,74,107,94,49
2017_2,상암로4길,350,263,87,3,70,96,101,65,15,0,58,77,78,41,9,3,12,19,23,24,6
2017_2,상암로14길,482,316,166,2,32,99,155,115,79,2,14,59,104,74,63,0,18,40,51,41,16
2017_2,명일로13길,111,47,64,0,4,21,25,51,10,0,1,6,7,28,5,0,3,15,18,23,5
2017_2,동남로85길,125,63,62,0,9,25,36,31,24,0,6,17,18,12,10,0,3,8,18,19,14
2017_2,동남로82길,9,3,6,0,0,1,3,5,0,0,0,0,2,1,0,0,0,1,1,4,0
2017_2,동남로65길,80,22,58,0,4,9,25,26,16,0,1,3,8,6,4,0,3,6,17,20,12
2017_2,구천면로42길,383,181,202,2,52,74,92,88,75,2,17,37,46,35,44,0,35,37,46,53,31
2017_2,구천면로41길,596,246,350,2,73,153,168,140,60,2,12,71,78,55,28,0,61,82,90,85,32
2017_2,구천면로36길,48,26,22,0,3,16,16,9,4,0,2,9,6,5,4,0,1,7,10,4,0
2017_2,고덕로25길,22,13,9,0,2,4,5,7,4,0,1,3,4,2,3,0,1,1,1,5,1
2017_2,고덕로10길,163,70,93,1,13,39,41,52,17,1,7,17,18,17,10,0,6,22,23,35,7
2017_2,강동대로53길,926,513,413,0,170,229,251,196,80,0,70,151,133,106,53,0,100,78,118,90,27
2017_2,풍성로25길,751,269,482,4,109,171,199,172,96,0,35,70,63,55,46,4,74,101,136,117,50
2017_2,오금로46길,1453,740,713,9,252,392,369,316,115,4,93,206,190,171,76,5,159,186,179,145,39
2017_2,오금로36길,1209,902,307,3,168,381,408,198,51,1,93,270,341,159,38,2,75,111,67,39,13
2017_2,오금로11길,2156,1424,732,9,245,535,498,444,425,5,125,374,331,265,324,4,120,161,167,179,101
2017_2,양재대로72길,655,344,311,0,83,146,176,159,91,0,28,81,78,83,74,0,55,65,98,76,17
2017_2,양재대로71길,1348,828,520,5,217,381,331,230,184,1,71,205,240,167,144,4,146,176,91,63,40
2017_2,양재대로64길,1497,618,879,2,391,536,328,168,72,0,79,187,185,117,50,2,312,349,143,51,22
2017_2,양재대로62길,6189,3659,2530,4,211,441,589,848,4096,1,104,269,364,389,2532,3,107,172,225,459,1564
2017_2,송파대로30길,1706,1061,645,12,275,391,431,393,204,4,152,274,279,231,121,8,123,117,152,162,83
2017_2,송이로36길,2107,1508,599,10,371,451,520,440,315,7,242,324,357,321,257,3,129,127,163,119,58
2017_2,송이로32길,774,418,356,0,93,144,223,225,89,0,32,87,117,122,60,0,61,57,106,103,29
2017_2,송이로23길,1343,833,510,2,133,269,313,306,320,0,63,143,181,201,245,2,70,126,132,105,75
2017_2,삼전로13길,1606,770,836,3,221,365,374,337,306,2,57,165,163,179,204,1,164,200,211,158,102
2017_2,백제고분로50길,3615,1731,1884,14,608,599,760,1082,552,6,262,376,454,400,233,8,346,223,306,682,319
2017_2,백제고분로46길,1624,986,638,6,236,390,422,329,241,1,112,244,260,207,162,5,124,146,162,122,79
2017_2,백제고분로45길,436,283,153,1,59,106,103,107,60,1,34,68,72,67,41,0,25,38,31,40,19
2017_2,백제고분로42길,134,82,52,0,17,24,46,38,9,0,11,13,26,24,8,0,6,11,20,14,1
2017_2,백제고분로39길,1711,1173,538,7,360,715,373,181,75,1,184,624,259,69,36,6,176,91,114,112,39
2017_2,백제고분로34길,1548,1014,534,7,201,376,477,322,165,5,96,252,314,226,121,2,105,124,163,96,44
2017_2,백제고분로33길,989,610,379,4,108,245,296,232,104,2,43,138,203,145,79,2,65,107,93,87,25
2017_2,백제고분로32길,1112,494,618,6,142,221,268,319,156,5,45,97,127,121,99,1,97,124,141,198,57
2017_2,백제고분로31길,339,197,142,2,16,70,109,94,48,0,8,43,68,52,26,2,8,27,41,42,22
2017_2,백제고분로22길,1215,705,510,1,91,228,282,282,331,0,30,131,159,147,238,1,61,97,123,135,93
2017_2,백제고분로21길,205,147,58,0,30,49,41,44,41,0,12,34,29,33,39,0,18,15,12,11,2
2017_2,마천로51길,145,61,84,0,19,20,39,41,26,0,10,10,15,12,14,0,9,10,24,29,12
2017_2,동남로20길,144,82,62,0,11,23,51,39,20,0,7,12,30,23,10,0,4,11,21,16,10
2017_2,거마로20길,533,219,314,0,94,138,159,119,23,0,26,68,69,40,16,0,68,70,90,79,7
2017_2,학동로77길,2962,1529,1433,0,295,731,680,724,532,0,80,275,298,506,370,0,215,456,382,218,162
2017_2,학동로6길,1847,888,959,2,310,550,480,328,177,2,113,306,258,124,85,0,197,244,222,204,92
2017_2,학동로56길,878,454,424,0,96,242,239,220,81,0,23,101,124,146,60,0,73,141,115,74,21
2017_2,학동로38길,7213,4115,3098,31,1635,2034,1564,1111,838,12,602,1147,1008,761,585,19,1033,887,556,350,253
2017_2,테헤란로81길,574,218,356,14,254,190,76,23,17,5,92,66,25,14,16,9,162,124,51,9,1
2017_2,일원로9길,539,298,241,0,46,93,115,136,149,0,15,56,67,67,93,0,31,37,48,69,56
2017_2,일원로3길,223,103,120,2,18,44,64,55,40,0,11,29,40,15,8,2,7,15,24,40,32
2017_2,영동대로65길,3272,1938,1334,4,595,1157,815,406,295,2,239,714,568,227,188,2,356,443,247,179,107
2017_2,영동대로112길,637,401,236,5,114,199,161,97,61,3,68,128,112,54,36,2,46,71,49,43,25
2017_2,언주로81길,9628,5444,4184,35,2787,2881,2132,1237,556,11,954,1677,1464,932,406,24,1833,1204,668,305,150
2017_2,압구정로2길,2692,1459,1233,19,639,886,647,315,186,5,253,513,391,162,135,14,386,373,256,153,51
2017_2,선릉로18길,421,235,186,0,30,58,93,104,136,0,10,36,53,54,82,0,20,22,40,50,54
2017_2,선릉로146길,1878,983,895,5,428,699,410,207,129,1,169,387,252,107,67,4,259,312,158,100,62
2017_2,선릉로133길,222,124,98,0,36,59,51,40,36,0,14,35,26,22,27,0,22,24,25,18,9
2017_2,선릉로132길,1000,561,439,3,142,278,186,192,199,1,36,140,96,130,158,2,106,138,90,62,41
2017_2,선릉로121길,1634,851,783,4,327,596,417,205,85,1,107,321,251,105,66,3,220,275,166,100,19
2017_2,삼성로75길,2789,1533,1256,22,591,798,580,476,322,5,174,410,364,341,239,17,417,388,216,135,83
2017_2,삼성로69길,297,145,152,0,77,89,74,41,16,0,19,47,41,25,13,0,58,42,33,16,3
2017_2,삼성로64길,498,245,253,4,121,163,108,71,31,2,34,80,73,36,20,2,87,83,35,35,11
2017_2,삼성로63길,182,83,99,3,39,34,48,42,16,3,12,14,24,22,8,0,27,20,24,20,8
2017_2,삼성로57길,905,277,628,3,137,313,230,148,74,1,38,83,68,44,43,2,99,230,162,104,31
2017_2,삼성로147길,890,366,524,1,253,278,169,123,66,0,66,107,79,68,46,1,187,171,90,55,20
2017_2,삼성로115길,268,161,107,0,57,83,63,39,26,0,22,59,44,21,15,0,35,24,19,18,11
2017_2,봉은사로68길,228,114,114,1,59,70,51,28,19,1,21,34,30,17,11,0,38,36,21,11,8
2017_2,봉은사로57길,831,508,323,3,252,251,181,86,58,2,87,153,140,72,54,1,165,98,41,14,4
2017_2,봉은사로43길,1113,733,380,16,260,366,259,127,85,16,149,241,190,85,52,0,111,125,69,42,33
2017_2,봉은사로29길,128,81,47,0,27,46,21,25,9,0,15,33,14,13,6,0,12,13,7,12,3
2017_2,봉은사로109길,331,171,160,0,74,92,68,50,47,0,24,47,37,33,30,0,50,45,31,17,17
2017_2,도산대로89길,2604,956,1648,29,742,966,496,259,112,2,168,332,255,127,72,27,574,634,241,132,40
2017_2,도산대로81길,4254,1366,2888,37,1418,1318,973,317,191,5,362,501,269,123,106,32,1056,817,704,194,85
2017_2,도산대로50길,2646,1846,800,0,223,464,543,761,655,0,139,364,474,549,320,0,84,100,69,212,335
2017_2,도산대로38길,146,82,64,0,37,32,43,20,14,0,14,20,27,14,7,0,23,12,16,6,7
2017_2,도산대로30길,3171,1560,1611,1,868,1104,719,350,129,0,325,552,403,181,99,1,543,552,316,169,30
2017_2,도산대로23길,1306,787,519,3,372,385,244,139,163,0,147,220,173,109,138,3,225,165,71,30,25
2017_2,도산대로15길,1695,772,923,16,574,574,313,141,77,4,215,282,156,76,39,12,359,292,157,65,38
2017_2,도곡로37길,3774,2232,1542,9,773,1263,1003,504,222,5,282,753,698,324,170,4,491,510,305,180,52
2017_2,논현로8길,764,433,331,5,152,211,212,115,69,3,76,141,104,54,55,2,76,70,108,61,14
2017_2,논현로63길,11837,3186,8651,106,2024,2186,4916,2323,282,50,829,878,716,475,238,56,1195,1308,4200,1848,44
2017_2,논현로28길,10547,7193,3354,29,2145,4132,2584,1044,613,18,998,2707,2059,884,527,11,1147,1425,525,160,86
2017_2,논현로26길,7582,4894,2688,16,1159,2051,1512,1042,1802,11,613,1613,1205,691,761,5,546,438,307,351,1041
2017_2,논현로139길,2715,1319,1396,4,770,890,521,281,249,2,216,466,321,136,178,2,554,424,200,145,71
2017_2,논현로123길,102,57,45,2,15,28,28,21,8,1,7,17,16,11,5,1,8,11,12,10,3
2017_2,논현로115길,2811,1451,1360,6,701,1034,619,249,202,0,225,523,422,147,134,6,476,511,197,102,68
2017_2,논현로10길,2594,1654,940,9,263,534,683,594,511,3,129,372,438,351,361,6,134,162,245,243,150
2017_2,논현로106길,2765,1597,1168,4,459,690,704,513,395,2,187,440,448,261,259,2,272,250,256,252,136
2017_2,남부순환로365길,173,119,54,0,17,38,62,36,20,0,8,24,45,29,13,0,9,14,17,7,7
2017_2,개포로28길,311,221,90,0,39,94,80,71,27,0,15,73,62,50,21,0,24,21,18,21,6
2017_2,개포로20길,4283,2358,1925,23,650,998,1137,940,535,13,236,575,640,484,410,10,414,423,497,456,125
2017_2,개포로17길,2724,1757,967,4,344,728,805,562,281,2,161,479,536,363,216,2,183,249,269,199,65
2017_2,강남대로140길,4278,2173,2105,14,854,1200,889,835,486,1,239,572,551,443,367,13,615,628,338,392,119
2017_2,강남대로136길,1127,590,537,5,262,395,268,122,75,0,77,218,162,74,59,5,185,177,106,48,16
2017_2,강남대로118길,682,394,288,1,101,187,174,75,144,0,35,108,117,37,97,1,66,79,57,38,47
2017_2,서초중앙로8길,7405,5543,1862,20,1203,2326,2057,1428,371,16,727,1749,1645,1106,300,4,476,577,412,322,71
2017_2,방배중앙로21길,1223,611,612,5,192,229,281,274,242,1,58,121,146,131,154,4,134,108,135,143,88
2017_2,효령로72길,205,117,88,2,44,36,52,48,23,1,10,27,33,29,17,1,34,9,19,19,6
2017_2,효령로34길,33,27,6,0,2,7,8,7,9,0,2,3,7,6,9,0,0,4,1,1,0
2017_2,효령로31길,1338,735,603,10,295,332,362,204,135,7,67,182,245,134,100,3,228,150,117,70,35
2017_2,효령로23길,739,444,295,5,138,180,208,130,78,3,59,112,136,76,58,2,79,68,72,54,20
2017_2,청두곶길,2023,1303,720,31,501,540,531,313,107,7,289,391,317,224,75,24,212,149,214,89,32
2017_2,주흥길,319,202,117,2,49,105,93,49,21,2,21,60,66,35,18,0,28,45,27,14,3
2017_2,주흥15길,1463,948,515,1,314,460,306,191,191,1,150,303,234,127,133,0,164,157,72,64,58
2017_2,언남길,1631,1124,507,2,207,485,508,289,140,1,116,327,361,202,117,1,91,158,147,87,23
2017_2,신반포로45길,403,253,150,2,70,99,91,53,88,2,29,58,65,39,60,0,41,41,26,14,28
2017_2,서초대로8길,287,176,111,1,36,68,106,50,26,0,15,43,68,34,16,1,21,25,38,16,10
2017_2,서초대로64길,523,357,166,1,86,122,155,98,61,0,46,73,118,75,45,1,40,49,37,23,16
2017_2,서초대로4길,665,473,192,3,65,181,141,129,146,3,45,126,112,80,107,0,20,55,29,49,39
2017_2,서초대로25길,3387,2025,1362,38,664,1089,853,521,222,10,294,648,567,339,167,28,370,441,286,182,55
2017_2,서초대로23길,574,343,231,0,80,161,139,61,133,0,31,101,85,33,93,0,49,60,54,28,40
2017_2,서초대로15길,1493,691,802,11,181,356,421,313,211,3,46,168,179,141,154,8,135,188,242,172,57
2017_2,사평대로57길,170,66,104,0,41,62,27,21,19,0,12,28,12,13,1,0,29,34,15,8,18
2017_2,사평대로26길,15,9,6,0,2,0,5,3,5,0,1,0,3,2,3,0,1,0,2,1,2
2017_2,사평대로22길,1597,981,616,8,409,437,351,270,122,6,194,297,240,183,61,2,215,140,111,87,61
2017_2,사임당로17길,1839,1080,759,10,382,655,417,234,141,3,130,393,279,162,113,7,252,262,138,72,28
2017_2,방배로42길,154,82,72,0,30,34,43,19,28,0,7,14,30,12,19,0,23,20,13,7,9
2017_2,방배로35길,2338,1442,896,4,363,567,523,437,444,1,144,353,335,279,330,3,219,214,188,158,114
2017_2,방배로18길,87,46,41,0,17,24,20,11,15,0,10,8,15,3,10,0,7,16,5,8,5
2017_2,반포대로9길,672,410,262,4,123,170,192,109,74,4,55,106,119,75,51,0,68,64,73,34,23
2017_2,바우뫼로39길,2221,1376,845,3,249,682,487,372,428,2,121,430,321,222,280,1,128,252,166,150,148
2017_2,마방로2길,3755,2373,1382,13,591,1108,959,800,284,8,255,722,674,521,193,5,336,386,285,279,91
2017_2,방배천로4안길,1259,807,452,1,133,285,378,302,160,0,52,173,272,215,95,1,81,112,106,87,65
2017_2,동산로19길,1304,875,429,1,152,376,359,242,174,1,85,256,252,171,110,0,67,120,107,71,64
2017_2,동산로10길,2845,1517,1328,15,347,587,679,693,524,12,174,387,336,331,277,3,173,200,343,362,247
2017_2,동광로39길,46,29,17,0,3,7,20,7,9,0,1,5,12,5,6,0,2,2,8,2,3
2017_2,동광로1길,1225,716,509,0,181,326,332,214,172,0,70,198,218,122,108,0,111,128,114,92,64
2017_2,동광로12길,779,503,276,3,92,183,235,158,108,2,36,110,156,119,80,1,56,73,79,39,28
2017_2,논현로27길,3646,2529,1117,8,591,969,996,705,377,5,289,631,740,547,317,3,302,338,256,158,60
2017_2,논현로1길,551,361,190,0,85,172,122,97,75,0,43,123,86,64,45,0,42,49,36,33,30
2017_2,남부순환로339길,12919,5417,7502,80,3652,2944,2778,2468,997,37,1417,1659,1101,645,558,43,2235,1285,1677,1823,439
2017_2,남부순환로325길,7991,3914,4077,23,1189,2914,2023,1306,536,10,416,1269,1106,724,389,13,773,1645,917,582,147
2017_2,남부순환로317길,1737,1223,514,8,360,675,343,168,183,5,186,514,263,129,126,3,174,161,80,39,57
2017_2,고무래로8길,6587,3414,3173,9,820,1778,1724,1159,1097,4,209,778,1027,731,665,5,611,1000,697,428,432
2017_2,강남대로8길,2525,1583,942,9,231,627,715,587,356,4,119,397,462,350,251,5,112,230,253,237,105
2017_2,강남대로34길,1038,671,367,0,234,354,249,114,87,0,120,242,162,72,75,0,114,112,87,42,12
2017_2,강남대로23길,7090,5042,2048,23,1186,1813,1771,1572,725,17,810,1359,1387,971,498,6,376,454,384,601,227
2017_2,소담길,23,5,18,0,3,7,2,9,2,0,0,2,0,2,1,0,3,5,2,7,1
2017_2,원신길,293,115,178,0,50,88,53,62,40,0,8,37,25,30,15,0,42,51,28,32,25
2017_2,양산길,350,257,93,0,24,49,66,97,114,0,4,25,47,77,104,0,20,24,19,20,10
2017_2,호암로24길,649,250,399,2,79,112,149,165,142,0,27,63,64,36,60,2,52,49,85,129,82
2017_2,호암로20길,39,25,14,0,3,8,6,14,8,0,2,6,3,8,6,0,1,2,3,6,2
2017_2,행운길,20,4,16,0,1,2,7,9,1,0,1,0,1,1,1,0,0,2,6,8,0
2017_2,행운1길,99,66,33,0,5,21,32,24,17,0,2,12,21,17,14,0,3,9,11,7,3
2017_2,청림3길,81,36,45,1,17,22,22,12,7,0,4,9,13,5,5,1,13,13,9,7,2
2017_2,청룡길,92,47,45,0,24,29,25,10,4,0,4,17,16,7,3,0,20,12,9,3,1
2017_2,청룡8길,10,5,5,0,1,3,0,2,4,0,1,1,0,1,2,0,0,2,0,1,2
2017_2,중앙길,279,113,166,0,33,58,77,64,47,0,6,17,37,26,27,0,27,41,40,38,20
2017_2,조원중앙로2길,1136,817,319,1,131,327,275,302,100,0,84,230,202,221,80,1,47,97,73,81,20
2017_2,조원로18길,1020,561,459,2,115,239,272,231,161,1,37,147,149,129,98,1,78,92,123,102,63
2017_2,조원로10길,275,126,149,0,59,54,53,62,47,0,18,28,19,31,30,0,41,26,34,31,17
2017_2,장군봉2길,212,111,101,0,19,50,56,60,27,0,7,17,27,37,23,0,12,33,29,23,4
2017_2,장군봉1길,84,14,70,0,6,31,27,17,3,0,1,3,2,5,3,0,5,28,25,12,0
2017_2,인헌길,86,47,39,0,14,17,23,20,12,0,7,13,11,8,8,0,7,4,12,12,4
2017_2,은천로25길,285,93,192,0,53,66,73,52,41,0,1,18,28,24,22,0,52,48,45,28,19
2017_2,양녕로6길,805,483,322,4,92,173,205,191,140,4,43,95,121,134,86,0,49,78,84,57,54
2017_2,신원로3길,21,15,6,0,1,6,9,4,1,0,1,4,7,2,1,0,0,2,2,2,0
2017_2,신사로20길,54,24,30,0,12,12,11,12,7,0,3,4,7,6,4,0,9,8,4,6,3
2017_2,신림로64길,251,116,135,1,36,59,74,64,17,0,21,29,30,28,8,1,15,30,44,36,9
2017_2,신림로48길,73,33,40,0,7,15,21,16,14,0,1,7,9,6,10,0,6,8,12,10,4
2017_2,신림로38길,63,32,31,0,6,18,17,10,12,0,2,14,5,5,6,0,4,4,12,5,6
2017_2,신림로28길,317,217,100,1,13,41,89,86,87,1,2,17,50,67,80,0,11,24,39,19,7
2017_2,신림로11길,445,409,36,0,9,22,141,204,69,0,7,17,132,190,63,0,2,5,9,14,6
2017_2,신림동길,364,221,143,0,55,94,87,76,52,0,33,61,58,41,28,0,22,33,29,35,24
2017_2,승방길,570,369,201,2,82,177,176,89,44,0,36,132,125,46,30,2,46,45,51,43,14
2017_2,서림7길,277,103,174,0,27,64,79,86,21,0,11,25,25,32,10,0,16,39,54,54,11
2017_2,봉천로33길,349,225,124,6,38,62,86,83,74,5,23,42,60,44,51,1,15,20,26,39,23
2017_2,봉천로13길,321,98,223,0,24,51,92,106,48,0,6,18,30,27,17,0,18,33,62,79,31
2017_2,복은길,175,58,117,0,15,25,38,57,40,0,3,8,18,19,10,0,12,17,20,38,30
2017_2,법원단지길,2,1,1,0,0,0,1,1,0,0,0,0,0,1,0,0,0,0,1,0,0
2017_2,법원단지9길,89,39,50,0,14,21,18,26,10,0,4,14,6,9,6,0,10,7,12,17,4
2017_2,미성5길,66,34,32,0,7,13,10,21,15,0,3,6,4,7,14,0,4,7,6,14,1
2017_2,대학길,86,31,55,0,10,25,17,24,10,0,0,14,5,9,3,0,10,11,12,15,7
2017_2,대학14길,12,3,9,0,0,1,0,4,7,0,0,1,0,2,0,0,0,0,0,2,7
2017_2,당곡길,380,196,184,1,44,77,109,80,69,0,18,38,50,38,52,1,26,39,59,42,17
2017_2,남현길,242,97,145,0,36,75,59,53,19,0,11,30,26,17,13,0,25,45,33,36,6
2017_2,남현3길,401,242,159,0,54,73,96,104,74,0,10,35,57,80,60,0,44,38,39,24,14
2017_2,남부순환로248길,249,122,127,1,31,61,65,68,23,1,7,35,25,37,17,0,24,26,40,31,6
2017_2,남부순환로234길,118,81,37,0,7,23,35,29,24,0,3,17,26,21,14,0,4,6,9,8,10
2017_2,남부순환로172길,1354,779,575,0,111,220,318,391,314,0,46,121,162,230,220,0,65,99,156,161,94
2017_2,남부순환로161길,21,6,15,0,0,4,11,4,2,0,0,0,3,2,1,0,0,4,8,2,1
2017_2,남부순환로151길,190,134,56,0,11,30,54,61,34,0,6,19,39,41,29,0,5,11,15,20,5
2017_2,남부순환로142길,74,34,40,0,9,12,19,20,14,0,2,6,7,12,7,0,7,6,12,8,7
2017_2,난향길,160,39,121,0,16,43,49,30,22,0,1,3,14,6,15,0,15,40,35,24,7
2017_2,난우길,406,160,246,0,28,76,104,96,102,0,5,27,56,34,38,0,23,49,48,62,64
2017_2,난곡로74길,134,60,74,1,29,36,29,24,15,1,8,17,14,12,8,0,21,19,15,12,7
2017_2,난곡로34길,25,8,17,0,7,3,9,3,3,0,0,0,4,2,2,0,7,3,5,1,1
2017_2,난곡로26길,121,46,75,0,14,22,42,34,9,0,7,8,12,14,5,0,7,14,30,20,4
2017_2,난곡로24길,37,18,19,0,6,9,13,8,1,0,0,4,7,6,1,0,6,5,6,2,0
2017_2,낙성대역길,716,455,261,1,62,104,144,202,203,1,16,55,70,144,169,0,46,49,74,58,34
2017_2,국회단지길,539,246,293,1,110,112,145,112,59,0,22,60,92,42,30,1,88,52,53,70,29
2017_2,구암길,74,26,48,0,13,14,22,14,11,0,5,5,4,5,7,0,8,9,18,9,4
2017_2,관천로22길,28,12,16,0,4,8,8,5,3,0,1,5,4,0,2,0,3,3,4,5,1
2017_2,관천로15길,145,78,67,0,18,29,41,33,24,0,7,16,22,15,18,0,11,13,19,18,6
2017_2,관악로30길,195,66,129,0,25,46,51,48,25,0,10,17,15,12,12,0,15,29,36,36,13
2017_2,관악로28길,146,73,73,0,17,19,38,30,42,0,4,3,11,15,40,0,13,16,27,15,2
2017_2,관악로14길,448,257,191,3,83,89,81,80,112,0,26,53,47,43,88,3,57,36,34,37,24
2017_2,관악로10길,224,163,61,0,28,52,69,43,32,0,19,37,51,33,23,0,9,15,18,10,9
2017_2,흑석로9길,195,88,107,0,48,36,47,36,28,0,21,23,22,12,10,0,27,13,25,24,18
2017_2,흑석로13길,122,9,113,0,43,37,22,10,10,0,1,3,2,1,2,0,42,34,20,9,8
2017_2,장승배기로27길,39,20,19,0,4,5,11,11,8,0,1,1,6,7,5,0,3,4,5,4,3
2017_2,장승배기로19길,8,5,3,0,1,1,3,2,1,0,0,0,2,2,1,0,1,1,1,0,0
2017_2,여의대방로46길,445,149,296,0,56,142,130,84,33,0,14,46,34,34,21,0,42,96,96,50,12
2017_2,여의대방로24길,16849,8087,8762,79,2710,2735,3182,4911,3232,39,1862,1996,1398,1517,1275,40,848,739,1784,3394,1957
2017_2,여의대방로22카길,279,115,164,1,37,42,79,87,33,1,13,28,35,25,13,0,24,14,44,62,20
2017_2,여의대방로22나길,131,50,81,0,11,31,39,34,16,0,4,7,14,16,9,0,7,24,25,18,7
2017_2,여의대방로22길,207,121,86,3,32,40,44,61,27,3,17,28,25,31,17,0,15,12,19,30,10
2017_2,양녕로26길,132,64,68,0,15,20,31,43,23,0,2,8,16,21,17,0,13,12,15,22,6
2017_2,신대방길,109,71,38,0,7,26,31,27,18,0,3,14,21,19,14,0,4,12,10,8,4
2017_2,성대로29길,3,3,0,0,0,1,2,0,0,0,0,1,2,0,0,0,0,0,0,0,0
2017_2,성대로1길,312,124,188,0,14,57,98,68,75,0,3,27,40,28,26,0,11,30,58,40,49
2017_2,서달로8가길,242,105,137,2,29,53,59,45,54,1,6,21,20,20,37,1,23,32,39,25,17
2017_2,서달로14길,32,13,19,0,9,4,11,5,3,0,2,2,5,1,3,0,7,2,6,4,0
2017_2,서달로10길,78,30,48,0,4,11,13,36,14,0,3,6,6,14,1,0,1,5,7,22,13
2017_2,상도로62길,220,85,135,0,15,55,69,47,34,0,0,25,28,11,21,0,15,30,41,36,13
2017_2,상도로61길,43,19,24,0,10,6,13,10,4,0,1,1,8,6,3,0,9,5,5,4,1
2017_2,상도로47길,59,43,16,0,9,20,13,13,4,0,7,15,9,9,3,0,2,5,4,4,1
2017_2,상도로37길,1945,952,993,26,306,505,520,392,196,1,64,318,290,191,88,25,242,187,230,201,108
2017_2,상도로15길,321,137,184,1,39,66,107,74,34,0,9,27,58,29,14,1,30,39,49,45,20
2017_2,사당로8길,121,69,52,0,10,27,30,31,23,0,1,14,16,21,17,0,9,13,14,10,6
2017_2,사당로30길,298,201,97,0,15,84,113,61,25,0,8,48,80,46,19,0,7,36,33,15,6
2017_2,사당로2차길,134,86,48,2,59,22,16,19,16,1,45,10,10,9,11,1,14,12,6,10,5
2017_2,사당로29길,16,13,3,0,0,1,2,5,8,0,0,0,1,4,8,0,0,1,1,1,0
2017_2,사당로26길,262,149,113,0,35,49,92,58,28,0,11,30,64,27,17,0,24,19,28,31,11
2017_2,사당로23나길,127,36,91,0,12,20,43,27,25,0,2,3,10,4,17,0,10,17,33,23,8
2017_2,사당로23길,16,13,3,0,4,4,1,7,0,0,4,3,1,5,0,0,0,1,0,2,0
2017_2,사당로20길,186,142,44,0,5,23,81,49,28,0,1,19,64,33,25,0,4,4,17,16,3
2017_2,사당로16길,136,36,100,0,6,28,46,41,15,0,1,6,12,9,8,0,5,22,34,32,7
2017_2,사당로16가길,793,469,324,0,22,59,124,158,430,0,13,35,53,64,304,0,9,24,71,94,126
2017_2,만양로8길,88,39,49,0,15,18,22,18,15,0,2,5,14,9,9,0,13,13,8,9,6
2017_2,만양로14길,353,149,204,0,33,93,99,69,59,0,6,34,41,32,36,0,27,59,58,37,23
2017_2,등용로14길,643,443,200,1,92,210,169,80,91,0,64,161,126,41,51,1,28,49,43,39,40
2017_2,동작대로7길,1955,742,1213,11,459,427,461,415,182,5,96,183,200,146,112,6,363,244,261,269,70
2017_2,동작대로35길,841,123,718,2,67,83,227,358,104,0,13,34,37,19,20,2,54,49,190,339,84
2017_2,동작대로33길,116,63,53,0,17,27,29,24,19,0,5,13,17,17,11,0,12,14,12,7,8
2017_2,동작대로29길,30,17,13,0,3,6,9,6,6,0,3,5,3,3,3,0,0,1,6,3,3
2017_2,동작대로17길,1344,718,626,6,205,348,420,243,122,2,63,175,262,139,77,4,142,173,158,104,45
2017_2,대방동2길,449,213,236,1,68,120,117,98,45,0,12,71,63,49,18,1,56,49,54,49,27
2017_2,대방동27길,95,53,42,0,7,22,18,32,16,0,4,10,7,20,12,0,3,12,11,12,4
2017_2,노량진로6길,110,28,82,0,6,25,24,42,13,0,2,6,5,13,2,0,4,19,19,29,11
2017_2,국사봉길,39,7,32,0,2,7,13,8,9,0,1,0,2,2,2,0,1,7,11,6,7
2017_2,국사봉2길,72,38,34,0,11,17,13,17,14,0,1,10,8,9,10,0,10,7,5,8,4
2017_2,국사봉1길,7,3,4,0,1,1,2,3,0,0,0,1,1,1,0,0,1,0,1,2,0
2017_2,영신로9길,340,188,152,0,39,84,101,77,39,0,15,50,56,41,26,0,24,34,45,36,13
2017_2,영등포로84길,426,97,329,0,58,59,85,136,88,0,16,27,21,18,15,0,42,32,64,118,73
2017_2,영등포로80길,49,23,26,2,6,11,10,9,11,1,0,2,5,5,10,1,6,9,5,4,1
2017_2,영등포로62길,2,2,0,0,0,0,2,0,0,0,0,0,2,0,0,0,0,0,0,0,0
2017_2,영등포로35길,88,60,28,0,6,28,25,22,7,0,4,23,17,11,5,0,2,5,8,11,2
2017_2,영등포로27길,366,233,133,4,34,110,114,72,32,2,19,74,68,41,29,2,15,36,46,31,3
2017_2,여의대방로43나길,2219,1798,421,0,33,162,361,837,826,0,21,126,286,647,718,0,12,36,75,190,108
2017_2,여의대방로39길,14,11,3,0,2,6,5,1,0,0,2,6,3,0,0,0,0,0,2,1,0
2017_2,여의대방로35길,798,418,380,6,124,182,218,147,121,6,36,88,109,89,90,0,88,94,109,58,31
2017_2,양평로28길,613,489,124,2,29,106,177,203,96,2,17,72,152,165,81,0,12,34,25,38,15
2017_2,양평로22라길,28,15,13,0,4,8,8,3,5,0,2,4,2,2,5,0,2,4,6,1,0
2017_2,양평로19길,4473,3506,967,1,779,1967,1166,447,113,0,419,1625,1003,366,93,1,360,342,163,81,20
2017_2,신길로60길,502,194,308,1,34,137,148,122,60,1,3,61,63,42,24,0,31,76,85,80,36
2017_2,신길로42길,380,190,190,2,46,103,103,84,42,1,18,52,55,36,28,1,28,51,48,48,14
2017_2,신길로42가길,101,33,68,0,9,21,27,24,20,0,2,6,10,6,9,0,7,15,17,18,11
2017_2,신길로39길,107,46,61,0,12,21,26,21,27,0,2,12,12,9,11,0,10,9,14,12,16
2017_2,신길로17길,56,38,18,0,6,8,14,18,10,0,5,7,6,12,8,0,1,1,8,6,2
2017_2,선유서로28길,572,276,296,1,47,79,106,152,187,0,20,42,55,73,86,1,27,37,51,79,101
2017_2,선유서로25길,2259,1620,639,3,178,446,560,561,511,1,86,322,448,425,338,2,92,124,112,136,173
2017_2,선유서로24길,161,86,75,0,10,33,48,44,26,0,3,20,24,23,16,0,7,13,24,21,10
2017_2,선유로55길,2389,1421,968,12,423,704,602,430,218,2,188,438,379,254,160,10,235,266,223,176,58
2017_2,디지털로74길,49,30,19,0,4,17,14,11,3,0,2,12,10,5,1,0,2,5,4,6,2
2017_2,디지털로57길,8,4,4,0,1,3,2,1,1,0,0,2,0,1,1,0,1,1,2,0,0
2017_2,디지털로37길,219,93,126,0,28,42,53,55,41,0,7,18,22,22,24,0,21,24,31,33,17
2017_2,도신로62길,181,55,126,0,15,43,63,52,8,0,5,18,15,13,4,0,10,25,48,39,4
2017_2,도신로60길,67,12,55,0,2,2,15,15,33,0,0,1,7,1,3,0,2,1,8,14,30
2017_2,도신로29길,83,37,46,1,5,6,18,33,20,0,5,3,11,11,7,1,0,3,7,22,13
2017_2,도신로15길,83,32,51,0,17,16,24,16,10,0,3,8,8,7,6,0,14,8,16,9,4
2017_2,도림천로21길,77,30,47,0,18,14,14,19,12,0,7,3,6,4,10,0,11,11,8,15,2
2017_2,도림로63길,38,26,12,0,2,6,13,11,6,0,2,4,8,8,4,0,0,2,5,3,2
2017_2,도림로147길,1718,1225,493,2,121,330,523,519,223,1,77,231,352,393,171,1,44,99,171,126,52
2017_2,도림로112길,14,6,8,0,0,1,4,5,4,0,0,1,3,1,1,0,0,0,1,4,3
2017_2,대림로8길,1840,588,1252,2,595,508,344,279,112,1,100,167,134,118,68,1,495,341,210,161,44
2017_2,대림로7길,9,5,4,0,0,0,3,6,0,0,0,0,2,3,0,0,0,0,1,3,0
2017_2,대림로44길,33,22,11,0,0,10,9,8,6,0,0,7,6,5,4,0,0,3,3,3,2
2017_2,대림로34길,200,81,119,2,20,51,69,39,19,0,7,19,28,17,10,2,13,32,41,22,9
2017_2,대림로31길,796,441,355,1,71,98,161,270,195,1,41,60,78,138,123,0,30,38,83,132,72
2017_2,대림로29길,1644,761,883,2,235,338,441,396,232,0,45,129,217,213,157,2,190,209,224,183,75
2017_2,대림로22길,365,204,161,0,24,61,126,97,57,0,9,33,76,52,34,0,15,28,50,45,23
2017_2,당산로46길,4216,2534,1682,9,635,805,1100,1105,562,1,134,530,758,721,390,8,501,275,342,384,172
2017_2,당산로38길,195,129,66,1,30,59,54,37,14,0,14,38,34,29,14,1,16,21,20,8,0
2017_2,당산로37길,3855,2553,1302,57,944,956,744,680,474,38,503,657,521,490,344,19,441,299,223,190,130
2017_2,당산로31길,4268,2309,1959,5,587,1151,1056,974,495,2,213,524,562,650,358,3,374,627,494,324,137
2017_2,국회대로56길,1702,1110,592,7,114,257,356,394,574,3,65,184,265,288,305,4,49,73,91,106,269
2017_2,경인로90길,302,183,119,1,24,69,80,83,45,1,9,37,40,59,37,0,15,32,40,24,8
2017_2,경인로80길,1549,1117,432,4,142,269,403,438,293,2,81,173,275,337,249,2,61,96,128,101,44
2017_2,경인로77길,673,443,230,0,99,132,158,175,109,0,32,73,119,127,92,0,67,59,39,48,17
2017_2,가마산로61길,190,70,120,1,19,44,61,40,25,1,2,15,27,11,14,0,17,29,34,29,11
2017_2,시흥대로94길,687,342,345,0,65,134,191,188,109,0,30,69,92,94,57,0,35,65,99,94,52
2017_2,시흥대로84길,179,73,106,0,20,37,62,37,23,0,2,17,21,20,13,0,18,20,41,17,10
2017_2,시흥대로68길,682,177,505,0,15,39,74,128,426,0,5,15,22,30,105,0,10,24,52,98,321
2017_2,시흥대로63길,2805,1456,1349,9,394,900,611,598,293,3,196,400,265,403,189,6,198,500,346,195,104
2017_2,시흥대로62가길,430,115,315,0,56,78,89,141,66,0,15,26,22,31,21,0,41,52,67,110,45
2017_2,시흥대로36길,367,211,156,1,58,101,109,68,30,0,25,57,66,42,21,1,33,44,43,26,9
2017_2,시흥대로22길,502,351,151,0,25,57,123,137,160,0,12,36,74,102,127,0,13,21,49,35,33
2017_2,시흥대로153길,676,384,292,2,60,142,210,189,73,1,27,87,127,99,43,1,33,55,83,90,30
2017_2,시흥대로150길,537,244,293,0,51,110,149,143,84,0,14,41,61,74,54,0,37,69,88,69,30
2017_2,시흥대로141길,661,392,269,1,119,172,167,141,61,0,50,104,110,88,40,1,69,68,57,53,21
2017_2,시흥대로138길,15,7,8,0,1,3,3,6,2,0,0,2,0,3,2,0,1,1,3,3,0
2017_2,시흥대로120길,510,332,178,0,79,99,177,120,35,0,57,62,130,64,19,0,22,37,47,56,16
2017_2,벚꽃로56길,1901,1322,579,6,311,734,518,248,84,5,192,511,390,154,70,1,119,223,128,94,14
2017_2,범안로17길,139,86,53,0,12,24,24,44,35,0,9,16,12,29,20,0,3,8,12,15,15
2017_2,범안로11길,1108,875,233,11,143,310,326,212,106,10,104,255,254,168,84,1,39,55,72,44,22
2017_2,문성로5길,156,49,107,0,10,20,26,51,49,0,3,9,8,13,16,0,7,11,18,38,33
2017_2,독산로85길,100,28,72,0,6,10,18,40,26,0,0,6,4,12,6,0,6,4,14,28,20
2017_2,독산로78다길,227,102,125,0,29,27,59,54,58,0,11,6,23,21,41,0,18,21,36,33,17
2017_2,독산로70길,4,3,1,0,0,1,0,0,3,0,0,1,0,0,2,0,0,0,0,0,1
2017_2,독산로64길,121,33,88,0,28,23,33,32,5,0,4,7,9,9,4,0,24,16,24,23,1
2017_2,독산로50길,93,38,55,0,6,15,27,38,7,0,1,5,9,18,5,0,5,10,18,20,2
2017_2,독산로40길,62,23,39,0,6,6,27,16,7,0,1,4,11,3,4,0,5,2,16,13,3
2017_2,독산로108길,737,349,388,3,113,141,172,185,123,0,34,72,86,80,77,3,79,69,86,105,46
2017_2,남부순환로112길,12,6,6,0,1,2,1,4,4,0,0,2,0,2,2,0,1,0,1,2,2
2017_2,금하로24길,175,57,118,0,31,31,46,49,18,0,7,9,10,17,14,0,24,22,36,32,4
2017_2,금하로1길,66,30,36,0,4,14,19,21,8,0,1,9,9,7,4,0,3,5,10,14,4
2017_2,금하로14길,16,8,8,0,0,7,8,1,0,0,0,3,4,1,0,0,0,4,4,0,0
2017_2,가산로5길,566,444,122,10,76,120,186,119,55,7,65,92,142,98,40,3,11,28,44,21,15
2017_2,가산로3길,2425,1831,594,6,254,499,531,703,432,6,200,424,401,486,314,0,54,75,130,217,118
2017_2,중앙로1길,1513,1052,461,7,179,296,296,284,451,1,103,197,181,192,378,6,76,99,115,92,73
2017_2,중앙로15길,90,45,45,0,6,14,30,26,14,0,1,5,9,17,13,0,5,9,21,9,1
2017_2,우마길,33,22,11,0,4,14,12,2,1,0,1,11,8,1,1,0,3,3,4,1,0
2017_2,오류로8길,241,108,133,0,40,69,57,54,21,0,7,35,30,19,17,0,33,34,27,35,4
2017_2,신도림로13길,783,593,190,2,65,145,196,256,119,2,53,113,141,188,96,0,12,32,55,68,23
2017_2,새말로18길,1070,452,618,2,501,362,116,49,40,0,148,185,61,33,25,2,353,177,55,16,15
2017_2,부일로1길,752,612,140,1,39,88,150,251,223,0,26,58,113,205,210,1,13,30,37,46,13
2017_2,부일로15길,178,153,25,0,7,12,20,62,77,0,4,5,15,56,73,0,3,7,5,6,4
2017_2,부일로11길,23,5,18,0,3,5,5,7,3,0,0,1,2,1,1,0,3,4,3,6,2
2017_2,디지털로32길,1122,583,539,1,209,387,224,157,144,1,79,199,124,75,105,0,130,188,100,82,39
2017_2,디지털로32가길,7325,5079,2246,32,1571,2950,1749,663,360,22,757,2132,1383,499,286,10,814,818,366,164,74
2017_2,디지털로27길,385,251,134,0,21,70,106,137,51,0,8,36,61,99,47,0,13,34,45,38,4
2017_2,도림로6길,100,45,55,0,19,25,28,19,9,0,5,11,14,10,5,0,14,14,14,9,4
2017_2,도림로12길,106,46,60,0,25,19,26,30,6,0,8,11,11,11,5,0,17,8,15,19,1
2017_2,남부순환로97길,259,89,170,2,36,55,77,53,36,0,6,15,23,25,20,2,30,40,54,28,16
2017_2,구로중앙로8길,207,73,134,0,21,39,64,53,30,0,4,11,16,19,23,0,17,28,48,34,7
2017_2,구로중앙로7길,181,59,122,0,35,36,48,42,20,0,4,4,19,18,14,0,31,32,29,24,6
2017_2,구로중앙로42길,805,608,197,1,56,138,219,260,131,1,38,106,149,204,110,0,18,32,70,56,21
2017_2,구로중앙로34길,627,367,260,0,45,107,171,165,139,0,24,56,112,102,73,0,21,51,59,63,66
2017_2,구로중앙로28길,3021,1453,1568,2,189,376,555,673,1226,0,76,221,335,380,441,2,113,155,220,293,785
2017_2,구로중앙로19길,12,6,6,0,2,1,5,1,3,0,0,1,3,0,2,0,2,0,2,1,1
2017_2,구로동로8길,148,44,104,0,23,23,39,35,28,0,4,7,12,15,6,0,19,16,27,20,22
2017_2,구로동로7길,166,65,101,0,25,21,49,51,20,0,7,3,15,23,17,0,18,18,34,28,3
2017_2,구로동로42길,22,14,8,0,1,5,7,8,1,0,0,3,5,5,1,0,1,2,2,3,0
2017_2,구로동로41길,463,292,171,0,59,124,146,100,34,0,46,75,88,56,27,0,13,49,58,44,7
2017_2,구로동로38길,37,14,23,0,9,2,11,7,8,0,1,0,6,1,6,0,8,2,5,6,2
2017_2,구로동로28길,202,93,109,0,14,41,69,39,39,0,4,21,29,15,24,0,10,20,40,24,15
2017_2,구로동로15길,21,2,19,0,7,5,2,5,2,0,0,0,0,1,1,0,7,5,2,4,1
2017_2,공원로6가길,303,213,90,5,53,69,92,61,23,2,39,46,68,40,18,3,14,23,24,21,5
2017_2,고척로52길,234,65,169,3,14,40,65,85,27,1,2,11,25,13,13,2,12,29,40,72,14
2017_2,고척로27다길,212,82,130,0,14,31,77,54,36,0,3,8,26,25,20,0,11,23,51,29,16
2017_2,고척로27길,244,113,131,0,29,50,85,65,15,0,8,23,39,34,9,0,21,27,46,31,6
2017_2,고척로21나길,229,63,166,0,25,41,37,74,52,0,3,19,8,11,22,0,22,22,29,63,30
2017_2,경인로47길,889,497,392,1,89,138,248,266,147,1,37,73,147,155,84,0,52,65,101,111,63
2017_2,경인로35길,292,118,174,0,15,53,92,87,45,0,4,21,29,41,23,0,11,32,63,46,22
2017_2,경인로31길,58,20,38,0,5,9,31,8,5,0,3,2,9,2,4,0,2,7,22,6,1
2017_2,경인로15길,134,58,76,0,26,45,29,17,17,0,6,28,9,7,8,0,20,17,20,10,9
2017_2,개봉로3길,244,150,94,2,62,39,63,43,35,1,48,21,24,26,30,1,14,18,39,17,5
2017_2,개봉로2길,481,137,344,1,75,119,152,88,46,1,15,21,46,30,24,0,60,98,106,58,22
2017_2,개봉로23가길,937,556,381,2,85,201,255,227,167,0,34,120,146,141,115,2,51,81,109,86,52
2017_2,개봉로20길,124,72,52,0,13,35,44,21,11,0,7,23,23,10,9,0,6,12,21,11,2
2017_2,개봉로1길,51,26,25,0,5,9,16,10,11,0,2,5,7,3,9,0,3,4,9,7,2
2017_2,개봉로17다길,168,79,89,0,5,26,55,52,30,0,2,8,20,27,22,0,3,18,35,25,8
2017_2,개봉로17길,872,356,516,7,111,149,207,284,114,3,43,85,100,77,48,4,68,64,107,207,66
2017_2,개봉로11길,49,10,39,0,15,8,15,10,1,0,3,1,2,3,1,0,12,7,13,7,0
2017_2,화곡로64길,2966,1641,1325,4,739,915,694,365,249,1,185,585,500,236,134,3,554,330,194,129,115
2017_2,화곡로59길,476,195,281,0,80,164,139,69,24,0,19,65,58,31,22,0,61,99,81,38,2
2017_2,화곡로44나길,830,710,120,0,21,75,158,284,292,0,10,58,127,251,264,0,11,17,31,33,28
2017_2,화곡로31길,1142,416,726,1,197,214,295,267,168,0,48,86,106,84,92,1,149,128,189,183,76
2017_2,화곡로20길,520,334,186,1,25,96,120,169,109,1,13,50,67,111,92,0,12,46,53,58,17
2017_2,화곡로13길,264,88,176,3,31,58,72,93,7,3,8,12,23,38,4,0,23,46,49,55,3
2017_2,초원로16길,690,318,372,1,93,154,110,90,242,0,33,91,63,50,81,1,60,63,47,40,161
2017_2,초록마을로8길,174,35,139,0,25,44,45,39,21,0,3,5,9,10,8,0,22,39,36,29,13
2017_2,초록마을로3길,50,25,25,0,6,11,12,9,12,0,0,3,10,4,8,0,6,8,2,5,4
2017_2,월정로20길,4,2,2,0,0,0,2,2,0,0,0,0,0,2,0,0,0,0,2,0,0
2017_2,우장산로6길,306,168,138,0,23,42,94,100,47,0,8,25,53,53,29,0,15,17,41,47,18
2017_2,양천로73가길,1321,838,483,3,86,236,357,394,245,3,46,127,224,239,199,0,40,109,133,155,46
2017_2,양천로71길,203,132,71,0,23,57,59,36,28,0,14,43,30,22,23,0,9,14,29,14,5
2017_2,양천로49길,709,575,134,0,33,112,149,223,192,0,12,75,121,189,178,0,21,37,28,34,14
2017_2,양천로26길,144,58,86,0,12,20,40,55,17,0,6,8,16,18,10,0,6,12,24,37,7
2017_2,양천로24길,350,141,209,0,27,62,65,99,97,0,11,35,31,24,40,0,16,27,34,75,57
2017_2,양천로24가길,696,316,380,1,73,147,192,172,111,1,25,77,77,73,63,0,48,70,115,99,48
2017_2,양천로14길,232,143,89,0,8,26,68,66,64,0,4,17,43,40,39,0,4,9,25,26,25
2017_2,방화대로6라길,762,481,281,2,85,192,282,143,58,1,40,129,185,95,31,1,45,63,97,48,27
2017_2,방화대로21길,845,512,333,1,99,164,202,217,162,1,41,86,111,139,134,0,58,78,91,78,28
2017_2,등촌로5길,10,3,7,0,0,2,5,3,0,0,0,0,2,1,0,0,0,2,3,2,0
2017_2,등촌로55길,509,347,162,1,25,79,112,136,156,0,8,45,67,94,133,1,17,34,45,42,23
2017_2,등촌로51길,19,11,8,0,6,2,6,4,1,0,0,1,5,4,1,0,6,1,1,0,0
2017_2,등촌로39길,66,24,42,0,3,11,23,23,6,0,3,2,4,11,4,0,0,9,19,12,2
2017_2,등촌로13길,196,105,91,0,16,39,49,60,32,0,6,18,22,36,23,0,10,21,27,24,9
2017_2,남부순환로11길,413,289,124,0,38,114,133,87,41,0,23,79,91,65,31,0,15,35,42,22,10
2017_2,까치산로4길,144,57,87,0,18,36,27,32,31,0,6,15,12,14,10,0,12,21,15,18,21
2017_2,국회대로7길,376,223,153,0,43,92,105,95,41,0,20,56,62,56,29,0,23,36,43,39,12
2017_2,공항대로8길,200,81,119,0,14,37,52,54,43,0,3,24,24,21,9,0,11,13,28,33,34
2017_2,공항대로61길,223,145,78,0,30,65,78,36,14,0,11,51,48,25,10,0,19,14,30,11,4
2017_2,공항대로59다길,890,646,244,3,108,256,200,168,155,0,57,194,149,127,119,3,51,62,51,41,36
2017_2,공항대로59길,1182,774,408,7,163,239,274,290,209,5,88,135,170,207,169,2,75,104,104,83,40
2017_2,공항대로55길,1076,736,340,4,254,392,233,113,80,1,136,272,186,86,55,3,118,120,47,27,25
2017_2,공항대로42길,6,3,3,0,0,0,1,3,2,0,0,0,1,0,2,0,0,0,0,3,0
2017_2,공항대로38길,270,146,124,0,34,54,79,65,38,0,9,26,54,32,25,0,25,28,25,33,13
2017_2,곰달래로60길,560,296,264,3,61,101,133,148,114,1,20,62,78,65,70,2,41,39,55,83,44
2017_2,곰달래로53길,61,19,42,0,4,15,25,12,5,0,1,6,5,3,4,0,3,9,20,9,1
2017_2,곰달래로47길,38,14,24,0,8,6,13,8,3,0,1,2,6,4,1,0,7,4,7,4,2
2017_2,곰달래로31길,12,10,2,0,1,1,7,3,0,0,1,1,5,3,0,0,0,0,2,0,0
2017_2,곰달래로25길,617,251,366,2,84,114,158,153,106,2,16,47,60,63,63,0,68,67,98,90,43
2017_2,개화동로25길,670,430,240,7,51,121,148,159,184,3,26,54,95,103,149,4,25,67,53,56,35
2017_2,개화동로23길,128,87,41,0,13,28,26,42,19,0,6,22,17,28,14,0,7,6,9,14,5
2017_2,강서로8길,148,83,65,0,23,38,43,28,16,0,16,25,22,12,8,0,7,13,21,16,8
2017_2,강서로5라길,297,175,122,0,33,73,89,78,24,0,22,48,49,41,15,0,11,25,40,37,9
2017_2,강서로5나길,116,66,50,0,11,31,28,26,20,0,5,18,17,14,12,0,6,13,11,12,8
2017_2,강서로5가길,48,25,23,0,2,11,8,17,10,0,2,10,4,5,4,0,0,1,4,12,6
2017_2,강서로47라길,107,57,50,1,9,22,37,25,13,1,6,10,23,11,6,0,3,12,14,14,7
2017_2,강서로47길,392,201,191,0,17,75,109,159,32,0,3,34,49,92,23,0,14,41,60,67,9
2017_2,강서로45다길,789,396,393,4,155,148,157,200,125,1,46,59,80,106,104,3,109,89,77,94,21
2017_2,강서로45길,141,63,78,1,18,14,37,39,32,0,2,7,16,17,21,1,16,7,21,22,11
2017_2,강서로35길,176,99,77,0,31,34,44,47,20,0,9,22,24,29,15,0,22,12,20,18,5
2017_2,강서로29길,316,160,156,1,23,60,86,96,50,1,8,35,48,49,19,0,15,25,38,47,31
2017_2,강서로18길,26,13,13,0,1,6,13,5,1,0,0,3,7,3,0,0,1,3,6,2,1
2017_2,강서로17가길,118,50,68,0,15,36,33,21,13,0,7,17,12,7,7,0,8,19,21,14,6
2017_2,강서로15길,266,129,137,0,22,53,76,73,42,0,9,27,32,31,30,0,13,26,44,42,12
2017_2,가로공원로80길,57,30,27,0,7,11,15,17,7,0,4,4,9,10,3,0,3,7,6,7,4
2017_2,가로공원로76가길,28,13,15,0,3,15,6,3,1,0,0,9,4,0,0,0,3,6,2,3,1
2017_2,화곡로4길,244,92,152,0,36,66,77,44,21,0,7,25,24,22,14,0,29,41,53,22,7
2017_2,화곡로3길,179,64,115,0,17,28,50,67,17,0,1,6,11,32,14,0,16,22,39,35,3
2017_2,지양로7길,227,76,151,0,24,49,73,65,16,0,7,10,20,30,9,0,17,39,53,35,7
2017_2,중앙로55길,362,190,172,0,18,72,138,99,35,0,8,36,62,60,24,0,10,36,76,39,11
2017_2,중앙로51길,142,90,52,0,7,25,42,36,32,0,2,18,23,26,21,0,5,7,19,10,11
2017_2,중앙로47길,127,34,93,0,10,16,23,31,47,0,1,10,8,8,7,0,9,6,15,23,40
2017_2,중앙로45길,155,50,105,0,18,28,35,46,28,0,6,10,11,16,7,0,12,18,24,30,21
2017_2,중앙로36길,2,2,0,0,0,0,0,0,2,0,0,0,0,0,2,0,0,0,0,0,0
2017_2,중앙로32길,623,292,331,4,118,134,125,129,113,2,49,83,68,49,41,2,69,51,57,80,72
2017_2,중앙로25길,245,65,180,0,30,43,75,84,13,0,9,10,15,24,7,0,21,33,60,60,6
2017_2,은행정로7길,498,163,335,0,42,66,96,156,138,0,15,31,42,43,32,0,27,35,54,113,106
2017_2,오목로5길,285,168,117,1,37,72,75,71,29,1,20,46,31,46,24,0,17,26,44,25,5
2017_2,오목로3길,418,393,25,0,0,14,50,174,180,0,0,10,41,165,177,0,0,4,9,9,3
2017_2,오목로30길,150,76,74,0,19,26,45,34,26,0,8,13,22,18,15,0,11,13,23,16,11
2017_2,오목로23길,801,456,345,1,107,216,207,158,112,0,52,137,112,91,64,1,55,79,95,67,48
2017_2,신월로20길,209,78,131,0,23,30,56,61,39,0,4,8,27,17,22,0,19,22,29,44,17
2017_2,신월로15길,793,359,434,4,96,162,194,199,138,0,34,78,84,81,82,4,62,84,110,118,56
2017_2,신목로6길,253,141,112,1,31,44,68,65,44,1,15,20,36,44,25,0,16,24,32,21,19
2017_2,신목로5길,870,328,542,0,74,169,282,234,111,0,24,66,99,80,59,0,50,103,183,154,52
2017_2,신목로2길,99,48,51,0,15,22,27,11,24,0,3,13,10,6,16,0,12,9,17,5,8
2017_2,목동중앙서로8가길,175,103,72,0,7,16,42,65,45,0,2,7,27,35,32,0,5,9,15,30,13
2017_2,목동중앙서로7길,235,72,163,1,31,43,53,63,44,0,9,17,15,15,16,1,22,26,38,48,28
2017_2,목동중앙북로8길,334,115,219,0,3,8,27,61,235,0,0,5,11,14,85,0,3,3,16,47,150
2017_2,목동중앙북로16길,281,91,190,0,29,62,87,78,25,0,8,18,28,23,14,0,21,44,59,55,11
2017_2,목동중앙본로7길,113,46,67,0,17,20,35,31,10,0,5,6,11,17,7,0,12,14,24,14,3
2017_2,목동중앙로3길,108,58,50,1,4,17,21,32,33,0,2,8,8,16,24,1,2,9,13,16,9
2017_2,목동중앙로13나길,291,213,78,0,40,106,76,44,25,0,25,74,59,31,24,0,15,32,17,13,1
2017_2,목동중앙남로3가길,544,353,191,0,39,126,119,178,82,0,19,74,64,131,65,0,20,52,55,47,17
2017_2,목동로9길,2381,1501,880,3,161,507,670,523,517,1,45,242,404,367,442,2,116,265,266,156,75
2017_2,목동로19길,987,337,650,1,144,218,258,233,133,0,32,88,94,67,56,1,112,130,164,166,77
2017_2,목동동로12길,416,149,267,2,53,77,113,115,56,0,8,25,38,38,40,2,45,52,75,77,16
2017_2,목동남로4길,10,4,6,0,0,0,3,6,1,0,0,0,0,3,1,0,0,0,3,3,0
2017_2,남부순환로88길,294,122,172,1,28,58,90,88,29,0,6,23,37,33,23,1,22,35,53,55,6
2017_2,남부순환로79길,415,314,101,0,10,35,83,149,138,0,5,19,53,121,116,0,5,16,30,28,22
2017_2,남부순환로70길,525,323,202,1,39,71,138,156,120,1,16,33,73,101,99,0,23,38,65,55,21
2017_2,남부순환로58길,187,110,77,0,18,41,43,61,24,0,14,29,23,28,16,0,4,12,20,33,8
2017_2,남부순환로40길,15,5,10,0,0,1,7,3,4,0,0,0,2,1,2,0,0,1,5,2,2
2017_2,남부순환로33길,1214,978,236,1,39,69,135,131,839,0,20,39,65,70,784,1,19,30,70,61,55
2017_2,곰달래로5길,53,31,22,0,7,17,13,13,3,0,3,12,8,6,2,0,4,5,5,7,1
2017_2,곰달래로3길,375,203,172,0,18,62,132,117,46,0,8,31,69,67,28,0,10,31,63,50,18
2017_2,곰달래로2길,267,148,119,1,39,75,68,58,26,1,15,56,39,28,9,0,24,19,29,30,17
2017_2,곰달래로10길,327,232,95,0,20,35,57,110,105,0,9,18,35,77,93,0,11,17,22,33,12
2017_2,가로공원로58길,75,15,60,0,12,14,26,21,2,0,2,3,5,3,2,0,10,11,21,18,0
2017_2,효창원로93길,94,46,48,0,12,30,37,9,6,0,2,16,21,4,3,0,10,14,16,5,3
2017_2,토정로37길,130,58,72,1,17,27,34,32,19,0,6,10,15,13,14,1,11,17,19,19,5
2017_2,월드컵로8길,1843,947,896,4,212,394,380,370,483,2,68,182,216,174,305,2,144,212,164,196,178
2017_2,월드컵로7길,4,2,2,0,1,1,1,0,1,0,0,0,1,0,1,0,1,1,0,0,0
2017_2,월드컵로36길,145,63,82,0,16,22,30,49,28,0,3,12,10,22,16,0,13,10,20,27,12
2017_2,월드컵로25길,279,157,122,0,44,76,76,53,30,0,20,47,42,28,20,0,24,29,34,25,10
2017_2,월드컵로19길,764,312,452,10,118,145,119,110,262,10,52,95,60,37,58,0,66,50,59,73,204
2017_2,월드컵로16길,3995,2036,1959,12,859,806,739,689,890,6,353,412,375,252,638,6,506,394,364,437,252
2017_2,월드컵로11길,272,120,152,1,67,60,66,54,24,0,24,29,27,25,15,1,43,31,39,29,9
2017_2,월드컵로10길,1644,857,787,4,467,579,339,160,95,0,158,274,235,119,71,4,309,305,104,41,24
2017_2,와우산로3길,148,84,64,0,26,51,44,21,6,0,4,30,29,15,6,0,22,21,15,6,0
2017_2,와우산로29길,186,96,90,0,61,56,42,12,15,0,31,33,20,6,6,0,30,23,22,6,9
2017_2,와우산로29가길,21,10,11,0,3,4,10,4,0,0,0,0,7,3,0,0,3,4,3,1,0
2017_2,양화진길,439,304,135,1,51,119,112,109,47,0,18,75,82,91,38,1,33,44,30,18,9
2017_2,양화로1길,4120,1917,2203,43,884,1589,1107,339,158,1,208,731,671,229,77,42,676,858,436,110,81
2017_2,양화로11길,380,250,130,0,60,105,127,57,31,0,22,62,102,44,20,0,38,43,25,13,11
2017_2,신촌로30길,24,17,7,3,2,6,8,3,2,3,0,6,4,2,2,0,2,0,4,1,0
2017_2,신촌로28가길,109,41,68,0,8,26,32,20,23,0,0,4,14,8,15,0,8,22,18,12,8
2017_2,신촌로12길,1404,646,758,3,337,328,267,233,236,0,212,184,103,54,93,3,125,144,164,179,143
2017_2,숭문길,3330,2289,1041,3,189,361,534,1308,935,1,67,240,396,898,687,2,122,121,138,410,248
2017_2,숭문8길,116,69,47,0,10,20,41,34,11,0,1,4,30,25,9,0,9,16,11,9,2
2017_2,성지3길,454,231,223,1,111,137,125,57,23,0,35,76,66,39,15,1,76,61,59,18,8
2017_2,성산로4길,1687,1082,605,6,288,388,415,355,235,5,121,239,283,256,178,1,167,149,132,99,57
2017_2,성미산로32길,409,189,220,0,134,101,94,49,31,0,42,56,52,22,17,0,92,45,42,27,14
2017_2,성미산로1길,636,440,196,0,77,149,172,96,142,0,28,96,111,69,136,0,49,53,61,27,6
2017_2,성미산로11길,1088,742,346,9,175,354,274,191,85,6,82,222,205,159,68,3,93,132,69,32,17
2017_2,백범로16길,604,306,298,62,217,146,79,72,28,29,98,68,43,49,19,33,119,78,36,23,9
2017_2,방울내로9안길,313,193,120,0,30,64,97,76,46,0,12,31,57,52,41,0,18,33,40,24,5
2017_2,모래내로7길,264,135,129,0,18,53,86,64,43,0,5,26,48,36,20,0,13,27,38,28,23
2017_2,매봉산로2길,1815,1138,677,14,317,661,603,179,41,5,110,400,468,128,27,9,207,261,135,51,14
2017_2,망원로2길,190,110,80,1,19,53,61,42,14,0,3,27,42,28,10,1,16,26,19,14,4
2017_2,망원로11길,1098,624,474,4,130,288,322,216,138,2,49,161,214,128,70,2,81,127,108,88,68
2017_2,만리재옛길,1421,615,806,12,517,405,292,118,77,5,253,220,58,41,38,7,264,185,234,77,39
2017_2,마포대로4길,171,93,78,2,11,39,43,44,32,2,9,25,24,15,18,0,2,14,19,29,14
2017_2,마포대로20길,1161,597,564,3,215,325,325,193,100,2,57,165,194,120,59,1,158,160,131,73,41
2017_2,마포대로12길,68,37,31,0,2,10,21,24,11,0,1,5,11,12,8,0,1,5,10,12,3
2017_2,동교로38길,248,119,129,0,70,80,63,27,8,0,31,36,32,14,6,0,39,44,31,13,2
2017_2,동교로27길,3538,1602,1936,6,627,1011,676,706,512,2,220,543,434,252,151,4,407,468,242,454,361
2017_2,동교로25길,547,271,276,3,115,247,133,41,8,3,31,128,73,30,6,0,84,119,60,11,2
2017_2,동교로19길,4557,3104,1453,24,579,1045,1141,1107,661,10,256,753,889,779,417,14,323,292,252,328,244
2017_2,동교로17길,844,435,409,2,178,241,229,138,56,0,62,119,149,78,27,2,116,122,80,60,29
2017_2,독막로8길,295,131,164,0,54,72,79,61,29,0,11,30,41,32,17,0,43,42,38,29,12
2017_2,독막로32길,460,200,260,1,68,111,148,89,43,0,24,53,63,31,29,1,44,58,85,58,14
2017_2,독막로22길,116,67,49,3,27,30,19,18,19,2,12,13,9,15,16,1,15,17,10,3,3
2017_2,도화길,1059,531,528,4,189,236,246,190,194,3,78,120,143,78,109,1,111,116,103,112,85
2017_2,도화4길,380,130,250,1,41,64,93,110,71,1,12,21,22,30,44,0,29,43,71,80,27
2017_2,대흥로28길,53,41,12,1,5,25,15,5,2,1,2,19,14,4,1,0,3,6,1,1,1
2017_2,대흥로21길,458,82,376,1,60,85,180,75,57,1,13,22,22,8,16,0,47,63,158,67,41
2017_2,광성로6길,135,86,49,0,15,46,32,24,18,0,5,31,22,14,14,0,10,15,10,10,4
2017_2,홍제내길,116,64,52,0,15,32,30,28,11,0,5,23,17,14,5,0,10,9,13,14,6
2017_2,홍연길,76,44,32,0,2,17,27,27,3,0,2,9,18,13,2,0,0,8,9,14,1
2017_2,통일로39길,11,9,2,0,2,1,2,4,2,0,1,1,2,3,2,0,1,0,0,1,0
2017_2,통일로37길,367,141,226,0,53,76,100,84,54,0,14,23,39,38,27,0,39,53,61,46,27
2017_2,통일로11길,9,8,1,0,1,3,5,0,0,0,1,2,5,0,0,0,0,1,0,0,0
2017_2,충정로6길,13745,7837,5908,31,2178,4828,4204,2042,462,18,818,2487,2703,1450,361,13,1360,2341,1501,592,101
2017_2,충정로4길,3043,2022,1021,0,386,1403,917,259,78,0,127,883,711,227,74,0,259,520,206,32,4
2017_2,증가로6길,213,91,122,0,19,49,46,63,36,0,4,18,24,35,10,0,15,31,22,28,26
2017_2,증가로23나길,459,239,220,1,88,124,126,81,39,1,49,72,53,40,24,0,39,52,73,41,15
2017_2,증가로20가길,246,85,161,0,43,55,62,65,21,0,11,18,14,28,14,0,32,37,48,37,7
2017_2,증가로10길,160,85,75,0,21,24,35,42,38,0,1,9,17,25,33,0,20,15,18,17,5
2017_2,응암로1길,395,283,112,2,22,50,100,147,74,1,10,29,70,114,59,1,12,21,30,33,15
2017_2,연희로10길,115,78,37,0,11,18,35,33,18,0,4,10,27,23,14,0,7,8,8,10,4
2017_2,신촌로37길,108,48,60,0,7,17,36,24,24,0,0,6,17,11,14,0,7,11,19,13,10
2017_2,수색로8길,3051,2834,217,0,8,22,45,264,2712,0,2,15,30,234,2553,0,6,7,15,30,159
2017_2,세무서길,334,118,216,0,45,74,98,70,47,0,8,21,34,30,25,0,37,53,64,40,22
2017_2,세검정로1길,325,182,143,0,41,82,82,66,54,0,16,47,46,36,37,0,25,35,36,30,17
2017_2,북아현로4길,416,92,324,0,46,55,82,134,99,0,10,13,22,20,27,0,36,42,60,114,72
2017_2,모래내로15길,93,25,68,0,7,13,26,24,23,0,2,3,9,5,6,0,5,10,17,19,17
2017_2,명지대길,386,286,100,0,32,45,86,122,101,0,15,23,50,105,93,0,17,22,36,17,8
2017_2,독립문로8길,726,276,450,0,133,185,168,158,82,0,32,65,81,55,43,0,101,120,87,103,39
2017_2,가재울로6길,20,10,10,0,5,2,8,2,3,0,0,1,7,1,1,0,5,1,1,1,2
2017_2,통일로92길,78,36,42,1,16,10,25,14,12,1,12,4,8,5,6,0,4,6,17,9,6
2017_2,통일로87길,216,102,114,0,20,32,60,67,37,0,7,17,24,30,24,0,13,15,36,37,13
2017_2,통일로78길,209,61,148,0,28,42,56,39,44,0,5,16,16,9,15,0,23,26,40,30,29
2017_2,진흥로1길,526,165,361,2,69,138,182,110,25,1,27,52,43,27,15,1,42,86,139,83,10
2017_2,진흥로12길,485,195,290,1,43,95,168,103,75,0,6,38,75,34,42,1,37,57,93,69,33
2017_2,증산서길,568,288,280,0,58,102,138,134,136,0,3,31,47,79,128,0,55,71,91,55,8
2017_2,증산로9길,89,25,64,0,13,24,25,25,2,0,5,3,11,5,1,0,8,21,14,20,1
2017_2,증산로5길,779,395,384,6,70,141,191,219,152,1,37,47,75,127,108,5,33,94,116,92,44
2017_2,증산로21길,241,159,82,1,21,29,37,79,74,0,10,15,18,59,57,1,11,14,19,20,17
2017_2,증산로17길,751,335,416,0,49,93,166,180,263,0,13,36,83,93,110,0,36,57,83,87,153
2017_2,증산로15길,202,79,123,0,20,36,52,56,38,0,6,14,19,20,20,0,14,22,33,36,18
2017_2,증산로13길,72,35,37,0,7,13,13,29,10,0,3,9,6,10,7,0,4,4,7,19,3
2017_2,응암로34길,64,42,22,1,7,15,12,18,11,0,5,8,7,12,10,1,2,7,5,6,1
2017_2,응암로22길,151,52,99,0,15,27,31,42,36,0,5,8,11,13,15,0,10,19,20,29,21
2017_2,응암로14길,379,129,250,0,58,81,120,88,32,0,12,19,39,38,21,0,46,62,81,50,11
2017_2,응암로13길,281,116,165,0,33,53,87,73,35,0,13,21,36,28,18,0,20,32,51,45,17
2017_2,응암로12길,203,111,92,1,22,57,56,41,26,1,4,32,30,24,20,0,18,25,26,17,6
2017_2,은평로8길,276,146,130,1,51,43,70,68,43,1,29,27,42,28,19,0,22,16,28,40,24
2017_2,은평로3길,308,95,213,0,37,73,94,73,31,0,9,23,19,22,22,0,28,50,75,51,9
2017_2,은평로20길,23,10,13,0,2,2,12,6,1,0,1,1,4,3,1,0,1,1,8,3,0
2017_2,은평로13길,385,255,130,2,31,53,116,103,80,2,17,34,71,67,64,0,14,19,45,36,16
2017_2,은평로10길,341,176,165,1,31,85,105,63,56,1,11,50,52,29,33,0,20,35,53,34,23
2017_2,연서로5길,42,12,30,0,3,9,12,15,3,0,2,2,3,5,0,0,1,7,9,10,3
2017_2,연서로41길,245,74,171,0,22,59,71,67,26,0,7,19,18,15,15,0,15,40,53,52,11
2017_2,연서로3길,109,42,67,3,13,21,30,33,9,3,6,9,11,10,3,0,7,12,19,23,6
2017_2,연서로34길,167,52,115,0,25,38,47,41,16,0,6,12,13,11,10,0,19,26,34,30,6
2017_2,연서로33길,25,8,17,0,3,9,8,3,2,0,0,2,3,2,1,0,3,7,5,1,1
2017_2,연서로29길,330,120,210,1,43,73,96,85,32,0,14,30,30,30,16,1,29,43,66,55,16
2017_2,연서로28길,815,359,456,1,104,148,180,203,179,0,40,74,98,66,81,1,64,74,82,137,98
2017_2,연서로27길,73,28,45,0,15,14,20,17,7,0,1,4,9,9,5,0,14,10,11,8,2
2017_2,연서로21길,343,212,131,0,34,65,116,89,39,0,21,49,61,52,29,0,13,16,55,37,10
2017_2,연서로17길,1189,357,832,3,165,210,297,336,178,1,38,95,110,59,54,2,127,115,187,277,124
2017_2,연서로16길,259,98,161,2,50,61,60,59,27,0,15,23,23,26,11,2,35,38,37,33,16
2017_2,연서로13길,729,223,506,3,96,159,224,194,53,1,26,60,77,37,22,2,70,99,147,157,31
2017_2,연서로11길,239,111,128,0,19,53,66,72,29,0,11,23,31,31,15,0,8,30,35,41,14
2017_2,역말로9길,19,13,6,0,2,8,4,2,3,0,1,6,3,1,2,0,1,2,1,1,1
2017_2,수색로18길,21,9,12,0,3,5,5,4,4,0,1,1,1,3,3,0,2,4,4,1,1
2017_2,서오릉로8길,15,0,15,0,8,1,3,3,0,0,0,0,0,0,0,0,8,1,3,3,0
2017_2,서오릉로21길,409,103,306,0,27,56,112,81,133,0,8,15,30,19,31,0,19,41,82,62,102
2017_2,불광천길,191,99,92,0,19,33,40,69,30,0,9,14,26,32,18,0,10,19,14,37,12
2017_2,갈현로7길,914,259,655,1,162,239,218,197,97,0,42,82,63,48,24,1,120,157,155,149,73
2017_2,갈현로41길,96,41,55,0,9,27,25,24,11,0,3,14,9,11,4,0,6,13,16,13,7
2017_2,갈현로33길,37,9,28,0,8,10,8,8,3,0,1,3,2,2,1,0,7,7,6,6,2
2017_2,갈현로1길,165,73,92,1,19,26,50,32,37,0,8,18,20,7,20,1,11,8,30,25,17
2017_2,가좌로7길,58,28,30,0,9,13,15,10,11,0,0,7,6,4,11,0,9,6,9,6,0
2017_2,한글비석로44길,421,231,190,1,28,65,101,123,103,0,8,35,49,62,77,1,20,30,52,61,26
2017_2,한글비석로24길,403,165,238,0,27,47,83,124,122,0,9,25,35,44,52,0,18,22,48,80,70
2017_2,한글비석로22길,671,309,362,1,62,141,197,177,93,0,16,66,90,83,54,1,46,75,107,94,39
2017_2,석계로1길,105,67,38,0,6,23,33,33,10,0,4,13,19,21,10,0,2,10,14,12,0
2017_2,상계로9가길,301,113,188,0,35,49,78,84,55,0,8,20,23,33,29,0,27,29,55,51,26
2017_2,상계로12길,28,19,9,6,1,1,9,10,1,6,1,1,4,6,1,0,0,0,5,4,0
2017_2,동일로242길,296,185,111,0,11,30,82,63,110,0,6,17,49,33,80,0,5,13,33,30,30
2017_2,동일로192길,450,200,250,0,46,57,101,112,134,0,26,33,45,39,57,0,20,24,56,73,77
2017_2,동일로173가길,2262,1201,1061,5,222,393,577,654,411,3,92,275,305,271,255,2,130,118,272,383,156
2017_2,공릉로58길,134,48,86,0,4,15,41,50,24,0,4,8,13,15,8,0,0,7,28,35,16
2017_2,해등로16길,88,69,19,0,14,25,30,14,5,0,9,19,23,13,5,0,5,6,7,1,0
2017_2,우이천로4다길,181,106,75,0,17,28,51,58,27,0,6,15,25,41,19,0,11,13,26,17,8
2017_2,우이천로32길,100,59,41,0,12,23,26,26,13,0,3,18,12,16,10,0,9,5,14,10,3
2017_2,시루봉로23길,47,22,25,0,6,13,14,9,5,0,1,7,6,6,2,0,5,6,8,3,3
2017_2,삼양로144길,80,58,22,0,13,14,23,16,14,0,5,11,16,13,13,0,8,3,7,3,1
2017_2,방학로6가길,172,91,81,0,15,40,57,33,27,0,2,24,28,15,22,0,13,16,29,18,5
2017_2,방학로5길,113,70,43,1,14,13,25,32,28,0,13,8,14,20,15,1,1,5,11,12,13
2017_2,방학로15길,326,208,118,0,14,34,70,111,97,0,3,16,37,68,84,0,11,18,33,43,13
2017_2,방학로10길,172,74,98,0,10,20,27,45,70,0,2,10,10,18,34,0,8,10,17,27,36
2017_2,도봉산4길,322,280,42,0,5,22,87,142,66,0,2,16,82,127,53,0,3,6,5,15,13
2017_2,도봉로181길,188,81,107,0,20,32,54,48,34,0,8,15,20,18,20,0,12,17,34,30,14
2017_2,도봉로169나길,297,127,170,1,36,52,63,81,64,0,11,23,34,33,26,1,25,29,29,48,38
2017_2,도봉로156길,256,132,124,2,39,59,74,44,38,2,17,31,39,21,22,0,22,28,35,23,16
2017_2,도봉로152가길,417,365,52,0,19,31,62,149,156,0,5,24,48,141,147,0,14,7,14,8,9
2017_2,도봉로147길,576,320,256,0,53,118,151,173,81,0,25,84,99,84,28,0,28,34,52,89,53
2017_2,도봉로114길,506,182,324,1,88,115,137,122,43,0,15,36,54,52,25,1,73,79,83,70,18
2017_2,도봉로109길,20,7,13,0,1,3,8,4,4,0,0,2,1,0,4,0,1,1,7,4,0
2017_2,도당로29길,868,495,373,5,163,212,214,177,97,5,67,125,103,113,82,0,96,87,111,64,15
2017_2,도당로19길,192,79,113,0,12,33,66,58,23,0,3,20,27,23,6,0,9,13,39,35,17
2017_2,도당로13바길,194,85,109,0,26,34,46,61,27,0,7,24,14,23,17,0,19,10,32,38,10
2017_2,도당로13가길,159,64,95,0,11,24,47,51,26,0,3,10,23,19,9,0,8,14,24,32,17
2017_2,덕릉로60길,83,48,35,1,5,18,33,19,7,1,2,11,16,13,5,0,3,7,17,6,2
2017_2,노해로63다길,596,261,335,1,94,152,152,129,68,1,32,71,78,43,36,0,62,81,74,86,32
2017_2,노해로60길,325,145,180,2,50,60,96,79,38,0,14,27,42,41,21,2,36,33,54,38,17
2017_2,한천로140길,97,49,48,0,6,10,23,31,27,0,1,6,11,15,16,0,5,4,12,16,11
2017_2,한천로139가길,54,32,22,0,7,18,21,3,5,0,4,12,13,1,2,0,3,6,8,2,3
2017_2,한천로132길,333,133,200,1,71,75,71,67,48,0,19,35,27,26,26,1,52,40,44,41,22
2017_2,한천로130길,276,124,152,0,37,82,70,69,18,0,10,33,35,33,13,0,27,49,35,36,5
2017_2,한천로124나길,85,47,38,0,5,17,24,22,17,0,3,11,8,12,13,0,2,6,16,10,4
2017_2,한천로109길,591,261,330,3,107,122,170,130,59,2,36,53,83,56,31,1,71,69,87,74,28
2017_2,인수봉로79길,173,46,127,1,19,53,45,42,13,0,5,8,15,9,9,1,14,45,30,33,4
2017_2,인수봉로72길,75,36,39,0,12,10,21,16,16,0,3,5,10,6,12,0,9,5,11,10,4
2017_2,오패산로67길,592,293,299,2,96,114,147,129,104,1,37,66,74,65,50,1,59,48,73,64,54
2017_2,오패산로52길,110,42,68,1,15,25,32,25,12,1,4,9,10,11,7,0,11,16,22,14,5
2017_2,수유로12길,264,170,94,0,30,69,68,42,55,0,11,45,48,23,43,0,19,24,20,19,12
2017_2,솔샘로65길,506,233,273,9,50,106,154,124,63,0,13,34,74,63,49,9,37,72,80,61,14
2017_2,솔매로50길,682,273,409,2,87,174,210,139,70,2,22,55,75,58,61,0,65,119,135,81,9
2017_2,솔매로45길,175,87,88,1,8,17,62,60,27,0,3,5,29,34,16,1,5,12,33,26,11
2017_2,솔매로41길,87,24,63,0,12,12,26,26,11,0,0,4,9,6,5,0,12,8,17,20,6
2017_2,삼양로93길,18,4,14,0,0,2,8,7,1,0,0,0,2,1,1,0,0,2,6,6,0
2017_2,삼양로77길,434,151,283,1,53,73,119,119,69,1,23,34,40,34,19,0,30,39,79,85,50
2017_2,삼양로54길,8,4,4,0,0,3,0,5,0,0,0,1,0,3,0,0,0,2,0,2,0
2017_2,삼양로41길,299,134,165,0,30,65,90,76,38,0,13,29,42,31,19,0,17,36,48,45,19
2017_2,삼양로24길,81,38,43,0,10,13,25,13,20,0,4,8,11,4,11,0,6,5,14,9,9
2017_2,삼양로20길,127,48,79,0,18,30,35,35,9,0,3,11,14,11,9,0,15,19,21,24,0
2017_2,삼각산로28길,834,422,412,1,54,153,194,198,234,1,17,64,98,110,132,0,37,89,96,88,102
2017_2,도봉로99길,206,99,107,1,24,36,56,64,25,1,9,20,33,24,12,0,15,16,23,40,13
2017_2,도봉로8길,244,182,62,0,45,68,69,35,27,0,38,57,50,21,16,0,7,11,19,14,11
2017_2,도봉로76길,402,217,185,3,44,65,90,86,114,2,20,38,42,36,79,1,24,27,48,50,35
2017_2,도봉로67길,6,3,3,0,1,0,3,1,1,0,0,0,2,0,1,0,1,0,1,1,0
2017_2,도봉로45길,113,70,43,0,2,20,38,23,30,0,0,14,25,13,18,0,2,6,13,10,12
2017_2,도봉로18길,390,174,216,0,26,75,102,107,80,0,8,42,49,42,33,0,18,33,53,65,47
2017_2,도봉로13길,36,11,25,0,1,5,9,15,6,0,0,1,3,3,4,0,1,4,6,12,2
2017_2,덕릉로41길,776,622,154,0,74,243,192,217,50,0,50,205,162,175,30,0,24,38,30,42,20
2017_2,덕릉로40길,902,698,204,1,68,92,239,336,166,1,45,60,187,279,126,0,23,32,52,57,40
2017_2,노해로33길,35,12,23,0,11,6,11,6,1,0,1,2,5,3,1,0,10,4,6,3,0
2017_2,노해로17길,225,69,156,1,24,36,40,75,49,0,5,19,20,15,10,1,19,17,20,60,39
2017_2,화랑로40길,184,94,90,1,31,40,42,49,21,1,10,15,23,29,16,0,21,25,19,20,5
2017_2,화랑로32길,466,348,118,4,79,163,139,63,18,0,38,136,101,57,16,4,41,27,38,6,2
2017_2,화랑로1길,162,87,75,0,15,35,37,58,17,0,5,19,21,36,6,0,10,16,16,22,11
2017_2,화랑로19길,510,269,241,0,56,108,169,119,58,0,28,49,100,57,35,0,28,59,69,62,23
2017_2,화랑로14길,50,22,28,0,3,7,24,12,4,0,1,1,11,6,3,0,2,6,13,6,1
2017_2,화랑로13길,93,46,47,0,12,27,30,21,3,0,5,12,15,11,3,0,7,15,15,10,0
2017_2,한천로76길,130,75,55,0,8,22,40,36,24,0,6,14,25,19,11,0,2,8,15,17,13
2017_2,한천로101가길,51,29,22,0,4,6,19,17,5,0,2,3,11,9,4,0,2,3,8,8,1
2017_2,창경궁로43길,26,15,11,0,3,4,10,7,2,0,2,4,4,4,1,0,1,0,6,3,1
2017_2,지봉로20길,95,60,35,0,9,14,24,33,15,0,6,9,15,18,12,0,3,5,9,15,3
2017_2,종암로5길,123,86,37,0,13,30,38,26,16,0,10,25,27,16,8,0,3,5,11,10,8
2017_2,종암로24가길,288,136,152,4,54,65,68,70,27,0,20,27,31,40,18,4,34,38,37,30,9
2017_2,종암로21길,240,49,191,0,16,26,59,90,49,0,1,7,21,13,7,0,15,19,38,77,42
2017_2,종암로19길,375,114,261,1,82,64,81,103,44,1,18,30,31,18,16,0,64,34,50,85,28
2017_2,종암로16길,78,34,44,0,10,20,20,13,15,0,4,8,7,4,11,0,6,12,13,9,4
2017_2,정릉로8길,185,106,79,1,36,42,38,34,34,0,14,25,22,17,28,1,22,17,16,17,6
2017_2,정릉로27길,199,80,119,0,25,46,55,46,27,0,8,21,23,16,12,0,17,25,32,30,15
2017_2,장위로50길,885,489,396,2,96,105,182,255,245,1,31,57,107,143,150,1,65,48,75,112,95
2017_2,장월로1길,398,182,216,0,71,81,103,74,69,0,29,48,43,35,27,0,42,33,60,39,42
2017_2,인촌로6길,2823,1608,1215,10,265,474,655,634,785,4,104,297,357,343,503,6,161,177,298,291,282
2017_2,인촌로5길,28,3,25,0,1,3,7,14,3,0,0,1,0,1,1,0,1,2,7,13,2
2017_2,인촌로24길,221,157,64,0,41,84,53,27,16,0,30,71,39,12,5,0,11,13,14,15,11
2017_2,개운사길,3408,2109,1299,1,339,996,994,759,319,1,112,490,668,589,249,0,227,506,326,170,70
2017_2,인촌로1길,159,106,53,0,17,47,45,31,19,0,6,29,33,23,15,0,11,18,12,8,4
2017_2,인촌로17가길,3174,1150,2024,0,824,1120,719,429,82,0,146,351,348,237,68,0,678,769,371,192,14
2017_2,오패산로4길,605,195,410,2,115,119,142,137,90,2,30,42,46,39,36,0,85,77,96,98,54
2017_2,오패산로3길,1250,723,527,5,226,319,327,266,107,0,99,184,218,155,67,5,127,135,109,111,40
2017_2,오패산로19길,43,17,26,0,6,16,15,4,2,0,0,8,7,1,1,0,6,8,8,3,1
2017_2,안암로5길,609,380,229,1,82,147,179,124,76,0,27,83,118,92,60,1,55,64,61,32,16
2017_2,아리랑로4길,587,215,372,2,42,89,144,183,127,0,14,30,51,60,60,2,28,59,93,123,67
2017_2,솔샘로6길,152,75,77,0,39,38,33,29,13,0,16,23,20,9,7,0,23,15,13,20,6
2017_2,성북로8길,54,27,27,0,14,16,12,6,6,0,7,6,8,3,3,0,7,10,4,3,3
2017_2,삼양로8길,97,62,35,2,22,22,30,17,4,1,14,12,21,10,4,1,8,10,9,7,0
2017_2,삼선교로16가길,719,416,303,0,179,105,160,198,77,0,83,46,110,123,54,0,96,59,50,75,23
2017_2,삼선교로10다길,101,48,53,0,12,25,25,23,16,0,1,19,13,10,5,0,11,6,12,13,11
2017_2,삼선교로10길,254,125,129,1,34,56,89,53,21,1,12,22,38,34,18,0,22,34,51,19,3
2017_2,보문로32길,983,396,587,0,275,173,256,190,89,0,18,82,132,113,51,0,257,91,124,77,38
2017_2,보문로31길,710,294,416,2,124,169,181,141,93,1,42,77,82,50,42,1,82,92,99,91,51
2017_2,보문로13길,782,471,311,1,12,22,56,110,581,0,4,9,26,42,390,1,8,13,30,68,191
2017_2,보국문로16길,349,235,114,0,14,36,71,133,95,0,4,22,44,97,68,0,10,14,27,36,27
2017_2,동소문로26가길,290,165,125,1,46,77,80,44,42,1,17,54,53,21,19,0,29,23,27,23,23
2017_2,동소문로15길,94,44,50,0,13,31,37,10,3,0,3,16,22,1,2,0,10,15,15,9,1
2017_2,동소문로13길,414,213,201,2,72,106,109,60,65,0,19,58,64,31,41,2,53,48,45,29,24
2017_2,돌곶이로8길,207,107,100,0,18,66,57,46,20,0,5,28,31,31,12,0,13,38,26,15,8
2017_2,돌곶이로41길,43,20,23,0,3,11,11,14,4,0,0,6,5,7,2,0,3,5,6,7,2
2017_2,돌곶이로28길,236,155,81,0,43,74,76,27,16,0,26,58,46,15,10,0,17,16,30,12,6
2017_2,돌곶이로27길,74,39,35,0,3,13,20,28,10,0,1,5,11,15,7,0,2,8,9,13,3
2017_2,돌곶이로22길,134,73,61,0,19,23,33,39,20,0,3,15,20,18,17,0,16,8,13,21,3
2017_2,돌곶이로14길,3,3,0,0,0,3,0,0,0,0,0,3,0,0,0,0,0,0,0,0,0
2017_2,길음로7길,8,5,3,0,0,2,4,0,2,0,0,1,3,0,1,0,0,1,1,0,1
2017_2,중랑천로10길,748,404,344,12,172,155,205,136,68,10,77,74,117,81,45,2,95,81,88,55,23
2017_2,용마산로94길,436,266,170,0,87,38,132,129,50,0,43,21,76,86,40,0,44,17,56,43,10
2017_2,용마산로118길,693,396,297,0,72,131,168,121,201,0,27,72,80,58,159,0,45,59,88,63,42
2017_2,용마산로112길,348,152,196,1,43,55,73,91,85,0,16,28,28,36,44,1,27,27,45,55,41
2017_2,용마산로100길,407,281,126,0,32,44,72,130,129,0,7,17,40,102,115,0,25,27,32,28,14
2017_2,신내로7가길,272,67,205,0,37,56,83,64,32,0,5,11,19,19,13,0,32,45,64,45,19
2017_2,사가정로54길,111,33,78,0,25,21,26,25,14,0,3,3,8,10,9,0,22,18,18,15,5
2017_2,사가정로42길,78,19,59,0,3,9,17,23,26,0,0,1,5,7,6,0,3,8,12,16,20
2017_2,봉화산로56길,590,152,438,0,72,86,133,198,101,0,27,40,30,33,22,0,45,46,103,165,79
2017_2,봉화산로4길,402,143,259,0,24,50,113,151,64,0,9,22,43,39,30,0,15,28,70,112,34
2017_2,봉화산로30길,358,221,137,0,28,51,91,112,76,0,11,28,50,75,57,0,17,23,41,37,19
2017_2,봉우재로33길,114,46,68,0,25,27,30,19,13,0,14,8,11,4,9,0,11,19,19,15,4
2017_2,면목로78길,289,155,134,1,25,46,91,84,42,1,5,31,45,43,30,0,20,15,46,41,12
2017_2,면목로56길,209,156,53,0,11,28,42,74,54,0,3,11,29,64,49,0,8,17,13,10,5
2017_2,면목로55길,439,136,303,0,39,62,102,140,96,0,7,18,42,35,34,0,32,44,60,105,62
2017_2,면목로49길,550,176,374,0,195,181,112,47,15,0,24,66,49,25,12,0,171,115,63,22,3
2017_2,면목로48길,125,64,61,2,20,27,37,26,13,2,12,16,16,13,5,0,8,11,21,13,8
2017_2,면목로45길,68,31,37,0,13,17,21,9,8,0,5,7,9,4,6,0,8,10,12,5,2
2017_2,면목로33길,374,147,227,0,50,86,110,90,38,0,13,32,45,31,26,0,37,54,65,59,12
2017_2,면목로21길,47,38,9,0,12,6,14,10,5,0,8,5,11,9,5,0,4,1,3,1,0
2017_2,망우로73길,8,4,4,0,0,0,5,2,1,0,0,0,2,1,1,0,0,0,3,1,0
2017_2,망우로68길,85,35,50,1,16,16,25,19,8,0,1,6,8,15,5,1,15,10,17,4,3
2017_2,동일로163길,104,70,34,0,11,24,37,22,10,0,3,18,24,19,6,0,8,6,13,3,4
2017_2,동일로157길,196,105,91,1,34,49,52,38,22,1,7,31,29,23,14,0,27,18,23,15,8
2017_2,동일로149길,1131,842,289,1,142,329,294,299,66,1,97,229,223,242,50,0,45,100,71,57,16
2017_2,동일로140길,216,85,131,0,22,48,61,62,23,0,7,19,29,21,9,0,15,29,32,41,14
2017_2,동일로139길,65,42,23,0,5,12,23,17,8,0,1,8,15,14,4,0,4,4,8,3,4
2017_2,동일로139가길,1122,667,455,0,80,210,233,176,423,0,32,122,140,72,301,0,48,88,93,104,122
2017_2,동일로130길,98,23,75,0,7,22,36,25,8,0,0,6,5,6,6,0,7,16,31,19,2
2017_2,동일로123길,179,86,93,1,24,34,54,35,31,1,7,19,24,17,18,0,17,15,30,18,13
2017_2,동일로112길,159,68,91,0,16,24,41,47,31,0,6,11,10,24,17,0,10,13,31,23,14
2017_2,동일로101길,303,121,182,0,32,61,71,95,44,0,9,24,38,29,21,0,23,37,33,66,23
2017_2,동일로100길,31,15,16,0,2,9,6,9,5,0,1,5,3,3,3,0,1,4,3,6,2
2017_2,답십리로75길,95,53,42,0,8,18,39,17,13,0,2,9,21,11,10,0,6,9,18,6,3
2017_2,공릉로2길,661,309,352,2,85,156,178,155,85,1,26,72,80,78,52,1,59,84,98,77,33
2017_2,공릉로12가길,34,24,10,0,5,4,7,10,8,0,2,4,5,7,6,0,3,0,2,3,2
2017_2,겸재로54길,114,54,60,0,5,20,28,41,20,0,3,12,13,16,10,0,2,8,15,25,10
2017_2,겸재로36길,229,197,32,0,10,22,41,78,78,0,5,16,35,64,77,0,5,6,6,14,1
2017_2,겸재로29길,442,191,251,1,53,87,135,107,59,0,9,37,64,54,27,1,44,50,71,53,32
2017_2,휘경로3길,215,98,117,4,47,54,59,39,12,3,11,25,34,17,8,1,36,29,25,22,4
2017_2,휘경로2길,6,2,4,0,2,1,2,1,0,0,0,0,1,1,0,0,2,1,1,0,0
2017_2,휘경로23길,20,5,15,0,3,3,12,2,0,0,1,2,2,0,0,0,2,1,10,2,0
2017_2,휘경로14길,107,44,63,0,6,5,17,26,53,0,2,2,11,11,18,0,4,3,6,15,35
2017_2,한천로46길,391,129,262,2,39,68,126,105,51,2,7,28,35,34,23,0,32,40,91,71,28
2017_2,한천로40길,325,174,151,1,36,51,84,114,39,1,20,30,38,64,21,0,16,21,46,50,18
2017_2,한천로33길,76,34,42,0,10,23,12,15,16,0,4,15,6,7,2,0,6,8,6,8,14
2017_2,한천로14길,630,370,260,4,76,138,169,158,85,3,39,91,105,83,49,1,37,47,64,75,36
2017_2,천호대로97길,341,211,130,3,47,67,93,80,51,0,19,44,59,51,38,3,28,23,34,29,13
2017_2,천호대로77길,2215,1222,993,8,214,374,413,594,612,4,126,222,251,298,321,4,88,152,162,296,291
2017_2,천호대로45길,135,80,55,0,8,17,35,36,39,0,3,12,23,15,27,0,5,5,12,21,12
2017_2,천호대로17길,2318,1488,830,5,268,537,447,461,600,2,93,333,287,306,467,3,175,204,160,155,133
2017_2,천호대로12길,848,565,283,10,133,239,205,187,74,7,73,152,146,136,51,3,60,87,59,51,23
2017_2,천장산로7길,1474,897,577,0,102,375,452,407,138,0,32,169,280,301,115,0,70,206,172,106,23
2017_2,제기로5길,208,101,107,0,7,29,64,70,38,0,5,22,36,24,14,0,2,7,28,46,24
2017_2,제기로21길,218,146,72,0,24,35,75,64,20,0,10,19,56,49,12,0,14,16,19,15,8
2017_2,전농로4길,712,449,263,0,88,191,188,149,96,0,50,129,119,97,54,0,38,62,69,52,42
2017_2,전농로3길,74,35,39,1,17,10,24,17,5,0,6,7,14,6,2,1,11,3,10,11,3
2017_2,전농로29길,312,139,173,2,39,85,99,66,21,1,14,41,40,26,17,1,25,44,59,40,4
2017_2,장한로8길,825,493,332,1,85,165,235,234,105,0,32,81,149,142,89,1,53,84,86,92,16
2017_2,장한로5길,3001,2113,888,29,578,829,719,579,267,5,309,579,541,461,218,24,269,250,178,118,49
2017_2,장한로27길,158,40,118,0,48,36,24,28,22,0,7,13,10,4,6,0,41,23,14,24,16
2017_2,장한로27가길,400,187,213,0,33,64,92,147,64,0,13,36,47,70,21,0,20,28,45,77,43
2017_2,장한로26길,566,275,291,0,76,125,143,136,86,0,24,59,69,66,57,0,52,66,74,70,29
2017_2,장한로26가길,338,141,197,0,41,62,72,111,52,0,15,31,33,38,24,0,26,31,39,73,28
2017_2,장한로25길,1077,482,595,8,142,252,289,245,141,3,35,100,142,121,81,5,107,152,147,124,60
2017_2,장한로14길,185,150,35,1,6,25,43,59,51,0,2,14,31,53,50,1,4,11,12,6,1
2017_2,이문로42길,241,90,151,0,34,55,63,60,29,0,7,12,29,23,19,0,27,43,34,37,10
2017_2,왕산로43길,979,465,514,1,152,265,255,204,102,0,33,133,137,100,62,1,119,132,118,104,40
2017_2,왕산로33길,147,99,48,0,3,25,41,38,40,0,3,19,33,18,26,0,0,6,8,20,14
2017_2,왕산로32길,10,7,3,0,0,1,2,3,4,0,0,1,1,2,3,0,0,0,1,1,1
2017_2,약령시로17길,300,130,170,2,33,50,59,79,77,2,11,25,32,35,25,0,22,25,27,44,52
2017_2,서울시립대로4길,648,336,312,3,135,107,138,165,100,1,73,61,75,75,51,2,62,46,63,90,49
2017_2,서울시립대로29길,243,135,108,2,23,46,63,63,46,1,8,32,35,32,27,1,15,14,28,31,19
2017_2,서울시립대로16길,130,33,97,0,21,28,42,26,13,0,3,7,13,8,2,0,18,21,29,18,11
2017_2,사가정로2길,91,72,19,0,8,26,26,12,19,0,5,23,23,8,13,0,3,3,3,4,6
2017_2,사가정로23가길,96,58,38,0,19,28,21,11,17,0,7,21,10,8,12,0,12,7,11,3,5
2017_2,사가정로13길,266,83,183,0,37,84,71,53,21,0,10,21,24,14,14,0,27,63,47,39,7
2017_2,무학로45길,372,215,157,2,62,90,93,66,59,1,25,51,59,42,37,1,37,39,34,24,22
2017_2,무학로16길,1163,1061,102,1,82,240,387,281,172,0,59,209,358,268,167,1,23,31,29,13,5
2017_2,망우로21길,188,108,80,0,26,34,32,43,53,0,10,17,14,27,40,0,16,17,18,16,13
2017_2,망우로18길,374,134,240,0,95,109,99,50,21,0,22,29,48,23,12,0,73,80,51,27,9
2017_2,망우로18가길,68,27,41,0,11,14,19,13,11,0,2,8,7,4,6,0,9,6,12,9,5
2017_2,답십리로72길,3,2,1,0,0,0,1,2,0,0,0,0,1,1,0,0,0,0,0,1,0
2017_2,답십리로69길,925,397,528,2,153,205,229,222,114,1,46,93,92,89,76,1,107,112,137,133,38
2017_2,답십리로68길,114,76,38,0,11,18,36,28,21,0,8,14,23,15,16,0,3,4,13,13,5
2017_2,답십리로64길,337,193,144,0,49,97,90,66,35,0,20,54,58,38,23,0,29,43,32,28,12
2017_2,답십리로63길,99,57,42,0,15,26,20,30,8,0,7,14,11,18,7,0,8,12,9,12,1
2017_2,답십리로60길,12,7,5,0,2,1,3,4,2,0,1,0,3,2,1,0,1,1,0,2,1
2017_2,답십리로56길,4,4,0,0,0,2,2,0,0,0,0,2,2,0,0,0,0,0,0,0,0
2017_2,답십리로23길,9,8,1,0,0,5,1,3,0,0,0,5,1,2,0,0,0,0,0,1,0
2017_2,난계로30길,121,87,34,0,13,21,32,31,24,0,6,15,24,20,22,0,7,6,8,11,2
2017_2,경희대로3길,276,177,99,0,56,114,63,35,8,0,20,71,51,29,6,0,36,43,12,6,2
2017_2,천호대로129길,249,86,163,1,49,36,71,64,28,1,17,11,25,17,15,0,32,25,46,47,13
2017_2,천호대로123길,268,105,163,0,29,47,56,93,43,0,5,20,20,43,17,0,24,27,36,50,26
2017_2,천호대로109길,1139,628,511,2,178,317,301,233,108,0,85,182,161,128,72,2,93,135,140,105,36
2017_2,자양번영로3길,97,44,53,0,8,10,31,33,15,0,4,6,13,11,10,0,4,4,18,22,5
2017_2,자양로53길,3,0,3,0,2,0,0,1,0,0,0,0,0,0,0,0,2,0,0,1,0
2017_2,자양로50길,18,5,13,0,4,3,4,3,4,0,1,1,0,1,2,0,3,2,4,2,2
2017_2,자양로45길,572,304,268,2,96,150,160,105,59,0,28,86,102,53,35,2,68,64,58,52,24
2017_2,자양로26길,325,113,212,1,33,68,89,79,55,1,6,16,42,30,18,0,27,52,47,49,37
2017_2,자양로15길,389,245,144,0,35,89,72,89,104,0,8,52,45,62,78,0,27,37,27,27,26
2017_2,자양로11길,1423,701,722,9,264,307,351,315,177,3,72,147,203,170,106,6,192,160,148,145,71
2017_2,용마산로3길,886,503,383,1,96,214,227,222,126,0,48,124,116,121,94,1,48,90,111,101,32
2017_2,용마산로21길,146,63,83,0,23,24,38,46,15,0,9,8,15,21,10,0,14,16,23,25,5
2017_2,아차산로78길,2596,1383,1213,14,405,826,615,472,264,8,123,460,401,227,164,6,282,366,214,245,100
2017_2,아차산로65길,740,506,234,0,91,177,225,182,65,0,37,117,157,141,54,0,54,60,68,41,11
2017_2,아차산로55길,331,187,144,1,39,82,83,85,41,1,16,41,56,47,26,0,23,41,27,38,15
2017_2,아차산로51길,270,151,119,1,26,77,89,47,30,1,11,41,58,23,17,0,15,36,31,24,13
2017_2,아차산로40길,558,321,237,1,109,129,140,95,84,0,43,70,76,60,72,1,66,59,64,35,12
2017_2,면목로17길,247,160,87,0,38,45,72,53,39,0,15,19,51,44,31,0,23,26,21,9,8
2017_2,뚝섬로64길,335,178,157,0,37,59,71,91,77,0,13,20,35,48,62,0,24,39,36,43,15
2017_2,뚝섬로58길,184,58,126,0,12,38,52,58,24,0,2,8,13,23,12,0,10,30,39,35,12
2017_2,뚝섬로54길,222,152,70,0,20,43,65,64,30,0,11,27,41,51,22,0,9,16,24,13,8
2017_2,뚝섬로48길,822,356,466,4,128,183,208,191,108,4,44,82,91,75,60,0,84,101,117,116,48
2017_2,뚝섬로24길,88,26,62,0,12,12,20,37,7,0,3,3,3,12,5,0,9,9,17,25,2
2017_2,뚝섬로23길,120,70,50,0,10,23,32,35,20,0,5,11,15,23,16,0,5,12,17,12,4
2017_2,동일로24길,8,2,6,0,1,2,1,3,1,0,1,0,0,0,1,0,0,2,1,3,0
2017_2,동일로18길,172,69,103,1,31,33,50,38,19,0,9,12,18,18,12,1,22,21,32,20,7
2017_2,능동로4길,239,97,142,0,42,47,54,53,43,0,9,13,24,25,26,0,33,34,30,28,17
2017_2,능동로3길,233,113,120,1,41,35,56,52,48,0,19,17,23,23,31,1,22,18,33,29,17
2017_2,능동로34길,948,507,441,0,122,218,236,218,154,0,45,118,127,107,110,0,77,100,109,111,44
2017_2,능동로19길,326,197,129,1,46,82,87,73,37,1,24,55,51,35,31,0,22,27,36,38,6
2017_2,능동로13길,369,124,245,0,43,69,79,101,77,0,12,23,34,31,24,0,31,46,45,70,53
2017_2,긴고랑로9길,48,25,23,1,5,13,15,7,7,0,2,10,8,3,2,1,3,3,7,4,5
2017_2,긴고랑로8길,206,182,24,0,5,17,35,73,76,0,1,13,24,69,75,0,4,4,11,4,1
2017_2,긴고랑로7길,525,255,270,0,43,122,158,139,63,0,12,66,78,70,29,0,31,56,80,69,34
2017_2,긴고랑로20길,531,248,283,0,56,120,164,118,73,0,13,63,76,60,36,0,43,57,88,58,37
2017_2,광나루로52길,1980,995,985,20,255,281,261,445,718,16,140,149,137,193,360,4,115,132,124,252,358
2017_2,광나루로40길,100,50,50,0,19,26,29,16,10,0,2,11,19,11,7,0,17,15,10,5,3
2017_2,광나루로37길,281,169,112,0,41,65,81,63,31,0,18,31,52,44,24,0,23,34,29,19,7
2017_2,광나루로36길,44,26,18,0,6,11,11,12,4,0,3,8,8,6,1,0,3,3,3,6,3
2017_2,광나루로24길,57,30,27,0,13,17,10,8,9,0,4,10,5,5,6,0,9,7,5,3,3
2017_2,광나루로12길,1017,565,452,4,192,288,267,183,83,4,92,182,144,84,59,0,100,106,123,99,24
2017_2,한림말길,61,33,28,1,6,13,23,10,8,0,2,3,17,6,5,1,4,10,6,4,3
2017_2,청계천로10나길,1802,1075,727,5,252,496,434,369,246,2,137,319,291,182,144,3,115,177,143,187,102
2017_2,장터길,44,13,31,0,9,12,6,10,7,0,0,4,2,3,4,0,9,8,4,7,3
2017_2,용답중앙길,89,49,40,0,5,26,28,16,14,0,3,14,19,8,5,0,2,12,9,8,9
2017_2,용답29길,1788,921,867,2,189,361,509,422,305,1,97,212,214,203,194,1,92,149,295,219,111
2017_2,왕십리로6길,1411,768,643,4,175,391,400,322,119,1,68,223,215,175,86,3,107,168,185,147,33
2017_2,왕십리로31길,100,47,53,0,8,30,24,20,18,0,2,7,10,12,16,0,6,23,14,8,2
2017_2,왕십리로26길,3994,2614,1380,5,910,854,986,763,476,2,408,606,731,536,331,3,502,248,255,227,145
2017_2,왕십리로21길,169,53,116,1,25,40,43,41,19,0,1,6,17,21,8,1,24,34,26,20,11
2017_2,왕십리로14길,2712,1949,763,7,322,537,655,717,474,5,160,389,495,512,388,2,162,148,160,205,86
2017_2,아차산로5길,2268,1508,760,6,313,561,632,531,225,6,175,385,427,352,163,0,138,176,205,179,62
2017_2,아차산로15길,4290,3038,1252,17,668,1174,1168,830,433,11,352,851,856,599,369,6,316,323,312,231,64
2017_2,아차산로11길,3653,2344,1309,7,602,933,971,753,387,3,271,638,676,464,292,4,331,295,295,289,95
2017_2,송정4가길,1103,483,620,6,159,339,315,174,110,2,54,159,132,70,66,4,105,180,183,104,44
2017_2,송정12라길,293,182,111,0,31,78,78,54,52,0,8,40,46,41,47,0,23,38,32,13,5
2017_2,성수일로6길,2636,1647,989,8,413,728,656,495,336,5,191,451,458,337,205,3,222,277,198,158,131
2017_2,성수이로7길,491,290,201,1,61,119,115,81,114,0,32,70,81,55,52,1,29,49,34,26,62
2017_2,성수이로18길,2242,1539,703,12,306,587,647,519,171,10,153,388,467,383,138,2,153,199,180,136,33
2017_2,성덕정길,902,498,404,5,161,220,231,208,77,1,34,126,134,145,58,4,127,94,97,63,19
2017_2,성덕정17길,234,130,104,0,24,52,51,72,35,0,8,29,29,40,24,0,16,23,22,32,11
2017_2,서울숲2길,1277,726,551,4,179,277,324,306,187,0,70,158,191,171,136,4,109,119,133,135,51
2017_2,상원길,1698,1102,596,5,228,543,478,287,157,4,84,381,331,195,107,1,144,162,147,92,50
2017_2,상원12길,181,109,72,3,30,43,54,38,13,0,15,27,33,24,10,3,15,16,21,14,3
2017_2,사근동길,30,16,14,0,3,11,9,4,3,0,2,4,6,2,2,0,1,7,3,2,1
2017_2,무학봉길,4,2,2,0,0,2,1,1,0,0,0,0,1,1,0,0,0,2,0,0,0
2017_2,무학봉28길,152,70,82,2,24,28,43,35,20,0,9,7,20,22,12,2,15,21,23,13,8
2017_2,무학로6길,378,224,154,0,29,73,113,97,66,0,10,48,66,60,40,0,19,25,47,37,26
2017_2,무수막길,128,59,69,0,27,34,21,29,17,0,8,21,8,11,11,0,19,13,13,18,6
2017_2,매봉길,8,5,3,0,1,1,2,2,2,0,1,1,0,2,1,0,0,0,2,0,1
2017_2,마조로1길,203,74,129,0,28,45,66,52,12,0,7,14,25,18,10,0,21,31,41,34,2
2017_2,마조로16길,822,573,249,2,75,143,212,259,131,0,36,85,150,191,111,2,39,58,62,68,20
2017_2,마장로39길,86,37,49,0,6,14,38,24,4,0,3,9,14,8,3,0,3,5,24,16,1
2017_2,마장로27길,87,28,59,0,16,23,24,18,6,0,3,5,6,9,5,0,13,18,18,9,1
2017_2,둘레9길,409,240,169,0,51,99,117,98,44,0,30,52,69,56,33,0,21,47,48,42,11
2017_2,금호산길,431,153,278,0,71,98,110,107,45,0,18,40,34,38,23,0,53,58,76,69,22
2017_2,금호산2길,38,16,22,0,4,6,15,10,3,0,0,3,3,8,2,0,4,3,12,2,1
2017_2,고산자로6길,14354,5859,8495,70,1827,3757,4568,3673,459,16,801,1997,1964,740,341,54,1026,1760,2604,2933,118
2017_2,후암로28길,202,91,111,0,44,40,55,52,11,0,14,17,32,21,7,0,30,23,23,31,4
2017_2,효창원로39길,51,27,24,0,5,10,18,16,2,0,1,8,11,6,1,0,4,2,7,10,1
2017_2,회나무로13길,54,30,24,0,20,17,8,7,2,0,12,8,7,2,1,0,8,9,1,5,1
2017_2,한남대로20길,758,419,339,0,145,261,190,90,72,0,55,153,106,56,49,0,90,108,84,34,23
2017_2,한강대로7길,536,351,185,5,64,105,116,86,160,5,41,81,90,51,83,0,23,24,26,35,77
2017_2,한강대로62길,728,498,230,1,125,162,164,169,107,0,86,112,115,106,79,1,39,50,49,63,28
2017_2,한강대로52길,1095,697,398,2,208,354,262,176,93,0,85,213,183,139,77,2,123,141,79,37,16
2017_2,한강대로43길,5963,3777,2186,7,819,1542,1639,1217,739,3,377,974,1153,779,491,4,442,568,486,438,248
2017_2,한강대로15길,1745,351,1394,11,856,598,138,86,56,0,72,102,73,63,41,11,784,496,65,23,15
2017_2,한강대로104길,5661,3923,1738,20,801,1718,1659,977,486,1,324,1185,1297,792,324,19,477,533,362,185,162
2017_2,청파로73길,1163,639,524,2,121,344,328,229,139,0,56,148,153,159,123,2,65,196,175,70,16
2017_2,청파로71길,234,116,118,0,25,51,76,63,19,0,6,20,30,45,15,0,19,31,46,18,4
2017_2,청파로47나길,173,96,77,0,24,42,44,32,31,0,5,25,30,16,20,0,19,17,14,16,11
2017_2,청파로47길,937,430,507,3,131,248,249,211,95,0,56,105,118,91,60,3,75,143,131,120,35
2017_2,장문로45길,44,9,35,0,7,14,11,9,3,0,1,3,3,2,0,0,6,11,8,7,3
2017_2,이태원로54길,2194,1083,1111,17,582,697,501,319,78,12,270,445,236,72,48,5,312,252,265,247,30
2017_2,이태원로27길,603,348,255,5,230,175,87,65,41,2,130,111,48,36,21,3,100,64,39,29,20
2017_2,이촌로22길,219,132,87,0,25,42,56,52,44,0,12,25,33,31,31,0,13,17,23,21,13
2017_2,원효로89길,907,735,172,0,148,360,210,141,48,0,96,293,181,124,41,0,52,67,29,17,7
2017_2,원효로53길,732,444,288,1,87,181,214,157,92,1,46,115,137,90,55,0,41,66,77,67,37
2017_2,원효로41길,1524,1059,465,9,213,535,436,225,106,5,129,396,333,127,69,4,84,139,103,98,37
2017_2,원효로19길,995,689,306,0,135,346,294,138,82,0,73,249,224,87,56,0,62,97,70,51,26
2017_2,우사단로4길,180,128,52,0,13,23,42,58,44,0,3,8,23,52,42,0,10,15,19,6,2
2017_2,우사단로14길,1768,874,894,0,285,788,488,142,65,0,71,361,339,85,18,0,214,427,149,57,47
2017_2,우사단로10길,80,35,45,0,11,19,16,24,10,0,1,7,5,16,6,0,10,12,11,8,4
2017_2,신흥로20길,142,78,64,0,24,34,45,19,20,0,13,16,28,6,15,0,11,18,17,13,5
2017_2,소월로20길,127,38,89,0,26,32,30,24,15,0,2,7,4,12,13,0,24,25,26,12,2
2017_2,서빙고로71길,468,293,175,0,39,110,127,106,86,0,15,54,57,92,75,0,24,56,70,14,11
2017_2,백범로90길,284,175,109,0,24,61,74,74,51,0,11,36,48,44,36,0,13,25,26,30,15
2017_2,백범로79길,1045,643,402,0,120,271,216,289,149,0,33,161,161,183,105,0,87,110,55,106,44
2017_2,두텁바위로1길,2325,1307,1018,16,379,682,627,392,229,7,123,337,368,285,187,9,256,345,259,107,42
2017_2,대사관로34길,278,144,134,0,46,73,63,62,34,0,18,39,28,39,20,0,28,34,35,23,14
2017_2,녹사평대로46길,65,41,24,0,25,28,7,3,2,0,18,17,4,1,1,0,7,11,3,2,1
2017_2,녹사평대로40나길,54,29,25,0,18,13,8,11,4,0,8,10,3,4,4,0,10,3,5,7,0
2017_2,녹사평대로32길,285,153,132,1,50,73,63,45,53,0,28,43,28,19,35,1,22,30,35,26,18
2017_2,녹사평대로26길,2050,1124,926,1,174,523,513,587,252,0,54,213,258,430,169,1,120,310,255,157,83
2017_2,녹사평대로11길,300,203,97,0,48,89,101,46,16,0,30,52,74,34,13,0,18,37,27,12,3
2017_2,퇴계로90길,588,220,368,3,74,141,140,146,84,3,23,50,63,40,41,0,51,91,77,106,43
2017_2,퇴계로8길,2402,1277,1125,6,422,777,618,375,204,2,117,437,359,208,154,4,305,340,259,167,50
2017_2,퇴계로56길,1049,830,219,1,115,395,327,152,59,0,67,319,281,124,39,1,48,76,46,28,20
2017_2,퇴계로46길,1988,834,1154,6,341,575,527,383,156,2,51,197,223,239,122,4,290,378,304,144,34
2017_2,퇴계로18길,2984,1327,1657,11,547,806,695,562,363,2,165,420,353,218,169,9,382,386,342,344,194
2017_2,퇴계로12길,950,439,511,2,162,213,204,248,121,0,36,90,100,137,76,2,126,123,104,111,45
2017_2,청구로1길,228,92,136,0,60,44,62,50,12,0,16,23,27,19,7,0,44,21,35,31,5
2017_2,청구로17길,1671,761,910,0,392,613,353,203,110,0,54,259,199,158,91,0,338,354,154,45,19
2017_2,장충단로8길,3477,1225,2252,32,1603,801,485,294,262,8,442,282,205,152,136,24,1161,519,280,142,126
2017_2,삼일대로4길,1013,602,411,3,171,286,250,167,136,0,69,155,171,106,101,3,102,131,79,61,35
2017_2,명동길,36746,18217,18529,99,5674,13795,10498,5263,1417,27,1862,6137,5686,3572,933,72,3812,7658,4812,1691,484
2017_2,동호로20길,805,305,500,9,240,229,152,122,53,3,79,77,62,51,33,6,161,152,90,71,20
2017_2,동호로15길,4224,2196,2028,10,1645,1414,766,277,112,3,594,794,546,190,69,7,1051,620,220,87,43
2017_2,동호로11길,15,9,6,0,0,2,6,5,2,0,0,1,4,3,1,0,0,1,2,2,1
2017_2,동호로10길,1536,670,866,8,326,428,344,293,137,2,80,191,178,148,71,6,246,237,166,145,66
2017_2,다산로39길,1230,680,550,0,136,281,316,342,155,0,68,177,176,183,76,0,68,104,140,159,79
2017_2,다산로38길,1583,763,820,7,487,463,331,205,90,2,163,233,188,119,58,5,324,230,143,86,32
2017_2,다산로36길,76,45,31,0,21,18,13,18,6,0,13,9,7,12,4,0,8,9,6,6,2
2017_2,다산로33길,446,207,239,3,85,86,134,95,43,2,42,41,56,39,27,1,43,45,78,56,16
2017_2,난계로21길,240,166,74,1,22,50,93,59,15,0,12,32,71,39,12,1,10,18,22,20,3
2017_2,난계로11길,1679,1034,645,4,356,429,365,315,210,0,182,270,247,188,147,4,174,159,118,127,63
2017_2,필운대로1길,5,1,4,0,0,4,1,0,0,0,0,1,0,0,0,0,0,3,1,0,0
2017_2,평창길,183,93,90,0,27,41,46,44,25,0,10,22,31,14,16,0,17,19,15,30,9
2017_2,통일로12길,244,100,144,0,21,57,68,82,16,0,3,19,31,37,10,0,18,38,37,45,6
2017_2,창신길,264,70,194,0,32,34,48,86,64,0,7,15,16,21,11,0,25,19,32,65,53
2017_2,창신5길,8,3,5,0,0,1,3,2,2,0,0,0,1,1,1,0,0,1,2,1,1
2017_2,창신2길,63,31,32,0,2,9,12,31,9,0,1,7,7,12,4,0,1,2,5,19,5
2017_2,창경궁로35길,1338,358,980,9,373,342,392,176,46,1,32,92,123,79,31,8,341,250,269,97,15
2017_2,지봉로8길,175,94,81,0,25,43,52,43,12,0,10,26,24,27,7,0,15,17,28,16,5
2017_2,종로65길,577,260,317,2,73,113,153,124,112,1,28,49,71,44,67,1,45,64,82,80,45
2017_2,자하문로7길,531,326,205,0,82,161,154,75,59,0,45,95,99,46,41,0,37,66,55,29,18
2017_2,이화장길,1887,915,972,0,261,539,535,398,154,0,80,203,282,256,94,0,181,336,253,142,60
2017_2,율곡로16길,99,87,12,0,11,25,25,27,11,0,7,24,24,23,9,0,4,1,1,4,2
2017_2,율곡로10길,2269,1674,595,6,311,724,648,363,217,4,184,543,520,256,167,2,127,181,128,107,50
2017_2,옥인길,460,195,265,0,71,112,138,114,25,0,12,39,78,55,11,0,59,73,60,59,14
2017_2,숭인동길,17,7,10,0,3,0,5,7,2,0,0,0,3,3,1,0,3,0,2,4,1
2017_2,성균관로5길,138,83,55,0,9,7,12,21,89,0,3,3,4,7,66,0,6,4,8,14,23
2017_2,삼청로5길,407,132,275,2,106,95,85,75,44,1,24,24,32,31,20,1,82,71,53,44,24
2017_2,북촌로5나길,1639,1129,510,0,138,512,563,368,58,0,59,338,417,282,33,0,79,174,146,86,25
2017_2,북촌로5길,61,31,30,0,6,21,9,14,11,0,1,15,4,5,6,0,5,6,5,9,5
2017_2,북촌로11길,19,10,9,0,4,5,3,3,4,0,0,2,2,3,3,0,4,3,1,0,1
2017_2,백석동길,122,68,54,0,21,30,25,24,22,0,6,13,16,15,18,0,15,17,9,9,4
2017_2,명륜길,16,9,7,0,3,8,2,2,1,0,3,5,1,0,0,0,0,3,1,2,1
2017_2,돈화문로11가길,1100,606,494,0,172,290,285,205,148,0,57,137,172,129,111,0,115,153,113,76,37
2017_2,계동길,840,360,480,4,177,261,183,157,58,1,46,100,88,85,40,3,131,161,95,72,18
2017_1,강남 마이스 관광특구,22217,12970,9247,134,5751,7804,5500,2395,633,52,1904,4553,4088,1903,470,82,3847,3251,1412,492,163
2017_1,잠실 관광특구,27304,16146,11158,306,5125,7323,6202,5528,2820,134,2659,4730,3706,3173,1744,172,2466,2593,2496,2355,1076
2017_1,종로·청계 관광특구,30331,18443,11888,74,4816,9732,8612,5527,1570,36,1848,5203,6059,4232,1065,38,2968,4529,2553,1295,505
2017_1,동대문패션타운 관광특구,9790,5637,4153,66,2198,3073,2252,1487,714,21,1111,1797,1378,874,456,45,1087,1276,874,613,258
2017_1,명동 남대문 북창동 다동 무교동 관광특구,168933,86535,82398,1131,37192,58529,45091,21083,5907,328,11726,27136,28246,15167,3932,803,25466,31393,16845,5916,1975
2017_1,이태원 관광특구,5707,3283,2424,54,1447,1684,1129,936,457,31,725,1010,605,629,283,23,722,674,524,307,174
2017_1,길동복조리시장,588,376,212,0,41,111,155,147,134,0,22,75,101,84,94,0,19,36,54,63,40
2017_1,둔촌역전통시장,173,93,80,1,16,37,35,57,27,1,8,19,16,30,19,0,8,18,19,27,8
2017_1,성내골목시장,6,2,4,0,0,2,2,1,1,0,0,1,1,0,0,0,0,1,1,1,1
2017_1,천호시장,19,11,8,0,5,5,5,4,0,0,4,4,1,2,0,0,1,1,4,2,0
2017_1,암사종합시장,717,321,396,0,40,72,97,109,399,0,11,36,54,30,190,0,29,36,43,79,209
2017_1,고덕전통시장,370,358,12,0,1,12,42,149,166,0,1,9,36,147,165,0,0,3,6,2,1
2017_1,명일골목시장,453,154,299,0,15,19,81,144,194,0,6,7,16,32,93,0,9,12,65,112,101
2017_1,새마을시장,404,219,185,1,63,103,125,63,49,0,32,67,65,26,29,1,31,36,60,37,20
2017_1,석촌시장,190,125,65,1,23,31,64,40,31,0,15,22,40,22,26,1,8,9,24,18,5
2017_1,방이시장,660,416,244,1,104,203,177,137,38,1,74,168,109,43,21,0,30,35,68,94,17
2017_1,마천시장,249,63,186,1,18,43,67,68,52,0,3,12,18,17,13,1,15,31,49,51,39
2017_1,풍납시장,14,5,9,0,0,6,1,6,1,0,0,2,0,2,1,0,0,4,1,4,0
2017_1,강남개포시장,41,33,8,0,0,3,8,14,16,0,0,1,3,13,16,0,0,2,5,1,0
2017_1,도곡시장,489,215,274,2,65,112,145,109,56,0,17,61,59,44,34,2,48,51,86,65,22
2017_1,영동전통시장,3023,2237,786,13,509,778,920,537,266,5,300,585,772,385,190,8,209,193,148,152,76
2017_1,미성동도깨비시장,432,186,246,4,67,87,145,103,26,2,24,45,62,39,14,2,43,42,83,64,12
2017_1,신신림시장,2,2,0,0,0,0,2,0,0,0,0,0,2,0,0,0,0,0,0,0,0
2017_1,삼성동시장,104,45,59,0,9,22,29,25,19,0,1,12,10,10,12,0,8,10,19,15,7
2017_1,신림중앙시장,12,7,5,0,1,2,4,3,2,0,1,1,3,1,1,0,0,1,1,2,1
2017_1,강남골목시장,293,145,148,1,37,60,73,75,47,0,20,36,30,32,27,1,17,24,43,43,20
2017_1,관악신사시장,293,228,65,4,30,38,55,95,71,4,16,27,41,78,62,0,14,11,14,17,9
2017_1,신원시장,365,153,212,1,49,72,81,88,74,1,17,43,36,32,24,0,32,29,45,56,50
2017_1,인헌시장,257,92,165,0,42,65,66,67,17,0,14,34,23,15,6,0,28,31,43,52,11
2017_1,봉천현대시장,9,4,5,0,1,0,2,1,5,0,0,0,1,1,2,0,1,0,1,0,3
2017_1,봉천제일종합시장,49,24,25,0,1,9,17,12,10,0,0,5,7,5,7,0,1,4,10,7,3
2017_1,낙성대시장,20,11,9,0,2,5,2,6,5,0,1,2,2,4,2,0,1,3,0,2,3
2017_1,중부시장,186,64,122,0,22,39,50,36,39,0,5,13,20,14,12,0,17,26,30,22,27
2017_1,남성역골목시장,512,237,275,0,62,116,140,116,78,0,23,47,71,49,47,0,39,69,69,67,31
2017_1,남성사계시장,1874,821,1053,10,276,370,414,451,353,4,65,180,221,178,173,6,211,190,193,273,180
2017_1,흑석시장,180,71,109,1,20,45,58,32,24,0,4,10,20,15,22,1,16,35,38,17,2
2017_1,상도4동도깨비골목시장,312,76,236,0,72,70,71,69,30,0,15,23,17,11,10,0,57,47,54,58,20
2017_1,영도시장,69,32,37,0,12,14,20,16,7,0,3,8,9,7,5,0,9,6,11,9,2
2017_1,본동인정시장,116,56,60,0,9,32,29,27,19,0,1,15,12,13,15,0,8,17,17,14,4
2017_1,대림중앙시장,29,18,11,0,2,7,8,8,4,0,1,5,5,4,3,0,1,2,3,4,1
2017_1,우리시장,15,7,8,0,1,2,3,8,1,0,0,0,1,5,1,0,1,2,2,3,0
2017_1,영진시장A동,36,29,7,0,1,16,5,9,5,0,1,14,3,7,4,0,0,2,2,2,1
2017_1,사러가시장,24,8,16,0,7,5,10,1,1,0,1,1,5,0,1,0,6,4,5,1,0
2017_1,영등포청과시장,189,121,68,0,19,59,54,42,15,0,7,36,42,29,7,0,12,23,12,13,8
2017_1,영등포전통시장,4030,1988,2042,22,647,1528,1019,535,279,1,197,642,592,369,187,21,450,886,427,166,92
2017_1,은행나무시장,39,8,31,0,3,8,9,11,8,0,0,1,1,4,2,0,3,7,8,7,6
2017_1,현대시장,56,16,40,0,5,13,24,10,4,0,1,6,5,1,3,0,4,7,19,9,1
2017_1,남문시장,288,111,177,1,25,31,91,109,31,0,6,9,33,45,18,1,19,22,58,64,13
2017_1,독산동 우시장,138,55,83,0,11,21,60,31,15,0,5,13,15,14,8,0,6,8,45,17,7
2017_1,개봉중앙시장,7,3,4,0,0,1,2,2,2,0,0,0,1,1,1,0,0,1,1,1,1
2017_1,가리봉시장,18,10,8,0,3,1,6,4,4,0,1,0,4,2,3,0,2,1,2,2,1
2017_1,남구로시장,17,3,14,0,1,0,3,6,7,0,1,0,0,2,0,0,0,0,3,4,7
2017_1,구로시장,47,17,30,0,3,16,17,8,3,0,0,5,6,3,3,0,3,11,11,5,0
2017_1,방신전통시장,128,111,17,0,1,16,18,54,39,0,0,10,14,50,37,0,1,6,4,4,2
2017_1,송화골목시장,500,188,312,4,80,95,155,122,44,1,21,43,60,31,32,3,59,52,95,91,12
2017_1,까치산시장,35,24,11,0,3,9,18,5,0,0,1,7,13,3,0,0,2,2,5,2,0
2017_1,남부골목시장,200,87,113,0,31,46,66,43,14,0,8,19,31,21,8,0,23,27,35,22,6
2017_1,화곡중앙골목시장,2,2,0,0,0,1,0,0,1,0,0,1,0,0,1,0,0,0,0,0,0
2017_1,등마루시장,814,464,350,69,249,142,130,118,106,56,163,89,73,46,37,13,86,53,57,72,69
2017_1,신정3동골목시장,211,103,108,1,29,41,47,53,40,0,5,20,20,34,24,1,24,21,27,19,16
2017_1,신정2동골목시장,9,6,3,0,0,2,4,2,1,0,0,0,4,1,1,0,0,2,0,1,0
2017_1,신월6동골목시장,237,110,127,2,41,47,74,39,34,1,13,26,35,12,23,1,28,21,39,27,11
2017_1,신곡종합시장,12,9,3,0,0,0,4,4,4,0,0,0,3,2,4,0,0,0,1,2,0
2017_1,신월3동골목시장,52,15,37,0,6,12,18,15,1,0,1,7,3,4,0,0,5,5,15,11,1
2017_1,경창시장,185,81,104,0,10,26,53,55,41,0,5,16,29,21,10,0,5,10,24,34,31
2017_1,월정로시장,113,67,46,1,7,21,32,34,18,0,6,13,19,16,13,1,1,8,13,18,5
2017_1,신영시장,50,24,26,0,1,14,23,10,2,0,0,9,9,4,2,0,1,5,14,6,0
2017_1,목4동시장,235,81,154,0,30,45,79,62,19,0,8,19,18,25,11,0,22,26,61,37,8
2017_1,목3동시장,714,346,368,2,98,165,218,157,74,0,36,81,115,73,41,2,62,84,103,84,33
2017_1,목2동시장,239,109,130,0,37,58,74,54,16,0,7,29,42,22,9,0,30,29,32,32,7
2017_1,마포농수산물시장,504,309,195,0,24,55,130,190,105,0,14,33,86,107,69,0,10,22,44,83,36
2017_1,망원월드컵시장,13,9,4,0,0,1,5,3,4,0,0,1,3,3,2,0,0,0,2,0,2
2017_1,망원시장,34,18,16,0,4,4,6,17,3,0,3,3,3,7,2,0,1,1,3,10,1
2017_1,신수시장,116,84,32,1,10,37,36,21,11,0,3,26,26,19,10,1,7,11,10,2,1
2017_1,아현시장,22,3,19,0,2,10,5,5,0,0,0,2,0,1,0,0,2,8,5,4,0
2017_1,대림골목시장,300,98,202,0,37,62,103,69,29,0,11,22,32,16,17,0,26,40,71,53,12
2017_1,상계중앙시장,26,11,15,0,8,5,4,7,2,0,5,2,1,3,0,0,3,3,3,4,2
2017_1,방학동도깨비시장,150,57,93,0,22,35,41,25,27,0,13,16,17,5,6,0,9,19,24,20,21
2017_1,쌍문역골목시장,70,33,37,0,11,14,24,11,10,0,4,7,11,5,6,0,7,7,13,6,4
2017_1,신도봉시장,24,15,9,0,0,7,7,8,2,0,0,4,6,4,1,0,0,3,1,4,1
2017_1,창동신창시장,152,65,87,1,23,19,45,36,28,0,3,8,19,18,17,1,20,11,26,18,11
2017_1,수유북부시장,12,4,8,0,1,3,1,4,3,0,0,3,0,1,0,0,1,0,1,3,3
2017_1,장미원골목시장,74,44,30,0,13,15,24,14,8,0,5,10,12,12,5,0,8,5,12,2,3
2017_1,수유중앙시장,136,74,62,1,23,36,33,25,18,0,12,21,20,11,10,1,11,15,13,14,8
2017_1,강북종합시장,75,30,45,0,12,13,30,12,8,0,3,6,11,5,5,0,9,7,19,7,3
2017_1,우이시장,146,57,89,0,14,33,44,40,15,0,4,15,15,12,11,0,10,18,29,28,4
2017_1,수유전통시장,448,135,313,1,45,69,88,143,102,1,7,16,26,39,46,0,38,53,62,104,56
2017_1,번동북부골목시장,80,45,35,1,10,16,29,13,11,1,4,8,17,9,6,0,6,8,12,4,5
2017_1,솔샘시장,105,40,65,1,13,32,32,22,5,1,2,15,12,7,3,0,11,17,20,15,2
2017_1,방천골목시장,78,25,53,0,17,17,18,19,7,0,1,4,5,9,6,0,16,13,13,10,1
2017_1,석관황금시장,53,17,36,0,1,6,18,11,17,0,0,0,7,4,6,0,1,6,11,7,11
2017_1,장위전통시장,181,66,115,0,13,53,58,35,22,0,3,20,16,11,16,0,10,33,42,24,6
2017_1,정릉시장,36,15,21,0,10,5,13,3,5,0,5,3,3,1,3,0,5,2,10,2,2
2017_1,정릉아리랑시장,2,1,1,0,0,0,0,2,0,0,0,0,0,1,0,0,0,0,0,1,0
2017_1,돈암제일시장,59,24,35,1,11,13,16,9,9,0,3,5,5,5,6,1,8,8,11,4,3
2017_1,우림골목시장,214,101,113,0,19,25,51,62,57,0,2,9,26,28,36,0,17,16,25,34,21
2017_1,묵1동도깨비시장,285,131,154,0,42,57,72,95,19,0,16,35,32,40,8,0,26,22,40,55,11
2017_1,태능시장,4,3,1,0,1,2,1,0,0,0,0,2,1,0,0,0,1,0,0,0,0
2017_1,중화제일시장,24,1,23,0,7,1,8,7,1,0,0,0,0,1,0,0,7,1,8,6,1
2017_1,사가정시장,245,185,60,0,17,24,51,83,70,0,2,9,37,74,63,0,15,15,14,9,7
2017_1,동원시장,80,33,47,0,14,15,25,22,4,0,3,6,10,11,3,0,11,9,15,11,1
2017_1,동부골목시장,92,31,61,1,20,20,15,20,16,1,1,4,3,9,13,0,19,16,12,11,3
2017_1,회기시장,127,57,70,0,25,31,36,21,14,0,8,13,22,5,9,0,17,18,14,16,5
2017_1,답십리시장,29,10,19,0,2,9,9,9,0,0,1,2,5,2,0,0,1,7,4,7,0
2017_1,답십리현대시장,89,75,14,0,13,22,27,16,11,0,11,22,19,12,11,0,2,0,8,4,0
2017_1,청량리종합시장,7,5,2,0,0,2,0,1,4,0,0,1,0,0,4,0,0,1,0,1,0
2017_1,청량리농수산물시장,20,16,4,0,0,5,4,7,4,0,0,5,3,5,3,0,0,0,1,2,1
2017_1,서울약령시장,1356,814,542,3,129,240,364,401,219,1,59,134,223,248,149,2,70,106,141,153,70
2017_1,청량리수산시장,233,117,116,6,44,64,47,39,33,1,13,31,27,19,26,5,31,33,20,20,7
2017_1,구의시장,97,60,37,0,14,17,25,33,8,0,4,14,14,22,6,0,10,3,11,11,2
2017_1,조양시장,91,49,42,0,9,17,28,23,14,0,4,7,14,12,12,0,5,10,14,11,2
2017_1,영동교골목시장,14,10,4,1,1,4,4,3,1,0,1,4,3,2,0,1,0,0,1,1,1
2017_1,능동로골목시장,269,239,30,0,6,10,12,23,218,0,3,6,4,13,213,0,3,4,8,10,5
2017_1,자양골목시장,94,47,47,1,10,8,32,32,11,0,3,4,17,17,6,1,7,4,15,15,5
2017_1,중곡제일시장,140,77,63,0,16,24,43,37,20,0,7,15,19,21,15,0,9,9,24,16,5
2017_1,한아름시장,133,71,62,2,36,28,31,30,6,0,22,19,17,11,2,2,14,9,14,19,4
2017_1,성동용답상가시장,296,156,140,4,39,76,76,63,38,3,14,39,37,35,28,1,25,37,39,28,10
2017_1,뚝도시장,31,11,20,0,3,6,7,12,3,0,1,2,2,5,1,0,2,4,5,7,2
2017_1,금남시장,26,14,12,0,2,5,2,7,10,0,1,4,1,2,6,0,1,1,1,5,4
2017_1,행당시장,237,115,122,3,50,58,70,43,13,0,11,29,42,23,10,3,39,29,28,20,3
2017_1,마장축산물시장,1520,1001,519,3,194,415,415,323,170,2,120,290,276,201,112,1,74,125,139,122,58
2017_1,용문전통시장,40,23,17,0,2,11,10,13,4,0,1,6,6,7,3,0,1,5,4,6,1
2017_1,후암시장,51,19,32,0,2,8,14,19,8,0,0,5,5,5,4,0,2,3,9,14,4
2017_1,합동(새벽)시장,2330,1295,1035,2,354,711,610,372,281,0,107,289,353,288,258,2,247,422,257,84,23
2017_1,서울중앙시장,238,166,72,1,23,70,58,65,21,1,10,51,39,50,15,0,13,19,19,15,6
2017_1,백학시장,454,236,218,4,78,137,113,92,30,0,34,81,59,43,19,4,44,56,54,49,11
2017_1,약수시장,1689,679,1010,10,288,409,419,311,252,1,73,160,176,133,136,9,215,249,243,178,116
2017_1,청평화시장,2995,1890,1105,9,730,1165,792,226,73,2,463,724,541,117,43,7,267,441,251,109,30
2017_1,제일평화시장,515,315,200,0,99,159,94,96,67,0,49,98,60,58,50,0,50,61,34,38,17
2017_1,남평화시장,198,123,75,0,27,36,38,79,18,0,13,21,26,48,15,0,14,15,12,31,3
2017_1,방산종합시장,1825,1178,647,5,169,420,499,479,253,3,97,297,287,309,185,2,72,123,212,170,68
2017_1,인현시장,1175,746,429,3,92,212,345,353,170,1,40,118,212,248,127,2,52,94,133,105,43
2017_1,신중부시장,2452,1643,809,5,207,527,747,595,371,3,104,374,480,412,270,2,103,153,267,183,101
2017_1,남대문시장,7087,3729,3358,65,1251,2794,1754,818,405,8,438,1426,1027,538,292,57,813,1368,727,280,113
2017_1,동묘시장,931,596,335,1,135,207,255,214,119,0,58,132,172,148,86,1,77,75,83,66,33
2017_1,창신골목시장,232,122,110,1,18,114,47,42,10,0,4,52,31,27,8,1,14,62,16,15,2
2017_1,충신시장,340,206,134,2,66,94,80,66,32,1,29,57,46,46,27,1,37,37,34,20,5
2017_1,종로신진시장,28,11,17,0,0,1,8,8,11,0,0,0,2,2,7,0,0,1,6,6,4
2017_1,동대문종합시장,344,186,158,0,83,79,85,64,33,0,39,40,51,37,19,0,44,39,34,27,14
2017_1,광장시장,199,142,57,0,24,33,34,69,39,0,13,23,28,46,32,0,11,10,6,23,7
2017_1,서울 노원구 노원역_3,789,318,471,19,252,126,163,152,77,4,100,61,64,50,39,15,152,65,99,102,38
2017_1,서울 노원구 노원역_1,954,308,646,13,302,256,192,132,59,3,55,87,84,53,26,10,247,169,108,79,33
2017_1,창동역,2418,1549,869,6,294,460,672,655,331,2,125,265,446,473,238,4,169,195,226,182,93
2017_1,서울 강북구 수유역_3,64,31,33,3,6,12,17,21,5,2,1,8,7,10,3,1,5,4,10,11,2
2017_1,서울 강북구 수유역_2,4155,2143,2012,12,473,942,958,1061,709,7,160,426,490,662,398,5,313,516,468,399,311
2017_1,서울 강북구 수유역_1,109,86,23,0,13,28,35,16,17,0,7,25,26,12,16,0,6,3,9,4,1
2017_1,서울 은평구 연신내역_3,634,192,442,3,145,141,155,119,71,0,27,43,52,45,25,3,118,98,103,74,46
2017_1,서울 은평구 연신내역_2,444,178,266,10,100,104,99,78,53,2,42,48,38,23,25,8,58,56,61,55,28
2017_1,서울 은평구 연신내역_1,89,38,51,1,25,17,17,21,8,0,7,9,9,8,5,1,18,8,8,13,3
2017_1,서울 성북구 미아삼거리역_2,522,230,292,1,104,127,153,105,32,0,22,59,73,55,21,1,82,68,80,50,11
2017_1,서울 강북구 미아삼거리역_1,526,185,341,2,139,136,110,78,61,2,28,46,48,28,33,0,111,90,62,50,28
2017_1,서울 은평구 불광역_3,55,20,35,0,7,19,11,15,3,0,2,6,3,8,1,0,5,13,8,7,2
2017_1,서울 은평구 불광역_2,72,28,44,0,7,18,19,22,6,0,0,6,7,11,4,0,7,12,12,11,2
2017_1,서울 은평구 불광역_1,253,102,151,0,34,57,65,54,43,0,11,17,31,21,22,0,23,40,34,33,21
2017_1,미아사거리_2,99,22,77,0,25,23,23,24,4,0,4,7,6,4,1,0,21,16,17,20,3
2017_1,미아사거리_1,559,251,308,8,110,108,142,131,60,6,58,50,53,53,31,2,52,58,89,78,29
2017_1,서울 성북구 성신여대입구역,4901,2999,1902,33,599,1076,1294,1337,562,19,234,490,775,1048,433,14,365,586,519,289,129
2017_1,경희대학교,377,169,208,10,72,101,82,79,33,3,35,55,41,26,9,7,37,46,41,53,24
2017_1,서울 성북구 안암역,98,58,40,0,20,32,27,10,9,0,13,21,16,4,4,0,7,11,11,6,5
2017_1,혜화역 대학로_3,1703,823,880,4,289,469,426,348,167,1,112,208,213,186,103,3,177,261,213,162,64
2017_1,혜화역 대학로_2,1367,786,581,0,64,455,470,326,52,0,23,179,265,279,40,0,41,276,205,47,12
2017_1,혜화역 대학로_1,1307,657,650,27,290,364,282,226,118,9,129,195,149,104,71,18,161,169,133,122,47
2017_1,디지털미디어시티,22582,13467,9115,274,7582,7691,5115,1630,290,98,3050,4798,4008,1313,200,176,4532,2893,1107,317,90
2017_1,서울 동대문구 청량리역,3236,2064,1172,29,613,748,804,597,445,15,397,503,522,341,286,14,216,245,282,256,159
2017_1,서울 종로구 안국역_2,736,290,446,11,178,222,181,96,48,4,35,102,78,41,30,7,143,120,103,55,18
2017_1,서울 종로구 안국역_1,11654,9505,2149,21,1405,4339,3556,1844,489,18,960,3443,3061,1616,407,3,445,896,495,228,82
2017_1,서울 종로구 경복궁역_1,227,89,138,0,44,55,50,50,28,0,12,27,21,16,13,0,32,28,29,34,15
2017_1,서울 종로구 종로3가역_3,3218,1728,1490,18,540,843,869,612,336,4,167,455,493,377,232,14,373,388,376,235,104
2017_1,서울 종로구 종로3가역_2,1846,1006,840,14,316,415,417,330,354,9,119,226,240,190,222,5,197,189,177,140,132
2017_1,서울 동대문구 신설동역_2,4363,2173,2190,39,504,610,748,1216,1246,10,141,326,401,542,753,29,363,284,347,674,493
2017_1,인사동,21106,13041,8065,132,4259,7136,5123,2944,1512,38,1520,4433,3927,2200,923,94,2739,2703,1196,744,589
2017_1,서울 종로구 종로5가역_4,683,368,315,0,98,168,195,135,87,0,27,92,110,75,64,0,71,76,85,60,23
2017_1,서울 종로구 종로5가역_3,5230,3538,1692,19,777,1406,1444,1075,509,6,452,958,961,782,379,13,325,448,483,293,130
2017_1,종로구청,15806,9092,6714,9,1995,5677,4642,2645,838,1,715,2900,3100,1821,555,8,1280,2777,1542,824,283
2017_1,서울 종로구 종로5가역_2,18935,12659,6276,559,3502,6693,4954,2556,671,168,1577,4473,3868,2092,481,391,1925,2220,1086,464,190
2017_1,신설동역,753,444,309,9,136,190,170,147,101,0,49,120,107,88,80,9,87,70,63,59,21
2017_1,서울 동대문구 신설동역_1,2,2,0,0,0,0,1,0,1,0,0,0,1,0,1,0,0,0,0,0,0
2017_1,서울 종로구 광화문역_2,52781,32166,20615,141,7828,17364,15988,8330,3130,23,2898,10050,11410,5830,1955,118,4930,7314,4578,2500,1175
2017_1,동묘앞역,62,40,22,0,1,14,16,20,11,0,1,8,12,13,6,0,0,6,4,7,5
2017_1,장안동사거리,535,260,275,6,88,110,136,133,62,2,32,63,65,63,35,4,56,47,71,70,27
2017_1,서울 종로구 동대문역_2,1053,553,500,2,206,295,243,179,128,0,66,160,143,95,89,2,140,135,100,84,39
2017_1,동대문시장_2,485,305,180,0,40,109,112,132,92,0,26,68,71,71,69,0,14,41,41,61,23
2017_1,서울 종로구 종로5가역_1,55,40,15,0,7,6,15,20,7,0,2,4,13,17,4,0,5,2,2,3,3
2017_1,서울 종로구 종로3가역_1,3445,1488,1957,23,867,1057,725,481,292,12,281,430,341,242,182,11,586,627,384,239,110
2017_1,서울 종로구 광화문역_1,2295,1489,806,5,479,863,543,279,126,4,169,578,429,237,72,1,310,285,114,42,54
2017_1,종각역,20605,13388,7217,23,2971,7034,6477,3731,369,9,1166,3777,4857,3297,282,14,1805,3257,1620,434,87
2017_1,종각역 젊음의 거리,2111,935,1176,19,427,620,389,367,289,10,144,334,195,115,137,9,283,286,194,252,152
2017_1,서대문구 서대문역_1,355,244,111,1,35,78,110,72,59,0,20,59,77,44,44,1,15,19,33,28,15
2017_1,동대문시장_1,413,222,191,1,40,118,109,97,48,0,14,67,56,52,33,1,26,51,53,45,15
2017_1,시청역_2,22170,14245,7925,88,4108,7007,6618,3408,941,37,1631,4318,4950,2591,718,51,2477,2689,1668,817,223
2017_1,서울시청,23470,11511,11959,145,4957,7737,6662,3013,956,52,1643,3491,3761,1954,610,93,3314,4246,2901,1059,346
2017_1,서울 중구 을지로3가역_2,7984,5201,2783,12,1178,2141,2054,1540,1059,6,474,1319,1558,1052,792,6,704,822,496,488,267
2017_1,서울 중구 신당역_2,1365,677,688,41,609,357,185,108,65,14,268,190,107,51,47,27,341,167,78,57,18
2017_1,서대문구 서대문역_2,2006,1366,640,4,410,776,501,223,92,1,238,584,356,131,56,3,172,192,145,92,36
2017_1,동대문역사문화공원역,3918,2758,1160,12,568,1147,1209,709,273,5,363,861,875,478,176,7,205,286,334,231,97
2017_1,서울 중구 을지로3가역_1,14332,9607,4725,57,2214,4237,4051,2529,1244,22,1051,2764,2961,1889,920,35,1163,1473,1090,640,324
2017_1,명동거리,25479,11847,13632,124,3812,9697,7597,3514,735,38,1237,3212,4269,2579,512,86,2575,6485,3328,935,223
2017_1,롯데백화점,40328,22703,17625,436,6895,13877,12359,5404,1357,135,2388,6692,8179,4305,1004,301,4507,7185,4180,1099,353
2017_1,서울 중구 신당역_1,1042,671,371,5,157,215,293,245,127,0,42,136,213,180,100,5,115,79,80,65,27
2017_1,북창동,7810,4733,3077,36,1465,2084,1845,1682,698,4,574,1310,1270,1072,503,32,891,774,575,610,195
2017_1,서울 중구 충무로역_2,14143,6245,7898,97,2207,4034,4681,2176,948,29,642,1985,2071,935,583,68,1565,2049,2610,1241,365
2017_1,서울 강서구 송정역,763,512,251,2,64,154,193,170,180,0,31,113,135,104,129,2,33,41,58,66,51
2017_1,장한평역_2,11959,9580,2379,73,1196,2254,5323,2477,636,34,732,1785,4560,1995,474,39,464,469,763,482,162
2017_1,시청역_1,55429,33447,21982,192,9329,20850,17708,6504,846,30,3908,11658,12075,5186,590,162,5421,9192,5633,1318,256
2017_1,왕십리역_2,655,281,374,9,135,139,153,136,83,7,38,73,60,62,41,2,97,66,93,74,42
2017_1,서울 강서구 발산역,792,471,321,6,159,247,185,126,69,1,60,143,128,90,49,5,99,104,57,36,20
2017_1,장한평역_1,2400,1569,831,10,189,445,439,433,884,3,73,246,308,290,649,7,116,199,131,143,235
2017_1,서울 중구 충무로역_1,3168,2226,942,77,603,1038,829,487,134,56,439,807,606,228,90,21,164,231,223,259,44
2017_1,장한평역,2188,1538,650,11,167,426,732,580,272,7,76,269,544,441,201,4,91,157,188,139,71
2017_1,서울 중구 명동역,3694,1878,1816,5,765,1773,818,232,101,1,239,870,541,154,73,4,526,903,277,78,28
2017_1,장충동 족발거리,198,93,105,0,43,52,43,32,28,0,16,29,27,11,10,0,27,23,16,21,18
2017_1,한양시장,277,140,137,2,54,69,60,58,34,2,25,40,27,28,18,0,29,29,33,30,16
2017_1,서울 서대문구 이대역,1275,511,764,24,311,298,292,214,136,7,79,124,131,90,80,17,232,174,161,124,56
2017_1,서울 서대문구 신촌역,3003,1231,1772,32,812,731,614,481,333,13,228,347,311,186,146,19,584,384,303,295,187
2017_1,서울 마포구 홍대입구역_3,411,272,139,1,72,138,127,48,25,0,31,91,90,37,23,1,41,47,37,11,2
2017_1,서울 마포구 홍대입구역_2,3152,1229,1923,28,1412,913,453,219,127,4,308,403,257,158,99,24,1104,510,196,61,28
2017_1,홍익대학교 주변,15066,7581,7485,109,3832,5128,3189,1664,1144,55,1535,2577,1761,886,767,54,2297,2551,1428,778,377
2017_1,서울 광진구 군자역,181,106,75,3,28,54,55,29,12,1,12,37,36,16,4,2,16,17,19,13,8
2017_1,신촌역,236,116,120,0,46,75,48,42,25,0,16,37,29,19,15,0,30,38,19,23,10
2017_1,강서구청,3455,2273,1182,24,563,894,901,675,398,10,303,621,629,444,266,14,260,273,272,231,132
2017_1,서울 마포구 홍대입구역_1,821,462,359,6,250,267,189,72,37,0,121,145,117,52,27,6,129,122,72,20,10
2017_1,서울 강동구 고덕역,490,268,222,3,56,102,114,135,80,1,18,56,60,77,56,2,38,46,54,58,24
2017_1,서울 강동구 명일역,856,356,500,7,154,188,220,172,115,4,45,72,87,74,74,3,109,116,133,98,41
2017_1,어린이대공원역,97,61,36,0,16,29,27,18,7,0,6,19,20,11,5,0,10,10,7,7,2
2017_1,서울 마포구 공덕역_2,4124,2406,1718,21,645,1158,1209,866,225,6,242,695,806,535,122,15,403,463,403,331,103
2017_1,공덕역,7228,4383,2845,54,1605,2327,1972,1132,138,13,641,1204,1441,968,116,41,964,1123,531,164,22
2017_1,서울 용산구 숙대입구역,4416,3093,1323,66,1050,1620,1074,484,122,2,522,1281,886,324,78,64,528,339,188,160,44
2017_1,남영역,14242,6249,7993,906,4873,3961,2988,1330,184,392,2117,2027,1241,360,112,514,2756,1934,1747,970,72
2017_1,서울 마포구 공덕역_1,4647,2279,2368,51,1177,1370,1180,678,191,25,483,791,581,269,130,26,694,579,599,409,61
2017_1,서울 마포구 마포역_2,1240,701,539,8,231,358,368,191,84,5,108,221,227,87,53,3,123,137,141,104,31
2017_1,서울 광진구 건대입구역_2,2838,993,1845,11,916,1044,457,231,179,3,199,376,206,86,123,8,717,668,251,145,56
2017_1,서울 마포구 마포역_1,11532,6888,4644,58,2008,2857,2518,2470,1621,20,770,1823,1752,1436,1087,38,1238,1034,766,1034,534
2017_1,서울 강동구 천호역_2,3826,1909,1917,23,685,866,851,668,733,9,275,456,414,284,471,14,410,410,437,384,262
2017_1,서울 광진구 건대입구역_1,944,457,487,5,228,200,237,143,131,0,87,100,116,76,78,5,141,100,121,67,53
2017_1,건대입구역,722,386,336,10,179,230,146,99,58,4,83,131,73,52,43,6,96,99,73,47,15
2017_1,서울 광진구 구의역,865,529,336,1,90,224,236,163,151,0,25,123,153,108,120,1,65,101,83,55,31
2017_1,서울 강동구 천호역,1029,496,533,8,193,232,220,195,181,0,48,104,128,96,120,8,145,128,92,99,61
2017_1,당산역_2,5271,3295,1976,17,595,735,827,1187,1910,12,444,580,510,607,1142,5,151,155,317,580,768
2017_1,서울 강동구 길동역,1208,696,512,2,158,294,344,252,158,0,57,165,230,139,105,2,101,129,114,113,53
2017_1,용산 전자상가_5,2380,1741,639,31,389,978,667,227,88,22,261,748,494,155,61,9,128,230,173,72,27
2017_1,당산역_1,1102,696,406,4,185,330,278,179,126,2,77,219,176,120,102,2,108,111,102,59,24
2017_1,서울 광진구 강변역,2126,1743,383,11,130,443,655,499,388,5,78,326,583,438,313,6,52,117,72,61,75
2017_1,용산 전자상가_3,2451,1760,691,33,336,831,719,342,190,24,197,612,519,264,144,9,139,219,200,78,46
2017_1,서울 용산구 이태원역,642,389,253,11,233,170,107,70,51,4,145,118,59,37,26,7,88,52,48,33,25
2017_1,한남오거리,664,339,325,3,115,155,136,148,107,0,37,88,69,72,73,3,78,67,67,76,34
2017_1,용산 전자상가_2,470,378,92,4,50,179,163,59,15,4,39,151,128,45,11,0,11,28,35,14,4
2017_1,용산구청,99,68,31,0,44,41,8,5,1,0,28,30,6,3,1,0,16,11,2,2,0
2017_1,용산 전자상가_1,8011,6075,1936,53,1310,2678,2428,1206,336,29,734,2024,2022,1029,237,24,576,654,406,177,99
2017_1,국회의사당역_2,40592,24030,16562,1310,9675,13261,9439,5369,1538,588,3823,7809,6958,3851,1001,722,5852,5452,2481,1518,537
2017_1,서울 용산구 신용산역,458,209,249,0,58,91,110,120,79,0,25,53,45,50,36,0,33,38,65,70,43
2017_1,국회의사당역_1,5643,4377,1266,0,370,1285,1960,1920,108,0,172,810,1686,1607,102,0,198,475,274,313,6
2017_1,압구정 로데오거리_2,15549,6626,8923,189,5595,5617,2536,1019,593,41,1697,2665,1342,549,332,148,3898,2952,1194,470,261
2017_1,서울 강남구 압구정역,10779,4899,5880,553,3227,2850,1717,1378,1054,246,1150,1388,980,635,500,307,2077,1462,737,743,554
2017_1,서울 영등포구 영등포구청역,3655,1134,2521,20,1127,1475,721,249,63,0,190,506,261,124,53,20,937,969,460,125,10
2017_1,압구정 로데오거리_1,7361,2408,4953,58,2889,2683,1094,394,243,14,681,881,503,192,137,44,2208,1802,591,202,106
2017_1,서울 강동구 둔촌동역,53,15,38,0,6,13,18,10,6,0,1,5,4,4,1,0,5,8,14,6,5
2017_1,오목교역,206,88,118,0,24,35,66,51,30,0,8,19,27,18,16,0,16,16,39,33,14
2017_1,신사동 가로수길,21404,10157,11247,130,6477,6983,4304,2286,1224,37,1781,3647,2596,1280,816,93,4696,3336,1708,1006,408
2017_1,서울 영등포구 여의도역_2,48066,31797,16269,164,7497,17744,15062,5983,1616,24,3127,10893,11787,5101,865,140,4370,6851,3275,882,751
2017_1,청담사거리_3,1456,503,953,4,604,515,201,85,47,0,133,191,106,40,33,4,471,324,95,45,14
2017_1,영등포유통상가,2068,1285,783,8,276,446,411,469,458,4,111,266,267,289,348,4,165,180,144,180,110
2017_1,청담역_2,1310,946,364,15,257,427,284,140,187,1,117,339,229,104,156,14,140,88,55,36,31
2017_1,청담역_1,187,146,41,0,27,67,62,21,10,0,17,50,55,16,8,0,10,17,7,5,2
2017_1,청담사거리_2,987,736,251,4,200,350,345,67,21,1,103,273,298,47,14,3,97,77,47,20,7
2017_1,서울 영등포구 여의도역_1,53560,31778,21782,268,7655,15358,17088,10561,2630,61,3126,6741,11059,8917,1874,207,4529,8617,6029,1644,756
2017_1,학동사거리_2,3104,1807,1297,8,683,919,648,575,271,5,226,487,435,434,220,3,457,432,213,141,51
2017_1,서울 영등포구 영등포시장역,328,254,74,0,29,63,88,86,62,0,18,51,60,73,52,0,11,12,28,13,10
2017_1,학동사거리_1,4086,2051,2035,26,1078,1348,765,556,313,11,272,666,465,390,247,15,806,682,300,166,66
2017_1,여의도 시범아파트앞,2243,1442,801,5,321,561,619,476,261,3,146,354,423,337,179,2,175,207,196,139,82
2017_1,영등포역_3,815,480,335,2,150,230,191,169,73,0,39,150,119,124,48,2,111,80,72,45,25
2017_1,도산공원사거리_1,9677,5729,3948,40,2213,3321,2365,1240,498,18,849,2067,1600,843,352,22,1364,1254,765,397,146
2017_1,영등포역_2,1152,629,523,5,169,181,246,316,235,4,77,99,134,155,160,1,92,82,112,161,75
2017_1,문래동 주민센터,76,65,11,1,4,9,26,21,15,1,4,7,21,17,15,0,0,2,5,4,0
2017_1,강남구 신사역_2,8379,5347,3032,49,1852,3351,1993,745,389,8,764,2211,1528,556,280,41,1088,1140,465,189,109
2017_1,서울 강남구 강남구청역_2,4618,2953,1665,92,1875,1309,896,353,93,45,1022,854,713,258,61,47,853,455,183,95,32
2017_1,강남구 신사역_1,2574,1128,1446,7,737,1006,526,186,112,3,153,438,347,114,73,4,584,568,179,72,39
2017_1,서울 동작구 노량진1동_1,31,19,12,0,3,2,12,9,5,0,1,1,9,5,3,0,2,1,3,4,2
2017_1,서울 강남구 학동역_3,9202,5236,3966,28,2018,3159,2090,1225,682,5,651,1857,1466,798,459,23,1367,1302,624,427,223
2017_1,서울 강남구 강남구청역_1,3057,1910,1147,8,538,857,824,594,236,5,221,527,564,422,171,3,317,330,260,172,65
2017_1,잠실역,5718,4339,1379,18,786,1997,1753,827,337,1,372,1546,1501,654,265,17,414,451,252,173,72
2017_1,강남구 논현역_4,7327,3722,3605,42,1755,2279,1781,944,526,14,528,1237,1094,517,332,28,1227,1042,687,427,194
2017_1,학동역,1409,575,834,13,480,491,287,96,42,3,101,223,158,67,23,10,379,268,129,29,19
2017_1,방이동 먹자골목,4916,3118,1798,15,589,1342,1437,1029,504,3,269,861,1014,613,358,12,320,481,423,416,146
2017_1,서울 강남구 학동역_2,5486,2854,2632,28,1177,1691,1080,596,914,11,350,817,617,390,669,17,827,874,463,206,245
2017_1,서울 동작구 노량진역,3618,2085,1533,13,436,1007,1006,913,243,10,165,458,599,669,184,3,271,549,407,244,59
2017_1,삼성역_3,8659,5031,3628,41,1771,3320,2301,972,254,12,557,1856,1644,794,168,29,1214,1464,657,178,86
2017_1,코엑스,22217,12970,9247,134,5751,7804,5500,2395,633,52,1904,4553,4088,1903,470,82,3847,3251,1412,492,163
2017_1,서울 강남구 학동역_1,5071,3253,1818,23,1158,1561,1114,672,543,16,571,1048,787,442,389,7,587,513,327,230,154
2017_1,선정릉역_2,6768,4248,2520,39,1572,2278,1579,868,432,7,586,1418,1194,690,353,32,986,860,385,178,79
2017_1,강남구 논현역_3,1498,853,645,4,283,547,315,251,98,1,123,359,188,122,60,3,160,188,127,129,38
2017_1,포스코사거리_2,7170,4626,2544,24,1410,3171,1697,614,254,11,568,2113,1303,445,186,13,842,1058,394,169,68
2017_1,포스코사거리_1,49794,33323,16471,144,11507,19310,13215,4536,1082,39,6164,13485,9830,3143,662,105,5343,5825,3385,1393,420
2017_1,잠실역 롯데월드,3312,1662,1650,203,1469,608,542,406,84,75,660,340,297,269,21,128,809,268,245,137,63
2017_1,신도림역,3445,1913,1532,9,718,1269,959,418,72,2,284,714,567,285,61,7,434,555,392,133,11
2017_1,강남구 논현역_2,8038,3913,4125,62,2465,2686,1521,837,467,21,775,1507,996,395,219,41,1690,1179,525,442,248
2017_1,선정릉역_1,1734,1219,515,15,397,631,362,168,161,10,209,445,286,130,139,5,188,186,76,38,22
2017_1,신천역,6159,3308,2851,31,1256,1468,1458,1021,925,11,489,799,763,567,679,20,767,669,695,454,246
2017_1,강남구 논현역_1,3678,2102,1576,15,722,1378,941,413,209,6,293,787,597,264,155,9,429,591,344,149,54
2017_1,삼성역_2,17789,10599,7190,228,5037,6390,3742,1966,426,129,2136,4102,2655,1269,308,99,2901,2288,1087,697,118
2017_1,삼정역_2,2864,1305,1559,3,790,981,481,339,270,0,193,451,286,212,163,3,597,530,195,127,107
2017_1,삼정역_1,2888,1567,1321,5,613,995,638,321,316,1,158,546,439,198,225,4,455,449,199,123,91
2017_1,삼성역_1,30235,20031,10204,153,4826,8641,7531,5229,3855,78,2219,6006,5846,3445,2437,75,2607,2635,1685,1784,1418
2017_1,서울 강남구 선릉역_2,7549,4891,2658,52,1327,2244,1907,1233,786,22,596,1530,1448,819,476,30,731,714,459,414,310
2017_1,고속터미널역,15664,4734,10930,28,5053,5266,3430,1556,331,11,792,1664,1291,768,208,17,4261,3602,2139,788,123
2017_1,서울 서초구 강남역,34665,19651,15014,180,8835,11538,7421,4279,2412,99,3490,6923,4815,2718,1606,81,5345,4615,2606,1561,806
2017_1,서울 강남구 선릉역_1,19335,8122,11213,196,6972,4933,3421,2534,1279,98,2459,2689,1424,807,645,98,4513,2244,1997,1727,634
2017_1,선릉역_2,20206,10619,9587,103,5723,6273,4397,2388,1322,41,1983,3619,2770,1338,868,62,3740,2654,1627,1050,454
2017_1,서울 강남구 역삼역_2,26179,20575,5604,125,5835,9068,7247,3536,368,91,3514,6957,6431,3302,280,34,2321,2111,816,234,88
2017_1,서울 송파구 석촌역_1,39,28,11,1,2,9,16,10,1,0,1,8,10,8,1,1,1,1,6,2,0
2017_1,서울 강남구 강남역_2,5718,3389,2329,55,1387,1951,1266,754,305,28,505,1142,937,582,195,27,882,809,329,172,110
2017_1,선릉역_1,53672,28879,24793,317,11028,15463,15184,9368,2312,191,6686,10531,6464,3402,1605,126,4342,4932,8720,5966,707
2017_1,구로역,161,96,65,0,12,10,30,23,86,0,0,5,11,13,67,0,12,5,19,10,19
2017_1,역삼역_2,4289,2416,1873,31,992,1454,1199,495,118,8,313,970,753,296,76,23,679,484,446,199,42
2017_1,대림역_2,6960,5243,1717,21,1213,1984,1502,1278,962,18,920,1739,1202,782,582,3,293,245,300,496,380
2017_1,서울 강남구 역삼역_1,26619,16617,10002,239,5751,9908,6433,2931,1357,92,2553,6527,4536,1936,973,147,3198,3381,1897,995,384
2017_1,신대방삼거리역,295,133,162,0,27,52,71,60,85,0,5,27,38,23,40,0,22,25,33,37,45
2017_1,서울 강남구 한티역,1079,407,672,17,230,260,286,184,102,2,61,99,117,72,56,15,169,161,169,112,46
2017_1,은마아파트입구사거리_4,88,52,36,0,9,23,34,18,4,0,4,20,16,8,4,0,5,3,18,10,0
2017_1,오류동역,1520,756,764,13,169,221,405,436,276,4,83,126,163,192,188,9,86,95,242,244,88
2017_1,서울 강남구 강남역,39329,18700,20629,145,9383,12578,9125,5691,2407,49,2825,6639,5856,2439,892,96,6558,5939,3269,3252,1515
2017_1,교대역_4,5609,3133,2476,43,1358,1657,1240,804,507,20,493,879,766,581,394,23,865,778,474,223,113
2017_1,서울 강남구 강남역_1,131760,97349,34411,661,31300,60175,31274,7401,949,493,15591,45201,28477,6877,710,168,15709,14974,2797,524,239
2017_1,방배동카페골목,109,46,63,0,18,15,37,19,20,0,8,7,20,1,10,0,10,8,17,18,10
2017_1,가락시장,16218,10235,5983,85,2599,3941,4173,3631,1789,32,1259,2699,2909,2125,1211,53,1340,1242,1264,1506,578
2017_1,교대역_3,4386,2689,1697,18,540,1237,1303,805,483,3,143,565,925,637,416,15,397,672,378,168,67
2017_1,역삼역_1,1750,1110,640,11,400,494,378,262,205,6,170,338,276,182,138,5,230,156,102,80,67
2017_1,교대역_2,3525,2243,1282,14,606,1257,888,551,209,10,217,838,637,390,151,4,389,419,251,161,58
2017_1,서울 송파구 가락시장역,5325,3543,1782,26,808,1599,1377,906,609,13,413,990,974,659,494,13,395,609,403,247,115
2017_1,서울 서초구 서초역,12162,5027,7135,91,4146,3319,2691,1392,523,41,1445,1309,1046,765,421,50,2701,2010,1645,627,102
2017_1,서울 강남구 대치역_2,1479,889,590,1,190,555,487,150,96,0,55,301,350,102,81,1,135,254,137,48,15
2017_1,뱅뱅사거리_2,24941,15931,9010,525,5420,7467,6501,3447,1581,237,2639,4910,4597,2428,1120,288,2781,2557,1904,1019,461
2017_1,보라매공원,14103,8045,6058,47,2701,5244,3941,1492,678,25,1265,2796,2373,1085,501,22,1436,2448,1568,407,177
2017_1,교대역_1,13196,7905,5291,62,2333,4099,3555,2210,937,13,855,2464,2386,1462,725,49,1478,1635,1169,748,212
2017_1,개봉동 현대아파트 인근,155,72,83,0,7,31,40,50,27,0,2,7,17,30,16,0,5,24,23,20,11
2017_1,뱅뱅사거리,7125,4742,2383,28,2581,2364,1309,602,241,1,1503,1600,1029,431,178,27,1078,764,280,171,63
2017_1,뱅뱅사거리_1,10353,7297,3056,27,1874,3272,2637,1677,866,8,1028,2437,2063,1197,564,19,846,835,574,480,302
2017_1,서울 관악구 신림역_4,920,434,486,1,175,168,224,214,138,0,55,87,121,97,74,1,120,81,103,117,64
2017_1,동작구 총신대입구역_1,214,98,116,0,31,50,51,44,38,0,10,22,23,18,25,0,21,28,28,26,13
2017_1,양재역_3,3515,2418,1097,14,732,1155,862,479,273,1,439,755,633,362,228,13,293,400,229,117,45
2017_1,동작구 총신대입구역_2,841,360,481,7,287,198,158,114,77,1,69,103,86,45,56,6,218,95,72,69,21
2017_1,서울 서초구 남부터미널역_3,1526,870,656,14,261,434,409,250,158,5,87,243,279,148,108,9,174,191,130,102,50
2017_1,서울 강남구 수서역,19103,11144,7959,61,3190,6143,5355,2843,1511,32,1551,3792,2859,1667,1243,29,1639,2351,2496,1176,268
2017_1,서울 서초구 남부터미널역_2,11569,5628,5941,79,2662,3037,2935,1862,994,30,1066,1702,1342,818,670,49,1596,1335,1593,1044,324
2017_1,구로디지탈1단지,65309,41753,23556,461,14860,24021,15868,6947,3152,261,7143,16163,11007,4663,2516,200,7717,7858,4861,2284,636
2017_1,양재역,119,57,62,1,26,43,24,11,14,1,3,18,17,7,11,0,23,25,7,4,3
2017_1,매봉역,538,229,309,3,240,124,90,44,37,1,43,73,58,28,26,2,197,51,32,16,11
2017_1,서울 서초구 방배역,3625,2132,1493,40,880,914,639,509,643,12,333,541,430,321,495,28,547,373,209,188,148
2017_1,서울 서초구 남부터미널역_1,552,397,155,4,111,176,130,72,59,0,61,131,105,51,49,4,50,45,25,21,10
2017_1,서울 관악구 신림역_2,31,15,16,0,3,3,7,11,7,0,2,3,3,4,3,0,1,0,4,7,4
2017_1,서울 관악구 신림역_1,1925,920,1005,23,317,345,327,410,503,9,142,176,138,186,269,14,175,169,189,224,234
2017_1,양재역_2,8950,5008,3942,133,2097,3302,2066,910,442,35,877,2034,1325,447,290,98,1220,1268,741,463,152
2017_1,양재역_1,1022,722,300,2,123,250,249,264,134,1,59,134,160,238,130,1,64,116,89,26,4
2017_1,서울 관악구 서울대입구역_2,42,4,38,1,18,6,4,12,1,0,1,1,1,1,0,1,17,5,3,11,1
2017_1,가산디지털단지역_3,31303,18640,12663,212,6719,10392,8042,4266,1672,128,3096,6624,5150,2412,1230,84,3623,3768,2892,1854,442
2017_1,구로디지털단지역,2148,1390,758,20,456,693,545,303,131,9,212,468,380,216,105,11,244,225,165,87,26
2017_1,서울 관악구 서울대입구역_1,1963,832,1131,8,380,440,530,303,302,2,99,172,241,129,189,6,281,268,289,174,113
2017_1,관악구 사당역_1,3907,1603,2304,21,368,615,1148,1181,574,13,187,340,331,295,437,8,181,275,817,886,137
2017_1,가산디지털단지역_2,61605,36900,24705,3213,18589,18677,12424,5481,3221,1330,8841,12145,8659,3367,2558,1883,9748,6532,3765,2114,663
2017_1,관악구 사당역_2,345,181,164,4,57,98,90,74,22,1,22,49,49,43,17,3,35,49,41,31,5
2017_1,가산디지털단지역_1,26323,17730,8593,183,4653,8005,6626,4109,2747,98,2530,5769,4736,2687,1910,85,2123,2236,1890,1422,837
2017_1,장지역,4333,2747,1586,27,641,1322,1159,758,426,12,321,836,779,470,329,15,320,486,380,288,97
2017_1,포이사거리_1,5741,3052,2689,81,862,1727,1830,1001,240,4,492,1119,846,436,155,77,370,608,984,565,85
2017_1,포이사거리_2,8907,6328,2579,42,1204,2521,2685,1863,592,31,725,1725,1962,1436,449,11,479,796,723,427,143
2017_1,서울 관악구 대학동_1,82,49,33,2,13,20,26,12,9,0,4,13,17,7,8,2,9,7,9,5,1
2017_1,서울 금천구 독산1동_1,3007,2040,967,10,413,718,803,670,393,9,198,472,536,484,341,1,215,246,267,186,52
2017_1,양재 화물트럭터미널앞_2,178,77,101,1,32,71,51,13,10,1,13,19,31,7,6,0,19,52,20,6,4
2017_1,양재 화물트럭터미널앞_1,4379,3453,926,59,966,1375,915,716,348,23,621,1103,764,624,318,36,345,272,151,92,30
2017_1,서울 금천구 시흥1동_4,931,471,460,15,148,154,216,228,170,9,55,73,105,120,109,6,93,81,111,108,61
2017_1,풍성로37가길,36,16,20,0,1,9,11,10,5,0,1,6,6,1,2,0,0,3,5,9,3
2017_1,천호옛길,556,365,191,0,103,145,124,92,92,0,63,98,83,57,64,0,40,47,41,35,28
2017_1,천호옛14길,594,280,314,9,118,114,151,120,82,1,45,52,78,52,52,8,73,62,73,68,30
2017_1,천호대로219길,918,557,361,2,64,158,262,330,102,1,31,88,156,209,72,1,33,70,106,121,30
2017_1,천호대로197길,17,5,12,0,1,5,7,3,1,0,0,1,3,1,0,0,1,4,4,2,1
2017_1,천호대로187길,874,503,371,5,97,202,247,182,141,3,43,134,136,104,83,2,54,68,111,78,58
2017_1,천호대로170길,416,173,243,0,50,74,118,126,48,0,31,51,37,33,21,0,19,23,81,93,27
2017_1,천호대로162길,1293,928,365,0,190,381,288,232,202,0,121,295,222,164,126,0,69,86,66,68,76
2017_1,천중로51길,436,228,208,3,48,110,129,86,60,0,23,62,63,42,38,3,25,48,66,44,22
2017_1,천중로39길,584,206,378,2,53,89,120,160,160,1,11,34,37,54,69,1,42,55,83,106,91
2017_1,진황도로47길,1359,694,665,7,182,259,263,355,293,4,115,184,133,96,162,3,67,75,130,259,131
2017_1,진황도로27길,490,286,204,0,69,135,141,106,39,0,27,91,83,58,27,0,42,44,58,48,12
2017_1,올림픽로98길,41,18,23,0,2,10,9,14,6,0,1,3,4,7,3,0,1,7,5,7,3
2017_1,올림픽로80길,2,1,1,0,0,0,1,1,0,0,0,0,0,1,0,0,0,0,1,0,0
2017_1,올림픽로77길,13,6,7,0,1,8,3,0,1,0,0,3,2,0,1,0,1,5,1,0,0
2017_1,올림픽로71길,405,305,100,1,44,119,96,105,40,0,26,93,72,82,32,1,18,26,24,23,8
2017_1,올림픽로48길,5800,3487,2313,7,589,1376,1446,1242,1140,4,251,703,803,869,857,3,338,673,643,373,283
2017_1,양재대로96길,1313,784,529,3,105,221,275,410,299,1,50,132,145,239,217,2,55,89,130,171,82
2017_1,양재대로95길,718,385,333,3,106,153,184,186,86,3,62,79,98,86,57,0,44,74,86,100,29
2017_1,양재대로91길,1187,658,529,4,151,233,273,265,261,0,63,140,172,136,147,4,88,93,101,129,114
2017_1,양재대로133길,309,112,197,0,49,61,60,102,37,0,17,26,28,25,16,0,32,35,32,77,21
2017_1,양재대로124길,632,396,236,0,82,170,125,130,125,0,36,114,85,70,91,0,46,56,40,60,34
2017_1,양재대로116길,218,91,127,0,24,48,68,55,23,0,9,16,28,25,13,0,15,32,40,30,10
2017_1,양재대로101길,1196,691,505,2,159,262,306,252,215,2,51,127,183,160,168,0,108,135,123,92,47
2017_1,암사길,368,163,205,2,31,121,100,83,31,0,9,52,45,42,15,2,22,69,55,41,16
2017_1,성안로3길,1614,1048,566,5,256,392,427,362,172,5,126,248,281,249,139,0,130,144,146,113,33
2017_1,성내로5길,1084,552,532,0,170,286,328,233,67,0,62,140,161,136,53,0,108,146,167,97,14
2017_1,상일로5길,56,33,23,0,6,7,20,17,6,0,3,5,9,12,4,0,3,2,11,5,2
2017_1,상암로5길,625,275,350,3,88,122,135,144,133,2,28,61,57,56,71,1,60,61,78,88,62
2017_1,상암로51길,762,324,438,11,144,154,190,156,107,7,40,72,79,63,63,4,104,82,111,93,44
2017_1,상암로4길,267,212,55,3,68,81,56,44,15,1,55,60,50,36,10,2,13,21,6,8,5
2017_1,상암로14길,485,304,181,1,66,129,154,89,46,0,38,76,100,54,36,1,28,53,54,35,10
2017_1,명일로13길,121,46,75,0,9,28,23,57,4,0,3,7,6,29,1,0,6,21,17,28,3
2017_1,동남로85길,130,67,63,0,14,26,37,29,24,0,11,16,18,12,10,0,3,10,19,17,14
2017_1,동남로82길,10,3,7,0,0,1,5,3,1,0,0,0,2,1,0,0,0,1,3,2,1
2017_1,동남로65길,72,24,48,0,7,7,23,21,14,0,1,3,8,8,4,0,6,4,15,13,10
2017_1,구천면로42길,384,187,197,0,47,88,103,77,69,0,15,46,51,33,42,0,32,42,52,44,27
2017_1,구천면로41길,603,255,348,2,80,166,172,134,49,2,17,74,82,54,26,0,63,92,90,80,23
2017_1,구천면로36길,61,38,23,0,3,16,17,12,13,0,0,13,7,6,12,0,3,3,10,6,1
2017_1,고덕로25길,22,12,10,0,1,4,6,7,4,0,1,3,3,2,3,0,0,1,3,5,1
2017_1,고덕로10길,191,86,105,2,22,40,51,56,20,1,10,22,22,20,11,1,12,18,29,36,9
2017_1,강동대로53길,900,498,402,1,170,235,234,193,67,0,68,150,123,109,48,1,102,85,111,84,19
2017_1,풍성로25길,788,287,501,4,127,190,213,157,97,0,36,81,68,54,48,4,91,109,145,103,49
2017_1,오금로46길,1421,721,700,9,243,394,364,305,106,4,94,206,182,165,70,5,149,188,182,140,36
2017_1,오금로36길,1270,958,312,5,183,420,419,196,47,1,105,310,348,159,35,4,78,110,71,37,12
2017_1,오금로11길,2197,1415,782,17,304,606,481,427,362,13,140,374,330,273,285,4,164,232,151,154,77
2017_1,양재대로72길,693,378,315,2,100,171,194,148,78,1,42,100,88,83,64,1,58,71,106,65,14
2017_1,양재대로71길,1292,776,516,3,240,354,301,229,165,2,81,199,216,156,122,1,159,155,85,73,43
2017_1,양재대로64길,1522,596,926,15,435,558,320,141,53,3,88,193,179,96,37,12,347,365,141,45,16
2017_1,양재대로62길,6352,3824,2528,10,255,478,626,971,4012,6,126,308,373,449,2562,4,129,170,253,522,1450
2017_1,송파대로30길,1749,1116,633,15,288,418,447,387,194,9,164,295,296,228,124,6,124,123,151,159,70
2017_1,송이로36길,2070,1497,573,36,371,454,521,445,243,29,244,329,365,330,200,7,127,125,156,115,43
2017_1,송이로32길,773,415,358,0,86,163,210,212,102,0,33,93,107,114,68,0,53,70,103,98,34
2017_1,송이로23길,1272,788,484,2,138,272,275,298,287,0,58,153,146,200,231,2,80,119,129,98,56
2017_1,삼전로13길,1626,813,813,2,221,337,399,353,314,1,61,159,188,196,208,1,160,178,211,157,106
2017_1,백제고분로50길,3386,1663,1723,18,519,617,773,1013,446,4,210,405,445,391,208,14,309,212,328,622,238
2017_1,백제고분로46길,1791,1146,645,4,253,404,442,360,328,1,127,250,288,234,246,3,126,154,154,126,82
2017_1,백제고분로45길,498,333,165,0,72,122,117,128,59,0,43,84,80,84,42,0,29,38,37,44,17
2017_1,백제고분로42길,132,76,56,0,19,29,45,32,7,0,11,16,23,21,5,0,8,13,22,11,2
2017_1,백제고분로39길,1583,1110,473,9,363,696,308,141,66,3,205,604,205,60,33,6,158,92,103,81,33
2017_1,백제고분로34길,1727,1128,599,4,216,393,485,325,304,4,114,267,316,212,215,0,102,126,169,113,89
2017_1,백제고분로33길,1017,645,372,3,119,236,301,251,107,1,67,128,199,165,85,2,52,108,102,86,22
2017_1,백제고분로32길,1092,462,630,6,143,230,290,310,113,4,40,108,125,114,71,2,103,122,165,196,42
2017_1,백제고분로31길,336,212,124,1,21,81,109,86,38,0,12,53,70,51,26,1,9,28,39,35,12
2017_1,백제고분로22길,1009,584,425,4,104,212,280,260,149,1,32,127,159,147,118,3,72,85,121,113,31
2017_1,백제고분로21길,206,149,57,0,33,46,52,41,34,0,17,32,34,34,32,0,16,14,18,7,2
2017_1,마천로51길,130,56,74,0,18,25,37,37,13,0,8,10,15,11,12,0,10,15,22,26,1
2017_1,동남로20길,155,92,63,0,11,31,51,49,13,0,7,17,33,27,8,0,4,14,18,22,5
2017_1,거마로20길,486,203,283,0,83,145,135,98,25,0,29,69,59,33,13,0,54,76,76,65,12
2017_1,학동로77길,2965,1547,1418,4,292,741,686,764,478,3,81,282,312,537,332,1,211,459,374,227,146
2017_1,학동로6길,1919,944,975,12,369,567,494,335,142,7,138,322,277,123,77,5,231,245,217,212,65
2017_1,학동로56길,907,505,402,2,106,247,237,234,81,1,30,121,126,161,66,1,76,126,111,73,15
2017_1,학동로38길,6646,4231,2415,40,1611,1867,1471,972,685,15,741,1183,1048,746,498,25,870,684,423,226,187
2017_1,테헤란로81길,573,207,366,23,268,182,62,22,16,7,86,67,19,14,14,16,182,115,43,8,2
2017_1,일원로9길,558,293,265,0,46,94,127,150,141,0,15,51,67,71,89,0,31,43,60,79,52
2017_1,일원로3길,227,111,116,0,25,45,67,56,34,0,16,31,40,16,8,0,9,14,27,40,26
2017_1,영동대로65길,3117,1828,1289,16,634,1117,746,369,235,9,254,702,503,206,154,7,380,415,243,163,81
2017_1,영동대로112길,661,410,251,7,140,210,156,96,52,5,78,131,110,56,30,2,62,79,46,40,22
2017_1,언주로81길,9257,4736,4521,40,3017,2887,1973,905,435,15,859,1604,1295,647,316,25,2158,1283,678,258,119
2017_1,압구정로2길,2790,1488,1302,17,721,888,675,308,181,4,285,510,401,151,137,13,436,378,274,157,44
2017_1,선릉로18길,426,227,199,0,26,74,104,119,103,0,10,44,55,61,57,0,16,30,49,58,46
2017_1,선릉로146길,1884,983,901,4,482,721,411,169,97,0,189,402,252,90,50,4,293,319,159,79,47
2017_1,선릉로133길,187,102,85,0,29,51,41,34,32,0,10,30,21,16,25,0,19,21,20,18,7
2017_1,선릉로132길,1019,555,464,6,163,287,199,187,177,2,40,138,115,123,137,4,123,149,84,64,40
2017_1,선릉로121길,1868,974,894,2,476,586,418,229,157,1,164,335,241,127,106,1,312,251,177,102,51
2017_1,삼성로75길,2696,1435,1261,26,648,776,550,425,271,6,182,400,347,298,202,20,466,376,203,127,69
2017_1,삼성로69길,316,146,170,0,78,101,76,49,12,0,18,47,44,26,11,0,60,54,32,23,1
2017_1,삼성로64길,537,258,279,4,128,184,116,73,32,2,35,94,70,39,18,2,93,90,46,34,14
2017_1,삼성로63길,151,68,83,7,33,24,39,36,12,3,8,9,20,20,8,4,25,15,19,16,4
2017_1,삼성로57길,867,275,592,5,144,307,224,124,63,2,39,76,76,44,38,3,105,231,148,80,25
2017_1,삼성로147길,970,394,576,2,339,296,168,120,45,0,97,124,70,71,32,2,242,172,98,49,13
2017_1,삼성로115길,266,169,97,1,65,78,61,34,27,1,32,57,41,21,17,0,33,21,20,13,10
2017_1,봉은사로68길,289,151,138,0,80,107,53,31,18,0,26,63,34,19,9,0,54,44,19,12,9
2017_1,봉은사로57길,742,481,261,8,199,220,173,91,51,2,76,143,134,78,48,6,123,77,39,13,3
2017_1,봉은사로43길,1035,707,328,32,262,329,246,107,59,31,149,226,188,75,38,1,113,103,58,32,21
2017_1,봉은사로29길,124,78,46,0,27,37,26,25,9,0,13,24,19,16,6,0,14,13,7,9,3
2017_1,봉은사로109길,321,168,153,1,75,90,68,47,40,0,23,51,40,28,26,1,52,39,28,19,14
2017_1,도산대로89길,2595,987,1608,30,763,969,480,242,111,1,190,361,244,120,71,29,573,608,236,122,40
2017_1,도산대로81길,4539,1400,3139,45,1635,1403,993,292,171,4,403,502,283,110,98,41,1232,901,710,182,73
2017_1,도산대로50길,2799,1914,885,5,268,480,604,791,651,1,152,373,516,571,301,4,116,107,88,220,350
2017_1,도산대로38길,156,87,69,2,40,37,42,22,13,0,14,22,29,16,6,2,26,15,13,6,7
2017_1,도산대로30길,2931,1421,1510,7,840,1035,636,304,109,0,312,516,354,157,82,7,528,519,282,147,27
2017_1,도산대로23길,1637,947,690,10,569,485,274,150,149,1,218,303,180,120,125,9,351,182,94,30,24
2017_1,도산대로15길,1865,862,1003,17,662,644,330,140,72,8,254,311,174,77,38,9,408,333,156,63,34
2017_1,도곡로37길,3601,2245,1356,14,708,1207,958,493,221,9,289,763,670,345,169,5,419,444,288,148,52
2017_1,논현로8길,760,409,351,5,152,212,197,135,59,3,67,140,94,62,43,2,85,72,103,73,16
2017_1,논현로63길,10880,3112,7768,130,1812,2219,4584,1887,248,62,756,892,681,499,222,68,1056,1327,3903,1388,26
2017_1,논현로28길,10370,7159,3211,45,2197,4149,2421,1033,525,16,1062,2779,1969,873,460,29,1135,1370,452,160,65
2017_1,논현로26길,6682,4054,2628,31,1108,1630,1274,940,1699,21,555,1221,960,562,735,10,553,409,314,378,964
2017_1,논현로139길,2706,1323,1383,13,826,872,506,267,222,3,230,462,321,140,167,10,596,410,185,127,55
2017_1,논현로123길,94,55,39,1,18,22,26,22,5,1,7,15,16,12,4,0,11,7,10,10,1
2017_1,논현로115길,2789,1442,1347,7,705,1038,600,250,189,2,234,526,415,144,121,5,471,512,185,106,68
2017_1,논현로10길,2567,1661,906,18,240,563,672,597,477,7,123,396,427,360,348,11,117,167,245,237,129
2017_1,논현로106길,2732,1584,1148,4,477,683,713,499,356,1,197,456,445,246,239,3,280,227,268,253,117
2017_1,남부순환로365길,185,130,55,1,19,44,67,32,22,1,10,29,50,24,16,0,9,15,17,8,6
2017_1,개포로28길,286,209,77,2,32,90,76,61,25,0,16,72,59,44,18,2,16,18,17,17,7
2017_1,개포로20길,4229,2365,1864,27,681,1029,1172,852,468,17,243,611,642,484,368,10,438,418,530,368,100
2017_1,개포로17길,2654,1690,964,8,373,762,762,508,241,2,186,486,500,333,183,6,187,276,262,175,58
2017_1,강남대로140길,4339,2268,2071,20,909,1197,868,875,470,5,269,622,526,478,368,15,640,575,342,397,102
2017_1,강남대로136길,1132,598,534,4,273,409,271,96,79,0,83,230,161,64,60,4,190,179,110,32,19
2017_1,강남대로118길,622,337,285,2,92,162,145,80,141,0,25,88,91,40,93,2,67,74,54,40,48
2017_1,서초중앙로8길,7055,5341,1714,40,1197,2306,1947,1239,326,25,736,1754,1593,975,258,15,461,552,354,264,68
2017_1,방배중앙로21길,1980,671,1309,11,262,283,479,666,279,3,81,141,164,142,140,8,181,142,315,524,139
2017_1,효령로72길,224,129,95,4,45,44,54,53,24,2,6,30,37,36,18,2,39,14,17,17,6
2017_1,효령로34길,23,20,3,0,0,4,7,9,3,0,0,3,6,8,3,0,0,1,1,1,0
2017_1,효령로31길,1440,801,639,11,326,404,377,216,106,7,86,238,252,139,79,4,240,166,125,77,27
2017_1,효령로23길,713,427,286,3,132,182,187,140,69,0,55,112,119,85,56,3,77,70,68,55,13
2017_1,청두곶길,2013,1319,694,52,554,503,514,294,96,22,327,370,319,214,67,30,227,133,195,80,29
2017_1,주흥길,310,200,110,2,55,108,88,44,13,1,31,58,67,31,12,1,24,50,21,13,1
2017_1,주흥15길,1626,1062,564,7,364,494,334,227,200,5,183,330,258,153,133,2,181,164,76,74,67
2017_1,언남길,1806,1275,531,2,236,589,550,293,136,0,134,415,401,210,115,2,102,174,149,83,21
2017_1,신반포로45길,404,258,146,2,78,103,89,58,74,1,32,67,62,46,50,1,46,36,27,12,24
2017_1,서초대로8길,310,180,130,0,45,67,109,56,33,0,22,42,60,35,21,0,23,25,49,21,12
2017_1,서초대로64길,509,351,158,2,79,131,156,86,55,0,33,88,122,67,41,2,46,43,34,19,14
2017_1,서초대로4길,611,433,178,2,59,166,138,106,140,1,36,117,108,62,109,1,23,49,30,44,31
2017_1,서초대로25길,3345,2024,1321,16,694,1107,812,506,210,3,298,679,543,343,158,13,396,428,269,163,52
2017_1,서초대로23길,506,298,208,1,61,141,130,57,116,0,25,89,76,30,78,1,36,52,54,27,38
2017_1,서초대로15길,1442,685,757,11,198,373,375,296,189,2,53,177,167,144,142,9,145,196,208,152,47
2017_1,사평대로57길,173,66,107,0,45,57,32,22,17,0,14,22,16,13,1,0,31,35,16,9,16
2017_1,사평대로26길,15,10,5,0,1,1,5,4,4,0,1,1,3,3,2,0,0,0,2,1,2
2017_1,사평대로22길,1508,913,595,17,388,421,350,228,104,5,190,277,242,150,49,12,198,144,108,78,55
2017_1,사임당로17길,1817,1101,716,15,391,605,432,241,133,7,146,375,287,178,108,8,245,230,145,63,25
2017_1,방배로42길,145,75,70,1,32,29,39,19,25,1,6,12,27,12,17,0,26,17,12,7,8
2017_1,방배로35길,2359,1470,889,13,432,583,531,410,390,4,196,379,336,268,287,9,236,204,195,142,103
2017_1,방배로18길,83,45,38,0,17,24,22,9,11,0,12,8,15,2,8,0,5,16,7,7,3
2017_1,반포대로9길,684,425,259,8,128,188,194,97,69,4,66,122,123,62,48,4,62,66,71,35,21
2017_1,바우뫼로39길,2089,1278,811,5,279,618,494,340,353,2,123,378,321,215,239,3,156,240,173,125,114
2017_1,마방로2길,3973,2528,1445,34,696,1142,1017,818,266,22,299,769,712,531,195,12,397,373,305,287,71
2017_1,방배천로4안길,1268,810,458,4,149,307,371,313,124,2,66,196,266,214,66,2,83,111,105,99,58
2017_1,동산로19길,1334,890,444,5,171,408,364,232,154,4,87,281,250,167,101,1,84,127,114,65,53
2017_1,동산로10길,2623,1376,1247,16,313,554,652,661,427,9,146,357,314,306,244,7,167,197,338,355,183
2017_1,동광로39길,48,30,18,1,8,7,17,6,9,1,4,5,9,5,6,0,4,2,8,1,3
2017_1,동광로1길,1206,711,495,3,175,327,336,212,153,1,65,221,206,122,96,2,110,106,130,90,57
2017_1,동광로12길,787,522,265,5,94,188,241,163,96,3,41,117,166,121,74,2,53,71,75,42,22
2017_1,논현로27길,3585,2538,1047,19,604,986,984,651,341,8,304,656,755,526,289,11,300,330,229,125,52
2017_1,논현로1길,524,342,182,1,98,158,126,85,56,0,48,120,88,54,32,1,50,38,38,31,24
2017_1,남부순환로339길,12144,5446,6698,114,3660,2729,2604,2169,868,44,1534,1633,1062,641,532,70,2126,1096,1542,1528,336
2017_1,남부순환로325길,7947,4010,3937,62,1411,2770,2004,1234,466,26,491,1328,1135,676,354,36,920,1442,869,558,112
2017_1,남부순환로317길,1511,1045,466,11,342,596,304,156,102,7,167,456,228,122,65,4,175,140,76,34,37
2017_1,고무래로8길,6939,3701,3238,23,931,2093,1815,1096,981,11,275,1026,1089,706,594,12,656,1067,726,390,387
2017_1,강남대로8길,2718,1679,1039,17,296,697,772,604,332,11,154,436,485,358,235,6,142,261,287,246,97
2017_1,강남대로34길,997,648,349,0,224,357,235,104,77,0,125,233,160,65,65,0,99,124,75,39,12
2017_1,강남대로23길,6639,4622,2017,21,1144,1710,1618,1510,636,14,752,1274,1230,920,432,7,392,436,388,590,204
2017_1,소담길,22,5,17,0,2,8,2,8,2,0,0,2,0,2,1,0,2,6,2,6,1
2017_1,원신길,305,115,190,0,55,87,52,68,43,0,6,40,22,30,17,0,49,47,30,38,26
2017_1,양산길,363,262,101,0,32,46,69,101,115,0,4,24,48,81,105,0,28,22,21,20,10
2017_1,호암로24길,640,241,399,2,84,115,137,182,120,1,28,63,57,35,57,1,56,52,80,147,63
2017_1,호암로20길,43,31,12,0,4,9,6,16,8,0,3,8,4,9,7,0,1,1,2,7,1
2017_1,행운길,19,3,16,0,3,1,6,8,1,0,1,0,1,0,1,0,2,1,5,8,0
2017_1,행운1길,101,68,33,0,5,27,31,20,18,0,1,17,23,12,15,0,4,10,8,8,3
2017_1,청림3길,79,42,37,0,18,23,23,9,6,0,4,19,10,5,4,0,14,4,13,4,2
2017_1,청룡길,88,45,43,0,22,32,20,10,4,0,5,17,14,6,3,0,17,15,6,4,1
2017_1,청룡8길,34,13,21,0,0,8,6,13,7,0,0,3,4,3,3,0,0,5,2,10,4
2017_1,중앙길,280,114,166,0,33,60,74,62,51,0,5,18,41,21,29,0,28,42,33,41,22
2017_1,조원중앙로2길,1104,788,316,0,147,294,301,288,74,0,92,198,218,220,60,0,55,96,83,68,14
2017_1,조원로18길,1063,552,511,3,131,252,287,237,153,2,42,153,139,124,92,1,89,99,148,113,61
2017_1,조원로10길,273,125,148,0,52,53,55,64,49,0,15,27,18,33,32,0,37,26,37,31,17
2017_1,장군봉2길,223,119,104,0,21,56,65,53,28,0,8,18,31,39,23,0,13,38,34,14,5
2017_1,장군봉1길,91,15,76,0,11,34,26,17,3,0,3,3,2,5,2,0,8,31,24,12,1
2017_1,인헌길,82,41,41,0,16,15,21,18,12,0,9,9,9,5,9,0,7,6,12,13,3
2017_1,은천로25길,286,92,194,1,52,76,70,47,40,0,3,21,27,20,21,1,49,55,43,27,19
2017_1,양녕로6길,800,476,324,0,108,184,217,166,125,0,51,101,133,114,77,0,57,83,84,52,48
2017_1,신원로3길,33,20,13,0,2,7,10,3,11,0,1,4,7,1,7,0,1,3,3,2,4
2017_1,신사로20길,52,24,28,0,12,8,16,10,6,0,3,3,9,5,4,0,9,5,7,5,2
2017_1,신림로64길,253,122,131,1,42,66,76,54,14,0,25,32,37,21,7,1,17,34,39,33,7
2017_1,신림로48길,73,33,40,0,8,14,22,18,11,0,2,5,11,7,8,0,6,9,11,11,3
2017_1,신림로38길,61,32,29,0,8,15,16,12,10,0,4,10,6,7,5,0,4,5,10,5,5
2017_1,신림로28길,320,219,101,0,18,51,80,98,73,0,2,20,48,80,69,0,16,31,32,18,4
2017_1,신림로11길,453,409,44,0,17,24,153,200,59,0,10,19,144,181,55,0,7,5,9,19,4
2017_1,신림동길,342,194,148,1,51,81,89,73,47,0,28,50,54,35,27,1,23,31,35,38,20
2017_1,승방길,558,363,195,2,82,183,165,87,39,1,39,140,111,45,27,1,43,43,54,42,12
2017_1,서림7길,266,97,169,0,27,70,80,69,20,0,8,28,26,27,8,0,19,42,54,42,12
2017_1,봉천로33길,377,238,139,16,43,74,87,84,73,11,25,53,51,51,47,5,18,21,36,33,26
2017_1,봉천로13길,300,90,210,2,24,55,86,101,32,2,4,16,26,29,13,0,20,39,60,72,19
2017_1,복은길,174,61,113,1,15,29,40,58,31,1,6,8,18,19,9,0,9,21,22,39,22
2017_1,법원단지길,2,1,1,0,0,0,1,1,0,0,0,0,0,1,0,0,0,0,1,0,0
2017_1,법원단지9길,90,33,57,0,18,19,20,24,9,0,2,14,5,6,6,0,16,5,15,18,3
2017_1,미성5길,66,39,27,0,8,7,15,21,15,0,2,4,7,11,15,0,6,3,8,10,0
2017_1,대학길,80,31,49,0,5,26,18,23,8,0,1,11,7,10,2,0,4,15,11,13,6
2017_1,대학14길,10,2,8,0,0,1,0,3,6,0,0,1,0,1,0,0,0,0,0,2,6
2017_1,당곡길,351,162,189,2,42,64,117,64,62,0,14,25,48,28,47,2,28,39,69,36,15
2017_1,남현길,234,90,144,1,37,77,56,48,15,0,12,30,21,15,12,1,25,47,35,33,3
2017_1,남현3길,430,258,172,0,43,76,99,133,79,0,11,32,60,95,60,0,32,44,39,38,19
2017_1,남부순환로248길,252,130,122,0,33,66,70,64,19,0,12,38,26,41,13,0,21,28,44,23,6
2017_1,남부순환로234길,112,75,37,0,7,31,33,22,19,0,3,25,21,16,10,0,4,6,12,6,9
2017_1,남부순환로172길,1478,863,615,2,128,254,364,420,310,0,50,138,205,259,211,2,78,116,159,161,99
2017_1,남부순환로161길,21,5,16,0,0,3,14,4,0,0,0,0,3,2,0,0,0,3,11,2,0
2017_1,남부순환로151길,123,76,47,0,11,21,32,29,30,0,6,13,19,15,23,0,5,8,13,14,7
2017_1,남부순환로142길,76,38,38,0,8,10,20,21,17,0,1,4,9,13,11,0,7,6,11,8,6
2017_1,난향길,169,42,127,0,15,46,58,32,18,0,2,5,19,4,12,0,13,41,39,28,6
2017_1,난우길,436,188,248,1,25,75,107,118,110,0,5,27,56,49,51,1,20,48,51,69,59
2017_1,난곡로74길,144,63,81,0,43,40,30,18,13,0,15,17,18,6,7,0,28,23,12,12,6
2017_1,난곡로34길,22,7,15,0,6,3,7,4,2,0,0,0,3,3,1,0,6,3,4,1,1
2017_1,난곡로26길,121,47,74,0,12,22,46,34,7,0,4,9,15,14,5,0,8,13,31,20,2
2017_1,난곡로24길,40,18,22,0,3,10,15,8,4,0,1,3,6,6,2,0,2,7,9,2,2
2017_1,낙성대역길,736,467,269,4,67,106,148,223,188,3,23,51,76,158,156,1,44,55,72,65,32
2017_1,국회단지길,529,237,292,3,92,128,142,112,52,0,17,74,81,40,25,3,75,54,61,72,27
2017_1,구암길,84,31,53,0,14,15,30,13,12,0,3,7,10,4,7,0,11,8,20,9,5
2017_1,관천로22길,25,10,15,0,2,7,9,5,2,0,0,4,4,0,2,0,2,3,5,5,0
2017_1,관천로15길,134,73,61,0,16,31,33,34,20,0,7,20,15,16,15,0,9,11,18,18,5
2017_1,관악로30길,172,62,110,0,19,37,47,47,22,0,5,17,15,13,12,0,14,20,32,34,10
2017_1,관악로28길,148,69,79,0,15,28,40,26,39,0,3,6,11,13,36,0,12,22,29,13,3
2017_1,관악로14길,408,224,184,4,79,90,74,74,87,0,23,55,40,41,65,4,56,35,34,33,22
2017_1,관악로10길,261,182,79,0,33,68,73,53,34,0,23,47,53,37,22,0,10,21,20,16,12
2017_1,흑석로9길,194,81,113,2,47,33,49,40,23,1,17,17,23,15,8,1,30,16,26,25,15
2017_1,흑석로13길,128,13,115,0,43,41,21,16,7,0,1,5,3,3,1,0,42,36,18,13,6
2017_1,장승배기로27길,39,19,20,0,4,7,10,12,6,0,0,2,5,8,4,0,4,5,5,4,2
2017_1,장승배기로19길,9,5,4,0,1,1,3,1,3,0,0,0,2,1,2,0,1,1,1,0,1
2017_1,여의대방로46길,459,143,316,1,66,132,141,85,34,0,12,38,34,33,26,1,54,94,107,52,8
2017_1,여의대방로24길,17082,8225,8857,184,2897,2962,3584,4810,2645,95,2033,2134,1400,1485,1078,89,864,828,2184,3325,1567
2017_1,여의대방로22카길,274,110,164,0,30,44,88,81,31,0,11,31,35,21,12,0,19,13,53,60,19
2017_1,여의대방로22나길,139,55,84,0,12,36,38,41,12,0,4,12,15,15,9,0,8,24,23,26,3
2017_1,여의대방로22길,201,115,86,5,30,49,38,56,23,5,19,31,21,25,14,0,11,18,17,31,9
2017_1,양녕로26길,126,57,69,0,17,19,31,34,25,0,3,7,14,16,17,0,14,12,17,18,8
2017_1,신대방길,107,72,35,0,4,30,31,28,14,0,2,20,19,18,13,0,2,10,12,10,1
2017_1,성대로29길,4,2,2,0,0,3,1,0,0,0,0,1,1,0,0,0,0,2,0,0,0
2017_1,성대로1길,311,122,189,0,19,56,95,82,59,0,3,26,40,31,22,0,16,30,55,51,37
2017_1,서달로8가길,228,98,130,1,26,44,56,46,55,1,5,16,19,20,37,0,21,28,37,26,18
2017_1,서달로14길,34,13,21,0,11,7,8,5,3,0,2,4,3,1,3,0,9,3,5,4,0
2017_1,서달로10길,87,31,56,1,5,14,19,33,15,1,2,6,7,13,2,0,3,8,12,20,13
2017_1,상도로62길,215,99,116,1,9,53,71,50,31,0,0,25,34,19,21,1,9,28,37,31,10
2017_1,상도로61길,39,16,23,0,6,12,12,7,2,0,1,1,8,4,2,0,5,11,4,3,0
2017_1,상도로47길,53,42,11,0,7,18,13,12,3,0,6,15,9,10,2,0,1,3,4,2,1
2017_1,상도로37길,1985,962,1023,38,308,533,535,385,186,0,77,343,283,167,92,38,231,190,252,218,94
2017_1,상도로15길,306,137,169,0,44,68,96,66,32,0,10,34,50,27,16,0,34,34,46,39,16
2017_1,사당로8길,128,68,60,0,10,30,34,32,22,0,2,13,17,20,16,0,8,17,17,12,6
2017_1,사당로30길,308,216,92,0,18,97,118,54,21,0,10,58,87,42,19,0,8,39,31,12,2
2017_1,사당로2차길,152,107,45,1,94,19,14,10,14,1,71,9,10,6,10,0,23,10,4,4,4
2017_1,사당로29길,16,13,3,0,0,1,3,4,8,0,0,0,1,4,8,0,0,1,2,0,0
2017_1,사당로26길,245,134,111,1,37,47,81,57,22,1,11,25,56,27,14,0,26,22,25,30,8
2017_1,사당로23나길,167,44,123,0,11,22,45,58,31,0,2,2,11,7,22,0,9,20,34,51,9
2017_1,사당로23길,14,12,2,0,1,5,3,5,0,0,1,5,1,5,0,0,0,0,2,0,0
2017_1,사당로20길,175,131,44,0,5,29,80,41,20,0,2,22,62,28,17,0,3,7,18,13,3
2017_1,사당로16길,132,39,93,0,8,30,40,42,12,0,1,7,12,12,7,0,7,23,28,30,5
2017_1,사당로16가길,815,483,332,1,23,68,138,166,419,1,15,41,60,73,293,0,8,27,78,93,126
2017_1,만양로8길,88,38,50,0,16,20,20,17,15,0,2,7,12,8,9,0,14,13,8,9,6
2017_1,만양로14길,360,152,208,1,46,96,97,65,55,1,14,40,37,32,28,0,32,56,60,33,27
2017_1,등용로14길,624,431,193,0,86,211,162,85,80,0,58,163,126,44,40,0,28,48,36,41,40
2017_1,동작대로7길,2058,751,1307,17,546,455,469,413,158,5,102,187,211,144,102,12,444,268,258,269,56
2017_1,동작대로35길,267,98,169,0,42,57,81,65,22,0,6,31,29,15,17,0,36,26,52,50,5
2017_1,동작대로33길,119,62,57,0,16,34,30,21,18,0,6,14,20,12,10,0,10,20,10,9,8
2017_1,동작대로29길,27,15,12,0,5,3,10,4,5,0,4,3,3,3,2,0,1,0,7,1,3
2017_1,동작대로17길,1359,734,625,9,233,368,406,223,120,4,75,180,262,128,85,5,158,188,144,95,35
2017_1,대방동2길,477,233,244,1,86,126,132,95,37,0,21,76,76,44,16,1,65,50,56,51,21
2017_1,대방동27길,94,50,44,0,8,22,23,26,15,0,6,9,8,16,11,0,2,13,15,10,4
2017_1,노량진로6길,113,30,83,0,8,28,22,41,14,0,3,8,3,14,2,0,5,20,19,27,12
2017_1,국사봉길,36,4,32,0,3,5,12,6,10,0,0,1,1,0,2,0,3,4,11,6,8
2017_1,국사봉2길,94,54,40,0,15,23,21,19,16,0,2,14,15,13,10,0,13,9,6,6,6
2017_1,국사봉1길,7,3,4,0,1,1,3,2,0,0,0,1,1,1,0,0,1,0,2,1,0
2017_1,영신로9길,458,200,258,0,87,124,126,94,27,0,23,69,58,34,16,0,64,55,68,60,11
2017_1,영등포로84길,344,84,260,0,42,50,54,125,73,0,13,21,20,15,15,0,29,29,34,110,58
2017_1,영등포로80길,51,25,26,2,7,13,10,8,11,0,1,3,5,6,10,2,6,10,5,2,1
2017_1,영등포로62길,2,2,0,0,0,0,2,0,0,0,0,0,2,0,0,0,0,0,0,0,0
2017_1,영등포로35길,95,64,31,0,10,28,31,19,7,0,7,22,20,9,6,0,3,6,11,10,1
2017_1,영등포로27길,362,229,133,0,30,113,114,74,31,0,17,73,66,46,27,0,13,40,48,28,4
2017_1,여의대방로43나길,2368,1883,485,1,45,173,380,1001,768,1,26,137,286,777,656,0,19,36,94,224,112
2017_1,여의대방로39길,8,6,2,0,1,3,3,1,0,0,1,3,2,0,0,0,0,0,1,1,0
2017_1,여의대방로35길,769,405,364,15,104,186,218,133,113,8,29,93,108,82,85,7,75,93,110,51,28
2017_1,양평로28길,605,474,131,1,32,121,164,207,80,1,13,90,139,167,64,0,19,31,25,40,16
2017_1,양평로22라길,33,20,13,0,7,9,10,2,5,0,4,5,5,1,5,0,3,4,5,1,0
2017_1,양평로19길,4256,3344,912,4,755,1980,1029,397,91,0,412,1657,876,325,74,4,343,323,153,72,17
2017_1,신길로60길,436,190,246,0,38,138,149,79,32,0,7,57,71,38,17,0,31,81,78,41,15
2017_1,신길로42길,375,183,192,0,45,115,98,73,44,0,17,58,45,32,31,0,28,57,53,41,13
2017_1,신길로42가길,96,27,69,1,10,21,31,20,13,0,3,5,9,3,7,1,7,16,22,17,6
2017_1,신길로39길,92,42,50,0,13,15,27,19,18,0,3,9,12,8,10,0,10,6,15,11,8
2017_1,신길로17길,60,41,19,0,8,13,12,20,7,0,6,10,5,14,6,0,2,3,7,6,1
2017_1,선유서로28길,587,284,303,1,47,94,120,146,179,0,17,48,66,74,79,1,30,46,54,72,100
2017_1,선유서로25길,2457,1784,673,7,173,509,602,673,493,5,84,378,499,493,325,2,89,131,103,180,168
2017_1,선유서로24길,155,81,74,0,12,26,56,38,23,0,3,14,26,20,18,0,9,12,30,18,5
2017_1,선유로55길,2346,1414,932,7,442,708,599,412,178,4,196,454,385,248,127,3,246,254,214,164,51
2017_1,디지털로74길,54,33,21,0,3,21,15,13,2,0,2,14,9,7,1,0,1,7,6,6,1
2017_1,디지털로57길,10,3,7,0,0,3,4,2,1,0,0,1,0,1,1,0,0,2,4,1,0
2017_1,디지털로37길,206,89,117,0,25,40,62,53,26,0,14,14,26,22,13,0,11,26,36,31,13
2017_1,도신로62길,184,53,131,0,15,47,73,42,7,0,4,17,18,11,3,0,11,30,55,31,4
2017_1,도신로60길,60,12,48,0,1,4,14,13,28,0,0,1,8,0,3,0,1,3,6,13,25
2017_1,도신로29길,82,36,46,1,5,7,16,33,20,0,5,6,9,10,6,1,0,1,7,23,14
2017_1,도신로15길,77,32,45,0,16,16,25,16,4,0,3,8,9,9,3,0,13,8,16,7,1
2017_1,도림천로21길,92,44,48,0,22,25,12,21,12,0,11,12,5,6,10,0,11,13,7,15,2
2017_1,도림로63길,32,21,11,0,0,6,12,11,3,0,0,4,7,8,2,0,0,2,5,3,1
2017_1,도림로147길,1703,1204,499,5,136,350,543,486,183,3,80,244,368,367,142,2,56,106,175,119,41
2017_1,도림로112길,12,6,6,0,1,1,3,4,3,0,1,1,2,1,1,0,0,0,1,3,2
2017_1,대림로8길,1834,599,1235,6,624,484,354,254,112,4,107,169,142,104,73,2,517,315,212,150,39
2017_1,대림로7길,14,5,9,0,3,1,2,8,0,0,0,1,1,3,0,0,3,0,1,5,0
2017_1,대림로44길,45,27,18,0,0,14,10,15,6,0,0,10,6,8,3,0,0,4,4,7,3
2017_1,대림로34길,187,70,117,2,22,39,71,35,18,1,7,12,26,12,12,1,15,27,45,23,6
2017_1,대림로31길,753,369,384,1,74,113,183,226,156,1,46,60,78,89,95,0,28,53,105,137,61
2017_1,대림로29길,1637,778,859,2,259,335,444,390,207,2,52,126,235,215,148,0,207,209,209,175,59
2017_1,대림로22길,343,190,153,1,24,59,120,90,49,1,8,34,74,45,28,0,16,25,46,45,21
2017_1,당산로46길,4455,2497,1958,12,746,814,1171,1073,639,2,168,527,695,589,516,10,578,287,476,484,123
2017_1,당산로38길,218,154,64,2,32,60,61,45,18,0,16,41,44,35,18,2,16,19,17,10,0
2017_1,당산로37길,4062,2537,1525,90,1015,921,768,783,485,66,539,634,483,480,335,24,476,287,285,303,150
2017_1,당산로31길,4110,2263,1847,14,561,1106,1036,970,423,8,192,507,566,679,311,6,369,599,470,291,112
2017_1,국회대로56길,1674,1095,579,9,126,269,350,380,540,3,75,201,256,277,283,6,51,68,94,103,257
2017_1,경인로90길,310,184,126,2,33,66,89,80,40,2,11,36,45,55,35,0,22,30,44,25,5
2017_1,경인로80길,1561,1125,436,7,149,298,420,427,260,4,78,196,297,327,223,3,71,102,123,100,37
2017_1,경인로77길,686,453,233,3,117,133,164,178,91,3,42,75,120,137,76,0,75,58,44,41,15
2017_1,가마산로61길,164,56,108,0,13,48,59,27,17,0,2,16,18,10,10,0,11,32,41,17,7
2017_1,시흥대로94길,780,395,385,1,104,175,229,182,89,0,42,86,120,91,56,1,62,89,109,91,33
2017_1,시흥대로84길,174,68,106,0,25,38,51,40,20,0,4,14,20,20,10,0,21,24,31,20,10
2017_1,시흥대로68길,535,160,375,0,24,43,71,119,278,0,4,20,20,33,83,0,20,23,51,86,195
2017_1,시흥대로63길,2876,1478,1398,11,488,935,622,597,223,7,234,403,265,430,139,4,254,532,357,167,84
2017_1,시흥대로62가길,430,113,317,0,47,82,106,140,55,0,14,25,26,32,16,0,33,57,80,108,39
2017_1,시흥대로36길,365,213,152,2,69,96,111,61,26,1,30,57,67,39,19,1,39,39,44,22,7
2017_1,시흥대로22길,510,361,149,0,26,66,128,138,152,0,14,40,75,111,121,0,12,26,53,27,31
2017_1,시흥대로153길,646,347,299,1,62,149,190,174,70,0,19,89,111,87,41,1,43,60,79,87,29
2017_1,시흥대로150길,546,249,297,1,49,116,163,137,80,1,17,41,66,73,51,0,32,75,97,64,29
2017_1,시흥대로141길,657,400,257,3,119,184,160,139,52,2,47,128,103,86,34,1,72,56,57,53,18
2017_1,시흥대로138길,18,11,7,0,2,4,4,6,2,0,1,4,1,3,2,0,1,0,3,3,0
2017_1,시흥대로120길,608,407,201,0,101,152,207,121,27,0,74,106,148,65,14,0,27,46,59,56,13
2017_1,벚꽃로56길,1826,1257,569,8,326,724,475,217,76,6,190,509,349,142,61,2,136,215,126,75,15
2017_1,범안로17길,129,73,56,0,10,20,23,50,26,0,5,10,13,31,14,0,5,10,10,19,12
2017_1,범안로11길,1139,900,239,19,163,341,315,208,93,17,120,282,235,171,75,2,43,59,80,37,18
2017_1,문성로5길,145,42,103,1,11,19,30,40,44,1,2,7,9,9,14,0,9,12,21,31,30
2017_1,독산로85길,85,24,61,0,5,9,18,34,19,0,0,4,4,11,5,0,5,5,14,23,14
2017_1,독산로78다길,234,101,133,0,27,38,58,55,56,0,11,11,16,24,39,0,16,27,42,31,17
2017_1,독산로70길,4,3,1,0,0,1,0,0,3,0,0,1,0,0,2,0,0,0,0,0,1
2017_1,독산로64길,158,39,119,0,37,26,39,34,22,0,5,9,11,10,4,0,32,17,28,24,18
2017_1,독산로50길,90,33,57,0,4,15,32,33,6,0,1,5,8,15,4,0,3,10,24,18,2
2017_1,독산로40길,54,15,39,0,6,9,21,13,5,0,1,5,4,2,3,0,5,4,17,11,2
2017_1,독산로108길,737,334,403,1,119,130,194,190,103,0,29,66,90,87,62,1,90,64,104,103,41
2017_1,남부순환로112길,10,6,4,0,0,2,2,4,2,0,0,2,1,1,2,0,0,0,1,3,0
2017_1,금하로24길,176,55,121,0,31,34,49,50,12,0,8,9,11,17,10,0,23,25,38,33,2
2017_1,금하로1길,66,32,34,0,6,13,19,20,8,0,4,7,9,8,4,0,2,6,10,12,4
2017_1,금하로14길,17,8,9,0,0,5,10,2,0,0,0,2,4,2,0,0,0,3,6,0,0
2017_1,가산로5길,547,429,118,22,70,116,173,118,48,20,62,88,132,93,34,2,8,28,41,25,14
2017_1,가산로3길,2414,1850,564,9,272,515,572,681,365,9,214,440,425,484,278,0,58,75,147,197,87
2017_1,중앙로1길,1534,1063,471,16,181,310,301,275,451,7,102,202,182,183,387,9,79,108,119,92,64
2017_1,중앙로15길,98,47,51,0,10,17,31,29,11,0,1,7,11,18,10,0,9,10,20,11,1
2017_1,우마길,34,23,11,0,5,15,8,5,1,0,1,12,6,3,1,0,4,3,2,2,0
2017_1,오류로8길,246,116,130,0,53,67,55,52,19,0,10,37,31,24,14,0,43,30,24,28,5
2017_1,신도림로13길,775,585,190,2,78,145,197,255,98,2,58,118,133,195,79,0,20,27,64,60,19
2017_1,새말로18길,1072,471,601,5,538,334,103,52,40,2,177,177,57,34,24,3,361,157,46,18,16
2017_1,부일로1길,782,640,142,1,49,98,158,271,205,0,31,69,120,229,191,1,18,29,38,42,14
2017_1,부일로15길,181,159,22,0,10,8,24,65,74,0,4,6,18,59,72,0,6,2,6,6,2
2017_1,부일로11길,22,6,16,0,5,5,4,6,2,0,1,1,2,1,1,0,4,4,2,5,1
2017_1,디지털로32길,1169,592,577,3,259,391,220,166,130,2,96,211,113,71,99,1,163,180,107,95,31
2017_1,디지털로32가길,7202,5069,2133,37,1668,2892,1621,663,321,21,857,2133,1295,511,252,16,811,759,326,152,69
2017_1,디지털로27길,387,250,137,1,20,75,115,132,44,0,7,39,65,98,41,1,13,36,50,34,3
2017_1,도림로6길,109,46,63,0,21,30,30,19,9,0,5,13,12,11,5,0,16,17,18,8,4
2017_1,도림로12길,99,37,62,1,21,23,23,28,3,0,3,10,11,10,3,1,18,13,12,18,0
2017_1,남부순환로97길,278,94,184,2,48,61,84,47,36,0,8,14,24,27,21,2,40,47,60,20,15
2017_1,구로중앙로8길,234,83,151,3,27,47,67,56,34,2,6,11,16,20,28,1,21,36,51,36,6
2017_1,구로중앙로7길,177,56,121,0,31,37,53,37,19,0,1,6,23,14,12,0,30,31,30,23,7
2017_1,구로중앙로42길,791,589,202,1,64,145,245,232,104,1,44,106,173,176,89,0,20,39,72,56,15
2017_1,구로중앙로34길,641,335,306,1,45,125,160,166,144,1,25,54,98,87,70,0,20,71,62,79,74
2017_1,구로중앙로28길,3052,1476,1576,5,216,423,569,689,1150,2,85,256,342,393,398,3,131,167,227,296,752
2017_1,구로중앙로19길,8,5,3,0,0,1,3,2,2,0,0,1,2,1,1,0,0,0,1,1,1
2017_1,구로동로8길,151,52,99,0,19,38,37,31,26,0,3,16,12,14,7,0,16,22,25,17,19
2017_1,구로동로7길,162,61,101,0,26,25,51,41,19,0,6,5,15,20,15,0,20,20,36,21,4
2017_1,구로동로42길,27,16,11,0,2,5,11,8,1,0,0,3,6,6,1,0,2,2,5,2,0
2017_1,구로동로41길,440,279,161,1,62,118,137,89,33,1,46,73,81,53,25,0,16,45,56,36,8
2017_1,구로동로38길,50,26,24,0,11,6,18,7,8,0,2,4,11,3,6,0,9,2,7,4,2
2017_1,구로동로28길,191,91,100,1,12,42,65,36,35,0,6,22,27,13,23,1,6,20,38,23,12
2017_1,구로동로15길,21,1,20,0,6,8,1,5,1,0,0,0,0,1,0,0,6,8,1,4,1
2017_1,공원로6가길,302,211,91,0,57,66,96,59,24,0,39,48,66,39,19,0,18,18,30,20,5
2017_1,고척로52길,230,69,161,1,10,44,67,86,22,0,1,14,28,13,13,1,9,30,39,73,9
2017_1,고척로27다길,223,84,139,0,21,34,72,61,35,0,5,10,25,24,20,0,16,24,47,37,15
2017_1,고척로27길,239,101,138,1,29,49,80,63,17,1,7,20,33,30,10,0,22,29,47,33,7
2017_1,고척로21나길,242,64,178,0,26,43,38,86,49,0,3,19,9,15,18,0,23,24,29,71,31
2017_1,경인로47길,850,474,376,6,95,131,236,248,134,1,39,71,136,153,74,5,56,60,100,95,60
2017_1,경인로35길,276,111,165,0,16,50,83,84,43,0,6,19,29,37,20,0,10,31,54,47,23
2017_1,경인로31길,48,15,33,0,3,9,26,8,2,0,0,2,8,3,2,0,3,7,18,5,0
2017_1,경인로15길,141,63,78,0,35,48,28,16,14,0,8,30,9,7,9,0,27,18,19,9,5
2017_1,개봉로3길,268,161,107,2,81,44,68,39,34,0,57,22,29,22,31,2,24,22,39,17,3
2017_1,개봉로2길,475,134,341,3,76,122,143,90,41,3,13,25,42,27,24,0,63,97,101,63,17
2017_1,개봉로23가길,865,505,360,1,100,175,231,226,132,0,36,95,131,146,97,1,64,80,100,80,35
2017_1,개봉로20길,128,72,56,0,17,33,48,18,12,0,8,22,23,9,10,0,9,11,25,9,2
2017_1,개봉로1길,49,24,25,0,8,8,17,9,7,0,3,7,5,3,6,0,5,1,12,6,1
2017_1,개봉로17다길,163,76,87,0,6,27,49,55,26,0,2,7,19,27,21,0,4,20,30,28,5
2017_1,개봉로17길,821,384,437,4,108,177,195,235,102,2,36,112,110,72,52,2,72,65,85,163,50
2017_1,개봉로11길,51,10,41,1,12,11,15,11,1,1,1,1,2,4,1,0,11,10,13,7,0
2017_1,화곡로64길,2939,1601,1338,7,809,865,671,375,212,4,212,553,479,233,120,3,597,312,192,142,92
2017_1,화곡로59길,516,203,313,2,105,174,132,74,29,2,30,65,50,34,22,0,75,109,82,40,7
2017_1,화곡로44나길,803,676,127,0,25,77,157,288,256,0,11,55,127,255,228,0,14,22,30,33,28
2017_1,화곡로31길,1129,403,726,5,183,244,300,248,149,3,37,96,105,80,82,2,146,148,195,168,67
2017_1,화곡로20길,555,332,223,0,39,92,133,181,110,0,12,45,77,106,92,0,27,47,56,75,18
2017_1,화곡로13길,273,98,175,3,29,59,85,89,8,3,8,17,28,38,4,0,21,42,57,51,4
2017_1,초원로16길,594,242,352,1,72,110,101,89,221,1,28,61,53,39,60,0,44,49,48,50,161
2017_1,초록마을로8길,174,34,140,0,36,40,38,43,17,0,4,5,7,9,9,0,32,35,31,34,8
2017_1,초록마을로3길,48,26,22,0,5,12,9,10,12,0,0,4,8,5,9,0,5,8,1,5,3
2017_1,월정로20길,4,2,2,0,0,0,2,2,0,0,0,0,0,2,0,0,0,0,2,0,0
2017_1,우장산로6길,318,193,125,2,21,39,99,118,39,2,9,25,56,74,27,0,12,14,43,44,12
2017_1,양천로73가길,1357,882,475,2,86,251,367,422,229,2,44,137,226,280,193,0,42,114,141,142,36
2017_1,양천로71길,194,127,67,0,25,63,53,30,23,0,15,49,27,15,21,0,10,14,26,15,2
2017_1,양천로49길,724,581,143,0,37,115,169,228,175,0,13,78,134,196,160,0,24,37,35,32,15
2017_1,양천로26길,121,56,65,0,11,18,42,37,13,0,6,7,19,16,8,0,5,11,23,21,5
2017_1,양천로24길,355,129,226,0,25,57,68,110,95,0,10,33,28,26,32,0,15,24,40,84,63
2017_1,양천로24가길,668,309,359,2,79,146,177,171,93,2,26,73,74,82,52,0,53,73,103,89,41
2017_1,양천로14길,342,203,139,1,21,41,95,88,96,0,13,23,57,46,64,1,8,18,38,42,32
2017_1,방화대로6라길,713,451,262,3,85,196,255,127,47,0,45,132,166,83,25,3,40,64,89,44,22
2017_1,방화대로21길,820,488,332,3,94,157,217,199,150,2,36,82,120,127,121,1,58,75,97,72,29
2017_1,등촌로5길,10,3,7,0,0,2,6,2,0,0,0,0,3,0,0,0,0,2,3,2,0
2017_1,등촌로55길,465,323,142,0,27,69,97,135,137,0,7,39,62,97,118,0,20,30,35,38,19
2017_1,등촌로51길,16,11,5,1,4,1,5,4,1,0,0,1,5,4,1,1,4,0,0,0,0
2017_1,등촌로39길,66,23,43,0,2,11,20,25,8,0,2,2,5,10,4,0,0,9,15,15,4
2017_1,등촌로13길,201,104,97,0,25,40,53,60,23,0,11,21,20,36,16,0,14,19,33,24,7
2017_1,남부순환로11길,403,285,118,1,36,121,125,85,35,0,18,88,89,64,26,1,18,33,36,21,9
2017_1,까치산로4길,134,50,84,0,13,31,29,36,25,0,2,13,13,16,6,0,11,18,16,20,19
2017_1,국회대로7길,400,231,169,0,57,108,106,89,40,0,26,64,58,55,28,0,31,44,48,34,12
2017_1,공항대로8길,189,75,114,0,13,39,49,50,38,0,4,25,23,15,8,0,9,14,26,35,30
2017_1,공항대로61길,228,153,75,1,40,72,73,28,14,1,15,55,50,22,10,0,25,17,23,6,4
2017_1,공항대로59다길,839,621,218,4,94,238,193,170,140,1,56,184,143,126,111,3,38,54,50,44,29
2017_1,공항대로59길,1126,719,407,5,169,232,270,261,189,4,79,125,164,192,155,1,90,107,106,69,34
2017_1,공항대로55길,1026,707,319,7,255,361,221,109,73,1,132,259,175,86,54,6,123,102,46,23,19
2017_1,공항대로42길,6,3,3,0,0,0,1,3,2,0,0,0,1,0,2,0,0,0,0,3,0
2017_1,공항대로38길,264,144,120,0,39,54,77,62,32,0,12,28,53,32,19,0,27,26,24,30,13
2017_1,곰달래로60길,596,316,280,1,70,123,151,146,105,1,19,76,83,71,66,0,51,47,68,75,39
2017_1,곰달래로53길,55,16,39,0,6,11,22,11,5,0,1,3,5,3,4,0,5,8,17,8,1
2017_1,곰달래로47길,36,14,22,2,7,7,11,6,3,2,0,3,5,3,1,0,7,4,6,3,2
2017_1,곰달래로31길,9,8,1,0,1,1,7,0,0,0,1,1,6,0,0,0,0,0,1,0,0
2017_1,곰달래로25길,613,246,367,7,94,126,161,130,95,2,22,54,61,54,53,5,72,72,100,76,42
2017_1,개화동로25길,670,428,242,3,61,117,142,172,175,1,27,53,93,114,140,2,34,64,49,58,35
2017_1,개화동로23길,115,78,37,0,9,30,28,32,16,0,3,22,19,20,14,0,6,8,9,12,2
2017_1,강서로8길,142,78,64,0,25,37,40,31,9,0,14,27,19,14,4,0,11,10,21,17,5
2017_1,강서로5라길,289,166,123,0,33,67,95,70,24,0,19,42,55,35,15,0,14,25,40,35,9
2017_1,강서로5나길,122,69,53,0,16,31,27,25,23,0,7,18,14,15,15,0,9,13,13,10,8
2017_1,강서로5가길,45,25,20,0,3,10,6,16,10,0,3,9,3,6,4,0,0,1,3,10,6
2017_1,강서로47라길,91,53,38,0,10,21,32,18,10,0,6,13,20,8,6,0,4,8,12,10,4
2017_1,강서로47길,411,206,205,0,23,85,116,164,23,0,3,45,47,96,15,0,20,40,69,68,8
2017_1,강서로45다길,802,395,407,7,171,155,155,198,116,1,45,61,81,109,98,6,126,94,74,89,18
2017_1,강서로45길,134,62,72,0,18,20,29,40,27,0,2,12,15,16,17,0,16,8,14,24,10
2017_1,강서로35길,179,106,73,0,33,31,50,45,20,0,15,17,31,28,15,0,18,14,19,17,5
2017_1,강서로29길,325,163,162,1,31,56,94,102,41,0,13,33,57,45,15,1,18,23,37,57,26
2017_1,강서로18길,27,15,12,1,0,4,16,5,1,1,0,3,10,1,0,0,0,1,6,4,1
2017_1,강서로17가길,117,52,65,0,17,36,36,18,10,0,8,20,12,7,5,0,9,16,24,11,5
2017_1,강서로15길,262,136,126,3,28,53,75,68,35,2,12,31,34,34,23,1,16,22,41,34,12
2017_1,가로공원로80길,56,26,30,0,4,14,17,17,4,0,2,4,8,10,2,0,2,10,9,7,2
2017_1,가로공원로76가길,26,11,15,0,5,11,6,3,1,0,0,6,5,0,0,0,5,5,1,3,1
2017_1,화곡로4길,253,95,158,1,45,73,70,47,17,0,9,29,22,23,12,1,36,44,48,24,5
2017_1,화곡로3길,178,65,113,0,17,32,55,66,8,0,1,8,15,36,5,0,16,24,40,30,3
2017_1,지양로7길,230,75,155,0,37,48,65,64,16,0,10,9,16,31,9,0,27,39,49,33,7
2017_1,중앙로55길,350,184,166,0,25,75,138,88,24,0,10,37,62,58,17,0,15,38,76,30,7
2017_1,중앙로51길,147,90,57,0,8,33,41,39,26,0,2,20,22,29,17,0,6,13,19,10,9
2017_1,중앙로47길,125,33,92,0,12,19,22,35,37,0,4,9,6,8,6,0,8,10,16,27,31
2017_1,중앙로45길,160,61,99,0,21,29,36,51,23,0,6,14,13,19,9,0,15,15,23,32,14
2017_1,중앙로36길,2,2,0,0,0,0,0,0,2,0,0,0,0,0,2,0,0,0,0,0,0
2017_1,중앙로32길,609,286,323,6,121,122,128,126,106,4,45,79,65,48,45,2,76,43,63,78,61
2017_1,중앙로25길,252,76,176,0,29,56,72,86,9,0,8,20,16,27,5,0,21,36,56,59,4
2017_1,은행정로7길,491,167,324,2,52,71,94,156,116,0,20,33,43,40,31,2,32,38,51,116,85
2017_1,오목로5길,302,174,128,2,41,70,88,70,31,2,24,42,36,45,25,0,17,28,52,25,6
2017_1,오목로3길,445,421,24,0,3,16,58,199,169,0,3,14,47,191,166,0,0,2,11,8,3
2017_1,오목로30길,165,80,85,5,18,28,54,41,19,0,7,13,26,21,13,5,11,15,28,20,6
2017_1,오목로23길,816,463,353,7,123,215,213,159,99,4,68,137,115,85,54,3,55,78,98,74,45
2017_1,신월로20길,205,80,125,0,22,35,51,55,42,0,2,15,22,17,24,0,20,20,29,38,18
2017_1,신월로15길,796,360,436,8,107,166,205,194,116,2,45,77,83,80,73,6,62,89,122,114,43
2017_1,신목로6길,269,150,119,1,32,56,75,68,37,0,14,28,39,49,20,1,18,28,36,19,17
2017_1,신목로5길,901,325,576,6,85,172,302,237,99,2,25,69,93,89,47,4,60,103,209,148,52
2017_1,신목로2길,115,54,61,0,21,22,27,16,29,0,6,15,10,5,18,0,15,7,17,11,11
2017_1,목동중앙서로8가길,177,102,75,0,10,20,37,74,36,0,4,8,24,41,25,0,6,12,13,33,11
2017_1,목동중앙서로7길,263,87,176,2,30,53,65,74,39,2,10,21,21,17,16,0,20,32,44,57,23
2017_1,목동중앙북로8길,363,104,259,0,5,12,45,99,202,0,4,6,14,13,67,0,1,6,31,86,135
2017_1,목동중앙북로16길,270,85,185,0,32,64,87,66,21,0,6,18,29,20,12,0,26,46,58,46,9
2017_1,목동중앙본로7길,111,43,68,1,21,21,34,27,7,0,5,5,14,14,5,1,16,16,20,13,2
2017_1,목동중앙로3길,98,53,45,1,10,12,21,21,33,1,4,5,7,12,24,0,6,7,14,9,9
2017_1,목동중앙로13나길,286,202,84,0,50,105,65,44,22,0,29,75,47,32,19,0,21,30,18,12,3
2017_1,목동중앙남로3가길,576,385,191,2,50,134,139,188,63,0,20,83,78,153,51,2,30,51,61,35,12
2017_1,목동로9길,2483,1632,851,5,167,536,685,545,545,0,43,259,447,399,484,5,124,277,238,146,61
2017_1,목동로19길,999,355,644,4,147,229,259,244,116,4,34,102,92,72,51,0,113,127,167,172,65
2017_1,목동동로12길,419,162,257,0,60,74,119,120,46,0,10,31,44,42,35,0,50,43,75,78,11
2017_1,목동남로4길,10,4,6,0,0,0,5,4,1,0,0,0,0,3,1,0,0,0,5,1,0
2017_1,남부순환로88길,300,118,182,2,32,57,104,80,25,1,6,20,36,35,20,1,26,37,68,45,5
2017_1,남부순환로79길,460,342,118,0,20,42,106,150,142,0,11,30,71,119,111,0,9,12,35,31,31
2017_1,남부순환로70길,550,355,195,1,42,70,152,169,116,1,17,33,85,119,100,0,25,37,67,50,16
2017_1,남부순환로58길,293,125,168,1,25,58,70,116,23,1,19,40,25,26,14,0,6,18,45,90,9
2017_1,남부순환로40길,14,4,10,0,0,1,7,3,3,0,0,0,2,0,2,0,0,1,5,3,1
2017_1,남부순환로33길,1095,898,197,0,43,79,131,111,731,0,18,49,61,62,708,0,25,30,70,49,23
2017_1,곰달래로5길,45,25,20,0,6,13,9,12,5,0,2,7,7,6,3,0,4,6,2,6,2
2017_1,곰달래로3길,393,211,182,1,28,68,142,111,43,0,13,36,76,60,26,1,15,32,66,51,17
2017_1,곰달래로2길,264,144,120,4,39,77,67,52,25,4,14,56,35,26,9,0,25,21,32,26,16
2017_1,곰달래로10길,315,224,91,0,23,39,66,111,76,0,9,20,47,81,67,0,14,19,19,30,9
2017_1,가로공원로58길,79,17,62,0,16,13,28,19,3,0,3,3,6,3,2,0,13,10,22,16,1
2017_1,효창원로93길,103,55,48,0,16,34,43,4,6,0,6,19,25,2,3,0,10,15,18,2,3
2017_1,토정로37길,123,53,70,1,15,28,35,24,20,0,3,11,15,10,14,1,12,17,20,14,6
2017_1,월드컵로8길,1745,843,902,3,194,403,344,361,440,2,47,178,184,152,280,1,147,225,160,209,160
2017_1,월드컵로7길,3,2,1,0,0,1,1,0,1,0,0,0,1,0,1,0,0,1,0,0,0
2017_1,월드컵로36길,149,64,85,0,18,23,42,42,24,0,2,11,15,22,14,0,16,12,27,20,10
2017_1,월드컵로25길,299,169,130,0,48,75,90,52,34,0,24,50,46,25,24,0,24,25,44,27,10
2017_1,월드컵로19길,655,287,368,11,116,133,107,108,180,10,57,87,51,33,49,1,59,46,56,75,131
2017_1,월드컵로16길,3899,2038,1861,53,886,769,778,625,788,20,385,423,371,244,595,33,501,346,407,381,193
2017_1,월드컵로11길,240,93,147,0,67,53,61,42,17,0,23,25,18,17,10,0,44,28,43,25,7
2017_1,월드컵로10길,1554,795,759,4,464,517,309,186,74,1,137,268,203,127,59,3,327,249,106,59,15
2017_1,와우산로3길,147,86,61,0,27,50,45,20,5,0,8,26,32,15,5,0,19,24,13,5,0
2017_1,와우산로29길,153,77,76,0,48,43,36,13,13,0,21,25,19,7,5,0,27,18,17,6,8
2017_1,와우산로29가길,18,7,11,0,3,5,8,2,0,0,0,1,5,1,0,0,3,4,3,1,0
2017_1,양화진길,444,304,140,1,55,133,114,107,34,0,18,87,81,91,27,1,37,46,33,16,7
2017_1,양화로1길,3912,1868,2044,44,858,1596,973,308,133,0,202,791,605,202,68,44,656,805,368,106,65
2017_1,양화로11길,354,227,127,1,65,96,112,49,31,0,21,62,91,33,20,1,44,34,21,16,11
2017_1,신촌로30길,30,16,14,5,1,3,11,8,2,4,0,3,4,3,2,1,1,0,7,5,0
2017_1,신촌로28가길,108,42,66,0,7,28,35,20,18,0,0,5,14,11,12,0,7,23,21,9,6
2017_1,신촌로12길,1309,607,702,4,363,301,252,208,181,2,228,168,89,47,73,2,135,133,163,161,108
2017_1,숭문길,2984,2046,938,2,171,371,533,1250,657,0,58,252,389,875,472,2,113,119,144,375,185
2017_1,숭문8길,117,69,48,0,10,23,38,35,11,0,0,8,28,25,8,0,10,15,10,10,3
2017_1,성지3길,435,231,204,0,94,136,129,56,20,0,35,76,72,35,13,0,59,60,57,21,7
2017_1,성산로4길,1687,1059,628,14,303,428,396,338,208,4,108,264,274,244,165,10,195,164,122,94,43
2017_1,성미산로32길,392,170,222,0,117,123,83,41,28,0,29,59,48,18,16,0,88,64,35,23,12
2017_1,성미산로1길,638,441,197,3,89,149,157,101,139,1,37,98,95,74,136,2,52,51,62,27,3
2017_1,성미산로11길,1056,698,358,14,195,368,243,165,71,11,90,236,169,137,55,3,105,132,74,28,16
2017_1,백범로16길,574,300,274,83,191,127,78,71,24,36,93,63,45,46,17,47,98,64,33,25,7
2017_1,방울내로9안길,328,196,132,0,25,67,105,83,48,0,5,31,60,57,43,0,20,36,45,26,5
2017_1,모래내로7길,246,130,116,1,22,53,85,50,35,0,4,25,49,31,21,1,18,28,36,19,14
2017_1,매봉산로2길,2009,1313,696,11,365,818,625,157,33,5,131,527,511,118,21,6,234,291,114,39,12
2017_1,망원로2길,207,125,82,0,35,63,61,36,12,0,13,39,38,26,9,0,22,24,23,10,3
2017_1,망원로11길,1039,574,465,2,136,292,298,203,108,1,51,168,179,112,63,1,85,124,119,91,45
2017_1,만리재옛길,1407,589,818,20,523,424,259,112,69,10,253,211,43,36,36,10,270,213,216,76,33
2017_1,마포대로4길,181,97,84,0,20,42,40,50,29,0,13,29,22,19,14,0,7,13,18,31,15
2017_1,마포대로20길,1156,587,569,1,248,320,321,178,88,1,71,154,201,112,48,0,177,166,120,66,40
2017_1,마포대로12길,64,36,28,0,1,9,22,24,8,0,1,4,13,12,6,0,0,5,9,12,2
2017_1,동교로38길,250,119,131,0,70,85,61,23,11,0,34,38,28,10,9,0,36,47,33,13,2
2017_1,동교로27길,3470,1565,1905,9,735,1035,616,687,388,2,257,561,381,228,136,7,478,474,235,459,252
2017_1,동교로25길,557,264,293,4,146,239,130,30,8,4,35,129,68,23,5,0,111,110,62,7,3
2017_1,동교로19길,4667,2944,1723,25,776,1164,1102,1002,598,5,326,799,823,631,360,20,450,365,279,371,238
2017_1,동교로17길,767,392,375,2,168,220,212,115,50,0,61,103,138,64,26,2,107,117,74,51,24
2017_1,독막로8길,307,139,168,0,57,89,76,59,26,0,13,40,40,31,15,0,44,49,36,28,11
2017_1,독막로32길,472,200,272,1,63,126,155,88,39,1,18,58,67,30,26,0,45,68,88,58,13
2017_1,독막로22길,104,56,48,2,21,26,16,22,17,0,8,10,7,18,13,2,13,16,9,4,4
2017_1,도화길,1033,531,502,9,173,243,244,189,175,3,69,132,140,83,104,6,104,111,104,106,71
2017_1,도화4길,351,115,236,1,39,69,88,95,59,1,10,21,19,24,40,0,29,48,69,71,19
2017_1,대흥로28길,55,40,15,0,11,21,16,6,1,0,3,17,15,4,1,0,8,4,1,2,0
2017_1,대흥로21길,484,91,393,2,64,97,190,73,58,1,13,25,24,10,18,1,51,72,166,63,40
2017_1,광성로6길,116,77,39,0,15,29,32,22,18,0,4,23,21,15,14,0,11,6,11,7,4
2017_1,홍제내길,113,64,49,0,12,38,22,31,10,0,4,29,12,15,4,0,8,9,10,16,6
2017_1,홍연길,76,44,32,0,4,25,20,23,4,0,3,17,9,13,2,0,1,8,11,10,2
2017_1,통일로39길,11,9,2,0,2,1,3,3,2,0,1,1,3,2,2,0,1,0,0,1,0
2017_1,통일로37길,360,139,221,1,60,77,93,77,52,0,16,25,37,35,26,1,44,52,56,42,26
2017_1,통일로11길,11,10,1,0,1,4,5,1,0,0,1,3,5,1,0,0,0,1,0,0,0
2017_1,충정로6길,15729,8688,7041,70,2536,5145,5069,2484,425,50,974,2639,3119,1570,336,20,1562,2506,1950,914,89
2017_1,충정로4길,3015,2019,996,7,450,1397,854,240,67,0,154,916,668,219,62,7,296,481,186,21,5
2017_1,증가로6길,188,69,119,0,19,48,40,49,32,0,5,17,22,19,6,0,14,31,18,30,26
2017_1,증가로23나길,444,217,227,4,83,128,117,74,38,2,44,60,52,35,24,2,39,68,65,39,14
2017_1,증가로20가길,237,78,159,0,39,56,60,63,19,0,8,16,13,28,13,0,31,40,47,35,6
2017_1,증가로10길,163,91,72,0,21,30,35,38,39,0,2,12,18,25,34,0,19,18,17,13,5
2017_1,응암로1길,361,255,106,2,14,48,100,140,57,0,6,29,65,108,47,2,8,19,35,32,10
2017_1,연희로10길,118,83,35,0,13,15,38,35,17,0,3,9,30,27,14,0,10,6,8,8,3
2017_1,신촌로37길,152,64,88,1,24,21,42,38,26,0,4,8,20,19,13,1,20,13,22,19,13
2017_1,수색로8길,2631,2517,114,0,10,19,49,268,2285,0,2,10,33,252,2220,0,8,9,16,16,65
2017_1,세무서길,332,122,210,0,43,75,107,68,39,0,7,27,39,26,23,0,36,48,68,42,16
2017_1,세검정로1길,334,176,158,3,45,86,84,58,58,1,20,45,47,25,38,2,25,41,37,33,20
2017_1,북아현로4길,421,94,327,0,48,61,93,138,81,0,12,16,18,23,25,0,36,45,75,115,56
2017_1,모래내로15길,95,24,71,0,7,14,23,29,22,0,2,1,9,6,6,0,5,13,14,23,16
2017_1,명지대길,387,289,98,2,32,49,84,124,96,0,12,26,58,105,88,2,20,23,26,19,8
2017_1,독립문로8길,773,287,486,1,176,197,180,141,78,0,46,73,85,47,36,1,130,124,95,94,42
2017_1,가재울로6길,15,8,7,0,2,2,7,1,3,0,0,1,6,0,1,0,2,1,1,1,2
2017_1,통일로92길,77,39,38,1,18,12,23,16,7,1,12,9,6,5,6,0,6,3,17,11,1
2017_1,통일로87길,226,111,115,0,18,38,77,68,25,0,5,14,40,35,17,0,13,24,37,33,8
2017_1,통일로78길,212,63,149,0,29,53,44,50,36,0,4,22,12,11,14,0,25,31,32,39,22
2017_1,진흥로1길,470,139,331,1,65,121,167,96,20,1,22,41,41,21,13,0,43,80,126,75,7
2017_1,진흥로12길,491,204,287,0,48,104,172,101,66,0,8,43,80,37,36,0,40,61,92,64,30
2017_1,증산서길,577,297,280,3,66,102,139,139,128,0,10,30,47,87,123,3,56,72,92,52,5
2017_1,증산로9길,103,34,69,0,14,31,34,23,1,0,5,7,14,7,1,0,9,24,20,16,0
2017_1,증산로5길,772,404,368,5,71,150,198,227,121,0,33,52,84,145,90,5,38,98,114,82,31
2017_1,증산로21길,260,164,96,0,32,31,49,80,68,0,11,14,25,61,53,0,21,17,24,19,15
2017_1,증산로17길,748,357,391,2,36,97,200,186,227,1,11,44,91,103,107,1,25,53,109,83,120
2017_1,증산로15길,204,76,128,0,22,34,54,55,39,0,4,12,17,24,19,0,18,22,37,31,20
2017_1,증산로13길,73,40,33,1,3,15,18,28,8,1,1,11,10,12,5,0,2,4,8,16,3
2017_1,응암로34길,63,40,23,4,5,18,11,16,9,1,3,10,7,10,9,3,2,8,4,6,0
2017_1,응암로22길,148,49,99,0,14,30,37,36,31,0,5,7,12,11,14,0,9,23,25,25,17
2017_1,응암로14길,382,127,255,2,65,88,119,82,26,1,12,27,36,35,16,1,53,61,83,47,10
2017_1,응암로13길,291,117,174,2,41,54,99,68,27,2,14,19,43,26,13,0,27,35,56,42,14
2017_1,응암로12길,218,106,112,0,29,59,61,46,23,0,7,31,29,23,16,0,22,28,32,23,7
2017_1,은평로8길,263,133,130,1,54,51,61,64,32,1,26,30,35,27,14,0,28,21,26,37,18
2017_1,은평로3길,291,79,212,2,35,68,92,64,30,0,7,18,19,17,18,2,28,50,73,47,12
2017_1,은평로20길,24,9,15,0,2,5,8,8,1,0,1,1,3,3,1,0,1,4,5,5,0
2017_1,은평로13길,491,324,167,2,49,94,147,120,79,2,23,60,95,80,64,0,26,34,52,40,15
2017_1,은평로10길,367,210,157,1,35,108,101,71,51,1,19,70,46,42,32,0,16,38,55,29,19
2017_1,연서로5길,44,13,31,0,3,10,15,14,2,0,1,2,5,5,0,0,2,8,10,9,2
2017_1,연서로41길,242,69,173,0,21,53,77,67,24,0,6,15,19,16,13,0,15,38,58,51,11
2017_1,연서로3길,109,39,70,1,16,20,30,33,9,1,8,8,11,8,3,0,8,12,19,25,6
2017_1,연서로34길,155,46,109,0,22,37,42,38,16,0,4,11,12,8,11,0,18,26,30,30,5
2017_1,연서로33길,25,8,17,0,2,7,9,4,3,0,0,0,4,2,2,0,2,7,5,2,1
2017_1,연서로29길,342,132,210,2,50,84,91,83,32,0,18,38,28,33,15,2,32,46,63,50,17
2017_1,연서로28길,702,303,399,6,92,150,178,139,137,1,27,71,93,52,59,5,65,79,85,87,78
2017_1,연서로27길,62,29,33,0,15,11,15,14,7,0,3,4,7,10,5,0,12,7,8,4,2
2017_1,연서로21길,340,214,126,2,37,64,124,81,32,0,24,48,67,50,25,2,13,16,57,31,7
2017_1,연서로17길,1122,327,795,2,157,219,294,301,149,0,37,97,92,57,44,2,120,122,202,244,105
2017_1,연서로16길,275,110,165,3,64,72,63,51,22,0,19,34,22,22,13,3,45,38,41,29,9
2017_1,연서로13길,711,225,486,7,103,163,211,185,42,0,35,65,76,30,19,7,68,98,135,155,23
2017_1,연서로11길,236,108,128,0,25,39,80,68,24,0,11,21,33,31,12,0,14,18,47,37,12
2017_1,역말로9길,14,10,4,0,0,5,4,3,2,0,0,4,3,2,1,0,0,1,1,1,1
2017_1,수색로18길,23,12,11,0,2,7,6,4,4,0,0,3,3,3,3,0,2,4,3,1,1
2017_1,서오릉로8길,16,1,15,0,7,2,5,1,1,0,0,1,0,0,0,0,7,1,5,1,1
2017_1,서오릉로21길,457,132,325,1,34,82,119,89,132,1,11,25,40,19,36,0,23,57,79,70,96
2017_1,불광천길,168,83,85,0,16,30,40,54,28,0,7,15,20,23,18,0,9,15,20,31,10
2017_1,갈현로7길,967,269,698,1,179,244,243,205,95,0,50,84,65,47,23,1,129,160,178,158,72
2017_1,갈현로41길,83,32,51,0,10,24,20,20,9,0,3,10,7,9,3,0,7,14,13,11,6
2017_1,갈현로33길,36,8,28,0,11,7,10,6,2,0,1,1,3,2,1,0,10,6,7,4,1
2017_1,갈현로1길,166,77,89,0,15,39,49,27,36,0,6,26,19,6,20,0,9,13,30,21,16
2017_1,가좌로7길,60,27,33,0,13,11,13,13,10,0,1,3,7,6,10,0,12,8,6,7,0
2017_1,한글비석로44길,445,243,202,0,36,69,110,134,96,0,11,36,50,72,74,0,25,33,60,62,22
2017_1,한글비석로24길,394,149,245,0,25,52,85,126,106,0,9,20,33,45,42,0,16,32,52,81,64
2017_1,한글비석로22길,796,321,475,3,70,136,232,241,114,0,24,70,95,80,52,3,46,66,137,161,62
2017_1,석계로1길,107,68,39,0,10,17,34,40,6,0,7,8,21,27,5,0,3,9,13,13,1
2017_1,상계로9가길,282,112,170,3,29,39,71,83,57,0,7,18,25,33,29,3,22,21,46,50,28
2017_1,상계로12길,24,16,8,6,0,0,7,10,1,6,0,0,5,5,0,0,0,0,2,5,1
2017_1,동일로242길,293,191,102,0,11,40,74,62,106,0,6,23,39,38,85,0,5,17,35,24,21
2017_1,동일로192길,420,194,226,3,47,52,86,110,122,3,25,32,43,35,56,0,22,20,43,75,66
2017_1,동일로173가길,2379,1366,1013,8,242,457,619,626,427,4,94,332,339,292,305,4,148,125,280,334,122
2017_1,공릉로58길,118,43,75,0,3,22,36,35,22,0,1,11,14,11,6,0,2,11,22,24,16
2017_1,해등로16길,85,64,21,0,13,26,27,13,6,0,7,21,20,11,5,0,6,5,7,2,1
2017_1,우이천로4다길,181,107,74,1,13,31,58,54,24,1,4,18,28,38,18,0,9,13,30,16,6
2017_1,우이천로32길,99,56,43,0,10,23,33,26,7,0,2,19,16,13,6,0,8,4,17,13,1
2017_1,시루봉로23길,50,22,28,1,7,8,15,13,6,1,0,3,6,9,3,0,7,5,9,4,3
2017_1,삼양로144길,72,54,18,0,8,15,21,18,10,0,4,10,16,15,9,0,4,5,5,3,1
2017_1,방학로6가길,223,139,84,0,15,36,64,31,77,0,3,22,31,14,69,0,12,14,33,17,8
2017_1,방학로5길,116,69,47,1,20,13,24,35,23,0,15,11,13,17,13,1,5,2,11,18,10
2017_1,방학로15길,342,222,120,0,14,43,84,117,84,0,4,23,45,75,75,0,10,20,39,42,9
2017_1,방학로10길,176,69,107,0,13,27,26,41,69,0,4,15,7,14,29,0,9,12,19,27,40
2017_1,도봉산4길,328,283,45,1,7,25,98,141,56,1,2,19,92,122,47,0,5,6,6,19,9
2017_1,도봉로181길,191,82,109,0,20,34,51,53,33,0,8,15,23,17,19,0,12,19,28,36,14
2017_1,도봉로169나길,301,133,168,3,35,55,64,80,64,2,10,23,37,34,27,1,25,32,27,46,37
2017_1,도봉로156길,252,135,117,2,33,59,67,50,41,2,16,33,39,24,21,0,17,26,28,26,20
2017_1,도봉로152가길,412,369,43,0,13,30,63,157,149,0,5,25,49,150,140,0,8,5,14,7,9
2017_1,도봉로147길,569,321,248,2,52,122,158,176,59,0,26,83,104,90,18,2,26,39,54,86,41
2017_1,도봉로114길,475,165,310,2,91,112,117,116,37,0,15,31,44,53,22,2,76,81,73,63,15
2017_1,도봉로109길,21,7,14,0,2,5,7,3,4,0,0,2,1,0,4,0,2,3,6,3,0
2017_1,도당로29길,865,508,357,8,163,210,221,183,80,8,71,121,112,125,71,0,92,89,109,58,9
2017_1,도당로19길,206,88,118,0,15,37,67,61,26,0,4,23,27,25,9,0,11,14,40,36,17
2017_1,도당로13바길,201,80,121,0,27,39,54,54,27,0,5,24,16,21,14,0,22,15,38,33,13
2017_1,도당로13가길,153,59,94,0,10,33,46,42,22,0,2,14,21,12,10,0,8,19,25,30,12
2017_1,덕릉로60길,77,42,35,0,6,16,32,18,5,0,2,10,14,12,4,0,4,6,18,6,1
2017_1,노해로63다길,595,260,335,1,99,152,144,140,59,0,32,76,72,50,30,1,67,76,72,90,29
2017_1,노해로60길,303,125,178,5,39,60,93,77,29,0,10,26,34,44,11,5,29,34,59,33,18
2017_1,한천로140길,92,48,44,0,8,12,20,26,26,0,2,8,7,16,15,0,6,4,13,10,11
2017_1,한천로139가길,43,24,19,0,4,9,18,8,4,0,1,7,10,5,1,0,3,2,8,3,3
2017_1,한천로132길,324,132,192,1,79,69,60,68,47,0,24,34,22,26,26,1,55,35,38,42,21
2017_1,한천로130길,289,125,164,0,41,79,80,70,19,0,12,33,37,32,11,0,29,46,43,38,8
2017_1,한천로124나길,87,45,42,0,7,16,26,26,12,0,4,8,9,15,9,0,3,8,17,11,3
2017_1,한천로109길,604,273,331,7,104,126,176,137,54,5,38,54,85,62,29,2,66,72,91,75,25
2017_1,인수봉로79길,180,44,136,0,22,53,52,39,14,0,4,10,15,6,9,0,18,43,37,33,5
2017_1,인수봉로72길,88,41,47,0,12,16,22,21,17,0,3,9,10,8,11,0,9,7,12,13,6
2017_1,인수봉로56길,10,1,9,0,2,6,1,1,0,0,0,1,0,0,0,0,2,5,1,1,0
2017_1,오패산로67길,538,282,256,3,74,108,142,113,98,1,32,65,71,61,52,2,42,43,71,52,46
2017_1,오패산로52길,90,28,62,2,12,21,30,15,10,1,1,6,7,7,6,1,11,15,23,8,4
2017_1,수유로12길,275,177,98,4,28,74,72,44,53,2,12,50,48,24,41,2,16,24,24,20,12
2017_1,솔샘로65길,507,229,278,5,45,107,168,123,59,0,9,34,80,59,47,5,36,73,88,64,12
2017_1,솔매로50길,720,289,431,1,100,194,216,146,63,1,25,66,69,79,49,0,75,128,147,67,14
2017_1,솔매로45길,179,84,95,0,12,22,61,59,25,0,5,8,27,32,12,0,7,14,34,27,13
2017_1,솔매로41길,80,21,59,0,9,15,23,24,9,0,0,5,7,4,5,0,9,10,16,20,4
2017_1,삼양로93길,18,4,14,0,0,4,9,4,1,0,0,0,2,1,1,0,0,4,7,3,0
2017_1,삼양로77길,398,133,265,0,51,62,123,107,55,0,18,27,42,27,19,0,33,35,81,80,36
2017_1,삼양로54길,8,4,4,0,1,2,1,4,0,0,0,1,0,3,0,0,1,1,1,1,0
2017_1,삼양로41길,289,129,160,0,28,64,96,65,36,0,13,25,44,27,20,0,15,39,52,38,16
2017_1,삼양로24길,86,37,49,0,12,11,24,21,18,0,4,7,12,6,8,0,8,4,12,15,10
2017_1,삼양로20길,128,46,82,0,16,33,37,32,10,0,2,12,12,10,10,0,14,21,25,22,0
2017_1,삼각산로28길,742,391,351,2,75,141,154,189,181,1,26,62,72,114,116,1,49,79,82,75,65
2017_1,도봉로99길,186,91,95,1,21,40,49,51,24,1,10,20,24,27,9,0,11,20,25,24,15
2017_1,도봉로8길,239,170,69,0,49,70,62,36,22,0,39,57,44,17,13,0,10,13,18,19,9
2017_1,도봉로76길,395,210,185,5,58,70,85,81,96,2,32,42,38,38,58,3,26,28,47,43,38
2017_1,도봉로67길,5,3,2,0,0,0,4,1,0,0,0,0,2,1,0,0,0,0,2,0,0
2017_1,도봉로45길,127,82,45,0,7,27,39,26,28,0,2,17,25,16,22,0,5,10,14,10,6
2017_1,도봉로18길,383,167,216,0,29,78,112,97,67,0,12,47,46,34,28,0,17,31,66,63,39
2017_1,도봉로13길,28,9,19,0,2,0,12,8,6,0,0,0,2,3,4,0,2,0,10,5,2
2017_1,덕릉로41길,778,628,150,0,84,235,200,222,37,0,58,195,175,180,20,0,26,40,25,42,17
2017_1,덕릉로40길,903,704,199,6,66,109,257,322,143,5,43,75,204,269,108,1,23,34,53,53,35
2017_1,노해로33길,34,13,21,0,9,8,9,7,1,0,1,2,5,4,1,0,8,6,4,3,0
2017_1,노해로17길,231,65,166,0,26,28,55,75,47,0,1,16,23,15,10,0,25,12,32,60,37
2017_1,화랑로40길,152,82,70,1,15,39,39,42,16,1,4,17,22,26,12,0,11,22,17,16,4
2017_1,화랑로32길,438,320,118,5,73,159,136,54,11,0,33,132,97,49,9,5,40,27,39,5,2
2017_1,화랑로1길,176,93,83,0,16,30,42,67,21,0,5,16,22,43,7,0,11,14,20,24,14
2017_1,화랑로19길,491,258,233,1,49,125,166,107,43,0,24,60,96,50,28,1,25,65,70,57,15
2017_1,화랑로14길,56,24,32,1,7,7,26,14,1,1,2,1,15,5,0,0,5,6,11,9,1
2017_1,화랑로13길,90,43,47,0,12,26,33,17,2,0,5,11,15,10,2,0,7,15,18,7,0
2017_1,한천로76길,128,73,55,0,4,22,43,35,24,0,3,15,29,15,11,0,1,7,14,20,13
2017_1,한천로101가길,50,30,20,0,2,10,15,19,4,0,1,6,10,10,3,0,1,4,5,9,1
2017_1,창경궁로43길,29,17,12,0,6,7,8,6,2,0,3,5,4,4,1,0,3,2,4,2,1
2017_1,지봉로20길,102,59,43,2,11,15,32,27,15,0,7,7,23,10,12,2,4,8,9,17,3
2017_1,종암로5길,118,82,36,0,10,37,37,22,12,0,8,30,26,12,6,0,2,7,11,10,6
2017_1,종암로24가길,272,136,136,3,50,70,64,68,17,0,21,33,30,40,12,3,29,37,34,28,5
2017_1,종암로21길,142,51,91,0,16,24,52,35,15,0,2,8,20,11,10,0,14,16,32,24,5
2017_1,종암로19길,406,121,285,3,97,75,88,101,42,1,18,32,34,19,17,2,79,43,54,82,25
2017_1,종암로16길,79,33,46,0,13,20,22,13,11,0,4,9,7,3,10,0,9,11,15,10,1
2017_1,정릉로8길,181,102,79,0,24,51,41,34,31,0,5,30,21,19,27,0,19,21,20,15,4
2017_1,정릉로27길,205,87,118,1,35,43,57,45,24,1,14,16,27,16,13,0,21,27,30,29,11
2017_1,장위로50길,906,505,401,3,99,113,198,259,234,0,37,67,114,144,143,3,62,46,84,115,91
2017_1,장월로1길,432,190,242,1,76,92,110,98,55,1,31,55,41,39,23,0,45,37,69,59,32
2017_1,인촌로6길,2459,1315,1144,10,256,423,576,576,618,4,87,262,253,303,406,6,169,161,323,273,212
2017_1,인촌로5길,30,3,27,0,1,3,8,14,4,0,0,1,0,1,1,0,1,2,8,13,3
2017_1,인촌로24길,198,133,65,0,40,74,45,26,13,0,26,61,33,10,3,0,14,13,12,16,10
2017_1,개운사길,3303,2020,1283,6,362,983,976,714,262,2,106,484,657,563,208,4,256,499,319,151,54
2017_1,인촌로1길,155,108,47,0,21,51,43,30,10,0,10,33,34,23,8,0,11,18,9,7,2
2017_1,인촌로17가길,3197,1191,2006,1,902,1108,719,396,71,1,152,383,365,233,57,0,750,725,354,163,14
2017_1,오패산로4길,588,179,409,5,111,122,145,127,78,2,27,43,40,36,31,3,84,79,105,91,47
2017_1,오패산로3길,1126,631,495,12,181,320,302,202,109,1,83,185,191,119,52,11,98,135,111,83,57
2017_1,오패산로19길,43,17,26,0,7,17,13,4,2,0,0,9,6,0,2,0,7,8,7,4,0
2017_1,안암로5길,605,358,247,1,90,152,170,116,76,0,28,81,110,77,62,1,62,71,60,39,14
2017_1,아리랑로4길,615,234,381,3,46,98,161,184,123,1,19,39,58,62,55,2,27,59,103,122,68
2017_1,솔샘로6길,146,69,77,1,34,36,35,29,11,1,14,22,17,11,4,0,20,14,18,18,7
2017_1,성북로8길,50,23,27,0,16,14,10,5,5,0,6,5,7,2,3,0,10,9,3,3,2
2017_1,삼양로8길,88,50,38,1,35,14,17,17,4,1,18,7,12,9,3,0,17,7,5,8,1
2017_1,삼선교로16가길,712,408,304,0,180,102,171,188,71,0,82,46,115,118,47,0,98,56,56,70,24
2017_1,삼선교로10다길,100,47,53,0,16,23,21,25,15,0,3,17,11,12,4,0,13,6,10,13,11
2017_1,삼선교로10길,248,115,133,2,37,59,83,47,20,0,10,21,38,28,18,2,27,38,45,19,2
2017_1,보문로32길,923,387,536,0,245,172,255,181,70,0,23,77,138,108,41,0,222,95,117,73,29
2017_1,보문로31길,723,291,432,2,161,167,174,139,80,1,56,71,71,55,37,1,105,96,103,84,43
2017_1,보문로13길,774,462,312,0,11,27,55,111,570,0,4,6,23,50,379,0,7,21,32,61,191
2017_1,보국문로16길,296,198,98,0,10,29,61,129,67,0,0,14,39,98,47,0,10,15,22,31,20
2017_1,동소문로26가길,289,164,125,1,50,87,78,36,37,0,19,58,54,15,18,1,31,29,24,21,19
2017_1,동소문로15길,67,35,32,0,8,24,23,8,4,0,5,14,11,2,3,0,3,10,12,6,1
2017_1,동소문로13길,412,217,195,3,76,114,100,62,57,1,22,65,59,32,38,2,54,49,41,30,19
2017_1,돌곶이로8길,202,104,98,0,23,64,50,47,18,0,7,27,30,30,10,0,16,37,20,17,8
2017_1,돌곶이로41길,59,30,29,0,7,13,14,17,8,0,3,7,7,9,4,0,4,6,7,8,4
2017_1,돌곶이로28길,229,154,75,0,33,81,71,32,12,0,19,66,44,17,8,0,14,15,27,15,4
2017_1,돌곶이로27길,71,39,32,0,5,12,22,24,8,0,2,5,12,13,7,0,3,7,10,11,1
2017_1,돌곶이로22길,97,47,50,0,15,25,22,27,8,0,5,15,9,13,5,0,10,10,13,14,3
2017_1,길음로7길,8,5,3,0,0,3,3,0,2,0,0,2,2,0,1,0,0,1,1,0,1
2017_1,중랑천로10길,712,385,327,11,160,146,204,125,66,6,73,72,122,67,45,5,87,74,82,58,21
2017_1,용마산로94길,441,266,175,0,85,42,139,133,42,0,42,21,80,89,34,0,43,21,59,44,8
2017_1,용마산로118길,569,284,285,1,75,125,159,119,90,0,27,63,73,59,62,1,48,62,86,60,28
2017_1,용마산로112길,291,133,158,0,42,63,71,66,49,0,14,28,26,28,37,0,28,35,45,38,12
2017_1,용마산로100길,429,292,137,2,37,42,81,146,121,0,7,16,46,114,109,2,30,26,35,32,12
2017_1,신내로7가길,265,69,196,0,31,55,88,60,31,0,1,11,25,19,13,0,30,44,63,41,18
2017_1,사가정로54길,121,38,83,0,25,23,35,26,12,0,4,4,12,10,8,0,21,19,23,16,4
2017_1,사가정로42길,66,19,47,0,5,8,19,16,18,0,0,2,4,7,6,0,5,6,15,9,12
2017_1,봉화산로56길,573,141,432,3,66,83,139,187,95,1,28,38,31,29,14,2,38,45,108,158,81
2017_1,봉화산로4길,400,139,261,0,34,55,111,147,53,0,12,26,34,40,27,0,22,29,77,107,26
2017_1,봉화산로30길,380,242,138,2,32,60,91,125,70,1,12,37,49,89,54,1,20,23,42,36,16
2017_1,봉우재로33길,109,41,68,0,24,21,31,20,13,0,10,8,9,4,10,0,14,13,22,16,3
2017_1,면목로78길,306,166,140,1,34,52,96,79,44,0,12,35,48,41,30,1,22,17,48,38,14
2017_1,면목로56길,222,161,61,1,17,28,45,83,48,1,4,14,28,72,42,0,13,14,17,11,6
2017_1,면목로55길,436,133,303,0,34,71,113,142,76,0,8,20,42,38,25,0,26,51,71,104,51
2017_1,면목로49길,541,175,366,1,190,193,95,47,15,1,29,68,44,23,10,0,161,125,51,24,5
2017_1,면목로48길,118,58,60,4,14,32,32,24,12,4,5,19,12,13,5,0,9,13,20,11,7
2017_1,면목로45길,66,28,38,1,14,15,17,12,7,0,3,6,9,5,5,1,11,9,8,7,2
2017_1,면목로33길,397,156,241,5,51,100,117,87,37,5,14,37,47,30,23,0,37,63,70,57,14
2017_1,면목로21길,45,33,12,1,12,5,15,10,2,1,8,3,11,8,2,0,4,2,4,2,0
2017_1,망우로73길,8,4,4,0,0,0,5,2,1,0,0,0,2,1,1,0,0,0,3,1,0
2017_1,망우로68길,84,36,48,0,13,21,23,19,8,0,1,8,7,15,5,0,12,13,16,4,3
2017_1,동일로163길,104,66,38,0,9,21,43,22,9,0,3,14,28,16,5,0,6,7,15,6,4
2017_1,동일로157길,193,96,97,1,33,53,50,35,21,0,11,24,27,20,14,1,22,29,23,15,7
2017_1,동일로149길,1144,840,304,0,174,316,317,294,43,0,111,220,241,242,26,0,63,96,76,52,17
2017_1,동일로140길,217,83,134,2,21,45,68,58,23,1,8,15,31,19,9,1,13,30,37,39,14
2017_1,동일로139길,64,41,23,0,6,11,23,16,8,0,2,7,15,13,4,0,4,4,8,3,4
2017_1,동일로139가길,1122,663,459,0,98,221,229,190,384,0,44,131,132,84,272,0,54,90,97,106,112
2017_1,동일로130길,98,23,75,0,9,20,40,21,8,0,3,5,5,3,7,0,6,15,35,18,1
2017_1,동일로123길,171,82,89,1,19,30,54,37,30,1,5,17,23,19,17,0,14,13,31,18,13
2017_1,동일로112길,174,75,99,0,24,23,44,54,29,0,8,13,12,25,17,0,16,10,32,29,12
2017_1,동일로101길,291,115,176,0,29,55,79,86,42,0,6,25,35,28,21,0,23,30,44,58,21
2017_1,동일로100길,31,14,17,0,3,9,6,9,4,0,1,4,3,4,2,0,2,5,3,5,2
2017_1,답십리로75길,99,53,46,0,8,17,42,21,11,0,3,7,22,12,9,0,5,10,20,9,2
2017_1,공릉로2길,657,304,353,2,91,169,184,139,72,1,25,78,82,72,46,1,66,91,102,67,26
2017_1,공릉로12가길,39,25,14,1,5,2,10,11,10,1,2,2,7,6,7,0,3,0,3,5,3
2017_1,겸재로54길,116,58,58,0,7,26,29,38,16,0,3,16,12,18,9,0,4,10,17,20,7
2017_1,겸재로36길,226,194,32,0,9,22,49,82,64,0,4,16,40,71,63,0,5,6,9,11,1
2017_1,겸재로29길,435,187,248,2,47,91,135,106,54,1,9,32,66,50,29,1,38,59,69,56,25
2017_1,휘경로3길,225,108,117,2,57,47,69,35,15,0,21,23,37,17,10,2,36,24,32,18,5
2017_1,휘경로2길,7,3,4,0,2,1,3,1,0,0,0,0,2,1,0,0,2,1,1,0,0
2017_1,휘경로23길,16,0,16,0,2,0,10,4,0,0,0,0,0,0,0,0,2,0,10,4,0
2017_1,휘경로14길,104,42,62,0,6,10,20,18,50,0,1,6,13,6,16,0,5,4,7,12,34
2017_1,한천로46길,391,131,260,2,39,74,133,99,44,2,10,25,40,32,22,0,29,49,93,67,22
2017_1,한천로40길,316,160,156,4,24,56,82,110,40,2,11,30,36,58,23,2,13,26,46,52,17
2017_1,한천로33길,74,30,44,0,16,20,7,18,13,0,4,14,4,6,2,0,12,6,3,12,11
2017_1,한천로14길,621,371,250,8,67,149,175,143,79,6,30,102,109,76,48,2,37,47,66,67,31
2017_1,천호대로97길,333,214,119,0,50,68,90,81,44,0,21,49,55,55,34,0,29,19,35,26,10
2017_1,천호대로77길,2015,1067,948,6,176,337,409,586,501,3,84,172,240,301,267,3,92,165,169,285,234
2017_1,천호대로45길,163,99,64,0,13,20,34,52,44,0,6,15,22,24,32,0,7,5,12,28,12
2017_1,천호대로17길,2212,1415,797,8,264,523,422,457,538,5,85,340,274,284,427,3,179,183,148,173,111
2017_1,천호대로12길,839,566,273,11,139,240,204,178,67,10,79,158,143,130,46,1,60,82,61,48,21
2017_1,천장산로7길,1440,886,554,0,104,375,441,405,115,0,36,173,282,297,98,0,68,202,159,108,17
2017_1,제기로5길,195,102,93,0,14,33,55,67,26,0,12,27,28,26,9,0,2,6,27,41,17
2017_1,제기로21길,220,141,79,0,28,37,73,62,20,0,9,18,55,47,12,0,19,19,18,15,8
2017_1,전농로4길,704,444,260,0,98,187,187,148,84,0,56,129,120,95,44,0,42,58,67,53,40
2017_1,전농로3길,93,41,52,0,23,14,33,17,6,0,9,10,13,6,3,0,14,4,20,11,3
2017_1,전농로29길,312,135,177,3,36,88,98,68,19,2,16,33,39,31,14,1,20,55,59,37,5
2017_1,장한로8길,875,531,344,1,102,188,249,233,102,0,38,99,162,147,85,1,64,89,87,86,17
2017_1,장한로5길,2868,2001,867,41,605,818,705,507,192,9,329,566,527,420,150,32,276,252,178,87,42
2017_1,장한로27길,149,43,106,1,46,37,22,26,17,1,5,16,11,4,6,0,41,21,11,22,11
2017_1,장한로27가길,383,180,203,1,31,61,89,141,60,0,14,37,43,68,18,1,17,24,46,73,42
2017_1,장한로26길,592,286,306,3,80,137,154,136,82,3,20,68,76,64,55,0,60,69,78,72,27
2017_1,장한로26가길,362,151,211,0,41,64,75,104,78,0,15,35,29,35,37,0,26,29,46,69,41
2017_1,장한로25길,1071,467,604,7,165,257,301,227,114,3,39,108,141,105,71,4,126,149,160,122,43
2017_1,장한로14길,184,154,30,1,7,14,46,73,43,0,3,6,34,68,43,1,4,8,12,5,0
2017_1,이문로42길,263,108,155,0,34,60,74,68,27,0,7,17,36,31,17,0,27,43,38,37,10
2017_1,왕산로43길,985,474,511,2,164,285,249,201,84,0,41,150,123,101,59,2,123,135,126,100,25
2017_1,왕산로33길,153,103,50,0,5,28,48,36,36,0,5,20,38,15,25,0,0,8,10,21,11
2017_1,왕산로32길,12,8,4,0,0,1,5,2,4,0,0,1,2,2,3,0,0,0,3,0,1
2017_1,약령시로17길,277,137,140,2,33,53,70,65,54,2,15,27,34,35,24,0,18,26,36,30,30
2017_1,서울시립대로4길,664,343,321,7,133,130,145,167,82,4,76,69,80,75,39,3,57,61,65,92,43
2017_1,서울시립대로29길,246,137,109,3,30,53,66,52,42,0,12,32,41,27,25,3,18,21,25,25,17
2017_1,서울시립대로16길,148,36,112,0,21,37,46,30,14,0,3,11,13,7,2,0,18,26,33,23,12
2017_1,사가정로2길,85,65,20,0,14,18,25,12,16,0,10,15,21,9,10,0,4,3,4,3,6
2017_1,사가정로23가길,102,60,42,0,18,30,21,18,15,0,7,21,9,11,12,0,11,9,12,7,3
2017_1,사가정로13길,271,87,184,0,41,86,76,48,20,0,9,23,27,16,12,0,32,63,49,32,8
2017_1,무학로45길,378,217,161,0,59,90,99,74,56,0,22,47,63,51,34,0,37,43,36,23,22
2017_1,무학로16길,1141,1035,106,1,74,270,382,274,140,0,51,237,348,264,135,1,23,33,34,10,5
2017_1,망우로21길,193,111,82,2,31,37,35,46,42,0,11,17,17,31,35,2,20,20,18,15,7
2017_1,망우로18길,505,198,307,0,125,146,141,69,24,0,37,40,74,33,14,0,88,106,67,36,10
2017_1,망우로18가길,71,30,41,0,13,14,20,14,10,0,3,7,9,5,6,0,10,7,11,9,4
2017_1,답십리로72길,14,12,2,0,1,2,4,7,0,0,1,1,4,6,0,0,0,1,0,1,0
2017_1,답십리로69길,909,392,517,0,150,221,219,214,105,0,49,93,89,87,74,0,101,128,130,127,31
2017_1,답십리로68길,126,83,43,1,12,25,44,28,16,1,8,20,25,18,11,0,4,5,19,10,5
2017_1,답십리로64길,349,201,148,0,67,93,97,60,32,0,30,56,61,34,20,0,37,37,36,26,12
2017_1,답십리로63길,87,50,37,0,15,21,21,24,6,0,8,10,13,13,6,0,7,11,8,11,0
2017_1,답십리로60길,11,7,4,0,0,0,5,4,2,0,0,0,4,2,1,0,0,0,1,2,1
2017_1,답십리로56길,5,4,1,0,0,2,3,0,0,0,0,2,2,0,0,0,0,0,1,0,0
2017_1,답십리로23길,7,6,1,0,1,2,1,3,0,0,1,2,1,2,0,0,0,0,0,1,0
2017_1,난계로30길,156,109,47,5,19,25,33,37,37,0,13,18,22,23,33,5,6,7,11,14,4
2017_1,경희대로3길,273,175,98,0,73,101,61,33,5,0,31,60,49,30,5,0,42,41,12,3,0
2017_1,천호대로129길,238,79,159,4,47,34,74,52,27,2,13,9,25,17,13,2,34,25,49,35,14
2017_1,천호대로123길,305,118,187,0,39,56,67,105,38,0,11,22,27,43,15,0,28,34,40,62,23
2017_1,천호대로109길,1054,545,509,5,179,271,284,212,103,0,83,143,139,114,66,5,96,128,145,98,37
2017_1,자양번영로3길,94,40,54,0,7,11,30,34,12,0,3,4,11,15,7,0,4,7,19,19,5
2017_1,자양로50길,17,4,13,0,3,2,4,5,3,0,1,0,0,1,2,0,2,2,4,4,1
2017_1,자양로45길,555,297,258,1,109,128,161,98,58,1,36,79,98,50,33,0,73,49,63,48,25
2017_1,자양로26길,318,106,212,1,42,61,87,78,49,0,7,19,36,29,15,1,35,42,51,49,34
2017_1,자양로15길,376,252,124,2,30,82,78,95,89,1,13,43,51,72,72,1,17,39,27,23,17
2017_1,자양로11길,1405,698,707,9,264,309,375,287,161,3,73,157,213,158,94,6,191,152,162,129,67
2017_1,용마산로3길,814,466,348,1,106,202,205,200,100,0,48,126,103,110,79,1,58,76,102,90,21
2017_1,용마산로21길,139,55,84,0,22,23,46,34,14,0,8,7,16,14,10,0,14,16,30,20,4
2017_1,아차산로78길,2663,1429,1234,18,445,860,644,470,226,12,135,500,409,234,139,6,310,360,235,236,87
2017_1,아차산로65길,726,475,251,3,111,198,202,164,48,2,45,125,141,125,37,1,66,73,61,39,11
2017_1,아차산로55길,389,189,200,1,83,105,78,85,37,1,17,50,47,50,24,0,66,55,31,35,13
2017_1,아차산로51길,256,146,110,2,22,78,78,50,26,1,9,42,52,28,14,1,13,36,26,22,12
2017_1,아차산로40길,489,288,201,5,98,97,116,96,77,1,48,44,68,65,62,4,50,53,48,31,15
2017_1,면목로17길,244,160,84,0,42,51,66,54,31,0,17,27,49,45,22,0,25,24,17,9,9
2017_1,뚝섬로64길,351,194,157,0,37,68,89,88,69,0,12,30,40,52,60,0,25,38,49,36,9
2017_1,뚝섬로58길,188,63,125,0,15,37,53,66,17,0,2,7,17,27,10,0,13,30,36,39,7
2017_1,뚝섬로54길,168,101,67,0,22,38,52,43,13,0,11,26,24,31,9,0,11,12,28,12,4
2017_1,뚝섬로48길,796,331,465,7,129,181,211,175,93,5,40,70,91,70,55,2,89,111,120,105,38
2017_1,뚝섬로24길,99,37,62,0,13,15,24,40,7,0,4,5,5,18,5,0,9,10,19,22,2
2017_1,뚝섬로23길,109,69,40,0,10,27,23,30,19,0,3,18,10,22,16,0,7,9,13,8,3
2017_1,동일로24길,8,3,5,0,1,2,1,3,1,0,1,0,0,1,1,0,0,2,1,2,0
2017_1,동일로18길,168,68,100,0,31,39,49,37,12,0,11,17,15,15,10,0,20,22,34,22,2
2017_1,능동로4길,248,107,141,1,41,56,52,58,40,1,11,18,22,29,26,0,30,38,30,29,14
2017_1,능동로3길,209,97,112,1,32,35,52,52,37,0,11,16,24,21,25,1,21,19,28,31,12
2017_1,능동로34길,924,516,408,3,112,221,239,205,144,2,44,125,134,105,106,1,68,96,105,100,38
2017_1,능동로19길,323,202,121,4,50,90,73,72,34,3,26,60,42,41,30,1,24,30,31,31,4
2017_1,능동로13길,352,115,237,0,43,68,77,98,66,0,9,26,26,32,22,0,34,42,51,66,44
2017_1,긴고랑로9길,67,29,38,1,6,21,24,8,7,0,2,11,11,3,2,1,4,10,13,5,5
2017_1,긴고랑로8길,218,195,23,1,6,18,36,91,66,1,3,13,27,86,65,0,3,5,9,5,1
2017_1,긴고랑로7길,523,245,278,0,44,126,159,134,60,0,15,68,69,67,26,0,29,58,90,67,34
2017_1,긴고랑로20길,542,250,292,0,58,129,161,130,64,0,16,66,80,58,30,0,42,63,81,72,34
2017_1,광나루로52길,1649,843,806,20,218,271,255,360,525,18,137,152,142,138,256,2,81,119,113,222,269
2017_1,광나루로40길,96,49,47,0,20,25,29,14,8,0,3,11,20,8,7,0,17,14,9,6,1
2017_1,광나루로37길,303,184,119,1,43,85,88,62,24,1,18,48,52,46,19,0,25,37,36,16,5
2017_1,광나루로36길,37,23,14,0,3,10,11,9,4,0,2,7,8,5,1,0,1,3,3,4,3
2017_1,광나루로24길,59,30,29,4,12,16,12,8,7,0,3,11,7,4,5,4,9,5,5,4,2
2017_1,광나루로12길,1010,568,442,3,200,275,279,181,72,1,98,182,145,87,55,2,102,93,134,94,17
2017_1,한림말길,62,35,27,0,4,14,24,11,9,0,1,5,15,8,6,0,3,9,9,3,3
2017_1,청계천로10나길,1810,1063,747,6,255,519,423,363,244,1,131,335,280,174,142,5,124,184,143,189,102
2017_1,장터길,44,16,28,0,7,13,7,10,7,0,0,5,3,3,5,0,7,8,4,7,2
2017_1,용답중앙길,93,52,41,0,7,23,29,16,18,0,6,12,21,8,5,0,1,11,8,8,13
2017_1,용답29길,1871,946,925,5,196,387,524,461,298,4,100,221,205,228,188,1,96,166,319,233,110
2017_1,왕십리로6길,1347,729,618,5,186,368,385,295,108,2,80,209,202,155,81,3,106,159,183,140,27
2017_1,왕십리로31길,99,46,53,0,11,31,24,19,14,0,2,8,12,11,13,0,9,23,12,8,1
2017_1,왕십리로26길,4367,2494,1873,26,803,1000,1313,844,381,10,343,645,726,513,257,16,460,355,587,331,124
2017_1,왕십리로21길,174,54,120,0,31,37,44,46,16,0,4,5,16,23,6,0,27,32,28,23,10
2017_1,왕십리로14길,2743,1994,749,12,355,582,715,711,368,7,188,434,535,522,308,5,167,148,180,189,60
2017_1,아차산로5길,2285,1572,713,11,343,567,648,516,200,10,210,406,453,346,147,1,133,161,195,170,53
2017_1,아차산로15길,4070,2933,1137,33,642,1148,1132,741,374,19,355,847,842,546,324,14,287,301,290,195,50
2017_1,아차산로11길,3549,2306,1243,7,596,905,1004,695,342,4,269,640,703,432,258,3,327,265,301,263,84
2017_1,송정4가길,1062,500,562,6,162,356,298,149,91,1,56,189,125,66,63,5,106,167,173,83,28
2017_1,송정12라길,284,183,101,0,36,71,73,62,42,0,10,42,46,48,37,0,26,29,27,14,5
2017_1,성수일로6길,2471,1549,922,15,362,674,604,497,319,9,158,430,433,327,192,6,204,244,171,170,127
2017_1,성수이로7길,416,266,150,0,72,115,112,81,36,0,39,65,78,59,25,0,33,50,34,22,11
2017_1,성수이로18길,2204,1520,684,7,314,624,653,473,133,2,160,438,462,352,106,5,154,186,191,121,27
2017_1,성덕정길,632,399,233,1,61,131,190,177,72,0,25,88,112,120,54,1,36,43,78,57,18
2017_1,성덕정17길,219,119,100,1,30,49,50,63,26,0,9,25,30,38,17,1,21,24,20,25,9
2017_1,서울숲2길,1426,823,603,6,166,290,333,384,247,0,69,164,195,202,193,6,97,126,138,182,54
2017_1,상원길,1662,1127,535,10,253,519,480,271,129,6,102,374,346,198,101,4,151,145,134,73,28
2017_1,상원12길,182,107,75,3,37,39,51,38,14,2,19,28,27,24,7,1,18,11,24,14,7
2017_1,사근동길,31,17,14,0,4,12,10,3,2,0,2,4,7,2,2,0,2,8,3,1,0
2017_1,무학봉길,3,3,0,0,0,1,0,0,2,0,0,1,0,0,2,0,0,0,0,0,0
2017_1,무학봉28길,155,70,85,1,21,30,46,38,19,0,6,10,20,22,12,1,15,20,26,16,7
2017_1,무학로6길,384,232,152,0,36,78,113,98,59,0,13,49,70,65,35,0,23,29,43,33,24
2017_1,무수막길,118,54,64,0,23,28,26,26,15,0,7,19,10,9,9,0,16,9,16,17,6
2017_1,매봉길,12,8,4,0,1,0,5,2,4,0,1,0,2,2,3,0,0,0,3,0,1
2017_1,마조로1길,195,79,116,0,24,39,70,53,9,0,7,15,25,25,7,0,17,24,45,28,2
2017_1,마조로16길,787,551,236,2,75,136,215,234,125,1,33,85,150,176,106,1,42,51,65,58,19
2017_1,마장로39길,167,66,101,1,13,38,63,46,6,1,8,26,22,6,3,0,5,12,41,40,3
2017_1,마장로27길,96,36,60,0,13,26,35,17,5,0,3,6,14,9,4,0,10,20,21,8,1
2017_1,둘레9길,426,249,177,3,70,95,112,102,44,3,34,52,75,53,32,0,36,43,37,49,12
2017_1,금호산길,420,153,267,0,69,105,100,106,40,0,19,43,33,37,21,0,50,62,67,69,19
2017_1,금호산2길,35,15,20,0,4,6,13,8,4,0,0,3,3,6,3,0,4,3,10,2,1
2017_1,고산자로6길,14618,5935,8683,34,1997,4074,4784,3339,390,19,863,2156,1867,726,304,15,1134,1918,2917,2613,86
2017_1,후암로28길,199,85,114,0,46,46,52,44,11,0,12,21,28,16,8,0,34,25,24,28,3
2017_1,효창원로39길,51,27,24,0,4,14,16,16,1,0,1,11,9,6,0,0,3,3,7,10,1
2017_1,회나무로13길,62,36,26,0,21,23,7,9,2,0,13,14,6,2,1,0,8,9,1,7,1
2017_1,한남대로20길,744,416,328,0,172,254,185,73,60,0,79,139,106,48,44,0,93,115,79,25,16
2017_1,한강대로7길,598,399,199,8,81,135,114,97,163,6,46,110,91,57,89,2,35,25,23,40,74
2017_1,한강대로62길,657,450,207,0,131,160,151,135,80,0,85,117,105,89,54,0,46,43,46,46,26
2017_1,한강대로52길,1161,738,423,3,253,392,269,161,83,0,104,248,192,129,65,3,149,144,77,32,18
2017_1,한강대로43길,4557,2880,1677,11,709,1298,1221,817,501,8,309,845,867,526,325,3,400,453,354,291,176
2017_1,한강대로15길,1788,345,1443,15,965,546,134,75,53,1,77,94,79,55,39,14,888,452,55,20,14
2017_1,한강대로104길,4287,3047,1240,61,596,1256,1350,823,201,10,244,865,1057,705,166,51,352,391,293,118,35
2017_1,청파로73길,1274,726,548,0,143,376,341,258,156,0,65,154,172,193,142,0,78,222,169,65,14
2017_1,청파로71길,247,128,119,0,35,60,72,65,15,0,13,22,33,48,12,0,22,38,39,17,3
2017_1,청파로47나길,121,80,41,1,10,19,36,29,26,0,4,15,26,17,18,1,6,4,10,12,8
2017_1,청파로47길,819,397,422,2,119,231,218,172,77,2,56,106,113,72,48,0,63,125,105,100,29
2017_1,장문로45길,72,11,61,0,10,14,12,21,15,0,3,3,2,2,1,0,7,11,10,19,14
2017_1,이태원로54길,2204,1165,1039,31,617,703,513,276,64,23,327,482,221,72,40,8,290,221,292,204,24
2017_1,이태원로27길,555,318,237,6,215,157,84,58,35,3,120,98,43,32,22,3,95,59,41,26,13
2017_1,이촌로22길,224,140,84,0,31,45,55,52,41,0,13,30,32,35,30,0,18,15,23,17,11
2017_1,원효로89길,935,758,177,0,182,355,209,146,43,0,134,279,182,127,36,0,48,76,27,19,7
2017_1,원효로53길,723,423,300,3,90,184,221,140,85,1,39,114,141,77,51,2,51,70,80,63,34
2017_1,원효로41길,2407,1698,709,11,253,592,510,658,383,8,141,447,400,422,280,3,112,145,110,236,103
2017_1,원효로19길,956,669,287,0,121,377,252,132,74,0,59,285,188,88,49,0,62,92,64,44,25
2017_1,우사단로4길,175,122,53,1,17,21,42,58,36,0,4,9,24,50,35,1,13,12,18,8,1
2017_1,우사단로14길,1674,851,823,0,298,747,444,131,54,0,68,373,313,79,18,0,230,374,131,52,36
2017_1,우사단로10길,60,30,30,0,9,10,15,18,8,0,3,4,5,12,6,0,6,6,10,6,2
2017_1,신흥로20길,187,95,92,0,35,53,58,21,20,0,14,23,33,11,14,0,21,30,25,10,6
2017_1,소월로20길,128,39,89,0,34,31,26,25,12,0,5,6,3,14,11,0,29,25,23,11,1
2017_1,서빙고로71길,472,293,179,1,38,128,118,106,81,1,15,59,58,91,69,0,23,69,60,15,12
2017_1,백범로90길,314,186,128,1,34,69,97,65,48,0,14,40,61,38,33,1,20,29,36,27,15
2017_1,백범로79길,1059,642,417,2,121,289,222,304,121,0,33,172,155,199,83,2,88,117,67,105,38
2017_1,두텁바위로1길,2649,1476,1173,9,424,706,603,459,448,7,135,369,361,299,305,2,289,337,242,160,143
2017_1,대사관로34길,322,184,138,0,43,72,82,67,58,0,18,40,43,39,44,0,25,32,39,28,14
2017_1,녹사평대로46길,59,46,13,1,23,22,8,3,2,1,19,18,5,1,2,0,4,4,3,2,0
2017_1,녹사평대로40나길,55,32,23,1,20,11,9,10,4,1,11,9,3,4,4,0,9,2,6,6,0
2017_1,녹사평대로32길,315,172,143,0,77,75,68,42,53,0,41,41,32,19,39,0,36,34,36,23,14
2017_1,녹사평대로26길,2092,1145,947,8,163,572,549,587,213,6,40,250,269,440,140,2,123,322,280,147,73
2017_1,녹사평대로11길,301,200,101,1,49,80,106,51,14,0,30,48,76,34,12,1,19,32,30,17,2
2017_1,퇴계로90길,570,209,361,1,74,138,141,145,71,1,19,46,63,41,39,0,55,92,78,104,32
2017_1,퇴계로8길,2379,1319,1060,16,434,801,585,317,226,4,120,463,356,207,169,12,314,338,229,110,57
2017_1,퇴계로56길,1022,816,206,2,117,405,315,134,49,1,74,331,271,109,30,1,43,74,44,25,19
2017_1,퇴계로46길,1934,785,1149,8,356,588,519,348,115,2,59,197,233,207,87,6,297,391,286,141,28
2017_1,퇴계로18길,2880,1285,1595,11,569,799,676,535,290,1,172,420,329,210,153,10,397,379,347,325,137
2017_1,퇴계로12길,953,434,519,3,157,220,215,244,114,0,38,84,109,138,65,3,119,136,106,106,49
2017_1,청구로1길,211,107,104,0,52,30,57,45,27,0,16,12,28,30,21,0,36,18,29,15,6
2017_1,청구로17길,1675,745,930,6,425,618,335,198,93,0,55,266,193,155,76,6,370,352,142,43,17
2017_1,장충단로8길,4059,1289,2770,67,1566,834,891,494,207,17,436,347,226,158,105,50,1130,487,665,336,102
2017_1,삼일대로4길,1005,599,406,7,193,286,232,163,124,1,77,166,160,102,93,6,116,120,72,61,31
2017_1,명동길,36555,18129,18426,133,6271,13701,10395,4761,1294,44,2075,6183,5721,3278,828,89,4196,7518,4674,1483,466
2017_1,동호로20길,1014,446,568,41,376,275,149,124,49,21,148,125,67,54,31,20,228,150,82,70,18
2017_1,동호로15길,4211,2228,1983,22,1703,1399,730,260,97,2,637,824,526,175,64,20,1066,575,204,85,33
2017_1,동호로11길,16,13,3,0,1,3,7,3,2,0,1,3,6,2,1,0,0,0,1,1,1
2017_1,동호로10길,1473,644,829,5,329,416,347,257,119,2,71,196,186,125,64,3,258,220,161,132,55
2017_1,다산로39길,1185,673,512,4,139,280,311,327,124,2,68,183,177,180,63,2,71,97,134,147,61
2017_1,다산로38길,1495,758,737,16,460,442,309,192,76,5,157,246,188,109,53,11,303,196,121,83,23
2017_1,다산로36길,65,42,23,0,19,14,14,15,3,0,14,8,8,10,2,0,5,6,6,5,1
2017_1,다산로33길,412,196,216,0,62,96,124,93,37,0,33,47,49,42,25,0,29,49,75,51,12
2017_1,난계로21길,210,140,70,1,22,50,74,53,10,0,11,31,52,38,8,1,11,19,22,15,2
2017_1,난계로11길,1838,1064,774,9,360,403,359,470,237,1,165,255,243,245,155,8,195,148,116,225,82
2017_1,필운대로1길,5,1,4,0,0,4,1,0,0,0,0,1,0,0,0,0,0,3,1,0,0
2017_1,평창길,162,78,84,1,24,29,48,39,21,0,8,12,31,13,14,1,16,17,17,26,7
2017_1,통일로12길,243,104,139,0,25,47,80,77,14,0,2,21,35,37,9,0,23,26,45,40,5
2017_1,창신길,255,66,189,0,26,35,51,90,53,0,5,16,16,19,10,0,21,19,35,71,43
2017_1,창신5길,7,3,4,0,0,1,2,2,2,0,0,0,1,1,1,0,0,1,1,1,1
2017_1,창신2길,58,32,26,0,3,10,11,25,9,0,1,8,6,12,5,0,2,2,5,13,4
2017_1,창경궁로35길,1426,405,1021,25,422,363,406,158,52,0,47,109,136,77,36,25,375,254,270,81,16
2017_1,지봉로8길,153,79,74,0,24,33,49,38,9,0,12,17,21,25,4,0,12,16,28,13,5
2017_1,종로65길,599,280,319,6,50,136,153,141,113,1,18,65,65,60,71,5,32,71,88,81,42
2017_1,자하문로7길,473,255,218,0,90,145,132,65,41,0,42,83,70,31,29,0,48,62,62,34,12
2017_1,이화장길,1960,932,1028,5,322,561,539,401,132,2,89,213,282,266,80,3,233,348,257,135,52
2017_1,율곡로16길,96,84,12,0,10,26,27,24,9,0,6,25,26,20,7,0,4,1,1,4,2
2017_1,율곡로10길,2312,1725,587,9,348,749,657,350,199,0,222,571,518,257,157,9,126,178,139,93,42
2017_1,옥인길,472,201,271,0,72,121,134,122,23,0,10,51,72,59,9,0,62,70,62,63,14
2017_1,숭인동길,19,9,10,0,3,0,9,6,1,0,1,0,4,3,1,0,2,0,5,3,0
2017_1,성균관로5길,138,78,60,0,11,7,15,16,89,0,5,3,7,7,56,0,6,4,8,9,33
2017_1,삼청로5길,413,153,260,1,106,110,86,72,38,1,33,40,29,33,17,0,73,70,57,39,21
2017_1,북촌로5나길,1625,1122,503,0,148,539,545,349,44,0,63,355,413,266,25,0,85,184,132,83,19
2017_1,북촌로5길,56,27,29,0,10,15,7,15,9,0,3,10,3,6,5,0,7,5,4,9,4
2017_1,북촌로11길,18,10,8,0,4,5,2,3,4,0,1,2,1,3,3,0,3,3,1,0,1
2017_1,백석동길,119,62,57,1,25,29,24,18,22,0,11,10,13,10,18,1,14,19,11,8,4
2017_1,명륜길,20,12,8,0,5,8,3,3,1,0,4,5,2,0,1,0,1,3,1,3,0
2017_1,돈화문로11가길,1079,571,508,3,162,279,276,200,159,1,41,138,168,117,106,2,121,141,108,83,53
2017_1,계동길,809,345,464,11,183,236,187,138,54,7,50,83,90,77,38,4,133,153,97,61,16
2016_4,강남 마이스 관광특구,22217,12970,9247,134,5751,7804,5500,2395,633,52,1904,4553,4088,1903,470,82,3847,3251,1412,492,163
2016_4,잠실 관광특구,27304,16146,11158,306,5125,7323,6202,5528,2820,134,2659,4730,3706,3173,1744,172,2466,2593,2496,2355,1076
2016_4,종로·청계 관광특구,30331,18443,11888,74,4816,9732,8612,5527,1570,36,1848,5203,6059,4232,1065,38,2968,4529,2553,1295,505
2016_4,동대문패션타운 관광특구,9790,5637,4153,66,2198,3073,2252,1487,714,21,1111,1797,1378,874,456,45,1087,1276,874,613,258
2016_4,명동 남대문 북창동 다동 무교동 관광특구,168933,86535,82398,1131,37192,58529,45091,21083,5907,328,11726,27136,28246,15167,3932,803,25466,31393,16845,5916,1975
2016_4,이태원 관광특구,5707,3283,2424,54,1447,1684,1129,936,457,31,725,1010,605,629,283,23,722,674,524,307,174
2016_4,길동복조리시장,588,376,212,0,41,111,155,147,134,0,22,75,101,84,94,0,19,36,54,63,40
2016_4,둔촌역전통시장,173,93,80,1,16,37,35,57,27,1,8,19,16,30,19,0,8,18,19,27,8
2016_4,성내골목시장,6,2,4,0,0,2,2,1,1,0,0,1,1,0,0,0,0,1,1,1,1
2016_4,천호시장,19,11,8,0,5,5,5,4,0,0,4,4,1,2,0,0,1,1,4,2,0
2016_4,암사종합시장,717,321,396,0,40,72,97,109,399,0,11,36,54,30,190,0,29,36,43,79,209
2016_4,고덕전통시장,370,358,12,0,1,12,42,149,166,0,1,9,36,147,165,0,0,3,6,2,1
2016_4,명일골목시장,453,154,299,0,15,19,81,144,194,0,6,7,16,32,93,0,9,12,65,112,101
2016_4,새마을시장,404,219,185,1,63,103,125,63,49,0,32,67,65,26,29,1,31,36,60,37,20
2016_4,석촌시장,190,125,65,1,23,31,64,40,31,0,15,22,40,22,26,1,8,9,24,18,5
2016_4,방이시장,660,416,244,1,104,203,177,137,38,1,74,168,109,43,21,0,30,35,68,94,17
2016_4,마천시장,249,63,186,1,18,43,67,68,52,0,3,12,18,17,13,1,15,31,49,51,39
2016_4,풍납시장,14,5,9,0,0,6,1,6,1,0,0,2,0,2,1,0,0,4,1,4,0
2016_4,강남개포시장,41,33,8,0,0,3,8,14,16,0,0,1,3,13,16,0,0,2,5,1,0
2016_4,도곡시장,489,215,274,2,65,112,145,109,56,0,17,61,59,44,34,2,48,51,86,65,22
2016_4,영동전통시장,3023,2237,786,13,509,778,920,537,266,5,300,585,772,385,190,8,209,193,148,152,76
2016_4,미성동도깨비시장,432,186,246,4,67,87,145,103,26,2,24,45,62,39,14,2,43,42,83,64,12
2016_4,신신림시장,2,2,0,0,0,0,2,0,0,0,0,0,2,0,0,0,0,0,0,0,0
2016_4,삼성동시장,104,45,59,0,9,22,29,25,19,0,1,12,10,10,12,0,8,10,19,15,7
2016_4,신림중앙시장,12,7,5,0,1,2,4,3,2,0,1,1,3,1,1,0,0,1,1,2,1
2016_4,강남골목시장,293,145,148,1,37,60,73,75,47,0,20,36,30,32,27,1,17,24,43,43,20
2016_4,관악신사시장,293,228,65,4,30,38,55,95,71,4,16,27,41,78,62,0,14,11,14,17,9
2016_4,신원시장,365,153,212,1,49,72,81,88,74,1,17,43,36,32,24,0,32,29,45,56,50
2016_4,인헌시장,257,92,165,0,42,65,66,67,17,0,14,34,23,15,6,0,28,31,43,52,11
2016_4,봉천현대시장,9,4,5,0,1,0,2,1,5,0,0,0,1,1,2,0,1,0,1,0,3
2016_4,봉천제일종합시장,49,24,25,0,1,9,17,12,10,0,0,5,7,5,7,0,1,4,10,7,3
2016_4,낙성대시장,20,11,9,0,2,5,2,6,5,0,1,2,2,4,2,0,1,3,0,2,3
2016_4,중부시장,186,64,122,0,22,39,50,36,39,0,5,13,20,14,12,0,17,26,30,22,27
2016_4,남성역골목시장,512,237,275,0,62,116,140,116,78,0,23,47,71,49,47,0,39,69,69,67,31
2016_4,남성사계시장,1874,821,1053,10,276,370,414,451,353,4,65,180,221,178,173,6,211,190,193,273,180
2016_4,흑석시장,180,71,109,1,20,45,58,32,24,0,4,10,20,15,22,1,16,35,38,17,2
2016_4,상도4동도깨비골목시장,312,76,236,0,72,70,71,69,30,0,15,23,17,11,10,0,57,47,54,58,20
2016_4,영도시장,69,32,37,0,12,14,20,16,7,0,3,8,9,7,5,0,9,6,11,9,2
2016_4,본동인정시장,116,56,60,0,9,32,29,27,19,0,1,15,12,13,15,0,8,17,17,14,4
2016_4,대림중앙시장,29,18,11,0,2,7,8,8,4,0,1,5,5,4,3,0,1,2,3,4,1
2016_4,우리시장,15,7,8,0,1,2,3,8,1,0,0,0,1,5,1,0,1,2,2,3,0
2016_4,영진시장A동,36,29,7,0,1,16,5,9,5,0,1,14,3,7,4,0,0,2,2,2,1
2016_4,사러가시장,24,8,16,0,7,5,10,1,1,0,1,1,5,0,1,0,6,4,5,1,0
2016_4,영등포청과시장,189,121,68,0,19,59,54,42,15,0,7,36,42,29,7,0,12,23,12,13,8
2016_4,영등포전통시장,4030,1988,2042,22,647,1528,1019,535,279,1,197,642,592,369,187,21,450,886,427,166,92
2016_4,은행나무시장,39,8,31,0,3,8,9,11,8,0,0,1,1,4,2,0,3,7,8,7,6
2016_4,현대시장,56,16,40,0,5,13,24,10,4,0,1,6,5,1,3,0,4,7,19,9,1
2016_4,남문시장,288,111,177,1,25,31,91,109,31,0,6,9,33,45,18,1,19,22,58,64,13
2016_4,독산동 우시장,138,55,83,0,11,21,60,31,15,0,5,13,15,14,8,0,6,8,45,17,7
2016_4,개봉중앙시장,7,3,4,0,0,1,2,2,2,0,0,0,1,1,1,0,0,1,1,1,1
2016_4,가리봉시장,18,10,8,0,3,1,6,4,4,0,1,0,4,2,3,0,2,1,2,2,1
2016_4,남구로시장,17,3,14,0,1,0,3,6,7,0,1,0,0,2,0,0,0,0,3,4,7
2016_4,구로시장,47,17,30,0,3,16,17,8,3,0,0,5,6,3,3,0,3,11,11,5,0
2016_4,방신전통시장,128,111,17,0,1,16,18,54,39,0,0,10,14,50,37,0,1,6,4,4,2
2016_4,송화골목시장,500,188,312,4,80,95,155,122,44,1,21,43,60,31,32,3,59,52,95,91,12
2016_4,까치산시장,35,24,11,0,3,9,18,5,0,0,1,7,13,3,0,0,2,2,5,2,0
2016_4,남부골목시장,200,87,113,0,31,46,66,43,14,0,8,19,31,21,8,0,23,27,35,22,6
2016_4,화곡중앙골목시장,2,2,0,0,0,1,0,0,1,0,0,1,0,0,1,0,0,0,0,0,0
2016_4,등마루시장,814,464,350,69,249,142,130,118,106,56,163,89,73,46,37,13,86,53,57,72,69
2016_4,신정3동골목시장,211,103,108,1,29,41,47,53,40,0,5,20,20,34,24,1,24,21,27,19,16
2016_4,신정2동골목시장,9,6,3,0,0,2,4,2,1,0,0,0,4,1,1,0,0,2,0,1,0
2016_4,신월6동골목시장,237,110,127,2,41,47,74,39,34,1,13,26,35,12,23,1,28,21,39,27,11
2016_4,신곡종합시장,12,9,3,0,0,0,4,4,4,0,0,0,3,2,4,0,0,0,1,2,0
2016_4,신월3동골목시장,52,15,37,0,6,12,18,15,1,0,1,7,3,4,0,0,5,5,15,11,1
2016_4,경창시장,185,81,104,0,10,26,53,55,41,0,5,16,29,21,10,0,5,10,24,34,31
2016_4,월정로시장,113,67,46,1,7,21,32,34,18,0,6,13,19,16,13,1,1,8,13,18,5
2016_4,신영시장,50,24,26,0,1,14,23,10,2,0,0,9,9,4,2,0,1,5,14,6,0
2016_4,목4동시장,235,81,154,0,30,45,79,62,19,0,8,19,18,25,11,0,22,26,61,37,8
2016_4,목3동시장,714,346,368,2,98,165,218,157,74,0,36,81,115,73,41,2,62,84,103,84,33
2016_4,목2동시장,239,109,130,0,37,58,74,54,16,0,7,29,42,22,9,0,30,29,32,32,7
2016_4,마포농수산물시장,504,309,195,0,24,55,130,190,105,0,14,33,86,107,69,0,10,22,44,83,36
2016_4,망원월드컵시장,13,9,4,0,0,1,5,3,4,0,0,1,3,3,2,0,0,0,2,0,2
2016_4,망원시장,34,18,16,0,4,4,6,17,3,0,3,3,3,7,2,0,1,1,3,10,1
2016_4,신수시장,116,84,32,1,10,37,36,21,11,0,3,26,26,19,10,1,7,11,10,2,1
2016_4,아현시장,22,3,19,0,2,10,5,5,0,0,0,2,0,1,0,0,2,8,5,4,0
2016_4,대림골목시장,300,98,202,0,37,62,103,69,29,0,11,22,32,16,17,0,26,40,71,53,12
2016_4,상계중앙시장,26,11,15,0,8,5,4,7,2,0,5,2,1,3,0,0,3,3,3,4,2
2016_4,방학동도깨비시장,150,57,93,0,22,35,41,25,27,0,13,16,17,5,6,0,9,19,24,20,21
2016_4,쌍문역골목시장,70,33,37,0,11,14,24,11,10,0,4,7,11,5,6,0,7,7,13,6,4
2016_4,신도봉시장,24,15,9,0,0,7,7,8,2,0,0,4,6,4,1,0,0,3,1,4,1
2016_4,창동신창시장,152,65,87,1,23,19,45,36,28,0,3,8,19,18,17,1,20,11,26,18,11
2016_4,수유북부시장,12,4,8,0,1,3,1,4,3,0,0,3,0,1,0,0,1,0,1,3,3
2016_4,장미원골목시장,74,44,30,0,13,15,24,14,8,0,5,10,12,12,5,0,8,5,12,2,3
2016_4,수유중앙시장,136,74,62,1,23,36,33,25,18,0,12,21,20,11,10,1,11,15,13,14,8
2016_4,강북종합시장,75,30,45,0,12,13,30,12,8,0,3,6,11,5,5,0,9,7,19,7,3
2016_4,우이시장,146,57,89,0,14,33,44,40,15,0,4,15,15,12,11,0,10,18,29,28,4
2016_4,수유전통시장,448,135,313,1,45,69,88,143,102,1,7,16,26,39,46,0,38,53,62,104,56
2016_4,번동북부골목시장,80,45,35,1,10,16,29,13,11,1,4,8,17,9,6,0,6,8,12,4,5
2016_4,솔샘시장,105,40,65,1,13,32,32,22,5,1,2,15,12,7,3,0,11,17,20,15,2
2016_4,방천골목시장,78,25,53,0,17,17,18,19,7,0,1,4,5,9,6,0,16,13,13,10,1
2016_4,석관황금시장,53,17,36,0,1,6,18,11,17,0,0,0,7,4,6,0,1,6,11,7,11
2016_4,장위전통시장,181,66,115,0,13,53,58,35,22,0,3,20,16,11,16,0,10,33,42,24,6
2016_4,정릉시장,36,15,21,0,10,5,13,3,5,0,5,3,3,1,3,0,5,2,10,2,2
2016_4,정릉아리랑시장,2,1,1,0,0,0,0,2,0,0,0,0,0,1,0,0,0,0,0,1,0
2016_4,돈암제일시장,59,24,35,1,11,13,16,9,9,0,3,5,5,5,6,1,8,8,11,4,3
2016_4,우림골목시장,214,101,113,0,19,25,51,62,57,0,2,9,26,28,36,0,17,16,25,34,21
2016_4,묵1동도깨비시장,285,131,154,0,42,57,72,95,19,0,16,35,32,40,8,0,26,22,40,55,11
2016_4,태능시장,4,3,1,0,1,2,1,0,0,0,0,2,1,0,0,0,1,0,0,0,0
2016_4,중화제일시장,24,1,23,0,7,1,8,7,1,0,0,0,0,1,0,0,7,1,8,6,1
2016_4,사가정시장,245,185,60,0,17,24,51,83,70,0,2,9,37,74,63,0,15,15,14,9,7
2016_4,동원시장,80,33,47,0,14,15,25,22,4,0,3,6,10,11,3,0,11,9,15,11,1
2016_4,동부골목시장,92,31,61,1,20,20,15,20,16,1,1,4,3,9,13,0,19,16,12,11,3
2016_4,회기시장,127,57,70,0,25,31,36,21,14,0,8,13,22,5,9,0,17,18,14,16,5
2016_4,답십리시장,29,10,19,0,2,9,9,9,0,0,1,2,5,2,0,0,1,7,4,7,0
2016_4,답십리현대시장,89,75,14,0,13,22,27,16,11,0,11,22,19,12,11,0,2,0,8,4,0
2016_4,청량리종합시장,7,5,2,0,0,2,0,1,4,0,0,1,0,0,4,0,0,1,0,1,0
2016_4,청량리농수산물시장,20,16,4,0,0,5,4,7,4,0,0,5,3,5,3,0,0,0,1,2,1
2016_4,서울약령시장,1356,814,542,3,129,240,364,401,219,1,59,134,223,248,149,2,70,106,141,153,70
2016_4,청량리수산시장,233,117,116,6,44,64,47,39,33,1,13,31,27,19,26,5,31,33,20,20,7
2016_4,구의시장,97,60,37,0,14,17,25,33,8,0,4,14,14,22,6,0,10,3,11,11,2
2016_4,조양시장,91,49,42,0,9,17,28,23,14,0,4,7,14,12,12,0,5,10,14,11,2
2016_4,영동교골목시장,14,10,4,1,1,4,4,3,1,0,1,4,3,2,0,1,0,0,1,1,1
2016_4,능동로골목시장,269,239,30,0,6,10,12,23,218,0,3,6,4,13,213,0,3,4,8,10,5
2016_4,자양골목시장,94,47,47,1,10,8,32,32,11,0,3,4,17,17,6,1,7,4,15,15,5
2016_4,중곡제일시장,140,77,63,0,16,24,43,37,20,0,7,15,19,21,15,0,9,9,24,16,5
2016_4,한아름시장,133,71,62,2,36,28,31,30,6,0,22,19,17,11,2,2,14,9,14,19,4
2016_4,성동용답상가시장,296,156,140,4,39,76,76,63,38,3,14,39,37,35,28,1,25,37,39,28,10
2016_4,뚝도시장,31,11,20,0,3,6,7,12,3,0,1,2,2,5,1,0,2,4,5,7,2
2016_4,금남시장,26,14,12,0,2,5,2,7,10,0,1,4,1,2,6,0,1,1,1,5,4
2016_4,행당시장,237,115,122,3,50,58,70,43,13,0,11,29,42,23,10,3,39,29,28,20,3
2016_4,마장축산물시장,1520,1001,519,3,194,415,415,323,170,2,120,290,276,201,112,1,74,125,139,122,58
2016_4,용문전통시장,40,23,17,0,2,11,10,13,4,0,1,6,6,7,3,0,1,5,4,6,1
2016_4,후암시장,51,19,32,0,2,8,14,19,8,0,0,5,5,5,4,0,2,3,9,14,4
2016_4,합동(새벽)시장,2330,1295,1035,2,354,711,610,372,281,0,107,289,353,288,258,2,247,422,257,84,23
2016_4,서울중앙시장,238,166,72,1,23,70,58,65,21,1,10,51,39,50,15,0,13,19,19,15,6
2016_4,백학시장,454,236,218,4,78,137,113,92,30,0,34,81,59,43,19,4,44,56,54,49,11
2016_4,약수시장,1689,679,1010,10,288,409,419,311,252,1,73,160,176,133,136,9,215,249,243,178,116
2016_4,청평화시장,2995,1890,1105,9,730,1165,792,226,73,2,463,724,541,117,43,7,267,441,251,109,30
2016_4,제일평화시장,515,315,200,0,99,159,94,96,67,0,49,98,60,58,50,0,50,61,34,38,17
2016_4,남평화시장,198,123,75,0,27,36,38,79,18,0,13,21,26,48,15,0,14,15,12,31,3
2016_4,방산종합시장,1825,1178,647,5,169,420,499,479,253,3,97,297,287,309,185,2,72,123,212,170,68
2016_4,인현시장,1175,746,429,3,92,212,345,353,170,1,40,118,212,248,127,2,52,94,133,105,43
2016_4,신중부시장,2452,1643,809,5,207,527,747,595,371,3,104,374,480,412,270,2,103,153,267,183,101
2016_4,남대문시장,7087,3729,3358,65,1251,2794,1754,818,405,8,438,1426,1027,538,292,57,813,1368,727,280,113
2016_4,동묘시장,931,596,335,1,135,207,255,214,119,0,58,132,172,148,86,1,77,75,83,66,33
2016_4,창신골목시장,232,122,110,1,18,114,47,42,10,0,4,52,31,27,8,1,14,62,16,15,2
2016_4,충신시장,340,206,134,2,66,94,80,66,32,1,29,57,46,46,27,1,37,37,34,20,5
2016_4,종로신진시장,28,11,17,0,0,1,8,8,11,0,0,0,2,2,7,0,0,1,6,6,4
2016_4,동대문종합시장,344,186,158,0,83,79,85,64,33,0,39,40,51,37,19,0,44,39,34,27,14
2016_4,광장시장,199,142,57,0,24,33,34,69,39,0,13,23,28,46,32,0,11,10,6,23,7
2016_4,서울 노원구 노원역_3,789,318,471,19,252,126,163,152,77,4,100,61,64,50,39,15,152,65,99,102,38
2016_4,서울 노원구 노원역_1,954,308,646,13,302,256,192,132,59,3,55,87,84,53,26,10,247,169,108,79,33
2016_4,창동역,2418,1549,869,6,294,460,672,655,331,2,125,265,446,473,238,4,169,195,226,182,93
2016_4,서울 강북구 수유역_3,64,31,33,3,6,12,17,21,5,2,1,8,7,10,3,1,5,4,10,11,2
2016_4,서울 강북구 수유역_2,4155,2143,2012,12,473,942,958,1061,709,7,160,426,490,662,398,5,313,516,468,399,311
2016_4,서울 강북구 수유역_1,109,86,23,0,13,28,35,16,17,0,7,25,26,12,16,0,6,3,9,4,1
2016_4,서울 은평구 연신내역_3,634,192,442,3,145,141,155,119,71,0,27,43,52,45,25,3,118,98,103,74,46
2016_4,서울 은평구 연신내역_2,444,178,266,10,100,104,99,78,53,2,42,48,38,23,25,8,58,56,61,55,28
2016_4,서울 은평구 연신내역_1,89,38,51,1,25,17,17,21,8,0,7,9,9,8,5,1,18,8,8,13,3
2016_4,서울 성북구 미아삼거리역_2,522,230,292,1,104,127,153,105,32,0,22,59,73,55,21,1,82,68,80,50,11
2016_4,서울 강북구 미아삼거리역_1,526,185,341,2,139,136,110,78,61,2,28,46,48,28,33,0,111,90,62,50,28
2016_4,서울 은평구 불광역_3,55,20,35,0,7,19,11,15,3,0,2,6,3,8,1,0,5,13,8,7,2
2016_4,서울 은평구 불광역_2,72,28,44,0,7,18,19,22,6,0,0,6,7,11,4,0,7,12,12,11,2
2016_4,서울 은평구 불광역_1,253,102,151,0,34,57,65,54,43,0,11,17,31,21,22,0,23,40,34,33,21
2016_4,미아사거리_2,99,22,77,0,25,23,23,24,4,0,4,7,6,4,1,0,21,16,17,20,3
2016_4,미아사거리_1,559,251,308,8,110,108,142,131,60,6,58,50,53,53,31,2,52,58,89,78,29
2016_4,서울 성북구 성신여대입구역,4901,2999,1902,33,599,1076,1294,1337,562,19,234,490,775,1048,433,14,365,586,519,289,129
2016_4,경희대학교,377,169,208,10,72,101,82,79,33,3,35,55,41,26,9,7,37,46,41,53,24
2016_4,서울 성북구 안암역,98,58,40,0,20,32,27,10,9,0,13,21,16,4,4,0,7,11,11,6,5
2016_4,혜화역 대학로_3,1703,823,880,4,289,469,426,348,167,1,112,208,213,186,103,3,177,261,213,162,64
2016_4,혜화역 대학로_2,1367,786,581,0,64,455,470,326,52,0,23,179,265,279,40,0,41,276,205,47,12
2016_4,혜화역 대학로_1,1307,657,650,27,290,364,282,226,118,9,129,195,149,104,71,18,161,169,133,122,47
2016_4,디지털미디어시티,22582,13467,9115,274,7582,7691,5115,1630,290,98,3050,4798,4008,1313,200,176,4532,2893,1107,317,90
2016_4,서울 동대문구 청량리역,3236,2064,1172,29,613,748,804,597,445,15,397,503,522,341,286,14,216,245,282,256,159
2016_4,서울 종로구 안국역_2,736,290,446,11,178,222,181,96,48,4,35,102,78,41,30,7,143,120,103,55,18
2016_4,서울 종로구 안국역_1,11654,9505,2149,21,1405,4339,3556,1844,489,18,960,3443,3061,1616,407,3,445,896,495,228,82
2016_4,서울 종로구 경복궁역_1,227,89,138,0,44,55,50,50,28,0,12,27,21,16,13,0,32,28,29,34,15
2016_4,서울 종로구 종로3가역_3,3218,1728,1490,18,540,843,869,612,336,4,167,455,493,377,232,14,373,388,376,235,104
2016_4,서울 종로구 종로3가역_2,1846,1006,840,14,316,415,417,330,354,9,119,226,240,190,222,5,197,189,177,140,132
2016_4,서울 동대문구 신설동역_2,4363,2173,2190,39,504,610,748,1216,1246,10,141,326,401,542,753,29,363,284,347,674,493
2016_4,인사동,21106,13041,8065,132,4259,7136,5123,2944,1512,38,1520,4433,3927,2200,923,94,2739,2703,1196,744,589
2016_4,서울 종로구 종로5가역_4,683,368,315,0,98,168,195,135,87,0,27,92,110,75,64,0,71,76,85,60,23
2016_4,서울 종로구 종로5가역_3,5230,3538,1692,19,777,1406,1444,1075,509,6,452,958,961,782,379,13,325,448,483,293,130
2016_4,종로구청,15806,9092,6714,9,1995,5677,4642,2645,838,1,715,2900,3100,1821,555,8,1280,2777,1542,824,283
2016_4,서울 종로구 종로5가역_2,18935,12659,6276,559,3502,6693,4954,2556,671,168,1577,4473,3868,2092,481,391,1925,2220,1086,464,190
2016_4,신설동역,753,444,309,9,136,190,170,147,101,0,49,120,107,88,80,9,87,70,63,59,21
2016_4,서울 동대문구 신설동역_1,2,2,0,0,0,0,1,0,1,0,0,0,1,0,1,0,0,0,0,0,0
2016_4,서울 종로구 광화문역_2,52781,32166,20615,141,7828,17364,15988,8330,3130,23,2898,10050,11410,5830,1955,118,4930,7314,4578,2500,1175
2016_4,동묘앞역,62,40,22,0,1,14,16,20,11,0,1,8,12,13,6,0,0,6,4,7,5
2016_4,장안동사거리,535,260,275,6,88,110,136,133,62,2,32,63,65,63,35,4,56,47,71,70,27
2016_4,서울 종로구 동대문역_2,1053,553,500,2,206,295,243,179,128,0,66,160,143,95,89,2,140,135,100,84,39
2016_4,동대문시장_2,485,305,180,0,40,109,112,132,92,0,26,68,71,71,69,0,14,41,41,61,23
2016_4,서울 종로구 종로5가역_1,55,40,15,0,7,6,15,20,7,0,2,4,13,17,4,0,5,2,2,3,3
2016_4,서울 종로구 종로3가역_1,3445,1488,1957,23,867,1057,725,481,292,12,281,430,341,242,182,11,586,627,384,239,110
2016_4,서울 종로구 광화문역_1,2295,1489,806,5,479,863,543,279,126,4,169,578,429,237,72,1,310,285,114,42,54
2016_4,종각역,20605,13388,7217,23,2971,7034,6477,3731,369,9,1166,3777,4857,3297,282,14,1805,3257,1620,434,87
2016_4,종각역 젊음의 거리,2111,935,1176,19,427,620,389,367,289,10,144,334,195,115,137,9,283,286,194,252,152
2016_4,서대문구 서대문역_1,355,244,111,1,35,78,110,72,59,0,20,59,77,44,44,1,15,19,33,28,15
2016_4,동대문시장_1,413,222,191,1,40,118,109,97,48,0,14,67,56,52,33,1,26,51,53,45,15
2016_4,시청역_2,22170,14245,7925,88,4108,7007,6618,3408,941,37,1631,4318,4950,2591,718,51,2477,2689,1668,817,223
2016_4,서울시청,23470,11511,11959,145,4957,7737,6662,3013,956,52,1643,3491,3761,1954,610,93,3314,4246,2901,1059,346
2016_4,서울 중구 을지로3가역_2,7984,5201,2783,12,1178,2141,2054,1540,1059,6,474,1319,1558,1052,792,6,704,822,496,488,267
2016_4,서울 중구 신당역_2,1365,677,688,41,609,357,185,108,65,14,268,190,107,51,47,27,341,167,78,57,18
2016_4,서대문구 서대문역_2,2006,1366,640,4,410,776,501,223,92,1,238,584,356,131,56,3,172,192,145,92,36
2016_4,동대문역사문화공원역,3918,2758,1160,12,568,1147,1209,709,273,5,363,861,875,478,176,7,205,286,334,231,97
2016_4,서울 중구 을지로3가역_1,14332,9607,4725,57,2214,4237,4051,2529,1244,22,1051,2764,2961,1889,920,35,1163,1473,1090,640,324
2016_4,명동거리,25479,11847,13632,124,3812,9697,7597,3514,735,38,1237,3212,4269,2579,512,86,2575,6485,3328,935,223
2016_4,롯데백화점,40328,22703,17625,436,6895,13877,12359,5404,1357,135,2388,6692,8179,4305,1004,301,4507,7185,4180,1099,353
2016_4,서울 중구 신당역_1,1042,671,371,5,157,215,293,245,127,0,42,136,213,180,100,5,115,79,80,65,27
2016_4,북창동,7810,4733,3077,36,1465,2084,1845,1682,698,4,574,1310,1270,1072,503,32,891,774,575,610,195
2016_4,서울 중구 충무로역_2,14143,6245,7898,97,2207,4034,4681,2176,948,29,642,1985,2071,935,583,68,1565,2049,2610,1241,365
2016_4,서울 강서구 송정역,763,512,251,2,64,154,193,170,180,0,31,113,135,104,129,2,33,41,58,66,51
2016_4,장한평역_2,11959,9580,2379,73,1196,2254,5323,2477,636,34,732,1785,4560,1995,474,39,464,469,763,482,162
2016_4,시청역_1,55429,33447,21982,192,9329,20850,17708,6504,846,30,3908,11658,12075,5186,590,162,5421,9192,5633,1318,256
2016_4,왕십리역_2,655,281,374,9,135,139,153,136,83,7,38,73,60,62,41,2,97,66,93,74,42
2016_4,서울 강서구 발산역,792,471,321,6,159,247,185,126,69,1,60,143,128,90,49,5,99,104,57,36,20
2016_4,장한평역_1,2400,1569,831,10,189,445,439,433,884,3,73,246,308,290,649,7,116,199,131,143,235
2016_4,서울 중구 충무로역_1,3168,2226,942,77,603,1038,829,487,134,56,439,807,606,228,90,21,164,231,223,259,44
2016_4,장한평역,2188,1538,650,11,167,426,732,580,272,7,76,269,544,441,201,4,91,157,188,139,71
2016_4,서울 중구 명동역,3694,1878,1816,5,765,1773,818,232,101,1,239,870,541,154,73,4,526,903,277,78,28
2016_4,장충동 족발거리,198,93,105,0,43,52,43,32,28,0,16,29,27,11,10,0,27,23,16,21,18
2016_4,한양시장,277,140,137,2,54,69,60,58,34,2,25,40,27,28,18,0,29,29,33,30,16
2016_4,서울 서대문구 이대역,1275,511,764,24,311,298,292,214,136,7,79,124,131,90,80,17,232,174,161,124,56
2016_4,서울 서대문구 신촌역,3003,1231,1772,32,812,731,614,481,333,13,228,347,311,186,146,19,584,384,303,295,187
2016_4,서울 마포구 홍대입구역_3,411,272,139,1,72,138,127,48,25,0,31,91,90,37,23,1,41,47,37,11,2
2016_4,서울 마포구 홍대입구역_2,3152,1229,1923,28,1412,913,453,219,127,4,308,403,257,158,99,24,1104,510,196,61,28
2016_4,홍익대학교 주변,15066,7581,7485,109,3832,5128,3189,1664,1144,55,1535,2577,1761,886,767,54,2297,2551,1428,778,377
2016_4,서울 광진구 군자역,181,106,75,3,28,54,55,29,12,1,12,37,36,16,4,2,16,17,19,13,8
2016_4,신촌역,236,116,120,0,46,75,48,42,25,0,16,37,29,19,15,0,30,38,19,23,10
2016_4,강서구청,3455,2273,1182,24,563,894,901,675,398,10,303,621,629,444,266,14,260,273,272,231,132
2016_4,서울 마포구 홍대입구역_1,821,462,359,6,250,267,189,72,37,0,121,145,117,52,27,6,129,122,72,20,10
2016_4,서울 강동구 고덕역,490,268,222,3,56,102,114,135,80,1,18,56,60,77,56,2,38,46,54,58,24
2016_4,서울 강동구 명일역,856,356,500,7,154,188,220,172,115,4,45,72,87,74,74,3,109,116,133,98,41
2016_4,어린이대공원역,97,61,36,0,16,29,27,18,7,0,6,19,20,11,5,0,10,10,7,7,2
2016_4,서울 마포구 공덕역_2,4124,2406,1718,21,645,1158,1209,866,225,6,242,695,806,535,122,15,403,463,403,331,103
2016_4,공덕역,7228,4383,2845,54,1605,2327,1972,1132,138,13,641,1204,1441,968,116,41,964,1123,531,164,22
2016_4,서울 용산구 숙대입구역,4416,3093,1323,66,1050,1620,1074,484,122,2,522,1281,886,324,78,64,528,339,188,160,44
2016_4,남영역,14242,6249,7993,906,4873,3961,2988,1330,184,392,2117,2027,1241,360,112,514,2756,1934,1747,970,72
2016_4,서울 마포구 공덕역_1,4647,2279,2368,51,1177,1370,1180,678,191,25,483,791,581,269,130,26,694,579,599,409,61
2016_4,서울 마포구 마포역_2,1240,701,539,8,231,358,368,191,84,5,108,221,227,87,53,3,123,137,141,104,31
2016_4,서울 광진구 건대입구역_2,2838,993,1845,11,916,1044,457,231,179,3,199,376,206,86,123,8,717,668,251,145,56
2016_4,서울 마포구 마포역_1,11532,6888,4644,58,2008,2857,2518,2470,1621,20,770,1823,1752,1436,1087,38,1238,1034,766,1034,534
2016_4,서울 강동구 천호역_2,3826,1909,1917,23,685,866,851,668,733,9,275,456,414,284,471,14,410,410,437,384,262
2016_4,서울 광진구 건대입구역_1,944,457,487,5,228,200,237,143,131,0,87,100,116,76,78,5,141,100,121,67,53
2016_4,건대입구역,722,386,336,10,179,230,146,99,58,4,83,131,73,52,43,6,96,99,73,47,15
2016_4,서울 광진구 구의역,865,529,336,1,90,224,236,163,151,0,25,123,153,108,120,1,65,101,83,55,31
2016_4,서울 강동구 천호역,1029,496,533,8,193,232,220,195,181,0,48,104,128,96,120,8,145,128,92,99,61
2016_4,당산역_2,5271,3295,1976,17,595,735,827,1187,1910,12,444,580,510,607,1142,5,151,155,317,580,768
2016_4,서울 강동구 길동역,1208,696,512,2,158,294,344,252,158,0,57,165,230,139,105,2,101,129,114,113,53
2016_4,용산 전자상가_5,2380,1741,639,31,389,978,667,227,88,22,261,748,494,155,61,9,128,230,173,72,27
2016_4,당산역_1,1102,696,406,4,185,330,278,179,126,2,77,219,176,120,102,2,108,111,102,59,24
2016_4,서울 광진구 강변역,2126,1743,383,11,130,443,655,499,388,5,78,326,583,438,313,6,52,117,72,61,75
2016_4,용산 전자상가_3,2451,1760,691,33,336,831,719,342,190,24,197,612,519,264,144,9,139,219,200,78,46
2016_4,서울 용산구 이태원역,642,389,253,11,233,170,107,70,51,4,145,118,59,37,26,7,88,52,48,33,25
2016_4,한남오거리,664,339,325,3,115,155,136,148,107,0,37,88,69,72,73,3,78,67,67,76,34
2016_4,용산 전자상가_2,470,378,92,4,50,179,163,59,15,4,39,151,128,45,11,0,11,28,35,14,4
2016_4,용산구청,99,68,31,0,44,41,8,5,1,0,28,30,6,3,1,0,16,11,2,2,0
2016_4,용산 전자상가_1,8011,6075,1936,53,1310,2678,2428,1206,336,29,734,2024,2022,1029,237,24,576,654,406,177,99
2016_4,국회의사당역_2,40592,24030,16562,1310,9675,13261,9439,5369,1538,588,3823,7809,6958,3851,1001,722,5852,5452,2481,1518,537
2016_4,서울 용산구 신용산역,458,209,249,0,58,91,110,120,79,0,25,53,45,50,36,0,33,38,65,70,43
2016_4,국회의사당역_1,5643,4377,1266,0,370,1285,1960,1920,108,0,172,810,1686,1607,102,0,198,475,274,313,6
2016_4,압구정 로데오거리_2,15549,6626,8923,189,5595,5617,2536,1019,593,41,1697,2665,1342,549,332,148,3898,2952,1194,470,261
2016_4,서울 강남구 압구정역,10779,4899,5880,553,3227,2850,1717,1378,1054,246,1150,1388,980,635,500,307,2077,1462,737,743,554
2016_4,서울 영등포구 영등포구청역,3655,1134,2521,20,1127,1475,721,249,63,0,190,506,261,124,53,20,937,969,460,125,10
2016_4,압구정 로데오거리_1,7361,2408,4953,58,2889,2683,1094,394,243,14,681,881,503,192,137,44,2208,1802,591,202,106
2016_4,서울 강동구 둔촌동역,53,15,38,0,6,13,18,10,6,0,1,5,4,4,1,0,5,8,14,6,5
2016_4,오목교역,206,88,118,0,24,35,66,51,30,0,8,19,27,18,16,0,16,16,39,33,14
2016_4,신사동 가로수길,21404,10157,11247,130,6477,6983,4304,2286,1224,37,1781,3647,2596,1280,816,93,4696,3336,1708,1006,408
2016_4,서울 영등포구 여의도역_2,48066,31797,16269,164,7497,17744,15062,5983,1616,24,3127,10893,11787,5101,865,140,4370,6851,3275,882,751
2016_4,청담사거리_3,1456,503,953,4,604,515,201,85,47,0,133,191,106,40,33,4,471,324,95,45,14
2016_4,영등포유통상가,2068,1285,783,8,276,446,411,469,458,4,111,266,267,289,348,4,165,180,144,180,110
2016_4,청담역_2,1310,946,364,15,257,427,284,140,187,1,117,339,229,104,156,14,140,88,55,36,31
2016_4,청담역_1,187,146,41,0,27,67,62,21,10,0,17,50,55,16,8,0,10,17,7,5,2
2016_4,청담사거리_2,987,736,251,4,200,350,345,67,21,1,103,273,298,47,14,3,97,77,47,20,7
2016_4,서울 영등포구 여의도역_1,53560,31778,21782,268,7655,15358,17088,10561,2630,61,3126,6741,11059,8917,1874,207,4529,8617,6029,1644,756
2016_4,학동사거리_2,3104,1807,1297,8,683,919,648,575,271,5,226,487,435,434,220,3,457,432,213,141,51
2016_4,서울 영등포구 영등포시장역,328,254,74,0,29,63,88,86,62,0,18,51,60,73,52,0,11,12,28,13,10
2016_4,학동사거리_1,4086,2051,2035,26,1078,1348,765,556,313,11,272,666,465,390,247,15,806,682,300,166,66
2016_4,여의도 시범아파트앞,2243,1442,801,5,321,561,619,476,261,3,146,354,423,337,179,2,175,207,196,139,82
2016_4,영등포역_3,815,480,335,2,150,230,191,169,73,0,39,150,119,124,48,2,111,80,72,45,25
2016_4,도산공원사거리_1,9677,5729,3948,40,2213,3321,2365,1240,498,18,849,2067,1600,843,352,22,1364,1254,765,397,146
2016_4,영등포역_2,1152,629,523,5,169,181,246,316,235,4,77,99,134,155,160,1,92,82,112,161,75
2016_4,문래동 주민센터,76,65,11,1,4,9,26,21,15,1,4,7,21,17,15,0,0,2,5,4,0
2016_4,강남구 신사역_2,8379,5347,3032,49,1852,3351,1993,745,389,8,764,2211,1528,556,280,41,1088,1140,465,189,109
2016_4,서울 강남구 강남구청역_2,4618,2953,1665,92,1875,1309,896,353,93,45,1022,854,713,258,61,47,853,455,183,95,32
2016_4,강남구 신사역_1,2574,1128,1446,7,737,1006,526,186,112,3,153,438,347,114,73,4,584,568,179,72,39
2016_4,서울 동작구 노량진1동_1,31,19,12,0,3,2,12,9,5,0,1,1,9,5,3,0,2,1,3,4,2
2016_4,서울 강남구 학동역_3,9202,5236,3966,28,2018,3159,2090,1225,682,5,651,1857,1466,798,459,23,1367,1302,624,427,223
2016_4,서울 강남구 강남구청역_1,3057,1910,1147,8,538,857,824,594,236,5,221,527,564,422,171,3,317,330,260,172,65
2016_4,잠실역,5718,4339,1379,18,786,1997,1753,827,337,1,372,1546,1501,654,265,17,414,451,252,173,72
2016_4,강남구 논현역_4,7327,3722,3605,42,1755,2279,1781,944,526,14,528,1237,1094,517,332,28,1227,1042,687,427,194
2016_4,학동역,1409,575,834,13,480,491,287,96,42,3,101,223,158,67,23,10,379,268,129,29,19
2016_4,방이동 먹자골목,4916,3118,1798,15,589,1342,1437,1029,504,3,269,861,1014,613,358,12,320,481,423,416,146
2016_4,서울 강남구 학동역_2,5486,2854,2632,28,1177,1691,1080,596,914,11,350,817,617,390,669,17,827,874,463,206,245
2016_4,서울 동작구 노량진역,3618,2085,1533,13,436,1007,1006,913,243,10,165,458,599,669,184,3,271,549,407,244,59
2016_4,삼성역_3,8659,5031,3628,41,1771,3320,2301,972,254,12,557,1856,1644,794,168,29,1214,1464,657,178,86
2016_4,코엑스,22217,12970,9247,134,5751,7804,5500,2395,633,52,1904,4553,4088,1903,470,82,3847,3251,1412,492,163
2016_4,서울 강남구 학동역_1,5071,3253,1818,23,1158,1561,1114,672,543,16,571,1048,787,442,389,7,587,513,327,230,154
2016_4,선정릉역_2,6768,4248,2520,39,1572,2278,1579,868,432,7,586,1418,1194,690,353,32,986,860,385,178,79
2016_4,강남구 논현역_3,1498,853,645,4,283,547,315,251,98,1,123,359,188,122,60,3,160,188,127,129,38
2016_4,포스코사거리_2,7170,4626,2544,24,1410,3171,1697,614,254,11,568,2113,1303,445,186,13,842,1058,394,169,68
2016_4,포스코사거리_1,49794,33323,16471,144,11507,19310,13215,4536,1082,39,6164,13485,9830,3143,662,105,5343,5825,3385,1393,420
2016_4,잠실역 롯데월드,3312,1662,1650,203,1469,608,542,406,84,75,660,340,297,269,21,128,809,268,245,137,63
2016_4,신도림역,3445,1913,1532,9,718,1269,959,418,72,2,284,714,567,285,61,7,434,555,392,133,11
2016_4,강남구 논현역_2,8038,3913,4125,62,2465,2686,1521,837,467,21,775,1507,996,395,219,41,1690,1179,525,442,248
2016_4,선정릉역_1,1734,1219,515,15,397,631,362,168,161,10,209,445,286,130,139,5,188,186,76,38,22
2016_4,신천역,6159,3308,2851,31,1256,1468,1458,1021,925,11,489,799,763,567,679,20,767,669,695,454,246
2016_4,강남구 논현역_1,3678,2102,1576,15,722,1378,941,413,209,6,293,787,597,264,155,9,429,591,344,149,54
2016_4,삼성역_2,17789,10599,7190,228,5037,6390,3742,1966,426,129,2136,4102,2655,1269,308,99,2901,2288,1087,697,118
2016_4,삼정역_2,2864,1305,1559,3,790,981,481,339,270,0,193,451,286,212,163,3,597,530,195,127,107
2016_4,삼정역_1,2888,1567,1321,5,613,995,638,321,316,1,158,546,439,198,225,4,455,449,199,123,91
2016_4,삼성역_1,30235,20031,10204,153,4826,8641,7531,5229,3855,78,2219,6006,5846,3445,2437,75,2607,2635,1685,1784,1418
2016_4,서울 강남구 선릉역_2,7549,4891,2658,52,1327,2244,1907,1233,786,22,596,1530,1448,819,476,30,731,714,459,414,310
2016_4,고속터미널역,15664,4734,10930,28,5053,5266,3430,1556,331,11,792,1664,1291,768,208,17,4261,3602,2139,788,123
2016_4,서울 서초구 강남역,34665,19651,15014,180,8835,11538,7421,4279,2412,99,3490,6923,4815,2718,1606,81,5345,4615,2606,1561,806
2016_4,서울 강남구 선릉역_1,19335,8122,11213,196,6972,4933,3421,2534,1279,98,2459,2689,1424,807,645,98,4513,2244,1997,1727,634
2016_4,선릉역_2,20206,10619,9587,103,5723,6273,4397,2388,1322,41,1983,3619,2770,1338,868,62,3740,2654,1627,1050,454
2016_4,서울 강남구 역삼역_2,26179,20575,5604,125,5835,9068,7247,3536,368,91,3514,6957,6431,3302,280,34,2321,2111,816,234,88
2016_4,서울 송파구 석촌역_1,39,28,11,1,2,9,16,10,1,0,1,8,10,8,1,1,1,1,6,2,0
2016_4,서울 강남구 강남역_2,5718,3389,2329,55,1387,1951,1266,754,305,28,505,1142,937,582,195,27,882,809,329,172,110
2016_4,선릉역_1,53672,28879,24793,317,11028,15463,15184,9368,2312,191,6686,10531,6464,3402,1605,126,4342,4932,8720,5966,707
2016_4,구로역,161,96,65,0,12,10,30,23,86,0,0,5,11,13,67,0,12,5,19,10,19
2016_4,역삼역_2,4289,2416,1873,31,992,1454,1199,495,118,8,313,970,753,296,76,23,679,484,446,199,42
2016_4,대림역_2,6960,5243,1717,21,1213,1984,1502,1278,962,18,920,1739,1202,782,582,3,293,245,300,496,380
2016_4,서울 강남구 역삼역_1,26619,16617,10002,239,5751,9908,6433,2931,1357,92,2553,6527,4536,1936,973,147,3198,3381,1897,995,384
2016_4,신대방삼거리역,295,133,162,0,27,52,71,60,85,0,5,27,38,23,40,0,22,25,33,37,45
2016_4,서울 강남구 한티역,1079,407,672,17,230,260,286,184,102,2,61,99,117,72,56,15,169,161,169,112,46
2016_4,은마아파트입구사거리_4,88,52,36,0,9,23,34,18,4,0,4,20,16,8,4,0,5,3,18,10,0
2016_4,오류동역,1520,756,764,13,169,221,405,436,276,4,83,126,163,192,188,9,86,95,242,244,88
2016_4,서울 강남구 강남역,39329,18700,20629,145,9383,12578,9125,5691,2407,49,2825,6639,5856,2439,892,96,6558,5939,3269,3252,1515
2016_4,교대역_4,5609,3133,2476,43,1358,1657,1240,804,507,20,493,879,766,581,394,23,865,778,474,223,113
2016_4,서울 강남구 강남역_1,131760,97349,34411,661,31300,60175,31274,7401,949,493,15591,45201,28477,6877,710,168,15709,14974,2797,524,239
2016_4,방배동카페골목,109,46,63,0,18,15,37,19,20,0,8,7,20,1,10,0,10,8,17,18,10
2016_4,가락시장,16218,10235,5983,85,2599,3941,4173,3631,1789,32,1259,2699,2909,2125,1211,53,1340,1242,1264,1506,578
2016_4,교대역_3,4386,2689,1697,18,540,1237,1303,805,483,3,143,565,925,637,416,15,397,672,378,168,67
2016_4,역삼역_1,1750,1110,640,11,400,494,378,262,205,6,170,338,276,182,138,5,230,156,102,80,67
2016_4,교대역_2,3525,2243,1282,14,606,1257,888,551,209,10,217,838,637,390,151,4,389,419,251,161,58
2016_4,서울 송파구 가락시장역,5325,3543,1782,26,808,1599,1377,906,609,13,413,990,974,659,494,13,395,609,403,247,115
2016_4,서울 서초구 서초역,12162,5027,7135,91,4146,3319,2691,1392,523,41,1445,1309,1046,765,421,50,2701,2010,1645,627,102
2016_4,서울 강남구 대치역_2,1479,889,590,1,190,555,487,150,96,0,55,301,350,102,81,1,135,254,137,48,15
2016_4,뱅뱅사거리_2,24941,15931,9010,525,5420,7467,6501,3447,1581,237,2639,4910,4597,2428,1120,288,2781,2557,1904,1019,461
2016_4,보라매공원,14103,8045,6058,47,2701,5244,3941,1492,678,25,1265,2796,2373,1085,501,22,1436,2448,1568,407,177
2016_4,교대역_1,13196,7905,5291,62,2333,4099,3555,2210,937,13,855,2464,2386,1462,725,49,1478,1635,1169,748,212
2016_4,개봉동 현대아파트 인근,155,72,83,0,7,31,40,50,27,0,2,7,17,30,16,0,5,24,23,20,11
2016_4,뱅뱅사거리,7125,4742,2383,28,2581,2364,1309,602,241,1,1503,1600,1029,431,178,27,1078,764,280,171,63
2016_4,뱅뱅사거리_1,10353,7297,3056,27,1874,3272,2637,1677,866,8,1028,2437,2063,1197,564,19,846,835,574,480,302
2016_4,서울 관악구 신림역_4,920,434,486,1,175,168,224,214,138,0,55,87,121,97,74,1,120,81,103,117,64
2016_4,동작구 총신대입구역_1,214,98,116,0,31,50,51,44,38,0,10,22,23,18,25,0,21,28,28,26,13
2016_4,양재역_3,3515,2418,1097,14,732,1155,862,479,273,1,439,755,633,362,228,13,293,400,229,117,45
2016_4,동작구 총신대입구역_2,841,360,481,7,287,198,158,114,77,1,69,103,86,45,56,6,218,95,72,69,21
2016_4,서울 서초구 남부터미널역_3,1526,870,656,14,261,434,409,250,158,5,87,243,279,148,108,9,174,191,130,102,50
2016_4,서울 강남구 수서역,19103,11144,7959,61,3190,6143,5355,2843,1511,32,1551,3792,2859,1667,1243,29,1639,2351,2496,1176,268
2016_4,서울 서초구 남부터미널역_2,11569,5628,5941,79,2662,3037,2935,1862,994,30,1066,1702,1342,818,670,49,1596,1335,1593,1044,324
2016_4,구로디지탈1단지,65309,41753,23556,461,14860,24021,15868,6947,3152,261,7143,16163,11007,4663,2516,200,7717,7858,4861,2284,636
2016_4,양재역,119,57,62,1,26,43,24,11,14,1,3,18,17,7,11,0,23,25,7,4,3
2016_4,매봉역,538,229,309,3,240,124,90,44,37,1,43,73,58,28,26,2,197,51,32,16,11
2016_4,서울 서초구 방배역,3625,2132,1493,40,880,914,639,509,643,12,333,541,430,321,495,28,547,373,209,188,148
2016_4,서울 서초구 남부터미널역_1,552,397,155,4,111,176,130,72,59,0,61,131,105,51,49,4,50,45,25,21,10
2016_4,서울 관악구 신림역_2,31,15,16,0,3,3,7,11,7,0,2,3,3,4,3,0,1,0,4,7,4
2016_4,서울 관악구 신림역_1,1925,920,1005,23,317,345,327,410,503,9,142,176,138,186,269,14,175,169,189,224,234
2016_4,양재역_2,8950,5008,3942,133,2097,3302,2066,910,442,35,877,2034,1325,447,290,98,1220,1268,741,463,152
2016_4,양재역_1,1022,722,300,2,123,250,249,264,134,1,59,134,160,238,130,1,64,116,89,26,4
2016_4,서울 관악구 서울대입구역_2,42,4,38,1,18,6,4,12,1,0,1,1,1,1,0,1,17,5,3,11,1
2016_4,가산디지털단지역_3,31303,18640,12663,212,6719,10392,8042,4266,1672,128,3096,6624,5150,2412,1230,84,3623,3768,2892,1854,442
2016_4,구로디지털단지역,2148,1390,758,20,456,693,545,303,131,9,212,468,380,216,105,11,244,225,165,87,26
2016_4,서울 관악구 서울대입구역_1,1963,832,1131,8,380,440,530,303,302,2,99,172,241,129,189,6,281,268,289,174,113
2016_4,관악구 사당역_1,3907,1603,2304,21,368,615,1148,1181,574,13,187,340,331,295,437,8,181,275,817,886,137
2016_4,가산디지털단지역_2,61605,36900,24705,3213,18589,18677,12424,5481,3221,1330,8841,12145,8659,3367,2558,1883,9748,6532,3765,2114,663
2016_4,관악구 사당역_2,345,181,164,4,57,98,90,74,22,1,22,49,49,43,17,3,35,49,41,31,5
2016_4,가산디지털단지역_1,26323,17730,8593,183,4653,8005,6626,4109,2747,98,2530,5769,4736,2687,1910,85,2123,2236,1890,1422,837
2016_4,장지역,4333,2747,1586,27,641,1322,1159,758,426,12,321,836,779,470,329,15,320,486,380,288,97
2016_4,포이사거리_1,5741,3052,2689,81,862,1727,1830,1001,240,4,492,1119,846,436,155,77,370,608,984,565,85
2016_4,포이사거리_2,8907,6328,2579,42,1204,2521,2685,1863,592,31,725,1725,1962,1436,449,11,479,796,723,427,143
2016_4,서울 관악구 대학동_1,82,49,33,2,13,20,26,12,9,0,4,13,17,7,8,2,9,7,9,5,1
2016_4,서울 금천구 독산1동_1,3007,2040,967,10,413,718,803,670,393,9,198,472,536,484,341,1,215,246,267,186,52
2016_4,양재 화물트럭터미널앞_2,178,77,101,1,32,71,51,13,10,1,13,19,31,7,6,0,19,52,20,6,4
2016_4,양재 화물트럭터미널앞_1,4379,3453,926,59,966,1375,915,716,348,23,621,1103,764,624,318,36,345,272,151,92,30
2016_4,서울 금천구 시흥1동_4,931,471,460,15,148,154,216,228,170,9,55,73,105,120,109,6,93,81,111,108,61
2016_4,풍성로37가길,36,16,20,0,1,9,11,10,5,0,1,6,6,1,2,0,0,3,5,9,3
2016_4,천호옛길,556,365,191,0,103,145,124,92,92,0,63,98,83,57,64,0,40,47,41,35,28
2016_4,천호옛14길,594,280,314,9,118,114,151,120,82,1,45,52,78,52,52,8,73,62,73,68,30
2016_4,천호대로219길,918,557,361,2,64,158,262,330,102,1,31,88,156,209,72,1,33,70,106,121,30
2016_4,천호대로197길,17,5,12,0,1,5,7,3,1,0,0,1,3,1,0,0,1,4,4,2,1
2016_4,천호대로187길,874,503,371,5,97,202,247,182,141,3,43,134,136,104,83,2,54,68,111,78,58
2016_4,천호대로170길,416,173,243,0,50,74,118,126,48,0,31,51,37,33,21,0,19,23,81,93,27
2016_4,천호대로162길,1293,928,365,0,190,381,288,232,202,0,121,295,222,164,126,0,69,86,66,68,76
2016_4,천중로51길,436,228,208,3,48,110,129,86,60,0,23,62,63,42,38,3,25,48,66,44,22
2016_4,천중로39길,584,206,378,2,53,89,120,160,160,1,11,34,37,54,69,1,42,55,83,106,91
2016_4,진황도로47길,1359,694,665,7,182,259,263,355,293,4,115,184,133,96,162,3,67,75,130,259,131
2016_4,진황도로27길,490,286,204,0,69,135,141,106,39,0,27,91,83,58,27,0,42,44,58,48,12
2016_4,올림픽로98길,41,18,23,0,2,10,9,14,6,0,1,3,4,7,3,0,1,7,5,7,3
2016_4,올림픽로80길,2,1,1,0,0,0,1,1,0,0,0,0,0,1,0,0,0,0,1,0,0
2016_4,올림픽로77길,13,6,7,0,1,8,3,0,1,0,0,3,2,0,1,0,1,5,1,0,0
2016_4,올림픽로71길,405,305,100,1,44,119,96,105,40,0,26,93,72,82,32,1,18,26,24,23,8
2016_4,올림픽로48길,5800,3487,2313,7,589,1376,1446,1242,1140,4,251,703,803,869,857,3,338,673,643,373,283
2016_4,양재대로96길,1313,784,529,3,105,221,275,410,299,1,50,132,145,239,217,2,55,89,130,171,82
2016_4,양재대로95길,718,385,333,3,106,153,184,186,86,3,62,79,98,86,57,0,44,74,86,100,29
2016_4,양재대로91길,1187,658,529,4,151,233,273,265,261,0,63,140,172,136,147,4,88,93,101,129,114
2016_4,양재대로133길,309,112,197,0,49,61,60,102,37,0,17,26,28,25,16,0,32,35,32,77,21
2016_4,양재대로124길,632,396,236,0,82,170,125,130,125,0,36,114,85,70,91,0,46,56,40,60,34
2016_4,양재대로116길,218,91,127,0,24,48,68,55,23,0,9,16,28,25,13,0,15,32,40,30,10
2016_4,양재대로101길,1196,691,505,2,159,262,306,252,215,2,51,127,183,160,168,0,108,135,123,92,47
2016_4,암사길,368,163,205,2,31,121,100,83,31,0,9,52,45,42,15,2,22,69,55,41,16
2016_4,성안로3길,1614,1048,566,5,256,392,427,362,172,5,126,248,281,249,139,0,130,144,146,113,33
2016_4,성내로5길,1084,552,532,0,170,286,328,233,67,0,62,140,161,136,53,0,108,146,167,97,14
2016_4,상일로5길,56,33,23,0,6,7,20,17,6,0,3,5,9,12,4,0,3,2,11,5,2
2016_4,상암로5길,625,275,350,3,88,122,135,144,133,2,28,61,57,56,71,1,60,61,78,88,62
2016_4,상암로51길,762,324,438,11,144,154,190,156,107,7,40,72,79,63,63,4,104,82,111,93,44
2016_4,상암로4길,267,212,55,3,68,81,56,44,15,1,55,60,50,36,10,2,13,21,6,8,5
2016_4,상암로14길,485,304,181,1,66,129,154,89,46,0,38,76,100,54,36,1,28,53,54,35,10
2016_4,명일로13길,121,46,75,0,9,28,23,57,4,0,3,7,6,29,1,0,6,21,17,28,3
2016_4,동남로85길,130,67,63,0,14,26,37,29,24,0,11,16,18,12,10,0,3,10,19,17,14
2016_4,동남로82길,10,3,7,0,0,1,5,3,1,0,0,0,2,1,0,0,0,1,3,2,1
2016_4,동남로65길,72,24,48,0,7,7,23,21,14,0,1,3,8,8,4,0,6,4,15,13,10
2016_4,구천면로42길,384,187,197,0,47,88,103,77,69,0,15,46,51,33,42,0,32,42,52,44,27
2016_4,구천면로41길,603,255,348,2,80,166,172,134,49,2,17,74,82,54,26,0,63,92,90,80,23
2016_4,구천면로36길,61,38,23,0,3,16,17,12,13,0,0,13,7,6,12,0,3,3,10,6,1
2016_4,고덕로25길,22,12,10,0,1,4,6,7,4,0,1,3,3,2,3,0,0,1,3,5,1
2016_4,고덕로10길,191,86,105,2,22,40,51,56,20,1,10,22,22,20,11,1,12,18,29,36,9
2016_4,강동대로53길,900,498,402,1,170,235,234,193,67,0,68,150,123,109,48,1,102,85,111,84,19
2016_4,풍성로25길,788,287,501,4,127,190,213,157,97,0,36,81,68,54,48,4,91,109,145,103,49
2016_4,오금로46길,1421,721,700,9,243,394,364,305,106,4,94,206,182,165,70,5,149,188,182,140,36
2016_4,오금로36길,1270,958,312,5,183,420,419,196,47,1,105,310,348,159,35,4,78,110,71,37,12
2016_4,오금로11길,2197,1415,782,17,304,606,481,427,362,13,140,374,330,273,285,4,164,232,151,154,77
2016_4,양재대로72길,693,378,315,2,100,171,194,148,78,1,42,100,88,83,64,1,58,71,106,65,14
2016_4,양재대로71길,1292,776,516,3,240,354,301,229,165,2,81,199,216,156,122,1,159,155,85,73,43
2016_4,양재대로64길,1522,596,926,15,435,558,320,141,53,3,88,193,179,96,37,12,347,365,141,45,16
2016_4,양재대로62길,6352,3824,2528,10,255,478,626,971,4012,6,126,308,373,449,2562,4,129,170,253,522,1450
2016_4,송파대로30길,1749,1116,633,15,288,418,447,387,194,9,164,295,296,228,124,6,124,123,151,159,70
2016_4,송이로36길,2070,1497,573,36,371,454,521,445,243,29,244,329,365,330,200,7,127,125,156,115,43
2016_4,송이로32길,773,415,358,0,86,163,210,212,102,0,33,93,107,114,68,0,53,70,103,98,34
2016_4,송이로23길,1272,788,484,2,138,272,275,298,287,0,58,153,146,200,231,2,80,119,129,98,56
2016_4,삼전로13길,1626,813,813,2,221,337,399,353,314,1,61,159,188,196,208,1,160,178,211,157,106
2016_4,백제고분로50길,3386,1663,1723,18,519,617,773,1013,446,4,210,405,445,391,208,14,309,212,328,622,238
2016_4,백제고분로46길,1791,1146,645,4,253,404,442,360,328,1,127,250,288,234,246,3,126,154,154,126,82
2016_4,백제고분로45길,498,333,165,0,72,122,117,128,59,0,43,84,80,84,42,0,29,38,37,44,17
2016_4,백제고분로42길,132,76,56,0,19,29,45,32,7,0,11,16,23,21,5,0,8,13,22,11,2
2016_4,백제고분로39길,1583,1110,473,9,363,696,308,141,66,3,205,604,205,60,33,6,158,92,103,81,33
2016_4,백제고분로34길,1727,1128,599,4,216,393,485,325,304,4,114,267,316,212,215,0,102,126,169,113,89
2016_4,백제고분로33길,1017,645,372,3,119,236,301,251,107,1,67,128,199,165,85,2,52,108,102,86,22
2016_4,백제고분로32길,1092,462,630,6,143,230,290,310,113,4,40,108,125,114,71,2,103,122,165,196,42
2016_4,백제고분로31길,336,212,124,1,21,81,109,86,38,0,12,53,70,51,26,1,9,28,39,35,12
2016_4,백제고분로22길,1009,584,425,4,104,212,280,260,149,1,32,127,159,147,118,3,72,85,121,113,31
2016_4,백제고분로21길,206,149,57,0,33,46,52,41,34,0,17,32,34,34,32,0,16,14,18,7,2
2016_4,마천로51길,130,56,74,0,18,25,37,37,13,0,8,10,15,11,12,0,10,15,22,26,1
2016_4,동남로20길,155,92,63,0,11,31,51,49,13,0,7,17,33,27,8,0,4,14,18,22,5
2016_4,거마로20길,486,203,283,0,83,145,135,98,25,0,29,69,59,33,13,0,54,76,76,65,12
2016_4,학동로77길,2965,1547,1418,4,292,741,686,764,478,3,81,282,312,537,332,1,211,459,374,227,146
2016_4,학동로6길,1919,944,975,12,369,567,494,335,142,7,138,322,277,123,77,5,231,245,217,212,65
2016_4,학동로56길,907,505,402,2,106,247,237,234,81,1,30,121,126,161,66,1,76,126,111,73,15
2016_4,학동로38길,6646,4231,2415,40,1611,1867,1471,972,685,15,741,1183,1048,746,498,25,870,684,423,226,187
2016_4,테헤란로81길,573,207,366,23,268,182,62,22,16,7,86,67,19,14,14,16,182,115,43,8,2
2016_4,일원로9길,558,293,265,0,46,94,127,150,141,0,15,51,67,71,89,0,31,43,60,79,52
2016_4,일원로3길,227,111,116,0,25,45,67,56,34,0,16,31,40,16,8,0,9,14,27,40,26
2016_4,영동대로65길,3117,1828,1289,16,634,1117,746,369,235,9,254,702,503,206,154,7,380,415,243,163,81
2016_4,영동대로112길,661,410,251,7,140,210,156,96,52,5,78,131,110,56,30,2,62,79,46,40,22
2016_4,언주로81길,9257,4736,4521,40,3017,2887,1973,905,435,15,859,1604,1295,647,316,25,2158,1283,678,258,119
2016_4,압구정로2길,2790,1488,1302,17,721,888,675,308,181,4,285,510,401,151,137,13,436,378,274,157,44
2016_4,선릉로18길,426,227,199,0,26,74,104,119,103,0,10,44,55,61,57,0,16,30,49,58,46
2016_4,선릉로146길,1884,983,901,4,482,721,411,169,97,0,189,402,252,90,50,4,293,319,159,79,47
2016_4,선릉로133길,187,102,85,0,29,51,41,34,32,0,10,30,21,16,25,0,19,21,20,18,7
2016_4,선릉로132길,1019,555,464,6,163,287,199,187,177,2,40,138,115,123,137,4,123,149,84,64,40
2016_4,선릉로121길,1868,974,894,2,476,586,418,229,157,1,164,335,241,127,106,1,312,251,177,102,51
2016_4,삼성로75길,2696,1435,1261,26,648,776,550,425,271,6,182,400,347,298,202,20,466,376,203,127,69
2016_4,삼성로69길,316,146,170,0,78,101,76,49,12,0,18,47,44,26,11,0,60,54,32,23,1
2016_4,삼성로64길,537,258,279,4,128,184,116,73,32,2,35,94,70,39,18,2,93,90,46,34,14
2016_4,삼성로63길,151,68,83,7,33,24,39,36,12,3,8,9,20,20,8,4,25,15,19,16,4
2016_4,삼성로57길,867,275,592,5,144,307,224,124,63,2,39,76,76,44,38,3,105,231,148,80,25
2016_4,삼성로147길,970,394,576,2,339,296,168,120,45,0,97,124,70,71,32,2,242,172,98,49,13
2016_4,삼성로115길,266,169,97,1,65,78,61,34,27,1,32,57,41,21,17,0,33,21,20,13,10
2016_4,봉은사로68길,289,151,138,0,80,107,53,31,18,0,26,63,34,19,9,0,54,44,19,12,9
2016_4,봉은사로57길,742,481,261,8,199,220,173,91,51,2,76,143,134,78,48,6,123,77,39,13,3
2016_4,봉은사로43길,1035,707,328,32,262,329,246,107,59,31,149,226,188,75,38,1,113,103,58,32,21
2016_4,봉은사로29길,124,78,46,0,27,37,26,25,9,0,13,24,19,16,6,0,14,13,7,9,3
2016_4,봉은사로109길,321,168,153,1,75,90,68,47,40,0,23,51,40,28,26,1,52,39,28,19,14
2016_4,도산대로89길,2595,987,1608,30,763,969,480,242,111,1,190,361,244,120,71,29,573,608,236,122,40
2016_4,도산대로81길,4539,1400,3139,45,1635,1403,993,292,171,4,403,502,283,110,98,41,1232,901,710,182,73
2016_4,도산대로50길,2799,1914,885,5,268,480,604,791,651,1,152,373,516,571,301,4,116,107,88,220,350
2016_4,도산대로38길,156,87,69,2,40,37,42,22,13,0,14,22,29,16,6,2,26,15,13,6,7
2016_4,도산대로30길,2931,1421,1510,7,840,1035,636,304,109,0,312,516,354,157,82,7,528,519,282,147,27
2016_4,도산대로23길,1637,947,690,10,569,485,274,150,149,1,218,303,180,120,125,9,351,182,94,30,24
2016_4,도산대로15길,1865,862,1003,17,662,644,330,140,72,8,254,311,174,77,38,9,408,333,156,63,34
2016_4,도곡로37길,3601,2245,1356,14,708,1207,958,493,221,9,289,763,670,345,169,5,419,444,288,148,52
2016_4,논현로8길,760,409,351,5,152,212,197,135,59,3,67,140,94,62,43,2,85,72,103,73,16
2016_4,논현로63길,10880,3112,7768,130,1812,2219,4584,1887,248,62,756,892,681,499,222,68,1056,1327,3903,1388,26
2016_4,논현로28길,10370,7159,3211,45,2197,4149,2421,1033,525,16,1062,2779,1969,873,460,29,1135,1370,452,160,65
2016_4,논현로26길,6682,4054,2628,31,1108,1630,1274,940,1699,21,555,1221,960,562,735,10,553,409,314,378,964
2016_4,논현로139길,2706,1323,1383,13,826,872,506,267,222,3,230,462,321,140,167,10,596,410,185,127,55
2016_4,논현로123길,94,55,39,1,18,22,26,22,5,1,7,15,16,12,4,0,11,7,10,10,1
2016_4,논현로115길,2789,1442,1347,7,705,1038,600,250,189,2,234,526,415,144,121,5,471,512,185,106,68
2016_4,논현로10길,2567,1661,906,18,240,563,672,597,477,7,123,396,427,360,348,11,117,167,245,237,129
2016_4,논현로106길,2732,1584,1148,4,477,683,713,499,356,1,197,456,445,246,239,3,280,227,268,253,117
2016_4,남부순환로365길,185,130,55,1,19,44,67,32,22,1,10,29,50,24,16,0,9,15,17,8,6
2016_4,개포로28길,286,209,77,2,32,90,76,61,25,0,16,72,59,44,18,2,16,18,17,17,7
2016_4,개포로20길,4229,2365,1864,27,681,1029,1172,852,468,17,243,611,642,484,368,10,438,418,530,368,100
2016_4,개포로17길,2654,1690,964,8,373,762,762,508,241,2,186,486,500,333,183,6,187,276,262,175,58
2016_4,강남대로140길,4339,2268,2071,20,909,1197,868,875,470,5,269,622,526,478,368,15,640,575,342,397,102
2016_4,강남대로136길,1132,598,534,4,273,409,271,96,79,0,83,230,161,64,60,4,190,179,110,32,19
2016_4,강남대로118길,622,337,285,2,92,162,145,80,141,0,25,88,91,40,93,2,67,74,54,40,48
2016_4,서초중앙로8길,7055,5341,1714,40,1197,2306,1947,1239,326,25,736,1754,1593,975,258,15,461,552,354,264,68
2016_4,방배중앙로21길,1980,671,1309,11,262,283,479,666,279,3,81,141,164,142,140,8,181,142,315,524,139
2016_4,효령로72길,224,129,95,4,45,44,54,53,24,2,6,30,37,36,18,2,39,14,17,17,6
2016_4,효령로34길,23,20,3,0,0,4,7,9,3,0,0,3,6,8,3,0,0,1,1,1,0
2016_4,효령로31길,1440,801,639,11,326,404,377,216,106,7,86,238,252,139,79,4,240,166,125,77,27
2016_4,효령로23길,713,427,286,3,132,182,187,140,69,0,55,112,119,85,56,3,77,70,68,55,13
2016_4,청두곶길,2013,1319,694,52,554,503,514,294,96,22,327,370,319,214,67,30,227,133,195,80,29
2016_4,주흥길,310,200,110,2,55,108,88,44,13,1,31,58,67,31,12,1,24,50,21,13,1
2016_4,주흥15길,1626,1062,564,7,364,494,334,227,200,5,183,330,258,153,133,2,181,164,76,74,67
2016_4,언남길,1806,1275,531,2,236,589,550,293,136,0,134,415,401,210,115,2,102,174,149,83,21
2016_4,신반포로45길,404,258,146,2,78,103,89,58,74,1,32,67,62,46,50,1,46,36,27,12,24
2016_4,서초대로8길,310,180,130,0,45,67,109,56,33,0,22,42,60,35,21,0,23,25,49,21,12
2016_4,서초대로64길,509,351,158,2,79,131,156,86,55,0,33,88,122,67,41,2,46,43,34,19,14
2016_4,서초대로4길,611,433,178,2,59,166,138,106,140,1,36,117,108,62,109,1,23,49,30,44,31
2016_4,서초대로25길,3345,2024,1321,16,694,1107,812,506,210,3,298,679,543,343,158,13,396,428,269,163,52
2016_4,서초대로23길,506,298,208,1,61,141,130,57,116,0,25,89,76,30,78,1,36,52,54,27,38
2016_4,서초대로15길,1442,685,757,11,198,373,375,296,189,2,53,177,167,144,142,9,145,196,208,152,47
2016_4,사평대로57길,173,66,107,0,45,57,32,22,17,0,14,22,16,13,1,0,31,35,16,9,16
2016_4,사평대로26길,15,10,5,0,1,1,5,4,4,0,1,1,3,3,2,0,0,0,2,1,2
2016_4,사평대로22길,1508,913,595,17,388,421,350,228,104,5,190,277,242,150,49,12,198,144,108,78,55
2016_4,사임당로17길,1817,1101,716,15,391,605,432,241,133,7,146,375,287,178,108,8,245,230,145,63,25
2016_4,방배로42길,145,75,70,1,32,29,39,19,25,1,6,12,27,12,17,0,26,17,12,7,8
2016_4,방배로35길,2359,1470,889,13,432,583,531,410,390,4,196,379,336,268,287,9,236,204,195,142,103
2016_4,방배로18길,83,45,38,0,17,24,22,9,11,0,12,8,15,2,8,0,5,16,7,7,3
2016_4,반포대로9길,684,425,259,8,128,188,194,97,69,4,66,122,123,62,48,4,62,66,71,35,21
2016_4,바우뫼로39길,2089,1278,811,5,279,618,494,340,353,2,123,378,321,215,239,3,156,240,173,125,114
2016_4,마방로2길,3973,2528,1445,34,696,1142,1017,818,266,22,299,769,712,531,195,12,397,373,305,287,71
2016_4,방배천로4안길,1268,810,458,4,149,307,371,313,124,2,66,196,266,214,66,2,83,111,105,99,58
2016_4,동산로19길,1334,890,444,5,171,408,364,232,154,4,87,281,250,167,101,1,84,127,114,65,53
2016_4,동산로10길,2623,1376,1247,16,313,554,652,661,427,9,146,357,314,306,244,7,167,197,338,355,183
2016_4,동광로39길,48,30,18,1,8,7,17,6,9,1,4,5,9,5,6,0,4,2,8,1,3
2016_4,동광로1길,1206,711,495,3,175,327,336,212,153,1,65,221,206,122,96,2,110,106,130,90,57
2016_4,동광로12길,787,522,265,5,94,188,241,163,96,3,41,117,166,121,74,2,53,71,75,42,22
2016_4,논현로27길,3585,2538,1047,19,604,986,984,651,341,8,304,656,755,526,289,11,300,330,229,125,52
2016_4,논현로1길,524,342,182,1,98,158,126,85,56,0,48,120,88,54,32,1,50,38,38,31,24
2016_4,남부순환로339길,12144,5446,6698,114,3660,2729,2604,2169,868,44,1534,1633,1062,641,532,70,2126,1096,1542,1528,336
2016_4,남부순환로325길,7947,4010,3937,62,1411,2770,2004,1234,466,26,491,1328,1135,676,354,36,920,1442,869,558,112
2016_4,남부순환로317길,1511,1045,466,11,342,596,304,156,102,7,167,456,228,122,65,4,175,140,76,34,37
2016_4,고무래로8길,6939,3701,3238,23,931,2093,1815,1096,981,11,275,1026,1089,706,594,12,656,1067,726,390,387
2016_4,강남대로8길,2718,1679,1039,17,296,697,772,604,332,11,154,436,485,358,235,6,142,261,287,246,97
2016_4,강남대로34길,997,648,349,0,224,357,235,104,77,0,125,233,160,65,65,0,99,124,75,39,12
2016_4,강남대로23길,6639,4622,2017,21,1144,1710,1618,1510,636,14,752,1274,1230,920,432,7,392,436,388,590,204
2016_4,소담길,22,5,17,0,2,8,2,8,2,0,0,2,0,2,1,0,2,6,2,6,1
2016_4,원신길,305,115,190,0,55,87,52,68,43,0,6,40,22,30,17,0,49,47,30,38,26
2016_4,양산길,363,262,101,0,32,46,69,101,115,0,4,24,48,81,105,0,28,22,21,20,10
2016_4,호암로24길,640,241,399,2,84,115,137,182,120,1,28,63,57,35,57,1,56,52,80,147,63
2016_4,호암로20길,43,31,12,0,4,9,6,16,8,0,3,8,4,9,7,0,1,1,2,7,1
2016_4,행운길,19,3,16,0,3,1,6,8,1,0,1,0,1,0,1,0,2,1,5,8,0
2016_4,행운1길,101,68,33,0,5,27,31,20,18,0,1,17,23,12,15,0,4,10,8,8,3
2016_4,청림3길,79,42,37,0,18,23,23,9,6,0,4,19,10,5,4,0,14,4,13,4,2
2016_4,청룡길,88,45,43,0,22,32,20,10,4,0,5,17,14,6,3,0,17,15,6,4,1
2016_4,청룡8길,34,13,21,0,0,8,6,13,7,0,0,3,4,3,3,0,0,5,2,10,4
2016_4,중앙길,280,114,166,0,33,60,74,62,51,0,5,18,41,21,29,0,28,42,33,41,22
2016_4,조원중앙로2길,1104,788,316,0,147,294,301,288,74,0,92,198,218,220,60,0,55,96,83,68,14
2016_4,조원로18길,1063,552,511,3,131,252,287,237,153,2,42,153,139,124,92,1,89,99,148,113,61
2016_4,조원로10길,273,125,148,0,52,53,55,64,49,0,15,27,18,33,32,0,37,26,37,31,17
2016_4,장군봉2길,223,119,104,0,21,56,65,53,28,0,8,18,31,39,23,0,13,38,34,14,5
2016_4,장군봉1길,91,15,76,0,11,34,26,17,3,0,3,3,2,5,2,0,8,31,24,12,1
2016_4,인헌길,82,41,41,0,16,15,21,18,12,0,9,9,9,5,9,0,7,6,12,13,3
2016_4,은천로25길,286,92,194,1,52,76,70,47,40,0,3,21,27,20,21,1,49,55,43,27,19
2016_4,양녕로6길,800,476,324,0,108,184,217,166,125,0,51,101,133,114,77,0,57,83,84,52,48
2016_4,신원로3길,33,20,13,0,2,7,10,3,11,0,1,4,7,1,7,0,1,3,3,2,4
2016_4,신사로20길,52,24,28,0,12,8,16,10,6,0,3,3,9,5,4,0,9,5,7,5,2
2016_4,신림로64길,253,122,131,1,42,66,76,54,14,0,25,32,37,21,7,1,17,34,39,33,7
2016_4,신림로48길,73,33,40,0,8,14,22,18,11,0,2,5,11,7,8,0,6,9,11,11,3
2016_4,신림로38길,61,32,29,0,8,15,16,12,10,0,4,10,6,7,5,0,4,5,10,5,5
2016_4,신림로28길,320,219,101,0,18,51,80,98,73,0,2,20,48,80,69,0,16,31,32,18,4
2016_4,신림로11길,453,409,44,0,17,24,153,200,59,0,10,19,144,181,55,0,7,5,9,19,4
2016_4,신림동길,342,194,148,1,51,81,89,73,47,0,28,50,54,35,27,1,23,31,35,38,20
2016_4,승방길,558,363,195,2,82,183,165,87,39,1,39,140,111,45,27,1,43,43,54,42,12
2016_4,서림7길,266,97,169,0,27,70,80,69,20,0,8,28,26,27,8,0,19,42,54,42,12
2016_4,봉천로33길,377,238,139,16,43,74,87,84,73,11,25,53,51,51,47,5,18,21,36,33,26
2016_4,봉천로13길,300,90,210,2,24,55,86,101,32,2,4,16,26,29,13,0,20,39,60,72,19
2016_4,복은길,174,61,113,1,15,29,40,58,31,1,6,8,18,19,9,0,9,21,22,39,22
2016_4,법원단지길,2,1,1,0,0,0,1,1,0,0,0,0,0,1,0,0,0,0,1,0,0
2016_4,법원단지9길,90,33,57,0,18,19,20,24,9,0,2,14,5,6,6,0,16,5,15,18,3
2016_4,미성5길,66,39,27,0,8,7,15,21,15,0,2,4,7,11,15,0,6,3,8,10,0
2016_4,대학길,80,31,49,0,5,26,18,23,8,0,1,11,7,10,2,0,4,15,11,13,6
2016_4,대학14길,10,2,8,0,0,1,0,3,6,0,0,1,0,1,0,0,0,0,0,2,6
2016_4,당곡길,351,162,189,2,42,64,117,64,62,0,14,25,48,28,47,2,28,39,69,36,15
2016_4,남현길,234,90,144,1,37,77,56,48,15,0,12,30,21,15,12,1,25,47,35,33,3
2016_4,남현3길,430,258,172,0,43,76,99,133,79,0,11,32,60,95,60,0,32,44,39,38,19
2016_4,남부순환로248길,252,130,122,0,33,66,70,64,19,0,12,38,26,41,13,0,21,28,44,23,6
2016_4,남부순환로234길,112,75,37,0,7,31,33,22,19,0,3,25,21,16,10,0,4,6,12,6,9
2016_4,남부순환로172길,1478,863,615,2,128,254,364,420,310,0,50,138,205,259,211,2,78,116,159,161,99
2016_4,남부순환로161길,21,5,16,0,0,3,14,4,0,0,0,0,3,2,0,0,0,3,11,2,0
2016_4,남부순환로151길,123,76,47,0,11,21,32,29,30,0,6,13,19,15,23,0,5,8,13,14,7
2016_4,남부순환로142길,76,38,38,0,8,10,20,21,17,0,1,4,9,13,11,0,7,6,11,8,6
2016_4,난향길,169,42,127,0,15,46,58,32,18,0,2,5,19,4,12,0,13,41,39,28,6
2016_4,난우길,436,188,248,1,25,75,107,118,110,0,5,27,56,49,51,1,20,48,51,69,59
2016_4,난곡로74길,144,63,81,0,43,40,30,18,13,0,15,17,18,6,7,0,28,23,12,12,6
2016_4,난곡로34길,22,7,15,0,6,3,7,4,2,0,0,0,3,3,1,0,6,3,4,1,1
2016_4,난곡로26길,121,47,74,0,12,22,46,34,7,0,4,9,15,14,5,0,8,13,31,20,2
2016_4,난곡로24길,40,18,22,0,3,10,15,8,4,0,1,3,6,6,2,0,2,7,9,2,2
2016_4,낙성대역길,736,467,269,4,67,106,148,223,188,3,23,51,76,158,156,1,44,55,72,65,32
2016_4,국회단지길,529,237,292,3,92,128,142,112,52,0,17,74,81,40,25,3,75,54,61,72,27
2016_4,구암길,84,31,53,0,14,15,30,13,12,0,3,7,10,4,7,0,11,8,20,9,5
2016_4,관천로22길,25,10,15,0,2,7,9,5,2,0,0,4,4,0,2,0,2,3,5,5,0
2016_4,관천로15길,134,73,61,0,16,31,33,34,20,0,7,20,15,16,15,0,9,11,18,18,5
2016_4,관악로30길,172,62,110,0,19,37,47,47,22,0,5,17,15,13,12,0,14,20,32,34,10
2016_4,관악로28길,148,69,79,0,15,28,40,26,39,0,3,6,11,13,36,0,12,22,29,13,3
2016_4,관악로14길,408,224,184,4,79,90,74,74,87,0,23,55,40,41,65,4,56,35,34,33,22
2016_4,관악로10길,261,182,79,0,33,68,73,53,34,0,23,47,53,37,22,0,10,21,20,16,12
2016_4,흑석로9길,194,81,113,2,47,33,49,40,23,1,17,17,23,15,8,1,30,16,26,25,15
2016_4,흑석로13길,128,13,115,0,43,41,21,16,7,0,1,5,3,3,1,0,42,36,18,13,6
2016_4,장승배기로27길,39,19,20,0,4,7,10,12,6,0,0,2,5,8,4,0,4,5,5,4,2
2016_4,장승배기로19길,9,5,4,0,1,1,3,1,3,0,0,0,2,1,2,0,1,1,1,0,1
2016_4,여의대방로46길,459,143,316,1,66,132,141,85,34,0,12,38,34,33,26,1,54,94,107,52,8
2016_4,여의대방로24길,17082,8225,8857,184,2897,2962,3584,4810,2645,95,2033,2134,1400,1485,1078,89,864,828,2184,3325,1567
2016_4,여의대방로22카길,274,110,164,0,30,44,88,81,31,0,11,31,35,21,12,0,19,13,53,60,19
2016_4,여의대방로22나길,139,55,84,0,12,36,38,41,12,0,4,12,15,15,9,0,8,24,23,26,3
2016_4,여의대방로22길,201,115,86,5,30,49,38,56,23,5,19,31,21,25,14,0,11,18,17,31,9
2016_4,양녕로26길,126,57,69,0,17,19,31,34,25,0,3,7,14,16,17,0,14,12,17,18,8
2016_4,신대방길,107,72,35,0,4,30,31,28,14,0,2,20,19,18,13,0,2,10,12,10,1
2016_4,성대로29길,4,2,2,0,0,3,1,0,0,0,0,1,1,0,0,0,0,2,0,0,0
2016_4,성대로1길,311,122,189,0,19,56,95,82,59,0,3,26,40,31,22,0,16,30,55,51,37
2016_4,서달로8가길,228,98,130,1,26,44,56,46,55,1,5,16,19,20,37,0,21,28,37,26,18
2016_4,서달로14길,34,13,21,0,11,7,8,5,3,0,2,4,3,1,3,0,9,3,5,4,0
2016_4,서달로10길,87,31,56,1,5,14,19,33,15,1,2,6,7,13,2,0,3,8,12,20,13
2016_4,상도로62길,215,99,116,1,9,53,71,50,31,0,0,25,34,19,21,1,9,28,37,31,10
2016_4,상도로61길,39,16,23,0,6,12,12,7,2,0,1,1,8,4,2,0,5,11,4,3,0
2016_4,상도로47길,53,42,11,0,7,18,13,12,3,0,6,15,9,10,2,0,1,3,4,2,1
2016_4,상도로37길,1985,962,1023,38,308,533,535,385,186,0,77,343,283,167,92,38,231,190,252,218,94
2016_4,상도로15길,306,137,169,0,44,68,96,66,32,0,10,34,50,27,16,0,34,34,46,39,16
2016_4,사당로8길,128,68,60,0,10,30,34,32,22,0,2,13,17,20,16,0,8,17,17,12,6
2016_4,사당로30길,308,216,92,0,18,97,118,54,21,0,10,58,87,42,19,0,8,39,31,12,2
2016_4,사당로2차길,152,107,45,1,94,19,14,10,14,1,71,9,10,6,10,0,23,10,4,4,4
2016_4,사당로29길,16,13,3,0,0,1,3,4,8,0,0,0,1,4,8,0,0,1,2,0,0
2016_4,사당로26길,245,134,111,1,37,47,81,57,22,1,11,25,56,27,14,0,26,22,25,30,8
2016_4,사당로23나길,167,44,123,0,11,22,45,58,31,0,2,2,11,7,22,0,9,20,34,51,9
2016_4,사당로23길,14,12,2,0,1,5,3,5,0,0,1,5,1,5,0,0,0,0,2,0,0
2016_4,사당로20길,175,131,44,0,5,29,80,41,20,0,2,22,62,28,17,0,3,7,18,13,3
2016_4,사당로16길,132,39,93,0,8,30,40,42,12,0,1,7,12,12,7,0,7,23,28,30,5
2016_4,사당로16가길,815,483,332,1,23,68,138,166,419,1,15,41,60,73,293,0,8,27,78,93,126
2016_4,만양로8길,88,38,50,0,16,20,20,17,15,0,2,7,12,8,9,0,14,13,8,9,6
2016_4,만양로14길,360,152,208,1,46,96,97,65,55,1,14,40,37,32,28,0,32,56,60,33,27
2016_4,등용로14길,624,431,193,0,86,211,162,85,80,0,58,163,126,44,40,0,28,48,36,41,40
2016_4,동작대로7길,2058,751,1307,17,546,455,469,413,158,5,102,187,211,144,102,12,444,268,258,269,56
2016_4,동작대로35길,267,98,169,0,42,57,81,65,22,0,6,31,29,15,17,0,36,26,52,50,5
2016_4,동작대로33길,119,62,57,0,16,34,30,21,18,0,6,14,20,12,10,0,10,20,10,9,8
2016_4,동작대로29길,27,15,12,0,5,3,10,4,5,0,4,3,3,3,2,0,1,0,7,1,3
2016_4,동작대로17길,1359,734,625,9,233,368,406,223,120,4,75,180,262,128,85,5,158,188,144,95,35
2016_4,대방동2길,477,233,244,1,86,126,132,95,37,0,21,76,76,44,16,1,65,50,56,51,21
2016_4,대방동27길,94,50,44,0,8,22,23,26,15,0,6,9,8,16,11,0,2,13,15,10,4
2016_4,노량진로6길,113,30,83,0,8,28,22,41,14,0,3,8,3,14,2,0,5,20,19,27,12
2016_4,국사봉길,36,4,32,0,3,5,12,6,10,0,0,1,1,0,2,0,3,4,11,6,8
2016_4,국사봉2길,94,54,40,0,15,23,21,19,16,0,2,14,15,13,10,0,13,9,6,6,6
2016_4,국사봉1길,7,3,4,0,1,1,3,2,0,0,0,1,1,1,0,0,1,0,2,1,0
2016_4,영신로9길,458,200,258,0,87,124,126,94,27,0,23,69,58,34,16,0,64,55,68,60,11
2016_4,영등포로84길,344,84,260,0,42,50,54,125,73,0,13,21,20,15,15,0,29,29,34,110,58
2016_4,영등포로80길,51,25,26,2,7,13,10,8,11,0,1,3,5,6,10,2,6,10,5,2,1
2016_4,영등포로62길,2,2,0,0,0,0,2,0,0,0,0,0,2,0,0,0,0,0,0,0,0
2016_4,영등포로35길,95,64,31,0,10,28,31,19,7,0,7,22,20,9,6,0,3,6,11,10,1
2016_4,영등포로27길,362,229,133,0,30,113,114,74,31,0,17,73,66,46,27,0,13,40,48,28,4
2016_4,여의대방로43나길,2368,1883,485,1,45,173,380,1001,768,1,26,137,286,777,656,0,19,36,94,224,112
2016_4,여의대방로39길,8,6,2,0,1,3,3,1,0,0,1,3,2,0,0,0,0,0,1,1,0
2016_4,여의대방로35길,769,405,364,15,104,186,218,133,113,8,29,93,108,82,85,7,75,93,110,51,28
2016_4,양평로28길,605,474,131,1,32,121,164,207,80,1,13,90,139,167,64,0,19,31,25,40,16
2016_4,양평로22라길,33,20,13,0,7,9,10,2,5,0,4,5,5,1,5,0,3,4,5,1,0
2016_4,양평로19길,4256,3344,912,4,755,1980,1029,397,91,0,412,1657,876,325,74,4,343,323,153,72,17
2016_4,신길로60길,436,190,246,0,38,138,149,79,32,0,7,57,71,38,17,0,31,81,78,41,15
2016_4,신길로42길,375,183,192,0,45,115,98,73,44,0,17,58,45,32,31,0,28,57,53,41,13
2016_4,신길로42가길,96,27,69,1,10,21,31,20,13,0,3,5,9,3,7,1,7,16,22,17,6
2016_4,신길로39길,92,42,50,0,13,15,27,19,18,0,3,9,12,8,10,0,10,6,15,11,8
2016_4,신길로17길,60,41,19,0,8,13,12,20,7,0,6,10,5,14,6,0,2,3,7,6,1
2016_4,선유서로28길,587,284,303,1,47,94,120,146,179,0,17,48,66,74,79,1,30,46,54,72,100
2016_4,선유서로25길,2457,1784,673,7,173,509,602,673,493,5,84,378,499,493,325,2,89,131,103,180,168
2016_4,선유서로24길,155,81,74,0,12,26,56,38,23,0,3,14,26,20,18,0,9,12,30,18,5
2016_4,선유로55길,2346,1414,932,7,442,708,599,412,178,4,196,454,385,248,127,3,246,254,214,164,51
2016_4,디지털로74길,54,33,21,0,3,21,15,13,2,0,2,14,9,7,1,0,1,7,6,6,1
2016_4,디지털로57길,10,3,7,0,0,3,4,2,1,0,0,1,0,1,1,0,0,2,4,1,0
2016_4,디지털로37길,206,89,117,0,25,40,62,53,26,0,14,14,26,22,13,0,11,26,36,31,13
2016_4,도신로62길,184,53,131,0,15,47,73,42,7,0,4,17,18,11,3,0,11,30,55,31,4
2016_4,도신로60길,60,12,48,0,1,4,14,13,28,0,0,1,8,0,3,0,1,3,6,13,25
2016_4,도신로29길,82,36,46,1,5,7,16,33,20,0,5,6,9,10,6,1,0,1,7,23,14
2016_4,도신로15길,77,32,45,0,16,16,25,16,4,0,3,8,9,9,3,0,13,8,16,7,1
2016_4,도림천로21길,92,44,48,0,22,25,12,21,12,0,11,12,5,6,10,0,11,13,7,15,2
2016_4,도림로63길,32,21,11,0,0,6,12,11,3,0,0,4,7,8,2,0,0,2,5,3,1
2016_4,도림로147길,1703,1204,499,5,136,350,543,486,183,3,80,244,368,367,142,2,56,106,175,119,41
2016_4,도림로112길,12,6,6,0,1,1,3,4,3,0,1,1,2,1,1,0,0,0,1,3,2
2016_4,대림로8길,1834,599,1235,6,624,484,354,254,112,4,107,169,142,104,73,2,517,315,212,150,39
2016_4,대림로7길,14,5,9,0,3,1,2,8,0,0,0,1,1,3,0,0,3,0,1,5,0
2016_4,대림로44길,45,27,18,0,0,14,10,15,6,0,0,10,6,8,3,0,0,4,4,7,3
2016_4,대림로34길,187,70,117,2,22,39,71,35,18,1,7,12,26,12,12,1,15,27,45,23,6
2016_4,대림로31길,753,369,384,1,74,113,183,226,156,1,46,60,78,89,95,0,28,53,105,137,61
2016_4,대림로29길,1637,778,859,2,259,335,444,390,207,2,52,126,235,215,148,0,207,209,209,175,59
2016_4,대림로22길,343,190,153,1,24,59,120,90,49,1,8,34,74,45,28,0,16,25,46,45,21
2016_4,당산로46길,4455,2497,1958,12,746,814,1171,1073,639,2,168,527,695,589,516,10,578,287,476,484,123
2016_4,당산로38길,218,154,64,2,32,60,61,45,18,0,16,41,44,35,18,2,16,19,17,10,0
2016_4,당산로37길,4062,2537,1525,90,1015,921,768,783,485,66,539,634,483,480,335,24,476,287,285,303,150
2016_4,당산로31길,4110,2263,1847,14,561,1106,1036,970,423,8,192,507,566,679,311,6,369,599,470,291,112
2016_4,국회대로56길,1674,1095,579,9,126,269,350,380,540,3,75,201,256,277,283,6,51,68,94,103,257
2016_4,경인로90길,310,184,126,2,33,66,89,80,40,2,11,36,45,55,35,0,22,30,44,25,5
2016_4,경인로80길,1561,1125,436,7,149,298,420,427,260,4,78,196,297,327,223,3,71,102,123,100,37
2016_4,경인로77길,686,453,233,3,117,133,164,178,91,3,42,75,120,137,76,0,75,58,44,41,15
2016_4,가마산로61길,164,56,108,0,13,48,59,27,17,0,2,16,18,10,10,0,11,32,41,17,7
2016_4,시흥대로94길,780,395,385,1,104,175,229,182,89,0,42,86,120,91,56,1,62,89,109,91,33
2016_4,시흥대로84길,174,68,106,0,25,38,51,40,20,0,4,14,20,20,10,0,21,24,31,20,10
2016_4,시흥대로68길,535,160,375,0,24,43,71,119,278,0,4,20,20,33,83,0,20,23,51,86,195
2016_4,시흥대로63길,2876,1478,1398,11,488,935,622,597,223,7,234,403,265,430,139,4,254,532,357,167,84
2016_4,시흥대로62가길,430,113,317,0,47,82,106,140,55,0,14,25,26,32,16,0,33,57,80,108,39
2016_4,시흥대로36길,365,213,152,2,69,96,111,61,26,1,30,57,67,39,19,1,39,39,44,22,7
2016_4,시흥대로22길,510,361,149,0,26,66,128,138,152,0,14,40,75,111,121,0,12,26,53,27,31
2016_4,시흥대로153길,646,347,299,1,62,149,190,174,70,0,19,89,111,87,41,1,43,60,79,87,29
2016_4,시흥대로150길,546,249,297,1,49,116,163,137,80,1,17,41,66,73,51,0,32,75,97,64,29
2016_4,시흥대로141길,657,400,257,3,119,184,160,139,52,2,47,128,103,86,34,1,72,56,57,53,18
2016_4,시흥대로138길,18,11,7,0,2,4,4,6,2,0,1,4,1,3,2,0,1,0,3,3,0
2016_4,시흥대로120길,608,407,201,0,101,152,207,121,27,0,74,106,148,65,14,0,27,46,59,56,13
2016_4,벚꽃로56길,1826,1257,569,8,326,724,475,217,76,6,190,509,349,142,61,2,136,215,126,75,15
2016_4,범안로17길,129,73,56,0,10,20,23,50,26,0,5,10,13,31,14,0,5,10,10,19,12
2016_4,범안로11길,1139,900,239,19,163,341,315,208,93,17,120,282,235,171,75,2,43,59,80,37,18
2016_4,문성로5길,145,42,103,1,11,19,30,40,44,1,2,7,9,9,14,0,9,12,21,31,30
2016_4,독산로85길,85,24,61,0,5,9,18,34,19,0,0,4,4,11,5,0,5,5,14,23,14
2016_4,독산로78다길,234,101,133,0,27,38,58,55,56,0,11,11,16,24,39,0,16,27,42,31,17
2016_4,독산로70길,4,3,1,0,0,1,0,0,3,0,0,1,0,0,2,0,0,0,0,0,1
2016_4,독산로64길,158,39,119,0,37,26,39,34,22,0,5,9,11,10,4,0,32,17,28,24,18
2016_4,독산로50길,90,33,57,0,4,15,32,33,6,0,1,5,8,15,4,0,3,10,24,18,2
2016_4,독산로40길,54,15,39,0,6,9,21,13,5,0,1,5,4,2,3,0,5,4,17,11,2
2016_4,독산로108길,737,334,403,1,119,130,194,190,103,0,29,66,90,87,62,1,90,64,104,103,41
2016_4,남부순환로112길,10,6,4,0,0,2,2,4,2,0,0,2,1,1,2,0,0,0,1,3,0
2016_4,금하로24길,176,55,121,0,31,34,49,50,12,0,8,9,11,17,10,0,23,25,38,33,2
2016_4,금하로1길,66,32,34,0,6,13,19,20,8,0,4,7,9,8,4,0,2,6,10,12,4
2016_4,금하로14길,17,8,9,0,0,5,10,2,0,0,0,2,4,2,0,0,0,3,6,0,0
2016_4,가산로5길,547,429,118,22,70,116,173,118,48,20,62,88,132,93,34,2,8,28,41,25,14
2016_4,가산로3길,2414,1850,564,9,272,515,572,681,365,9,214,440,425,484,278,0,58,75,147,197,87
2016_4,중앙로1길,1534,1063,471,16,181,310,301,275,451,7,102,202,182,183,387,9,79,108,119,92,64
2016_4,중앙로15길,98,47,51,0,10,17,31,29,11,0,1,7,11,18,10,0,9,10,20,11,1
2016_4,우마길,34,23,11,0,5,15,8,5,1,0,1,12,6,3,1,0,4,3,2,2,0
2016_4,오류로8길,246,116,130,0,53,67,55,52,19,0,10,37,31,24,14,0,43,30,24,28,5
2016_4,신도림로13길,775,585,190,2,78,145,197,255,98,2,58,118,133,195,79,0,20,27,64,60,19
2016_4,새말로18길,1072,471,601,5,538,334,103,52,40,2,177,177,57,34,24,3,361,157,46,18,16
2016_4,부일로1길,782,640,142,1,49,98,158,271,205,0,31,69,120,229,191,1,18,29,38,42,14
2016_4,부일로15길,181,159,22,0,10,8,24,65,74,0,4,6,18,59,72,0,6,2,6,6,2
2016_4,부일로11길,22,6,16,0,5,5,4,6,2,0,1,1,2,1,1,0,4,4,2,5,1
2016_4,디지털로32길,1169,592,577,3,259,391,220,166,130,2,96,211,113,71,99,1,163,180,107,95,31
2016_4,디지털로32가길,7202,5069,2133,37,1668,2892,1621,663,321,21,857,2133,1295,511,252,16,811,759,326,152,69
2016_4,디지털로27길,387,250,137,1,20,75,115,132,44,0,7,39,65,98,41,1,13,36,50,34,3
2016_4,도림로6길,109,46,63,0,21,30,30,19,9,0,5,13,12,11,5,0,16,17,18,8,4
2016_4,도림로12길,99,37,62,1,21,23,23,28,3,0,3,10,11,10,3,1,18,13,12,18,0
2016_4,남부순환로97길,278,94,184,2,48,61,84,47,36,0,8,14,24,27,21,2,40,47,60,20,15
2016_4,구로중앙로8길,234,83,151,3,27,47,67,56,34,2,6,11,16,20,28,1,21,36,51,36,6
2016_4,구로중앙로7길,177,56,121,0,31,37,53,37,19,0,1,6,23,14,12,0,30,31,30,23,7
2016_4,구로중앙로42길,791,589,202,1,64,145,245,232,104,1,44,106,173,176,89,0,20,39,72,56,15
2016_4,구로중앙로34길,641,335,306,1,45,125,160,166,144,1,25,54,98,87,70,0,20,71,62,79,74
2016_4,구로중앙로28길,3052,1476,1576,5,216,423,569,689,1150,2,85,256,342,393,398,3,131,167,227,296,752
2016_4,구로중앙로19길,8,5,3,0,0,1,3,2,2,0,0,1,2,1,1,0,0,0,1,1,1
2016_4,구로동로8길,151,52,99,0,19,38,37,31,26,0,3,16,12,14,7,0,16,22,25,17,19
2016_4,구로동로7길,162,61,101,0,26,25,51,41,19,0,6,5,15,20,15,0,20,20,36,21,4
2016_4,구로동로42길,27,16,11,0,2,5,11,8,1,0,0,3,6,6,1,0,2,2,5,2,0
2016_4,구로동로41길,440,279,161,1,62,118,137,89,33,1,46,73,81,53,25,0,16,45,56,36,8
2016_4,구로동로38길,50,26,24,0,11,6,18,7,8,0,2,4,11,3,6,0,9,2,7,4,2
2016_4,구로동로28길,191,91,100,1,12,42,65,36,35,0,6,22,27,13,23,1,6,20,38,23,12
2016_4,구로동로15길,21,1,20,0,6,8,1,5,1,0,0,0,0,1,0,0,6,8,1,4,1
2016_4,공원로6가길,302,211,91,0,57,66,96,59,24,0,39,48,66,39,19,0,18,18,30,20,5
2016_4,고척로52길,230,69,161,1,10,44,67,86,22,0,1,14,28,13,13,1,9,30,39,73,9
2016_4,고척로27다길,223,84,139,0,21,34,72,61,35,0,5,10,25,24,20,0,16,24,47,37,15
2016_4,고척로27길,239,101,138,1,29,49,80,63,17,1,7,20,33,30,10,0,22,29,47,33,7
2016_4,고척로21나길,242,64,178,0,26,43,38,86,49,0,3,19,9,15,18,0,23,24,29,71,31
2016_4,경인로47길,850,474,376,6,95,131,236,248,134,1,39,71,136,153,74,5,56,60,100,95,60
2016_4,경인로35길,276,111,165,0,16,50,83,84,43,0,6,19,29,37,20,0,10,31,54,47,23
2016_4,경인로31길,48,15,33,0,3,9,26,8,2,0,0,2,8,3,2,0,3,7,18,5,0
2016_4,경인로15길,141,63,78,0,35,48,28,16,14,0,8,30,9,7,9,0,27,18,19,9,5
2016_4,개봉로3길,268,161,107,2,81,44,68,39,34,0,57,22,29,22,31,2,24,22,39,17,3
2016_4,개봉로2길,475,134,341,3,76,122,143,90,41,3,13,25,42,27,24,0,63,97,101,63,17
2016_4,개봉로23가길,865,505,360,1,100,175,231,226,132,0,36,95,131,146,97,1,64,80,100,80,35
2016_4,개봉로20길,128,72,56,0,17,33,48,18,12,0,8,22,23,9,10,0,9,11,25,9,2
2016_4,개봉로1길,49,24,25,0,8,8,17,9,7,0,3,7,5,3,6,0,5,1,12,6,1
2016_4,개봉로17다길,163,76,87,0,6,27,49,55,26,0,2,7,19,27,21,0,4,20,30,28,5
2016_4,개봉로17길,821,384,437,4,108,177,195,235,102,2,36,112,110,72,52,2,72,65,85,163,50
2016_4,개봉로11길,51,10,41,1,12,11,15,11,1,1,1,1,2,4,1,0,11,10,13,7,0
2016_4,화곡로64길,2939,1601,1338,7,809,865,671,375,212,4,212,553,479,233,120,3,597,312,192,142,92
2016_4,화곡로59길,516,203,313,2,105,174,132,74,29,2,30,65,50,34,22,0,75,109,82,40,7
2016_4,화곡로44나길,803,676,127,0,25,77,157,288,256,0,11,55,127,255,228,0,14,22,30,33,28
2016_4,화곡로31길,1129,403,726,5,183,244,300,248,149,3,37,96,105,80,82,2,146,148,195,168,67
2016_4,화곡로20길,555,332,223,0,39,92,133,181,110,0,12,45,77,106,92,0,27,47,56,75,18
2016_4,화곡로13길,273,98,175,3,29,59,85,89,8,3,8,17,28,38,4,0,21,42,57,51,4
2016_4,초원로16길,594,242,352,1,72,110,101,89,221,1,28,61,53,39,60,0,44,49,48,50,161
2016_4,초록마을로8길,174,34,140,0,36,40,38,43,17,0,4,5,7,9,9,0,32,35,31,34,8
2016_4,초록마을로3길,48,26,22,0,5,12,9,10,12,0,0,4,8,5,9,0,5,8,1,5,3
2016_4,월정로20길,4,2,2,0,0,0,2,2,0,0,0,0,0,2,0,0,0,0,2,0,0
2016_4,우장산로6길,318,193,125,2,21,39,99,118,39,2,9,25,56,74,27,0,12,14,43,44,12
2016_4,양천로73가길,1357,882,475,2,86,251,367,422,229,2,44,137,226,280,193,0,42,114,141,142,36
2016_4,양천로71길,194,127,67,0,25,63,53,30,23,0,15,49,27,15,21,0,10,14,26,15,2
2016_4,양천로49길,724,581,143,0,37,115,169,228,175,0,13,78,134,196,160,0,24,37,35,32,15
2016_4,양천로26길,121,56,65,0,11,18,42,37,13,0,6,7,19,16,8,0,5,11,23,21,5
2016_4,양천로24길,355,129,226,0,25,57,68,110,95,0,10,33,28,26,32,0,15,24,40,84,63
2016_4,양천로24가길,668,309,359,2,79,146,177,171,93,2,26,73,74,82,52,0,53,73,103,89,41
2016_4,양천로14길,342,203,139,1,21,41,95,88,96,0,13,23,57,46,64,1,8,18,38,42,32
2016_4,방화대로6라길,713,451,262,3,85,196,255,127,47,0,45,132,166,83,25,3,40,64,89,44,22
2016_4,방화대로21길,820,488,332,3,94,157,217,199,150,2,36,82,120,127,121,1,58,75,97,72,29
2016_4,등촌로5길,10,3,7,0,0,2,6,2,0,0,0,0,3,0,0,0,0,2,3,2,0
2016_4,등촌로55길,465,323,142,0,27,69,97,135,137,0,7,39,62,97,118,0,20,30,35,38,19
2016_4,등촌로51길,16,11,5,1,4,1,5,4,1,0,0,1,5,4,1,1,4,0,0,0,0
2016_4,등촌로39길,66,23,43,0,2,11,20,25,8,0,2,2,5,10,4,0,0,9,15,15,4
2016_4,등촌로13길,201,104,97,0,25,40,53,60,23,0,11,21,20,36,16,0,14,19,33,24,7
2016_4,남부순환로11길,403,285,118,1,36,121,125,85,35,0,18,88,89,64,26,1,18,33,36,21,9
2016_4,까치산로4길,134,50,84,0,13,31,29,36,25,0,2,13,13,16,6,0,11,18,16,20,19
2016_4,국회대로7길,400,231,169,0,57,108,106,89,40,0,26,64,58,55,28,0,31,44,48,34,12
2016_4,공항대로8길,189,75,114,0,13,39,49,50,38,0,4,25,23,15,8,0,9,14,26,35,30
2016_4,공항대로61길,228,153,75,1,40,72,73,28,14,1,15,55,50,22,10,0,25,17,23,6,4
2016_4,공항대로59다길,839,621,218,4,94,238,193,170,140,1,56,184,143,126,111,3,38,54,50,44,29
2016_4,공항대로59길,1126,719,407,5,169,232,270,261,189,4,79,125,164,192,155,1,90,107,106,69,34
2016_4,공항대로55길,1026,707,319,7,255,361,221,109,73,1,132,259,175,86,54,6,123,102,46,23,19
2016_4,공항대로42길,6,3,3,0,0,0,1,3,2,0,0,0,1,0,2,0,0,0,0,3,0
2016_4,공항대로38길,264,144,120,0,39,54,77,62,32,0,12,28,53,32,19,0,27,26,24,30,13
2016_4,곰달래로60길,596,316,280,1,70,123,151,146,105,1,19,76,83,71,66,0,51,47,68,75,39
2016_4,곰달래로53길,55,16,39,0,6,11,22,11,5,0,1,3,5,3,4,0,5,8,17,8,1
2016_4,곰달래로47길,36,14,22,2,7,7,11,6,3,2,0,3,5,3,1,0,7,4,6,3,2
2016_4,곰달래로31길,9,8,1,0,1,1,7,0,0,0,1,1,6,0,0,0,0,0,1,0,0
2016_4,곰달래로25길,613,246,367,7,94,126,161,130,95,2,22,54,61,54,53,5,72,72,100,76,42
2016_4,개화동로25길,670,428,242,3,61,117,142,172,175,1,27,53,93,114,140,2,34,64,49,58,35
2016_4,개화동로23길,115,78,37,0,9,30,28,32,16,0,3,22,19,20,14,0,6,8,9,12,2
2016_4,강서로8길,142,78,64,0,25,37,40,31,9,0,14,27,19,14,4,0,11,10,21,17,5
2016_4,강서로5라길,289,166,123,0,33,67,95,70,24,0,19,42,55,35,15,0,14,25,40,35,9
2016_4,강서로5나길,122,69,53,0,16,31,27,25,23,0,7,18,14,15,15,0,9,13,13,10,8
2016_4,강서로5가길,45,25,20,0,3,10,6,16,10,0,3,9,3,6,4,0,0,1,3,10,6
2016_4,강서로47라길,91,53,38,0,10,21,32,18,10,0,6,13,20,8,6,0,4,8,12,10,4
2016_4,강서로47길,411,206,205,0,23,85,116,164,23,0,3,45,47,96,15,0,20,40,69,68,8
2016_4,강서로45다길,802,395,407,7,171,155,155,198,116,1,45,61,81,109,98,6,126,94,74,89,18
2016_4,강서로45길,134,62,72,0,18,20,29,40,27,0,2,12,15,16,17,0,16,8,14,24,10
2016_4,강서로35길,179,106,73,0,33,31,50,45,20,0,15,17,31,28,15,0,18,14,19,17,5
2016_4,강서로29길,325,163,162,1,31,56,94,102,41,0,13,33,57,45,15,1,18,23,37,57,26
2016_4,강서로18길,27,15,12,1,0,4,16,5,1,1,0,3,10,1,0,0,0,1,6,4,1
2016_4,강서로17가길,117,52,65,0,17,36,36,18,10,0,8,20,12,7,5,0,9,16,24,11,5
2016_4,강서로15길,262,136,126,3,28,53,75,68,35,2,12,31,34,34,23,1,16,22,41,34,12
2016_4,가로공원로80길,56,26,30,0,4,14,17,17,4,0,2,4,8,10,2,0,2,10,9,7,2
2016_4,가로공원로76가길,26,11,15,0,5,11,6,3,1,0,0,6,5,0,0,0,5,5,1,3,1
2016_4,화곡로4길,253,95,158,1,45,73,70,47,17,0,9,29,22,23,12,1,36,44,48,24,5
2016_4,화곡로3길,178,65,113,0,17,32,55,66,8,0,1,8,15,36,5,0,16,24,40,30,3
2016_4,지양로7길,230,75,155,0,37,48,65,64,16,0,10,9,16,31,9,0,27,39,49,33,7
2016_4,중앙로55길,350,184,166,0,25,75,138,88,24,0,10,37,62,58,17,0,15,38,76,30,7
2016_4,중앙로51길,147,90,57,0,8,33,41,39,26,0,2,20,22,29,17,0,6,13,19,10,9
2016_4,중앙로47길,125,33,92,0,12,19,22,35,37,0,4,9,6,8,6,0,8,10,16,27,31
2016_4,중앙로45길,160,61,99,0,21,29,36,51,23,0,6,14,13,19,9,0,15,15,23,32,14
2016_4,중앙로36길,2,2,0,0,0,0,0,0,2,0,0,0,0,0,2,0,0,0,0,0,0
2016_4,중앙로32길,609,286,323,6,121,122,128,126,106,4,45,79,65,48,45,2,76,43,63,78,61
2016_4,중앙로25길,252,76,176,0,29,56,72,86,9,0,8,20,16,27,5,0,21,36,56,59,4
2016_4,은행정로7길,491,167,324,2,52,71,94,156,116,0,20,33,43,40,31,2,32,38,51,116,85
2016_4,오목로5길,302,174,128,2,41,70,88,70,31,2,24,42,36,45,25,0,17,28,52,25,6
2016_4,오목로3길,445,421,24,0,3,16,58,199,169,0,3,14,47,191,166,0,0,2,11,8,3
2016_4,오목로30길,165,80,85,5,18,28,54,41,19,0,7,13,26,21,13,5,11,15,28,20,6
2016_4,오목로23길,816,463,353,7,123,215,213,159,99,4,68,137,115,85,54,3,55,78,98,74,45
2016_4,신월로20길,205,80,125,0,22,35,51,55,42,0,2,15,22,17,24,0,20,20,29,38,18
2016_4,신월로15길,796,360,436,8,107,166,205,194,116,2,45,77,83,80,73,6,62,89,122,114,43
2016_4,신목로6길,269,150,119,1,32,56,75,68,37,0,14,28,39,49,20,1,18,28,36,19,17
2016_4,신목로5길,901,325,576,6,85,172,302,237,99,2,25,69,93,89,47,4,60,103,209,148,52
2016_4,신목로2길,115,54,61,0,21,22,27,16,29,0,6,15,10,5,18,0,15,7,17,11,11
2016_4,목동중앙서로8가길,177,102,75,0,10,20,37,74,36,0,4,8,24,41,25,0,6,12,13,33,11
2016_4,목동중앙서로7길,263,87,176,2,30,53,65,74,39,2,10,21,21,17,16,0,20,32,44,57,23
2016_4,목동중앙북로8길,363,104,259,0,5,12,45,99,202,0,4,6,14,13,67,0,1,6,31,86,135
2016_4,목동중앙북로16길,270,85,185,0,32,64,87,66,21,0,6,18,29,20,12,0,26,46,58,46,9
2016_4,목동중앙본로7길,111,43,68,1,21,21,34,27,7,0,5,5,14,14,5,1,16,16,20,13,2
2016_4,목동중앙로3길,98,53,45,1,10,12,21,21,33,1,4,5,7,12,24,0,6,7,14,9,9
2016_4,목동중앙로13나길,286,202,84,0,50,105,65,44,22,0,29,75,47,32,19,0,21,30,18,12,3
2016_4,목동중앙남로3가길,576,385,191,2,50,134,139,188,63,0,20,83,78,153,51,2,30,51,61,35,12
2016_4,목동로9길,2483,1632,851,5,167,536,685,545,545,0,43,259,447,399,484,5,124,277,238,146,61
2016_4,목동로19길,999,355,644,4,147,229,259,244,116,4,34,102,92,72,51,0,113,127,167,172,65
2016_4,목동동로12길,419,162,257,0,60,74,119,120,46,0,10,31,44,42,35,0,50,43,75,78,11
2016_4,목동남로4길,10,4,6,0,0,0,5,4,1,0,0,0,0,3,1,0,0,0,5,1,0
2016_4,남부순환로88길,300,118,182,2,32,57,104,80,25,1,6,20,36,35,20,1,26,37,68,45,5
2016_4,남부순환로79길,460,342,118,0,20,42,106,150,142,0,11,30,71,119,111,0,9,12,35,31,31
2016_4,남부순환로70길,550,355,195,1,42,70,152,169,116,1,17,33,85,119,100,0,25,37,67,50,16
2016_4,남부순환로58길,293,125,168,1,25,58,70,116,23,1,19,40,25,26,14,0,6,18,45,90,9
2016_4,남부순환로40길,14,4,10,0,0,1,7,3,3,0,0,0,2,0,2,0,0,1,5,3,1
2016_4,남부순환로33길,1095,898,197,0,43,79,131,111,731,0,18,49,61,62,708,0,25,30,70,49,23
2016_4,곰달래로5길,45,25,20,0,6,13,9,12,5,0,2,7,7,6,3,0,4,6,2,6,2
2016_4,곰달래로3길,393,211,182,1,28,68,142,111,43,0,13,36,76,60,26,1,15,32,66,51,17
2016_4,곰달래로2길,264,144,120,4,39,77,67,52,25,4,14,56,35,26,9,0,25,21,32,26,16
2016_4,곰달래로10길,315,224,91,0,23,39,66,111,76,0,9,20,47,81,67,0,14,19,19,30,9
2016_4,가로공원로58길,79,17,62,0,16,13,28,19,3,0,3,3,6,3,2,0,13,10,22,16,1
2016_4,효창원로93길,103,55,48,0,16,34,43,4,6,0,6,19,25,2,3,0,10,15,18,2,3
2016_4,토정로37길,123,53,70,1,15,28,35,24,20,0,3,11,15,10,14,1,12,17,20,14,6
2016_4,월드컵로8길,1745,843,902,3,194,403,344,361,440,2,47,178,184,152,280,1,147,225,160,209,160
2016_4,월드컵로7길,3,2,1,0,0,1,1,0,1,0,0,0,1,0,1,0,0,1,0,0,0
2016_4,월드컵로36길,149,64,85,0,18,23,42,42,24,0,2,11,15,22,14,0,16,12,27,20,10
2016_4,월드컵로25길,299,169,130,0,48,75,90,52,34,0,24,50,46,25,24,0,24,25,44,27,10
2016_4,월드컵로19길,655,287,368,11,116,133,107,108,180,10,57,87,51,33,49,1,59,46,56,75,131
2016_4,월드컵로16길,3899,2038,1861,53,886,769,778,625,788,20,385,423,371,244,595,33,501,346,407,381,193
2016_4,월드컵로11길,240,93,147,0,67,53,61,42,17,0,23,25,18,17,10,0,44,28,43,25,7
2016_4,월드컵로10길,1554,795,759,4,464,517,309,186,74,1,137,268,203,127,59,3,327,249,106,59,15
2016_4,와우산로3길,147,86,61,0,27,50,45,20,5,0,8,26,32,15,5,0,19,24,13,5,0
2016_4,와우산로29길,153,77,76,0,48,43,36,13,13,0,21,25,19,7,5,0,27,18,17,6,8
2016_4,와우산로29가길,18,7,11,0,3,5,8,2,0,0,0,1,5,1,0,0,3,4,3,1,0
2016_4,양화진길,444,304,140,1,55,133,114,107,34,0,18,87,81,91,27,1,37,46,33,16,7
2016_4,양화로1길,3912,1868,2044,44,858,1596,973,308,133,0,202,791,605,202,68,44,656,805,368,106,65
2016_4,양화로11길,354,227,127,1,65,96,112,49,31,0,21,62,91,33,20,1,44,34,21,16,11
2016_4,신촌로30길,30,16,14,5,1,3,11,8,2,4,0,3,4,3,2,1,1,0,7,5,0
2016_4,신촌로28가길,108,42,66,0,7,28,35,20,18,0,0,5,14,11,12,0,7,23,21,9,6
2016_4,신촌로12길,1309,607,702,4,363,301,252,208,181,2,228,168,89,47,73,2,135,133,163,161,108
2016_4,숭문길,2984,2046,938,2,171,371,533,1250,657,0,58,252,389,875,472,2,113,119,144,375,185
2016_4,숭문8길,117,69,48,0,10,23,38,35,11,0,0,8,28,25,8,0,10,15,10,10,3
2016_4,성지3길,435,231,204,0,94,136,129,56,20,0,35,76,72,35,13,0,59,60,57,21,7
2016_4,성산로4길,1687,1059,628,14,303,428,396,338,208,4,108,264,274,244,165,10,195,164,122,94,43
2016_4,성미산로32길,392,170,222,0,117,123,83,41,28,0,29,59,48,18,16,0,88,64,35,23,12
2016_4,성미산로1길,638,441,197,3,89,149,157,101,139,1,37,98,95,74,136,2,52,51,62,27,3
2016_4,성미산로11길,1056,698,358,14,195,368,243,165,71,11,90,236,169,137,55,3,105,132,74,28,16
2016_4,백범로16길,574,300,274,83,191,127,78,71,24,36,93,63,45,46,17,47,98,64,33,25,7
2016_4,방울내로9안길,328,196,132,0,25,67,105,83,48,0,5,31,60,57,43,0,20,36,45,26,5
2016_4,모래내로7길,246,130,116,1,22,53,85,50,35,0,4,25,49,31,21,1,18,28,36,19,14
2016_4,매봉산로2길,2009,1313,696,11,365,818,625,157,33,5,131,527,511,118,21,6,234,291,114,39,12
2016_4,망원로2길,207,125,82,0,35,63,61,36,12,0,13,39,38,26,9,0,22,24,23,10,3
2016_4,망원로11길,1039,574,465,2,136,292,298,203,108,1,51,168,179,112,63,1,85,124,119,91,45
2016_4,만리재옛길,1407,589,818,20,523,424,259,112,69,10,253,211,43,36,36,10,270,213,216,76,33
2016_4,마포대로4길,181,97,84,0,20,42,40,50,29,0,13,29,22,19,14,0,7,13,18,31,15
2016_4,마포대로20길,1156,587,569,1,248,320,321,178,88,1,71,154,201,112,48,0,177,166,120,66,40
2016_4,마포대로12길,64,36,28,0,1,9,22,24,8,0,1,4,13,12,6,0,0,5,9,12,2
2016_4,동교로38길,250,119,131,0,70,85,61,23,11,0,34,38,28,10,9,0,36,47,33,13,2
2016_4,동교로27길,3470,1565,1905,9,735,1035,616,687,388,2,257,561,381,228,136,7,478,474,235,459,252
2016_4,동교로25길,557,264,293,4,146,239,130,30,8,4,35,129,68,23,5,0,111,110,62,7,3
2016_4,동교로19길,4667,2944,1723,25,776,1164,1102,1002,598,5,326,799,823,631,360,20,450,365,279,371,238
2016_4,동교로17길,767,392,375,2,168,220,212,115,50,0,61,103,138,64,26,2,107,117,74,51,24
2016_4,독막로8길,307,139,168,0,57,89,76,59,26,0,13,40,40,31,15,0,44,49,36,28,11
2016_4,독막로32길,472,200,272,1,63,126,155,88,39,1,18,58,67,30,26,0,45,68,88,58,13
2016_4,독막로22길,104,56,48,2,21,26,16,22,17,0,8,10,7,18,13,2,13,16,9,4,4
2016_4,도화길,1033,531,502,9,173,243,244,189,175,3,69,132,140,83,104,6,104,111,104,106,71
2016_4,도화4길,351,115,236,1,39,69,88,95,59,1,10,21,19,24,40,0,29,48,69,71,19
2016_4,대흥로28길,55,40,15,0,11,21,16,6,1,0,3,17,15,4,1,0,8,4,1,2,0
2016_4,대흥로21길,484,91,393,2,64,97,190,73,58,1,13,25,24,10,18,1,51,72,166,63,40
2016_4,광성로6길,116,77,39,0,15,29,32,22,18,0,4,23,21,15,14,0,11,6,11,7,4
2016_4,홍제내길,113,64,49,0,12,38,22,31,10,0,4,29,12,15,4,0,8,9,10,16,6
2016_4,홍연길,76,44,32,0,4,25,20,23,4,0,3,17,9,13,2,0,1,8,11,10,2
2016_4,통일로39길,11,9,2,0,2,1,3,3,2,0,1,1,3,2,2,0,1,0,0,1,0
2016_4,통일로37길,360,139,221,1,60,77,93,77,52,0,16,25,37,35,26,1,44,52,56,42,26
2016_4,통일로11길,11,10,1,0,1,4,5,1,0,0,1,3,5,1,0,0,0,1,0,0,0
2016_4,충정로6길,15729,8688,7041,70,2536,5145,5069,2484,425,50,974,2639,3119,1570,336,20,1562,2506,1950,914,89
2016_4,충정로4길,3015,2019,996,7,450,1397,854,240,67,0,154,916,668,219,62,7,296,481,186,21,5
2016_4,증가로6길,188,69,119,0,19,48,40,49,32,0,5,17,22,19,6,0,14,31,18,30,26
2016_4,증가로23나길,444,217,227,4,83,128,117,74,38,2,44,60,52,35,24,2,39,68,65,39,14
2016_4,증가로20가길,237,78,159,0,39,56,60,63,19,0,8,16,13,28,13,0,31,40,47,35,6
2016_4,증가로10길,163,91,72,0,21,30,35,38,39,0,2,12,18,25,34,0,19,18,17,13,5
2016_4,응암로1길,361,255,106,2,14,48,100,140,57,0,6,29,65,108,47,2,8,19,35,32,10
2016_4,연희로10길,118,83,35,0,13,15,38,35,17,0,3,9,30,27,14,0,10,6,8,8,3
2016_4,신촌로37길,152,64,88,1,24,21,42,38,26,0,4,8,20,19,13,1,20,13,22,19,13
2016_4,수색로8길,2631,2517,114,0,10,19,49,268,2285,0,2,10,33,252,2220,0,8,9,16,16,65
2016_4,세무서길,332,122,210,0,43,75,107,68,39,0,7,27,39,26,23,0,36,48,68,42,16
2016_4,세검정로1길,334,176,158,3,45,86,84,58,58,1,20,45,47,25,38,2,25,41,37,33,20
2016_4,북아현로4길,421,94,327,0,48,61,93,138,81,0,12,16,18,23,25,0,36,45,75,115,56
2016_4,모래내로15길,95,24,71,0,7,14,23,29,22,0,2,1,9,6,6,0,5,13,14,23,16
2016_4,명지대길,387,289,98,2,32,49,84,124,96,0,12,26,58,105,88,2,20,23,26,19,8
2016_4,독립문로8길,773,287,486,1,176,197,180,141,78,0,46,73,85,47,36,1,130,124,95,94,42
2016_4,가재울로6길,15,8,7,0,2,2,7,1,3,0,0,1,6,0,1,0,2,1,1,1,2
2016_4,통일로92길,77,39,38,1,18,12,23,16,7,1,12,9,6,5,6,0,6,3,17,11,1
2016_4,통일로87길,226,111,115,0,18,38,77,68,25,0,5,14,40,35,17,0,13,24,37,33,8
2016_4,통일로78길,212,63,149,0,29,53,44,50,36,0,4,22,12,11,14,0,25,31,32,39,22
2016_4,진흥로1길,470,139,331,1,65,121,167,96,20,1,22,41,41,21,13,0,43,80,126,75,7
2016_4,진흥로12길,491,204,287,0,48,104,172,101,66,0,8,43,80,37,36,0,40,61,92,64,30
2016_4,증산서길,577,297,280,3,66,102,139,139,128,0,10,30,47,87,123,3,56,72,92,52,5
2016_4,증산로9길,103,34,69,0,14,31,34,23,1,0,5,7,14,7,1,0,9,24,20,16,0
2016_4,증산로5길,772,404,368,5,71,150,198,227,121,0,33,52,84,145,90,5,38,98,114,82,31
2016_4,증산로21길,260,164,96,0,32,31,49,80,68,0,11,14,25,61,53,0,21,17,24,19,15
2016_4,증산로17길,748,357,391,2,36,97,200,186,227,1,11,44,91,103,107,1,25,53,109,83,120
2016_4,증산로15길,204,76,128,0,22,34,54,55,39,0,4,12,17,24,19,0,18,22,37,31,20
2016_4,증산로13길,73,40,33,1,3,15,18,28,8,1,1,11,10,12,5,0,2,4,8,16,3
2016_4,응암로34길,63,40,23,4,5,18,11,16,9,1,3,10,7,10,9,3,2,8,4,6,0
2016_4,응암로22길,148,49,99,0,14,30,37,36,31,0,5,7,12,11,14,0,9,23,25,25,17
2016_4,응암로14길,382,127,255,2,65,88,119,82,26,1,12,27,36,35,16,1,53,61,83,47,10
2016_4,응암로13길,291,117,174,2,41,54,99,68,27,2,14,19,43,26,13,0,27,35,56,42,14
2016_4,응암로12길,218,106,112,0,29,59,61,46,23,0,7,31,29,23,16,0,22,28,32,23,7
2016_4,은평로8길,263,133,130,1,54,51,61,64,32,1,26,30,35,27,14,0,28,21,26,37,18
2016_4,은평로3길,291,79,212,2,35,68,92,64,30,0,7,18,19,17,18,2,28,50,73,47,12
2016_4,은평로20길,24,9,15,0,2,5,8,8,1,0,1,1,3,3,1,0,1,4,5,5,0
2016_4,은평로13길,491,324,167,2,49,94,147,120,79,2,23,60,95,80,64,0,26,34,52,40,15
2016_4,은평로10길,367,210,157,1,35,108,101,71,51,1,19,70,46,42,32,0,16,38,55,29,19
2016_4,연서로5길,44,13,31,0,3,10,15,14,2,0,1,2,5,5,0,0,2,8,10,9,2
2016_4,연서로41길,242,69,173,0,21,53,77,67,24,0,6,15,19,16,13,0,15,38,58,51,11
2016_4,연서로3길,109,39,70,1,16,20,30,33,9,1,8,8,11,8,3,0,8,12,19,25,6
2016_4,연서로34길,155,46,109,0,22,37,42,38,16,0,4,11,12,8,11,0,18,26,30,30,5
2016_4,연서로33길,25,8,17,0,2,7,9,4,3,0,0,0,4,2,2,0,2,7,5,2,1
2016_4,연서로29길,342,132,210,2,50,84,91,83,32,0,18,38,28,33,15,2,32,46,63,50,17
2016_4,연서로28길,702,303,399,6,92,150,178,139,137,1,27,71,93,52,59,5,65,79,85,87,78
2016_4,연서로27길,62,29,33,0,15,11,15,14,7,0,3,4,7,10,5,0,12,7,8,4,2
2016_4,연서로21길,340,214,126,2,37,64,124,81,32,0,24,48,67,50,25,2,13,16,57,31,7
2016_4,연서로17길,1122,327,795,2,157,219,294,301,149,0,37,97,92,57,44,2,120,122,202,244,105
2016_4,연서로16길,275,110,165,3,64,72,63,51,22,0,19,34,22,22,13,3,45,38,41,29,9
2016_4,연서로13길,711,225,486,7,103,163,211,185,42,0,35,65,76,30,19,7,68,98,135,155,23
2016_4,연서로11길,236,108,128,0,25,39,80,68,24,0,11,21,33,31,12,0,14,18,47,37,12
2016_4,역말로9길,14,10,4,0,0,5,4,3,2,0,0,4,3,2,1,0,0,1,1,1,1
2016_4,수색로18길,23,12,11,0,2,7,6,4,4,0,0,3,3,3,3,0,2,4,3,1,1
2016_4,서오릉로8길,16,1,15,0,7,2,5,1,1,0,0,1,0,0,0,0,7,1,5,1,1
2016_4,서오릉로21길,457,132,325,1,34,82,119,89,132,1,11,25,40,19,36,0,23,57,79,70,96
2016_4,불광천길,168,83,85,0,16,30,40,54,28,0,7,15,20,23,18,0,9,15,20,31,10
2016_4,갈현로7길,967,269,698,1,179,244,243,205,95,0,50,84,65,47,23,1,129,160,178,158,72
2016_4,갈현로41길,83,32,51,0,10,24,20,20,9,0,3,10,7,9,3,0,7,14,13,11,6
2016_4,갈현로33길,36,8,28,0,11,7,10,6,2,0,1,1,3,2,1,0,10,6,7,4,1
2016_4,갈현로1길,166,77,89,0,15,39,49,27,36,0,6,26,19,6,20,0,9,13,30,21,16
2016_4,가좌로7길,60,27,33,0,13,11,13,13,10,0,1,3,7,6,10,0,12,8,6,7,0
2016_4,한글비석로44길,445,243,202,0,36,69,110,134,96,0,11,36,50,72,74,0,25,33,60,62,22
2016_4,한글비석로24길,394,149,245,0,25,52,85,126,106,0,9,20,33,45,42,0,16,32,52,81,64
2016_4,한글비석로22길,796,321,475,3,70,136,232,241,114,0,24,70,95,80,52,3,46,66,137,161,62
2016_4,석계로1길,107,68,39,0,10,17,34,40,6,0,7,8,21,27,5,0,3,9,13,13,1
2016_4,상계로9가길,282,112,170,3,29,39,71,83,57,0,7,18,25,33,29,3,22,21,46,50,28
2016_4,상계로12길,24,16,8,6,0,0,7,10,1,6,0,0,5,5,0,0,0,0,2,5,1
2016_4,동일로242길,293,191,102,0,11,40,74,62,106,0,6,23,39,38,85,0,5,17,35,24,21
2016_4,동일로192길,420,194,226,3,47,52,86,110,122,3,25,32,43,35,56,0,22,20,43,75,66
2016_4,동일로173가길,2379,1366,1013,8,242,457,619,626,427,4,94,332,339,292,305,4,148,125,280,334,122
2016_4,공릉로58길,118,43,75,0,3,22,36,35,22,0,1,11,14,11,6,0,2,11,22,24,16
2016_4,해등로16길,85,64,21,0,13,26,27,13,6,0,7,21,20,11,5,0,6,5,7,2,1
2016_4,우이천로4다길,181,107,74,1,13,31,58,54,24,1,4,18,28,38,18,0,9,13,30,16,6
2016_4,우이천로32길,99,56,43,0,10,23,33,26,7,0,2,19,16,13,6,0,8,4,17,13,1
2016_4,시루봉로23길,50,22,28,1,7,8,15,13,6,1,0,3,6,9,3,0,7,5,9,4,3
2016_4,삼양로144길,72,54,18,0,8,15,21,18,10,0,4,10,16,15,9,0,4,5,5,3,1
2016_4,방학로6가길,223,139,84,0,15,36,64,31,77,0,3,22,31,14,69,0,12,14,33,17,8
2016_4,방학로5길,116,69,47,1,20,13,24,35,23,0,15,11,13,17,13,1,5,2,11,18,10
2016_4,방학로15길,342,222,120,0,14,43,84,117,84,0,4,23,45,75,75,0,10,20,39,42,9
2016_4,방학로10길,176,69,107,0,13,27,26,41,69,0,4,15,7,14,29,0,9,12,19,27,40
2016_4,도봉산4길,328,283,45,1,7,25,98,141,56,1,2,19,92,122,47,0,5,6,6,19,9
2016_4,도봉로181길,191,82,109,0,20,34,51,53,33,0,8,15,23,17,19,0,12,19,28,36,14
2016_4,도봉로169나길,301,133,168,3,35,55,64,80,64,2,10,23,37,34,27,1,25,32,27,46,37
2016_4,도봉로156길,252,135,117,2,33,59,67,50,41,2,16,33,39,24,21,0,17,26,28,26,20
2016_4,도봉로152가길,412,369,43,0,13,30,63,157,149,0,5,25,49,150,140,0,8,5,14,7,9
2016_4,도봉로147길,569,321,248,2,52,122,158,176,59,0,26,83,104,90,18,2,26,39,54,86,41
2016_4,도봉로114길,475,165,310,2,91,112,117,116,37,0,15,31,44,53,22,2,76,81,73,63,15
2016_4,도봉로109길,21,7,14,0,2,5,7,3,4,0,0,2,1,0,4,0,2,3,6,3,0
2016_4,도당로29길,865,508,357,8,163,210,221,183,80,8,71,121,112,125,71,0,92,89,109,58,9
2016_4,도당로19길,206,88,118,0,15,37,67,61,26,0,4,23,27,25,9,0,11,14,40,36,17
2016_4,도당로13바길,201,80,121,0,27,39,54,54,27,0,5,24,16,21,14,0,22,15,38,33,13
2016_4,도당로13가길,153,59,94,0,10,33,46,42,22,0,2,14,21,12,10,0,8,19,25,30,12
2016_4,덕릉로60길,77,42,35,0,6,16,32,18,5,0,2,10,14,12,4,0,4,6,18,6,1
2016_4,노해로63다길,595,260,335,1,99,152,144,140,59,0,32,76,72,50,30,1,67,76,72,90,29
2016_4,노해로60길,303,125,178,5,39,60,93,77,29,0,10,26,34,44,11,5,29,34,59,33,18
2016_4,한천로140길,92,48,44,0,8,12,20,26,26,0,2,8,7,16,15,0,6,4,13,10,11
2016_4,한천로139가길,43,24,19,0,4,9,18,8,4,0,1,7,10,5,1,0,3,2,8,3,3
2016_4,한천로132길,324,132,192,1,79,69,60,68,47,0,24,34,22,26,26,1,55,35,38,42,21
2016_4,한천로130길,289,125,164,0,41,79,80,70,19,0,12,33,37,32,11,0,29,46,43,38,8
2016_4,한천로124나길,87,45,42,0,7,16,26,26,12,0,4,8,9,15,9,0,3,8,17,11,3
2016_4,한천로109길,604,273,331,7,104,126,176,137,54,5,38,54,85,62,29,2,66,72,91,75,25
2016_4,인수봉로79길,180,44,136,0,22,53,52,39,14,0,4,10,15,6,9,0,18,43,37,33,5
2016_4,인수봉로72길,88,41,47,0,12,16,22,21,17,0,3,9,10,8,11,0,9,7,12,13,6
2016_4,인수봉로56길,10,1,9,0,2,6,1,1,0,0,0,1,0,0,0,0,2,5,1,1,0
2016_4,오패산로67길,538,282,256,3,74,108,142,113,98,1,32,65,71,61,52,2,42,43,71,52,46
2016_4,오패산로52길,90,28,62,2,12,21,30,15,10,1,1,6,7,7,6,1,11,15,23,8,4
2016_4,수유로12길,275,177,98,4,28,74,72,44,53,2,12,50,48,24,41,2,16,24,24,20,12
2016_4,솔샘로65길,507,229,278,5,45,107,168,123,59,0,9,34,80,59,47,5,36,73,88,64,12
2016_4,솔매로50길,720,289,431,1,100,194,216,146,63,1,25,66,69,79,49,0,75,128,147,67,14
2016_4,솔매로45길,179,84,95,0,12,22,61,59,25,0,5,8,27,32,12,0,7,14,34,27,13
2016_4,솔매로41길,80,21,59,0,9,15,23,24,9,0,0,5,7,4,5,0,9,10,16,20,4
2016_4,삼양로93길,18,4,14,0,0,4,9,4,1,0,0,0,2,1,1,0,0,4,7,3,0
2016_4,삼양로77길,398,133,265,0,51,62,123,107,55,0,18,27,42,27,19,0,33,35,81,80,36
2016_4,삼양로54길,8,4,4,0,1,2,1,4,0,0,0,1,0,3,0,0,1,1,1,1,0
2016_4,삼양로41길,289,129,160,0,28,64,96,65,36,0,13,25,44,27,20,0,15,39,52,38,16
2016_4,삼양로24길,86,37,49,0,12,11,24,21,18,0,4,7,12,6,8,0,8,4,12,15,10
2016_4,삼양로20길,128,46,82,0,16,33,37,32,10,0,2,12,12,10,10,0,14,21,25,22,0
2016_4,삼각산로28길,742,391,351,2,75,141,154,189,181,1,26,62,72,114,116,1,49,79,82,75,65
2016_4,도봉로99길,186,91,95,1,21,40,49,51,24,1,10,20,24,27,9,0,11,20,25,24,15
2016_4,도봉로8길,239,170,69,0,49,70,62,36,22,0,39,57,44,17,13,0,10,13,18,19,9
2016_4,도봉로76길,395,210,185,5,58,70,85,81,96,2,32,42,38,38,58,3,26,28,47,43,38
2016_4,도봉로67길,5,3,2,0,0,0,4,1,0,0,0,0,2,1,0,0,0,0,2,0,0
2016_4,도봉로45길,127,82,45,0,7,27,39,26,28,0,2,17,25,16,22,0,5,10,14,10,6
2016_4,도봉로18길,383,167,216,0,29,78,112,97,67,0,12,47,46,34,28,0,17,31,66,63,39
2016_4,도봉로13길,28,9,19,0,2,0,12,8,6,0,0,0,2,3,4,0,2,0,10,5,2
2016_4,덕릉로41길,778,628,150,0,84,235,200,222,37,0,58,195,175,180,20,0,26,40,25,42,17
2016_4,덕릉로40길,903,704,199,6,66,109,257,322,143,5,43,75,204,269,108,1,23,34,53,53,35
2016_4,노해로33길,34,13,21,0,9,8,9,7,1,0,1,2,5,4,1,0,8,6,4,3,0
2016_4,노해로17길,231,65,166,0,26,28,55,75,47,0,1,16,23,15,10,0,25,12,32,60,37
2016_4,화랑로40길,152,82,70,1,15,39,39,42,16,1,4,17,22,26,12,0,11,22,17,16,4
2016_4,화랑로32길,438,320,118,5,73,159,136,54,11,0,33,132,97,49,9,5,40,27,39,5,2
2016_4,화랑로1길,176,93,83,0,16,30,42,67,21,0,5,16,22,43,7,0,11,14,20,24,14
2016_4,화랑로19길,491,258,233,1,49,125,166,107,43,0,24,60,96,50,28,1,25,65,70,57,15
2016_4,화랑로14길,56,24,32,1,7,7,26,14,1,1,2,1,15,5,0,0,5,6,11,9,1
2016_4,화랑로13길,90,43,47,0,12,26,33,17,2,0,5,11,15,10,2,0,7,15,18,7,0
2016_4,한천로76길,128,73,55,0,4,22,43,35,24,0,3,15,29,15,11,0,1,7,14,20,13
2016_4,한천로101가길,50,30,20,0,2,10,15,19,4,0,1,6,10,10,3,0,1,4,5,9,1
2016_4,창경궁로43길,29,17,12,0,6,7,8,6,2,0,3,5,4,4,1,0,3,2,4,2,1
2016_4,지봉로20길,102,59,43,2,11,15,32,27,15,0,7,7,23,10,12,2,4,8,9,17,3
2016_4,종암로5길,118,82,36,0,10,37,37,22,12,0,8,30,26,12,6,0,2,7,11,10,6
2016_4,종암로24가길,272,136,136,3,50,70,64,68,17,0,21,33,30,40,12,3,29,37,34,28,5
2016_4,종암로21길,142,51,91,0,16,24,52,35,15,0,2,8,20,11,10,0,14,16,32,24,5
2016_4,종암로19길,406,121,285,3,97,75,88,101,42,1,18,32,34,19,17,2,79,43,54,82,25
2016_4,종암로16길,79,33,46,0,13,20,22,13,11,0,4,9,7,3,10,0,9,11,15,10,1
2016_4,정릉로8길,181,102,79,0,24,51,41,34,31,0,5,30,21,19,27,0,19,21,20,15,4
2016_4,정릉로27길,205,87,118,1,35,43,57,45,24,1,14,16,27,16,13,0,21,27,30,29,11
2016_4,장위로50길,906,505,401,3,99,113,198,259,234,0,37,67,114,144,143,3,62,46,84,115,91
2016_4,장월로1길,432,190,242,1,76,92,110,98,55,1,31,55,41,39,23,0,45,37,69,59,32
2016_4,인촌로6길,2459,1315,1144,10,256,423,576,576,618,4,87,262,253,303,406,6,169,161,323,273,212
2016_4,인촌로5길,30,3,27,0,1,3,8,14,4,0,0,1,0,1,1,0,1,2,8,13,3
2016_4,인촌로24길,198,133,65,0,40,74,45,26,13,0,26,61,33,10,3,0,14,13,12,16,10
2016_4,개운사길,3303,2020,1283,6,362,983,976,714,262,2,106,484,657,563,208,4,256,499,319,151,54
2016_4,인촌로1길,155,108,47,0,21,51,43,30,10,0,10,33,34,23,8,0,11,18,9,7,2
2016_4,인촌로17가길,3197,1191,2006,1,902,1108,719,396,71,1,152,383,365,233,57,0,750,725,354,163,14
2016_4,오패산로4길,588,179,409,5,111,122,145,127,78,2,27,43,40,36,31,3,84,79,105,91,47
2016_4,오패산로3길,1126,631,495,12,181,320,302,202,109,1,83,185,191,119,52,11,98,135,111,83,57
2016_4,오패산로19길,43,17,26,0,7,17,13,4,2,0,0,9,6,0,2,0,7,8,7,4,0
2016_4,안암로5길,605,358,247,1,90,152,170,116,76,0,28,81,110,77,62,1,62,71,60,39,14
2016_4,아리랑로4길,615,234,381,3,46,98,161,184,123,1,19,39,58,62,55,2,27,59,103,122,68
2016_4,솔샘로6길,146,69,77,1,34,36,35,29,11,1,14,22,17,11,4,0,20,14,18,18,7
2016_4,성북로8길,50,23,27,0,16,14,10,5,5,0,6,5,7,2,3,0,10,9,3,3,2
2016_4,삼양로8길,88,50,38,1,35,14,17,17,4,1,18,7,12,9,3,0,17,7,5,8,1
2016_4,삼선교로16가길,712,408,304,0,180,102,171,188,71,0,82,46,115,118,47,0,98,56,56,70,24
2016_4,삼선교로10다길,100,47,53,0,16,23,21,25,15,0,3,17,11,12,4,0,13,6,10,13,11
2016_4,삼선교로10길,248,115,133,2,37,59,83,47,20,0,10,21,38,28,18,2,27,38,45,19,2
2016_4,보문로32길,923,387,536,0,245,172,255,181,70,0,23,77,138,108,41,0,222,95,117,73,29
2016_4,보문로31길,723,291,432,2,161,167,174,139,80,1,56,71,71,55,37,1,105,96,103,84,43
2016_4,보문로13길,774,462,312,0,11,27,55,111,570,0,4,6,23,50,379,0,7,21,32,61,191
2016_4,보국문로16길,296,198,98,0,10,29,61,129,67,0,0,14,39,98,47,0,10,15,22,31,20
2016_4,동소문로26가길,289,164,125,1,50,87,78,36,37,0,19,58,54,15,18,1,31,29,24,21,19
2016_4,동소문로15길,67,35,32,0,8,24,23,8,4,0,5,14,11,2,3,0,3,10,12,6,1
2016_4,동소문로13길,412,217,195,3,76,114,100,62,57,1,22,65,59,32,38,2,54,49,41,30,19
2016_4,돌곶이로8길,202,104,98,0,23,64,50,47,18,0,7,27,30,30,10,0,16,37,20,17,8
2016_4,돌곶이로41길,59,30,29,0,7,13,14,17,8,0,3,7,7,9,4,0,4,6,7,8,4
2016_4,돌곶이로28길,229,154,75,0,33,81,71,32,12,0,19,66,44,17,8,0,14,15,27,15,4
2016_4,돌곶이로27길,71,39,32,0,5,12,22,24,8,0,2,5,12,13,7,0,3,7,10,11,1
2016_4,돌곶이로22길,97,47,50,0,15,25,22,27,8,0,5,15,9,13,5,0,10,10,13,14,3
2016_4,길음로7길,8,5,3,0,0,3,3,0,2,0,0,2,2,0,1,0,0,1,1,0,1
2016_4,중랑천로10길,712,385,327,11,160,146,204,125,66,6,73,72,122,67,45,5,87,74,82,58,21
2016_4,용마산로94길,441,266,175,0,85,42,139,133,42,0,42,21,80,89,34,0,43,21,59,44,8
2016_4,용마산로118길,569,284,285,1,75,125,159,119,90,0,27,63,73,59,62,1,48,62,86,60,28
2016_4,용마산로112길,291,133,158,0,42,63,71,66,49,0,14,28,26,28,37,0,28,35,45,38,12
2016_4,용마산로100길,429,292,137,2,37,42,81,146,121,0,7,16,46,114,109,2,30,26,35,32,12
2016_4,신내로7가길,265,69,196,0,31,55,88,60,31,0,1,11,25,19,13,0,30,44,63,41,18
2016_4,사가정로54길,121,38,83,0,25,23,35,26,12,0,4,4,12,10,8,0,21,19,23,16,4
2016_4,사가정로42길,66,19,47,0,5,8,19,16,18,0,0,2,4,7,6,0,5,6,15,9,12
2016_4,봉화산로56길,573,141,432,3,66,83,139,187,95,1,28,38,31,29,14,2,38,45,108,158,81
2016_4,봉화산로4길,400,139,261,0,34,55,111,147,53,0,12,26,34,40,27,0,22,29,77,107,26
2016_4,봉화산로30길,380,242,138,2,32,60,91,125,70,1,12,37,49,89,54,1,20,23,42,36,16
2016_4,봉우재로33길,109,41,68,0,24,21,31,20,13,0,10,8,9,4,10,0,14,13,22,16,3
2016_4,면목로78길,306,166,140,1,34,52,96,79,44,0,12,35,48,41,30,1,22,17,48,38,14
2016_4,면목로56길,222,161,61,1,17,28,45,83,48,1,4,14,28,72,42,0,13,14,17,11,6
2016_4,면목로55길,436,133,303,0,34,71,113,142,76,0,8,20,42,38,25,0,26,51,71,104,51
2016_4,면목로49길,541,175,366,1,190,193,95,47,15,1,29,68,44,23,10,0,161,125,51,24,5
2016_4,면목로48길,118,58,60,4,14,32,32,24,12,4,5,19,12,13,5,0,9,13,20,11,7
2016_4,면목로45길,66,28,38,1,14,15,17,12,7,0,3,6,9,5,5,1,11,9,8,7,2
2016_4,면목로33길,397,156,241,5,51,100,117,87,37,5,14,37,47,30,23,0,37,63,70,57,14
2016_4,면목로21길,45,33,12,1,12,5,15,10,2,1,8,3,11,8,2,0,4,2,4,2,0
2016_4,망우로73길,8,4,4,0,0,0,5,2,1,0,0,0,2,1,1,0,0,0,3,1,0
2016_4,망우로68길,84,36,48,0,13,21,23,19,8,0,1,8,7,15,5,0,12,13,16,4,3
2016_4,동일로163길,104,66,38,0,9,21,43,22,9,0,3,14,28,16,5,0,6,7,15,6,4
2016_4,동일로157길,193,96,97,1,33,53,50,35,21,0,11,24,27,20,14,1,22,29,23,15,7
2016_4,동일로149길,1144,840,304,0,174,316,317,294,43,0,111,220,241,242,26,0,63,96,76,52,17
2016_4,동일로140길,217,83,134,2,21,45,68,58,23,1,8,15,31,19,9,1,13,30,37,39,14
2016_4,동일로139길,64,41,23,0,6,11,23,16,8,0,2,7,15,13,4,0,4,4,8,3,4
2016_4,동일로139가길,1122,663,459,0,98,221,229,190,384,0,44,131,132,84,272,0,54,90,97,106,112
2016_4,동일로130길,98,23,75,0,9,20,40,21,8,0,3,5,5,3,7,0,6,15,35,18,1
2016_4,동일로123길,171,82,89,1,19,30,54,37,30,1,5,17,23,19,17,0,14,13,31,18,13
2016_4,동일로112길,174,75,99,0,24,23,44,54,29,0,8,13,12,25,17,0,16,10,32,29,12
2016_4,동일로101길,291,115,176,0,29,55,79,86,42,0,6,25,35,28,21,0,23,30,44,58,21
2016_4,동일로100길,31,14,17,0,3,9,6,9,4,0,1,4,3,4,2,0,2,5,3,5,2
2016_4,답십리로75길,99,53,46,0,8,17,42,21,11,0,3,7,22,12,9,0,5,10,20,9,2
2016_4,공릉로2길,657,304,353,2,91,169,184,139,72,1,25,78,82,72,46,1,66,91,102,67,26
2016_4,공릉로12가길,39,25,14,1,5,2,10,11,10,1,2,2,7,6,7,0,3,0,3,5,3
2016_4,겸재로54길,116,58,58,0,7,26,29,38,16,0,3,16,12,18,9,0,4,10,17,20,7
2016_4,겸재로36길,226,194,32,0,9,22,49,82,64,0,4,16,40,71,63,0,5,6,9,11,1
2016_4,겸재로29길,435,187,248,2,47,91,135,106,54,1,9,32,66,50,29,1,38,59,69,56,25
2016_4,휘경로3길,225,108,117,2,57,47,69,35,15,0,21,23,37,17,10,2,36,24,32,18,5
2016_4,휘경로2길,7,3,4,0,2,1,3,1,0,0,0,0,2,1,0,0,2,1,1,0,0
2016_4,휘경로23길,16,0,16,0,2,0,10,4,0,0,0,0,0,0,0,0,2,0,10,4,0
2016_4,휘경로14길,104,42,62,0,6,10,20,18,50,0,1,6,13,6,16,0,5,4,7,12,34
2016_4,한천로46길,391,131,260,2,39,74,133,99,44,2,10,25,40,32,22,0,29,49,93,67,22
2016_4,한천로40길,316,160,156,4,24,56,82,110,40,2,11,30,36,58,23,2,13,26,46,52,17
2016_4,한천로33길,74,30,44,0,16,20,7,18,13,0,4,14,4,6,2,0,12,6,3,12,11
2016_4,한천로14길,621,371,250,8,67,149,175,143,79,6,30,102,109,76,48,2,37,47,66,67,31
2016_4,천호대로97길,333,214,119,0,50,68,90,81,44,0,21,49,55,55,34,0,29,19,35,26,10
2016_4,천호대로77길,2015,1067,948,6,176,337,409,586,501,3,84,172,240,301,267,3,92,165,169,285,234
2016_4,천호대로45길,163,99,64,0,13,20,34,52,44,0,6,15,22,24,32,0,7,5,12,28,12
2016_4,천호대로17길,2212,1415,797,8,264,523,422,457,538,5,85,340,274,284,427,3,179,183,148,173,111
2016_4,천호대로12길,839,566,273,11,139,240,204,178,67,10,79,158,143,130,46,1,60,82,61,48,21
2016_4,천장산로7길,1440,886,554,0,104,375,441,405,115,0,36,173,282,297,98,0,68,202,159,108,17
2016_4,제기로5길,195,102,93,0,14,33,55,67,26,0,12,27,28,26,9,0,2,6,27,41,17
2016_4,제기로21길,220,141,79,0,28,37,73,62,20,0,9,18,55,47,12,0,19,19,18,15,8
2016_4,전농로4길,704,444,260,0,98,187,187,148,84,0,56,129,120,95,44,0,42,58,67,53,40
2016_4,전농로3길,93,41,52,0,23,14,33,17,6,0,9,10,13,6,3,0,14,4,20,11,3
2016_4,전농로29길,312,135,177,3,36,88,98,68,19,2,16,33,39,31,14,1,20,55,59,37,5
2016_4,장한로8길,875,531,344,1,102,188,249,233,102,0,38,99,162,147,85,1,64,89,87,86,17
2016_4,장한로5길,2868,2001,867,41,605,818,705,507,192,9,329,566,527,420,150,32,276,252,178,87,42
2016_4,장한로27길,149,43,106,1,46,37,22,26,17,1,5,16,11,4,6,0,41,21,11,22,11
2016_4,장한로27가길,383,180,203,1,31,61,89,141,60,0,14,37,43,68,18,1,17,24,46,73,42
2016_4,장한로26길,592,286,306,3,80,137,154,136,82,3,20,68,76,64,55,0,60,69,78,72,27
2016_4,장한로26가길,362,151,211,0,41,64,75,104,78,0,15,35,29,35,37,0,26,29,46,69,41
2016_4,장한로25길,1071,467,604,7,165,257,301,227,114,3,39,108,141,105,71,4,126,149,160,122,43
2016_4,장한로14길,184,154,30,1,7,14,46,73,43,0,3,6,34,68,43,1,4,8,12,5,0
2016_4,이문로42길,263,108,155,0,34,60,74,68,27,0,7,17,36,31,17,0,27,43,38,37,10
2016_4,왕산로43길,985,474,511,2,164,285,249,201,84,0,41,150,123,101,59,2,123,135,126,100,25
2016_4,왕산로33길,153,103,50,0,5,28,48,36,36,0,5,20,38,15,25,0,0,8,10,21,11
2016_4,왕산로32길,12,8,4,0,0,1,5,2,4,0,0,1,2,2,3,0,0,0,3,0,1
2016_4,약령시로17길,277,137,140,2,33,53,70,65,54,2,15,27,34,35,24,0,18,26,36,30,30
2016_4,서울시립대로4길,664,343,321,7,133,130,145,167,82,4,76,69,80,75,39,3,57,61,65,92,43
2016_4,서울시립대로29길,246,137,109,3,30,53,66,52,42,0,12,32,41,27,25,3,18,21,25,25,17
2016_4,서울시립대로16길,148,36,112,0,21,37,46,30,14,0,3,11,13,7,2,0,18,26,33,23,12
2016_4,사가정로2길,85,65,20,0,14,18,25,12,16,0,10,15,21,9,10,0,4,3,4,3,6
2016_4,사가정로23가길,102,60,42,0,18,30,21,18,15,0,7,21,9,11,12,0,11,9,12,7,3
2016_4,사가정로13길,271,87,184,0,41,86,76,48,20,0,9,23,27,16,12,0,32,63,49,32,8
2016_4,무학로45길,378,217,161,0,59,90,99,74,56,0,22,47,63,51,34,0,37,43,36,23,22
2016_4,무학로16길,1141,1035,106,1,74,270,382,274,140,0,51,237,348,264,135,1,23,33,34,10,5
2016_4,망우로21길,193,111,82,2,31,37,35,46,42,0,11,17,17,31,35,2,20,20,18,15,7
2016_4,망우로18길,505,198,307,0,125,146,141,69,24,0,37,40,74,33,14,0,88,106,67,36,10
2016_4,망우로18가길,71,30,41,0,13,14,20,14,10,0,3,7,9,5,6,0,10,7,11,9,4
2016_4,답십리로72길,14,12,2,0,1,2,4,7,0,0,1,1,4,6,0,0,0,1,0,1,0
2016_4,답십리로69길,909,392,517,0,150,221,219,214,105,0,49,93,89,87,74,0,101,128,130,127,31
2016_4,답십리로68길,126,83,43,1,12,25,44,28,16,1,8,20,25,18,11,0,4,5,19,10,5
2016_4,답십리로64길,349,201,148,0,67,93,97,60,32,0,30,56,61,34,20,0,37,37,36,26,12
2016_4,답십리로63길,87,50,37,0,15,21,21,24,6,0,8,10,13,13,6,0,7,11,8,11,0
2016_4,답십리로60길,11,7,4,0,0,0,5,4,2,0,0,0,4,2,1,0,0,0,1,2,1
2016_4,답십리로56길,5,4,1,0,0,2,3,0,0,0,0,2,2,0,0,0,0,0,1,0,0
2016_4,답십리로23길,7,6,1,0,1,2,1,3,0,0,1,2,1,2,0,0,0,0,0,1,0
2016_4,난계로30길,156,109,47,5,19,25,33,37,37,0,13,18,22,23,33,5,6,7,11,14,4
2016_4,경희대로3길,273,175,98,0,73,101,61,33,5,0,31,60,49,30,5,0,42,41,12,3,0
2016_4,천호대로129길,238,79,159,4,47,34,74,52,27,2,13,9,25,17,13,2,34,25,49,35,14
2016_4,천호대로123길,305,118,187,0,39,56,67,105,38,0,11,22,27,43,15,0,28,34,40,62,23
2016_4,천호대로109길,1054,545,509,5,179,271,284,212,103,0,83,143,139,114,66,5,96,128,145,98,37
2016_4,자양번영로3길,94,40,54,0,7,11,30,34,12,0,3,4,11,15,7,0,4,7,19,19,5
2016_4,자양로50길,17,4,13,0,3,2,4,5,3,0,1,0,0,1,2,0,2,2,4,4,1
2016_4,자양로45길,555,297,258,1,109,128,161,98,58,1,36,79,98,50,33,0,73,49,63,48,25
2016_4,자양로26길,318,106,212,1,42,61,87,78,49,0,7,19,36,29,15,1,35,42,51,49,34
2016_4,자양로15길,376,252,124,2,30,82,78,95,89,1,13,43,51,72,72,1,17,39,27,23,17
2016_4,자양로11길,1405,698,707,9,264,309,375,287,161,3,73,157,213,158,94,6,191,152,162,129,67
2016_4,용마산로3길,814,466,348,1,106,202,205,200,100,0,48,126,103,110,79,1,58,76,102,90,21
2016_4,용마산로21길,139,55,84,0,22,23,46,34,14,0,8,7,16,14,10,0,14,16,30,20,4
2016_4,아차산로78길,2663,1429,1234,18,445,860,644,470,226,12,135,500,409,234,139,6,310,360,235,236,87
2016_4,아차산로65길,726,475,251,3,111,198,202,164,48,2,45,125,141,125,37,1,66,73,61,39,11
2016_4,아차산로55길,389,189,200,1,83,105,78,85,37,1,17,50,47,50,24,0,66,55,31,35,13
2016_4,아차산로51길,256,146,110,2,22,78,78,50,26,1,9,42,52,28,14,1,13,36,26,22,12
2016_4,아차산로40길,489,288,201,5,98,97,116,96,77,1,48,44,68,65,62,4,50,53,48,31,15
2016_4,면목로17길,244,160,84,0,42,51,66,54,31,0,17,27,49,45,22,0,25,24,17,9,9
2016_4,뚝섬로64길,351,194,157,0,37,68,89,88,69,0,12,30,40,52,60,0,25,38,49,36,9
2016_4,뚝섬로58길,188,63,125,0,15,37,53,66,17,0,2,7,17,27,10,0,13,30,36,39,7
2016_4,뚝섬로54길,168,101,67,0,22,38,52,43,13,0,11,26,24,31,9,0,11,12,28,12,4
2016_4,뚝섬로48길,796,331,465,7,129,181,211,175,93,5,40,70,91,70,55,2,89,111,120,105,38
2016_4,뚝섬로24길,99,37,62,0,13,15,24,40,7,0,4,5,5,18,5,0,9,10,19,22,2
2016_4,뚝섬로23길,109,69,40,0,10,27,23,30,19,0,3,18,10,22,16,0,7,9,13,8,3
2016_4,동일로24길,8,3,5,0,1,2,1,3,1,0,1,0,0,1,1,0,0,2,1,2,0
2016_4,동일로18길,168,68,100,0,31,39,49,37,12,0,11,17,15,15,10,0,20,22,34,22,2
2016_4,능동로4길,248,107,141,1,41,56,52,58,40,1,11,18,22,29,26,0,30,38,30,29,14
2016_4,능동로3길,209,97,112,1,32,35,52,52,37,0,11,16,24,21,25,1,21,19,28,31,12
2016_4,능동로34길,924,516,408,3,112,221,239,205,144,2,44,125,134,105,106,1,68,96,105,100,38
2016_4,능동로19길,323,202,121,4,50,90,73,72,34,3,26,60,42,41,30,1,24,30,31,31,4
2016_4,능동로13길,352,115,237,0,43,68,77,98,66,0,9,26,26,32,22,0,34,42,51,66,44
2016_4,긴고랑로9길,67,29,38,1,6,21,24,8,7,0,2,11,11,3,2,1,4,10,13,5,5
2016_4,긴고랑로8길,218,195,23,1,6,18,36,91,66,1,3,13,27,86,65,0,3,5,9,5,1
2016_4,긴고랑로7길,523,245,278,0,44,126,159,134,60,0,15,68,69,67,26,0,29,58,90,67,34
2016_4,긴고랑로20길,542,250,292,0,58,129,161,130,64,0,16,66,80,58,30,0,42,63,81,72,34
2016_4,광나루로52길,1649,843,806,20,218,271,255,360,525,18,137,152,142,138,256,2,81,119,113,222,269
2016_4,광나루로40길,96,49,47,0,20,25,29,14,8,0,3,11,20,8,7,0,17,14,9,6,1
2016_4,광나루로37길,303,184,119,1,43,85,88,62,24,1,18,48,52,46,19,0,25,37,36,16,5
2016_4,광나루로36길,37,23,14,0,3,10,11,9,4,0,2,7,8,5,1,0,1,3,3,4,3
2016_4,광나루로24길,59,30,29,4,12,16,12,8,7,0,3,11,7,4,5,4,9,5,5,4,2
2016_4,광나루로12길,1010,568,442,3,200,275,279,181,72,1,98,182,145,87,55,2,102,93,134,94,17
2016_4,한림말길,62,35,27,0,4,14,24,11,9,0,1,5,15,8,6,0,3,9,9,3,3
2016_4,청계천로10나길,1810,1063,747,6,255,519,423,363,244,1,131,335,280,174,142,5,124,184,143,189,102
2016_4,장터길,44,16,28,0,7,13,7,10,7,0,0,5,3,3,5,0,7,8,4,7,2
2016_4,용답중앙길,93,52,41,0,7,23,29,16,18,0,6,12,21,8,5,0,1,11,8,8,13
2016_4,용답29길,1871,946,925,5,196,387,524,461,298,4,100,221,205,228,188,1,96,166,319,233,110
2016_4,왕십리로6길,1347,729,618,5,186,368,385,295,108,2,80,209,202,155,81,3,106,159,183,140,27
2016_4,왕십리로31길,99,46,53,0,11,31,24,19,14,0,2,8,12,11,13,0,9,23,12,8,1
2016_4,왕십리로26길,4367,2494,1873,26,803,1000,1313,844,381,10,343,645,726,513,257,16,460,355,587,331,124
2016_4,왕십리로21길,174,54,120,0,31,37,44,46,16,0,4,5,16,23,6,0,27,32,28,23,10
2016_4,왕십리로14길,2743,1994,749,12,355,582,715,711,368,7,188,434,535,522,308,5,167,148,180,189,60
2016_4,아차산로5길,2285,1572,713,11,343,567,648,516,200,10,210,406,453,346,147,1,133,161,195,170,53
2016_4,아차산로15길,4070,2933,1137,33,642,1148,1132,741,374,19,355,847,842,546,324,14,287,301,290,195,50
2016_4,아차산로11길,3549,2306,1243,7,596,905,1004,695,342,4,269,640,703,432,258,3,327,265,301,263,84
2016_4,송정4가길,1062,500,562,6,162,356,298,149,91,1,56,189,125,66,63,5,106,167,173,83,28
2016_4,송정12라길,284,183,101,0,36,71,73,62,42,0,10,42,46,48,37,0,26,29,27,14,5
2016_4,성수일로6길,2471,1549,922,15,362,674,604,497,319,9,158,430,433,327,192,6,204,244,171,170,127
2016_4,성수이로7길,416,266,150,0,72,115,112,81,36,0,39,65,78,59,25,0,33,50,34,22,11
2016_4,성수이로18길,2204,1520,684,7,314,624,653,473,133,2,160,438,462,352,106,5,154,186,191,121,27
2016_4,성덕정길,632,399,233,1,61,131,190,177,72,0,25,88,112,120,54,1,36,43,78,57,18
2016_4,성덕정17길,219,119,100,1,30,49,50,63,26,0,9,25,30,38,17,1,21,24,20,25,9
2016_4,서울숲2길,1426,823,603,6,166,290,333,384,247,0,69,164,195,202,193,6,97,126,138,182,54
2016_4,상원길,1662,1127,535,10,253,519,480,271,129,6,102,374,346,198,101,4,151,145,134,73,28
2016_4,상원12길,182,107,75,3,37,39,51,38,14,2,19,28,27,24,7,1,18,11,24,14,7
2016_4,사근동길,31,17,14,0,4,12,10,3,2,0,2,4,7,2,2,0,2,8,3,1,0
2016_4,무학봉길,3,3,0,0,0,1,0,0,2,0,0,1,0,0,2,0,0,0,0,0,0
2016_4,무학봉28길,155,70,85,1,21,30,46,38,19,0,6,10,20,22,12,1,15,20,26,16,7
2016_4,무학로6길,384,232,152,0,36,78,113,98,59,0,13,49,70,65,35,0,23,29,43,33,24
2016_4,무수막길,118,54,64,0,23,28,26,26,15,0,7,19,10,9,9,0,16,9,16,17,6
2016_4,매봉길,12,8,4,0,1,0,5,2,4,0,1,0,2,2,3,0,0,0,3,0,1
2016_4,마조로1길,195,79,116,0,24,39,70,53,9,0,7,15,25,25,7,0,17,24,45,28,2
2016_4,마조로16길,787,551,236,2,75,136,215,234,125,1,33,85,150,176,106,1,42,51,65,58,19
2016_4,마장로39길,167,66,101,1,13,38,63,46,6,1,8,26,22,6,3,0,5,12,41,40,3
2016_4,마장로27길,96,36,60,0,13,26,35,17,5,0,3,6,14,9,4,0,10,20,21,8,1
2016_4,둘레9길,426,249,177,3,70,95,112,102,44,3,34,52,75,53,32,0,36,43,37,49,12
2016_4,금호산길,420,153,267,0,69,105,100,106,40,0,19,43,33,37,21,0,50,62,67,69,19
2016_4,금호산2길,35,15,20,0,4,6,13,8,4,0,0,3,3,6,3,0,4,3,10,2,1
2016_4,고산자로6길,14618,5935,8683,34,1997,4074,4784,3339,390,19,863,2156,1867,726,304,15,1134,1918,2917,2613,86
2016_4,후암로28길,199,85,114,0,46,46,52,44,11,0,12,21,28,16,8,0,34,25,24,28,3
2016_4,효창원로39길,51,27,24,0,4,14,16,16,1,0,1,11,9,6,0,0,3,3,7,10,1
2016_4,회나무로13길,62,36,26,0,21,23,7,9,2,0,13,14,6,2,1,0,8,9,1,7,1
2016_4,한남대로20길,744,416,328,0,172,254,185,73,60,0,79,139,106,48,44,0,93,115,79,25,16
2016_4,한강대로7길,598,399,199,8,81,135,114,97,163,6,46,110,91,57,89,2,35,25,23,40,74
2016_4,한강대로62길,657,450,207,0,131,160,151,135,80,0,85,117,105,89,54,0,46,43,46,46,26
2016_4,한강대로52길,1161,738,423,3,253,392,269,161,83,0,104,248,192,129,65,3,149,144,77,32,18
2016_4,한강대로43길,4557,2880,1677,11,709,1298,1221,817,501,8,309,845,867,526,325,3,400,453,354,291,176
2016_4,한강대로15길,1788,345,1443,15,965,546,134,75,53,1,77,94,79,55,39,14,888,452,55,20,14
2016_4,한강대로104길,4287,3047,1240,61,596,1256,1350,823,201,10,244,865,1057,705,166,51,352,391,293,118,35
2016_4,청파로73길,1274,726,548,0,143,376,341,258,156,0,65,154,172,193,142,0,78,222,169,65,14
2016_4,청파로71길,247,128,119,0,35,60,72,65,15,0,13,22,33,48,12,0,22,38,39,17,3
2016_4,청파로47나길,121,80,41,1,10,19,36,29,26,0,4,15,26,17,18,1,6,4,10,12,8
2016_4,청파로47길,819,397,422,2,119,231,218,172,77,2,56,106,113,72,48,0,63,125,105,100,29
2016_4,장문로45길,72,11,61,0,10,14,12,21,15,0,3,3,2,2,1,0,7,11,10,19,14
2016_4,이태원로54길,2204,1165,1039,31,617,703,513,276,64,23,327,482,221,72,40,8,290,221,292,204,24
2016_4,이태원로27길,555,318,237,6,215,157,84,58,35,3,120,98,43,32,22,3,95,59,41,26,13
2016_4,이촌로22길,224,140,84,0,31,45,55,52,41,0,13,30,32,35,30,0,18,15,23,17,11
2016_4,원효로89길,935,758,177,0,182,355,209,146,43,0,134,279,182,127,36,0,48,76,27,19,7
2016_4,원효로53길,723,423,300,3,90,184,221,140,85,1,39,114,141,77,51,2,51,70,80,63,34
2016_4,원효로41길,2407,1698,709,11,253,592,510,658,383,8,141,447,400,422,280,3,112,145,110,236,103
2016_4,원효로19길,956,669,287,0,121,377,252,132,74,0,59,285,188,88,49,0,62,92,64,44,25
2016_4,우사단로4길,175,122,53,1,17,21,42,58,36,0,4,9,24,50,35,1,13,12,18,8,1
2016_4,우사단로14길,1674,851,823,0,298,747,444,131,54,0,68,373,313,79,18,0,230,374,131,52,36
2016_4,우사단로10길,60,30,30,0,9,10,15,18,8,0,3,4,5,12,6,0,6,6,10,6,2
2016_4,신흥로20길,187,95,92,0,35,53,58,21,20,0,14,23,33,11,14,0,21,30,25,10,6
2016_4,소월로20길,128,39,89,0,34,31,26,25,12,0,5,6,3,14,11,0,29,25,23,11,1
2016_4,서빙고로71길,472,293,179,1,38,128,118,106,81,1,15,59,58,91,69,0,23,69,60,15,12
2016_4,백범로90길,314,186,128,1,34,69,97,65,48,0,14,40,61,38,33,1,20,29,36,27,15
2016_4,백범로79길,1059,642,417,2,121,289,222,304,121,0,33,172,155,199,83,2,88,117,67,105,38
2016_4,두텁바위로1길,2649,1476,1173,9,424,706,603,459,448,7,135,369,361,299,305,2,289,337,242,160,143
2016_4,대사관로34길,322,184,138,0,43,72,82,67,58,0,18,40,43,39,44,0,25,32,39,28,14
2016_4,녹사평대로46길,59,46,13,1,23,22,8,3,2,1,19,18,5,1,2,0,4,4,3,2,0
2016_4,녹사평대로40나길,55,32,23,1,20,11,9,10,4,1,11,9,3,4,4,0,9,2,6,6,0
2016_4,녹사평대로32길,315,172,143,0,77,75,68,42,53,0,41,41,32,19,39,0,36,34,36,23,14
2016_4,녹사평대로26길,2092,1145,947,8,163,572,549,587,213,6,40,250,269,440,140,2,123,322,280,147,73
2016_4,녹사평대로11길,301,200,101,1,49,80,106,51,14,0,30,48,76,34,12,1,19,32,30,17,2
2016_4,퇴계로90길,570,209,361,1,74,138,141,145,71,1,19,46,63,41,39,0,55,92,78,104,32
2016_4,퇴계로8길,2379,1319,1060,16,434,801,585,317,226,4,120,463,356,207,169,12,314,338,229,110,57
2016_4,퇴계로56길,1022,816,206,2,117,405,315,134,49,1,74,331,271,109,30,1,43,74,44,25,19
2016_4,퇴계로46길,1934,785,1149,8,356,588,519,348,115,2,59,197,233,207,87,6,297,391,286,141,28
2016_4,퇴계로18길,2880,1285,1595,11,569,799,676,535,290,1,172,420,329,210,153,10,397,379,347,325,137
2016_4,퇴계로12길,953,434,519,3,157,220,215,244,114,0,38,84,109,138,65,3,119,136,106,106,49
2016_4,청구로1길,211,107,104,0,52,30,57,45,27,0,16,12,28,30,21,0,36,18,29,15,6
2016_4,청구로17길,1675,745,930,6,425,618,335,198,93,0,55,266,193,155,76,6,370,352,142,43,17
2016_4,장충단로8길,4059,1289,2770,67,1566,834,891,494,207,17,436,347,226,158,105,50,1130,487,665,336,102
2016_4,삼일대로4길,1005,599,406,7,193,286,232,163,124,1,77,166,160,102,93,6,116,120,72,61,31
2016_4,명동길,36555,18129,18426,133,6271,13701,10395,4761,1294,44,2075,6183,5721,3278,828,89,4196,7518,4674,1483,466
2016_4,동호로20길,1014,446,568,41,376,275,149,124,49,21,148,125,67,54,31,20,228,150,82,70,18
2016_4,동호로15길,4211,2228,1983,22,1703,1399,730,260,97,2,637,824,526,175,64,20,1066,575,204,85,33
2016_4,동호로11길,16,13,3,0,1,3,7,3,2,0,1,3,6,2,1,0,0,0,1,1,1
2016_4,동호로10길,1473,644,829,5,329,416,347,257,119,2,71,196,186,125,64,3,258,220,161,132,55
2016_4,다산로39길,1185,673,512,4,139,280,311,327,124,2,68,183,177,180,63,2,71,97,134,147,61
2016_4,다산로38길,1495,758,737,16,460,442,309,192,76,5,157,246,188,109,53,11,303,196,121,83,23
2016_4,다산로36길,65,42,23,0,19,14,14,15,3,0,14,8,8,10,2,0,5,6,6,5,1
2016_4,다산로33길,412,196,216,0,62,96,124,93,37,0,33,47,49,42,25,0,29,49,75,51,12
2016_4,난계로21길,210,140,70,1,22,50,74,53,10,0,11,31,52,38,8,1,11,19,22,15,2
2016_4,난계로11길,1838,1064,774,9,360,403,359,470,237,1,165,255,243,245,155,8,195,148,116,225,82
2016_4,필운대로1길,5,1,4,0,0,4,1,0,0,0,0,1,0,0,0,0,0,3,1,0,0
2016_4,평창길,162,78,84,1,24,29,48,39,21,0,8,12,31,13,14,1,16,17,17,26,7
2016_4,통일로12길,243,104,139,0,25,47,80,77,14,0,2,21,35,37,9,0,23,26,45,40,5
2016_4,창신길,255,66,189,0,26,35,51,90,53,0,5,16,16,19,10,0,21,19,35,71,43
2016_4,창신5길,7,3,4,0,0,1,2,2,2,0,0,0,1,1,1,0,0,1,1,1,1
2016_4,창신2길,58,32,26,0,3,10,11,25,9,0,1,8,6,12,5,0,2,2,5,13,4
2016_4,창경궁로35길,1426,405,1021,25,422,363,406,158,52,0,47,109,136,77,36,25,375,254,270,81,16
2016_4,지봉로8길,153,79,74,0,24,33,49,38,9,0,12,17,21,25,4,0,12,16,28,13,5
2016_4,종로65길,599,280,319,6,50,136,153,141,113,1,18,65,65,60,71,5,32,71,88,81,42
2016_4,자하문로7길,473,255,218,0,90,145,132,65,41,0,42,83,70,31,29,0,48,62,62,34,12
2016_4,이화장길,1960,932,1028,5,322,561,539,401,132,2,89,213,282,266,80,3,233,348,257,135,52
2016_4,율곡로16길,96,84,12,0,10,26,27,24,9,0,6,25,26,20,7,0,4,1,1,4,2
2016_4,율곡로10길,2312,1725,587,9,348,749,657,350,199,0,222,571,518,257,157,9,126,178,139,93,42
2016_4,옥인길,472,201,271,0,72,121,134,122,23,0,10,51,72,59,9,0,62,70,62,63,14
2016_4,숭인동길,19,9,10,0,3,0,9,6,1,0,1,0,4,3,1,0,2,0,5,3,0
2016_4,성균관로5길,138,78,60,0,11,7,15,16,89,0,5,3,7,7,56,0,6,4,8,9,33
2016_4,삼청로5길,413,153,260,1,106,110,86,72,38,1,33,40,29,33,17,0,73,70,57,39,21
2016_4,북촌로5나길,1625,1122,503,0,148,539,545,349,44,0,63,355,413,266,25,0,85,184,132,83,19
2016_4,북촌로5길,56,27,29,0,10,15,7,15,9,0,3,10,3,6,5,0,7,5,4,9,4
2016_4,북촌로11길,18,10,8,0,4,5,2,3,4,0,1,2,1,3,3,0,3,3,1,0,1
2016_4,백석동길,119,62,57,1,25,29,24,18,22,0,11,10,13,10,18,1,14,19,11,8,4
2016_4,명륜길,20,12,8,0,5,8,3,3,1,0,4,5,2,0,1,0,1,3,1,3,0
2016_4,돈화문로11가길,1079,571,508,3,162,279,276,200,159,1,41,138,168,117,106,2,121,141,108,83,53
2016_4,계동길,809,345,464,11,183,236,187,138,54,7,50,83,90,77,38,4,133,153,97,61,16
2016_3,강남 마이스 관광특구,20046,11439,8607,88,5057,6634,5194,2414,659,38,1590,3573,3832,1915,491,50,3467,3061,1362,499,168
2016_3,잠실 관광특구,26531,15664,10867,160,4801,7157,6178,5512,2723,58,2423,4594,3707,3194,1688,102,2378,2563,2471,2318,1035
2016_3,종로·청계 관광특구,30234,18431,11803,52,4591,9888,8590,5493,1620,21,1731,5256,6060,4252,1111,31,2860,4632,2530,1241,509
2016_3,동대문패션타운 관광특구,10118,5826,4292,29,2214,3226,2362,1521,766,11,1056,1908,1474,890,487,18,1158,1318,888,631,279
2016_3,명동 남대문 북창동 다동 무교동 관광특구,165476,83367,82109,705,34618,58259,44378,21166,6350,197,10509,26237,26996,15104,4324,508,24109,32022,17382,6062,2026
2016_3,이태원 관광특구,5607,3207,2400,34,1297,1704,1114,940,518,20,638,1001,606,622,320,14,659,703,508,318,198
2016_3,길동복조리시장,575,369,206,0,36,108,148,144,139,0,22,72,95,83,97,0,14,36,53,61,42
2016_3,둔촌역전통시장,174,88,86,0,13,40,38,54,29,0,5,20,17,26,20,0,8,20,21,28,9
2016_3,성내골목시장,7,2,5,0,0,1,4,1,1,0,0,1,1,0,0,0,0,0,3,1,1
2016_3,천호시장,24,13,11,0,8,6,6,4,0,0,4,5,2,2,0,0,4,1,4,2,0
2016_3,암사종합시장,715,317,398,0,30,66,95,114,410,0,9,33,52,33,190,0,21,33,43,81,220
2016_3,고덕전통시장,388,374,14,0,3,12,51,155,167,0,2,9,45,152,166,0,1,3,6,3,1
2016_3,명일골목시장,411,135,276,0,13,15,84,139,160,0,6,5,19,30,75,0,7,10,65,109,85
2016_3,새마을시장,355,194,161,1,50,95,101,61,47,0,22,54,56,32,30,1,28,41,45,29,17
2016_3,석촌시장,168,106,62,0,22,23,57,39,27,0,13,16,35,20,22,0,9,7,22,19,5
2016_3,방이시장,674,431,243,1,91,212,177,150,43,1,63,178,113,51,25,0,28,34,64,99,18
2016_3,마천시장,257,61,196,0,20,44,73,69,51,0,2,10,18,17,14,0,18,34,55,52,37
2016_3,풍납시장,16,7,9,0,0,7,3,5,1,0,0,3,1,2,1,0,0,4,2,3,0
2016_3,강남개포시장,35,30,5,0,0,2,7,10,16,0,0,1,3,10,16,0,0,1,4,0,0
2016_3,도곡시장,516,228,288,4,62,124,151,122,53,0,12,71,62,52,31,4,50,53,89,70,22
2016_3,영동전통시장,3202,2377,825,6,494,826,988,604,284,4,299,638,820,410,206,2,195,188,168,194,78
2016_3,미성동도깨비시장,439,189,250,3,68,90,148,106,24,2,22,49,64,39,13,1,46,41,84,67,11
2016_3,삼성동시장,107,46,61,0,10,21,29,28,19,0,3,11,10,10,12,0,7,10,19,18,7
2016_3,신림중앙시장,13,8,5,0,1,4,3,3,2,0,1,3,2,1,1,0,0,1,1,2,1
2016_3,강남골목시장,291,141,150,1,28,65,71,78,48,0,14,40,29,31,27,1,14,25,42,47,21
2016_3,관악신사시장,315,253,62,0,38,48,65,91,73,0,26,38,49,76,64,0,12,10,16,15,9
2016_3,신원시장,341,143,198,0,44,67,77,85,68,0,15,40,32,33,23,0,29,27,45,52,45
2016_3,인헌시장,245,86,159,0,33,60,66,68,18,0,9,30,24,16,7,0,24,30,42,52,11
2016_3,봉천현대시장,15,6,9,0,2,3,4,2,4,0,0,0,2,2,2,0,2,3,2,0,2
2016_3,봉천제일종합시장,46,22,24,0,3,8,16,11,8,0,1,4,5,5,7,0,2,4,11,6,1
2016_3,낙성대시장,17,10,7,0,1,4,2,6,4,0,0,2,2,4,2,0,1,2,0,2,2
2016_3,중부시장,179,66,113,0,24,37,44,32,42,0,8,13,19,13,13,0,16,24,25,19,29
2016_3,남성역골목시장,503,240,263,0,58,116,135,115,79,0,21,47,72,53,47,0,37,69,63,62,32
2016_3,남성사계시장,1865,835,1030,6,252,383,397,454,373,3,58,192,214,176,192,3,194,191,183,278,181
2016_3,흑석시장,182,72,110,1,23,43,58,33,24,0,4,10,21,15,22,1,19,33,37,18,2
2016_3,상도4동도깨비골목시장,336,93,243,1,73,78,72,73,39,1,15,30,17,13,17,0,58,48,55,60,22
2016_3,영도시장,72,31,41,0,12,15,19,19,7,0,1,8,10,7,5,0,11,7,9,12,2
2016_3,본동인정시장,107,51,56,0,4,29,32,27,15,0,0,12,13,13,13,0,4,17,19,14,2
2016_3,대림중앙시장,25,17,8,0,2,4,5,10,4,0,1,3,5,5,3,0,1,1,0,5,1
2016_3,우리시장,12,5,7,0,1,2,2,6,1,0,0,0,1,3,1,0,1,2,1,3,0
2016_3,영진시장A동,40,33,7,0,1,18,5,9,7,0,1,16,3,8,5,0,0,2,2,1,2
2016_3,사러가시장,13,0,13,0,7,1,4,1,0,0,0,0,0,0,0,0,7,1,4,1,0
2016_3,영등포청과시장,182,121,61,0,27,57,47,37,14,0,15,34,37,28,7,0,12,23,10,9,7
2016_3,영등포전통시장,4070,2000,2070,12,629,1551,1046,547,285,1,171,653,607,376,192,11,458,898,439,171,93
2016_3,은행나무시장,41,9,32,0,3,8,9,13,8,0,0,1,2,4,2,0,3,7,7,9,6
2016_3,현대시장,57,18,39,0,5,15,21,12,4,0,2,7,4,2,3,0,3,8,17,10,1
2016_3,남문시장,280,114,166,0,22,31,90,105,32,0,4,12,34,45,19,0,18,19,56,60,13
2016_3,독산동 우시장,136,56,80,0,11,21,54,34,16,0,5,14,13,15,9,0,6,7,41,19,7
2016_3,개봉중앙시장,7,3,4,0,0,1,2,2,2,0,0,0,1,1,1,0,0,1,1,1,1
2016_3,가리봉시장,18,11,7,0,3,2,5,4,4,0,1,1,4,2,3,0,2,1,1,2,1
2016_3,남구로시장,15,2,13,0,0,0,3,5,7,0,0,0,0,2,0,0,0,0,3,3,7
2016_3,구로시장,50,20,30,0,7,17,15,8,3,0,1,6,7,3,3,0,6,11,8,5,0
2016_3,방신전통시장,131,113,18,0,1,18,19,54,39,0,0,13,13,50,37,0,1,5,6,4,2
2016_3,송화골목시장,503,187,316,3,85,93,151,128,43,0,18,39,62,35,33,3,67,54,89,93,10
2016_3,까치산시장,35,23,12,0,3,10,17,5,0,0,1,7,12,3,0,0,2,3,5,2,0
2016_3,남부골목시장,183,80,103,0,28,42,66,33,14,0,8,15,34,16,7,0,20,27,32,17,7
2016_3,화곡중앙골목시장,2,2,0,0,0,1,0,0,1,0,0,1,0,0,1,0,0,0,0,0,0
2016_3,등마루시장,815,463,352,26,278,151,126,122,112,21,194,94,70,44,40,5,84,57,56,78,72
2016_3,신정3동골목시장,253,107,146,0,27,43,52,74,57,0,7,18,17,38,27,0,20,25,35,36,30
2016_3,신정2동골목시장,9,7,2,0,1,1,4,2,1,0,1,0,4,1,1,0,0,1,0,1,0
2016_3,신월6동골목시장,239,113,126,1,45,47,77,37,32,0,14,25,41,13,20,1,31,22,36,24,12
2016_3,신곡종합시장,10,8,2,0,0,1,1,4,4,0,0,0,1,3,4,0,0,1,0,1,0
2016_3,신월3동골목시장,54,18,36,0,7,13,16,16,2,0,3,8,3,4,0,0,4,5,13,12,2
2016_3,경창시장,206,86,120,0,14,31,55,64,42,0,7,19,26,24,10,0,7,12,29,40,32
2016_3,월정로시장,109,59,50,0,5,20,32,36,16,0,3,12,17,16,11,0,2,8,15,20,5
2016_3,신영시장,50,23,27,0,3,14,22,10,1,0,0,10,7,5,1,0,3,4,15,5,0
2016_3,목4동시장,232,76,156,0,31,45,73,62,21,0,7,18,16,22,13,0,24,27,57,40,8
2016_3,목3동시장,701,340,361,3,99,166,216,156,61,1,37,82,111,73,36,2,62,84,105,83,25
2016_3,목2동시장,211,99,112,0,26,60,61,53,11,0,6,31,37,19,6,0,20,29,24,34,5
2016_3,마포농수산물시장,490,309,181,0,25,52,126,188,99,0,16,32,86,108,67,0,9,20,40,80,32
2016_3,망원월드컵시장,13,9,4,0,0,1,5,3,4,0,0,1,3,3,2,0,0,0,2,0,2
2016_3,망원시장,36,19,17,0,4,5,9,15,3,0,3,3,5,6,2,0,1,2,4,9,1
2016_3,신수시장,123,97,26,1,8,33,41,26,14,0,3,24,33,24,13,1,5,9,8,2,1
2016_3,아현시장,21,3,18,0,2,10,4,5,0,0,0,2,0,1,0,0,2,8,4,4,0
2016_3,대림골목시장,300,94,206,0,38,64,93,75,30,0,10,22,28,16,18,0,28,42,65,59,12
2016_3,상계중앙시장,30,15,15,0,13,5,4,6,2,0,8,2,2,3,0,0,5,3,2,3,2
2016_3,방학동도깨비시장,125,50,75,0,17,34,38,22,14,0,9,16,15,5,5,0,8,18,23,17,9
2016_3,쌍문역골목시장,71,34,37,0,13,14,24,10,10,0,4,8,11,5,6,0,9,6,13,5,4
2016_3,신도봉시장,26,18,8,0,0,7,7,10,2,0,0,6,6,5,1,0,0,1,1,5,1
2016_3,창동신창시장,137,61,76,1,17,15,40,37,27,0,3,5,18,18,17,1,14,10,22,19,10
2016_3,수유북부시장,15,4,11,0,0,3,2,6,4,0,0,3,0,1,0,0,0,0,2,5,4
2016_3,장미원골목시장,79,51,28,0,13,19,23,15,9,0,6,13,13,13,6,0,7,6,10,2,3
2016_3,수유중앙시장,129,69,60,0,23,29,32,27,18,0,10,17,18,13,11,0,13,12,14,14,7
2016_3,강북종합시장,64,28,36,0,10,12,26,10,6,0,2,6,11,5,4,0,8,6,15,5,2
2016_3,우이시장,145,62,83,0,15,33,39,36,22,0,4,15,12,14,17,0,11,18,27,22,5
2016_3,수유전통시장,453,136,317,1,48,65,92,143,104,1,8,12,29,39,47,0,40,53,63,104,57
2016_3,번동북부골목시장,82,43,39,0,12,15,26,17,12,0,3,8,16,9,7,0,9,7,10,8,5
2016_3,솔샘시장,103,41,62,0,13,33,31,22,4,0,1,19,12,7,2,0,12,14,19,15,2
2016_3,방천골목시장,80,29,51,0,18,18,19,18,7,0,1,4,9,9,6,0,17,14,10,9,1
2016_3,석관황금시장,26,14,12,0,2,4,12,4,4,0,1,0,7,3,3,0,1,4,5,1,1
2016_3,장위전통시장,182,66,116,0,12,54,58,34,24,0,2,18,18,11,17,0,10,36,40,23,7
2016_3,정릉시장,34,14,20,0,9,5,12,3,5,0,4,3,3,1,3,0,5,2,9,2,2
2016_3,정릉아리랑시장,9,5,4,1,0,2,1,5,0,0,0,2,1,2,0,1,0,0,0,3,0
2016_3,돈암제일시장,57,23,34,1,10,14,14,9,9,0,2,6,3,5,7,1,8,8,11,4,2
2016_3,우림골목시장,215,104,111,1,19,22,55,62,56,1,4,7,28,28,36,0,15,15,27,34,20
2016_3,묵1동도깨비시장,278,126,152,1,33,61,72,91,20,1,9,36,32,40,8,0,24,25,40,51,12
2016_3,태능시장,4,3,1,0,1,2,1,0,0,0,0,2,1,0,0,0,1,0,0,0,0
2016_3,중화제일시장,23,1,22,0,8,0,7,7,1,0,0,0,0,1,0,0,8,0,7,6,1
2016_3,사가정시장,259,192,67,0,15,28,64,82,70,0,2,12,43,73,62,0,13,16,21,9,8
2016_3,동원시장,70,30,40,0,10,13,27,14,6,0,2,4,12,8,4,0,8,9,15,6,2
2016_3,동부골목시장,84,27,57,1,17,19,11,20,16,1,1,2,2,8,13,0,16,17,9,12,3
2016_3,회기시장,140,65,75,0,29,35,39,23,14,0,9,18,25,5,8,0,20,17,14,18,6
2016_3,답십리시장,27,11,16,0,1,9,10,7,0,0,0,3,6,2,0,0,1,6,4,5,0
2016_3,답십리현대시장,86,71,15,0,12,20,22,18,14,0,10,19,17,13,12,0,2,1,5,5,2
2016_3,청량리종합시장,9,6,3,0,1,2,1,1,4,0,1,1,0,0,4,0,0,1,1,1,0
2016_3,청량리농수산물시장,19,15,4,0,0,5,3,7,4,0,0,5,2,5,3,0,0,0,1,2,1
2016_3,서울약령시장,1360,835,525,1,117,250,365,404,223,1,57,149,231,248,149,0,60,101,134,156,74
2016_3,청량리수산시장,248,120,128,0,54,66,50,40,38,0,15,30,26,20,29,0,39,36,24,20,9
2016_3,구의시장,94,54,40,0,17,19,23,30,5,0,4,16,11,18,5,0,13,3,12,12,0
2016_3,조양시장,79,42,37,0,7,16,24,21,11,0,3,6,13,11,9,0,4,10,11,10,2
2016_3,영동교골목시장,29,23,6,0,1,4,5,5,14,0,1,3,4,4,11,0,0,1,1,1,3
2016_3,능동로골목시장,242,220,22,0,5,9,12,18,198,0,3,6,5,11,195,0,2,3,7,7,3
2016_3,자양골목시장,95,45,50,0,12,10,30,32,11,0,3,4,15,17,6,0,9,6,15,15,5
2016_3,중곡제일시장,147,80,67,0,14,27,43,44,19,0,6,14,23,22,15,0,8,13,20,22,4
2016_3,한아름시장,117,66,51,2,27,30,29,24,5,2,18,20,15,10,1,0,9,10,14,14,4
2016_3,성동용답상가시장,280,147,133,1,34,71,70,68,36,1,12,35,34,38,27,0,22,36,36,30,9
2016_3,뚝도시장,34,12,22,0,5,7,7,12,3,0,1,4,2,4,1,0,4,3,5,8,2
2016_3,금남시장,19,10,9,0,1,2,2,5,9,0,0,2,1,1,6,0,1,0,1,4,3
2016_3,행당시장,231,120,111,1,40,57,74,44,15,0,10,27,47,25,11,1,30,30,27,19,4
2016_3,마장축산물시장,1598,1064,534,2,169,444,447,358,178,2,101,317,300,222,122,0,68,127,147,136,56
2016_3,용문전통시장,38,23,15,0,2,10,10,12,4,0,1,5,7,7,3,0,1,5,3,5,1
2016_3,후암시장,46,17,29,0,1,7,13,20,5,0,0,4,5,5,3,0,1,3,8,15,2
2016_3,합동(새벽)시장,2326,1280,1046,2,363,744,591,335,291,0,100,276,353,280,271,2,263,468,238,55,20
2016_3,서울중앙시장,251,175,76,0,21,70,68,68,24,0,10,51,44,53,17,0,11,19,24,15,7
2016_3,백학시장,453,237,216,2,71,145,116,88,31,0,30,85,63,39,20,2,41,60,53,49,11
2016_3,약수시장,1650,635,1015,4,296,421,397,288,244,1,68,151,167,119,129,3,228,270,230,169,115
2016_3,청평화시장,2847,1825,1022,5,652,1127,770,212,81,2,417,717,533,109,47,3,235,410,237,103,34
2016_3,제일평화시장,474,292,182,0,89,146,84,87,68,0,43,89,53,54,53,0,46,57,31,33,15
2016_3,남평화시장,185,114,71,0,17,37,39,71,21,0,6,22,24,44,18,0,11,15,15,27,3
2016_3,방산종합시장,1884,1232,652,4,161,435,507,504,273,3,95,312,290,331,201,1,66,123,217,173,72
2016_3,인현시장,1193,774,419,1,83,216,357,357,179,0,32,120,226,257,139,1,51,96,131,100,40
2016_3,신중부시장,2473,1652,821,7,218,522,752,608,366,4,114,360,486,420,268,3,104,162,266,188,98
2016_3,남대문시장,7144,3783,3361,40,1193,2864,1796,823,428,10,392,1460,1065,550,306,30,801,1404,731,273,122
2016_3,동묘시장,914,592,322,1,134,202,253,206,118,0,67,128,168,143,86,1,67,74,85,63,32
2016_3,창신골목시장,240,129,111,1,22,114,51,42,10,0,7,52,34,28,8,1,15,62,17,14,2
2016_3,충신시장,352,202,150,2,67,98,77,72,36,1,29,58,42,45,27,1,38,40,35,27,9
2016_3,종로신진시장,28,13,15,0,0,3,6,8,11,0,0,1,2,2,8,0,0,2,4,6,3
2016_3,동대문종합시장,345,195,150,5,89,83,81,55,32,1,49,48,48,29,20,4,40,35,33,26,12
2016_3,광장시장,209,147,62,0,24,36,34,75,40,0,13,26,27,50,31,0,11,10,7,25,9
2016_3,서울 노원구 노원역_3,795,334,461,9,247,132,168,158,81,3,108,66,66,52,39,6,139,66,102,106,42
2016_3,서울 노원구 노원역_1,941,286,655,4,291,249,202,140,55,1,41,77,89,55,23,3,250,172,113,85,32
2016_3,창동역,2330,1516,814,4,228,442,661,635,360,2,96,258,441,458,261,2,132,184,220,177,99
2016_3,서울 강북구 수유역_3,56,30,26,3,6,12,13,19,3,2,1,9,6,10,2,1,5,3,7,9,1
2016_3,서울 강북구 수유역_2,4091,2122,1969,7,450,960,954,1020,700,4,150,438,495,648,387,3,300,522,459,372,313
2016_3,서울 강북구 수유역_1,109,86,23,0,9,25,35,24,16,0,3,22,26,20,15,0,6,3,9,4,1
2016_3,서울 은평구 연신내역_3,618,193,425,1,146,148,137,106,80,0,28,45,51,44,25,1,118,103,86,62,55
2016_3,서울 은평구 연신내역_2,411,167,244,3,95,87,96,74,56,1,38,46,35,21,26,2,57,41,61,53,30
2016_3,서울 은평구 연신내역_1,67,33,34,1,14,16,15,16,5,0,4,9,9,8,3,1,10,7,6,8,2
2016_3,서울 성북구 미아삼거리역_2,520,230,290,0,110,129,153,96,32,0,21,59,75,52,23,0,89,70,78,44,9
2016_3,서울 강북구 미아삼거리역_1,514,187,327,2,129,129,108,84,62,0,26,50,45,33,33,2,103,79,63,51,29
2016_3,서울 은평구 불광역_3,50,19,31,0,5,19,11,12,3,0,1,7,3,7,1,0,4,12,8,5,2
2016_3,서울 은평구 불광역_2,61,24,37,0,6,14,16,20,5,0,0,3,6,11,4,0,6,11,10,9,1
2016_3,서울 은평구 불광역_1,308,154,154,0,38,76,80,67,47,0,13,34,44,36,27,0,25,42,36,31,20
2016_3,미아사거리_2,117,42,75,1,35,33,21,22,5,1,12,17,5,6,1,0,23,16,16,16,4
2016_3,미아사거리_1,572,264,308,2,108,114,147,143,58,0,67,51,56,59,31,2,41,63,91,84,27
2016_3,서울 성북구 성신여대입구역,4843,2996,1847,21,554,1032,1264,1359,613,12,209,454,775,1065,481,9,345,578,489,294,132
2016_3,경희대학교,380,172,208,4,68,102,91,81,34,2,30,56,46,29,9,2,38,46,45,52,25
2016_3,서울 성북구 안암역,85,52,33,0,14,30,25,7,9,0,9,20,15,4,4,0,5,10,10,3,5
2016_3,혜화역 대학로_3,1728,832,896,5,271,499,429,350,174,3,104,213,224,182,106,2,167,286,205,168,68
2016_3,혜화역 대학로_2,1503,868,635,0,91,496,492,355,69,0,32,202,278,301,55,0,59,294,214,54,14
2016_3,혜화역 대학로_1,1293,659,634,8,256,389,286,235,119,1,108,211,157,112,70,7,148,178,129,123,49
2016_3,디지털미디어시티,21972,13210,8762,99,7104,7749,5135,1597,288,38,2810,4845,4015,1297,205,61,4294,2904,1120,300,83
2016_3,서울 동대문구 청량리역,3131,1998,1133,5,448,755,844,630,449,1,272,518,550,363,294,4,176,237,294,267,155
2016_3,서울 종로구 안국역_2,720,282,438,0,164,220,189,94,53,0,36,94,77,40,35,0,128,126,112,54,18
2016_3,서울 종로구 안국역_1,11841,9691,2150,9,1368,4472,3643,1854,495,8,937,3545,3152,1638,411,1,431,927,491,216,84
2016_3,서울 종로구 경복궁역_1,208,78,130,0,29,51,49,49,30,0,4,22,21,16,15,0,25,29,28,33,15
2016_3,서울 종로구 종로3가역_3,3166,1750,1416,14,529,826,854,602,341,3,177,453,504,371,242,11,352,373,350,231,99
2016_3,서울 종로구 종로3가역_2,1851,1025,826,13,278,436,427,347,350,9,108,232,253,201,222,4,170,204,174,146,128
2016_3,서울 동대문구 신설동역_2,4315,2150,2165,26,502,628,724,1176,1259,5,148,325,377,524,771,21,354,303,347,652,488
2016_3,인사동,21657,13531,8126,74,4222,7406,5287,3079,1589,15,1503,4622,4078,2316,997,59,2719,2784,1209,763,592
2016_3,서울 종로구 종로5가역_4,652,361,291,0,86,161,193,126,86,0,23,92,110,72,64,0,63,69,83,54,22
2016_3,서울 종로구 종로5가역_3,5281,3577,1704,17,748,1446,1448,1093,529,5,430,998,970,779,395,12,318,448,478,314,134
2016_3,종로구청,15034,8637,6397,5,1495,5342,4622,2681,889,0,490,2646,3078,1839,584,5,1005,2696,1544,842,305
2016_3,서울 종로구 종로5가역_2,18616,12530,6086,316,3344,6782,4895,2583,696,107,1509,4492,3815,2101,506,209,1835,2290,1080,482,190
2016_3,신설동역,736,436,300,6,123,176,170,164,97,0,48,111,100,101,76,6,75,65,70,63,21
2016_3,서울 동대문구 신설동역_1,2,2,0,0,0,0,1,0,1,0,0,0,1,0,1,0,0,0,0,0,0
2016_3,서울 종로구 광화문역_2,54301,33560,20741,95,7779,18153,16588,8560,3126,16,2900,10489,11935,6221,1999,79,4879,7664,4653,2339,1127
2016_3,동묘앞역,72,45,27,0,4,16,20,20,12,0,1,10,13,14,7,0,3,6,7,6,5
2016_3,장안동사거리,549,269,280,6,88,111,140,137,67,2,37,64,67,60,39,4,51,47,73,77,28
2016_3,서울 종로구 동대문역_2,1037,562,475,2,206,294,240,164,131,1,68,162,144,93,94,1,138,132,96,71,37
2016_3,동대문시장_2,483,308,175,0,39,105,118,127,94,0,22,69,75,70,72,0,17,36,43,57,22
2016_3,서울 종로구 종로5가역_1,53,39,14,0,7,6,14,20,6,0,2,4,13,17,3,0,5,2,1,3,3
2016_3,서울 종로구 종로3가역_1,3404,1517,1887,14,790,1101,728,462,309,9,260,464,351,241,192,5,530,637,377,221,117
2016_3,서울 종로구 광화문역_1,2298,1532,766,4,441,889,558,281,125,4,167,590,453,242,76,0,274,299,105,39,49
2016_3,종각역,20526,13301,7225,19,2827,7080,6442,3762,396,4,1062,3766,4839,3323,307,15,1765,3314,1603,439,89
2016_3,종각역 젊음의 거리,2127,953,1174,7,411,672,395,353,289,3,139,349,201,121,140,4,272,323,194,232,149
2016_3,서대문구 서대문역_1,336,236,100,0,19,84,105,71,57,0,8,67,76,42,43,0,11,17,29,29,14
2016_3,동대문시장_1,419,225,194,1,46,119,112,88,53,0,17,69,56,44,39,1,29,50,56,44,14
2016_3,시청역_2,23204,14485,8719,88,4477,7746,6745,3242,906,42,1512,4535,5212,2495,689,46,2965,3211,1533,747,217
2016_3,서울시청,24480,11564,12916,79,4631,8120,7297,3297,1056,22,1412,3459,3844,2132,695,57,3219,4661,3453,1165,361
2016_3,서울 중구 을지로3가역_2,8112,5243,2869,10,1166,2234,2084,1535,1083,4,456,1351,1568,1053,811,6,710,883,516,482,272
2016_3,서울 중구 신당역_2,1386,700,686,19,635,358,185,117,72,8,273,196,111,59,53,11,362,162,74,58,19
2016_3,서대문구 서대문역_2,1978,1333,645,3,355,820,496,213,91,1,204,608,342,123,55,2,151,212,154,90,36
2016_3,동대문역사문화공원역,4057,2884,1173,7,512,1180,1260,807,291,3,314,887,932,564,184,4,198,293,328,243,107
2016_3,서울 중구 을지로3가역_1,14563,9846,4717,40,2160,4377,4127,2570,1289,6,1026,2870,3041,1942,961,34,1134,1507,1086,628,328
2016_3,명동거리,25961,12077,13884,88,3951,9857,7641,3678,746,23,1280,3206,4277,2744,547,65,2671,6651,3364,934,199
2016_3,롯데백화점,40185,22885,17300,242,6577,14027,12439,5466,1434,71,2314,6814,8264,4336,1086,171,4263,7213,4175,1130,348
2016_3,서울 중구 신당역_1,1061,700,361,8,159,226,301,235,132,0,46,146,225,175,108,8,113,80,76,60,24
2016_3,북창동,7955,4897,3058,28,1384,2212,1901,1685,745,5,542,1393,1323,1082,552,23,842,819,578,603,193
2016_3,서울 중구 충무로역_2,14283,6360,7923,62,2164,4218,4696,2206,937,16,601,2058,2136,982,567,46,1563,2160,2560,1224,370
2016_3,서울 강서구 송정역,638,434,204,1,65,152,189,139,92,0,31,113,137,85,68,1,34,39,52,54,24
2016_3,장한평역_2,11886,9499,2387,46,1003,2287,5346,2491,713,16,578,1805,4559,1978,563,30,425,482,787,513,150
2016_3,시청역_1,54597,33424,21173,165,8326,20764,17779,6648,915,18,3583,11700,12172,5300,651,147,4743,9064,5607,1348,264
2016_3,왕십리역_2,632,271,361,5,131,131,154,132,79,4,37,66,61,62,41,1,94,65,93,70,38
2016_3,서울 강서구 발산역,722,439,283,6,140,227,160,128,61,1,55,133,116,92,42,5,85,94,44,36,19
2016_3,장한평역_1,2380,1541,839,6,174,453,447,439,861,1,56,240,308,302,634,5,118,213,139,137,227
2016_3,서울 중구 충무로역_1,3177,2208,969,27,548,1071,853,533,145,14,372,814,639,269,100,13,176,257,214,264,45
2016_3,장한평역,2290,1636,654,15,168,417,753,622,315,10,83,261,566,479,237,5,85,156,187,143,78
2016_3,서울 중구 명동역,3538,1815,1723,5,672,1697,807,246,111,0,199,834,537,161,84,5,473,863,270,85,27
2016_3,장충동 족발거리,202,96,106,0,34,62,48,30,28,0,10,36,29,10,11,0,24,26,19,20,17
2016_3,한양시장,265,122,143,2,55,58,60,57,33,0,23,31,25,24,19,2,32,27,35,33,14
2016_3,서울 서대문구 이대역,1193,469,724,18,261,287,285,201,141,5,59,110,124,86,85,13,202,177,161,115,56
2016_3,서울 서대문구 신촌역,2784,1133,1651,23,729,675,566,459,332,5,200,303,283,183,159,18,529,372,283,276,173
2016_3,서울 마포구 홍대입구역_3,613,483,130,1,62,160,179,137,74,0,33,111,141,126,72,1,29,49,38,11,2
2016_3,서울 마포구 홍대입구역_2,2969,1184,1785,18,1214,902,461,235,139,4,241,395,269,169,106,14,973,507,192,66,33
2016_3,홍익대학교 주변,15098,7653,7445,58,3589,5274,3279,1726,1172,25,1441,2670,1819,895,803,33,2148,2604,1460,831,369
2016_3,서울 광진구 군자역,173,102,71,1,22,60,51,26,13,0,7,40,36,15,4,1,15,20,15,11,9
2016_3,신촌역,234,117,117,0,47,71,44,46,26,0,18,37,24,22,16,0,29,34,20,24,10
2016_3,강서구청,3449,2238,1211,23,500,899,873,701,453,8,234,635,620,450,291,15,266,264,253,251,162
2016_3,서울 마포구 홍대입구역_1,761,428,333,4,206,248,173,75,55,1,90,127,112,54,44,3,116,121,61,21,11
2016_3,서울 강동구 고덕역,494,286,208,0,56,107,110,137,84,0,24,58,62,81,61,0,32,49,48,56,23
2016_3,서울 강동구 명일역,831,332,499,6,135,179,218,171,122,4,36,66,86,67,73,2,99,113,132,104,49
2016_3,어린이대공원역,137,97,40,0,22,42,38,25,10,0,12,31,29,17,8,0,10,11,9,8,2
2016_3,서울 마포구 공덕역_2,4006,2374,1632,16,559,1143,1195,853,240,4,199,687,819,533,132,12,360,456,376,320,108
2016_3,공덕역,6900,4303,2597,23,1424,2238,1945,1125,145,2,576,1166,1453,984,122,21,848,1072,492,141,23
2016_3,서울 용산구 숙대입구역,4381,3124,1257,54,939,1676,1101,490,121,0,472,1335,912,330,75,54,467,341,189,160,46
2016_3,남영역,14123,6269,7854,545,4953,4042,3042,1348,193,249,2174,2079,1277,374,116,296,2779,1963,1765,974,77
2016_3,서울 마포구 공덕역_1,4623,2285,2338,42,1201,1378,1190,635,177,24,531,765,586,261,118,18,670,613,604,374,59
2016_3,서울 마포구 마포역_2,1189,688,501,8,209,337,357,193,85,2,102,209,227,94,54,6,107,128,130,99,31
2016_3,서울 광진구 건대입구역_2,2799,1012,1787,6,853,1059,453,238,190,2,192,385,213,90,130,4,661,674,240,148,60
2016_3,서울 마포구 마포역_1,11310,6860,4450,28,1768,2914,2483,2435,1682,12,655,1845,1772,1448,1128,16,1113,1069,711,987,554
2016_3,서울 강동구 천호역_2,3917,1936,1981,19,640,906,869,720,763,8,253,455,427,304,489,11,387,451,442,416,274
2016_3,서울 광진구 건대입구역_1,934,468,466,5,216,231,232,137,113,1,72,128,115,76,76,4,144,103,117,61,37
2016_3,건대입구역,680,366,314,6,154,220,145,94,61,3,70,130,72,46,45,3,84,90,73,48,16
2016_3,서울 광진구 구의역,892,541,351,2,94,221,239,172,164,0,29,117,152,111,132,2,65,104,87,61,32
2016_3,서울 강동구 천호역,1001,471,530,2,173,248,228,185,165,0,43,105,121,97,105,2,130,143,107,88,60
2016_3,당산역_2,4872,3024,1848,12,500,649,761,1095,1855,9,345,497,469,563,1141,3,155,152,292,532,714
2016_3,서울 강동구 길동역,1287,771,516,0,151,318,367,283,168,0,58,184,256,160,113,0,93,134,111,123,55
2016_3,용산 전자상가_5,2352,1729,623,17,349,978,673,237,98,10,232,751,512,157,67,7,117,227,161,80,31
2016_3,당산역_1,1115,704,411,4,183,333,281,182,132,3,74,219,180,120,108,1,109,114,101,62,24
2016_3,서울 광진구 강변역,2149,1745,404,13,96,438,671,521,410,5,48,318,596,448,330,8,48,120,75,73,80
2016_3,용산 전자상가_3,2465,1790,675,16,321,866,724,337,201,11,190,640,531,266,152,5,131,226,193,71,49
2016_3,서울 용산구 이태원역,664,404,260,11,229,182,115,72,55,4,146,123,67,36,28,7,83,59,48,36,27
2016_3,한남오거리,660,339,321,2,109,164,127,150,108,0,34,94,67,70,74,2,75,70,60,80,34
2016_3,용산 전자상가_2,476,384,92,3,51,181,168,58,15,3,41,152,133,44,11,0,10,29,35,14,4
2016_3,용산구청,111,77,34,0,54,44,7,5,1,0,34,34,5,3,1,0,20,10,2,2,0
2016_3,용산 전자상가_1,8184,6283,1901,41,1197,2732,2525,1348,341,24,662,2068,2112,1166,251,17,535,664,413,182,90
2016_3,국회의사당역_2,39424,22686,16738,879,9307,13299,9038,5099,1802,402,3371,7487,6658,3631,1137,477,5936,5812,2380,1468,665
2016_3,서울 용산구 신용산역,421,189,232,0,50,66,109,121,75,0,27,39,41,46,36,0,23,27,68,75,39
2016_3,국회의사당역_1,5727,4405,1322,0,370,1299,1978,1939,141,0,160,801,1694,1623,127,0,210,498,284,316,14
2016_3,압구정 로데오거리_2,15390,6274,9116,116,5085,5584,2764,1221,620,20,1493,2546,1330,538,347,96,3592,3038,1434,683,273
2016_3,서울 강남구 압구정역,10297,4759,5538,351,3081,2884,1703,1270,1008,155,1081,1428,977,623,495,196,2000,1456,726,647,513
2016_3,서울 영등포구 영등포구청역,3709,1148,2561,8,1098,1526,751,259,67,0,169,516,275,132,56,8,929,1010,476,127,11
2016_3,압구정 로데오거리_1,7482,2458,5024,48,2814,2839,1135,410,236,12,659,918,522,208,139,36,2155,1921,613,202,97
2016_3,서울 강동구 둔촌동역,51,15,36,0,4,10,17,12,8,0,0,4,6,4,1,0,4,6,11,8,7
2016_3,오목교역,205,95,110,0,21,37,64,53,30,0,9,22,31,17,16,0,12,15,33,36,14
2016_3,신사동 가로수길,21557,9956,11601,89,6218,7226,4440,2331,1253,27,1601,3637,2586,1269,836,62,4617,3589,1854,1062,417
2016_3,서울 영등포구 여의도역_2,47838,31761,16077,117,6783,17815,15272,6103,1748,15,2745,10863,11938,5212,988,102,4038,6952,3334,891,760
2016_3,청담사거리_3,1396,477,919,4,546,514,212,77,43,0,119,179,113,34,32,4,427,335,99,43,11
2016_3,영등포유통상가,2089,1325,764,2,259,443,420,476,489,0,104,264,269,309,379,2,155,179,151,167,110
2016_3,청담역_2,1321,973,348,9,251,443,297,137,184,0,117,348,245,107,156,9,134,95,52,30,28
2016_3,청담역_1,183,144,39,0,24,62,61,25,11,0,14,47,55,20,8,0,10,15,6,5,3
2016_3,청담사거리_2,1021,789,232,1,174,368,381,75,22,0,99,287,333,55,15,1,75,81,48,20,7
2016_3,서울 영등포구 여의도역_1,53750,31826,21924,154,7064,15634,17457,10732,2709,32,2793,6817,11225,8987,1972,122,4271,8817,6232,1745,737
2016_3,학동사거리_2,2906,1637,1269,7,639,875,608,510,267,2,194,438,410,375,218,5,445,437,198,135,49
2016_3,서울 영등포구 영등포시장역,345,269,76,0,20,71,96,95,63,0,11,55,66,83,54,0,9,16,30,12,9
2016_3,학동사거리_1,3996,2033,1963,19,1007,1311,761,555,343,7,240,641,472,404,269,12,767,670,289,151,74
2016_3,여의도 시범아파트앞,2358,1498,860,5,294,594,647,493,325,4,129,376,438,339,212,1,165,218,209,154,113
2016_3,영등포역_3,866,523,343,3,141,253,196,181,92,0,40,156,129,132,66,3,101,97,67,49,26
2016_3,도산공원사거리_1,9853,5820,4033,27,2156,3450,2434,1247,539,13,811,2123,1631,849,393,14,1345,1327,803,398,146
2016_3,영등포역_2,1144,617,527,5,149,196,246,318,230,3,62,106,134,156,156,2,87,90,112,162,74
2016_3,문래동 주민센터,73,62,11,1,2,10,22,21,17,1,2,9,16,17,17,0,0,1,6,4,0
2016_3,강남구 신사역_2,7569,4927,2642,24,1549,3178,1925,660,233,2,629,2122,1487,512,175,22,920,1056,438,148,58
2016_3,서울 강남구 강남구청역_2,4207,2578,1629,41,1778,1214,777,305,92,20,928,765,597,210,58,21,850,449,180,95,34
2016_3,강남구 신사역_1,2543,1143,1400,2,721,1021,498,177,124,1,161,458,335,111,77,1,560,563,163,66,47
2016_3,서울 동작구 노량진1동_1,35,25,10,0,3,5,13,9,5,0,1,5,10,6,3,0,2,0,3,3,2
2016_3,서울 강남구 학동역_3,9168,5243,3925,29,1893,3230,2135,1188,693,6,617,1878,1509,768,465,23,1276,1352,626,420,228
2016_3,서울 강남구 강남구청역_1,3281,1934,1347,20,681,880,830,630,240,7,253,510,554,437,173,13,428,370,276,193,67
2016_3,잠실역,5769,4481,1288,13,663,2012,1807,955,319,4,304,1570,1558,790,255,9,359,442,249,165,64
2016_3,강남구 논현역_4,8954,4014,4940,28,2503,2891,2019,979,534,9,552,1399,1181,538,335,19,1951,1492,838,441,199
2016_3,학동역,1382,580,802,10,467,475,289,102,39,2,100,227,159,69,23,8,367,248,130,33,16
2016_3,방이동 먹자골목,5324,3410,1914,14,583,1421,1540,1201,565,7,277,933,1089,711,393,7,306,488,451,490,172
2016_3,서울 강남구 학동역_2,5416,2806,2610,19,1087,1771,1114,567,858,6,313,832,642,373,640,13,774,939,472,194,218
2016_3,서울 동작구 노량진역,3688,2139,1549,11,389,995,1008,959,326,7,144,453,607,696,232,4,245,542,401,263,94
2016_3,삼성역_3,8497,4889,3608,21,1721,3374,2156,950,275,5,429,1829,1650,791,185,16,1292,1545,506,159,90
2016_3,코엑스,20046,11439,8607,88,5057,6634,5194,2414,659,38,1590,3573,3832,1915,491,50,3467,3061,1362,499,168
2016_3,서울 강남구 학동역_1,5819,3549,2270,27,1231,1829,1372,817,543,14,555,1234,911,449,386,13,676,595,461,368,157
2016_3,선정릉역_2,6757,4307,2450,30,1422,2312,1619,916,458,3,496,1454,1229,745,380,27,926,858,390,171,78
2016_3,강남구 논현역_3,1443,825,618,4,236,470,344,288,101,1,90,303,215,152,64,3,146,167,129,136,37
2016_3,포스코사거리_2,7031,4529,2502,16,1259,3155,1706,612,283,9,468,2068,1334,446,204,7,791,1087,372,166,79
2016_3,포스코사거리_1,50503,33686,16817,121,10716,19744,13691,5024,1207,35,5470,13648,10251,3515,767,86,5246,6096,3440,1509,440
2016_3,잠실역 롯데월드,3211,1556,1655,101,1465,597,562,398,88,26,612,336,294,265,23,75,853,261,268,133,65
2016_3,신도림역,3695,1978,1717,3,787,1378,996,449,82,0,289,747,583,294,65,3,498,631,413,155,17
2016_3,강남구 논현역_2,8085,3879,4206,29,2264,2851,1577,861,503,11,656,1545,1033,402,232,18,1608,1306,544,459,271
2016_3,선정릉역_1,1691,1175,516,9,362,636,373,160,151,4,185,453,289,117,127,5,177,183,84,43,24
2016_3,신천역,6044,3337,2707,20,1146,1498,1453,993,934,5,456,816,795,575,690,15,690,682,658,418,244
2016_3,강남구 논현역_1,2919,1972,947,13,537,1075,729,348,217,5,252,725,571,256,163,8,285,350,158,92,54
2016_3,삼성역_2,17802,10478,7324,134,4821,6659,3799,1962,427,89,1900,4253,2684,1239,313,45,2921,2406,1115,723,114
2016_3,삼정역_2,2897,1333,1564,3,764,1034,480,349,267,2,199,475,285,213,159,1,565,559,195,136,108
2016_3,삼정역_1,2922,1585,1337,2,622,1014,630,326,328,0,161,536,444,205,239,2,461,478,186,121,89
2016_3,삼성역_1,28332,18672,9660,93,4107,8166,7224,4958,3784,39,1815,5646,5593,3208,2371,54,2292,2520,1631,1750,1413
2016_3,서울 강남구 선릉역_2,8118,5167,2951,47,1592,2420,2006,1256,797,22,702,1615,1507,842,479,25,890,805,499,414,318
2016_3,고속터미널역,15694,4794,10900,26,4911,5335,3471,1591,360,8,772,1663,1325,799,227,18,4139,3672,2146,792,133
2016_3,서울 서초구 강남역,34388,19466,14922,123,8247,11732,7466,4298,2522,75,3150,6962,4839,2758,1682,48,5097,4770,2627,1540,840
2016_3,서울 강남구 선릉역_1,19187,8328,10859,114,6897,5182,3323,2369,1302,50,2398,2915,1498,779,688,64,4499,2267,1825,1590,614
2016_3,선릉역_2,20136,10500,9636,60,5317,6481,4416,2452,1410,22,1756,3663,2789,1340,930,38,3561,2818,1627,1112,480
2016_3,서울 강남구 역삼역_2,27877,21730,6147,81,5672,10464,7697,3571,392,55,3230,8016,6794,3334,301,26,2442,2448,903,237,91
2016_3,서울 송파구 석촌역_1,40,29,11,1,2,11,15,10,1,0,0,10,10,8,1,1,2,1,5,2,0
2016_3,서울 강남구 강남역_2,5698,3455,2243,29,1316,2001,1280,765,307,16,477,1199,982,582,199,13,839,802,298,183,108
2016_3,선릉역_1,53428,28804,24624,212,10649,15770,15150,9304,2343,137,6361,10809,6537,3364,1596,75,4288,4961,8613,5940,747
2016_3,구로역,166,94,72,0,12,13,29,23,89,0,0,6,11,14,63,0,12,7,18,9,26
2016_3,역삼역_2,4539,2595,1944,26,1053,1568,1255,520,117,4,347,1054,806,311,73,22,706,514,449,209,44
2016_3,대림역_2,7108,5395,1713,20,1200,2060,1516,1298,1014,17,918,1814,1223,807,616,3,282,246,293,491,398
2016_3,서울 강남구 역삼역_1,26029,16394,9635,106,5334,10000,6460,2780,1349,50,2367,6530,4605,1873,969,56,2967,3470,1855,907,380
2016_3,신대방삼거리역,318,153,165,0,25,77,71,71,74,0,7,40,43,31,32,0,18,37,28,40,42
2016_3,서울 강남구 한티역,1294,472,822,16,297,353,322,196,110,0,71,130,132,78,61,16,226,223,190,118,49
2016_3,은마아파트입구사거리_4,88,53,35,0,18,18,33,15,4,0,9,15,18,7,4,0,9,3,15,8,0
2016_3,오류동역,1498,745,753,9,148,219,417,432,273,4,62,122,166,196,195,5,86,97,251,236,78
2016_3,서울 강남구 강남역,39309,18457,20852,68,8769,12888,9261,5833,2490,17,2420,6652,5962,2499,907,51,6349,6236,3299,3334,1583
2016_3,교대역_4,5523,3103,2420,24,1269,1704,1242,795,489,14,474,902,754,575,384,10,795,802,488,220,105
2016_3,서울 강남구 강남역_1,135251,99401,35850,510,30822,62306,32399,8223,991,369,15175,46093,29363,7664,737,141,15647,16213,3036,559,254
2016_3,방배동카페골목,111,46,65,0,21,14,32,21,23,0,10,6,19,2,9,0,11,8,13,19,14
2016_3,가락시장,16121,10273,5848,78,2638,4030,4153,3413,1809,37,1266,2781,2911,2027,1251,41,1372,1249,1242,1386,558
2016_3,교대역_3,4445,2739,1706,12,518,1272,1314,829,500,4,120,583,942,659,431,8,398,689,372,170,69
2016_3,역삼역_1,1900,995,905,11,505,524,398,266,196,1,109,290,279,182,134,10,396,234,119,84,62
2016_3,교대역_2,3480,2209,1271,9,542,1297,875,544,213,6,197,852,626,377,151,3,345,445,249,167,62
2016_3,서울 송파구 가락시장역,5463,3550,1913,17,779,1635,1447,962,623,9,381,1011,1006,657,486,8,398,624,441,305,137
2016_3,서울 서초구 서초역,11982,5047,6935,55,3956,3322,2662,1447,540,24,1325,1352,1130,787,429,31,2631,1970,1532,660,111
2016_3,서울 강남구 대치역_2,1459,885,574,1,167,551,496,153,91,0,41,300,363,101,80,1,126,251,133,52,11
2016_3,뱅뱅사거리_2,23947,15478,8469,332,4799,7245,6461,3460,1650,153,2390,4749,4602,2422,1162,179,2409,2496,1859,1038,488
2016_3,보라매공원,14120,8125,5995,37,2472,5384,3988,1542,697,20,1149,2897,2429,1116,514,17,1323,2487,1559,426,183
2016_3,교대역_1,12965,7837,5128,31,1994,4043,3628,2278,991,4,703,2400,2456,1515,759,27,1291,1643,1172,763,232
2016_3,개봉동 현대아파트 인근,155,71,84,0,6,28,42,54,25,0,2,7,18,31,13,0,4,21,24,23,12
2016_3,뱅뱅사거리,10344,7168,3176,20,3185,4312,1890,697,240,6,1869,3202,1428,485,178,14,1316,1110,462,212,62
2016_3,뱅뱅사거리_1,10136,7186,2950,16,1646,3238,2582,1718,936,3,894,2389,2048,1227,625,13,752,849,534,491,311
2016_3,서울 관악구 신림역_4,908,435,473,2,167,179,217,197,146,0,47,93,110,93,92,2,120,86,107,104,54
2016_3,동작구 총신대입구역_1,222,105,117,0,29,50,56,48,39,0,8,21,27,22,27,0,21,29,29,26,12
2016_3,양재역_3,3451,2396,1055,6,677,1151,880,476,261,0,418,767,644,357,210,6,259,384,236,119,51
2016_3,동작구 총신대입구역_2,855,371,484,6,294,212,164,106,73,0,74,111,86,46,54,6,220,101,78,60,19
2016_3,서울 서초구 남부터미널역_3,1627,934,693,12,260,480,449,264,162,3,85,264,311,160,111,9,175,216,138,104,51
2016_3,서울 강남구 수서역,19118,10909,8209,65,3042,6249,5283,2903,1576,31,1417,3738,2814,1635,1274,34,1625,2511,2469,1268,302
2016_3,서울 서초구 남부터미널역_2,11278,5503,5775,39,2470,3119,2911,1752,987,10,963,1709,1345,789,687,29,1507,1410,1566,963,300
2016_3,구로디지탈1단지,65663,42167,23496,284,14163,24930,16014,7003,3269,169,6717,16796,11253,4638,2594,115,7446,8134,4761,2365,675
2016_3,양재역,131,65,66,0,25,52,29,12,13,0,4,25,19,7,10,0,21,27,10,5,3
2016_3,매봉역,467,214,253,3,186,122,82,41,33,1,42,67,54,26,24,2,144,55,28,15,9
2016_3,서울 서초구 방배역,3751,2232,1519,40,943,965,622,489,692,10,358,583,417,316,548,30,585,382,205,173,144
2016_3,서울 서초구 남부터미널역_1,705,499,206,3,108,211,220,103,60,0,62,147,167,72,51,3,46,64,53,31,9
2016_3,서울 관악구 신림역_2,29,14,15,0,2,4,6,10,7,0,1,4,2,4,3,0,1,0,4,6,4
2016_3,서울 관악구 신림역_1,2031,937,1094,17,334,379,361,428,512,5,139,184,153,186,270,12,195,195,208,242,242
2016_3,양재역_2,8514,4724,3790,63,1842,3191,2075,918,425,21,758,1905,1303,456,281,42,1084,1286,772,462,144
2016_3,양재역_1,1015,711,304,1,114,252,252,261,135,0,50,134,161,235,131,1,64,118,91,26,4
2016_3,서울 관악구 서울대입구역_2,41,4,37,1,18,6,3,12,1,0,1,1,1,1,0,1,17,5,2,11,1
2016_3,가산디지털단지역_3,31705,19052,12653,137,6425,10755,8230,4371,1787,78,2961,6897,5378,2458,1280,59,3464,3858,2852,1913,507
2016_3,구로디지털단지역,1970,1281,689,11,402,661,481,288,127,6,192,437,340,205,101,5,210,224,141,83,26
2016_3,서울 관악구 서울대입구역_1,1989,862,1127,8,342,451,545,329,314,1,80,179,254,150,198,7,262,272,291,179,116
2016_3,관악구 사당역_1,3906,1662,2244,15,379,632,1175,1136,569,13,193,349,354,300,453,2,186,283,821,836,116
2016_3,가산디지털단지역_2,62635,37372,25263,2292,19203,19600,12861,5601,3078,988,8926,12713,8935,3419,2391,1304,10277,6887,3926,2182,687
2016_3,관악구 사당역_2,366,193,173,3,65,98,97,69,34,0,22,50,54,43,24,3,43,48,43,26,10
2016_3,가산디지털단지역_1,25352,17226,8126,114,4263,7746,6412,4029,2788,54,2255,5606,4657,2679,1975,60,2008,2140,1755,1350,813
2016_3,장지역,4269,2696,1573,15,635,1319,1161,724,415,5,314,826,789,446,316,10,321,493,372,278,99
2016_3,포이사거리_1,5742,3131,2611,27,795,1769,1862,1025,264,3,454,1158,892,456,168,24,341,611,970,569,96
2016_3,포이사거리_2,7962,5385,2577,25,982,2361,2477,1543,574,18,505,1527,1759,1147,429,7,477,834,718,396,145
2016_3,서울 관악구 대학동_1,86,51,35,1,16,20,26,12,11,0,7,12,17,6,9,1,9,8,9,6,2
2016_3,서울 금천구 독산1동_1,3069,2113,956,5,405,741,797,704,417,4,206,487,554,505,357,1,199,254,243,199,60
2016_3,양재 화물트럭터미널앞_2,232,128,104,0,44,82,60,29,17,0,26,27,39,23,13,0,18,55,21,6,4
2016_3,양재 화물트럭터미널앞_1,4230,3308,922,45,912,1377,893,674,329,13,561,1099,741,590,304,32,351,278,152,84,25
2016_3,서울 금천구 시흥1동_4,922,471,451,2,149,162,206,235,168,1,51,82,104,129,104,1,98,80,102,106,64
2016_3,풍성로37가길,40,18,22,0,1,9,13,11,6,0,1,4,8,2,3,0,0,5,5,9,3
2016_3,천호옛길,579,387,192,1,99,147,142,101,89,0,61,101,97,65,63,1,38,46,45,36,26
2016_3,천호옛14길,621,303,318,4,120,133,157,132,75,1,51,68,81,57,45,3,69,65,76,75,30
2016_3,천호대로219길,919,543,376,3,61,169,256,330,100,3,28,104,144,195,69,0,33,65,112,135,31
2016_3,천호대로197길,19,4,15,0,1,4,9,4,1,0,0,1,2,1,0,0,1,3,7,3,1
2016_3,천호대로187길,866,506,360,2,81,209,241,184,149,1,32,136,137,111,89,1,49,73,104,73,60
2016_3,천호대로170길,404,165,239,1,39,76,120,121,47,0,23,54,39,29,20,1,16,22,81,92,27
2016_3,천호대로162길,1214,858,356,0,155,357,279,212,211,0,93,274,216,150,125,0,62,83,63,62,86
2016_3,천중로51길,432,233,199,1,49,112,130,84,56,0,23,64,67,40,39,1,26,48,63,44,17
2016_3,천중로39길,582,210,372,0,49,91,116,159,167,0,9,41,35,58,67,0,40,50,81,101,100
2016_3,진황도로47길,1154,580,574,1,132,188,243,305,285,1,80,116,122,93,168,0,52,72,121,212,117
2016_3,진황도로27길,471,285,186,0,57,132,134,110,38,0,27,94,77,62,25,0,30,38,57,48,13
2016_3,올림픽로98길,47,23,24,0,3,14,9,16,5,0,2,8,4,6,3,0,1,6,5,10,2
2016_3,올림픽로80길,2,1,1,0,0,0,1,1,0,0,0,0,0,1,0,0,0,0,1,0,0
2016_3,올림픽로77길,9,5,4,0,1,4,3,0,1,0,0,2,2,0,1,0,1,2,1,0,0
2016_3,올림픽로71길,424,318,106,0,40,117,111,109,47,0,24,90,83,83,38,0,16,27,28,26,9
2016_3,올림픽로48길,5694,3495,2199,6,554,1354,1398,1223,1159,2,242,714,798,854,885,4,312,640,600,369,274
2016_3,양재대로96길,1374,833,541,1,104,220,284,430,335,0,49,128,164,260,232,1,55,92,120,170,103
2016_3,양재대로95길,647,353,294,1,99,152,165,154,76,1,56,80,91,77,48,0,43,72,74,77,28
2016_3,양재대로91길,1128,621,507,3,138,232,258,236,261,1,54,142,155,123,146,2,84,90,103,113,115
2016_3,양재대로133길,317,118,199,0,44,70,64,99,40,0,13,32,30,28,15,0,31,38,34,71,25
2016_3,양재대로124길,606,370,236,0,70,167,124,124,121,0,26,113,83,62,86,0,44,54,41,62,35
2016_3,양재대로116길,219,89,130,0,28,48,71,51,21,0,11,19,28,20,11,0,17,29,43,31,10
2016_3,양재대로101길,1197,688,509,1,147,261,281,257,250,1,44,132,163,151,197,0,103,129,118,106,53
2016_3,암사길,361,166,195,0,30,122,106,76,27,0,9,54,49,37,17,0,21,68,57,39,10
2016_3,성안로3길,1519,945,574,5,223,346,432,358,155,4,102,203,276,232,128,1,121,143,156,126,27
2016_3,성내로5길,1081,569,512,0,173,281,319,241,67,0,64,146,166,141,52,0,109,135,153,100,15
2016_3,상일로5길,61,34,27,1,7,6,24,16,7,1,3,5,10,11,4,0,4,1,14,5,3
2016_3,상암로5길,482,207,275,1,86,113,136,93,53,1,18,54,60,44,30,0,68,59,76,49,23
2016_3,상암로51길,751,328,423,7,142,164,178,159,101,5,37,79,86,66,55,2,105,85,92,93,46
2016_3,상암로4길,265,211,54,2,73,81,54,42,13,1,57,61,49,34,9,1,16,20,5,8,4
2016_3,상암로14길,427,268,159,0,46,110,135,86,50,0,19,61,90,57,41,0,27,49,45,29,9
2016_3,명일로13길,121,49,72,0,9,27,22,58,5,0,3,8,6,30,2,0,6,19,16,28,3
2016_3,동남로85길,120,61,59,0,11,27,32,29,21,0,7,17,17,10,10,0,4,10,15,19,11
2016_3,동남로82길,7,3,4,0,0,1,4,2,0,0,0,0,2,1,0,0,0,1,2,1,0
2016_3,동남로65길,97,34,63,0,9,14,26,29,19,0,3,4,9,13,5,0,6,10,17,16,14
2016_3,구천면로42길,393,197,196,2,52,90,109,79,61,0,16,50,58,36,37,2,36,40,51,43,24
2016_3,구천면로41길,604,256,348,1,82,166,161,135,59,1,17,76,77,56,29,0,65,90,84,79,30
2016_3,구천면로36길,71,43,28,0,4,19,22,16,10,0,0,16,10,8,9,0,4,3,12,8,1
2016_3,고덕로25길,14,11,3,0,2,4,4,1,3,0,2,4,2,0,3,0,0,0,2,1,0
2016_3,고덕로10길,198,94,104,2,23,47,49,57,20,1,13,25,22,21,12,1,10,22,27,36,8
2016_3,강동대로53길,913,504,409,2,166,244,237,195,69,1,67,152,126,109,49,1,99,92,111,86,20
2016_3,풍성로25길,768,286,482,2,111,200,200,161,94,0,32,82,66,58,48,2,79,118,134,103,46
2016_3,오금로46길,1362,697,665,6,196,397,348,301,114,1,68,206,182,165,75,5,128,191,166,136,39
2016_3,오금로36길,1366,1044,322,6,170,443,460,223,64,2,91,327,386,183,55,4,79,116,74,40,9
2016_3,오금로11길,2199,1417,782,11,282,600,502,447,357,9,142,358,345,286,277,2,140,242,157,161,80
2016_3,양재대로72길,715,408,307,1,98,176,194,166,80,1,43,102,98,96,68,0,55,74,96,70,12
2016_3,양재대로71길,1273,766,507,3,226,363,290,235,156,3,73,213,204,157,116,0,153,150,86,78,40
2016_3,양재대로64길,1539,621,918,5,412,586,332,145,59,1,85,208,194,93,40,4,327,378,138,52,19
2016_3,양재대로62길,6359,3876,2483,6,225,484,628,966,4050,4,105,313,381,453,2620,2,120,171,247,513,1430
2016_3,송파대로30길,1712,1098,614,4,253,423,453,383,196,3,133,295,313,224,130,1,120,128,140,159,66
2016_3,송이로36길,1992,1427,565,12,361,425,505,443,246,6,240,288,360,332,201,6,121,137,145,111,45
2016_3,송이로32길,784,432,352,0,81,169,216,212,106,0,33,96,119,115,69,0,48,73,97,97,37
2016_3,송이로23길,1236,759,477,1,127,270,280,286,272,1,50,155,154,188,211,0,77,115,126,98,61
2016_3,삼전로13길,1647,841,806,2,216,380,383,346,320,1,69,189,180,186,216,1,147,191,203,160,104
2016_3,백제고분로50길,3316,1663,1653,15,489,612,773,980,447,7,217,413,439,382,205,8,272,199,334,598,242
2016_3,백제고분로46길,1777,1145,632,3,235,400,447,364,328,1,121,251,295,230,247,2,114,149,152,134,81
2016_3,백제고분로45길,522,333,189,3,65,126,135,128,65,3,40,80,81,86,43,0,25,46,54,42,22
2016_3,백제고분로42길,137,78,59,0,17,32,45,35,8,0,9,17,21,24,7,0,8,15,24,11,1
2016_3,백제고분로39길,1517,1076,441,4,312,692,301,140,68,2,173,604,193,68,36,2,139,88,108,72,32
2016_3,백제고분로34길,1708,1117,591,1,207,389,485,319,307,1,107,265,322,203,219,0,100,124,163,116,88
2016_3,백제고분로33길,845,534,311,0,90,215,254,186,100,0,42,114,171,125,82,0,48,101,83,61,18
2016_3,백제고분로32길,1074,450,624,5,137,237,289,291,115,4,35,110,125,103,73,1,102,127,164,188,42
2016_3,백제고분로31길,343,224,119,0,23,75,109,96,40,0,13,51,71,61,28,0,10,24,38,35,12
2016_3,백제고분로22길,1064,638,426,3,113,220,298,273,157,1,32,137,183,159,126,2,81,83,115,114,31
2016_3,백제고분로21길,195,137,58,0,30,44,51,39,31,0,13,31,33,31,29,0,17,13,18,8,2
2016_3,마천로51길,132,57,75,0,17,29,34,38,14,0,8,13,13,11,12,0,9,16,21,27,2
2016_3,동남로20길,163,97,66,1,13,36,53,46,14,1,7,20,34,27,8,0,6,16,19,19,6
2016_3,거마로20길,429,196,233,0,74,142,118,70,25,0,25,65,58,36,12,0,49,77,60,34,13
2016_3,학동로77길,2909,1526,1383,2,282,734,674,755,462,1,75,282,305,530,333,1,207,452,369,225,129
2016_3,학동로6길,1873,944,929,3,348,564,495,333,130,2,134,333,280,120,75,1,214,231,215,213,55
2016_3,학동로56길,963,537,426,3,115,262,249,235,99,0,39,124,132,160,82,3,76,138,117,75,17
2016_3,학동로38길,6427,4169,2258,25,1451,1821,1507,942,681,11,666,1191,1087,725,489,14,785,630,420,217,192
2016_3,테헤란로81길,606,227,379,8,291,205,62,22,18,2,96,81,20,14,14,6,195,124,42,8,4
2016_3,일원로9길,528,289,239,0,45,84,115,148,136,0,21,49,58,76,85,0,24,35,57,72,51
2016_3,일원로3길,213,105,108,0,25,45,61,54,28,0,12,32,37,17,7,0,13,13,24,37,21
2016_3,영동대로65길,3111,1826,1285,7,563,1150,769,375,247,5,230,705,528,204,154,2,333,445,241,171,93
2016_3,영동대로112길,727,479,248,5,139,257,176,95,55,1,75,179,137,55,32,4,64,78,39,40,23
2016_3,언주로81길,9018,4188,4830,26,3056,2944,1863,740,389,7,765,1538,1126,481,271,19,2291,1406,737,259,118
2016_3,압구정로2길,2656,1413,1243,20,622,916,617,308,173,7,229,518,375,156,128,13,393,398,242,152,45
2016_3,선릉로18길,441,245,196,0,38,88,103,117,95,0,13,53,57,64,58,0,25,35,46,53,37
2016_3,선릉로146길,1877,990,887,3,420,733,438,181,102,1,154,405,280,98,52,2,266,328,158,83,50
2016_3,선릉로133길,178,101,77,0,26,53,36,31,32,0,11,32,17,16,25,0,15,21,19,15,7
2016_3,선릉로132길,1069,569,500,3,157,304,216,206,183,1,35,137,121,136,139,2,122,167,95,70,44
2016_3,선릉로121길,1668,900,768,4,418,595,393,181,77,2,154,340,231,113,60,2,264,255,162,68,17
2016_3,삼성로75길,2587,1405,1182,12,603,778,542,390,262,4,172,421,350,268,190,8,431,357,192,122,72
2016_3,삼성로69길,316,156,160,0,78,102,74,53,9,0,22,54,41,31,8,0,56,48,33,22,1
2016_3,삼성로64길,591,282,309,6,122,208,128,86,41,3,33,107,77,42,20,3,89,101,51,44,21
2016_3,삼성로63길,144,68,76,0,18,30,49,36,11,0,2,13,27,19,7,0,16,17,22,17,4
2016_3,삼성로57길,905,289,616,2,153,314,239,130,67,1,43,79,82,43,41,1,110,235,157,87,26
2016_3,삼성로147길,813,341,472,0,238,246,160,115,54,0,60,103,71,71,36,0,178,143,89,44,18
2016_3,삼성로115길,258,163,95,0,57,79,60,35,27,0,25,59,42,21,16,0,32,20,18,14,11
2016_3,봉은사로68길,273,140,133,0,82,97,55,25,14,0,23,54,37,19,7,0,59,43,18,6,7
2016_3,봉은사로57길,664,459,205,2,153,211,162,84,52,0,70,140,130,70,49,2,83,71,32,14,3
2016_3,봉은사로43길,1041,710,331,20,244,352,269,97,59,19,137,242,206,68,38,1,107,110,63,29,21
2016_3,봉은사로29길,133,89,44,1,32,43,26,22,9,1,15,31,22,15,5,0,17,12,4,7,4
2016_3,봉은사로109길,308,165,143,1,60,90,70,48,39,0,17,49,44,28,27,1,43,41,26,20,12
2016_3,도산대로89길,2682,1022,1660,26,756,1027,511,251,111,2,189,374,258,126,73,24,567,653,253,125,38
2016_3,도산대로81길,4615,1460,3155,33,1642,1462,1017,288,173,3,416,522,309,113,97,30,1226,940,708,175,76
2016_3,도산대로50길,2783,1921,862,3,278,506,615,762,619,0,151,398,535,556,281,3,127,108,80,206,338
2016_3,도산대로38길,169,91,78,4,41,46,43,22,13,1,12,29,27,16,6,3,29,17,16,6,7
2016_3,도산대로30길,2822,1293,1529,9,786,1040,588,295,104,2,271,488,310,148,74,7,515,552,278,147,30
2016_3,도산대로23길,1630,954,676,4,542,487,279,162,156,1,202,304,183,133,131,3,340,183,96,29,25
2016_3,도산대로15길,1746,803,943,4,535,653,336,141,77,2,184,319,177,79,42,2,351,334,159,62,35
2016_3,도곡로37길,3317,2176,1141,6,582,1142,902,461,224,3,256,751,658,335,173,3,326,391,244,126,51
2016_3,논현로8길,757,412,345,7,137,214,195,149,55,4,61,144,96,65,42,3,76,70,99,84,13
2016_3,논현로63길,10414,3017,7397,73,1610,2112,4450,1946,223,34,661,862,739,532,189,39,949,1250,3711,1414,34
2016_3,논현로28길,11409,8220,3189,50,2280,4680,2746,1131,522,22,1210,3264,2294,968,462,28,1070,1416,452,163,60
2016_3,논현로26길,6914,4249,2665,27,1024,1729,1307,936,1891,17,524,1301,1008,565,834,10,500,428,299,371,1057
2016_3,논현로139길,2484,1249,1235,10,710,871,460,232,201,1,206,463,298,125,156,9,504,408,162,107,45
2016_3,논현로123길,94,58,36,1,18,23,25,21,6,1,9,17,16,11,4,0,9,6,9,10,2
2016_3,논현로115길,2727,1437,1290,4,653,1058,607,223,182,2,218,535,430,136,116,2,435,523,177,87,66
2016_3,논현로10길,2586,1706,880,11,228,624,675,594,454,5,115,434,449,364,339,6,113,190,226,230,115
2016_3,논현로106길,2706,1568,1138,3,432,682,729,510,350,2,169,450,459,249,239,1,263,232,270,261,111
2016_3,남부순환로365길,179,125,54,0,34,40,58,28,19,0,17,28,44,22,14,0,17,12,14,6,5
2016_3,개포로28길,285,211,74,1,36,90,74,57,27,0,18,74,57,42,20,1,18,16,17,15,7
2016_3,개포로20길,4155,2340,1815,17,648,1023,1138,858,471,11,227,602,639,490,371,6,421,421,499,368,100
2016_3,개포로17길,2693,1748,945,5,354,795,747,531,261,2,169,510,508,355,204,3,185,285,239,176,57
2016_3,강남대로140길,4658,2553,2105,8,920,1359,950,926,495,2,296,736,603,525,391,6,624,623,347,401,104
2016_3,강남대로136길,1232,692,540,4,255,488,290,102,93,0,82,292,190,64,64,4,173,196,100,38,29
2016_3,강남대로118길,588,324,264,2,81,170,129,72,134,0,23,90,83,36,92,2,58,80,46,36,42
2016_3,서초중앙로8길,5709,4262,1447,15,933,1974,1499,950,338,10,518,1441,1250,770,273,5,415,533,249,180,65
2016_3,방배중앙로21길,2175,687,1488,3,269,300,566,758,279,0,87,146,173,149,132,3,182,154,393,609,147
2016_3,효령로72길,215,126,89,4,41,41,58,44,27,2,6,28,42,27,21,2,35,13,16,17,6
2016_3,효령로34길,20,17,3,0,0,4,5,9,2,0,0,3,5,7,2,0,0,1,0,2,0
2016_3,효령로31길,1487,868,619,8,289,475,397,212,106,5,82,295,268,141,77,3,207,180,129,71,29
2016_3,효령로23길,714,419,295,2,138,170,200,132,72,0,54,104,129,73,59,2,84,66,71,59,13
2016_3,청두곶길,1955,1286,669,42,468,552,504,284,105,14,260,412,321,204,75,28,208,140,183,80,30
2016_3,주흥길,325,208,117,2,53,119,86,50,15,1,28,61,67,38,13,1,25,58,19,12,2
2016_3,주흥15길,1681,1092,589,8,320,513,335,232,273,2,156,351,257,160,166,6,164,162,78,72,107
2016_3,언남길,1984,1453,531,2,248,728,580,283,143,0,147,550,429,204,123,2,101,178,151,79,20
2016_3,신반포로45길,403,267,136,1,71,99,76,64,92,1,31,66,56,51,62,0,40,33,20,13,30
2016_3,서초대로8길,335,211,124,0,45,90,108,60,32,0,26,59,62,42,22,0,19,31,46,18,10
2016_3,서초대로64길,487,346,141,0,76,119,140,95,57,0,36,79,111,75,45,0,40,40,29,20,12
2016_3,서초대로4길,612,433,179,0,63,155,133,103,158,0,40,107,103,58,125,0,23,48,30,45,33
2016_3,서초대로25길,3372,2037,1335,27,692,1092,822,529,210,7,291,664,558,359,158,20,401,428,264,170,52
2016_3,서초대로23길,515,307,208,1,64,150,132,53,115,0,24,95,77,32,79,1,40,55,55,21,36
2016_3,서초대로15길,1241,586,655,5,160,365,345,222,144,0,53,178,152,102,101,5,107,187,193,120,43
2016_3,사평대로57길,174,65,109,0,38,65,35,23,13,0,12,22,17,14,0,0,26,43,18,9,13
2016_3,사평대로26길,17,12,5,0,1,2,7,3,4,0,1,2,4,3,2,0,0,0,3,0,2
2016_3,사평대로22길,1437,866,571,2,360,404,346,221,104,2,170,271,241,133,49,0,190,133,105,88,55
2016_3,사임당로17길,1735,1118,617,4,300,559,460,268,144,2,115,369,311,206,115,2,185,190,149,62,29
2016_3,방배로42길,164,83,81,5,41,36,35,19,28,5,8,15,24,11,20,0,33,21,11,8,8
2016_3,방배로35길,2444,1537,907,7,447,649,535,404,402,3,217,419,342,259,297,4,230,230,193,145,105
2016_3,방배로18길,89,47,42,0,20,24,24,8,13,0,11,9,16,2,9,0,9,15,8,6,4
2016_3,반포대로9길,707,461,246,8,127,198,204,101,69,4,65,136,143,64,49,4,62,62,61,37,20
2016_3,바우뫼로39길,2074,1304,770,4,250,657,517,305,341,2,113,410,345,201,233,2,137,247,172,104,108
2016_3,마방로2길,3901,2503,1398,16,619,1147,1046,821,252,5,274,766,743,531,184,11,345,381,303,290,68
2016_3,방배천로4안길,1268,796,472,3,141,297,375,326,126,0,57,187,270,214,68,3,84,110,105,112,58
2016_3,동산로19길,1325,887,438,3,133,419,390,235,145,0,64,292,264,170,97,3,69,127,126,65,48
2016_3,동산로10길,2542,1320,1222,12,301,542,637,652,398,7,142,338,306,296,231,5,159,204,331,356,167
2016_3,동광로39길,44,25,19,0,6,6,16,7,9,0,1,5,8,5,6,0,5,1,8,2,3
2016_3,동광로1길,1203,722,481,1,167,312,336,220,167,0,63,205,223,128,103,1,104,107,113,92,64
2016_3,동광로12길,808,543,265,3,99,208,243,164,91,2,44,135,171,122,69,1,55,73,72,42,22
2016_3,논현로27길,3645,2610,1035,13,560,1001,1036,681,354,5,287,665,798,561,294,8,273,336,238,120,60
2016_3,논현로1길,630,403,227,1,100,181,161,119,68,0,54,133,119,62,35,1,46,48,42,57,33
2016_3,남부순환로339길,12012,5296,6716,72,3679,2666,2642,2082,871,29,1510,1556,1013,640,548,43,2169,1110,1629,1442,323
2016_3,남부순환로325길,7827,3987,3840,43,1247,2772,2023,1252,490,19,426,1323,1150,694,375,24,821,1449,873,558,115
2016_3,남부순환로317길,1509,1051,458,4,314,619,306,155,111,4,145,470,235,123,74,0,169,149,71,32,37
2016_3,고무래로8길,6926,3725,3201,14,902,2076,1786,1110,1038,5,276,1022,1070,713,639,9,626,1054,716,397,399
2016_3,강남대로8길,3167,2154,1013,8,353,889,970,633,314,4,204,614,711,403,218,4,149,275,259,230,96
2016_3,강남대로34길,995,656,339,0,186,381,251,105,72,0,98,256,171,70,61,0,88,125,80,35,11
2016_3,강남대로23길,5889,4134,1755,16,929,1679,1419,1183,663,11,553,1249,1095,782,444,5,376,430,324,401,219
2016_3,소담길,23,5,18,0,3,7,2,8,3,0,0,1,0,2,2,0,3,6,2,6,1
2016_3,원신길,307,116,191,0,55,90,51,70,41,0,7,40,21,29,19,0,48,50,30,41,22
2016_3,양산길,424,297,127,0,31,44,73,119,157,0,6,21,49,86,135,0,25,23,24,33,22
2016_3,호암로24길,660,260,400,2,77,124,149,184,124,2,25,73,61,40,59,0,52,51,88,144,65
2016_3,호암로20길,40,28,12,0,3,9,7,13,8,0,2,8,5,6,7,0,1,1,2,7,1
2016_3,행운길,19,3,16,0,3,1,8,5,2,0,1,0,1,0,1,0,2,1,7,5,1
2016_3,행운1길,99,59,40,0,6,26,30,19,18,0,1,14,19,9,16,0,5,12,11,10,2
2016_3,청림3길,72,35,37,1,12,18,22,12,7,0,2,13,11,5,4,1,10,5,11,7,3
2016_3,청룡길,175,119,56,1,40,59,40,22,13,1,21,40,32,16,9,0,19,19,8,6,4
2016_3,청룡8길,35,15,20,0,1,8,8,11,7,0,1,3,4,4,3,0,0,5,4,7,4
2016_3,중앙길,283,101,182,0,35,58,73,69,48,0,2,19,34,24,22,0,33,39,39,45,26
2016_3,조원중앙로2길,1135,779,356,0,140,291,311,302,91,0,86,190,222,218,63,0,54,101,89,84,28
2016_3,조원로18길,1087,553,534,1,124,239,293,258,172,1,38,138,149,130,97,0,86,101,144,128,75
2016_3,조원로10길,263,122,141,0,44,49,58,63,49,0,14,24,20,31,33,0,30,25,38,32,16
2016_3,장군봉2길,295,128,167,0,27,70,88,77,33,0,9,21,36,40,22,0,18,49,52,37,11
2016_3,장군봉1길,91,14,77,0,8,35,27,17,4,0,1,4,2,5,2,0,7,31,25,12,2
2016_3,인헌길,84,39,45,0,13,13,24,19,15,0,4,8,10,6,11,0,9,5,14,13,4
2016_3,은천로25길,268,81,187,1,46,79,61,44,37,0,2,23,20,17,19,1,44,56,41,27,18
2016_3,양녕로6길,833,502,331,0,106,209,218,175,125,0,49,123,137,117,76,0,57,86,81,58,49
2016_3,신원로3길,33,22,11,0,2,8,10,2,11,0,1,5,8,0,8,0,1,3,2,2,3
2016_3,신사로20길,57,29,28,0,14,9,18,11,5,0,4,5,11,6,3,0,10,4,7,5,2
2016_3,신림로64길,207,112,95,2,28,59,69,37,12,1,20,29,36,18,8,1,8,30,33,19,4
2016_3,신림로48길,74,36,38,0,9,13,26,17,9,0,0,5,16,7,8,0,9,8,10,10,1
2016_3,신림로38길,56,30,26,0,8,14,16,11,7,0,4,9,7,7,3,0,4,5,9,4,4
2016_3,신림로28길,327,221,106,2,18,46,85,104,72,0,2,18,52,83,66,2,16,28,33,21,6
2016_3,신림로11길,453,412,41,0,15,25,148,198,67,0,10,19,141,179,63,0,5,6,7,19,4
2016_3,신림동길,344,198,146,1,42,87,92,74,48,0,21,61,54,35,27,1,21,26,38,39,21
2016_3,승방길,553,360,193,1,72,189,166,83,42,0,34,145,112,40,29,1,38,44,54,43,13
2016_3,서림7길,267,100,167,0,23,70,77,76,21,0,7,31,24,29,9,0,16,39,53,47,12
2016_3,봉천로33길,370,236,134,6,44,69,92,85,74,5,23,45,59,55,49,1,21,24,33,30,25
2016_3,봉천로13길,294,86,208,1,21,59,81,98,34,1,1,21,22,30,11,0,20,38,59,68,23
2016_3,복은길,188,69,119,1,18,31,49,54,35,1,5,13,24,17,9,0,13,18,25,37,26
2016_3,법원단지길,2,1,1,0,0,0,1,1,0,0,0,0,0,1,0,0,0,0,1,0,0
2016_3,법원단지9길,91,35,56,0,18,20,21,24,8,0,1,15,6,7,6,0,17,5,15,17,2
2016_3,미성5길,62,36,26,0,6,4,13,21,18,0,0,1,6,12,17,0,6,3,7,9,1
2016_3,대학길,79,34,45,1,8,26,16,22,6,0,3,12,7,10,2,1,5,14,9,12,4
2016_3,대학14길,12,2,10,0,0,1,2,2,7,0,0,1,1,0,0,0,0,0,1,2,7
2016_3,당곡길,340,157,183,1,31,68,115,67,58,0,10,30,49,25,43,1,21,38,66,42,15
2016_3,남현길,237,87,150,1,36,78,56,50,16,0,13,27,23,14,10,1,23,51,33,36,6
2016_3,남현3길,455,274,181,0,59,75,109,130,82,0,18,32,69,94,61,0,41,43,40,36,21
2016_3,남현2길,1,0,1,0,0,0,1,0,0,0,0,0,0,0,0,0,0,0,1,0,0
2016_3,남부순환로248길,268,140,128,0,33,78,73,65,19,0,11,44,31,41,13,0,22,34,42,24,6
2016_3,남부순환로234길,125,81,44,0,8,32,40,28,17,0,3,25,25,19,9,0,5,7,15,9,8
2016_3,남부순환로172길,1670,917,753,2,193,270,390,449,366,1,52,147,220,265,232,1,141,123,170,184,134
2016_3,남부순환로161길,19,5,14,0,1,4,9,5,0,0,1,0,2,2,0,0,0,4,7,3,0
2016_3,남부순환로151길,109,63,46,0,9,18,31,26,25,0,4,12,17,13,17,0,5,6,14,13,8
2016_3,남부순환로142길,69,32,37,0,10,10,19,17,13,0,1,4,9,11,7,0,9,6,10,6,6
2016_3,난향길,174,50,124,0,16,51,58,28,21,0,4,10,22,3,11,0,12,41,36,25,10
2016_3,난우길,421,178,243,1,26,73,102,115,104,1,6,24,51,48,48,0,20,49,51,67,56
2016_3,난곡로74길,151,63,88,0,44,35,30,23,19,0,15,14,17,8,9,0,29,21,13,15,10
2016_3,난곡로34길,24,7,17,0,7,3,6,6,2,0,0,0,3,3,1,0,7,3,3,3,1
2016_3,난곡로26길,112,43,69,0,7,21,43,34,7,0,3,8,12,15,5,0,4,13,31,19,2
2016_3,난곡로24길,36,15,21,0,3,5,13,9,6,0,1,1,5,6,2,0,2,4,8,3,4
2016_3,낙성대역길,738,474,264,2,61,103,151,219,202,2,19,51,77,151,174,0,42,52,74,68,28
2016_3,국회단지길,548,242,306,3,106,133,139,107,60,0,20,70,81,45,26,3,86,63,58,62,34
2016_3,구암길,81,32,49,0,8,15,31,14,13,0,3,7,10,4,8,0,5,8,21,10,5
2016_3,관천로22길,21,10,11,0,1,5,8,5,2,0,0,4,4,0,2,0,1,1,4,5,0
2016_3,관천로15길,149,82,67,0,21,33,41,34,20,0,6,18,21,19,18,0,15,15,20,15,2
2016_3,관악로30길,179,65,114,0,25,33,47,50,24,0,7,17,13,16,12,0,18,16,34,34,12
2016_3,관악로28길,144,73,71,0,19,21,40,25,39,0,6,7,12,13,35,0,13,14,28,12,4
2016_3,관악로14길,407,216,191,4,70,101,79,67,86,1,15,64,41,35,60,3,55,37,38,32,26
2016_3,관악로10길,230,157,73,0,25,57,68,46,34,0,18,40,47,31,21,0,7,17,21,15,13
2016_3,흑석로9길,198,82,116,0,49,39,47,42,21,0,17,20,21,17,7,0,32,19,26,25,14
2016_3,흑석로13길,138,18,120,0,41,45,26,18,8,0,2,7,6,2,1,0,39,38,20,16,7
2016_3,장승배기로27길,41,19,22,0,4,7,10,13,7,0,1,1,5,8,4,0,3,6,5,5,3
2016_3,장승배기로19길,9,5,4,0,1,1,3,1,3,0,0,0,2,1,2,0,1,1,1,0,1
2016_3,여의대방로46길,411,137,274,1,63,117,118,78,34,0,11,40,30,31,25,1,52,77,88,47,9
2016_3,여의대방로24길,16038,7509,8529,125,2415,2722,3378,4721,2677,53,1610,1969,1314,1484,1079,72,805,753,2064,3237,1598
2016_3,여의대방로22카길,290,118,172,0,32,58,86,82,32,0,10,43,33,20,12,0,22,15,53,62,20
2016_3,여의대방로22나길,128,49,79,0,13,36,32,36,11,0,5,11,13,12,8,0,8,25,19,24,3
2016_3,여의대방로22길,202,114,88,0,23,50,46,58,25,0,13,31,27,28,15,0,10,19,19,30,10
2016_3,양녕로26길,132,63,69,0,17,22,35,34,24,0,3,10,16,17,17,0,14,12,19,17,7
2016_3,신대방길,109,73,36,0,7,29,31,26,16,0,5,20,19,16,13,0,2,9,12,10,3
2016_3,성대로29길,2,2,0,0,0,1,1,0,0,0,0,1,1,0,0,0,0,0,0,0,0
2016_3,성대로1길,329,131,198,0,23,58,97,90,61,0,7,25,42,36,21,0,16,33,55,54,40
2016_3,서달로8가길,228,105,123,1,24,40,59,50,54,1,5,15,23,24,37,0,19,25,36,26,17
2016_3,서달로14길,34,14,20,0,10,7,8,4,5,0,1,4,3,1,5,0,9,3,5,3,0
2016_3,서달로10길,78,30,48,0,2,14,20,31,11,0,1,7,7,12,3,0,1,7,13,19,8
2016_3,상도로62길,165,59,106,0,11,35,51,39,29,0,3,9,15,12,20,0,8,26,36,27,9
2016_3,상도로61길,47,23,24,0,7,11,13,11,5,0,1,1,8,8,5,0,6,10,5,3,0
2016_3,상도로47길,61,44,17,0,11,19,15,13,3,0,6,16,10,10,2,0,5,3,5,3,1
2016_3,상도로37길,1968,961,1007,29,311,537,520,380,191,1,78,341,280,172,89,28,233,196,240,208,102
2016_3,상도로15길,271,118,153,0,36,60,93,56,26,0,7,27,49,22,13,0,29,33,44,34,13
2016_3,사당로8길,122,63,59,0,7,30,34,33,18,0,1,12,17,21,12,0,6,18,17,12,6
2016_3,사당로30길,305,209,96,1,15,92,119,55,23,0,7,53,87,41,21,1,8,39,32,14,2
2016_3,사당로2차길,142,94,48,0,75,22,19,11,15,0,53,10,14,7,10,0,22,12,5,4,5
2016_3,사당로29길,17,14,3,0,0,1,3,4,9,0,0,0,1,4,9,0,0,1,2,0,0
2016_3,사당로26길,253,136,117,0,41,53,76,60,23,0,13,34,49,25,15,0,28,19,27,35,8
2016_3,사당로23나길,164,41,123,0,11,22,45,58,28,0,1,2,12,6,20,0,10,20,33,52,8
2016_3,사당로23길,16,12,4,0,1,8,3,4,0,0,1,6,1,4,0,0,0,2,2,0,0
2016_3,사당로20길,168,124,44,0,8,28,74,39,19,0,3,19,59,27,16,0,5,9,15,12,3
2016_3,사당로16길,129,38,91,0,6,28,40,43,12,0,1,6,13,11,7,0,5,22,27,32,5
2016_3,사당로16가길,792,486,306,1,27,73,123,137,431,1,17,42,54,71,301,0,10,31,69,66,130
2016_3,만양로8길,77,35,42,0,12,16,20,15,14,0,2,6,12,6,9,0,10,10,8,9,5
2016_3,만양로14길,353,146,207,0,42,92,98,66,55,0,12,38,39,30,27,0,30,54,59,36,28
2016_3,등용로14길,627,446,181,0,81,213,167,83,83,0,55,168,130,46,47,0,26,45,37,37,36
2016_3,동작대로7길,1860,759,1101,13,576,449,393,273,156,7,99,185,219,144,105,6,477,264,174,129,51
2016_3,동작대로35길,258,92,166,0,42,51,78,63,24,0,5,28,28,15,16,0,37,23,50,48,8
2016_3,동작대로33길,116,56,60,0,16,35,29,18,18,0,6,14,17,9,10,0,10,21,12,9,8
2016_3,동작대로29길,35,18,17,0,5,5,12,7,6,0,4,5,3,4,2,0,1,0,9,3,4
2016_3,동작대로17길,1315,689,626,7,216,366,400,223,103,4,64,171,249,129,72,3,152,195,151,94,31
2016_3,대방동2길,461,225,236,0,73,123,126,100,39,0,13,70,74,47,21,0,60,53,52,53,18
2016_3,대방동27길,137,80,57,0,6,22,35,42,32,0,4,10,17,30,19,0,2,12,18,12,13
2016_3,노량진로6길,107,31,76,0,8,25,22,40,12,0,3,8,4,14,2,0,5,17,18,26,10
2016_3,국사봉길,39,6,33,0,3,5,15,7,9,0,0,1,2,1,2,0,3,4,13,6,7
2016_3,국사봉2길,110,71,39,0,16,27,25,24,18,0,2,19,20,17,13,0,14,8,5,7,5
2016_3,국사봉1길,14,8,6,0,1,6,4,2,1,0,0,4,2,1,1,0,1,2,2,1,0
2016_3,영신로9길,423,181,242,0,73,119,121,83,27,0,17,64,50,33,17,0,56,55,71,50,10
2016_3,영등포로84길,345,85,260,0,39,52,56,120,78,0,12,22,20,15,16,0,27,30,36,105,62
2016_3,영등포로80길,60,32,28,2,7,15,11,11,14,0,1,4,6,8,13,2,6,11,5,3,1
2016_3,영등포로62길,4,3,1,0,0,1,3,0,0,0,0,0,3,0,0,0,0,1,0,0,0
2016_3,영등포로35길,79,59,20,0,8,24,27,13,7,0,6,18,21,8,6,0,2,6,6,5,1
2016_3,영등포로27길,343,208,135,1,33,100,110,70,29,0,15,64,61,43,25,1,18,36,49,27,4
2016_3,여의대방로43나길,2319,1843,476,0,45,177,380,952,765,0,25,139,293,728,658,0,20,38,87,224,107
2016_3,여의대방로39길,8,6,2,0,0,3,4,1,0,0,0,3,3,0,0,0,0,0,1,1,0
2016_3,여의대방로35길,789,415,374,5,92,186,231,157,118,4,24,93,116,92,86,1,68,93,115,65,32
2016_3,양평로28길,555,437,118,1,23,109,159,184,79,1,9,82,137,145,63,0,14,27,22,39,16
2016_3,양평로22라길,53,34,19,0,5,17,24,2,5,0,3,8,17,1,5,0,2,9,7,1,0
2016_3,양평로19길,4235,3399,836,8,693,2004,1054,391,85,3,420,1684,901,322,69,5,273,320,153,69,16
2016_3,신길로60길,431,188,243,0,37,140,142,80,32,0,4,58,69,39,18,0,33,82,73,41,14
2016_3,신길로42길,369,186,183,1,45,113,102,65,43,0,14,62,50,33,27,1,31,51,52,32,16
2016_3,신길로42가길,100,36,64,0,12,22,35,22,9,0,4,8,11,7,6,0,8,14,24,15,3
2016_3,신길로39길,102,51,51,0,12,17,33,19,21,0,3,11,17,8,12,0,9,6,16,11,9
2016_3,신길로17길,45,29,16,0,3,9,10,18,5,0,2,7,4,11,5,0,1,2,6,7,0
2016_3,선유서로28길,570,272,298,2,51,92,115,133,177,1,17,49,63,69,73,1,34,43,52,64,104
2016_3,선유서로25길,2403,1728,675,7,178,520,608,631,459,5,83,383,506,460,291,2,95,137,102,171,168
2016_3,선유서로24길,160,88,72,0,16,29,54,35,26,0,5,18,26,19,20,0,11,11,28,16,6
2016_3,선유로55길,2311,1401,910,5,408,717,602,417,162,2,172,468,387,253,119,3,236,249,215,164,43
2016_3,디지털로74길,56,35,21,0,4,21,15,14,2,0,2,15,9,8,1,0,2,6,6,6,1
2016_3,디지털로57길,5,1,4,0,0,1,3,0,1,0,0,0,0,0,1,0,0,1,3,0,0
2016_3,디지털로37길,235,110,125,0,27,37,64,66,41,0,14,12,33,30,21,0,13,25,31,36,20
2016_3,도신로62길,179,52,127,0,15,44,70,42,8,0,4,13,19,12,4,0,11,31,51,30,4
2016_3,도신로60길,65,16,49,0,1,5,18,12,29,0,0,2,10,1,3,0,1,3,8,11,26
2016_3,도신로29길,95,41,54,0,6,10,18,43,18,0,5,8,11,14,3,0,1,2,7,29,15
2016_3,도신로15길,74,31,43,0,12,18,23,16,5,0,2,8,9,9,3,0,10,10,14,7,2
2016_3,도림천로21길,95,41,54,0,28,19,14,20,14,0,11,6,7,6,11,0,17,13,7,14,3
2016_3,도림로63길,33,22,11,0,0,6,12,11,4,0,0,4,7,8,3,0,0,2,5,3,1
2016_3,도림로147길,1672,1212,460,2,139,324,533,491,183,1,81,240,370,374,146,1,58,84,163,117,37
2016_3,도림로112길,22,10,12,0,3,2,6,6,5,0,2,1,5,1,1,0,1,1,1,5,4
2016_3,대림로8길,1801,579,1222,6,594,490,355,242,114,3,100,162,144,99,71,3,494,328,211,143,43
2016_3,대림로7길,15,5,10,0,3,1,3,8,0,0,0,1,1,3,0,0,3,0,2,5,0
2016_3,대림로44길,45,27,18,0,0,18,10,13,4,0,0,13,5,7,2,0,0,5,5,6,2
2016_3,대림로34길,186,73,113,2,24,38,68,36,18,1,8,12,27,14,11,1,16,26,41,22,7
2016_3,대림로31길,744,351,393,0,78,127,178,219,142,0,47,63,65,81,95,0,31,64,113,138,47
2016_3,대림로29길,1604,781,823,2,242,340,435,393,192,2,51,127,238,223,140,0,191,213,197,170,52
2016_3,대림로22길,337,189,148,1,23,64,119,83,47,1,7,37,74,43,27,0,16,27,45,40,20
2016_3,당산로46길,3600,1974,1626,11,729,707,831,694,628,2,163,447,475,375,512,9,566,260,356,319,116
2016_3,당산로38길,296,230,66,3,37,100,83,44,29,1,19,80,62,39,29,2,18,20,21,5,0
2016_3,당산로37길,3683,2251,1432,53,894,774,714,773,475,33,463,526,445,465,319,20,431,248,269,308,156
2016_3,당산로31길,4027,2270,1757,14,477,1090,1031,998,417,7,156,525,573,695,314,7,321,565,458,303,103
2016_3,국회대로56길,1651,1077,574,6,99,258,350,385,553,1,54,193,252,285,292,5,45,65,98,100,261
2016_3,경인로90길,325,198,127,3,32,78,87,81,44,3,12,44,47,55,37,0,20,34,40,26,7
2016_3,경인로80길,1594,1154,440,6,133,312,429,446,268,3,69,202,303,345,232,3,64,110,126,101,36
2016_3,경인로77길,643,428,215,3,104,111,157,174,94,0,29,65,120,136,78,3,75,46,37,38,16
2016_3,가마산로61길,168,60,108,0,15,50,64,25,14,0,3,18,21,9,9,0,12,32,43,16,5
2016_3,시흥대로94길,769,399,370,0,94,168,228,177,102,0,38,90,119,91,61,0,56,78,109,86,41
2016_3,시흥대로84길,176,69,107,0,27,37,51,42,19,0,3,14,21,21,10,0,24,23,30,21,9
2016_3,시흥대로68길,414,136,278,0,24,43,67,93,187,0,5,20,18,31,62,0,19,23,49,62,125
2016_3,시흥대로63길,2796,1466,1330,7,463,893,586,600,247,3,202,394,259,444,164,4,261,499,327,156,83
2016_3,시흥대로62가길,438,126,312,0,44,87,109,143,55,0,13,31,27,38,17,0,31,56,82,105,38
2016_3,시흥대로36길,360,210,150,2,64,98,108,63,25,1,26,59,65,43,16,1,38,39,43,20,9
2016_3,시흥대로22길,509,357,152,0,24,66,121,147,151,0,14,42,72,112,117,0,10,24,49,35,34
2016_3,시흥대로153길,610,321,289,1,55,146,168,172,68,1,16,82,92,91,39,0,39,64,76,81,29
2016_3,시흥대로150길,565,256,309,0,54,126,163,138,84,0,15,46,66,74,55,0,39,80,97,64,29
2016_3,시흥대로141길,648,398,250,2,111,187,159,135,54,2,43,128,110,79,36,0,68,59,49,56,18
2016_3,시흥대로138길,14,8,6,0,0,5,2,6,1,0,0,4,0,3,1,0,0,1,2,3,0
2016_3,시흥대로120길,618,413,205,1,98,161,206,123,29,0,72,113,148,64,16,1,26,48,58,59,13
2016_3,벚꽃로56길,1878,1261,617,6,350,760,482,204,76,6,172,530,356,135,62,0,178,230,126,69,14
2016_3,범안로17길,121,75,46,1,6,18,24,39,33,0,4,11,15,26,19,1,2,7,9,13,14
2016_3,범안로11길,1144,906,238,12,148,347,322,218,97,10,112,285,242,178,79,2,36,62,80,40,18
2016_3,문성로5길,146,43,103,1,5,21,25,48,46,1,1,7,8,11,15,0,4,14,17,37,31
2016_3,독산로85길,78,26,52,0,4,7,17,35,15,0,0,4,4,13,5,0,4,3,13,22,10
2016_3,독산로78다길,229,103,126,0,24,37,60,53,55,0,11,10,17,24,41,0,13,27,43,29,14
2016_3,독산로70길,4,3,1,0,0,1,0,0,3,0,0,1,0,0,2,0,0,0,0,0,1
2016_3,독산로64길,148,39,109,0,37,24,34,32,21,0,7,8,9,11,4,0,30,16,25,21,17
2016_3,독산로50길,89,32,57,0,3,12,33,35,6,0,1,3,9,15,4,0,2,9,24,20,2
2016_3,독산로40길,52,15,37,0,5,8,20,15,4,0,1,4,4,3,3,0,4,4,16,12,1
2016_3,독산로108길,760,344,416,0,129,142,191,189,109,0,38,70,82,84,70,0,91,72,109,105,39
2016_3,남부순환로112길,10,6,4,0,0,2,2,4,2,0,0,2,1,1,2,0,0,0,1,3,0
2016_3,금하로24길,172,58,114,0,29,30,46,50,17,0,8,7,13,18,12,0,21,23,33,32,5
2016_3,금하로1길,62,31,31,0,7,12,16,20,7,0,4,7,6,9,5,0,3,5,10,11,2
2016_3,금하로14길,10,5,5,0,0,2,6,2,0,0,0,0,3,2,0,0,0,2,3,0,0
2016_3,가산로5길,535,416,119,15,68,123,164,114,51,15,57,95,123,90,36,0,11,28,41,24,15
2016_3,가산로3길,2487,1908,579,7,257,542,607,697,377,7,202,458,451,501,289,0,55,84,156,196,88
2016_3,중앙로1길,1496,1036,460,6,143,300,309,290,448,4,74,194,187,189,388,2,69,106,122,101,60
2016_3,중앙로15길,98,45,53,0,9,17,31,29,12,0,0,7,9,18,11,0,9,10,22,11,1
2016_3,우마길,32,22,10,0,6,16,5,4,1,0,1,13,4,3,1,0,5,3,1,1,0
2016_3,오류로8길,244,117,127,0,46,70,55,52,21,0,8,40,32,22,15,0,38,30,23,30,6
2016_3,신도림로13길,741,555,186,0,69,132,197,247,96,0,50,109,133,187,76,0,19,23,64,60,20
2016_3,새말로18길,1043,452,591,4,497,338,109,54,41,1,157,173,60,35,26,3,340,165,49,19,15
2016_3,부일로1길,787,649,138,0,44,87,161,281,214,0,24,65,120,241,199,0,20,22,41,40,15
2016_3,부일로15길,176,158,18,0,5,9,21,64,77,0,0,6,17,60,75,0,5,3,4,4,2
2016_3,부일로11길,25,9,16,0,4,5,6,8,2,0,0,1,4,3,1,0,4,4,2,5,1
2016_3,디지털로32길,1234,631,603,2,251,429,232,190,130,1,88,229,126,89,98,1,163,200,106,101,32
2016_3,디지털로32가길,7161,5077,2084,23,1565,2913,1681,669,310,12,791,2150,1350,523,251,11,774,763,331,146,59
2016_3,디지털로27길,390,255,135,1,23,73,117,131,45,0,9,40,66,98,42,1,14,33,51,33,3
2016_3,도림로6길,104,42,62,0,18,31,27,19,9,0,4,10,12,11,5,0,14,21,15,8,4
2016_3,도림로12길,104,42,62,1,22,22,25,29,5,0,3,10,13,12,4,1,19,12,12,17,1
2016_3,남부순환로97길,270,94,176,1,45,65,78,48,33,0,6,17,21,29,21,1,39,48,57,19,12
2016_3,구로중앙로8길,227,85,142,1,21,49,67,56,33,1,3,15,18,21,27,0,18,34,49,35,6
2016_3,구로중앙로7길,179,58,121,0,29,42,53,36,19,0,1,6,24,15,12,0,28,36,29,21,7
2016_3,구로중앙로42길,779,578,201,0,61,134,239,238,107,0,37,102,172,179,88,0,24,32,67,59,19
2016_3,구로중앙로34길,716,336,380,1,54,167,205,182,107,1,24,75,105,82,49,0,30,92,100,100,58
2016_3,구로중앙로28길,3018,1504,1514,2,218,444,587,661,1106,2,89,275,367,382,389,0,129,169,220,279,717
2016_3,구로중앙로19길,8,5,3,0,0,1,3,2,2,0,0,1,2,1,1,0,0,0,1,1,1
2016_3,구로동로8길,155,51,104,0,17,35,41,35,27,0,1,14,14,14,8,0,16,21,27,21,19
2016_3,구로동로7길,157,63,94,0,23,27,48,39,20,0,6,8,13,20,16,0,17,19,35,19,4
2016_3,구로동로42길,26,17,9,0,1,6,10,8,1,0,0,4,6,6,1,0,1,2,4,2,0
2016_3,구로동로41길,450,275,175,0,58,120,137,94,41,0,38,74,83,51,29,0,20,46,54,43,12
2016_3,구로동로38길,58,31,27,0,12,7,22,8,9,0,2,5,14,3,7,0,10,2,8,5,2
2016_3,구로동로28길,165,73,92,0,11,32,59,27,36,0,5,14,22,10,22,0,6,18,37,17,14
2016_3,구로동로15길,23,2,21,0,6,10,2,5,0,0,0,1,0,1,0,0,6,9,2,4,0
2016_3,공원로6가길,324,237,87,0,56,72,103,61,32,0,43,52,72,44,26,0,13,20,31,17,6
2016_3,고척로52길,234,76,158,0,12,45,64,92,21,0,3,17,27,16,13,0,9,28,37,76,8
2016_3,고척로27다길,227,87,140,0,19,32,80,62,34,0,3,11,27,26,20,0,16,21,53,36,14
2016_3,고척로27길,241,99,142,0,31,53,78,62,17,0,6,24,31,29,9,0,25,29,47,33,8
2016_3,고척로21나길,248,62,186,0,28,41,46,85,48,0,3,18,9,12,20,0,25,23,37,73,28
2016_3,경인로47길,831,470,361,5,84,126,239,250,127,1,35,70,135,155,74,4,49,56,104,95,53
2016_3,경인로35길,276,116,160,0,15,57,84,84,36,0,6,21,32,35,22,0,9,36,52,49,14
2016_3,경인로31길,49,16,33,0,5,11,21,9,3,0,1,4,5,3,3,0,4,7,16,6,0
2016_3,경인로15길,134,64,70,0,24,51,27,20,12,0,8,31,9,9,7,0,16,20,18,11,5
2016_3,개봉로3길,315,182,133,1,93,49,87,51,34,0,55,26,42,28,31,1,38,23,45,23,3
2016_3,개봉로2길,460,123,337,3,73,116,136,94,38,3,10,22,37,29,22,0,63,94,99,65,16
2016_3,개봉로23가길,935,534,401,1,93,178,248,254,161,0,34,100,135,153,112,1,59,78,113,101,49
2016_3,개봉로20길,119,69,50,0,11,34,43,18,13,0,5,22,23,9,10,0,6,12,20,9,3
2016_3,개봉로1길,51,24,27,0,9,7,16,11,8,0,3,6,5,4,6,0,6,1,11,7,2
2016_3,개봉로17다길,142,69,73,1,3,21,42,52,23,1,0,6,15,28,19,0,3,15,27,24,4
2016_3,개봉로17길,777,360,417,2,101,167,178,226,103,2,32,102,102,71,51,0,69,65,76,155,52
2016_3,개봉로11길,58,15,43,0,13,12,17,14,2,0,0,2,4,7,2,0,13,10,13,7,0
2016_3,화곡로64길,2765,1476,1289,3,711,826,659,357,209,0,166,511,477,223,99,3,545,315,182,134,110
2016_3,화곡로59길,495,190,305,0,90,174,129,65,37,0,23,63,46,31,27,0,67,111,83,34,10
2016_3,화곡로44나길,815,699,116,0,17,83,161,278,276,0,9,58,135,247,250,0,8,25,26,31,26
2016_3,화곡로31길,1126,414,712,3,193,261,294,230,145,3,46,100,104,79,82,0,147,161,190,151,63
2016_3,화곡로20길,512,319,193,0,20,83,122,175,112,0,6,42,69,110,92,0,14,41,53,65,20
2016_3,화곡로13길,256,80,176,2,29,55,79,85,6,2,8,13,21,34,2,0,21,42,58,51,4
2016_3,초원로16길,451,179,272,2,30,77,73,74,195,1,9,47,35,35,52,1,21,30,38,39,143
2016_3,초록마을로8길,167,30,137,0,32,41,37,42,15,0,3,5,7,8,7,0,29,36,30,34,8
2016_3,초록마을로3길,52,28,24,0,6,11,12,11,12,0,1,4,9,6,8,0,5,7,3,5,4
2016_3,월정로20길,4,3,1,0,0,0,1,3,0,0,0,0,0,3,0,0,0,0,1,0,0
2016_3,우장산로6길,310,192,118,4,14,43,97,111,41,4,7,28,56,67,30,0,7,15,41,44,11
2016_3,양천로73가길,1387,905,482,5,84,261,386,423,228,5,39,144,246,276,195,0,45,117,140,147,33
2016_3,양천로71길,216,135,81,0,22,70,61,41,22,0,11,54,28,23,19,0,11,16,33,18,3
2016_3,양천로49길,747,606,141,0,45,113,176,219,194,0,16,76,140,192,182,0,29,37,36,27,12
2016_3,양천로26길,114,46,68,0,11,20,32,39,12,0,7,5,11,15,8,0,4,15,21,24,4
2016_3,양천로24길,270,124,146,0,20,50,64,72,64,0,7,32,29,23,33,0,13,18,35,49,31
2016_3,양천로24가길,694,282,412,1,74,141,174,178,126,0,24,66,70,70,52,1,50,75,104,108,74
2016_3,양천로14길,341,203,138,1,16,38,99,92,95,0,8,22,58,52,63,1,8,16,41,40,32
2016_3,방화대로6라길,762,484,278,3,91,193,280,135,60,2,44,128,188,87,35,1,47,65,92,48,25
2016_3,방화대로21길,752,445,307,0,83,153,208,175,133,0,29,76,117,115,108,0,54,77,91,60,25
2016_3,등촌로5길,10,3,7,0,0,2,6,2,0,0,0,0,3,0,0,0,0,2,3,2,0
2016_3,등촌로55길,462,326,136,0,21,65,92,139,145,0,5,37,61,101,122,0,16,28,31,38,23
2016_3,등촌로51길,12,9,3,0,3,1,5,2,1,0,0,1,5,2,1,0,3,0,0,0,0
2016_3,등촌로39길,61,21,40,0,2,11,18,22,8,0,2,1,4,10,4,0,0,10,14,12,4
2016_3,등촌로13길,186,98,88,0,19,37,49,59,22,0,9,19,19,36,15,0,10,18,30,23,7
2016_3,남부순환로11길,440,307,133,1,40,133,143,89,34,0,19,96,100,65,27,1,21,37,43,24,7
2016_3,까치산로4길,122,47,75,0,8,25,28,35,26,0,2,11,10,18,6,0,6,14,18,17,20
2016_3,국회대로7길,368,219,149,1,46,111,95,81,34,1,22,66,55,50,25,0,24,45,40,31,9
2016_3,공항대로8길,178,75,103,0,13,35,50,50,30,0,5,25,22,15,8,0,8,10,28,35,22
2016_3,공항대로61길,230,149,81,0,31,78,81,28,12,0,12,53,53,22,9,0,19,25,28,6,3
2016_3,공항대로59다길,873,641,232,1,98,256,190,177,151,0,59,198,140,129,115,1,39,58,50,48,36
2016_3,공항대로59길,1046,713,333,3,124,197,271,258,193,2,61,126,179,190,155,1,63,71,92,68,38
2016_3,공항대로55길,953,663,290,1,219,332,214,110,77,0,113,239,171,87,53,1,106,93,43,23,24
2016_3,공항대로42길,6,3,3,0,0,0,0,4,2,0,0,0,0,1,2,0,0,0,0,3,0
2016_3,공항대로38길,267,147,120,0,29,57,72,69,40,0,5,31,48,36,27,0,24,26,24,33,13
2016_3,곰달래로60길,569,299,270,0,68,113,147,134,107,0,21,70,78,65,65,0,47,43,69,69,42
2016_3,곰달래로53길,54,18,36,0,6,12,22,9,5,0,1,4,6,3,4,0,5,8,16,6,1
2016_3,곰달래로47길,37,17,20,3,8,9,8,7,2,3,1,5,4,3,1,0,7,4,4,4,1
2016_3,곰달래로31길,9,8,1,0,1,1,7,0,0,0,1,1,6,0,0,0,0,0,1,0,0
2016_3,곰달래로25길,598,238,360,8,86,122,156,131,95,2,15,49,62,53,57,6,71,73,94,78,38
2016_3,개화동로25길,666,429,237,3,52,109,128,184,190,1,18,54,83,123,150,2,34,55,45,61,40
2016_3,개화동로23길,99,64,35,0,10,25,25,25,14,0,3,17,18,15,11,0,7,8,7,10,3
2016_3,강서로8길,275,87,188,0,21,41,72,101,40,0,12,28,22,18,7,0,9,13,50,83,33
2016_3,강서로5라길,285,162,123,0,30,71,97,64,23,0,15,42,55,35,15,0,15,29,42,29,8
2016_3,강서로5나길,107,62,45,0,15,22,23,22,25,0,7,13,14,12,16,0,8,9,9,10,9
2016_3,강서로5가길,51,26,25,0,3,12,10,17,9,0,3,11,2,7,3,0,0,1,8,10,6
2016_3,강서로47라길,82,43,39,0,6,16,31,21,8,0,3,10,17,8,5,0,3,6,14,13,3
2016_3,강서로47길,405,205,200,0,22,79,115,163,26,0,4,42,44,98,17,0,18,37,71,65,9
2016_3,강서로45다길,909,438,471,1,217,174,179,213,125,1,60,64,92,122,99,0,157,110,87,91,26
2016_3,강서로45길,131,64,67,0,20,22,28,36,25,0,5,13,13,16,17,0,15,9,15,20,8
2016_3,강서로35길,174,104,70,1,34,31,43,48,17,1,17,19,27,28,12,0,17,12,16,20,5
2016_3,강서로29길,300,159,141,1,28,58,89,88,36,0,12,35,54,42,16,1,16,23,35,46,20
2016_3,강서로18길,21,11,10,1,0,0,16,4,0,1,0,0,10,0,0,0,0,0,6,4,0
2016_3,강서로17가길,110,49,61,0,15,34,35,17,9,0,6,18,14,7,4,0,9,16,21,10,5
2016_3,강서로15길,250,133,117,3,24,55,74,64,30,3,11,31,37,31,20,0,13,24,37,33,10
2016_3,가로공원로80길,58,27,31,1,3,18,16,14,6,0,2,8,7,7,3,1,1,10,9,7,3
2016_3,가로공원로76가길,17,7,10,0,3,2,8,3,1,0,0,2,5,0,0,0,3,0,3,3,1
2016_3,화곡로4길,239,90,149,1,35,74,65,45,19,0,8,27,20,22,13,1,27,47,45,23,6
2016_3,화곡로3길,175,65,110,0,15,34,53,65,8,0,1,8,16,35,5,0,14,26,37,30,3
2016_3,지양로7길,230,72,158,2,38,51,61,63,15,0,10,12,14,29,7,2,28,39,47,34,8
2016_3,중앙로55길,352,185,167,0,31,73,137,83,28,0,13,35,65,53,19,0,18,38,72,30,9
2016_3,중앙로51길,140,82,58,0,5,34,39,38,24,0,0,20,20,28,14,0,5,14,19,10,10
2016_3,중앙로47길,126,26,100,0,9,17,26,36,38,0,1,7,6,7,5,0,8,10,20,29,33
2016_3,중앙로45길,155,54,101,0,22,21,38,47,27,0,7,10,14,13,10,0,15,11,24,34,17
2016_3,중앙로36길,2,2,0,0,0,0,0,0,2,0,0,0,0,0,2,0,0,0,0,0,0
2016_3,중앙로32길,571,267,304,1,93,129,131,124,93,1,36,84,64,42,40,0,57,45,67,82,53
2016_3,중앙로25길,250,77,173,0,29,57,69,86,9,0,8,19,19,27,4,0,21,38,50,59,5
2016_3,은행정로7길,480,161,319,1,53,64,92,153,117,0,16,31,43,40,31,1,37,33,49,113,86
2016_3,오목로5길,285,161,124,2,35,70,78,70,30,2,18,42,33,43,23,0,17,28,45,27,7
2016_3,오목로3길,461,431,30,0,3,16,61,211,170,0,1,13,48,202,167,0,2,3,13,9,3
2016_3,오목로30길,178,90,88,3,18,35,53,47,22,0,5,19,28,25,13,3,13,16,25,22,9
2016_3,오목로23길,798,451,347,4,104,217,207,157,109,2,54,134,111,81,69,2,50,83,96,76,40
2016_3,신월로20길,204,81,123,0,21,32,52,58,41,0,3,12,24,20,22,0,18,20,28,38,19
2016_3,신월로15길,766,358,408,4,111,156,204,182,109,2,44,74,86,81,71,2,67,82,118,101,38
2016_3,신목로6길,273,150,123,0,35,61,72,69,36,0,14,30,39,47,20,0,21,31,33,22,16
2016_3,신목로5길,952,342,610,2,96,176,311,258,109,1,22,76,96,97,50,1,74,100,215,161,59
2016_3,신목로2길,106,51,55,0,19,22,22,16,27,0,5,14,9,5,18,0,14,8,13,11,9
2016_3,목동중앙서로8가길,171,98,73,0,9,19,38,68,37,0,2,8,25,40,23,0,7,11,13,28,14
2016_3,목동중앙서로7길,262,91,171,2,31,54,62,71,42,2,9,19,23,19,19,0,22,35,39,52,23
2016_3,목동중앙북로8길,365,109,256,0,2,12,47,97,207,0,1,5,15,17,71,0,1,7,32,80,136
2016_3,목동중앙북로16길,280,89,191,0,32,74,84,71,19,0,5,22,30,22,10,0,27,52,54,49,9
2016_3,목동중앙본로7길,104,40,64,1,20,17,34,24,8,0,3,6,14,12,5,1,17,11,20,12,3
2016_3,목동중앙로3길,99,55,44,0,9,10,26,22,32,0,4,4,10,14,23,0,5,6,16,8,9
2016_3,목동중앙로13나길,261,190,71,0,41,101,60,39,20,0,25,73,44,29,19,0,16,28,16,10,1
2016_3,목동중앙남로3가길,591,397,194,1,52,144,129,194,71,1,21,88,73,159,55,0,31,56,56,35,16
2016_3,목동로9길,2352,1541,811,3,142,541,646,519,501,0,31,250,424,382,454,3,111,291,222,137,47
2016_3,목동로19길,1012,376,636,3,131,244,257,252,125,2,30,113,94,78,59,1,101,131,163,174,66
2016_3,목동동로12길,429,168,261,0,69,72,121,121,46,0,15,32,44,42,35,0,54,40,77,79,11
2016_3,목동남로4길,10,4,6,0,0,0,5,4,1,0,0,0,0,3,1,0,0,0,5,1,0
2016_3,남부순환로88길,308,118,190,1,35,54,113,80,25,0,9,20,37,34,18,1,26,34,76,46,7
2016_3,남부순환로79길,467,339,128,0,20,34,105,161,147,0,10,21,68,125,115,0,10,13,37,36,32
2016_3,남부순환로70길,550,355,195,0,29,67,153,175,126,0,7,30,84,125,109,0,22,37,69,50,17
2016_3,남부순환로58길,286,120,166,0,25,54,71,109,27,0,18,38,26,21,17,0,7,16,45,88,10
2016_3,남부순환로40길,19,10,9,0,0,3,9,3,4,0,0,2,5,0,3,0,0,1,4,3,1
2016_3,남부순환로33길,1176,932,244,0,45,87,141,133,770,0,17,53,64,78,720,0,28,34,77,55,50
2016_3,곰달래로5길,42,25,17,0,7,9,11,11,4,0,4,5,8,5,3,0,3,4,3,6,1
2016_3,곰달래로3길,395,209,186,0,24,67,148,120,36,0,12,36,77,62,22,0,12,31,71,58,14
2016_3,곰달래로2길,285,168,117,3,43,87,71,48,33,2,19,68,42,26,11,1,24,19,29,22,22
2016_3,곰달래로10길,316,229,87,0,22,36,69,108,81,0,7,19,50,77,76,0,15,17,19,31,5
2016_3,가로공원로58길,93,21,72,0,15,18,33,22,5,0,3,3,8,4,3,0,12,15,25,18,2
2016_3,효창원로93길,105,52,53,0,13,37,45,4,6,0,6,17,25,2,2,0,7,20,20,2,4
2016_3,토정로37길,108,46,62,1,12,26,29,21,19,0,2,10,13,8,13,1,10,16,16,13,6
2016_3,월드컵로8길,1586,894,692,3,214,416,324,206,423,2,62,197,184,101,348,1,152,219,140,105,75
2016_3,월드컵로7길,4,2,2,0,1,1,1,0,1,0,0,0,1,0,1,0,1,1,0,0,0
2016_3,월드컵로36길,124,40,84,0,17,15,33,36,23,0,1,5,8,15,11,0,16,10,25,21,12
2016_3,월드컵로25길,310,175,135,0,52,75,97,49,37,0,23,48,54,23,27,0,29,27,43,26,10
2016_3,월드컵로19길,545,240,305,4,78,118,97,94,154,4,32,70,53,34,47,0,46,48,44,60,107
2016_3,월드컵로16길,3824,1925,1899,22,973,848,792,610,579,7,388,459,376,236,459,15,585,389,416,374,120
2016_3,월드컵로11길,213,77,136,0,63,53,52,33,12,0,23,26,12,10,6,0,40,27,40,23,6
2016_3,월드컵로10길,1635,890,745,11,431,567,327,208,91,9,125,311,225,151,69,2,306,256,102,57,22
2016_3,와우산로3길,161,96,65,0,33,51,48,23,6,0,12,28,35,16,5,0,21,23,13,7,1
2016_3,와우산로29길,151,75,76,0,45,43,39,11,13,0,20,21,22,7,5,0,25,22,17,4,8
2016_3,와우산로29가길,18,6,12,1,3,6,6,2,0,0,0,2,3,1,0,1,3,4,3,1,0
2016_3,양화진길,456,321,135,0,52,134,116,110,44,0,18,87,86,93,37,0,34,47,30,17,7
2016_3,양화로1길,3931,1880,2051,43,830,1653,977,309,119,0,184,822,611,206,57,43,646,831,366,103,62
2016_3,양화로11길,384,245,139,2,63,119,120,50,30,0,19,76,98,32,20,2,44,43,22,18,10
2016_3,신촌로30길,30,15,15,1,4,3,10,10,2,0,3,3,4,3,2,1,1,0,6,7,0
2016_3,신촌로28가길,110,45,65,0,9,28,32,22,19,0,1,6,12,13,13,0,8,22,20,9,6
2016_3,신촌로12길,1258,624,634,2,352,322,241,183,158,1,221,189,89,45,79,1,131,133,152,138,79
2016_3,숭문길,1094,609,485,2,88,218,235,327,224,0,36,144,132,151,146,2,52,74,103,176,78
2016_3,숭문8길,116,68,48,0,10,22,38,35,11,0,0,7,28,25,8,0,10,15,10,10,3
2016_3,성지3길,449,253,196,1,88,139,133,67,21,1,32,81,81,43,15,0,56,58,52,24,6
2016_3,성산로4길,1805,1124,681,17,316,472,427,364,209,11,102,282,290,272,167,6,214,190,137,92,42
2016_3,성미산로32길,407,187,220,1,98,131,90,52,35,1,25,61,54,28,18,0,73,70,36,24,17
2016_3,성미산로1길,671,493,178,2,84,159,179,116,131,1,50,107,115,92,128,1,34,52,64,24,3
2016_3,성미산로11길,987,669,318,7,165,345,233,161,76,6,75,228,165,137,58,1,90,117,68,24,18
2016_3,백범로16길,549,300,249,44,198,129,78,72,28,24,100,63,45,47,21,20,98,66,33,25,7
2016_3,방울내로9안길,298,170,128,2,20,60,95,75,46,2,5,23,51,49,40,0,15,37,44,26,6
2016_3,모래내로7길,240,127,113,1,19,53,84,51,32,0,4,26,49,29,19,1,15,27,35,22,13
2016_3,매봉산로2길,2147,1477,670,5,317,895,716,177,37,3,128,597,597,128,24,2,189,298,119,49,13
2016_3,망원로2길,156,90,66,0,15,41,51,35,14,0,3,22,30,23,12,0,12,19,21,12,2
2016_3,망원로11길,992,537,455,6,117,285,278,194,112,0,39,166,167,101,64,6,78,119,111,93,48
2016_3,만리재옛길,1550,645,905,20,560,443,316,133,78,8,286,227,47,42,35,12,274,216,269,91,43
2016_3,마포대로4길,153,89,64,0,14,44,38,36,21,0,8,28,21,17,15,0,6,16,17,19,6
2016_3,마포대로20길,1147,594,553,0,226,320,332,178,91,0,61,164,204,115,50,0,165,156,128,63,41
2016_3,마포대로12길,62,35,27,0,1,9,20,22,10,0,1,4,13,9,8,0,0,5,7,13,2
2016_3,동교로38길,241,106,135,0,67,82,59,24,9,0,25,36,27,11,7,0,42,46,32,13,2
2016_3,동교로27길,3478,1557,1921,9,698,1088,658,658,367,3,206,595,405,217,131,6,492,493,253,441,236
2016_3,동교로25길,474,217,257,2,111,199,125,28,9,2,25,97,67,20,6,0,86,102,58,8,3
2016_3,동교로19길,4637,2937,1700,6,695,1190,1150,992,604,4,276,802,850,626,379,2,419,388,300,366,225
2016_3,동교로17길,794,410,384,2,154,241,220,123,54,0,52,115,146,66,31,2,102,126,74,57,23
2016_3,독막로8길,318,148,170,0,54,89,83,65,27,0,13,40,44,33,18,0,41,49,39,32,9
2016_3,독막로32길,462,188,274,0,61,120,153,87,41,0,17,49,68,26,28,0,44,71,85,61,13
2016_3,독막로22길,76,39,37,0,14,21,15,15,11,0,3,10,6,11,9,0,11,11,9,4,2
2016_3,도화길,1008,506,502,4,172,215,246,185,186,0,63,109,140,87,107,4,109,106,106,98,79
2016_3,도화4길,374,116,258,1,50,74,89,96,64,1,9,20,21,24,41,0,41,54,68,72,23
2016_3,대흥로28길,56,45,11,0,8,22,19,6,1,0,3,21,16,4,1,0,5,1,3,2,0
2016_3,대흥로21길,491,100,391,1,61,109,187,75,58,1,17,29,25,10,18,0,44,80,162,65,40
2016_3,광성로6길,110,70,40,0,9,31,34,19,17,0,3,21,21,12,13,0,6,10,13,7,4
2016_3,홍제내길,110,62,48,0,14,33,22,32,9,0,4,22,14,17,5,0,10,11,8,15,4
2016_3,홍연길,93,54,39,0,7,22,26,28,10,0,5,15,13,16,5,0,2,7,13,12,5
2016_3,통일로39길,10,9,1,0,1,1,3,3,2,0,1,1,3,2,2,0,0,0,0,1,0
2016_3,통일로37길,362,138,224,0,52,80,89,84,57,0,10,24,38,39,27,0,42,56,51,45,30
2016_3,통일로11길,13,11,2,0,1,5,6,1,0,0,1,3,6,1,0,0,0,2,0,0,0
2016_3,충정로6길,15682,8745,6937,44,2489,5207,5033,2460,449,30,1016,2661,3122,1560,356,14,1473,2546,1911,900,93
2016_3,충정로4길,3034,2041,993,7,425,1416,872,245,69,0,150,918,683,226,64,7,275,498,189,19,5
2016_3,증가로6길,200,71,129,0,15,48,40,58,39,0,4,19,21,21,6,0,11,29,19,37,33
2016_3,증가로23나길,467,231,236,6,100,134,116,72,39,4,54,61,53,34,25,2,46,73,63,38,14
2016_3,증가로20가길,265,99,166,0,43,57,70,76,19,0,10,18,22,37,12,0,33,39,48,39,7
2016_3,증가로10길,168,92,76,0,21,30,38,38,41,0,4,12,17,24,35,0,17,18,21,14,6
2016_3,응암로1길,353,246,107,0,13,47,98,139,56,0,5,26,62,107,46,0,8,21,36,32,10
2016_3,연희로10길,89,60,29,0,8,8,27,30,16,0,2,3,19,23,13,0,6,5,8,7,3
2016_3,신촌로37길,146,63,83,1,21,20,42,35,27,0,3,8,20,18,14,1,18,12,22,17,13
2016_3,수색로8길,2424,2315,109,0,5,17,43,173,2186,0,1,8,30,156,2120,0,4,9,13,17,66
2016_3,세무서길,333,122,211,0,42,76,103,68,44,0,7,28,36,26,25,0,35,48,67,42,19
2016_3,세검정로1길,294,162,132,3,38,60,81,57,55,0,13,39,49,25,36,3,25,21,32,32,19
2016_3,북아현로4길,431,110,321,0,50,63,95,134,89,0,14,21,21,26,28,0,36,42,74,108,61
2016_3,모래내로15길,93,25,68,0,3,16,22,27,25,0,1,2,7,7,8,0,2,14,15,20,17
2016_3,명지대길,354,236,118,2,23,46,73,114,96,0,7,23,42,85,79,2,16,23,31,29,17
2016_3,독립문로8길,803,305,498,1,177,214,184,140,87,0,54,82,85,43,41,1,123,132,99,97,46
2016_3,가재울로6길,8,6,2,0,0,1,4,0,3,0,0,1,4,0,1,0,0,0,0,0,2
2016_3,통일로92길,80,37,43,0,12,16,26,16,10,0,6,11,8,4,8,0,6,5,18,12,2
2016_3,통일로87길,230,107,123,0,20,38,79,69,24,0,4,18,37,32,16,0,16,20,42,37,8
2016_3,통일로78길,216,62,154,0,28,58,46,42,42,0,4,22,13,9,14,0,24,36,33,33,28
2016_3,진흥로1길,480,134,346,4,63,127,172,94,20,4,20,40,35,21,14,0,43,87,137,73,6
2016_3,진흥로12길,464,192,272,0,52,93,159,101,59,0,9,40,70,38,35,0,43,53,89,63,24
2016_3,증산서길,555,289,266,0,62,93,139,133,128,0,6,24,48,87,124,0,56,69,91,46,4
2016_3,증산로9길,106,36,70,0,15,35,33,23,0,0,6,11,13,6,0,0,9,24,20,17,0
2016_3,증산로5길,756,395,361,5,62,148,205,214,122,2,25,51,89,132,96,3,37,97,116,82,26
2016_3,증산로21길,264,171,93,0,29,30,46,80,79,0,9,12,24,62,64,0,20,18,22,18,15
2016_3,증산로17길,786,417,369,2,40,101,201,221,221,1,13,42,111,138,112,1,27,59,90,83,109
2016_3,증산로15길,195,78,117,0,21,32,55,50,37,0,5,10,20,25,18,0,16,22,35,25,19
2016_3,증산로13길,74,39,35,1,4,16,18,27,8,1,1,12,10,10,5,0,3,4,8,17,3
2016_3,응암로34길,72,47,25,0,5,15,17,25,10,0,4,9,10,14,10,0,1,6,7,11,0
2016_3,응암로22길,152,52,100,0,14,32,38,35,33,0,4,8,13,12,15,0,10,24,25,23,18
2016_3,응암로14길,372,120,252,2,67,85,118,77,23,1,15,28,33,30,13,1,52,57,85,47,10
2016_3,응암로13길,289,121,168,6,43,54,94,67,25,5,17,19,41,27,12,1,26,35,53,40,13
2016_3,응암로12길,212,98,114,0,25,59,61,44,23,0,4,31,27,21,15,0,21,28,34,23,8
2016_3,은평로8길,275,137,138,1,54,50,69,68,33,0,24,30,39,29,15,1,30,20,30,39,18
2016_3,은평로3길,285,80,205,1,41,61,89,60,33,0,10,16,19,16,19,1,31,45,70,44,14
2016_3,은평로20길,23,9,14,0,2,3,10,7,1,0,1,1,3,3,1,0,1,2,7,4,0
2016_3,은평로13길,513,332,181,2,44,111,155,122,79,2,20,67,94,84,65,0,24,44,61,38,14
2016_3,은평로10길,322,194,128,1,28,100,93,55,45,1,15,65,42,37,34,0,13,35,51,18,11
2016_3,연서로5길,58,21,37,0,6,12,18,15,7,0,1,4,8,7,1,0,5,8,10,8,6
2016_3,연서로41길,241,76,165,0,22,56,76,67,20,0,7,19,16,20,14,0,15,37,60,47,6
2016_3,연서로3길,110,39,71,0,19,20,25,38,8,0,9,7,9,11,3,0,10,13,16,27,5
2016_3,연서로34길,131,36,95,0,21,32,36,32,10,0,3,10,9,7,7,0,18,22,27,25,3
2016_3,연서로33길,26,9,17,0,2,7,9,5,3,0,0,0,4,3,2,0,2,7,5,2,1
2016_3,연서로29길,333,127,206,1,39,78,90,83,42,1,14,37,26,32,17,0,25,41,64,51,25
2016_3,연서로28길,736,330,406,5,87,148,187,162,147,2,27,75,101,60,65,3,60,73,86,102,82
2016_3,연서로27길,64,30,34,0,14,10,19,14,7,0,2,4,10,9,5,0,12,6,9,5,2
2016_3,연서로21길,298,189,109,0,28,60,102,77,31,0,14,45,58,47,25,0,14,15,44,30,6
2016_3,연서로17길,1070,327,743,1,149,206,270,296,148,0,42,93,88,58,46,1,107,113,182,238,102
2016_3,연서로16길,283,107,176,2,59,86,65,48,23,0,15,35,21,23,13,2,44,51,44,25,10
2016_3,연서로13길,695,223,472,8,98,165,200,181,43,0,32,66,73,30,22,8,66,99,127,151,21
2016_3,연서로11길,239,115,124,0,23,44,81,68,23,0,11,24,36,33,11,0,12,20,45,35,12
2016_3,역말로9길,21,16,5,0,1,9,5,4,2,0,1,7,4,3,1,0,0,2,1,1,1
2016_3,수색로18길,24,11,13,0,2,7,7,2,6,0,0,2,4,1,4,0,2,5,3,1,2
2016_3,서오릉로8길,16,1,15,0,7,2,5,1,1,0,0,1,0,0,0,0,7,1,5,1,1
2016_3,서오릉로21길,467,142,325,0,29,80,118,85,155,0,9,23,41,21,48,0,20,57,77,64,107
2016_3,불광천길,160,75,85,0,9,29,39,56,27,0,5,10,21,23,16,0,4,19,18,33,11
2016_3,갈현로7길,969,266,703,1,176,243,236,212,101,0,50,80,65,47,24,1,126,163,171,165,77
2016_3,갈현로41길,79,29,50,0,13,19,19,17,11,0,6,5,8,7,3,0,7,14,11,10,8
2016_3,갈현로33길,32,8,24,0,10,5,8,7,2,0,1,1,3,2,1,0,9,4,5,5,1
2016_3,갈현로1길,140,60,80,1,9,25,41,28,36,0,7,15,14,6,18,1,2,10,27,22,18
2016_3,가좌로7길,47,21,26,0,10,4,10,13,10,0,1,1,4,5,10,0,9,3,6,8,0
2016_3,한글비석로44길,459,250,209,0,41,76,108,136,98,0,15,38,48,74,75,0,26,38,60,62,23
2016_3,한글비석로24길,395,156,239,0,27,50,86,122,110,0,8,21,38,48,41,0,19,29,48,74,69
2016_3,한글비석로22길,773,318,455,1,53,140,233,223,123,0,21,72,95,78,52,1,32,68,138,145,71
2016_3,석계로1길,107,67,40,0,9,21,32,38,7,0,6,11,19,25,6,0,3,10,13,13,1
2016_3,상계로9가길,367,115,252,3,26,46,92,116,84,0,5,21,31,34,24,3,21,25,61,82,60
2016_3,상계로12길,17,10,7,0,0,0,6,10,1,0,0,0,5,5,0,0,0,0,1,5,1
2016_3,동일로242길,403,282,121,0,10,43,116,79,155,0,6,25,71,61,119,0,4,18,45,18,36
2016_3,동일로192길,464,198,266,3,42,53,97,138,131,3,19,34,47,37,58,0,23,19,50,101,73
2016_3,동일로173가길,2426,1343,1083,7,260,483,631,635,410,4,114,345,343,259,278,3,146,138,288,376,132
2016_3,공릉로58길,104,45,59,1,6,14,24,32,27,1,4,8,13,11,8,0,2,6,11,21,19
2016_3,해등로16길,78,60,18,0,6,27,25,13,7,0,4,22,18,11,5,0,2,5,7,2,2
2016_3,우이천로4다길,193,109,84,1,11,35,60,60,26,1,4,19,26,40,19,0,7,16,34,20,7
2016_3,우이천로32길,113,62,51,0,12,25,37,34,5,0,1,22,18,17,4,0,11,3,19,17,1
2016_3,시루봉로23길,42,18,24,0,5,7,12,14,4,0,0,2,4,9,3,0,5,5,8,5,1
2016_3,삼양로144길,67,47,20,0,9,13,22,15,8,0,5,8,15,12,7,0,4,5,7,3,1
2016_3,방학로6가길,222,137,85,0,19,39,57,36,71,0,7,22,29,17,62,0,12,17,28,19,9
2016_3,방학로5길,118,72,46,1,14,16,25,36,26,0,10,14,14,21,13,1,4,2,11,15,13
2016_3,방학로15길,348,228,120,0,15,38,86,119,90,0,5,18,49,77,79,0,10,20,37,42,11
2016_3,방학로10길,126,47,79,0,12,23,23,37,31,0,5,11,7,13,11,0,7,12,16,24,20
2016_3,도봉산4길,328,285,43,2,8,21,97,145,55,2,3,17,91,124,48,0,5,4,6,21,7
2016_3,도봉로181길,217,99,118,0,23,42,44,61,47,0,7,21,22,22,27,0,16,21,22,39,20
2016_3,도봉로169나길,275,116,159,1,30,48,63,72,61,1,8,17,35,29,26,0,22,31,28,43,35
2016_3,도봉로156길,261,133,128,1,26,65,67,60,42,1,11,34,35,29,23,0,15,31,32,31,19
2016_3,도봉로152가길,426,384,42,0,16,30,60,171,149,0,9,24,48,163,140,0,7,6,12,8,9
2016_3,도봉로147길,594,339,255,2,55,120,162,182,73,2,27,83,107,91,29,0,28,37,55,91,44
2016_3,도봉로114길,471,163,308,1,94,112,109,119,36,0,14,33,42,52,22,1,80,79,67,67,14
2016_3,도봉로109길,21,7,14,0,3,5,7,2,4,0,0,2,1,0,4,0,3,3,6,2,0
2016_3,도당로29길,888,521,367,5,169,213,223,193,85,5,77,124,110,132,73,0,92,89,113,61,12
2016_3,도당로19길,187,82,105,0,16,34,63,51,23,0,7,22,24,23,6,0,9,12,39,28,17
2016_3,도당로13바길,203,81,122,0,30,37,54,54,28,0,6,24,18,19,14,0,24,13,36,35,14
2016_3,도당로13가길,162,65,97,0,10,32,52,44,24,0,1,16,23,14,11,0,9,16,29,30,13
2016_3,덕릉로60길,65,36,29,0,3,16,25,16,5,0,0,11,11,11,3,0,3,5,14,5,2
2016_3,노해로63다길,593,251,342,3,86,151,146,139,68,2,25,75,71,48,30,1,61,76,75,91,38
2016_3,노해로60길,309,123,186,6,40,61,89,79,34,1,7,28,32,41,14,5,33,33,57,38,20
2016_3,한천로140길,91,46,45,0,4,14,17,31,25,0,1,7,7,16,15,0,3,7,10,15,10
2016_3,한천로139가길,39,21,18,0,3,7,17,8,4,0,0,6,9,5,1,0,3,1,8,3,3
2016_3,한천로132길,335,131,204,1,72,74,69,70,49,0,15,35,27,28,26,1,57,39,42,42,23
2016_3,한천로130길,286,133,153,0,40,78,82,72,14,0,11,37,42,34,9,0,29,41,40,38,5
2016_3,한천로124나길,87,41,46,0,8,15,26,26,12,0,5,7,7,13,9,0,3,8,19,13,3
2016_3,한천로109길,624,282,342,7,103,131,181,143,59,6,36,58,87,65,30,1,67,73,94,78,29
2016_3,인수봉로79길,178,44,134,0,21,52,52,40,13,0,4,10,15,7,8,0,17,42,37,33,5
2016_3,인수봉로72길,86,41,45,0,12,17,19,20,18,0,3,9,8,9,12,0,9,8,11,11,6
2016_3,인수봉로56길,10,1,9,0,1,7,1,1,0,0,0,1,0,0,0,0,1,6,1,1,0
2016_3,오패산로67길,591,300,291,2,72,131,151,126,109,2,27,78,74,61,58,0,45,53,77,65,51
2016_3,오패산로52길,91,27,64,1,13,20,26,20,11,0,1,6,5,9,6,1,12,14,21,11,5
2016_3,수유로12길,303,208,95,3,28,73,88,48,63,1,14,52,61,29,51,2,14,21,27,19,12
2016_3,솔샘로65길,519,228,291,5,43,111,170,131,59,0,7,37,75,63,46,5,36,74,95,68,13
2016_3,솔매로50길,687,273,414,0,98,181,213,135,60,0,25,60,71,68,49,0,73,121,142,67,11
2016_3,솔매로45길,202,90,112,0,17,34,66,56,29,0,7,12,29,30,12,0,10,22,37,26,17
2016_3,솔매로41길,80,22,58,0,14,13,22,20,11,0,3,3,7,3,6,0,11,10,15,17,5
2016_3,삼양로93길,16,4,12,0,0,2,9,4,1,0,0,0,2,1,1,0,0,2,7,3,0
2016_3,삼양로77길,401,139,262,1,49,68,121,106,56,1,17,31,42,27,21,0,32,37,79,79,35
2016_3,삼양로54길,7,4,3,0,0,3,1,3,0,0,0,2,0,2,0,0,0,1,1,1,0
2016_3,삼양로41길,355,172,183,0,24,82,121,88,40,0,11,38,58,43,22,0,13,44,63,45,18
2016_3,삼양로24길,83,36,47,0,10,9,22,25,17,0,2,6,11,9,8,0,8,3,11,16,9
2016_3,삼양로20길,131,48,83,0,15,31,40,35,10,0,2,11,15,10,10,0,13,20,25,25,0
2016_3,삼각산로28길,730,401,329,3,63,134,149,194,187,2,25,62,67,118,127,1,38,72,82,76,60
2016_3,도봉로99길,165,85,80,0,14,38,54,41,18,0,4,19,29,26,7,0,10,19,25,15,11
2016_3,도봉로8길,267,186,81,0,48,73,68,49,29,0,37,60,47,24,18,0,11,13,21,25,11
2016_3,도봉로76길,389,211,178,2,43,67,80,81,116,0,18,41,38,42,72,2,25,26,42,39,44
2016_3,도봉로67길,5,3,2,0,0,0,4,1,0,0,0,0,2,1,0,0,0,0,2,0,0
2016_3,도봉로45길,118,72,46,0,7,24,39,21,27,0,3,15,21,11,22,0,4,9,18,10,5
2016_3,도봉로18길,357,169,188,0,29,78,108,85,57,0,13,44,50,34,28,0,16,34,58,51,29
2016_3,도봉로13길,27,9,18,0,2,1,9,9,6,0,0,0,2,3,4,0,2,1,7,6,2
2016_3,덕릉로41길,740,599,141,0,61,213,213,219,34,0,40,177,181,177,24,0,21,36,32,42,10
2016_3,덕릉로40길,892,692,200,7,62,110,245,322,146,5,39,76,191,271,110,2,23,34,54,51,36
2016_3,노해로33길,31,12,19,0,8,5,9,8,1,0,1,1,4,5,1,0,7,4,5,3,0
2016_3,노해로17길,255,82,173,0,27,35,65,82,46,0,2,23,29,16,12,0,25,12,36,66,34
2016_3,화랑로40길,161,85,76,1,19,38,44,41,18,0,4,17,24,26,14,1,15,21,20,15,4
2016_3,화랑로32길,440,314,126,5,67,162,129,54,23,0,28,134,93,49,10,5,39,28,36,5,13
2016_3,화랑로1길,180,103,77,0,15,31,41,73,20,0,6,18,25,46,8,0,9,13,16,27,12
2016_3,화랑로19길,476,251,225,0,39,115,170,109,43,0,16,56,95,55,29,0,23,59,75,54,14
2016_3,화랑로14길,56,25,31,0,5,7,26,15,3,0,1,1,15,6,2,0,4,6,11,9,1
2016_3,화랑로13길,84,41,43,0,10,22,34,16,2,0,4,9,16,10,2,0,6,13,18,6,0
2016_3,한천로76길,139,82,57,0,4,26,50,38,21,0,3,18,32,19,10,0,1,8,18,19,11
2016_3,한천로101가길,49,31,18,0,5,10,16,15,3,0,3,7,12,7,2,0,2,3,4,8,1
2016_3,창경궁로43길,25,13,12,0,3,5,8,7,2,0,1,3,4,4,1,0,2,2,4,3,1
2016_3,지봉로20길,98,61,37,0,13,14,31,24,16,0,11,8,18,11,13,0,2,6,13,13,3
2016_3,종암로5길,118,85,33,0,11,38,39,20,10,0,8,31,30,11,5,0,3,7,9,9,5
2016_3,종암로24가길,270,136,134,0,52,69,71,58,20,0,23,30,33,35,15,0,29,39,38,23,5
2016_3,종암로21길,143,60,83,1,13,26,54,35,14,1,1,10,25,13,10,0,12,16,29,22,4
2016_3,종암로19길,385,114,271,1,87,71,90,94,42,0,11,32,36,18,17,1,76,39,54,76,25
2016_3,종암로16길,81,36,45,0,13,17,26,12,13,0,5,7,10,3,11,0,8,10,16,9,2
2016_3,정릉로8길,194,106,88,0,31,59,36,36,32,0,7,35,17,20,27,0,24,24,19,16,5
2016_3,정릉로27길,232,107,125,0,42,44,59,52,35,0,21,18,28,20,20,0,21,26,31,32,15
2016_3,장위로50길,934,527,407,0,94,125,210,252,253,0,34,75,118,145,155,0,60,50,92,107,98
2016_3,장월로1길,442,192,250,3,68,94,117,99,61,3,27,55,43,36,28,0,41,39,74,63,33
2016_3,인촌로6길,2404,1232,1172,7,246,405,566,566,614,0,75,241,230,283,403,7,171,164,336,283,211
2016_3,인촌로5길,27,4,23,0,1,2,9,11,4,0,0,1,1,1,1,0,1,1,8,10,3
2016_3,인촌로24길,190,124,66,0,31,72,48,28,11,0,18,59,34,11,2,0,13,13,14,17,9
2016_3,개운사길,3203,1989,1214,3,321,939,961,714,265,0,96,451,656,568,218,3,225,488,305,146,47
2016_3,인촌로1길,143,101,42,0,12,42,46,29,14,0,4,28,37,21,11,0,8,14,9,8,3
2016_3,인촌로17가길,3096,1161,1935,0,815,1089,716,402,74,0,146,359,358,237,61,0,669,730,358,165,13
2016_3,오패산로4길,601,194,407,2,107,137,151,128,76,1,29,47,48,37,32,1,78,90,103,91,44
2016_3,오패산로3길,1138,656,482,12,171,329,307,207,112,4,70,193,208,123,58,8,101,136,99,84,54
2016_3,오패산로19길,44,17,27,0,9,15,15,3,2,0,0,9,6,0,2,0,9,6,9,3,0
2016_3,안암로5길,596,357,239,0,89,146,171,116,74,0,28,80,112,77,60,0,61,66,59,39,14
2016_3,아리랑로4길,624,224,400,2,49,100,160,185,128,1,16,39,58,55,55,1,33,61,102,130,73
2016_3,솔샘로6길,158,74,84,0,44,37,35,31,11,0,16,24,17,12,5,0,28,13,18,19,6
2016_3,성북로8길,49,25,24,0,14,16,8,5,6,0,5,7,6,3,4,0,9,9,2,2,2
2016_3,삼양로8길,87,46,41,0,30,15,21,15,6,0,15,6,13,8,4,0,15,9,8,7,2
2016_3,삼선교로16가길,686,397,289,0,164,94,174,183,71,0,71,47,118,114,47,0,93,47,56,69,24
2016_3,삼선교로10다길,116,48,68,0,14,24,27,31,20,0,2,18,14,11,3,0,12,6,13,20,17
2016_3,삼선교로10길,225,101,124,1,25,57,79,46,17,1,5,21,32,27,15,0,20,36,47,19,2
2016_3,보문로32길,949,387,562,0,247,178,267,184,73,0,12,82,142,108,43,0,235,96,125,76,30
2016_3,보문로31길,745,324,421,0,150,168,178,166,83,0,52,73,77,75,47,0,98,95,101,91,36
2016_3,보문로13길,780,461,319,0,14,22,59,94,591,0,5,4,26,40,386,0,9,18,33,54,205
2016_3,보국문로16길,296,194,102,0,11,28,55,133,69,0,1,15,35,97,46,0,10,13,20,36,23
2016_3,동소문로26가길,301,165,136,1,47,95,79,41,38,0,17,64,50,15,19,1,30,31,29,26,19
2016_3,동소문로15길,62,35,27,0,7,24,21,6,4,0,6,14,10,2,3,0,1,10,11,4,1
2016_3,동소문로13길,545,280,265,1,77,113,99,84,171,0,26,64,59,36,95,1,51,49,40,48,76
2016_3,돌곶이로8길,236,104,132,0,25,64,54,61,32,0,8,26,28,30,12,0,17,38,26,31,20
2016_3,돌곶이로41길,45,22,23,0,6,9,13,14,3,0,2,4,6,8,2,0,4,5,7,6,1
2016_3,돌곶이로28길,163,96,67,1,23,43,53,30,13,1,11,29,30,17,8,0,12,14,23,13,5
2016_3,돌곶이로27길,61,32,29,0,5,11,20,17,8,0,1,4,10,11,6,0,4,7,10,6,2
2016_3,돌곶이로22길,97,48,49,0,12,23,29,26,7,0,4,12,15,12,5,0,8,11,14,14,2
2016_3,길음로7길,10,7,3,0,1,4,3,0,2,0,1,3,2,0,1,0,0,1,1,0,1
2016_3,중랑천로10길,777,406,371,13,156,154,224,141,89,7,72,76,130,67,54,6,84,78,94,74,35
2016_3,용마산로94길,441,265,176,1,86,39,137,131,47,0,43,21,78,86,37,1,43,18,59,45,10
2016_3,용마산로118길,567,275,292,1,68,126,162,118,92,0,24,62,66,56,67,1,44,64,96,62,25
2016_3,용마산로112길,280,130,150,1,40,58,66,66,49,1,13,25,25,27,39,0,27,33,41,39,10
2016_3,용마산로100길,454,312,142,2,41,48,81,153,129,0,9,20,46,121,116,2,32,28,35,32,13
2016_3,신내로7가길,274,80,194,0,32,56,88,62,36,0,4,14,27,20,15,0,28,42,61,42,21
2016_3,사가정로54길,107,36,71,0,27,20,26,23,11,0,5,6,9,9,7,0,22,14,17,14,4
2016_3,사가정로42길,62,23,39,0,5,9,19,14,15,0,0,3,6,7,7,0,5,6,13,7,8
2016_3,봉화산로56길,587,171,416,2,71,84,138,195,97,1,29,43,38,41,19,1,42,41,100,154,78
2016_3,봉화산로4길,397,141,256,0,30,52,113,149,53,0,10,26,35,41,29,0,20,26,78,108,24
2016_3,봉화산로30길,389,243,146,2,37,54,97,132,67,2,14,32,57,88,50,0,23,22,40,44,17
2016_3,봉우재로33길,94,41,53,0,25,19,25,14,11,0,12,9,10,3,7,0,13,10,15,11,4
2016_3,면목로78길,302,167,135,1,30,52,92,82,45,1,10,33,53,39,31,0,20,19,39,43,14
2016_3,면목로56길,225,167,58,0,12,27,49,85,52,0,1,13,30,76,47,0,11,14,19,9,5
2016_3,면목로55길,434,128,306,1,33,72,110,147,71,0,5,21,36,43,23,1,28,51,74,104,48
2016_3,면목로49길,540,171,369,1,193,191,94,48,13,1,25,65,46,25,9,0,168,126,48,23,4
2016_3,면목로48길,117,58,59,4,12,33,29,26,13,4,5,21,10,13,5,0,7,12,19,13,8
2016_3,면목로45길,71,32,39,0,14,16,16,13,12,0,4,7,7,5,9,0,10,9,9,8,3
2016_3,면목로33길,377,141,236,0,50,93,110,84,40,0,13,33,45,28,22,0,37,60,65,56,18
2016_3,면목로21길,33,24,9,1,10,1,14,7,0,1,7,0,10,6,0,0,3,1,4,1,0
2016_3,망우로73길,9,4,5,0,0,0,5,3,1,0,0,0,2,1,1,0,0,0,3,2,0
2016_3,망우로68길,77,32,45,0,14,15,22,18,8,0,2,5,6,14,5,0,12,10,16,4,3
2016_3,동일로163길,107,68,39,0,6,26,45,20,10,0,2,18,28,14,6,0,4,8,17,6,4
2016_3,동일로157길,200,98,102,1,26,62,56,34,21,0,5,31,29,19,14,1,21,31,27,15,7
2016_3,동일로149길,1134,830,304,0,148,303,323,309,51,0,94,206,249,247,34,0,54,97,74,62,17
2016_3,동일로140길,225,93,132,2,21,49,68,59,26,1,8,20,31,22,11,1,13,29,37,37,15
2016_3,동일로139길,62,36,26,0,4,9,24,18,7,0,1,6,15,11,3,0,3,3,9,7,4
2016_3,동일로139가길,1169,690,479,0,112,246,242,178,391,0,46,144,143,79,278,0,66,102,99,99,113
2016_3,동일로130길,97,22,75,0,9,21,37,22,8,0,3,5,4,3,7,0,6,16,33,19,1
2016_3,동일로123길,162,83,79,0,16,33,45,38,30,0,5,22,18,19,19,0,11,11,27,19,11
2016_3,동일로112길,171,81,90,0,24,21,42,55,29,0,9,12,16,27,17,0,15,9,26,28,12
2016_3,동일로101길,300,118,182,0,34,56,78,89,43,0,8,25,33,29,23,0,26,31,45,60,20
2016_3,동일로100길,31,14,17,0,3,9,6,9,4,0,1,4,3,4,2,0,2,5,3,5,2
2016_3,답십리로75길,93,53,40,0,10,14,40,18,11,0,4,4,24,12,9,0,6,10,16,6,2
2016_3,공릉로2길,637,303,334,0,80,162,189,134,72,0,19,76,90,69,49,0,61,86,99,65,23
2016_3,공릉로12가길,47,32,15,0,4,7,15,11,10,0,1,6,11,7,7,0,3,1,4,4,3
2016_3,겸재로54길,108,55,53,0,8,24,24,35,17,0,3,15,10,17,10,0,5,9,14,18,7
2016_3,겸재로36길,232,193,39,0,6,21,54,88,63,0,2,14,43,72,62,0,4,7,11,16,1
2016_3,겸재로29길,451,193,258,0,48,100,132,109,62,0,9,37,65,49,33,0,39,63,67,60,29
2016_3,휘경로3길,236,116,120,2,51,57,69,36,21,0,19,23,39,20,15,2,32,34,30,16,6
2016_3,휘경로2길,6,2,4,0,2,1,2,1,0,0,0,0,1,1,0,0,2,1,1,0,0
2016_3,휘경로23길,16,0,16,0,2,0,10,4,0,0,0,0,0,0,0,0,2,0,10,4,0
2016_3,휘경로14길,105,46,59,0,8,12,18,19,48,0,3,8,13,6,16,0,5,4,5,13,32
2016_3,한천로46길,397,129,268,2,38,61,141,105,50,2,9,17,46,31,24,0,29,44,95,74,26
2016_3,한천로40길,327,175,152,2,22,62,93,105,43,0,10,36,41,60,28,2,12,26,52,45,15
2016_3,한천로33길,75,30,45,0,15,19,6,19,16,0,4,13,4,6,3,0,11,6,2,13,13
2016_3,한천로14길,648,393,255,2,61,159,195,144,87,0,28,109,123,81,52,2,33,50,72,63,35
2016_3,천호대로97길,338,216,122,0,43,82,87,84,42,0,15,58,55,55,33,0,28,24,32,29,9
2016_3,천호대로77길,2018,1030,988,7,174,337,394,580,526,3,80,156,221,293,277,4,94,181,173,287,249
2016_3,천호대로45길,163,102,61,0,13,22,34,50,44,0,4,17,23,24,34,0,9,5,11,26,10
2016_3,천호대로17길,2136,1376,760,5,254,508,410,423,536,3,94,322,269,269,419,2,160,186,141,154,117
2016_3,천호대로12길,837,565,272,3,144,243,205,178,64,2,87,159,142,131,44,1,57,84,63,47,20
2016_3,천장산로7길,1419,882,537,0,98,371,424,409,117,0,36,172,272,300,102,0,62,199,152,109,15
2016_3,제기로5길,192,105,87,0,15,39,53,61,24,0,10,31,29,27,8,0,5,8,24,34,16
2016_3,제기로21길,212,140,72,0,20,37,74,61,20,0,9,18,55,46,12,0,11,19,19,15,8
2016_3,전농로4길,681,431,250,0,96,162,193,147,83,0,52,118,125,92,44,0,44,44,68,55,39
2016_3,전농로3길,106,50,56,1,25,11,33,26,10,0,10,7,16,11,6,1,15,4,17,15,4
2016_3,전농로29길,319,155,164,2,31,90,104,69,23,1,12,38,47,40,17,1,19,52,57,29,6
2016_3,장한로8길,818,498,320,2,87,185,233,214,97,0,34,92,155,136,81,2,53,93,78,78,16
2016_3,장한로5길,2892,2019,873,20,602,845,711,506,208,7,315,593,536,406,162,13,287,252,175,100,46
2016_3,장한로27길,162,49,113,0,46,46,26,27,17,0,6,21,12,4,6,0,40,25,14,23,11
2016_3,장한로27가길,413,192,221,0,28,64,104,151,66,0,12,35,49,73,23,0,16,29,55,78,43
2016_3,장한로26길,576,282,294,1,84,132,139,131,89,1,18,65,75,61,62,0,66,67,64,70,27
2016_3,장한로26가길,387,155,232,0,55,75,75,102,80,0,16,40,28,34,37,0,39,35,47,68,43
2016_3,장한로25길,1040,457,583,6,156,260,276,227,115,2,38,109,131,107,70,4,118,151,145,120,45
2016_3,장한로14길,188,161,27,1,2,12,43,80,50,0,1,5,32,75,48,1,1,7,11,5,2
2016_3,이문로42길,241,96,145,0,29,60,65,62,25,0,4,16,31,27,18,0,25,44,34,35,7
2016_3,왕산로43길,965,477,488,4,170,282,233,185,91,0,46,149,122,99,61,4,124,133,111,86,30
2016_3,왕산로33길,164,112,52,0,7,26,55,35,41,0,6,20,45,13,28,0,1,6,10,22,13
2016_3,왕산로32길,12,8,4,0,0,1,5,2,4,0,0,1,2,2,3,0,0,0,3,0,1
2016_3,약령시로17길,265,132,133,0,29,49,73,65,49,0,11,25,35,37,24,0,18,24,38,28,25
2016_3,서울시립대로4길,656,340,316,3,126,128,154,163,82,2,66,70,91,73,38,1,60,58,63,90,44
2016_3,서울시립대로29길,246,144,102,0,27,51,71,55,42,0,9,31,50,26,28,0,18,20,21,29,14
2016_3,서울시립대로16길,145,29,116,0,21,33,50,25,16,0,2,6,13,6,2,0,19,27,37,19,14
2016_3,사가정로2길,81,61,20,0,13,17,22,13,16,0,9,14,18,10,10,0,4,3,4,3,6
2016_3,사가정로23가길,117,69,48,0,21,39,20,22,15,0,9,27,7,13,13,0,12,12,13,9,2
2016_3,사가정로13길,280,91,189,0,42,86,78,52,22,0,8,23,28,19,13,0,34,63,50,33,9
2016_3,무학로45길,371,213,158,0,58,102,96,70,45,0,22,60,57,48,26,0,36,42,39,22,19
2016_3,무학로16길,1120,1004,116,1,68,266,382,263,140,0,43,225,349,252,135,1,25,41,33,11,5
2016_3,망우로21길,190,106,84,2,28,39,34,45,42,0,8,17,17,29,35,2,20,22,17,16,7
2016_3,망우로18길,512,199,313,1,124,149,138,73,27,0,36,44,74,34,11,1,88,105,64,39,16
2016_3,망우로18가길,59,22,37,0,11,15,12,12,9,0,1,7,5,4,5,0,10,8,7,8,4
2016_3,답십리로72길,14,12,2,0,1,3,2,7,1,0,1,2,2,6,1,0,0,1,0,1,0
2016_3,답십리로69길,871,392,479,1,137,213,214,201,105,1,47,98,92,84,70,0,90,115,122,117,35
2016_3,답십리로68길,157,101,56,1,18,31,46,43,18,1,15,22,22,29,12,0,3,9,24,14,6
2016_3,답십리로64길,349,204,145,0,66,92,98,59,34,0,28,58,68,30,20,0,38,34,30,29,14
2016_3,답십리로63길,112,70,42,0,13,28,33,31,7,0,7,18,23,15,7,0,6,10,10,16,0
2016_3,답십리로60길,15,9,6,0,2,3,4,5,1,0,1,2,4,2,0,0,1,1,0,3,1
2016_3,답십리로56길,5,4,1,0,0,2,3,0,0,0,0,2,2,0,0,0,0,0,1,0,0
2016_3,답십리로23길,7,6,1,0,0,2,2,3,0,0,0,2,2,2,0,0,0,0,0,1,0
2016_3,난계로30길,171,120,51,3,18,25,40,39,46,0,12,17,28,24,39,3,6,8,12,15,7
2016_3,경희대로3길,267,168,99,0,59,106,61,33,8,0,21,61,48,30,8,0,38,45,13,3,0
2016_3,천호대로129길,437,157,280,1,94,81,149,83,29,0,35,33,51,25,13,1,59,48,98,58,16
2016_3,천호대로123길,311,120,191,0,31,59,63,110,48,0,9,21,26,48,16,0,22,38,37,62,32
2016_3,천호대로109길,1067,562,505,4,184,265,297,213,104,0,79,147,153,115,68,4,105,118,144,98,36
2016_3,자양번영로3길,91,39,52,0,8,10,29,32,12,0,2,2,14,14,7,0,6,8,15,18,5
2016_3,자양로50길,19,5,14,0,2,6,4,4,3,0,0,1,1,1,2,0,2,5,3,3,1
2016_3,자양로45길,549,298,251,2,99,132,168,99,49,1,32,79,104,54,28,1,67,53,64,45,21
2016_3,자양로26길,312,94,218,1,42,51,93,76,49,0,5,13,33,28,15,1,37,38,60,48,34
2016_3,자양로15길,355,241,114,0,24,70,76,95,90,0,8,37,48,74,74,0,16,33,28,21,16
2016_3,자양로11길,1325,664,661,4,247,292,352,276,154,1,67,146,207,154,89,3,180,146,145,122,65
2016_3,용마산로3길,830,463,367,1,114,193,210,196,116,0,52,109,103,107,92,1,62,84,107,89,24
2016_3,용마산로21길,141,58,83,0,22,22,45,39,13,0,9,7,19,14,9,0,13,15,26,25,4
2016_3,아차산로78길,2677,1460,1217,21,403,853,653,522,225,12,117,486,418,286,141,9,286,367,235,236,84
2016_3,아차산로65길,717,466,251,4,101,191,221,149,51,3,39,116,155,113,40,1,62,75,66,36,11
2016_3,아차산로55길,411,205,206,1,97,112,76,87,38,1,25,54,46,52,27,0,72,58,30,35,11
2016_3,아차산로51길,270,156,114,1,24,73,90,56,26,1,9,42,56,33,15,0,15,31,34,23,11
2016_3,아차산로40길,495,289,206,1,111,101,116,91,75,1,49,42,69,67,61,0,62,59,47,24,14
2016_3,면목로17길,235,156,79,0,38,56,63,48,30,0,18,30,44,41,23,0,20,26,19,7,7
2016_3,뚝섬로64길,304,156,148,0,36,51,86,70,61,0,13,18,36,38,51,0,23,33,50,32,10
2016_3,뚝섬로58길,189,68,121,0,16,35,57,64,17,0,4,7,19,27,11,0,12,28,38,37,6
2016_3,뚝섬로54길,270,202,68,0,27,38,87,96,22,0,17,26,59,83,17,0,10,12,28,13,5
2016_3,뚝섬로48길,811,341,470,6,132,178,214,181,100,5,44,73,91,73,55,1,88,105,123,108,45
2016_3,뚝섬로24길,100,37,63,0,11,13,27,41,8,0,4,3,6,18,6,0,7,10,21,23,2
2016_3,뚝섬로23길,102,65,37,0,9,25,24,28,16,0,4,15,10,21,15,0,5,10,14,7,1
2016_3,동일로24길,8,4,4,0,1,2,0,3,2,0,1,1,0,1,1,0,0,1,0,2,1
2016_3,동일로18길,177,71,106,0,34,42,51,37,13,0,11,19,15,16,10,0,23,23,36,21,3
2016_3,능동로4길,249,115,134,1,33,54,57,61,43,1,11,17,23,32,31,0,22,37,34,29,12
2016_3,능동로3길,246,101,145,0,25,38,57,77,49,0,9,14,23,28,27,0,16,24,34,49,22
2016_3,능동로34길,936,518,418,3,113,225,237,216,142,3,47,125,133,105,105,0,66,100,104,111,37
2016_3,능동로19길,345,220,125,1,46,104,79,81,34,1,24,71,47,46,31,0,22,33,32,35,3
2016_3,능동로13길,334,106,228,0,42,62,69,93,68,0,8,23,23,30,22,0,34,39,46,63,46
2016_3,긴고랑로9길,62,29,33,0,7,17,26,5,7,0,2,10,11,3,3,0,5,7,15,2,4
2016_3,긴고랑로8길,233,210,23,0,7,22,39,97,68,0,4,17,31,91,67,0,3,5,8,6,1
2016_3,긴고랑로7길,542,260,282,3,43,122,169,137,68,2,15,68,78,60,37,1,28,54,91,77,31
2016_3,긴고랑로20길,541,248,293,0,56,140,146,128,71,0,17,66,73,57,35,0,39,74,73,71,36
2016_3,광나루로52길,1717,850,867,17,205,264,273,376,582,13,126,149,158,152,252,4,79,115,115,224,330
2016_3,광나루로40길,97,49,48,0,23,22,29,14,9,0,6,8,19,9,7,0,17,14,10,5,2
2016_3,광나루로37길,271,155,116,0,40,78,77,46,30,0,15,41,43,32,24,0,25,37,34,14,6
2016_3,광나루로36길,37,26,11,0,3,13,10,9,2,0,2,10,9,5,0,0,1,3,1,4,2
2016_3,광나루로24길,67,34,33,0,18,20,13,9,7,0,4,12,8,5,5,0,14,8,5,4,2
2016_3,광나루로12길,958,532,426,0,172,267,273,175,71,0,83,165,142,87,55,0,89,102,131,88,16
2016_3,한림말길,65,39,26,0,7,15,24,10,9,0,2,7,17,7,6,0,5,8,7,3,3
2016_3,청계천로10나길,1805,1076,729,5,218,543,417,381,241,1,114,369,271,184,137,4,104,174,146,197,104
2016_3,장터길,44,17,27,0,6,15,7,10,6,0,0,5,4,4,4,0,6,10,3,6,2
2016_3,용답중앙길,96,57,39,0,7,27,26,19,17,0,6,16,21,8,6,0,1,11,5,11,11
2016_3,용답29길,1913,985,928,4,190,375,539,486,319,2,111,213,218,234,207,2,79,162,321,252,112
2016_3,왕십리로6길,1293,709,584,0,162,351,380,289,111,0,67,195,206,160,81,0,95,156,174,129,30
2016_3,왕십리로31길,108,52,56,0,10,32,28,17,21,0,2,9,14,9,18,0,8,23,14,8,3
2016_3,왕십리로26길,4178,2349,1829,14,677,986,1280,817,404,6,253,630,696,496,268,8,424,356,584,321,136
2016_3,왕십리로21길,163,53,110,0,26,34,43,44,16,0,4,6,12,24,7,0,22,28,31,20,9
2016_3,왕십리로14길,2536,1936,600,8,311,569,680,625,343,3,169,431,533,501,299,5,142,138,147,124,44
2016_3,아차산로5길,2220,1513,707,2,295,580,655,496,192,1,180,408,450,331,143,1,115,172,205,165,49
2016_3,아차산로15길,3980,2863,1117,17,565,1164,1118,747,369,9,286,854,836,553,325,8,279,310,282,194,44
2016_3,아차산로11길,3339,2207,1132,6,481,848,986,686,332,3,228,594,701,428,253,3,253,254,285,258,79
2016_3,송정4가길,1037,481,556,3,154,348,292,145,95,1,54,174,122,65,65,2,100,174,170,80,30
2016_3,송정12라길,272,182,90,0,27,69,80,55,41,0,8,43,51,44,36,0,19,26,29,11,5
2016_3,성수일로6길,3034,1722,1312,11,352,787,808,540,536,8,167,465,440,329,313,3,185,322,368,211,223
2016_3,성수이로7길,378,249,129,0,66,101,94,82,35,0,36,60,68,59,26,0,30,41,26,23,9
2016_3,성수이로18길,2216,1566,650,3,316,646,647,461,143,2,165,460,477,345,117,1,151,186,170,116,26
2016_3,성덕정길,612,380,232,1,52,128,197,163,71,0,24,79,117,105,55,1,28,49,80,58,16
2016_3,성덕정17길,230,122,108,1,30,52,57,64,26,0,10,23,32,41,16,1,20,29,25,23,10
2016_3,서울숲2길,1331,757,574,5,127,285,338,364,212,0,50,163,198,192,154,5,77,122,140,172,58
2016_3,상원길,1736,1181,555,10,296,527,485,283,135,8,139,389,350,196,99,2,157,138,135,87,36
2016_3,상원12길,181,106,75,4,28,37,60,37,15,3,13,24,32,25,9,1,15,13,28,12,6
2016_3,사근동길,31,17,14,0,4,10,11,3,3,0,2,4,7,2,2,0,2,6,4,1,1
2016_3,무학봉길,3,3,0,0,0,1,0,0,2,0,0,1,0,0,2,0,0,0,0,0,0
2016_3,무학봉28길,165,77,88,0,25,41,45,35,19,0,8,16,20,21,12,0,17,25,25,14,7
2016_3,무학로6길,367,217,150,0,32,80,104,95,56,0,11,49,62,60,35,0,21,31,42,35,21
2016_3,무수막길,113,48,65,0,18,27,24,28,16,0,4,15,10,9,10,0,14,12,14,19,6
2016_3,매봉길,22,14,8,0,2,3,10,2,5,0,2,2,5,2,3,0,0,1,5,0,2
2016_3,마조로1길,198,74,124,0,23,42,69,56,8,0,5,16,24,23,6,0,18,26,45,33,2
2016_3,마조로16길,782,545,237,2,73,139,212,228,128,1,32,88,147,170,107,1,41,51,65,58,21
2016_3,마장로39길,145,60,85,0,16,28,55,38,8,0,9,20,17,9,5,0,7,8,38,29,3
2016_3,마장로27길,99,37,62,0,12,31,35,16,5,0,3,10,12,8,4,0,9,21,23,8,1
2016_3,둘레9길,411,239,172,3,62,97,105,100,44,3,25,57,69,53,32,0,37,40,36,47,12
2016_3,금호산길,393,145,248,0,60,101,96,100,36,0,15,38,35,36,21,0,45,63,61,64,15
2016_3,금호산2길,38,18,20,0,5,9,12,8,4,0,0,6,3,6,3,0,5,3,9,2,1
2016_3,고산자로6길,14987,6213,8774,16,1970,4188,4888,3453,472,9,821,2263,1931,825,364,7,1149,1925,2957,2628,108
2016_3,후암로28길,189,77,112,0,42,43,49,44,11,0,9,17,27,16,8,0,33,26,22,28,3
2016_3,효창원로39길,54,36,18,0,3,19,16,15,1,0,2,16,12,6,0,0,1,3,4,9,1
2016_3,회나무로13길,56,35,21,0,16,23,9,7,1,0,9,16,6,3,1,0,7,7,3,4,0
2016_3,한남대로20길,687,385,302,1,142,253,176,63,52,1,63,138,104,40,39,0,79,115,72,23,13
2016_3,한강대로7길,585,405,180,3,75,121,120,92,174,3,52,99,98,61,92,0,23,22,22,31,82
2016_3,한강대로62길,624,419,205,0,116,159,132,133,84,0,70,120,92,83,54,0,46,39,40,50,30
2016_3,한강대로52길,1177,761,416,5,256,398,278,157,83,3,109,254,201,131,63,2,147,144,77,26,20
2016_3,한강대로43길,4653,2995,1658,6,659,1303,1285,874,526,6,288,866,928,573,334,0,371,437,357,301,192
2016_3,한강대로15길,1889,381,1508,7,969,629,150,83,51,0,88,112,85,58,38,7,881,517,65,25,13
2016_3,한강대로104길,4222,3010,1212,27,526,1282,1359,822,206,2,190,885,1057,709,167,25,336,397,302,113,39
2016_3,청파로73길,1310,743,567,0,137,385,353,265,170,0,60,163,172,191,157,0,77,222,181,74,13
2016_3,청파로71길,218,112,106,0,20,52,68,62,16,0,3,20,29,47,13,0,17,32,39,15,3
2016_3,청파로47나길,119,79,40,1,7,22,35,29,25,0,3,17,25,17,17,1,4,5,10,12,8
2016_3,청파로47길,820,379,441,0,116,230,223,169,82,0,46,106,113,65,49,0,70,124,110,104,33
2016_3,장문로45길,77,10,67,0,8,14,12,28,15,0,2,3,1,3,1,0,6,11,11,25,14
2016_3,이태원로54길,2167,1070,1097,16,546,698,517,304,86,13,270,462,219,68,38,3,276,236,298,236,48
2016_3,이태원로27길,530,297,233,4,190,170,75,56,35,4,97,105,39,31,21,0,93,65,36,25,14
2016_3,이촌로22길,213,131,82,0,13,40,63,55,42,0,0,25,40,34,32,0,13,15,23,21,10
2016_3,원효로89길,941,755,186,0,145,374,218,156,48,0,101,287,194,132,41,0,44,87,24,24,7
2016_3,원효로53길,750,451,299,5,93,205,218,145,84,3,44,127,141,83,53,2,49,78,77,62,31
2016_3,원효로41길,2387,1688,699,8,241,613,508,636,381,6,123,465,403,413,278,2,118,148,105,223,103
2016_3,원효로19길,961,686,275,1,110,384,260,131,75,1,56,284,201,86,58,0,54,100,59,45,17
2016_3,우사단로4길,168,121,47,0,15,23,38,56,36,0,4,10,23,48,36,0,11,13,15,8,0
2016_3,우사단로14길,1640,877,763,0,293,785,440,96,26,0,65,397,317,81,17,0,228,388,123,15,9
2016_3,우사단로10길,56,30,26,0,5,6,15,22,8,0,2,1,6,15,6,0,3,5,9,7,2
2016_3,신흥로20길,196,94,102,0,38,56,57,25,20,0,14,20,33,13,14,0,24,36,24,12,6
2016_3,소월로20길,128,40,88,0,28,31,27,29,13,0,3,6,3,17,11,0,25,25,24,12,2
2016_3,서빙고로71길,448,261,187,0,35,134,114,94,71,0,12,58,55,77,59,0,23,76,59,17,12
2016_3,백범로90길,307,179,128,1,36,67,100,58,45,0,14,40,62,34,29,1,22,27,38,24,16
2016_3,백범로79길,1079,663,416,1,111,299,234,295,139,0,34,175,161,196,97,1,77,124,73,99,42
2016_3,두텁바위로1길,2562,1438,1124,5,421,700,578,453,405,3,123,376,356,301,279,2,298,324,222,152,126
2016_3,대사관로34길,325,181,144,0,48,82,87,60,48,0,14,47,47,36,37,0,34,35,40,24,11
2016_3,녹사평대로46길,47,36,11,0,25,13,4,3,2,0,21,10,2,1,2,0,4,3,2,2,0
2016_3,녹사평대로40나길,54,33,21,0,22,13,8,6,5,0,12,11,3,3,4,0,10,2,5,3,1
2016_3,녹사평대로32길,291,149,142,0,47,76,71,43,54,0,19,39,32,19,40,0,28,37,39,24,14
2016_3,녹사평대로26길,2105,1184,921,6,156,581,533,580,249,5,39,256,269,439,176,1,117,325,264,141,73
2016_3,녹사평대로11길,294,196,98,1,35,74,101,57,26,0,24,45,69,38,20,1,11,29,32,19,6
2016_3,퇴계로90길,473,193,280,0,60,139,120,100,54,0,13,48,52,39,41,0,47,91,68,61,13
2016_3,퇴계로8길,2543,1350,1193,9,409,794,653,397,281,1,107,456,370,212,204,8,302,338,283,185,77
2016_3,퇴계로56길,1022,814,208,0,122,401,317,139,43,0,76,325,276,111,26,0,46,76,41,28,17
2016_3,퇴계로46길,1953,811,1142,7,330,585,512,383,136,2,54,187,224,239,105,5,276,398,288,144,31
2016_3,퇴계로18길,2885,1316,1569,10,534,828,680,531,302,2,163,429,343,221,158,8,371,399,337,310,144
2016_3,퇴계로12길,975,436,539,2,167,238,221,231,116,0,35,89,113,130,69,2,132,149,108,101,47
2016_3,청구로1길,203,98,105,0,46,33,53,42,29,0,10,11,28,27,22,0,36,22,25,15,7
2016_3,청구로17길,1677,780,897,3,393,628,343,211,99,0,58,273,202,169,78,3,335,355,141,42,21
2016_3,장충단로8길,3984,1228,2756,20,1432,881,907,514,230,5,365,358,230,159,111,15,1067,523,677,355,119
2016_3,삼일대로4길,959,574,385,2,149,294,236,161,117,1,52,168,167,103,83,1,97,126,69,58,34
2016_3,명동길,36879,18411,18468,150,6232,13760,10430,4940,1367,51,2060,6190,5768,3448,894,99,4172,7570,4662,1492,473
2016_3,동호로20길,981,491,490,16,322,266,175,141,61,7,144,130,96,73,41,9,178,136,79,68,20
2016_3,동호로15길,4133,2223,1910,7,1560,1445,752,271,98,2,573,841,555,186,66,5,987,604,197,85,32
2016_3,동호로11길,20,16,4,0,2,4,9,3,2,0,2,4,7,2,1,0,0,0,2,1,1
2016_3,동호로10길,1446,646,800,4,291,407,353,261,130,2,60,187,197,125,75,2,231,220,156,136,55
2016_3,다산로39길,1166,667,499,5,129,282,321,319,110,2,65,183,183,179,55,3,64,99,138,140,55
2016_3,다산로38길,1480,755,725,9,441,442,316,192,80,2,142,246,192,117,56,7,299,196,124,75,24
2016_3,다산로36길,53,31,22,1,9,13,13,14,3,0,3,8,9,9,2,1,6,5,4,5,1
2016_3,다산로33길,384,198,186,1,56,90,113,86,38,0,34,46,50,43,25,1,22,44,63,43,13
2016_3,난계로21길,219,147,72,2,20,50,79,56,12,0,11,32,53,42,9,2,9,18,26,14,3
2016_3,난계로11길,1884,1070,814,2,368,420,367,482,245,0,167,257,245,245,156,2,201,163,122,237,89
2016_3,필운대로1길,5,1,4,0,0,4,1,0,0,0,0,1,0,0,0,0,0,3,1,0,0
2016_3,평창길,157,68,89,1,22,29,45,40,20,0,4,11,29,11,13,1,18,18,16,29,7
2016_3,통일로12길,241,107,134,0,21,50,80,76,14,0,2,24,36,37,8,0,19,26,44,39,6
2016_3,창신길,246,63,183,0,24,36,49,85,52,0,6,15,15,17,10,0,18,21,34,68,42
2016_3,창신5길,6,3,3,0,0,0,2,2,2,0,0,0,1,1,1,0,0,0,1,1,1
2016_3,창신2길,52,30,22,0,1,9,13,24,5,0,0,7,8,12,3,0,1,2,5,12,2
2016_3,창경궁로35길,1426,410,1016,19,392,378,419,165,53,0,42,111,138,82,37,19,350,267,281,83,16
2016_3,지봉로8길,155,83,72,0,32,33,49,33,8,0,17,17,21,24,4,0,15,16,28,9,4
2016_3,종로65길,628,281,347,2,63,152,157,137,117,0,21,68,65,55,72,2,42,84,92,82,45
2016_3,자하문로7길,495,283,212,0,93,154,134,66,48,0,41,94,71,39,38,0,52,60,63,27,10
2016_3,이화장길,1863,908,955,4,264,547,524,390,134,2,77,198,278,267,86,2,187,349,246,123,48
2016_3,율곡로16길,11,7,4,0,2,3,1,3,2,0,1,3,1,0,2,0,1,0,0,3,0
2016_3,율곡로10길,2334,1735,599,6,330,753,678,361,206,2,202,571,536,262,162,4,128,182,142,99,44
2016_3,옥인길,490,209,281,0,71,122,137,129,31,0,9,54,72,64,10,0,62,68,65,65,21
2016_3,숭인동길,19,8,11,0,2,0,10,6,1,0,0,0,4,3,1,0,2,0,6,3,0
2016_3,성균관로5길,132,73,59,0,9,7,12,14,90,0,3,4,5,8,53,0,6,3,7,6,37
2016_3,삼청로5길,436,164,272,1,111,114,93,80,37,1,33,43,32,39,16,0,78,71,61,41,21
2016_3,북촌로5나길,1569,1093,476,1,119,521,534,345,49,1,54,335,405,271,27,0,65,186,129,74,22
2016_3,북촌로5길,50,24,26,0,7,14,7,14,8,0,2,9,3,5,5,0,5,5,4,9,3
2016_3,북촌로11길,19,11,8,0,3,7,2,3,4,0,1,3,1,3,3,0,2,4,1,0,1
2016_3,백석동길,119,60,59,2,21,32,22,20,22,1,11,11,10,11,16,1,10,21,12,9,6
2016_3,명륜길,16,10,6,0,4,6,3,2,1,0,4,3,2,0,1,0,0,3,1,2,0
2016_3,돈화문로11가길,1074,566,508,3,159,291,268,190,163,1,52,141,157,106,109,2,107,150,111,84,54
2016_3,계동길,844,375,469,6,194,254,189,140,61,4,55,94,97,83,42,2,139,160,92,57,19
2016_2,강남 마이스 관광특구,20046,11439,8607,88,5057,6634,5194,2414,659,38,1590,3573,3832,1915,491,50,3467,3061,1362,499,168
2016_2,잠실 관광특구,26531,15664,10867,160,4801,7157,6178,5512,2723,58,2423,4594,3707,3194,1688,102,2378,2563,2471,2318,1035
2016_2,종로·청계 관광특구,30234,18431,11803,52,4591,9888,8590,5493,1620,21,1731,5256,6060,4252,1111,31,2860,4632,2530,1241,509
2016_2,동대문패션타운 관광특구,10118,5826,4292,29,2214,3226,2362,1521,766,11,1056,1908,1474,890,487,18,1158,1318,888,631,279
2016_2,명동 남대문 북창동 다동 무교동 관광특구,165476,83367,82109,705,34618,58259,44378,21166,6350,197,10509,26237,26996,15104,4324,508,24109,32022,17382,6062,2026
2016_2,이태원 관광특구,5607,3207,2400,34,1297,1704,1114,940,518,20,638,1001,606,622,320,14,659,703,508,318,198
2016_2,길동복조리시장,575,369,206,0,36,108,148,144,139,0,22,72,95,83,97,0,14,36,53,61,42
2016_2,둔촌역전통시장,174,88,86,0,13,40,38,54,29,0,5,20,17,26,20,0,8,20,21,28,9
2016_2,성내골목시장,7,2,5,0,0,1,4,1,1,0,0,1,1,0,0,0,0,0,3,1,1
2016_2,천호시장,24,13,11,0,8,6,6,4,0,0,4,5,2,2,0,0,4,1,4,2,0
2016_2,암사종합시장,715,317,398,0,30,66,95,114,410,0,9,33,52,33,190,0,21,33,43,81,220
2016_2,고덕전통시장,388,374,14,0,3,12,51,155,167,0,2,9,45,152,166,0,1,3,6,3,1
2016_2,명일골목시장,411,135,276,0,13,15,84,139,160,0,6,5,19,30,75,0,7,10,65,109,85
2016_2,새마을시장,355,194,161,1,50,95,101,61,47,0,22,54,56,32,30,1,28,41,45,29,17
2016_2,석촌시장,168,106,62,0,22,23,57,39,27,0,13,16,35,20,22,0,9,7,22,19,5
2016_2,방이시장,674,431,243,1,91,212,177,150,43,1,63,178,113,51,25,0,28,34,64,99,18
2016_2,마천시장,257,61,196,0,20,44,73,69,51,0,2,10,18,17,14,0,18,34,55,52,37
2016_2,풍납시장,16,7,9,0,0,7,3,5,1,0,0,3,1,2,1,0,0,4,2,3,0
2016_2,강남개포시장,35,30,5,0,0,2,7,10,16,0,0,1,3,10,16,0,0,1,4,0,0
2016_2,도곡시장,516,228,288,4,62,124,151,122,53,0,12,71,62,52,31,4,50,53,89,70,22
2016_2,영동전통시장,3202,2377,825,6,494,826,988,604,284,4,299,638,820,410,206,2,195,188,168,194,78
2016_2,미성동도깨비시장,439,189,250,3,68,90,148,106,24,2,22,49,64,39,13,1,46,41,84,67,11
2016_2,삼성동시장,107,46,61,0,10,21,29,28,19,0,3,11,10,10,12,0,7,10,19,18,7
2016_2,신림중앙시장,13,8,5,0,1,4,3,3,2,0,1,3,2,1,1,0,0,1,1,2,1
2016_2,강남골목시장,291,141,150,1,28,65,71,78,48,0,14,40,29,31,27,1,14,25,42,47,21
2016_2,관악신사시장,315,253,62,0,38,48,65,91,73,0,26,38,49,76,64,0,12,10,16,15,9
2016_2,신원시장,341,143,198,0,44,67,77,85,68,0,15,40,32,33,23,0,29,27,45,52,45
2016_2,인헌시장,245,86,159,0,33,60,66,68,18,0,9,30,24,16,7,0,24,30,42,52,11
2016_2,봉천현대시장,15,6,9,0,2,3,4,2,4,0,0,0,2,2,2,0,2,3,2,0,2
2016_2,봉천제일종합시장,46,22,24,0,3,8,16,11,8,0,1,4,5,5,7,0,2,4,11,6,1
2016_2,낙성대시장,17,10,7,0,1,4,2,6,4,0,0,2,2,4,2,0,1,2,0,2,2
2016_2,중부시장,179,66,113,0,24,37,44,32,42,0,8,13,19,13,13,0,16,24,25,19,29
2016_2,남성역골목시장,503,240,263,0,58,116,135,115,79,0,21,47,72,53,47,0,37,69,63,62,32
2016_2,남성사계시장,1865,835,1030,6,252,383,397,454,373,3,58,192,214,176,192,3,194,191,183,278,181
2016_2,흑석시장,182,72,110,1,23,43,58,33,24,0,4,10,21,15,22,1,19,33,37,18,2
2016_2,상도4동도깨비골목시장,336,93,243,1,73,78,72,73,39,1,15,30,17,13,17,0,58,48,55,60,22
2016_2,영도시장,72,31,41,0,12,15,19,19,7,0,1,8,10,7,5,0,11,7,9,12,2
2016_2,본동인정시장,107,51,56,0,4,29,32,27,15,0,0,12,13,13,13,0,4,17,19,14,2
2016_2,대림중앙시장,25,17,8,0,2,4,5,10,4,0,1,3,5,5,3,0,1,1,0,5,1
2016_2,우리시장,12,5,7,0,1,2,2,6,1,0,0,0,1,3,1,0,1,2,1,3,0
2016_2,영진시장A동,40,33,7,0,1,18,5,9,7,0,1,16,3,8,5,0,0,2,2,1,2
2016_2,사러가시장,13,0,13,0,7,1,4,1,0,0,0,0,0,0,0,0,7,1,4,1,0
2016_2,영등포청과시장,182,121,61,0,27,57,47,37,14,0,15,34,37,28,7,0,12,23,10,9,7
2016_2,영등포전통시장,4070,2000,2070,12,629,1551,1046,547,285,1,171,653,607,376,192,11,458,898,439,171,93
2016_2,은행나무시장,41,9,32,0,3,8,9,13,8,0,0,1,2,4,2,0,3,7,7,9,6
2016_2,현대시장,57,18,39,0,5,15,21,12,4,0,2,7,4,2,3,0,3,8,17,10,1
2016_2,남문시장,280,114,166,0,22,31,90,105,32,0,4,12,34,45,19,0,18,19,56,60,13
2016_2,독산동 우시장,136,56,80,0,11,21,54,34,16,0,5,14,13,15,9,0,6,7,41,19,7
2016_2,개봉중앙시장,7,3,4,0,0,1,2,2,2,0,0,0,1,1,1,0,0,1,1,1,1
2016_2,가리봉시장,18,11,7,0,3,2,5,4,4,0,1,1,4,2,3,0,2,1,1,2,1
2016_2,남구로시장,15,2,13,0,0,0,3,5,7,0,0,0,0,2,0,0,0,0,3,3,7
2016_2,구로시장,50,20,30,0,7,17,15,8,3,0,1,6,7,3,3,0,6,11,8,5,0
2016_2,방신전통시장,131,113,18,0,1,18,19,54,39,0,0,13,13,50,37,0,1,5,6,4,2
2016_2,송화골목시장,503,187,316,3,85,93,151,128,43,0,18,39,62,35,33,3,67,54,89,93,10
2016_2,까치산시장,35,23,12,0,3,10,17,5,0,0,1,7,12,3,0,0,2,3,5,2,0
2016_2,남부골목시장,183,80,103,0,28,42,66,33,14,0,8,15,34,16,7,0,20,27,32,17,7
2016_2,화곡중앙골목시장,2,2,0,0,0,1,0,0,1,0,0,1,0,0,1,0,0,0,0,0,0
2016_2,등마루시장,815,463,352,26,278,151,126,122,112,21,194,94,70,44,40,5,84,57,56,78,72
2016_2,신정3동골목시장,253,107,146,0,27,43,52,74,57,0,7,18,17,38,27,0,20,25,35,36,30
2016_2,신정2동골목시장,9,7,2,0,1,1,4,2,1,0,1,0,4,1,1,0,0,1,0,1,0
2016_2,신월6동골목시장,239,113,126,1,45,47,77,37,32,0,14,25,41,13,20,1,31,22,36,24,12
2016_2,신곡종합시장,10,8,2,0,0,1,1,4,4,0,0,0,1,3,4,0,0,1,0,1,0
2016_2,신월3동골목시장,54,18,36,0,7,13,16,16,2,0,3,8,3,4,0,0,4,5,13,12,2
2016_2,경창시장,206,86,120,0,14,31,55,64,42,0,7,19,26,24,10,0,7,12,29,40,32
2016_2,월정로시장,109,59,50,0,5,20,32,36,16,0,3,12,17,16,11,0,2,8,15,20,5
2016_2,신영시장,50,23,27,0,3,14,22,10,1,0,0,10,7,5,1,0,3,4,15,5,0
2016_2,목4동시장,232,76,156,0,31,45,73,62,21,0,7,18,16,22,13,0,24,27,57,40,8
2016_2,목3동시장,701,340,361,3,99,166,216,156,61,1,37,82,111,73,36,2,62,84,105,83,25
2016_2,목2동시장,211,99,112,0,26,60,61,53,11,0,6,31,37,19,6,0,20,29,24,34,5
2016_2,마포농수산물시장,490,309,181,0,25,52,126,188,99,0,16,32,86,108,67,0,9,20,40,80,32
2016_2,망원월드컵시장,13,9,4,0,0,1,5,3,4,0,0,1,3,3,2,0,0,0,2,0,2
2016_2,망원시장,36,19,17,0,4,5,9,15,3,0,3,3,5,6,2,0,1,2,4,9,1
2016_2,신수시장,123,97,26,1,8,33,41,26,14,0,3,24,33,24,13,1,5,9,8,2,1
2016_2,아현시장,21,3,18,0,2,10,4,5,0,0,0,2,0,1,0,0,2,8,4,4,0
2016_2,대림골목시장,300,94,206,0,38,64,93,75,30,0,10,22,28,16,18,0,28,42,65,59,12
2016_2,상계중앙시장,30,15,15,0,13,5,4,6,2,0,8,2,2,3,0,0,5,3,2,3,2
2016_2,방학동도깨비시장,125,50,75,0,17,34,38,22,14,0,9,16,15,5,5,0,8,18,23,17,9
2016_2,쌍문역골목시장,71,34,37,0,13,14,24,10,10,0,4,8,11,5,6,0,9,6,13,5,4
2016_2,신도봉시장,26,18,8,0,0,7,7,10,2,0,0,6,6,5,1,0,0,1,1,5,1
2016_2,창동신창시장,137,61,76,1,17,15,40,37,27,0,3,5,18,18,17,1,14,10,22,19,10
2016_2,수유북부시장,15,4,11,0,0,3,2,6,4,0,0,3,0,1,0,0,0,0,2,5,4
2016_2,장미원골목시장,79,51,28,0,13,19,23,15,9,0,6,13,13,13,6,0,7,6,10,2,3
2016_2,수유중앙시장,129,69,60,0,23,29,32,27,18,0,10,17,18,13,11,0,13,12,14,14,7
2016_2,강북종합시장,64,28,36,0,10,12,26,10,6,0,2,6,11,5,4,0,8,6,15,5,2
2016_2,우이시장,145,62,83,0,15,33,39,36,22,0,4,15,12,14,17,0,11,18,27,22,5
2016_2,수유전통시장,453,136,317,1,48,65,92,143,104,1,8,12,29,39,47,0,40,53,63,104,57
2016_2,번동북부골목시장,82,43,39,0,12,15,26,17,12,0,3,8,16,9,7,0,9,7,10,8,5
2016_2,솔샘시장,103,41,62,0,13,33,31,22,4,0,1,19,12,7,2,0,12,14,19,15,2
2016_2,방천골목시장,80,29,51,0,18,18,19,18,7,0,1,4,9,9,6,0,17,14,10,9,1
2016_2,석관황금시장,26,14,12,0,2,4,12,4,4,0,1,0,7,3,3,0,1,4,5,1,1
2016_2,장위전통시장,182,66,116,0,12,54,58,34,24,0,2,18,18,11,17,0,10,36,40,23,7
2016_2,정릉시장,34,14,20,0,9,5,12,3,5,0,4,3,3,1,3,0,5,2,9,2,2
2016_2,정릉아리랑시장,9,5,4,1,0,2,1,5,0,0,0,2,1,2,0,1,0,0,0,3,0
2016_2,돈암제일시장,57,23,34,1,10,14,14,9,9,0,2,6,3,5,7,1,8,8,11,4,2
2016_2,우림골목시장,215,104,111,1,19,22,55,62,56,1,4,7,28,28,36,0,15,15,27,34,20
2016_2,묵1동도깨비시장,278,126,152,1,33,61,72,91,20,1,9,36,32,40,8,0,24,25,40,51,12
2016_2,태능시장,4,3,1,0,1,2,1,0,0,0,0,2,1,0,0,0,1,0,0,0,0
2016_2,중화제일시장,23,1,22,0,8,0,7,7,1,0,0,0,0,1,0,0,8,0,7,6,1
2016_2,사가정시장,259,192,67,0,15,28,64,82,70,0,2,12,43,73,62,0,13,16,21,9,8
2016_2,동원시장,70,30,40,0,10,13,27,14,6,0,2,4,12,8,4,0,8,9,15,6,2
2016_2,동부골목시장,84,27,57,1,17,19,11,20,16,1,1,2,2,8,13,0,16,17,9,12,3
2016_2,회기시장,140,65,75,0,29,35,39,23,14,0,9,18,25,5,8,0,20,17,14,18,6
2016_2,답십리시장,27,11,16,0,1,9,10,7,0,0,0,3,6,2,0,0,1,6,4,5,0
2016_2,답십리현대시장,86,71,15,0,12,20,22,18,14,0,10,19,17,13,12,0,2,1,5,5,2
2016_2,청량리종합시장,9,6,3,0,1,2,1,1,4,0,1,1,0,0,4,0,0,1,1,1,0
2016_2,청량리농수산물시장,19,15,4,0,0,5,3,7,4,0,0,5,2,5,3,0,0,0,1,2,1
2016_2,서울약령시장,1360,835,525,1,117,250,365,404,223,1,57,149,231,248,149,0,60,101,134,156,74
2016_2,청량리수산시장,248,120,128,0,54,66,50,40,38,0,15,30,26,20,29,0,39,36,24,20,9
2016_2,구의시장,94,54,40,0,17,19,23,30,5,0,4,16,11,18,5,0,13,3,12,12,0
2016_2,조양시장,79,42,37,0,7,16,24,21,11,0,3,6,13,11,9,0,4,10,11,10,2
2016_2,영동교골목시장,29,23,6,0,1,4,5,5,14,0,1,3,4,4,11,0,0,1,1,1,3
2016_2,능동로골목시장,242,220,22,0,5,9,12,18,198,0,3,6,5,11,195,0,2,3,7,7,3
2016_2,자양골목시장,95,45,50,0,12,10,30,32,11,0,3,4,15,17,6,0,9,6,15,15,5
2016_2,중곡제일시장,147,80,67,0,14,27,43,44,19,0,6,14,23,22,15,0,8,13,20,22,4
2016_2,한아름시장,117,66,51,2,27,30,29,24,5,2,18,20,15,10,1,0,9,10,14,14,4
2016_2,성동용답상가시장,280,147,133,1,34,71,70,68,36,1,12,35,34,38,27,0,22,36,36,30,9
2016_2,뚝도시장,34,12,22,0,5,7,7,12,3,0,1,4,2,4,1,0,4,3,5,8,2
2016_2,금남시장,19,10,9,0,1,2,2,5,9,0,0,2,1,1,6,0,1,0,1,4,3
2016_2,행당시장,231,120,111,1,40,57,74,44,15,0,10,27,47,25,11,1,30,30,27,19,4
2016_2,마장축산물시장,1598,1064,534,2,169,444,447,358,178,2,101,317,300,222,122,0,68,127,147,136,56
2016_2,용문전통시장,38,23,15,0,2,10,10,12,4,0,1,5,7,7,3,0,1,5,3,5,1
2016_2,후암시장,46,17,29,0,1,7,13,20,5,0,0,4,5,5,3,0,1,3,8,15,2
2016_2,합동(새벽)시장,2326,1280,1046,2,363,744,591,335,291,0,100,276,353,280,271,2,263,468,238,55,20
2016_2,서울중앙시장,251,175,76,0,21,70,68,68,24,0,10,51,44,53,17,0,11,19,24,15,7
2016_2,백학시장,453,237,216,2,71,145,116,88,31,0,30,85,63,39,20,2,41,60,53,49,11
2016_2,약수시장,1650,635,1015,4,296,421,397,288,244,1,68,151,167,119,129,3,228,270,230,169,115
2016_2,청평화시장,2847,1825,1022,5,652,1127,770,212,81,2,417,717,533,109,47,3,235,410,237,103,34
2016_2,제일평화시장,474,292,182,0,89,146,84,87,68,0,43,89,53,54,53,0,46,57,31,33,15
2016_2,남평화시장,185,114,71,0,17,37,39,71,21,0,6,22,24,44,18,0,11,15,15,27,3
2016_2,방산종합시장,1884,1232,652,4,161,435,507,504,273,3,95,312,290,331,201,1,66,123,217,173,72
2016_2,인현시장,1193,774,419,1,83,216,357,357,179,0,32,120,226,257,139,1,51,96,131,100,40
2016_2,신중부시장,2473,1652,821,7,218,522,752,608,366,4,114,360,486,420,268,3,104,162,266,188,98
2016_2,남대문시장,7144,3783,3361,40,1193,2864,1796,823,428,10,392,1460,1065,550,306,30,801,1404,731,273,122
2016_2,동묘시장,914,592,322,1,134,202,253,206,118,0,67,128,168,143,86,1,67,74,85,63,32
2016_2,창신골목시장,240,129,111,1,22,114,51,42,10,0,7,52,34,28,8,1,15,62,17,14,2
2016_2,충신시장,352,202,150,2,67,98,77,72,36,1,29,58,42,45,27,1,38,40,35,27,9
2016_2,종로신진시장,28,13,15,0,0,3,6,8,11,0,0,1,2,2,8,0,0,2,4,6,3
2016_2,동대문종합시장,345,195,150,5,89,83,81,55,32,1,49,48,48,29,20,4,40,35,33,26,12
2016_2,광장시장,209,147,62,0,24,36,34,75,40,0,13,26,27,50,31,0,11,10,7,25,9
2016_2,서울 노원구 노원역_3,795,334,461,9,247,132,168,158,81,3,108,66,66,52,39,6,139,66,102,106,42
2016_2,서울 노원구 노원역_1,941,286,655,4,291,249,202,140,55,1,41,77,89,55,23,3,250,172,113,85,32
2016_2,창동역,2330,1516,814,4,228,442,661,635,360,2,96,258,441,458,261,2,132,184,220,177,99
2016_2,서울 강북구 수유역_3,56,30,26,3,6,12,13,19,3,2,1,9,6,10,2,1,5,3,7,9,1
2016_2,서울 강북구 수유역_2,4091,2122,1969,7,450,960,954,1020,700,4,150,438,495,648,387,3,300,522,459,372,313
2016_2,서울 강북구 수유역_1,109,86,23,0,9,25,35,24,16,0,3,22,26,20,15,0,6,3,9,4,1
2016_2,서울 은평구 연신내역_3,618,193,425,1,146,148,137,106,80,0,28,45,51,44,25,1,118,103,86,62,55
2016_2,서울 은평구 연신내역_2,411,167,244,3,95,87,96,74,56,1,38,46,35,21,26,2,57,41,61,53,30
2016_2,서울 은평구 연신내역_1,67,33,34,1,14,16,15,16,5,0,4,9,9,8,3,1,10,7,6,8,2
2016_2,서울 성북구 미아삼거리역_2,520,230,290,0,110,129,153,96,32,0,21,59,75,52,23,0,89,70,78,44,9
2016_2,서울 강북구 미아삼거리역_1,514,187,327,2,129,129,108,84,62,0,26,50,45,33,33,2,103,79,63,51,29
2016_2,서울 은평구 불광역_3,50,19,31,0,5,19,11,12,3,0,1,7,3,7,1,0,4,12,8,5,2
2016_2,서울 은평구 불광역_2,61,24,37,0,6,14,16,20,5,0,0,3,6,11,4,0,6,11,10,9,1
2016_2,서울 은평구 불광역_1,308,154,154,0,38,76,80,67,47,0,13,34,44,36,27,0,25,42,36,31,20
2016_2,미아사거리_2,117,42,75,1,35,33,21,22,5,1,12,17,5,6,1,0,23,16,16,16,4
2016_2,미아사거리_1,572,264,308,2,108,114,147,143,58,0,67,51,56,59,31,2,41,63,91,84,27
2016_2,서울 성북구 성신여대입구역,4843,2996,1847,21,554,1032,1264,1359,613,12,209,454,775,1065,481,9,345,578,489,294,132
2016_2,경희대학교,380,172,208,4,68,102,91,81,34,2,30,56,46,29,9,2,38,46,45,52,25
2016_2,서울 성북구 안암역,85,52,33,0,14,30,25,7,9,0,9,20,15,4,4,0,5,10,10,3,5
2016_2,혜화역 대학로_3,1728,832,896,5,271,499,429,350,174,3,104,213,224,182,106,2,167,286,205,168,68
2016_2,혜화역 대학로_2,1503,868,635,0,91,496,492,355,69,0,32,202,278,301,55,0,59,294,214,54,14
2016_2,혜화역 대학로_1,1293,659,634,8,256,389,286,235,119,1,108,211,157,112,70,7,148,178,129,123,49
2016_2,디지털미디어시티,21972,13210,8762,99,7104,7749,5135,1597,288,38,2810,4845,4015,1297,205,61,4294,2904,1120,300,83
2016_2,서울 동대문구 청량리역,3131,1998,1133,5,448,755,844,630,449,1,272,518,550,363,294,4,176,237,294,267,155
2016_2,서울 종로구 안국역_2,720,282,438,0,164,220,189,94,53,0,36,94,77,40,35,0,128,126,112,54,18
2016_2,서울 종로구 안국역_1,11841,9691,2150,9,1368,4472,3643,1854,495,8,937,3545,3152,1638,411,1,431,927,491,216,84
2016_2,서울 종로구 경복궁역_1,208,78,130,0,29,51,49,49,30,0,4,22,21,16,15,0,25,29,28,33,15
2016_2,서울 종로구 종로3가역_3,3166,1750,1416,14,529,826,854,602,341,3,177,453,504,371,242,11,352,373,350,231,99
2016_2,서울 종로구 종로3가역_2,1851,1025,826,13,278,436,427,347,350,9,108,232,253,201,222,4,170,204,174,146,128
2016_2,서울 동대문구 신설동역_2,4315,2150,2165,26,502,628,724,1176,1259,5,148,325,377,524,771,21,354,303,347,652,488
2016_2,인사동,21657,13531,8126,74,4222,7406,5287,3079,1589,15,1503,4622,4078,2316,997,59,2719,2784,1209,763,592
2016_2,서울 종로구 종로5가역_4,652,361,291,0,86,161,193,126,86,0,23,92,110,72,64,0,63,69,83,54,22
2016_2,서울 종로구 종로5가역_3,5281,3577,1704,17,748,1446,1448,1093,529,5,430,998,970,779,395,12,318,448,478,314,134
2016_2,종로구청,15034,8637,6397,5,1495,5342,4622,2681,889,0,490,2646,3078,1839,584,5,1005,2696,1544,842,305
2016_2,서울 종로구 종로5가역_2,18616,12530,6086,316,3344,6782,4895,2583,696,107,1509,4492,3815,2101,506,209,1835,2290,1080,482,190
2016_2,신설동역,736,436,300,6,123,176,170,164,97,0,48,111,100,101,76,6,75,65,70,63,21
2016_2,서울 동대문구 신설동역_1,2,2,0,0,0,0,1,0,1,0,0,0,1,0,1,0,0,0,0,0,0
2016_2,서울 종로구 광화문역_2,54301,33560,20741,95,7779,18153,16588,8560,3126,16,2900,10489,11935,6221,1999,79,4879,7664,4653,2339,1127
2016_2,동묘앞역,72,45,27,0,4,16,20,20,12,0,1,10,13,14,7,0,3,6,7,6,5
2016_2,장안동사거리,549,269,280,6,88,111,140,137,67,2,37,64,67,60,39,4,51,47,73,77,28
2016_2,서울 종로구 동대문역_2,1037,562,475,2,206,294,240,164,131,1,68,162,144,93,94,1,138,132,96,71,37
2016_2,동대문시장_2,483,308,175,0,39,105,118,127,94,0,22,69,75,70,72,0,17,36,43,57,22
2016_2,서울 종로구 종로5가역_1,53,39,14,0,7,6,14,20,6,0,2,4,13,17,3,0,5,2,1,3,3
2016_2,서울 종로구 종로3가역_1,3404,1517,1887,14,790,1101,728,462,309,9,260,464,351,241,192,5,530,637,377,221,117
2016_2,서울 종로구 광화문역_1,2298,1532,766,4,441,889,558,281,125,4,167,590,453,242,76,0,274,299,105,39,49
2016_2,종각역,20526,13301,7225,19,2827,7080,6442,3762,396,4,1062,3766,4839,3323,307,15,1765,3314,1603,439,89
2016_2,종각역 젊음의 거리,2127,953,1174,7,411,672,395,353,289,3,139,349,201,121,140,4,272,323,194,232,149
2016_2,서대문구 서대문역_1,336,236,100,0,19,84,105,71,57,0,8,67,76,42,43,0,11,17,29,29,14
2016_2,동대문시장_1,419,225,194,1,46,119,112,88,53,0,17,69,56,44,39,1,29,50,56,44,14
2016_2,시청역_2,23204,14485,8719,88,4477,7746,6745,3242,906,42,1512,4535,5212,2495,689,46,2965,3211,1533,747,217
2016_2,서울시청,24480,11564,12916,79,4631,8120,7297,3297,1056,22,1412,3459,3844,2132,695,57,3219,4661,3453,1165,361
2016_2,서울 중구 을지로3가역_2,8112,5243,2869,10,1166,2234,2084,1535,1083,4,456,1351,1568,1053,811,6,710,883,516,482,272
2016_2,서울 중구 신당역_2,1386,700,686,19,635,358,185,117,72,8,273,196,111,59,53,11,362,162,74,58,19
2016_2,서대문구 서대문역_2,1978,1333,645,3,355,820,496,213,91,1,204,608,342,123,55,2,151,212,154,90,36
2016_2,동대문역사문화공원역,4057,2884,1173,7,512,1180,1260,807,291,3,314,887,932,564,184,4,198,293,328,243,107
2016_2,서울 중구 을지로3가역_1,14563,9846,4717,40,2160,4377,4127,2570,1289,6,1026,2870,3041,1942,961,34,1134,1507,1086,628,328
2016_2,명동거리,25961,12077,13884,88,3951,9857,7641,3678,746,23,1280,3206,4277,2744,547,65,2671,6651,3364,934,199
2016_2,롯데백화점,40185,22885,17300,242,6577,14027,12439,5466,1434,71,2314,6814,8264,4336,1086,171,4263,7213,4175,1130,348
2016_2,서울 중구 신당역_1,1061,700,361,8,159,226,301,235,132,0,46,146,225,175,108,8,113,80,76,60,24
2016_2,북창동,7955,4897,3058,28,1384,2212,1901,1685,745,5,542,1393,1323,1082,552,23,842,819,578,603,193
2016_2,서울 중구 충무로역_2,14283,6360,7923,62,2164,4218,4696,2206,937,16,601,2058,2136,982,567,46,1563,2160,2560,1224,370
2016_2,서울 강서구 송정역,638,434,204,1,65,152,189,139,92,0,31,113,137,85,68,1,34,39,52,54,24
2016_2,장한평역_2,11886,9499,2387,46,1003,2287,5346,2491,713,16,578,1805,4559,1978,563,30,425,482,787,513,150
2016_2,시청역_1,54597,33424,21173,165,8326,20764,17779,6648,915,18,3583,11700,12172,5300,651,147,4743,9064,5607,1348,264
2016_2,왕십리역_2,632,271,361,5,131,131,154,132,79,4,37,66,61,62,41,1,94,65,93,70,38
2016_2,서울 강서구 발산역,722,439,283,6,140,227,160,128,61,1,55,133,116,92,42,5,85,94,44,36,19
2016_2,장한평역_1,2380,1541,839,6,174,453,447,439,861,1,56,240,308,302,634,5,118,213,139,137,227
2016_2,서울 중구 충무로역_1,3177,2208,969,27,548,1071,853,533,145,14,372,814,639,269,100,13,176,257,214,264,45
2016_2,장한평역,2290,1636,654,15,168,417,753,622,315,10,83,261,566,479,237,5,85,156,187,143,78
2016_2,서울 중구 명동역,3538,1815,1723,5,672,1697,807,246,111,0,199,834,537,161,84,5,473,863,270,85,27
2016_2,장충동 족발거리,202,96,106,0,34,62,48,30,28,0,10,36,29,10,11,0,24,26,19,20,17
2016_2,한양시장,265,122,143,2,55,58,60,57,33,0,23,31,25,24,19,2,32,27,35,33,14
2016_2,서울 서대문구 이대역,1193,469,724,18,261,287,285,201,141,5,59,110,124,86,85,13,202,177,161,115,56
2016_2,서울 서대문구 신촌역,2784,1133,1651,23,729,675,566,459,332,5,200,303,283,183,159,18,529,372,283,276,173
2016_2,서울 마포구 홍대입구역_3,613,483,130,1,62,160,179,137,74,0,33,111,141,126,72,1,29,49,38,11,2
2016_2,서울 마포구 홍대입구역_2,2969,1184,1785,18,1214,902,461,235,139,4,241,395,269,169,106,14,973,507,192,66,33
2016_2,홍익대학교 주변,15098,7653,7445,58,3589,5274,3279,1726,1172,25,1441,2670,1819,895,803,33,2148,2604,1460,831,369
2016_2,서울 광진구 군자역,173,102,71,1,22,60,51,26,13,0,7,40,36,15,4,1,15,20,15,11,9
2016_2,신촌역,234,117,117,0,47,71,44,46,26,0,18,37,24,22,16,0,29,34,20,24,10
2016_2,강서구청,3449,2238,1211,23,500,899,873,701,453,8,234,635,620,450,291,15,266,264,253,251,162
2016_2,서울 마포구 홍대입구역_1,761,428,333,4,206,248,173,75,55,1,90,127,112,54,44,3,116,121,61,21,11
2016_2,서울 강동구 고덕역,494,286,208,0,56,107,110,137,84,0,24,58,62,81,61,0,32,49,48,56,23
2016_2,서울 강동구 명일역,831,332,499,6,135,179,218,171,122,4,36,66,86,67,73,2,99,113,132,104,49
2016_2,어린이대공원역,137,97,40,0,22,42,38,25,10,0,12,31,29,17,8,0,10,11,9,8,2
2016_2,서울 마포구 공덕역_2,4006,2374,1632,16,559,1143,1195,853,240,4,199,687,819,533,132,12,360,456,376,320,108
2016_2,공덕역,6900,4303,2597,23,1424,2238,1945,1125,145,2,576,1166,1453,984,122,21,848,1072,492,141,23
2016_2,서울 용산구 숙대입구역,4381,3124,1257,54,939,1676,1101,490,121,0,472,1335,912,330,75,54,467,341,189,160,46
2016_2,남영역,14123,6269,7854,545,4953,4042,3042,1348,193,249,2174,2079,1277,374,116,296,2779,1963,1765,974,77
2016_2,서울 마포구 공덕역_1,4623,2285,2338,42,1201,1378,1190,635,177,24,531,765,586,261,118,18,670,613,604,374,59
2016_2,서울 마포구 마포역_2,1189,688,501,8,209,337,357,193,85,2,102,209,227,94,54,6,107,128,130,99,31
2016_2,서울 광진구 건대입구역_2,2799,1012,1787,6,853,1059,453,238,190,2,192,385,213,90,130,4,661,674,240,148,60
2016_2,서울 마포구 마포역_1,11310,6860,4450,28,1768,2914,2483,2435,1682,12,655,1845,1772,1448,1128,16,1113,1069,711,987,554
2016_2,서울 강동구 천호역_2,3917,1936,1981,19,640,906,869,720,763,8,253,455,427,304,489,11,387,451,442,416,274
2016_2,서울 광진구 건대입구역_1,934,468,466,5,216,231,232,137,113,1,72,128,115,76,76,4,144,103,117,61,37
2016_2,건대입구역,680,366,314,6,154,220,145,94,61,3,70,130,72,46,45,3,84,90,73,48,16
2016_2,서울 광진구 구의역,892,541,351,2,94,221,239,172,164,0,29,117,152,111,132,2,65,104,87,61,32
2016_2,서울 강동구 천호역,1001,471,530,2,173,248,228,185,165,0,43,105,121,97,105,2,130,143,107,88,60
2016_2,당산역_2,4872,3024,1848,12,500,649,761,1095,1855,9,345,497,469,563,1141,3,155,152,292,532,714
2016_2,서울 강동구 길동역,1287,771,516,0,151,318,367,283,168,0,58,184,256,160,113,0,93,134,111,123,55
2016_2,용산 전자상가_5,2352,1729,623,17,349,978,673,237,98,10,232,751,512,157,67,7,117,227,161,80,31
2016_2,당산역_1,1115,704,411,4,183,333,281,182,132,3,74,219,180,120,108,1,109,114,101,62,24
2016_2,서울 광진구 강변역,2149,1745,404,13,96,438,671,521,410,5,48,318,596,448,330,8,48,120,75,73,80
2016_2,용산 전자상가_3,2465,1790,675,16,321,866,724,337,201,11,190,640,531,266,152,5,131,226,193,71,49
2016_2,서울 용산구 이태원역,664,404,260,11,229,182,115,72,55,4,146,123,67,36,28,7,83,59,48,36,27
2016_2,한남오거리,660,339,321,2,109,164,127,150,108,0,34,94,67,70,74,2,75,70,60,80,34
2016_2,용산 전자상가_2,476,384,92,3,51,181,168,58,15,3,41,152,133,44,11,0,10,29,35,14,4
2016_2,용산구청,111,77,34,0,54,44,7,5,1,0,34,34,5,3,1,0,20,10,2,2,0
2016_2,용산 전자상가_1,8184,6283,1901,41,1197,2732,2525,1348,341,24,662,2068,2112,1166,251,17,535,664,413,182,90
2016_2,국회의사당역_2,39424,22686,16738,879,9307,13299,9038,5099,1802,402,3371,7487,6658,3631,1137,477,5936,5812,2380,1468,665
2016_2,서울 용산구 신용산역,421,189,232,0,50,66,109,121,75,0,27,39,41,46,36,0,23,27,68,75,39
2016_2,국회의사당역_1,5727,4405,1322,0,370,1299,1978,1939,141,0,160,801,1694,1623,127,0,210,498,284,316,14
2016_2,압구정 로데오거리_2,15390,6274,9116,116,5085,5584,2764,1221,620,20,1493,2546,1330,538,347,96,3592,3038,1434,683,273
2016_2,서울 강남구 압구정역,10297,4759,5538,351,3081,2884,1703,1270,1008,155,1081,1428,977,623,495,196,2000,1456,726,647,513
2016_2,서울 영등포구 영등포구청역,3709,1148,2561,8,1098,1526,751,259,67,0,169,516,275,132,56,8,929,1010,476,127,11
2016_2,압구정 로데오거리_1,7482,2458,5024,48,2814,2839,1135,410,236,12,659,918,522,208,139,36,2155,1921,613,202,97
2016_2,서울 강동구 둔촌동역,51,15,36,0,4,10,17,12,8,0,0,4,6,4,1,0,4,6,11,8,7
2016_2,오목교역,205,95,110,0,21,37,64,53,30,0,9,22,31,17,16,0,12,15,33,36,14
2016_2,신사동 가로수길,21557,9956,11601,89,6218,7226,4440,2331,1253,27,1601,3637,2586,1269,836,62,4617,3589,1854,1062,417
2016_2,서울 영등포구 여의도역_2,47838,31761,16077,117,6783,17815,15272,6103,1748,15,2745,10863,11938,5212,988,102,4038,6952,3334,891,760
2016_2,청담사거리_3,1396,477,919,4,546,514,212,77,43,0,119,179,113,34,32,4,427,335,99,43,11
2016_2,영등포유통상가,2089,1325,764,2,259,443,420,476,489,0,104,264,269,309,379,2,155,179,151,167,110
2016_2,청담역_2,1321,973,348,9,251,443,297,137,184,0,117,348,245,107,156,9,134,95,52,30,28
2016_2,청담역_1,183,144,39,0,24,62,61,25,11,0,14,47,55,20,8,0,10,15,6,5,3
2016_2,청담사거리_2,1021,789,232,1,174,368,381,75,22,0,99,287,333,55,15,1,75,81,48,20,7
2016_2,서울 영등포구 여의도역_1,53750,31826,21924,154,7064,15634,17457,10732,2709,32,2793,6817,11225,8987,1972,122,4271,8817,6232,1745,737
2016_2,학동사거리_2,2906,1637,1269,7,639,875,608,510,267,2,194,438,410,375,218,5,445,437,198,135,49
2016_2,서울 영등포구 영등포시장역,345,269,76,0,20,71,96,95,63,0,11,55,66,83,54,0,9,16,30,12,9
2016_2,학동사거리_1,3996,2033,1963,19,1007,1311,761,555,343,7,240,641,472,404,269,12,767,670,289,151,74
2016_2,여의도 시범아파트앞,2358,1498,860,5,294,594,647,493,325,4,129,376,438,339,212,1,165,218,209,154,113
2016_2,영등포역_3,866,523,343,3,141,253,196,181,92,0,40,156,129,132,66,3,101,97,67,49,26
2016_2,도산공원사거리_1,9853,5820,4033,27,2156,3450,2434,1247,539,13,811,2123,1631,849,393,14,1345,1327,803,398,146
2016_2,영등포역_2,1144,617,527,5,149,196,246,318,230,3,62,106,134,156,156,2,87,90,112,162,74
2016_2,문래동 주민센터,73,62,11,1,2,10,22,21,17,1,2,9,16,17,17,0,0,1,6,4,0
2016_2,강남구 신사역_2,7569,4927,2642,24,1549,3178,1925,660,233,2,629,2122,1487,512,175,22,920,1056,438,148,58
2016_2,서울 강남구 강남구청역_2,4207,2578,1629,41,1778,1214,777,305,92,20,928,765,597,210,58,21,850,449,180,95,34
2016_2,강남구 신사역_1,2543,1143,1400,2,721,1021,498,177,124,1,161,458,335,111,77,1,560,563,163,66,47
2016_2,서울 동작구 노량진1동_1,35,25,10,0,3,5,13,9,5,0,1,5,10,6,3,0,2,0,3,3,2
2016_2,서울 강남구 학동역_3,9168,5243,3925,29,1893,3230,2135,1188,693,6,617,1878,1509,768,465,23,1276,1352,626,420,228
2016_2,서울 강남구 강남구청역_1,3281,1934,1347,20,681,880,830,630,240,7,253,510,554,437,173,13,428,370,276,193,67
2016_2,잠실역,5769,4481,1288,13,663,2012,1807,955,319,4,304,1570,1558,790,255,9,359,442,249,165,64
2016_2,강남구 논현역_4,8954,4014,4940,28,2503,2891,2019,979,534,9,552,1399,1181,538,335,19,1951,1492,838,441,199
2016_2,학동역,1382,580,802,10,467,475,289,102,39,2,100,227,159,69,23,8,367,248,130,33,16
2016_2,방이동 먹자골목,5324,3410,1914,14,583,1421,1540,1201,565,7,277,933,1089,711,393,7,306,488,451,490,172
2016_2,서울 강남구 학동역_2,5416,2806,2610,19,1087,1771,1114,567,858,6,313,832,642,373,640,13,774,939,472,194,218
2016_2,서울 동작구 노량진역,3688,2139,1549,11,389,995,1008,959,326,7,144,453,607,696,232,4,245,542,401,263,94
2016_2,삼성역_3,8497,4889,3608,21,1721,3374,2156,950,275,5,429,1829,1650,791,185,16,1292,1545,506,159,90
2016_2,코엑스,20046,11439,8607,88,5057,6634,5194,2414,659,38,1590,3573,3832,1915,491,50,3467,3061,1362,499,168
2016_2,서울 강남구 학동역_1,5819,3549,2270,27,1231,1829,1372,817,543,14,555,1234,911,449,386,13,676,595,461,368,157
2016_2,선정릉역_2,6757,4307,2450,30,1422,2312,1619,916,458,3,496,1454,1229,745,380,27,926,858,390,171,78
2016_2,강남구 논현역_3,1443,825,618,4,236,470,344,288,101,1,90,303,215,152,64,3,146,167,129,136,37
2016_2,포스코사거리_2,7031,4529,2502,16,1259,3155,1706,612,283,9,468,2068,1334,446,204,7,791,1087,372,166,79
2016_2,포스코사거리_1,50503,33686,16817,121,10716,19744,13691,5024,1207,35,5470,13648,10251,3515,767,86,5246,6096,3440,1509,440
2016_2,잠실역 롯데월드,3211,1556,1655,101,1465,597,562,398,88,26,612,336,294,265,23,75,853,261,268,133,65
2016_2,신도림역,3695,1978,1717,3,787,1378,996,449,82,0,289,747,583,294,65,3,498,631,413,155,17
2016_2,강남구 논현역_2,8085,3879,4206,29,2264,2851,1577,861,503,11,656,1545,1033,402,232,18,1608,1306,544,459,271
2016_2,선정릉역_1,1691,1175,516,9,362,636,373,160,151,4,185,453,289,117,127,5,177,183,84,43,24
2016_2,신천역,6044,3337,2707,20,1146,1498,1453,993,934,5,456,816,795,575,690,15,690,682,658,418,244
2016_2,강남구 논현역_1,2919,1972,947,13,537,1075,729,348,217,5,252,725,571,256,163,8,285,350,158,92,54
2016_2,삼성역_2,17802,10478,7324,134,4821,6659,3799,1962,427,89,1900,4253,2684,1239,313,45,2921,2406,1115,723,114
2016_2,삼정역_2,2897,1333,1564,3,764,1034,480,349,267,2,199,475,285,213,159,1,565,559,195,136,108
2016_2,삼정역_1,2922,1585,1337,2,622,1014,630,326,328,0,161,536,444,205,239,2,461,478,186,121,89
2016_2,삼성역_1,28332,18672,9660,93,4107,8166,7224,4958,3784,39,1815,5646,5593,3208,2371,54,2292,2520,1631,1750,1413
2016_2,서울 강남구 선릉역_2,8118,5167,2951,47,1592,2420,2006,1256,797,22,702,1615,1507,842,479,25,890,805,499,414,318
2016_2,고속터미널역,15694,4794,10900,26,4911,5335,3471,1591,360,8,772,1663,1325,799,227,18,4139,3672,2146,792,133
2016_2,서울 서초구 강남역,34388,19466,14922,123,8247,11732,7466,4298,2522,75,3150,6962,4839,2758,1682,48,5097,4770,2627,1540,840
2016_2,서울 강남구 선릉역_1,19187,8328,10859,114,6897,5182,3323,2369,1302,50,2398,2915,1498,779,688,64,4499,2267,1825,1590,614
2016_2,선릉역_2,20136,10500,9636,60,5317,6481,4416,2452,1410,22,1756,3663,2789,1340,930,38,3561,2818,1627,1112,480
2016_2,서울 강남구 역삼역_2,27877,21730,6147,81,5672,10464,7697,3571,392,55,3230,8016,6794,3334,301,26,2442,2448,903,237,91
2016_2,서울 송파구 석촌역_1,40,29,11,1,2,11,15,10,1,0,0,10,10,8,1,1,2,1,5,2,0
2016_2,서울 강남구 강남역_2,5698,3455,2243,29,1316,2001,1280,765,307,16,477,1199,982,582,199,13,839,802,298,183,108
2016_2,선릉역_1,53428,28804,24624,212,10649,15770,15150,9304,2343,137,6361,10809,6537,3364,1596,75,4288,4961,8613,5940,747
2016_2,구로역,166,94,72,0,12,13,29,23,89,0,0,6,11,14,63,0,12,7,18,9,26
2016_2,역삼역_2,4539,2595,1944,26,1053,1568,1255,520,117,4,347,1054,806,311,73,22,706,514,449,209,44
2016_2,대림역_2,7108,5395,1713,20,1200,2060,1516,1298,1014,17,918,1814,1223,807,616,3,282,246,293,491,398
2016_2,서울 강남구 역삼역_1,26029,16394,9635,106,5334,10000,6460,2780,1349,50,2367,6530,4605,1873,969,56,2967,3470,1855,907,380
2016_2,신대방삼거리역,318,153,165,0,25,77,71,71,74,0,7,40,43,31,32,0,18,37,28,40,42
2016_2,서울 강남구 한티역,1294,472,822,16,297,353,322,196,110,0,71,130,132,78,61,16,226,223,190,118,49
2016_2,은마아파트입구사거리_4,88,53,35,0,18,18,33,15,4,0,9,15,18,7,4,0,9,3,15,8,0
2016_2,오류동역,1498,745,753,9,148,219,417,432,273,4,62,122,166,196,195,5,86,97,251,236,78
2016_2,서울 강남구 강남역,39309,18457,20852,68,8769,12888,9261,5833,2490,17,2420,6652,5962,2499,907,51,6349,6236,3299,3334,1583
2016_2,교대역_4,5523,3103,2420,24,1269,1704,1242,795,489,14,474,902,754,575,384,10,795,802,488,220,105
2016_2,서울 강남구 강남역_1,135251,99401,35850,510,30822,62306,32399,8223,991,369,15175,46093,29363,7664,737,141,15647,16213,3036,559,254
2016_2,방배동카페골목,111,46,65,0,21,14,32,21,23,0,10,6,19,2,9,0,11,8,13,19,14
2016_2,가락시장,16121,10273,5848,78,2638,4030,4153,3413,1809,37,1266,2781,2911,2027,1251,41,1372,1249,1242,1386,558
2016_2,교대역_3,4445,2739,1706,12,518,1272,1314,829,500,4,120,583,942,659,431,8,398,689,372,170,69
2016_2,역삼역_1,1900,995,905,11,505,524,398,266,196,1,109,290,279,182,134,10,396,234,119,84,62
2016_2,교대역_2,3480,2209,1271,9,542,1297,875,544,213,6,197,852,626,377,151,3,345,445,249,167,62
2016_2,서울 송파구 가락시장역,5463,3550,1913,17,779,1635,1447,962,623,9,381,1011,1006,657,486,8,398,624,441,305,137
2016_2,서울 서초구 서초역,11982,5047,6935,55,3956,3322,2662,1447,540,24,1325,1352,1130,787,429,31,2631,1970,1532,660,111
2016_2,서울 강남구 대치역_2,1459,885,574,1,167,551,496,153,91,0,41,300,363,101,80,1,126,251,133,52,11
2016_2,뱅뱅사거리_2,23947,15478,8469,332,4799,7245,6461,3460,1650,153,2390,4749,4602,2422,1162,179,2409,2496,1859,1038,488
2016_2,보라매공원,14120,8125,5995,37,2472,5384,3988,1542,697,20,1149,2897,2429,1116,514,17,1323,2487,1559,426,183
2016_2,교대역_1,12965,7837,5128,31,1994,4043,3628,2278,991,4,703,2400,2456,1515,759,27,1291,1643,1172,763,232
2016_2,개봉동 현대아파트 인근,155,71,84,0,6,28,42,54,25,0,2,7,18,31,13,0,4,21,24,23,12
2016_2,뱅뱅사거리,10344,7168,3176,20,3185,4312,1890,697,240,6,1869,3202,1428,485,178,14,1316,1110,462,212,62
2016_2,뱅뱅사거리_1,10136,7186,2950,16,1646,3238,2582,1718,936,3,894,2389,2048,1227,625,13,752,849,534,491,311
2016_2,서울 관악구 신림역_4,908,435,473,2,167,179,217,197,146,0,47,93,110,93,92,2,120,86,107,104,54
2016_2,동작구 총신대입구역_1,222,105,117,0,29,50,56,48,39,0,8,21,27,22,27,0,21,29,29,26,12
2016_2,양재역_3,3451,2396,1055,6,677,1151,880,476,261,0,418,767,644,357,210,6,259,384,236,119,51
2016_2,동작구 총신대입구역_2,855,371,484,6,294,212,164,106,73,0,74,111,86,46,54,6,220,101,78,60,19
2016_2,서울 서초구 남부터미널역_3,1627,934,693,12,260,480,449,264,162,3,85,264,311,160,111,9,175,216,138,104,51
2016_2,서울 강남구 수서역,19118,10909,8209,65,3042,6249,5283,2903,1576,31,1417,3738,2814,1635,1274,34,1625,2511,2469,1268,302
2016_2,서울 서초구 남부터미널역_2,11278,5503,5775,39,2470,3119,2911,1752,987,10,963,1709,1345,789,687,29,1507,1410,1566,963,300
2016_2,구로디지탈1단지,65663,42167,23496,284,14163,24930,16014,7003,3269,169,6717,16796,11253,4638,2594,115,7446,8134,4761,2365,675
2016_2,양재역,131,65,66,0,25,52,29,12,13,0,4,25,19,7,10,0,21,27,10,5,3
2016_2,매봉역,467,214,253,3,186,122,82,41,33,1,42,67,54,26,24,2,144,55,28,15,9
2016_2,서울 서초구 방배역,3751,2232,1519,40,943,965,622,489,692,10,358,583,417,316,548,30,585,382,205,173,144
2016_2,서울 서초구 남부터미널역_1,705,499,206,3,108,211,220,103,60,0,62,147,167,72,51,3,46,64,53,31,9
2016_2,서울 관악구 신림역_2,29,14,15,0,2,4,6,10,7,0,1,4,2,4,3,0,1,0,4,6,4
2016_2,서울 관악구 신림역_1,2031,937,1094,17,334,379,361,428,512,5,139,184,153,186,270,12,195,195,208,242,242
2016_2,양재역_2,8514,4724,3790,63,1842,3191,2075,918,425,21,758,1905,1303,456,281,42,1084,1286,772,462,144
2016_2,양재역_1,1015,711,304,1,114,252,252,261,135,0,50,134,161,235,131,1,64,118,91,26,4
2016_2,서울 관악구 서울대입구역_2,41,4,37,1,18,6,3,12,1,0,1,1,1,1,0,1,17,5,2,11,1
2016_2,가산디지털단지역_3,31705,19052,12653,137,6425,10755,8230,4371,1787,78,2961,6897,5378,2458,1280,59,3464,3858,2852,1913,507
2016_2,구로디지털단지역,1970,1281,689,11,402,661,481,288,127,6,192,437,340,205,101,5,210,224,141,83,26
2016_2,서울 관악구 서울대입구역_1,1989,862,1127,8,342,451,545,329,314,1,80,179,254,150,198,7,262,272,291,179,116
2016_2,관악구 사당역_1,3906,1662,2244,15,379,632,1175,1136,569,13,193,349,354,300,453,2,186,283,821,836,116
2016_2,가산디지털단지역_2,62635,37372,25263,2292,19203,19600,12861,5601,3078,988,8926,12713,8935,3419,2391,1304,10277,6887,3926,2182,687
2016_2,관악구 사당역_2,366,193,173,3,65,98,97,69,34,0,22,50,54,43,24,3,43,48,43,26,10
2016_2,가산디지털단지역_1,25352,17226,8126,114,4263,7746,6412,4029,2788,54,2255,5606,4657,2679,1975,60,2008,2140,1755,1350,813
2016_2,장지역,4269,2696,1573,15,635,1319,1161,724,415,5,314,826,789,446,316,10,321,493,372,278,99
2016_2,포이사거리_1,5742,3131,2611,27,795,1769,1862,1025,264,3,454,1158,892,456,168,24,341,611,970,569,96
2016_2,포이사거리_2,7962,5385,2577,25,982,2361,2477,1543,574,18,505,1527,1759,1147,429,7,477,834,718,396,145
2016_2,서울 관악구 대학동_1,86,51,35,1,16,20,26,12,11,0,7,12,17,6,9,1,9,8,9,6,2
2016_2,서울 금천구 독산1동_1,3069,2113,956,5,405,741,797,704,417,4,206,487,554,505,357,1,199,254,243,199,60
2016_2,양재 화물트럭터미널앞_2,232,128,104,0,44,82,60,29,17,0,26,27,39,23,13,0,18,55,21,6,4
2016_2,양재 화물트럭터미널앞_1,4230,3308,922,45,912,1377,893,674,329,13,561,1099,741,590,304,32,351,278,152,84,25
2016_2,서울 금천구 시흥1동_4,922,471,451,2,149,162,206,235,168,1,51,82,104,129,104,1,98,80,102,106,64
2016_2,풍성로37가길,40,18,22,0,1,9,13,11,6,0,1,4,8,2,3,0,0,5,5,9,3
2016_2,천호옛길,579,387,192,1,99,147,142,101,89,0,61,101,97,65,63,1,38,46,45,36,26
2016_2,천호옛14길,621,303,318,4,120,133,157,132,75,1,51,68,81,57,45,3,69,65,76,75,30
2016_2,천호대로219길,919,543,376,3,61,169,256,330,100,3,28,104,144,195,69,0,33,65,112,135,31
2016_2,천호대로197길,19,4,15,0,1,4,9,4,1,0,0,1,2,1,0,0,1,3,7,3,1
2016_2,천호대로187길,866,506,360,2,81,209,241,184,149,1,32,136,137,111,89,1,49,73,104,73,60
2016_2,천호대로170길,404,165,239,1,39,76,120,121,47,0,23,54,39,29,20,1,16,22,81,92,27
2016_2,천호대로162길,1214,858,356,0,155,357,279,212,211,0,93,274,216,150,125,0,62,83,63,62,86
2016_2,천중로51길,432,233,199,1,49,112,130,84,56,0,23,64,67,40,39,1,26,48,63,44,17
2016_2,천중로39길,582,210,372,0,49,91,116,159,167,0,9,41,35,58,67,0,40,50,81,101,100
2016_2,진황도로47길,1154,580,574,1,132,188,243,305,285,1,80,116,122,93,168,0,52,72,121,212,117
2016_2,진황도로27길,471,285,186,0,57,132,134,110,38,0,27,94,77,62,25,0,30,38,57,48,13
2016_2,올림픽로98길,47,23,24,0,3,14,9,16,5,0,2,8,4,6,3,0,1,6,5,10,2
2016_2,올림픽로80길,2,1,1,0,0,0,1,1,0,0,0,0,0,1,0,0,0,0,1,0,0
2016_2,올림픽로77길,9,5,4,0,1,4,3,0,1,0,0,2,2,0,1,0,1,2,1,0,0
2016_2,올림픽로71길,424,318,106,0,40,117,111,109,47,0,24,90,83,83,38,0,16,27,28,26,9
2016_2,올림픽로48길,5694,3495,2199,6,554,1354,1398,1223,1159,2,242,714,798,854,885,4,312,640,600,369,274
2016_2,양재대로96길,1374,833,541,1,104,220,284,430,335,0,49,128,164,260,232,1,55,92,120,170,103
2016_2,양재대로95길,647,353,294,1,99,152,165,154,76,1,56,80,91,77,48,0,43,72,74,77,28
2016_2,양재대로91길,1128,621,507,3,138,232,258,236,261,1,54,142,155,123,146,2,84,90,103,113,115
2016_2,양재대로133길,317,118,199,0,44,70,64,99,40,0,13,32,30,28,15,0,31,38,34,71,25
2016_2,양재대로124길,606,370,236,0,70,167,124,124,121,0,26,113,83,62,86,0,44,54,41,62,35
2016_2,양재대로116길,219,89,130,0,28,48,71,51,21,0,11,19,28,20,11,0,17,29,43,31,10
2016_2,양재대로101길,1197,688,509,1,147,261,281,257,250,1,44,132,163,151,197,0,103,129,118,106,53
2016_2,암사길,361,166,195,0,30,122,106,76,27,0,9,54,49,37,17,0,21,68,57,39,10
2016_2,성안로3길,1519,945,574,5,223,346,432,358,155,4,102,203,276,232,128,1,121,143,156,126,27
2016_2,성내로5길,1081,569,512,0,173,281,319,241,67,0,64,146,166,141,52,0,109,135,153,100,15
2016_2,상일로5길,61,34,27,1,7,6,24,16,7,1,3,5,10,11,4,0,4,1,14,5,3
2016_2,상암로5길,482,207,275,1,86,113,136,93,53,1,18,54,60,44,30,0,68,59,76,49,23
2016_2,상암로51길,751,328,423,7,142,164,178,159,101,5,37,79,86,66,55,2,105,85,92,93,46
2016_2,상암로4길,265,211,54,2,73,81,54,42,13,1,57,61,49,34,9,1,16,20,5,8,4
2016_2,상암로14길,427,268,159,0,46,110,135,86,50,0,19,61,90,57,41,0,27,49,45,29,9
2016_2,명일로13길,121,49,72,0,9,27,22,58,5,0,3,8,6,30,2,0,6,19,16,28,3
2016_2,동남로85길,120,61,59,0,11,27,32,29,21,0,7,17,17,10,10,0,4,10,15,19,11
2016_2,동남로82길,7,3,4,0,0,1,4,2,0,0,0,0,2,1,0,0,0,1,2,1,0
2016_2,동남로65길,97,34,63,0,9,14,26,29,19,0,3,4,9,13,5,0,6,10,17,16,14
2016_2,구천면로42길,393,197,196,2,52,90,109,79,61,0,16,50,58,36,37,2,36,40,51,43,24
2016_2,구천면로41길,604,256,348,1,82,166,161,135,59,1,17,76,77,56,29,0,65,90,84,79,30
2016_2,구천면로36길,71,43,28,0,4,19,22,16,10,0,0,16,10,8,9,0,4,3,12,8,1
2016_2,고덕로25길,14,11,3,0,2,4,4,1,3,0,2,4,2,0,3,0,0,0,2,1,0
2016_2,고덕로10길,198,94,104,2,23,47,49,57,20,1,13,25,22,21,12,1,10,22,27,36,8
2016_2,강동대로53길,913,504,409,2,166,244,237,195,69,1,67,152,126,109,49,1,99,92,111,86,20
2016_2,풍성로25길,768,286,482,2,111,200,200,161,94,0,32,82,66,58,48,2,79,118,134,103,46
2016_2,오금로46길,1362,697,665,6,196,397,348,301,114,1,68,206,182,165,75,5,128,191,166,136,39
2016_2,오금로36길,1366,1044,322,6,170,443,460,223,64,2,91,327,386,183,55,4,79,116,74,40,9
2016_2,오금로11길,2199,1417,782,11,282,600,502,447,357,9,142,358,345,286,277,2,140,242,157,161,80
2016_2,양재대로72길,715,408,307,1,98,176,194,166,80,1,43,102,98,96,68,0,55,74,96,70,12
2016_2,양재대로71길,1273,766,507,3,226,363,290,235,156,3,73,213,204,157,116,0,153,150,86,78,40
2016_2,양재대로64길,1539,621,918,5,412,586,332,145,59,1,85,208,194,93,40,4,327,378,138,52,19
2016_2,양재대로62길,6359,3876,2483,6,225,484,628,966,4050,4,105,313,381,453,2620,2,120,171,247,513,1430
2016_2,송파대로30길,1712,1098,614,4,253,423,453,383,196,3,133,295,313,224,130,1,120,128,140,159,66
2016_2,송이로36길,1992,1427,565,12,361,425,505,443,246,6,240,288,360,332,201,6,121,137,145,111,45
2016_2,송이로32길,784,432,352,0,81,169,216,212,106,0,33,96,119,115,69,0,48,73,97,97,37
2016_2,송이로23길,1236,759,477,1,127,270,280,286,272,1,50,155,154,188,211,0,77,115,126,98,61
2016_2,삼전로13길,1647,841,806,2,216,380,383,346,320,1,69,189,180,186,216,1,147,191,203,160,104
2016_2,백제고분로50길,3316,1663,1653,15,489,612,773,980,447,7,217,413,439,382,205,8,272,199,334,598,242
2016_2,백제고분로46길,1777,1145,632,3,235,400,447,364,328,1,121,251,295,230,247,2,114,149,152,134,81
2016_2,백제고분로45길,522,333,189,3,65,126,135,128,65,3,40,80,81,86,43,0,25,46,54,42,22
2016_2,백제고분로42길,137,78,59,0,17,32,45,35,8,0,9,17,21,24,7,0,8,15,24,11,1
2016_2,백제고분로39길,1517,1076,441,4,312,692,301,140,68,2,173,604,193,68,36,2,139,88,108,72,32
2016_2,백제고분로34길,1708,1117,591,1,207,389,485,319,307,1,107,265,322,203,219,0,100,124,163,116,88
2016_2,백제고분로33길,845,534,311,0,90,215,254,186,100,0,42,114,171,125,82,0,48,101,83,61,18
2016_2,백제고분로32길,1074,450,624,5,137,237,289,291,115,4,35,110,125,103,73,1,102,127,164,188,42
2016_2,백제고분로31길,343,224,119,0,23,75,109,96,40,0,13,51,71,61,28,0,10,24,38,35,12
2016_2,백제고분로22길,1064,638,426,3,113,220,298,273,157,1,32,137,183,159,126,2,81,83,115,114,31
2016_2,백제고분로21길,195,137,58,0,30,44,51,39,31,0,13,31,33,31,29,0,17,13,18,8,2
2016_2,마천로51길,132,57,75,0,17,29,34,38,14,0,8,13,13,11,12,0,9,16,21,27,2
2016_2,동남로20길,163,97,66,1,13,36,53,46,14,1,7,20,34,27,8,0,6,16,19,19,6
2016_2,거마로20길,429,196,233,0,74,142,118,70,25,0,25,65,58,36,12,0,49,77,60,34,13
2016_2,학동로77길,2909,1526,1383,2,282,734,674,755,462,1,75,282,305,530,333,1,207,452,369,225,129
2016_2,학동로6길,1873,944,929,3,348,564,495,333,130,2,134,333,280,120,75,1,214,231,215,213,55
2016_2,학동로56길,963,537,426,3,115,262,249,235,99,0,39,124,132,160,82,3,76,138,117,75,17
2016_2,학동로38길,6427,4169,2258,25,1451,1821,1507,942,681,11,666,1191,1087,725,489,14,785,630,420,217,192
2016_2,테헤란로81길,606,227,379,8,291,205,62,22,18,2,96,81,20,14,14,6,195,124,42,8,4
2016_2,일원로9길,528,289,239,0,45,84,115,148,136,0,21,49,58,76,85,0,24,35,57,72,51
2016_2,일원로3길,213,105,108,0,25,45,61,54,28,0,12,32,37,17,7,0,13,13,24,37,21
2016_2,영동대로65길,3111,1826,1285,7,563,1150,769,375,247,5,230,705,528,204,154,2,333,445,241,171,93
2016_2,영동대로112길,727,479,248,5,139,257,176,95,55,1,75,179,137,55,32,4,64,78,39,40,23
2016_2,언주로81길,9018,4188,4830,26,3056,2944,1863,740,389,7,765,1538,1126,481,271,19,2291,1406,737,259,118
2016_2,압구정로2길,2656,1413,1243,20,622,916,617,308,173,7,229,518,375,156,128,13,393,398,242,152,45
2016_2,선릉로18길,441,245,196,0,38,88,103,117,95,0,13,53,57,64,58,0,25,35,46,53,37
2016_2,선릉로146길,1877,990,887,3,420,733,438,181,102,1,154,405,280,98,52,2,266,328,158,83,50
2016_2,선릉로133길,178,101,77,0,26,53,36,31,32,0,11,32,17,16,25,0,15,21,19,15,7
2016_2,선릉로132길,1069,569,500,3,157,304,216,206,183,1,35,137,121,136,139,2,122,167,95,70,44
2016_2,선릉로121길,1668,900,768,4,418,595,393,181,77,2,154,340,231,113,60,2,264,255,162,68,17
2016_2,삼성로75길,2587,1405,1182,12,603,778,542,390,262,4,172,421,350,268,190,8,431,357,192,122,72
2016_2,삼성로69길,316,156,160,0,78,102,74,53,9,0,22,54,41,31,8,0,56,48,33,22,1
2016_2,삼성로64길,591,282,309,6,122,208,128,86,41,3,33,107,77,42,20,3,89,101,51,44,21
2016_2,삼성로63길,144,68,76,0,18,30,49,36,11,0,2,13,27,19,7,0,16,17,22,17,4
2016_2,삼성로57길,905,289,616,2,153,314,239,130,67,1,43,79,82,43,41,1,110,235,157,87,26
2016_2,삼성로147길,813,341,472,0,238,246,160,115,54,0,60,103,71,71,36,0,178,143,89,44,18
2016_2,삼성로115길,258,163,95,0,57,79,60,35,27,0,25,59,42,21,16,0,32,20,18,14,11
2016_2,봉은사로68길,273,140,133,0,82,97,55,25,14,0,23,54,37,19,7,0,59,43,18,6,7
2016_2,봉은사로57길,664,459,205,2,153,211,162,84,52,0,70,140,130,70,49,2,83,71,32,14,3
2016_2,봉은사로43길,1041,710,331,20,244,352,269,97,59,19,137,242,206,68,38,1,107,110,63,29,21
2016_2,봉은사로29길,133,89,44,1,32,43,26,22,9,1,15,31,22,15,5,0,17,12,4,7,4
2016_2,봉은사로109길,308,165,143,1,60,90,70,48,39,0,17,49,44,28,27,1,43,41,26,20,12
2016_2,도산대로89길,2682,1022,1660,26,756,1027,511,251,111,2,189,374,258,126,73,24,567,653,253,125,38
2016_2,도산대로81길,4615,1460,3155,33,1642,1462,1017,288,173,3,416,522,309,113,97,30,1226,940,708,175,76
2016_2,도산대로50길,2783,1921,862,3,278,506,615,762,619,0,151,398,535,556,281,3,127,108,80,206,338
2016_2,도산대로38길,169,91,78,4,41,46,43,22,13,1,12,29,27,16,6,3,29,17,16,6,7
2016_2,도산대로30길,2822,1293,1529,9,786,1040,588,295,104,2,271,488,310,148,74,7,515,552,278,147,30
2016_2,도산대로23길,1630,954,676,4,542,487,279,162,156,1,202,304,183,133,131,3,340,183,96,29,25
2016_2,도산대로15길,1746,803,943,4,535,653,336,141,77,2,184,319,177,79,42,2,351,334,159,62,35
2016_2,도곡로37길,3317,2176,1141,6,582,1142,902,461,224,3,256,751,658,335,173,3,326,391,244,126,51
2016_2,논현로8길,757,412,345,7,137,214,195,149,55,4,61,144,96,65,42,3,76,70,99,84,13
2016_2,논현로63길,10414,3017,7397,73,1610,2112,4450,1946,223,34,661,862,739,532,189,39,949,1250,3711,1414,34
2016_2,논현로28길,11409,8220,3189,50,2280,4680,2746,1131,522,22,1210,3264,2294,968,462,28,1070,1416,452,163,60
2016_2,논현로26길,6914,4249,2665,27,1024,1729,1307,936,1891,17,524,1301,1008,565,834,10,500,428,299,371,1057
2016_2,논현로139길,2484,1249,1235,10,710,871,460,232,201,1,206,463,298,125,156,9,504,408,162,107,45
2016_2,논현로123길,94,58,36,1,18,23,25,21,6,1,9,17,16,11,4,0,9,6,9,10,2
2016_2,논현로115길,2727,1437,1290,4,653,1058,607,223,182,2,218,535,430,136,116,2,435,523,177,87,66
2016_2,논현로10길,2586,1706,880,11,228,624,675,594,454,5,115,434,449,364,339,6,113,190,226,230,115
2016_2,논현로106길,2706,1568,1138,3,432,682,729,510,350,2,169,450,459,249,239,1,263,232,270,261,111
2016_2,남부순환로365길,179,125,54,0,34,40,58,28,19,0,17,28,44,22,14,0,17,12,14,6,5
2016_2,개포로28길,285,211,74,1,36,90,74,57,27,0,18,74,57,42,20,1,18,16,17,15,7
2016_2,개포로20길,4155,2340,1815,17,648,1023,1138,858,471,11,227,602,639,490,371,6,421,421,499,368,100
2016_2,개포로17길,2693,1748,945,5,354,795,747,531,261,2,169,510,508,355,204,3,185,285,239,176,57
2016_2,강남대로140길,4658,2553,2105,8,920,1359,950,926,495,2,296,736,603,525,391,6,624,623,347,401,104
2016_2,강남대로136길,1232,692,540,4,255,488,290,102,93,0,82,292,190,64,64,4,173,196,100,38,29
2016_2,강남대로118길,588,324,264,2,81,170,129,72,134,0,23,90,83,36,92,2,58,80,46,36,42
2016_2,서초중앙로8길,5709,4262,1447,15,933,1974,1499,950,338,10,518,1441,1250,770,273,5,415,533,249,180,65
2016_2,방배중앙로21길,2175,687,1488,3,269,300,566,758,279,0,87,146,173,149,132,3,182,154,393,609,147
2016_2,효령로72길,215,126,89,4,41,41,58,44,27,2,6,28,42,27,21,2,35,13,16,17,6
2016_2,효령로34길,20,17,3,0,0,4,5,9,2,0,0,3,5,7,2,0,0,1,0,2,0
2016_2,효령로31길,1487,868,619,8,289,475,397,212,106,5,82,295,268,141,77,3,207,180,129,71,29
2016_2,효령로23길,714,419,295,2,138,170,200,132,72,0,54,104,129,73,59,2,84,66,71,59,13
2016_2,청두곶길,1955,1286,669,42,468,552,504,284,105,14,260,412,321,204,75,28,208,140,183,80,30
2016_2,주흥길,325,208,117,2,53,119,86,50,15,1,28,61,67,38,13,1,25,58,19,12,2
2016_2,주흥15길,1681,1092,589,8,320,513,335,232,273,2,156,351,257,160,166,6,164,162,78,72,107
2016_2,언남길,1984,1453,531,2,248,728,580,283,143,0,147,550,429,204,123,2,101,178,151,79,20
2016_2,신반포로45길,403,267,136,1,71,99,76,64,92,1,31,66,56,51,62,0,40,33,20,13,30
2016_2,서초대로8길,335,211,124,0,45,90,108,60,32,0,26,59,62,42,22,0,19,31,46,18,10
2016_2,서초대로64길,487,346,141,0,76,119,140,95,57,0,36,79,111,75,45,0,40,40,29,20,12
2016_2,서초대로4길,612,433,179,0,63,155,133,103,158,0,40,107,103,58,125,0,23,48,30,45,33
2016_2,서초대로25길,3372,2037,1335,27,692,1092,822,529,210,7,291,664,558,359,158,20,401,428,264,170,52
2016_2,서초대로23길,515,307,208,1,64,150,132,53,115,0,24,95,77,32,79,1,40,55,55,21,36
2016_2,서초대로15길,1241,586,655,5,160,365,345,222,144,0,53,178,152,102,101,5,107,187,193,120,43
2016_2,사평대로57길,174,65,109,0,38,65,35,23,13,0,12,22,17,14,0,0,26,43,18,9,13
2016_2,사평대로26길,17,12,5,0,1,2,7,3,4,0,1,2,4,3,2,0,0,0,3,0,2
2016_2,사평대로22길,1437,866,571,2,360,404,346,221,104,2,170,271,241,133,49,0,190,133,105,88,55
2016_2,사임당로17길,1735,1118,617,4,300,559,460,268,144,2,115,369,311,206,115,2,185,190,149,62,29
2016_2,방배로42길,164,83,81,5,41,36,35,19,28,5,8,15,24,11,20,0,33,21,11,8,8
2016_2,방배로35길,2444,1537,907,7,447,649,535,404,402,3,217,419,342,259,297,4,230,230,193,145,105
2016_2,방배로18길,89,47,42,0,20,24,24,8,13,0,11,9,16,2,9,0,9,15,8,6,4
2016_2,반포대로9길,707,461,246,8,127,198,204,101,69,4,65,136,143,64,49,4,62,62,61,37,20
2016_2,바우뫼로39길,2074,1304,770,4,250,657,517,305,341,2,113,410,345,201,233,2,137,247,172,104,108
2016_2,마방로2길,3901,2503,1398,16,619,1147,1046,821,252,5,274,766,743,531,184,11,345,381,303,290,68
2016_2,방배천로4안길,1268,796,472,3,141,297,375,326,126,0,57,187,270,214,68,3,84,110,105,112,58
2016_2,동산로19길,1325,887,438,3,133,419,390,235,145,0,64,292,264,170,97,3,69,127,126,65,48
2016_2,동산로10길,2542,1320,1222,12,301,542,637,652,398,7,142,338,306,296,231,5,159,204,331,356,167
2016_2,동광로39길,44,25,19,0,6,6,16,7,9,0,1,5,8,5,6,0,5,1,8,2,3
2016_2,동광로1길,1203,722,481,1,167,312,336,220,167,0,63,205,223,128,103,1,104,107,113,92,64
2016_2,동광로12길,808,543,265,3,99,208,243,164,91,2,44,135,171,122,69,1,55,73,72,42,22
2016_2,논현로27길,3645,2610,1035,13,560,1001,1036,681,354,5,287,665,798,561,294,8,273,336,238,120,60
2016_2,논현로1길,630,403,227,1,100,181,161,119,68,0,54,133,119,62,35,1,46,48,42,57,33
2016_2,남부순환로339길,12012,5296,6716,72,3679,2666,2642,2082,871,29,1510,1556,1013,640,548,43,2169,1110,1629,1442,323
2016_2,남부순환로325길,7827,3987,3840,43,1247,2772,2023,1252,490,19,426,1323,1150,694,375,24,821,1449,873,558,115
2016_2,남부순환로317길,1509,1051,458,4,314,619,306,155,111,4,145,470,235,123,74,0,169,149,71,32,37
2016_2,고무래로8길,6926,3725,3201,14,902,2076,1786,1110,1038,5,276,1022,1070,713,639,9,626,1054,716,397,399
2016_2,강남대로8길,3167,2154,1013,8,353,889,970,633,314,4,204,614,711,403,218,4,149,275,259,230,96
2016_2,강남대로34길,995,656,339,0,186,381,251,105,72,0,98,256,171,70,61,0,88,125,80,35,11
2016_2,강남대로23길,5889,4134,1755,16,929,1679,1419,1183,663,11,553,1249,1095,782,444,5,376,430,324,401,219
2016_2,소담길,23,5,18,0,3,7,2,8,3,0,0,1,0,2,2,0,3,6,2,6,1
2016_2,원신길,307,116,191,0,55,90,51,70,41,0,7,40,21,29,19,0,48,50,30,41,22
2016_2,양산길,424,297,127,0,31,44,73,119,157,0,6,21,49,86,135,0,25,23,24,33,22
2016_2,호암로24길,660,260,400,2,77,124,149,184,124,2,25,73,61,40,59,0,52,51,88,144,65
2016_2,호암로20길,40,28,12,0,3,9,7,13,8,0,2,8,5,6,7,0,1,1,2,7,1
2016_2,행운길,19,3,16,0,3,1,8,5,2,0,1,0,1,0,1,0,2,1,7,5,1
2016_2,행운1길,99,59,40,0,6,26,30,19,18,0,1,14,19,9,16,0,5,12,11,10,2
2016_2,청림3길,72,35,37,1,12,18,22,12,7,0,2,13,11,5,4,1,10,5,11,7,3
2016_2,청룡길,175,119,56,1,40,59,40,22,13,1,21,40,32,16,9,0,19,19,8,6,4
2016_2,청룡8길,35,15,20,0,1,8,8,11,7,0,1,3,4,4,3,0,0,5,4,7,4
2016_2,중앙길,283,101,182,0,35,58,73,69,48,0,2,19,34,24,22,0,33,39,39,45,26
2016_2,조원중앙로2길,1135,779,356,0,140,291,311,302,91,0,86,190,222,218,63,0,54,101,89,84,28
2016_2,조원로18길,1087,553,534,1,124,239,293,258,172,1,38,138,149,130,97,0,86,101,144,128,75
2016_2,조원로10길,263,122,141,0,44,49,58,63,49,0,14,24,20,31,33,0,30,25,38,32,16
2016_2,장군봉2길,295,128,167,0,27,70,88,77,33,0,9,21,36,40,22,0,18,49,52,37,11
2016_2,장군봉1길,91,14,77,0,8,35,27,17,4,0,1,4,2,5,2,0,7,31,25,12,2
2016_2,인헌길,84,39,45,0,13,13,24,19,15,0,4,8,10,6,11,0,9,5,14,13,4
2016_2,은천로25길,268,81,187,1,46,79,61,44,37,0,2,23,20,17,19,1,44,56,41,27,18
2016_2,양녕로6길,833,502,331,0,106,209,218,175,125,0,49,123,137,117,76,0,57,86,81,58,49
2016_2,신원로3길,33,22,11,0,2,8,10,2,11,0,1,5,8,0,8,0,1,3,2,2,3
2016_2,신사로20길,57,29,28,0,14,9,18,11,5,0,4,5,11,6,3,0,10,4,7,5,2
2016_2,신림로64길,207,112,95,2,28,59,69,37,12,1,20,29,36,18,8,1,8,30,33,19,4
2016_2,신림로48길,74,36,38,0,9,13,26,17,9,0,0,5,16,7,8,0,9,8,10,10,1
2016_2,신림로38길,56,30,26,0,8,14,16,11,7,0,4,9,7,7,3,0,4,5,9,4,4
2016_2,신림로28길,327,221,106,2,18,46,85,104,72,0,2,18,52,83,66,2,16,28,33,21,6
2016_2,신림로11길,453,412,41,0,15,25,148,198,67,0,10,19,141,179,63,0,5,6,7,19,4
2016_2,신림동길,344,198,146,1,42,87,92,74,48,0,21,61,54,35,27,1,21,26,38,39,21
2016_2,승방길,553,360,193,1,72,189,166,83,42,0,34,145,112,40,29,1,38,44,54,43,13
2016_2,서림7길,267,100,167,0,23,70,77,76,21,0,7,31,24,29,9,0,16,39,53,47,12
2016_2,봉천로33길,370,236,134,6,44,69,92,85,74,5,23,45,59,55,49,1,21,24,33,30,25
2016_2,봉천로13길,294,86,208,1,21,59,81,98,34,1,1,21,22,30,11,0,20,38,59,68,23
2016_2,복은길,188,69,119,1,18,31,49,54,35,1,5,13,24,17,9,0,13,18,25,37,26
2016_2,법원단지길,2,1,1,0,0,0,1,1,0,0,0,0,0,1,0,0,0,0,1,0,0
2016_2,법원단지9길,91,35,56,0,18,20,21,24,8,0,1,15,6,7,6,0,17,5,15,17,2
2016_2,미성5길,62,36,26,0,6,4,13,21,18,0,0,1,6,12,17,0,6,3,7,9,1
2016_2,대학길,79,34,45,1,8,26,16,22,6,0,3,12,7,10,2,1,5,14,9,12,4
2016_2,대학14길,12,2,10,0,0,1,2,2,7,0,0,1,1,0,0,0,0,0,1,2,7
2016_2,당곡길,340,157,183,1,31,68,115,67,58,0,10,30,49,25,43,1,21,38,66,42,15
2016_2,남현길,237,87,150,1,36,78,56,50,16,0,13,27,23,14,10,1,23,51,33,36,6
2016_2,남현3길,455,274,181,0,59,75,109,130,82,0,18,32,69,94,61,0,41,43,40,36,21
2016_2,남현2길,1,0,1,0,0,0,1,0,0,0,0,0,0,0,0,0,0,0,1,0,0
2016_2,남부순환로248길,268,140,128,0,33,78,73,65,19,0,11,44,31,41,13,0,22,34,42,24,6
2016_2,남부순환로234길,125,81,44,0,8,32,40,28,17,0,3,25,25,19,9,0,5,7,15,9,8
2016_2,남부순환로172길,1670,917,753,2,193,270,390,449,366,1,52,147,220,265,232,1,141,123,170,184,134
2016_2,남부순환로161길,19,5,14,0,1,4,9,5,0,0,1,0,2,2,0,0,0,4,7,3,0
2016_2,남부순환로151길,109,63,46,0,9,18,31,26,25,0,4,12,17,13,17,0,5,6,14,13,8
2016_2,남부순환로142길,69,32,37,0,10,10,19,17,13,0,1,4,9,11,7,0,9,6,10,6,6
2016_2,난향길,174,50,124,0,16,51,58,28,21,0,4,10,22,3,11,0,12,41,36,25,10
2016_2,난우길,421,178,243,1,26,73,102,115,104,1,6,24,51,48,48,0,20,49,51,67,56
2016_2,난곡로74길,151,63,88,0,44,35,30,23,19,0,15,14,17,8,9,0,29,21,13,15,10
2016_2,난곡로34길,24,7,17,0,7,3,6,6,2,0,0,0,3,3,1,0,7,3,3,3,1
2016_2,난곡로26길,112,43,69,0,7,21,43,34,7,0,3,8,12,15,5,0,4,13,31,19,2
2016_2,난곡로24길,36,15,21,0,3,5,13,9,6,0,1,1,5,6,2,0,2,4,8,3,4
2016_2,낙성대역길,738,474,264,2,61,103,151,219,202,2,19,51,77,151,174,0,42,52,74,68,28
2016_2,국회단지길,548,242,306,3,106,133,139,107,60,0,20,70,81,45,26,3,86,63,58,62,34
2016_2,구암길,81,32,49,0,8,15,31,14,13,0,3,7,10,4,8,0,5,8,21,10,5
2016_2,관천로22길,21,10,11,0,1,5,8,5,2,0,0,4,4,0,2,0,1,1,4,5,0
2016_2,관천로15길,149,82,67,0,21,33,41,34,20,0,6,18,21,19,18,0,15,15,20,15,2
2016_2,관악로30길,179,65,114,0,25,33,47,50,24,0,7,17,13,16,12,0,18,16,34,34,12
2016_2,관악로28길,144,73,71,0,19,21,40,25,39,0,6,7,12,13,35,0,13,14,28,12,4
2016_2,관악로14길,407,216,191,4,70,101,79,67,86,1,15,64,41,35,60,3,55,37,38,32,26
2016_2,관악로10길,230,157,73,0,25,57,68,46,34,0,18,40,47,31,21,0,7,17,21,15,13
2016_2,흑석로9길,198,82,116,0,49,39,47,42,21,0,17,20,21,17,7,0,32,19,26,25,14
2016_2,흑석로13길,138,18,120,0,41,45,26,18,8,0,2,7,6,2,1,0,39,38,20,16,7
2016_2,장승배기로27길,41,19,22,0,4,7,10,13,7,0,1,1,5,8,4,0,3,6,5,5,3
2016_2,장승배기로19길,9,5,4,0,1,1,3,1,3,0,0,0,2,1,2,0,1,1,1,0,1
2016_2,여의대방로46길,411,137,274,1,63,117,118,78,34,0,11,40,30,31,25,1,52,77,88,47,9
2016_2,여의대방로24길,16038,7509,8529,125,2415,2722,3378,4721,2677,53,1610,1969,1314,1484,1079,72,805,753,2064,3237,1598
2016_2,여의대방로22카길,290,118,172,0,32,58,86,82,32,0,10,43,33,20,12,0,22,15,53,62,20
2016_2,여의대방로22나길,128,49,79,0,13,36,32,36,11,0,5,11,13,12,8,0,8,25,19,24,3
2016_2,여의대방로22길,202,114,88,0,23,50,46,58,25,0,13,31,27,28,15,0,10,19,19,30,10
2016_2,양녕로26길,132,63,69,0,17,22,35,34,24,0,3,10,16,17,17,0,14,12,19,17,7
2016_2,신대방길,109,73,36,0,7,29,31,26,16,0,5,20,19,16,13,0,2,9,12,10,3
2016_2,성대로29길,2,2,0,0,0,1,1,0,0,0,0,1,1,0,0,0,0,0,0,0,0
2016_2,성대로1길,329,131,198,0,23,58,97,90,61,0,7,25,42,36,21,0,16,33,55,54,40
2016_2,서달로8가길,228,105,123,1,24,40,59,50,54,1,5,15,23,24,37,0,19,25,36,26,17
2016_2,서달로14길,34,14,20,0,10,7,8,4,5,0,1,4,3,1,5,0,9,3,5,3,0
2016_2,서달로10길,78,30,48,0,2,14,20,31,11,0,1,7,7,12,3,0,1,7,13,19,8
2016_2,상도로62길,165,59,106,0,11,35,51,39,29,0,3,9,15,12,20,0,8,26,36,27,9
2016_2,상도로61길,47,23,24,0,7,11,13,11,5,0,1,1,8,8,5,0,6,10,5,3,0
2016_2,상도로47길,61,44,17,0,11,19,15,13,3,0,6,16,10,10,2,0,5,3,5,3,1
2016_2,상도로37길,1968,961,1007,29,311,537,520,380,191,1,78,341,280,172,89,28,233,196,240,208,102
2016_2,상도로15길,271,118,153,0,36,60,93,56,26,0,7,27,49,22,13,0,29,33,44,34,13
2016_2,사당로8길,122,63,59,0,7,30,34,33,18,0,1,12,17,21,12,0,6,18,17,12,6
2016_2,사당로30길,305,209,96,1,15,92,119,55,23,0,7,53,87,41,21,1,8,39,32,14,2
2016_2,사당로2차길,142,94,48,0,75,22,19,11,15,0,53,10,14,7,10,0,22,12,5,4,5
2016_2,사당로29길,17,14,3,0,0,1,3,4,9,0,0,0,1,4,9,0,0,1,2,0,0
2016_2,사당로26길,253,136,117,0,41,53,76,60,23,0,13,34,49,25,15,0,28,19,27,35,8
2016_2,사당로23나길,164,41,123,0,11,22,45,58,28,0,1,2,12,6,20,0,10,20,33,52,8
2016_2,사당로23길,16,12,4,0,1,8,3,4,0,0,1,6,1,4,0,0,0,2,2,0,0
2016_2,사당로20길,168,124,44,0,8,28,74,39,19,0,3,19,59,27,16,0,5,9,15,12,3
2016_2,사당로16길,129,38,91,0,6,28,40,43,12,0,1,6,13,11,7,0,5,22,27,32,5
2016_2,사당로16가길,792,486,306,1,27,73,123,137,431,1,17,42,54,71,301,0,10,31,69,66,130
2016_2,만양로8길,77,35,42,0,12,16,20,15,14,0,2,6,12,6,9,0,10,10,8,9,5
2016_2,만양로14길,353,146,207,0,42,92,98,66,55,0,12,38,39,30,27,0,30,54,59,36,28
2016_2,등용로14길,627,446,181,0,81,213,167,83,83,0,55,168,130,46,47,0,26,45,37,37,36
2016_2,동작대로7길,1860,759,1101,13,576,449,393,273,156,7,99,185,219,144,105,6,477,264,174,129,51
2016_2,동작대로35길,258,92,166,0,42,51,78,63,24,0,5,28,28,15,16,0,37,23,50,48,8
2016_2,동작대로33길,116,56,60,0,16,35,29,18,18,0,6,14,17,9,10,0,10,21,12,9,8
2016_2,동작대로29길,35,18,17,0,5,5,12,7,6,0,4,5,3,4,2,0,1,0,9,3,4
2016_2,동작대로17길,1315,689,626,7,216,366,400,223,103,4,64,171,249,129,72,3,152,195,151,94,31
2016_2,대방동2길,461,225,236,0,73,123,126,100,39,0,13,70,74,47,21,0,60,53,52,53,18
2016_2,대방동27길,137,80,57,0,6,22,35,42,32,0,4,10,17,30,19,0,2,12,18,12,13
2016_2,노량진로6길,107,31,76,0,8,25,22,40,12,0,3,8,4,14,2,0,5,17,18,26,10
2016_2,국사봉길,39,6,33,0,3,5,15,7,9,0,0,1,2,1,2,0,3,4,13,6,7
2016_2,국사봉2길,110,71,39,0,16,27,25,24,18,0,2,19,20,17,13,0,14,8,5,7,5
2016_2,국사봉1길,14,8,6,0,1,6,4,2,1,0,0,4,2,1,1,0,1,2,2,1,0
2016_2,영신로9길,423,181,242,0,73,119,121,83,27,0,17,64,50,33,17,0,56,55,71,50,10
2016_2,영등포로84길,345,85,260,0,39,52,56,120,78,0,12,22,20,15,16,0,27,30,36,105,62
2016_2,영등포로80길,60,32,28,2,7,15,11,11,14,0,1,4,6,8,13,2,6,11,5,3,1
2016_2,영등포로62길,4,3,1,0,0,1,3,0,0,0,0,0,3,0,0,0,0,1,0,0,0
2016_2,영등포로35길,79,59,20,0,8,24,27,13,7,0,6,18,21,8,6,0,2,6,6,5,1
2016_2,영등포로27길,343,208,135,1,33,100,110,70,29,0,15,64,61,43,25,1,18,36,49,27,4
2016_2,여의대방로43나길,2319,1843,476,0,45,177,380,952,765,0,25,139,293,728,658,0,20,38,87,224,107
2016_2,여의대방로39길,8,6,2,0,0,3,4,1,0,0,0,3,3,0,0,0,0,0,1,1,0
2016_2,여의대방로35길,789,415,374,5,92,186,231,157,118,4,24,93,116,92,86,1,68,93,115,65,32
2016_2,양평로28길,555,437,118,1,23,109,159,184,79,1,9,82,137,145,63,0,14,27,22,39,16
2016_2,양평로22라길,53,34,19,0,5,17,24,2,5,0,3,8,17,1,5,0,2,9,7,1,0
2016_2,양평로19길,4235,3399,836,8,693,2004,1054,391,85,3,420,1684,901,322,69,5,273,320,153,69,16
2016_2,신길로60길,431,188,243,0,37,140,142,80,32,0,4,58,69,39,18,0,33,82,73,41,14
2016_2,신길로42길,369,186,183,1,45,113,102,65,43,0,14,62,50,33,27,1,31,51,52,32,16
2016_2,신길로42가길,100,36,64,0,12,22,35,22,9,0,4,8,11,7,6,0,8,14,24,15,3
2016_2,신길로39길,102,51,51,0,12,17,33,19,21,0,3,11,17,8,12,0,9,6,16,11,9
2016_2,신길로17길,45,29,16,0,3,9,10,18,5,0,2,7,4,11,5,0,1,2,6,7,0
2016_2,선유서로28길,570,272,298,2,51,92,115,133,177,1,17,49,63,69,73,1,34,43,52,64,104
2016_2,선유서로25길,2403,1728,675,7,178,520,608,631,459,5,83,383,506,460,291,2,95,137,102,171,168
2016_2,선유서로24길,160,88,72,0,16,29,54,35,26,0,5,18,26,19,20,0,11,11,28,16,6
2016_2,선유로55길,2311,1401,910,5,408,717,602,417,162,2,172,468,387,253,119,3,236,249,215,164,43
2016_2,디지털로74길,56,35,21,0,4,21,15,14,2,0,2,15,9,8,1,0,2,6,6,6,1
2016_2,디지털로57길,5,1,4,0,0,1,3,0,1,0,0,0,0,0,1,0,0,1,3,0,0
2016_2,디지털로37길,235,110,125,0,27,37,64,66,41,0,14,12,33,30,21,0,13,25,31,36,20
2016_2,도신로62길,179,52,127,0,15,44,70,42,8,0,4,13,19,12,4,0,11,31,51,30,4
2016_2,도신로60길,65,16,49,0,1,5,18,12,29,0,0,2,10,1,3,0,1,3,8,11,26
2016_2,도신로29길,95,41,54,0,6,10,18,43,18,0,5,8,11,14,3,0,1,2,7,29,15
2016_2,도신로15길,74,31,43,0,12,18,23,16,5,0,2,8,9,9,3,0,10,10,14,7,2
2016_2,도림천로21길,95,41,54,0,28,19,14,20,14,0,11,6,7,6,11,0,17,13,7,14,3
2016_2,도림로63길,33,22,11,0,0,6,12,11,4,0,0,4,7,8,3,0,0,2,5,3,1
2016_2,도림로147길,1672,1212,460,2,139,324,533,491,183,1,81,240,370,374,146,1,58,84,163,117,37
2016_2,도림로112길,22,10,12,0,3,2,6,6,5,0,2,1,5,1,1,0,1,1,1,5,4
2016_2,대림로8길,1801,579,1222,6,594,490,355,242,114,3,100,162,144,99,71,3,494,328,211,143,43
2016_2,대림로7길,15,5,10,0,3,1,3,8,0,0,0,1,1,3,0,0,3,0,2,5,0
2016_2,대림로44길,45,27,18,0,0,18,10,13,4,0,0,13,5,7,2,0,0,5,5,6,2
2016_2,대림로34길,186,73,113,2,24,38,68,36,18,1,8,12,27,14,11,1,16,26,41,22,7
2016_2,대림로31길,744,351,393,0,78,127,178,219,142,0,47,63,65,81,95,0,31,64,113,138,47
2016_2,대림로29길,1604,781,823,2,242,340,435,393,192,2,51,127,238,223,140,0,191,213,197,170,52
2016_2,대림로22길,337,189,148,1,23,64,119,83,47,1,7,37,74,43,27,0,16,27,45,40,20
2016_2,당산로46길,3600,1974,1626,11,729,707,831,694,628,2,163,447,475,375,512,9,566,260,356,319,116
2016_2,당산로38길,296,230,66,3,37,100,83,44,29,1,19,80,62,39,29,2,18,20,21,5,0
2016_2,당산로37길,3683,2251,1432,53,894,774,714,773,475,33,463,526,445,465,319,20,431,248,269,308,156
2016_2,당산로31길,4027,2270,1757,14,477,1090,1031,998,417,7,156,525,573,695,314,7,321,565,458,303,103
2016_2,국회대로56길,1651,1077,574,6,99,258,350,385,553,1,54,193,252,285,292,5,45,65,98,100,261
2016_2,경인로90길,325,198,127,3,32,78,87,81,44,3,12,44,47,55,37,0,20,34,40,26,7
2016_2,경인로80길,1594,1154,440,6,133,312,429,446,268,3,69,202,303,345,232,3,64,110,126,101,36
2016_2,경인로77길,643,428,215,3,104,111,157,174,94,0,29,65,120,136,78,3,75,46,37,38,16
2016_2,가마산로61길,168,60,108,0,15,50,64,25,14,0,3,18,21,9,9,0,12,32,43,16,5
2016_2,시흥대로94길,769,399,370,0,94,168,228,177,102,0,38,90,119,91,61,0,56,78,109,86,41
2016_2,시흥대로84길,176,69,107,0,27,37,51,42,19,0,3,14,21,21,10,0,24,23,30,21,9
2016_2,시흥대로68길,414,136,278,0,24,43,67,93,187,0,5,20,18,31,62,0,19,23,49,62,125
2016_2,시흥대로63길,2796,1466,1330,7,463,893,586,600,247,3,202,394,259,444,164,4,261,499,327,156,83
2016_2,시흥대로62가길,438,126,312,0,44,87,109,143,55,0,13,31,27,38,17,0,31,56,82,105,38
2016_2,시흥대로36길,360,210,150,2,64,98,108,63,25,1,26,59,65,43,16,1,38,39,43,20,9
2016_2,시흥대로22길,509,357,152,0,24,66,121,147,151,0,14,42,72,112,117,0,10,24,49,35,34
2016_2,시흥대로153길,610,321,289,1,55,146,168,172,68,1,16,82,92,91,39,0,39,64,76,81,29
2016_2,시흥대로150길,565,256,309,0,54,126,163,138,84,0,15,46,66,74,55,0,39,80,97,64,29
2016_2,시흥대로141길,648,398,250,2,111,187,159,135,54,2,43,128,110,79,36,0,68,59,49,56,18
2016_2,시흥대로138길,14,8,6,0,0,5,2,6,1,0,0,4,0,3,1,0,0,1,2,3,0
2016_2,시흥대로120길,618,413,205,1,98,161,206,123,29,0,72,113,148,64,16,1,26,48,58,59,13
2016_2,벚꽃로56길,1878,1261,617,6,350,760,482,204,76,6,172,530,356,135,62,0,178,230,126,69,14
2016_2,범안로17길,121,75,46,1,6,18,24,39,33,0,4,11,15,26,19,1,2,7,9,13,14
2016_2,범안로11길,1144,906,238,12,148,347,322,218,97,10,112,285,242,178,79,2,36,62,80,40,18
2016_2,문성로5길,146,43,103,1,5,21,25,48,46,1,1,7,8,11,15,0,4,14,17,37,31
2016_2,독산로85길,78,26,52,0,4,7,17,35,15,0,0,4,4,13,5,0,4,3,13,22,10
2016_2,독산로78다길,229,103,126,0,24,37,60,53,55,0,11,10,17,24,41,0,13,27,43,29,14
2016_2,독산로70길,4,3,1,0,0,1,0,0,3,0,0,1,0,0,2,0,0,0,0,0,1
2016_2,독산로64길,148,39,109,0,37,24,34,32,21,0,7,8,9,11,4,0,30,16,25,21,17
2016_2,독산로50길,89,32,57,0,3,12,33,35,6,0,1,3,9,15,4,0,2,9,24,20,2
2016_2,독산로40길,52,15,37,0,5,8,20,15,4,0,1,4,4,3,3,0,4,4,16,12,1
2016_2,독산로108길,760,344,416,0,129,142,191,189,109,0,38,70,82,84,70,0,91,72,109,105,39
2016_2,남부순환로112길,10,6,4,0,0,2,2,4,2,0,0,2,1,1,2,0,0,0,1,3,0
2016_2,금하로24길,172,58,114,0,29,30,46,50,17,0,8,7,13,18,12,0,21,23,33,32,5
2016_2,금하로1길,62,31,31,0,7,12,16,20,7,0,4,7,6,9,5,0,3,5,10,11,2
2016_2,금하로14길,10,5,5,0,0,2,6,2,0,0,0,0,3,2,0,0,0,2,3,0,0
2016_2,가산로5길,535,416,119,15,68,123,164,114,51,15,57,95,123,90,36,0,11,28,41,24,15
2016_2,가산로3길,2487,1908,579,7,257,542,607,697,377,7,202,458,451,501,289,0,55,84,156,196,88
2016_2,중앙로1길,1496,1036,460,6,143,300,309,290,448,4,74,194,187,189,388,2,69,106,122,101,60
2016_2,중앙로15길,98,45,53,0,9,17,31,29,12,0,0,7,9,18,11,0,9,10,22,11,1
2016_2,우마길,32,22,10,0,6,16,5,4,1,0,1,13,4,3,1,0,5,3,1,1,0
2016_2,오류로8길,244,117,127,0,46,70,55,52,21,0,8,40,32,22,15,0,38,30,23,30,6
2016_2,신도림로13길,741,555,186,0,69,132,197,247,96,0,50,109,133,187,76,0,19,23,64,60,20
2016_2,새말로18길,1043,452,591,4,497,338,109,54,41,1,157,173,60,35,26,3,340,165,49,19,15
2016_2,부일로1길,787,649,138,0,44,87,161,281,214,0,24,65,120,241,199,0,20,22,41,40,15
2016_2,부일로15길,176,158,18,0,5,9,21,64,77,0,0,6,17,60,75,0,5,3,4,4,2
2016_2,부일로11길,25,9,16,0,4,5,6,8,2,0,0,1,4,3,1,0,4,4,2,5,1
2016_2,디지털로32길,1234,631,603,2,251,429,232,190,130,1,88,229,126,89,98,1,163,200,106,101,32
2016_2,디지털로32가길,7161,5077,2084,23,1565,2913,1681,669,310,12,791,2150,1350,523,251,11,774,763,331,146,59
2016_2,디지털로27길,390,255,135,1,23,73,117,131,45,0,9,40,66,98,42,1,14,33,51,33,3
2016_2,도림로6길,104,42,62,0,18,31,27,19,9,0,4,10,12,11,5,0,14,21,15,8,4
2016_2,도림로12길,104,42,62,1,22,22,25,29,5,0,3,10,13,12,4,1,19,12,12,17,1
2016_2,남부순환로97길,270,94,176,1,45,65,78,48,33,0,6,17,21,29,21,1,39,48,57,19,12
2016_2,구로중앙로8길,227,85,142,1,21,49,67,56,33,1,3,15,18,21,27,0,18,34,49,35,6
2016_2,구로중앙로7길,179,58,121,0,29,42,53,36,19,0,1,6,24,15,12,0,28,36,29,21,7
2016_2,구로중앙로42길,779,578,201,0,61,134,239,238,107,0,37,102,172,179,88,0,24,32,67,59,19
2016_2,구로중앙로34길,716,336,380,1,54,167,205,182,107,1,24,75,105,82,49,0,30,92,100,100,58
2016_2,구로중앙로28길,3018,1504,1514,2,218,444,587,661,1106,2,89,275,367,382,389,0,129,169,220,279,717
2016_2,구로중앙로19길,8,5,3,0,0,1,3,2,2,0,0,1,2,1,1,0,0,0,1,1,1
2016_2,구로동로8길,155,51,104,0,17,35,41,35,27,0,1,14,14,14,8,0,16,21,27,21,19
2016_2,구로동로7길,157,63,94,0,23,27,48,39,20,0,6,8,13,20,16,0,17,19,35,19,4
2016_2,구로동로42길,26,17,9,0,1,6,10,8,1,0,0,4,6,6,1,0,1,2,4,2,0
2016_2,구로동로41길,450,275,175,0,58,120,137,94,41,0,38,74,83,51,29,0,20,46,54,43,12
2016_2,구로동로38길,58,31,27,0,12,7,22,8,9,0,2,5,14,3,7,0,10,2,8,5,2
2016_2,구로동로28길,165,73,92,0,11,32,59,27,36,0,5,14,22,10,22,0,6,18,37,17,14
2016_2,구로동로15길,23,2,21,0,6,10,2,5,0,0,0,1,0,1,0,0,6,9,2,4,0
2016_2,공원로6가길,324,237,87,0,56,72,103,61,32,0,43,52,72,44,26,0,13,20,31,17,6
2016_2,고척로52길,234,76,158,0,12,45,64,92,21,0,3,17,27,16,13,0,9,28,37,76,8
2016_2,고척로27다길,227,87,140,0,19,32,80,62,34,0,3,11,27,26,20,0,16,21,53,36,14
2016_2,고척로27길,241,99,142,0,31,53,78,62,17,0,6,24,31,29,9,0,25,29,47,33,8
2016_2,고척로21나길,248,62,186,0,28,41,46,85,48,0,3,18,9,12,20,0,25,23,37,73,28
2016_2,경인로47길,831,470,361,5,84,126,239,250,127,1,35,70,135,155,74,4,49,56,104,95,53
2016_2,경인로35길,276,116,160,0,15,57,84,84,36,0,6,21,32,35,22,0,9,36,52,49,14
2016_2,경인로31길,49,16,33,0,5,11,21,9,3,0,1,4,5,3,3,0,4,7,16,6,0
2016_2,경인로15길,134,64,70,0,24,51,27,20,12,0,8,31,9,9,7,0,16,20,18,11,5
2016_2,개봉로3길,315,182,133,1,93,49,87,51,34,0,55,26,42,28,31,1,38,23,45,23,3
2016_2,개봉로2길,460,123,337,3,73,116,136,94,38,3,10,22,37,29,22,0,63,94,99,65,16
2016_2,개봉로23가길,935,534,401,1,93,178,248,254,161,0,34,100,135,153,112,1,59,78,113,101,49
2016_2,개봉로20길,119,69,50,0,11,34,43,18,13,0,5,22,23,9,10,0,6,12,20,9,3
2016_2,개봉로1길,51,24,27,0,9,7,16,11,8,0,3,6,5,4,6,0,6,1,11,7,2
2016_2,개봉로17다길,142,69,73,1,3,21,42,52,23,1,0,6,15,28,19,0,3,15,27,24,4
2016_2,개봉로17길,777,360,417,2,101,167,178,226,103,2,32,102,102,71,51,0,69,65,76,155,52
2016_2,개봉로11길,58,15,43,0,13,12,17,14,2,0,0,2,4,7,2,0,13,10,13,7,0
2016_2,화곡로64길,2765,1476,1289,3,711,826,659,357,209,0,166,511,477,223,99,3,545,315,182,134,110
2016_2,화곡로59길,495,190,305,0,90,174,129,65,37,0,23,63,46,31,27,0,67,111,83,34,10
2016_2,화곡로44나길,815,699,116,0,17,83,161,278,276,0,9,58,135,247,250,0,8,25,26,31,26
2016_2,화곡로31길,1126,414,712,3,193,261,294,230,145,3,46,100,104,79,82,0,147,161,190,151,63
2016_2,화곡로20길,512,319,193,0,20,83,122,175,112,0,6,42,69,110,92,0,14,41,53,65,20
2016_2,화곡로13길,256,80,176,2,29,55,79,85,6,2,8,13,21,34,2,0,21,42,58,51,4
2016_2,초원로16길,451,179,272,2,30,77,73,74,195,1,9,47,35,35,52,1,21,30,38,39,143
2016_2,초록마을로8길,167,30,137,0,32,41,37,42,15,0,3,5,7,8,7,0,29,36,30,34,8
2016_2,초록마을로3길,52,28,24,0,6,11,12,11,12,0,1,4,9,6,8,0,5,7,3,5,4
2016_2,월정로20길,4,3,1,0,0,0,1,3,0,0,0,0,0,3,0,0,0,0,1,0,0
2016_2,우장산로6길,310,192,118,4,14,43,97,111,41,4,7,28,56,67,30,0,7,15,41,44,11
2016_2,양천로73가길,1387,905,482,5,84,261,386,423,228,5,39,144,246,276,195,0,45,117,140,147,33
2016_2,양천로71길,216,135,81,0,22,70,61,41,22,0,11,54,28,23,19,0,11,16,33,18,3
2016_2,양천로49길,747,606,141,0,45,113,176,219,194,0,16,76,140,192,182,0,29,37,36,27,12
2016_2,양천로26길,114,46,68,0,11,20,32,39,12,0,7,5,11,15,8,0,4,15,21,24,4
2016_2,양천로24길,270,124,146,0,20,50,64,72,64,0,7,32,29,23,33,0,13,18,35,49,31
2016_2,양천로24가길,694,282,412,1,74,141,174,178,126,0,24,66,70,70,52,1,50,75,104,108,74
2016_2,양천로14길,341,203,138,1,16,38,99,92,95,0,8,22,58,52,63,1,8,16,41,40,32
2016_2,방화대로6라길,762,484,278,3,91,193,280,135,60,2,44,128,188,87,35,1,47,65,92,48,25
2016_2,방화대로21길,752,445,307,0,83,153,208,175,133,0,29,76,117,115,108,0,54,77,91,60,25
2016_2,등촌로5길,10,3,7,0,0,2,6,2,0,0,0,0,3,0,0,0,0,2,3,2,0
2016_2,등촌로55길,462,326,136,0,21,65,92,139,145,0,5,37,61,101,122,0,16,28,31,38,23
2016_2,등촌로51길,12,9,3,0,3,1,5,2,1,0,0,1,5,2,1,0,3,0,0,0,0
2016_2,등촌로39길,61,21,40,0,2,11,18,22,8,0,2,1,4,10,4,0,0,10,14,12,4
2016_2,등촌로13길,186,98,88,0,19,37,49,59,22,0,9,19,19,36,15,0,10,18,30,23,7
2016_2,남부순환로11길,440,307,133,1,40,133,143,89,34,0,19,96,100,65,27,1,21,37,43,24,7
2016_2,까치산로4길,122,47,75,0,8,25,28,35,26,0,2,11,10,18,6,0,6,14,18,17,20
2016_2,국회대로7길,368,219,149,1,46,111,95,81,34,1,22,66,55,50,25,0,24,45,40,31,9
2016_2,공항대로8길,178,75,103,0,13,35,50,50,30,0,5,25,22,15,8,0,8,10,28,35,22
2016_2,공항대로61길,230,149,81,0,31,78,81,28,12,0,12,53,53,22,9,0,19,25,28,6,3
2016_2,공항대로59다길,873,641,232,1,98,256,190,177,151,0,59,198,140,129,115,1,39,58,50,48,36
2016_2,공항대로59길,1046,713,333,3,124,197,271,258,193,2,61,126,179,190,155,1,63,71,92,68,38
2016_2,공항대로55길,953,663,290,1,219,332,214,110,77,0,113,239,171,87,53,1,106,93,43,23,24
2016_2,공항대로42길,6,3,3,0,0,0,0,4,2,0,0,0,0,1,2,0,0,0,0,3,0
2016_2,공항대로38길,267,147,120,0,29,57,72,69,40,0,5,31,48,36,27,0,24,26,24,33,13
2016_2,곰달래로60길,569,299,270,0,68,113,147,134,107,0,21,70,78,65,65,0,47,43,69,69,42
2016_2,곰달래로53길,54,18,36,0,6,12,22,9,5,0,1,4,6,3,4,0,5,8,16,6,1
2016_2,곰달래로47길,37,17,20,3,8,9,8,7,2,3,1,5,4,3,1,0,7,4,4,4,1
2016_2,곰달래로31길,9,8,1,0,1,1,7,0,0,0,1,1,6,0,0,0,0,0,1,0,0
2016_2,곰달래로25길,598,238,360,8,86,122,156,131,95,2,15,49,62,53,57,6,71,73,94,78,38
2016_2,개화동로25길,666,429,237,3,52,109,128,184,190,1,18,54,83,123,150,2,34,55,45,61,40
2016_2,개화동로23길,99,64,35,0,10,25,25,25,14,0,3,17,18,15,11,0,7,8,7,10,3
2016_2,강서로8길,275,87,188,0,21,41,72,101,40,0,12,28,22,18,7,0,9,13,50,83,33
2016_2,강서로5라길,285,162,123,0,30,71,97,64,23,0,15,42,55,35,15,0,15,29,42,29,8
2016_2,강서로5나길,107,62,45,0,15,22,23,22,25,0,7,13,14,12,16,0,8,9,9,10,9
2016_2,강서로5가길,51,26,25,0,3,12,10,17,9,0,3,11,2,7,3,0,0,1,8,10,6
2016_2,강서로47라길,82,43,39,0,6,16,31,21,8,0,3,10,17,8,5,0,3,6,14,13,3
2016_2,강서로47길,405,205,200,0,22,79,115,163,26,0,4,42,44,98,17,0,18,37,71,65,9
2016_2,강서로45다길,909,438,471,1,217,174,179,213,125,1,60,64,92,122,99,0,157,110,87,91,26
2016_2,강서로45길,131,64,67,0,20,22,28,36,25,0,5,13,13,16,17,0,15,9,15,20,8
2016_2,강서로35길,174,104,70,1,34,31,43,48,17,1,17,19,27,28,12,0,17,12,16,20,5
2016_2,강서로29길,300,159,141,1,28,58,89,88,36,0,12,35,54,42,16,1,16,23,35,46,20
2016_2,강서로18길,21,11,10,1,0,0,16,4,0,1,0,0,10,0,0,0,0,0,6,4,0
2016_2,강서로17가길,110,49,61,0,15,34,35,17,9,0,6,18,14,7,4,0,9,16,21,10,5
2016_2,강서로15길,250,133,117,3,24,55,74,64,30,3,11,31,37,31,20,0,13,24,37,33,10
2016_2,가로공원로80길,58,27,31,1,3,18,16,14,6,0,2,8,7,7,3,1,1,10,9,7,3
2016_2,가로공원로76가길,17,7,10,0,3,2,8,3,1,0,0,2,5,0,0,0,3,0,3,3,1
2016_2,화곡로4길,239,90,149,1,35,74,65,45,19,0,8,27,20,22,13,1,27,47,45,23,6
2016_2,화곡로3길,175,65,110,0,15,34,53,65,8,0,1,8,16,35,5,0,14,26,37,30,3
2016_2,지양로7길,230,72,158,2,38,51,61,63,15,0,10,12,14,29,7,2,28,39,47,34,8
2016_2,중앙로55길,352,185,167,0,31,73,137,83,28,0,13,35,65,53,19,0,18,38,72,30,9
2016_2,중앙로51길,140,82,58,0,5,34,39,38,24,0,0,20,20,28,14,0,5,14,19,10,10
2016_2,중앙로47길,126,26,100,0,9,17,26,36,38,0,1,7,6,7,5,0,8,10,20,29,33
2016_2,중앙로45길,155,54,101,0,22,21,38,47,27,0,7,10,14,13,10,0,15,11,24,34,17
2016_2,중앙로36길,2,2,0,0,0,0,0,0,2,0,0,0,0,0,2,0,0,0,0,0,0
2016_2,중앙로32길,571,267,304,1,93,129,131,124,93,1,36,84,64,42,40,0,57,45,67,82,53
2016_2,중앙로25길,250,77,173,0,29,57,69,86,9,0,8,19,19,27,4,0,21,38,50,59,5
2016_2,은행정로7길,480,161,319,1,53,64,92,153,117,0,16,31,43,40,31,1,37,33,49,113,86
2016_2,오목로5길,285,161,124,2,35,70,78,70,30,2,18,42,33,43,23,0,17,28,45,27,7
2016_2,오목로3길,461,431,30,0,3,16,61,211,170,0,1,13,48,202,167,0,2,3,13,9,3
2016_2,오목로30길,178,90,88,3,18,35,53,47,22,0,5,19,28,25,13,3,13,16,25,22,9
2016_2,오목로23길,798,451,347,4,104,217,207,157,109,2,54,134,111,81,69,2,50,83,96,76,40
2016_2,신월로20길,204,81,123,0,21,32,52,58,41,0,3,12,24,20,22,0,18,20,28,38,19
2016_2,신월로15길,766,358,408,4,111,156,204,182,109,2,44,74,86,81,71,2,67,82,118,101,38
2016_2,신목로6길,273,150,123,0,35,61,72,69,36,0,14,30,39,47,20,0,21,31,33,22,16
2016_2,신목로5길,952,342,610,2,96,176,311,258,109,1,22,76,96,97,50,1,74,100,215,161,59
2016_2,신목로2길,106,51,55,0,19,22,22,16,27,0,5,14,9,5,18,0,14,8,13,11,9
2016_2,목동중앙서로8가길,171,98,73,0,9,19,38,68,37,0,2,8,25,40,23,0,7,11,13,28,14
2016_2,목동중앙서로7길,262,91,171,2,31,54,62,71,42,2,9,19,23,19,19,0,22,35,39,52,23
2016_2,목동중앙북로8길,365,109,256,0,2,12,47,97,207,0,1,5,15,17,71,0,1,7,32,80,136
2016_2,목동중앙북로16길,280,89,191,0,32,74,84,71,19,0,5,22,30,22,10,0,27,52,54,49,9
2016_2,목동중앙본로7길,104,40,64,1,20,17,34,24,8,0,3,6,14,12,5,1,17,11,20,12,3
2016_2,목동중앙로3길,99,55,44,0,9,10,26,22,32,0,4,4,10,14,23,0,5,6,16,8,9
2016_2,목동중앙로13나길,261,190,71,0,41,101,60,39,20,0,25,73,44,29,19,0,16,28,16,10,1
2016_2,목동중앙남로3가길,591,397,194,1,52,144,129,194,71,1,21,88,73,159,55,0,31,56,56,35,16
2016_2,목동로9길,2352,1541,811,3,142,541,646,519,501,0,31,250,424,382,454,3,111,291,222,137,47
2016_2,목동로19길,1012,376,636,3,131,244,257,252,125,2,30,113,94,78,59,1,101,131,163,174,66
2016_2,목동동로12길,429,168,261,0,69,72,121,121,46,0,15,32,44,42,35,0,54,40,77,79,11
2016_2,목동남로4길,10,4,6,0,0,0,5,4,1,0,0,0,0,3,1,0,0,0,5,1,0
2016_2,남부순환로88길,308,118,190,1,35,54,113,80,25,0,9,20,37,34,18,1,26,34,76,46,7
2016_2,남부순환로79길,467,339,128,0,20,34,105,161,147,0,10,21,68,125,115,0,10,13,37,36,32
2016_2,남부순환로70길,550,355,195,0,29,67,153,175,126,0,7,30,84,125,109,0,22,37,69,50,17
2016_2,남부순환로58길,286,120,166,0,25,54,71,109,27,0,18,38,26,21,17,0,7,16,45,88,10
2016_2,남부순환로40길,19,10,9,0,0,3,9,3,4,0,0,2,5,0,3,0,0,1,4,3,1
2016_2,남부순환로33길,1176,932,244,0,45,87,141,133,770,0,17,53,64,78,720,0,28,34,77,55,50
2016_2,곰달래로5길,42,25,17,0,7,9,11,11,4,0,4,5,8,5,3,0,3,4,3,6,1
2016_2,곰달래로3길,395,209,186,0,24,67,148,120,36,0,12,36,77,62,22,0,12,31,71,58,14
2016_2,곰달래로2길,285,168,117,3,43,87,71,48,33,2,19,68,42,26,11,1,24,19,29,22,22
2016_2,곰달래로10길,316,229,87,0,22,36,69,108,81,0,7,19,50,77,76,0,15,17,19,31,5
2016_2,가로공원로58길,93,21,72,0,15,18,33,22,5,0,3,3,8,4,3,0,12,15,25,18,2
2016_2,효창원로93길,105,52,53,0,13,37,45,4,6,0,6,17,25,2,2,0,7,20,20,2,4
2016_2,토정로37길,108,46,62,1,12,26,29,21,19,0,2,10,13,8,13,1,10,16,16,13,6
2016_2,월드컵로8길,1586,894,692,3,214,416,324,206,423,2,62,197,184,101,348,1,152,219,140,105,75
2016_2,월드컵로7길,4,2,2,0,1,1,1,0,1,0,0,0,1,0,1,0,1,1,0,0,0
2016_2,월드컵로36길,124,40,84,0,17,15,33,36,23,0,1,5,8,15,11,0,16,10,25,21,12
2016_2,월드컵로25길,310,175,135,0,52,75,97,49,37,0,23,48,54,23,27,0,29,27,43,26,10
2016_2,월드컵로19길,545,240,305,4,78,118,97,94,154,4,32,70,53,34,47,0,46,48,44,60,107
2016_2,월드컵로16길,3824,1925,1899,22,973,848,792,610,579,7,388,459,376,236,459,15,585,389,416,374,120
2016_2,월드컵로11길,213,77,136,0,63,53,52,33,12,0,23,26,12,10,6,0,40,27,40,23,6
2016_2,월드컵로10길,1635,890,745,11,431,567,327,208,91,9,125,311,225,151,69,2,306,256,102,57,22
2016_2,와우산로3길,161,96,65,0,33,51,48,23,6,0,12,28,35,16,5,0,21,23,13,7,1
2016_2,와우산로29길,151,75,76,0,45,43,39,11,13,0,20,21,22,7,5,0,25,22,17,4,8
2016_2,와우산로29가길,18,6,12,1,3,6,6,2,0,0,0,2,3,1,0,1,3,4,3,1,0
2016_2,양화진길,456,321,135,0,52,134,116,110,44,0,18,87,86,93,37,0,34,47,30,17,7
2016_2,양화로1길,3931,1880,2051,43,830,1653,977,309,119,0,184,822,611,206,57,43,646,831,366,103,62
2016_2,양화로11길,384,245,139,2,63,119,120,50,30,0,19,76,98,32,20,2,44,43,22,18,10
2016_2,신촌로30길,30,15,15,1,4,3,10,10,2,0,3,3,4,3,2,1,1,0,6,7,0
2016_2,신촌로28가길,110,45,65,0,9,28,32,22,19,0,1,6,12,13,13,0,8,22,20,9,6
2016_2,신촌로12길,1258,624,634,2,352,322,241,183,158,1,221,189,89,45,79,1,131,133,152,138,79
2016_2,숭문길,1094,609,485,2,88,218,235,327,224,0,36,144,132,151,146,2,52,74,103,176,78
2016_2,숭문8길,116,68,48,0,10,22,38,35,11,0,0,7,28,25,8,0,10,15,10,10,3
2016_2,성지3길,449,253,196,1,88,139,133,67,21,1,32,81,81,43,15,0,56,58,52,24,6
2016_2,성산로4길,1805,1124,681,17,316,472,427,364,209,11,102,282,290,272,167,6,214,190,137,92,42
2016_2,성미산로32길,407,187,220,1,98,131,90,52,35,1,25,61,54,28,18,0,73,70,36,24,17
2016_2,성미산로1길,671,493,178,2,84,159,179,116,131,1,50,107,115,92,128,1,34,52,64,24,3
2016_2,성미산로11길,987,669,318,7,165,345,233,161,76,6,75,228,165,137,58,1,90,117,68,24,18
2016_2,백범로16길,549,300,249,44,198,129,78,72,28,24,100,63,45,47,21,20,98,66,33,25,7
2016_2,방울내로9안길,298,170,128,2,20,60,95,75,46,2,5,23,51,49,40,0,15,37,44,26,6
2016_2,모래내로7길,240,127,113,1,19,53,84,51,32,0,4,26,49,29,19,1,15,27,35,22,13
2016_2,매봉산로2길,2147,1477,670,5,317,895,716,177,37,3,128,597,597,128,24,2,189,298,119,49,13
2016_2,망원로2길,156,90,66,0,15,41,51,35,14,0,3,22,30,23,12,0,12,19,21,12,2
2016_2,망원로11길,992,537,455,6,117,285,278,194,112,0,39,166,167,101,64,6,78,119,111,93,48
2016_2,만리재옛길,1550,645,905,20,560,443,316,133,78,8,286,227,47,42,35,12,274,216,269,91,43
2016_2,마포대로4길,153,89,64,0,14,44,38,36,21,0,8,28,21,17,15,0,6,16,17,19,6
2016_2,마포대로20길,1147,594,553,0,226,320,332,178,91,0,61,164,204,115,50,0,165,156,128,63,41
2016_2,마포대로12길,62,35,27,0,1,9,20,22,10,0,1,4,13,9,8,0,0,5,7,13,2
2016_2,동교로38길,241,106,135,0,67,82,59,24,9,0,25,36,27,11,7,0,42,46,32,13,2
2016_2,동교로27길,3478,1557,1921,9,698,1088,658,658,367,3,206,595,405,217,131,6,492,493,253,441,236
2016_2,동교로25길,474,217,257,2,111,199,125,28,9,2,25,97,67,20,6,0,86,102,58,8,3
2016_2,동교로19길,4637,2937,1700,6,695,1190,1150,992,604,4,276,802,850,626,379,2,419,388,300,366,225
2016_2,동교로17길,794,410,384,2,154,241,220,123,54,0,52,115,146,66,31,2,102,126,74,57,23
2016_2,독막로8길,318,148,170,0,54,89,83,65,27,0,13,40,44,33,18,0,41,49,39,32,9
2016_2,독막로32길,462,188,274,0,61,120,153,87,41,0,17,49,68,26,28,0,44,71,85,61,13
2016_2,독막로22길,76,39,37,0,14,21,15,15,11,0,3,10,6,11,9,0,11,11,9,4,2
2016_2,도화길,1008,506,502,4,172,215,246,185,186,0,63,109,140,87,107,4,109,106,106,98,79
2016_2,도화4길,374,116,258,1,50,74,89,96,64,1,9,20,21,24,41,0,41,54,68,72,23
2016_2,대흥로28길,56,45,11,0,8,22,19,6,1,0,3,21,16,4,1,0,5,1,3,2,0
2016_2,대흥로21길,491,100,391,1,61,109,187,75,58,1,17,29,25,10,18,0,44,80,162,65,40
2016_2,광성로6길,110,70,40,0,9,31,34,19,17,0,3,21,21,12,13,0,6,10,13,7,4
2016_2,홍제내길,110,62,48,0,14,33,22,32,9,0,4,22,14,17,5,0,10,11,8,15,4
2016_2,홍연길,93,54,39,0,7,22,26,28,10,0,5,15,13,16,5,0,2,7,13,12,5
2016_2,통일로39길,10,9,1,0,1,1,3,3,2,0,1,1,3,2,2,0,0,0,0,1,0
2016_2,통일로37길,362,138,224,0,52,80,89,84,57,0,10,24,38,39,27,0,42,56,51,45,30
2016_2,통일로11길,13,11,2,0,1,5,6,1,0,0,1,3,6,1,0,0,0,2,0,0,0
2016_2,충정로6길,15682,8745,6937,44,2489,5207,5033,2460,449,30,1016,2661,3122,1560,356,14,1473,2546,1911,900,93
2016_2,충정로4길,3034,2041,993,7,425,1416,872,245,69,0,150,918,683,226,64,7,275,498,189,19,5
2016_2,증가로6길,200,71,129,0,15,48,40,58,39,0,4,19,21,21,6,0,11,29,19,37,33
2016_2,증가로23나길,467,231,236,6,100,134,116,72,39,4,54,61,53,34,25,2,46,73,63,38,14
2016_2,증가로20가길,265,99,166,0,43,57,70,76,19,0,10,18,22,37,12,0,33,39,48,39,7
2016_2,증가로10길,168,92,76,0,21,30,38,38,41,0,4,12,17,24,35,0,17,18,21,14,6
2016_2,응암로1길,353,246,107,0,13,47,98,139,56,0,5,26,62,107,46,0,8,21,36,32,10
2016_2,연희로10길,89,60,29,0,8,8,27,30,16,0,2,3,19,23,13,0,6,5,8,7,3
2016_2,신촌로37길,146,63,83,1,21,20,42,35,27,0,3,8,20,18,14,1,18,12,22,17,13
2016_2,수색로8길,2424,2315,109,0,5,17,43,173,2186,0,1,8,30,156,2120,0,4,9,13,17,66
2016_2,세무서길,333,122,211,0,42,76,103,68,44,0,7,28,36,26,25,0,35,48,67,42,19
2016_2,세검정로1길,294,162,132,3,38,60,81,57,55,0,13,39,49,25,36,3,25,21,32,32,19
2016_2,북아현로4길,431,110,321,0,50,63,95,134,89,0,14,21,21,26,28,0,36,42,74,108,61
2016_2,모래내로15길,93,25,68,0,3,16,22,27,25,0,1,2,7,7,8,0,2,14,15,20,17
2016_2,명지대길,354,236,118,2,23,46,73,114,96,0,7,23,42,85,79,2,16,23,31,29,17
2016_2,독립문로8길,803,305,498,1,177,214,184,140,87,0,54,82,85,43,41,1,123,132,99,97,46
2016_2,가재울로6길,8,6,2,0,0,1,4,0,3,0,0,1,4,0,1,0,0,0,0,0,2
2016_2,통일로92길,80,37,43,0,12,16,26,16,10,0,6,11,8,4,8,0,6,5,18,12,2
2016_2,통일로87길,230,107,123,0,20,38,79,69,24,0,4,18,37,32,16,0,16,20,42,37,8
2016_2,통일로78길,216,62,154,0,28,58,46,42,42,0,4,22,13,9,14,0,24,36,33,33,28
2016_2,진흥로1길,480,134,346,4,63,127,172,94,20,4,20,40,35,21,14,0,43,87,137,73,6
2016_2,진흥로12길,464,192,272,0,52,93,159,101,59,0,9,40,70,38,35,0,43,53,89,63,24
2016_2,증산서길,555,289,266,0,62,93,139,133,128,0,6,24,48,87,124,0,56,69,91,46,4
2016_2,증산로9길,106,36,70,0,15,35,33,23,0,0,6,11,13,6,0,0,9,24,20,17,0
2016_2,증산로5길,756,395,361,5,62,148,205,214,122,2,25,51,89,132,96,3,37,97,116,82,26
2016_2,증산로21길,264,171,93,0,29,30,46,80,79,0,9,12,24,62,64,0,20,18,22,18,15
2016_2,증산로17길,786,417,369,2,40,101,201,221,221,1,13,42,111,138,112,1,27,59,90,83,109
2016_2,증산로15길,195,78,117,0,21,32,55,50,37,0,5,10,20,25,18,0,16,22,35,25,19
2016_2,증산로13길,74,39,35,1,4,16,18,27,8,1,1,12,10,10,5,0,3,4,8,17,3
2016_2,응암로34길,72,47,25,0,5,15,17,25,10,0,4,9,10,14,10,0,1,6,7,11,0
2016_2,응암로22길,152,52,100,0,14,32,38,35,33,0,4,8,13,12,15,0,10,24,25,23,18
2016_2,응암로14길,372,120,252,2,67,85,118,77,23,1,15,28,33,30,13,1,52,57,85,47,10
2016_2,응암로13길,289,121,168,6,43,54,94,67,25,5,17,19,41,27,12,1,26,35,53,40,13
2016_2,응암로12길,212,98,114,0,25,59,61,44,23,0,4,31,27,21,15,0,21,28,34,23,8
2016_2,은평로8길,275,137,138,1,54,50,69,68,33,0,24,30,39,29,15,1,30,20,30,39,18
2016_2,은평로3길,285,80,205,1,41,61,89,60,33,0,10,16,19,16,19,1,31,45,70,44,14
2016_2,은평로20길,23,9,14,0,2,3,10,7,1,0,1,1,3,3,1,0,1,2,7,4,0
2016_2,은평로13길,513,332,181,2,44,111,155,122,79,2,20,67,94,84,65,0,24,44,61,38,14
2016_2,은평로10길,322,194,128,1,28,100,93,55,45,1,15,65,42,37,34,0,13,35,51,18,11
2016_2,연서로5길,58,21,37,0,6,12,18,15,7,0,1,4,8,7,1,0,5,8,10,8,6
2016_2,연서로41길,241,76,165,0,22,56,76,67,20,0,7,19,16,20,14,0,15,37,60,47,6
2016_2,연서로3길,110,39,71,0,19,20,25,38,8,0,9,7,9,11,3,0,10,13,16,27,5
2016_2,연서로34길,131,36,95,0,21,32,36,32,10,0,3,10,9,7,7,0,18,22,27,25,3
2016_2,연서로33길,26,9,17,0,2,7,9,5,3,0,0,0,4,3,2,0,2,7,5,2,1
2016_2,연서로29길,333,127,206,1,39,78,90,83,42,1,14,37,26,32,17,0,25,41,64,51,25
2016_2,연서로28길,736,330,406,5,87,148,187,162,147,2,27,75,101,60,65,3,60,73,86,102,82
2016_2,연서로27길,64,30,34,0,14,10,19,14,7,0,2,4,10,9,5,0,12,6,9,5,2
2016_2,연서로21길,298,189,109,0,28,60,102,77,31,0,14,45,58,47,25,0,14,15,44,30,6
2016_2,연서로17길,1070,327,743,1,149,206,270,296,148,0,42,93,88,58,46,1,107,113,182,238,102
2016_2,연서로16길,283,107,176,2,59,86,65,48,23,0,15,35,21,23,13,2,44,51,44,25,10
2016_2,연서로13길,695,223,472,8,98,165,200,181,43,0,32,66,73,30,22,8,66,99,127,151,21
2016_2,연서로11길,239,115,124,0,23,44,81,68,23,0,11,24,36,33,11,0,12,20,45,35,12
2016_2,역말로9길,21,16,5,0,1,9,5,4,2,0,1,7,4,3,1,0,0,2,1,1,1
2016_2,수색로18길,24,11,13,0,2,7,7,2,6,0,0,2,4,1,4,0,2,5,3,1,2
2016_2,서오릉로8길,16,1,15,0,7,2,5,1,1,0,0,1,0,0,0,0,7,1,5,1,1
2016_2,서오릉로21길,467,142,325,0,29,80,118,85,155,0,9,23,41,21,48,0,20,57,77,64,107
2016_2,불광천길,160,75,85,0,9,29,39,56,27,0,5,10,21,23,16,0,4,19,18,33,11
2016_2,갈현로7길,969,266,703,1,176,243,236,212,101,0,50,80,65,47,24,1,126,163,171,165,77
2016_2,갈현로41길,79,29,50,0,13,19,19,17,11,0,6,5,8,7,3,0,7,14,11,10,8
2016_2,갈현로33길,32,8,24,0,10,5,8,7,2,0,1,1,3,2,1,0,9,4,5,5,1
2016_2,갈현로1길,140,60,80,1,9,25,41,28,36,0,7,15,14,6,18,1,2,10,27,22,18
2016_2,가좌로7길,47,21,26,0,10,4,10,13,10,0,1,1,4,5,10,0,9,3,6,8,0
2016_2,한글비석로44길,459,250,209,0,41,76,108,136,98,0,15,38,48,74,75,0,26,38,60,62,23
2016_2,한글비석로24길,395,156,239,0,27,50,86,122,110,0,8,21,38,48,41,0,19,29,48,74,69
2016_2,한글비석로22길,773,318,455,1,53,140,233,223,123,0,21,72,95,78,52,1,32,68,138,145,71
2016_2,석계로1길,107,67,40,0,9,21,32,38,7,0,6,11,19,25,6,0,3,10,13,13,1
2016_2,상계로9가길,367,115,252,3,26,46,92,116,84,0,5,21,31,34,24,3,21,25,61,82,60
2016_2,상계로12길,17,10,7,0,0,0,6,10,1,0,0,0,5,5,0,0,0,0,1,5,1
2016_2,동일로242길,403,282,121,0,10,43,116,79,155,0,6,25,71,61,119,0,4,18,45,18,36
2016_2,동일로192길,464,198,266,3,42,53,97,138,131,3,19,34,47,37,58,0,23,19,50,101,73
2016_2,동일로173가길,2426,1343,1083,7,260,483,631,635,410,4,114,345,343,259,278,3,146,138,288,376,132
2016_2,공릉로58길,104,45,59,1,6,14,24,32,27,1,4,8,13,11,8,0,2,6,11,21,19
2016_2,해등로16길,78,60,18,0,6,27,25,13,7,0,4,22,18,11,5,0,2,5,7,2,2
2016_2,우이천로4다길,193,109,84,1,11,35,60,60,26,1,4,19,26,40,19,0,7,16,34,20,7
2016_2,우이천로32길,113,62,51,0,12,25,37,34,5,0,1,22,18,17,4,0,11,3,19,17,1
2016_2,시루봉로23길,42,18,24,0,5,7,12,14,4,0,0,2,4,9,3,0,5,5,8,5,1
2016_2,삼양로144길,67,47,20,0,9,13,22,15,8,0,5,8,15,12,7,0,4,5,7,3,1
2016_2,방학로6가길,222,137,85,0,19,39,57,36,71,0,7,22,29,17,62,0,12,17,28,19,9
2016_2,방학로5길,118,72,46,1,14,16,25,36,26,0,10,14,14,21,13,1,4,2,11,15,13
2016_2,방학로15길,348,228,120,0,15,38,86,119,90,0,5,18,49,77,79,0,10,20,37,42,11
2016_2,방학로10길,126,47,79,0,12,23,23,37,31,0,5,11,7,13,11,0,7,12,16,24,20
2016_2,도봉산4길,328,285,43,2,8,21,97,145,55,2,3,17,91,124,48,0,5,4,6,21,7
2016_2,도봉로181길,217,99,118,0,23,42,44,61,47,0,7,21,22,22,27,0,16,21,22,39,20
2016_2,도봉로169나길,275,116,159,1,30,48,63,72,61,1,8,17,35,29,26,0,22,31,28,43,35
2016_2,도봉로156길,261,133,128,1,26,65,67,60,42,1,11,34,35,29,23,0,15,31,32,31,19
2016_2,도봉로152가길,426,384,42,0,16,30,60,171,149,0,9,24,48,163,140,0,7,6,12,8,9
2016_2,도봉로147길,594,339,255,2,55,120,162,182,73,2,27,83,107,91,29,0,28,37,55,91,44
2016_2,도봉로114길,471,163,308,1,94,112,109,119,36,0,14,33,42,52,22,1,80,79,67,67,14
2016_2,도봉로109길,21,7,14,0,3,5,7,2,4,0,0,2,1,0,4,0,3,3,6,2,0
2016_2,도당로29길,888,521,367,5,169,213,223,193,85,5,77,124,110,132,73,0,92,89,113,61,12
2016_2,도당로19길,187,82,105,0,16,34,63,51,23,0,7,22,24,23,6,0,9,12,39,28,17
2016_2,도당로13바길,203,81,122,0,30,37,54,54,28,0,6,24,18,19,14,0,24,13,36,35,14
2016_2,도당로13가길,162,65,97,0,10,32,52,44,24,0,1,16,23,14,11,0,9,16,29,30,13
2016_2,덕릉로60길,65,36,29,0,3,16,25,16,5,0,0,11,11,11,3,0,3,5,14,5,2
2016_2,노해로63다길,593,251,342,3,86,151,146,139,68,2,25,75,71,48,30,1,61,76,75,91,38
2016_2,노해로60길,309,123,186,6,40,61,89,79,34,1,7,28,32,41,14,5,33,33,57,38,20
2016_2,한천로140길,91,46,45,0,4,14,17,31,25,0,1,7,7,16,15,0,3,7,10,15,10
2016_2,한천로139가길,39,21,18,0,3,7,17,8,4,0,0,6,9,5,1,0,3,1,8,3,3
2016_2,한천로132길,335,131,204,1,72,74,69,70,49,0,15,35,27,28,26,1,57,39,42,42,23
2016_2,한천로130길,286,133,153,0,40,78,82,72,14,0,11,37,42,34,9,0,29,41,40,38,5
2016_2,한천로124나길,87,41,46,0,8,15,26,26,12,0,5,7,7,13,9,0,3,8,19,13,3
2016_2,한천로109길,624,282,342,7,103,131,181,143,59,6,36,58,87,65,30,1,67,73,94,78,29
2016_2,인수봉로79길,178,44,134,0,21,52,52,40,13,0,4,10,15,7,8,0,17,42,37,33,5
2016_2,인수봉로72길,86,41,45,0,12,17,19,20,18,0,3,9,8,9,12,0,9,8,11,11,6
2016_2,인수봉로56길,10,1,9,0,1,7,1,1,0,0,0,1,0,0,0,0,1,6,1,1,0
2016_2,오패산로67길,591,300,291,2,72,131,151,126,109,2,27,78,74,61,58,0,45,53,77,65,51
2016_2,오패산로52길,91,27,64,1,13,20,26,20,11,0,1,6,5,9,6,1,12,14,21,11,5
2016_2,수유로12길,303,208,95,3,28,73,88,48,63,1,14,52,61,29,51,2,14,21,27,19,12
2016_2,솔샘로65길,519,228,291,5,43,111,170,131,59,0,7,37,75,63,46,5,36,74,95,68,13
2016_2,솔매로50길,687,273,414,0,98,181,213,135,60,0,25,60,71,68,49,0,73,121,142,67,11
2016_2,솔매로45길,202,90,112,0,17,34,66,56,29,0,7,12,29,30,12,0,10,22,37,26,17
2016_2,솔매로41길,80,22,58,0,14,13,22,20,11,0,3,3,7,3,6,0,11,10,15,17,5
2016_2,삼양로93길,16,4,12,0,0,2,9,4,1,0,0,0,2,1,1,0,0,2,7,3,0
2016_2,삼양로77길,401,139,262,1,49,68,121,106,56,1,17,31,42,27,21,0,32,37,79,79,35
2016_2,삼양로54길,7,4,3,0,0,3,1,3,0,0,0,2,0,2,0,0,0,1,1,1,0
2016_2,삼양로41길,355,172,183,0,24,82,121,88,40,0,11,38,58,43,22,0,13,44,63,45,18
2016_2,삼양로24길,83,36,47,0,10,9,22,25,17,0,2,6,11,9,8,0,8,3,11,16,9
2016_2,삼양로20길,131,48,83,0,15,31,40,35,10,0,2,11,15,10,10,0,13,20,25,25,0
2016_2,삼각산로28길,730,401,329,3,63,134,149,194,187,2,25,62,67,118,127,1,38,72,82,76,60
2016_2,도봉로99길,165,85,80,0,14,38,54,41,18,0,4,19,29,26,7,0,10,19,25,15,11
2016_2,도봉로8길,267,186,81,0,48,73,68,49,29,0,37,60,47,24,18,0,11,13,21,25,11
2016_2,도봉로76길,389,211,178,2,43,67,80,81,116,0,18,41,38,42,72,2,25,26,42,39,44
2016_2,도봉로67길,5,3,2,0,0,0,4,1,0,0,0,0,2,1,0,0,0,0,2,0,0
2016_2,도봉로45길,118,72,46,0,7,24,39,21,27,0,3,15,21,11,22,0,4,9,18,10,5
2016_2,도봉로18길,357,169,188,0,29,78,108,85,57,0,13,44,50,34,28,0,16,34,58,51,29
2016_2,도봉로13길,27,9,18,0,2,1,9,9,6,0,0,0,2,3,4,0,2,1,7,6,2
2016_2,덕릉로41길,740,599,141,0,61,213,213,219,34,0,40,177,181,177,24,0,21,36,32,42,10
2016_2,덕릉로40길,892,692,200,7,62,110,245,322,146,5,39,76,191,271,110,2,23,34,54,51,36
2016_2,노해로33길,31,12,19,0,8,5,9,8,1,0,1,1,4,5,1,0,7,4,5,3,0
2016_2,노해로17길,255,82,173,0,27,35,65,82,46,0,2,23,29,16,12,0,25,12,36,66,34
2016_2,화랑로40길,161,85,76,1,19,38,44,41,18,0,4,17,24,26,14,1,15,21,20,15,4
2016_2,화랑로32길,440,314,126,5,67,162,129,54,23,0,28,134,93,49,10,5,39,28,36,5,13
2016_2,화랑로1길,180,103,77,0,15,31,41,73,20,0,6,18,25,46,8,0,9,13,16,27,12
2016_2,화랑로19길,476,251,225,0,39,115,170,109,43,0,16,56,95,55,29,0,23,59,75,54,14
2016_2,화랑로14길,56,25,31,0,5,7,26,15,3,0,1,1,15,6,2,0,4,6,11,9,1
2016_2,화랑로13길,84,41,43,0,10,22,34,16,2,0,4,9,16,10,2,0,6,13,18,6,0
2016_2,한천로76길,139,82,57,0,4,26,50,38,21,0,3,18,32,19,10,0,1,8,18,19,11
2016_2,한천로101가길,49,31,18,0,5,10,16,15,3,0,3,7,12,7,2,0,2,3,4,8,1
2016_2,창경궁로43길,25,13,12,0,3,5,8,7,2,0,1,3,4,4,1,0,2,2,4,3,1
2016_2,지봉로20길,98,61,37,0,13,14,31,24,16,0,11,8,18,11,13,0,2,6,13,13,3
2016_2,종암로5길,118,85,33,0,11,38,39,20,10,0,8,31,30,11,5,0,3,7,9,9,5
2016_2,종암로24가길,270,136,134,0,52,69,71,58,20,0,23,30,33,35,15,0,29,39,38,23,5
2016_2,종암로21길,143,60,83,1,13,26,54,35,14,1,1,10,25,13,10,0,12,16,29,22,4
2016_2,종암로19길,385,114,271,1,87,71,90,94,42,0,11,32,36,18,17,1,76,39,54,76,25
2016_2,종암로16길,81,36,45,0,13,17,26,12,13,0,5,7,10,3,11,0,8,10,16,9,2
2016_2,정릉로8길,194,106,88,0,31,59,36,36,32,0,7,35,17,20,27,0,24,24,19,16,5
2016_2,정릉로27길,232,107,125,0,42,44,59,52,35,0,21,18,28,20,20,0,21,26,31,32,15
2016_2,장위로50길,934,527,407,0,94,125,210,252,253,0,34,75,118,145,155,0,60,50,92,107,98
2016_2,장월로1길,442,192,250,3,68,94,117,99,61,3,27,55,43,36,28,0,41,39,74,63,33
2016_2,인촌로6길,2404,1232,1172,7,246,405,566,566,614,0,75,241,230,283,403,7,171,164,336,283,211
2016_2,인촌로5길,27,4,23,0,1,2,9,11,4,0,0,1,1,1,1,0,1,1,8,10,3
2016_2,인촌로24길,190,124,66,0,31,72,48,28,11,0,18,59,34,11,2,0,13,13,14,17,9
2016_2,개운사길,3203,1989,1214,3,321,939,961,714,265,0,96,451,656,568,218,3,225,488,305,146,47
2016_2,인촌로1길,143,101,42,0,12,42,46,29,14,0,4,28,37,21,11,0,8,14,9,8,3
2016_2,인촌로17가길,3096,1161,1935,0,815,1089,716,402,74,0,146,359,358,237,61,0,669,730,358,165,13
2016_2,오패산로4길,601,194,407,2,107,137,151,128,76,1,29,47,48,37,32,1,78,90,103,91,44
2016_2,오패산로3길,1138,656,482,12,171,329,307,207,112,4,70,193,208,123,58,8,101,136,99,84,54
2016_2,오패산로19길,44,17,27,0,9,15,15,3,2,0,0,9,6,0,2,0,9,6,9,3,0
2016_2,안암로5길,596,357,239,0,89,146,171,116,74,0,28,80,112,77,60,0,61,66,59,39,14
2016_2,아리랑로4길,624,224,400,2,49,100,160,185,128,1,16,39,58,55,55,1,33,61,102,130,73
2016_2,솔샘로6길,158,74,84,0,44,37,35,31,11,0,16,24,17,12,5,0,28,13,18,19,6
2016_2,성북로8길,49,25,24,0,14,16,8,5,6,0,5,7,6,3,4,0,9,9,2,2,2
2016_2,삼양로8길,87,46,41,0,30,15,21,15,6,0,15,6,13,8,4,0,15,9,8,7,2
2016_2,삼선교로16가길,686,397,289,0,164,94,174,183,71,0,71,47,118,114,47,0,93,47,56,69,24
2016_2,삼선교로10다길,116,48,68,0,14,24,27,31,20,0,2,18,14,11,3,0,12,6,13,20,17
2016_2,삼선교로10길,225,101,124,1,25,57,79,46,17,1,5,21,32,27,15,0,20,36,47,19,2
2016_2,보문로32길,949,387,562,0,247,178,267,184,73,0,12,82,142,108,43,0,235,96,125,76,30
2016_2,보문로31길,745,324,421,0,150,168,178,166,83,0,52,73,77,75,47,0,98,95,101,91,36
2016_2,보문로13길,780,461,319,0,14,22,59,94,591,0,5,4,26,40,386,0,9,18,33,54,205
2016_2,보국문로16길,296,194,102,0,11,28,55,133,69,0,1,15,35,97,46,0,10,13,20,36,23
2016_2,동소문로26가길,301,165,136,1,47,95,79,41,38,0,17,64,50,15,19,1,30,31,29,26,19
2016_2,동소문로15길,62,35,27,0,7,24,21,6,4,0,6,14,10,2,3,0,1,10,11,4,1
2016_2,동소문로13길,545,280,265,1,77,113,99,84,171,0,26,64,59,36,95,1,51,49,40,48,76
2016_2,돌곶이로8길,236,104,132,0,25,64,54,61,32,0,8,26,28,30,12,0,17,38,26,31,20
2016_2,돌곶이로41길,45,22,23,0,6,9,13,14,3,0,2,4,6,8,2,0,4,5,7,6,1
2016_2,돌곶이로28길,163,96,67,1,23,43,53,30,13,1,11,29,30,17,8,0,12,14,23,13,5
2016_2,돌곶이로27길,61,32,29,0,5,11,20,17,8,0,1,4,10,11,6,0,4,7,10,6,2
2016_2,돌곶이로22길,97,48,49,0,12,23,29,26,7,0,4,12,15,12,5,0,8,11,14,14,2
2016_2,길음로7길,10,7,3,0,1,4,3,0,2,0,1,3,2,0,1,0,0,1,1,0,1
2016_2,중랑천로10길,777,406,371,13,156,154,224,141,89,7,72,76,130,67,54,6,84,78,94,74,35
2016_2,용마산로94길,441,265,176,1,86,39,137,131,47,0,43,21,78,86,37,1,43,18,59,45,10
2016_2,용마산로118길,567,275,292,1,68,126,162,118,92,0,24,62,66,56,67,1,44,64,96,62,25
2016_2,용마산로112길,280,130,150,1,40,58,66,66,49,1,13,25,25,27,39,0,27,33,41,39,10
2016_2,용마산로100길,454,312,142,2,41,48,81,153,129,0,9,20,46,121,116,2,32,28,35,32,13
2016_2,신내로7가길,274,80,194,0,32,56,88,62,36,0,4,14,27,20,15,0,28,42,61,42,21
2016_2,사가정로54길,107,36,71,0,27,20,26,23,11,0,5,6,9,9,7,0,22,14,17,14,4
2016_2,사가정로42길,62,23,39,0,5,9,19,14,15,0,0,3,6,7,7,0,5,6,13,7,8
2016_2,봉화산로56길,587,171,416,2,71,84,138,195,97,1,29,43,38,41,19,1,42,41,100,154,78
2016_2,봉화산로4길,397,141,256,0,30,52,113,149,53,0,10,26,35,41,29,0,20,26,78,108,24
2016_2,봉화산로30길,389,243,146,2,37,54,97,132,67,2,14,32,57,88,50,0,23,22,40,44,17
2016_2,봉우재로33길,94,41,53,0,25,19,25,14,11,0,12,9,10,3,7,0,13,10,15,11,4
2016_2,면목로78길,302,167,135,1,30,52,92,82,45,1,10,33,53,39,31,0,20,19,39,43,14
2016_2,면목로56길,225,167,58,0,12,27,49,85,52,0,1,13,30,76,47,0,11,14,19,9,5
2016_2,면목로55길,434,128,306,1,33,72,110,147,71,0,5,21,36,43,23,1,28,51,74,104,48
2016_2,면목로49길,540,171,369,1,193,191,94,48,13,1,25,65,46,25,9,0,168,126,48,23,4
2016_2,면목로48길,117,58,59,4,12,33,29,26,13,4,5,21,10,13,5,0,7,12,19,13,8
2016_2,면목로45길,71,32,39,0,14,16,16,13,12,0,4,7,7,5,9,0,10,9,9,8,3
2016_2,면목로33길,377,141,236,0,50,93,110,84,40,0,13,33,45,28,22,0,37,60,65,56,18
2016_2,면목로21길,33,24,9,1,10,1,14,7,0,1,7,0,10,6,0,0,3,1,4,1,0
2016_2,망우로73길,9,4,5,0,0,0,5,3,1,0,0,0,2,1,1,0,0,0,3,2,0
2016_2,망우로68길,77,32,45,0,14,15,22,18,8,0,2,5,6,14,5,0,12,10,16,4,3
2016_2,동일로163길,107,68,39,0,6,26,45,20,10,0,2,18,28,14,6,0,4,8,17,6,4
2016_2,동일로157길,200,98,102,1,26,62,56,34,21,0,5,31,29,19,14,1,21,31,27,15,7
2016_2,동일로149길,1134,830,304,0,148,303,323,309,51,0,94,206,249,247,34,0,54,97,74,62,17
2016_2,동일로140길,225,93,132,2,21,49,68,59,26,1,8,20,31,22,11,1,13,29,37,37,15
2016_2,동일로139길,62,36,26,0,4,9,24,18,7,0,1,6,15,11,3,0,3,3,9,7,4
2016_2,동일로139가길,1169,690,479,0,112,246,242,178,391,0,46,144,143,79,278,0,66,102,99,99,113
2016_2,동일로130길,97,22,75,0,9,21,37,22,8,0,3,5,4,3,7,0,6,16,33,19,1
2016_2,동일로123길,162,83,79,0,16,33,45,38,30,0,5,22,18,19,19,0,11,11,27,19,11
2016_2,동일로112길,171,81,90,0,24,21,42,55,29,0,9,12,16,27,17,0,15,9,26,28,12
2016_2,동일로101길,300,118,182,0,34,56,78,89,43,0,8,25,33,29,23,0,26,31,45,60,20
2016_2,동일로100길,31,14,17,0,3,9,6,9,4,0,1,4,3,4,2,0,2,5,3,5,2
2016_2,답십리로75길,93,53,40,0,10,14,40,18,11,0,4,4,24,12,9,0,6,10,16,6,2
2016_2,공릉로2길,637,303,334,0,80,162,189,134,72,0,19,76,90,69,49,0,61,86,99,65,23
2016_2,공릉로12가길,47,32,15,0,4,7,15,11,10,0,1,6,11,7,7,0,3,1,4,4,3
2016_2,겸재로54길,108,55,53,0,8,24,24,35,17,0,3,15,10,17,10,0,5,9,14,18,7
2016_2,겸재로36길,232,193,39,0,6,21,54,88,63,0,2,14,43,72,62,0,4,7,11,16,1
2016_2,겸재로29길,451,193,258,0,48,100,132,109,62,0,9,37,65,49,33,0,39,63,67,60,29
2016_2,휘경로3길,236,116,120,2,51,57,69,36,21,0,19,23,39,20,15,2,32,34,30,16,6
2016_2,휘경로2길,6,2,4,0,2,1,2,1,0,0,0,0,1,1,0,0,2,1,1,0,0
2016_2,휘경로23길,16,0,16,0,2,0,10,4,0,0,0,0,0,0,0,0,2,0,10,4,0
2016_2,휘경로14길,105,46,59,0,8,12,18,19,48,0,3,8,13,6,16,0,5,4,5,13,32
2016_2,한천로46길,397,129,268,2,38,61,141,105,50,2,9,17,46,31,24,0,29,44,95,74,26
2016_2,한천로40길,327,175,152,2,22,62,93,105,43,0,10,36,41,60,28,2,12,26,52,45,15
2016_2,한천로33길,75,30,45,0,15,19,6,19,16,0,4,13,4,6,3,0,11,6,2,13,13
2016_2,한천로14길,648,393,255,2,61,159,195,144,87,0,28,109,123,81,52,2,33,50,72,63,35
2016_2,천호대로97길,338,216,122,0,43,82,87,84,42,0,15,58,55,55,33,0,28,24,32,29,9
2016_2,천호대로77길,2018,1030,988,7,174,337,394,580,526,3,80,156,221,293,277,4,94,181,173,287,249
2016_2,천호대로45길,163,102,61,0,13,22,34,50,44,0,4,17,23,24,34,0,9,5,11,26,10
2016_2,천호대로17길,2136,1376,760,5,254,508,410,423,536,3,94,322,269,269,419,2,160,186,141,154,117
2016_2,천호대로12길,837,565,272,3,144,243,205,178,64,2,87,159,142,131,44,1,57,84,63,47,20
2016_2,천장산로7길,1419,882,537,0,98,371,424,409,117,0,36,172,272,300,102,0,62,199,152,109,15
2016_2,제기로5길,192,105,87,0,15,39,53,61,24,0,10,31,29,27,8,0,5,8,24,34,16
2016_2,제기로21길,212,140,72,0,20,37,74,61,20,0,9,18,55,46,12,0,11,19,19,15,8
2016_2,전농로4길,681,431,250,0,96,162,193,147,83,0,52,118,125,92,44,0,44,44,68,55,39
2016_2,전농로3길,106,50,56,1,25,11,33,26,10,0,10,7,16,11,6,1,15,4,17,15,4
2016_2,전농로29길,319,155,164,2,31,90,104,69,23,1,12,38,47,40,17,1,19,52,57,29,6
2016_2,장한로8길,818,498,320,2,87,185,233,214,97,0,34,92,155,136,81,2,53,93,78,78,16
2016_2,장한로5길,2892,2019,873,20,602,845,711,506,208,7,315,593,536,406,162,13,287,252,175,100,46
2016_2,장한로27길,162,49,113,0,46,46,26,27,17,0,6,21,12,4,6,0,40,25,14,23,11
2016_2,장한로27가길,413,192,221,0,28,64,104,151,66,0,12,35,49,73,23,0,16,29,55,78,43
2016_2,장한로26길,576,282,294,1,84,132,139,131,89,1,18,65,75,61,62,0,66,67,64,70,27
2016_2,장한로26가길,387,155,232,0,55,75,75,102,80,0,16,40,28,34,37,0,39,35,47,68,43
2016_2,장한로25길,1040,457,583,6,156,260,276,227,115,2,38,109,131,107,70,4,118,151,145,120,45
2016_2,장한로14길,188,161,27,1,2,12,43,80,50,0,1,5,32,75,48,1,1,7,11,5,2
2016_2,이문로42길,241,96,145,0,29,60,65,62,25,0,4,16,31,27,18,0,25,44,34,35,7
2016_2,왕산로43길,965,477,488,4,170,282,233,185,91,0,46,149,122,99,61,4,124,133,111,86,30
2016_2,왕산로33길,164,112,52,0,7,26,55,35,41,0,6,20,45,13,28,0,1,6,10,22,13
2016_2,왕산로32길,12,8,4,0,0,1,5,2,4,0,0,1,2,2,3,0,0,0,3,0,1
2016_2,약령시로17길,265,132,133,0,29,49,73,65,49,0,11,25,35,37,24,0,18,24,38,28,25
2016_2,서울시립대로4길,656,340,316,3,126,128,154,163,82,2,66,70,91,73,38,1,60,58,63,90,44
2016_2,서울시립대로29길,246,144,102,0,27,51,71,55,42,0,9,31,50,26,28,0,18,20,21,29,14
2016_2,서울시립대로16길,145,29,116,0,21,33,50,25,16,0,2,6,13,6,2,0,19,27,37,19,14
2016_2,사가정로2길,81,61,20,0,13,17,22,13,16,0,9,14,18,10,10,0,4,3,4,3,6
2016_2,사가정로23가길,117,69,48,0,21,39,20,22,15,0,9,27,7,13,13,0,12,12,13,9,2
2016_2,사가정로13길,280,91,189,0,42,86,78,52,22,0,8,23,28,19,13,0,34,63,50,33,9
2016_2,무학로45길,371,213,158,0,58,102,96,70,45,0,22,60,57,48,26,0,36,42,39,22,19
2016_2,무학로16길,1120,1004,116,1,68,266,382,263,140,0,43,225,349,252,135,1,25,41,33,11,5
2016_2,망우로21길,190,106,84,2,28,39,34,45,42,0,8,17,17,29,35,2,20,22,17,16,7
2016_2,망우로18길,512,199,313,1,124,149,138,73,27,0,36,44,74,34,11,1,88,105,64,39,16
2016_2,망우로18가길,59,22,37,0,11,15,12,12,9,0,1,7,5,4,5,0,10,8,7,8,4
2016_2,답십리로72길,14,12,2,0,1,3,2,7,1,0,1,2,2,6,1,0,0,1,0,1,0
2016_2,답십리로69길,871,392,479,1,137,213,214,201,105,1,47,98,92,84,70,0,90,115,122,117,35
2016_2,답십리로68길,157,101,56,1,18,31,46,43,18,1,15,22,22,29,12,0,3,9,24,14,6
2016_2,답십리로64길,349,204,145,0,66,92,98,59,34,0,28,58,68,30,20,0,38,34,30,29,14
2016_2,답십리로63길,112,70,42,0,13,28,33,31,7,0,7,18,23,15,7,0,6,10,10,16,0
2016_2,답십리로60길,15,9,6,0,2,3,4,5,1,0,1,2,4,2,0,0,1,1,0,3,1
2016_2,답십리로56길,5,4,1,0,0,2,3,0,0,0,0,2,2,0,0,0,0,0,1,0,0
2016_2,답십리로23길,7,6,1,0,0,2,2,3,0,0,0,2,2,2,0,0,0,0,0,1,0
2016_2,난계로30길,171,120,51,3,18,25,40,39,46,0,12,17,28,24,39,3,6,8,12,15,7
2016_2,경희대로3길,267,168,99,0,59,106,61,33,8,0,21,61,48,30,8,0,38,45,13,3,0
2016_2,천호대로129길,437,157,280,1,94,81,149,83,29,0,35,33,51,25,13,1,59,48,98,58,16
2016_2,천호대로123길,311,120,191,0,31,59,63,110,48,0,9,21,26,48,16,0,22,38,37,62,32
2016_2,천호대로109길,1067,562,505,4,184,265,297,213,104,0,79,147,153,115,68,4,105,118,144,98,36
2016_2,자양번영로3길,91,39,52,0,8,10,29,32,12,0,2,2,14,14,7,0,6,8,15,18,5
2016_2,자양로50길,19,5,14,0,2,6,4,4,3,0,0,1,1,1,2,0,2,5,3,3,1
2016_2,자양로45길,549,298,251,2,99,132,168,99,49,1,32,79,104,54,28,1,67,53,64,45,21
2016_2,자양로26길,312,94,218,1,42,51,93,76,49,0,5,13,33,28,15,1,37,38,60,48,34
2016_2,자양로15길,355,241,114,0,24,70,76,95,90,0,8,37,48,74,74,0,16,33,28,21,16
2016_2,자양로11길,1325,664,661,4,247,292,352,276,154,1,67,146,207,154,89,3,180,146,145,122,65
2016_2,용마산로3길,830,463,367,1,114,193,210,196,116,0,52,109,103,107,92,1,62,84,107,89,24
2016_2,용마산로21길,141,58,83,0,22,22,45,39,13,0,9,7,19,14,9,0,13,15,26,25,4
2016_2,아차산로78길,2677,1460,1217,21,403,853,653,522,225,12,117,486,418,286,141,9,286,367,235,236,84
2016_2,아차산로65길,717,466,251,4,101,191,221,149,51,3,39,116,155,113,40,1,62,75,66,36,11
2016_2,아차산로55길,411,205,206,1,97,112,76,87,38,1,25,54,46,52,27,0,72,58,30,35,11
2016_2,아차산로51길,270,156,114,1,24,73,90,56,26,1,9,42,56,33,15,0,15,31,34,23,11
2016_2,아차산로40길,495,289,206,1,111,101,116,91,75,1,49,42,69,67,61,0,62,59,47,24,14
2016_2,면목로17길,235,156,79,0,38,56,63,48,30,0,18,30,44,41,23,0,20,26,19,7,7
2016_2,뚝섬로64길,304,156,148,0,36,51,86,70,61,0,13,18,36,38,51,0,23,33,50,32,10
2016_2,뚝섬로58길,189,68,121,0,16,35,57,64,17,0,4,7,19,27,11,0,12,28,38,37,6
2016_2,뚝섬로54길,270,202,68,0,27,38,87,96,22,0,17,26,59,83,17,0,10,12,28,13,5
2016_2,뚝섬로48길,811,341,470,6,132,178,214,181,100,5,44,73,91,73,55,1,88,105,123,108,45
2016_2,뚝섬로24길,100,37,63,0,11,13,27,41,8,0,4,3,6,18,6,0,7,10,21,23,2
2016_2,뚝섬로23길,102,65,37,0,9,25,24,28,16,0,4,15,10,21,15,0,5,10,14,7,1
2016_2,동일로24길,8,4,4,0,1,2,0,3,2,0,1,1,0,1,1,0,0,1,0,2,1
2016_2,동일로18길,177,71,106,0,34,42,51,37,13,0,11,19,15,16,10,0,23,23,36,21,3
2016_2,능동로4길,249,115,134,1,33,54,57,61,43,1,11,17,23,32,31,0,22,37,34,29,12
2016_2,능동로3길,246,101,145,0,25,38,57,77,49,0,9,14,23,28,27,0,16,24,34,49,22
2016_2,능동로34길,936,518,418,3,113,225,237,216,142,3,47,125,133,105,105,0,66,100,104,111,37
2016_2,능동로19길,345,220,125,1,46,104,79,81,34,1,24,71,47,46,31,0,22,33,32,35,3
2016_2,능동로13길,334,106,228,0,42,62,69,93,68,0,8,23,23,30,22,0,34,39,46,63,46
2016_2,긴고랑로9길,62,29,33,0,7,17,26,5,7,0,2,10,11,3,3,0,5,7,15,2,4
2016_2,긴고랑로8길,233,210,23,0,7,22,39,97,68,0,4,17,31,91,67,0,3,5,8,6,1
2016_2,긴고랑로7길,542,260,282,3,43,122,169,137,68,2,15,68,78,60,37,1,28,54,91,77,31
2016_2,긴고랑로20길,541,248,293,0,56,140,146,128,71,0,17,66,73,57,35,0,39,74,73,71,36
2016_2,광나루로52길,1717,850,867,17,205,264,273,376,582,13,126,149,158,152,252,4,79,115,115,224,330
2016_2,광나루로40길,97,49,48,0,23,22,29,14,9,0,6,8,19,9,7,0,17,14,10,5,2
2016_2,광나루로37길,271,155,116,0,40,78,77,46,30,0,15,41,43,32,24,0,25,37,34,14,6
2016_2,광나루로36길,37,26,11,0,3,13,10,9,2,0,2,10,9,5,0,0,1,3,1,4,2
2016_2,광나루로24길,67,34,33,0,18,20,13,9,7,0,4,12,8,5,5,0,14,8,5,4,2
2016_2,광나루로12길,958,532,426,0,172,267,273,175,71,0,83,165,142,87,55,0,89,102,131,88,16
2016_2,한림말길,65,39,26,0,7,15,24,10,9,0,2,7,17,7,6,0,5,8,7,3,3
2016_2,청계천로10나길,1805,1076,729,5,218,543,417,381,241,1,114,369,271,184,137,4,104,174,146,197,104
2016_2,장터길,44,17,27,0,6,15,7,10,6,0,0,5,4,4,4,0,6,10,3,6,2
2016_2,용답중앙길,96,57,39,0,7,27,26,19,17,0,6,16,21,8,6,0,1,11,5,11,11
2016_2,용답29길,1913,985,928,4,190,375,539,486,319,2,111,213,218,234,207,2,79,162,321,252,112
2016_2,왕십리로6길,1293,709,584,0,162,351,380,289,111,0,67,195,206,160,81,0,95,156,174,129,30
2016_2,왕십리로31길,108,52,56,0,10,32,28,17,21,0,2,9,14,9,18,0,8,23,14,8,3
2016_2,왕십리로26길,4178,2349,1829,14,677,986,1280,817,404,6,253,630,696,496,268,8,424,356,584,321,136
2016_2,왕십리로21길,163,53,110,0,26,34,43,44,16,0,4,6,12,24,7,0,22,28,31,20,9
2016_2,왕십리로14길,2536,1936,600,8,311,569,680,625,343,3,169,431,533,501,299,5,142,138,147,124,44
2016_2,아차산로5길,2220,1513,707,2,295,580,655,496,192,1,180,408,450,331,143,1,115,172,205,165,49
2016_2,아차산로15길,3980,2863,1117,17,565,1164,1118,747,369,9,286,854,836,553,325,8,279,310,282,194,44
2016_2,아차산로11길,3339,2207,1132,6,481,848,986,686,332,3,228,594,701,428,253,3,253,254,285,258,79
2016_2,송정4가길,1037,481,556,3,154,348,292,145,95,1,54,174,122,65,65,2,100,174,170,80,30
2016_2,송정12라길,272,182,90,0,27,69,80,55,41,0,8,43,51,44,36,0,19,26,29,11,5
2016_2,성수일로6길,3034,1722,1312,11,352,787,808,540,536,8,167,465,440,329,313,3,185,322,368,211,223
2016_2,성수이로7길,378,249,129,0,66,101,94,82,35,0,36,60,68,59,26,0,30,41,26,23,9
2016_2,성수이로18길,2216,1566,650,3,316,646,647,461,143,2,165,460,477,345,117,1,151,186,170,116,26
2016_2,성덕정길,612,380,232,1,52,128,197,163,71,0,24,79,117,105,55,1,28,49,80,58,16
2016_2,성덕정17길,230,122,108,1,30,52,57,64,26,0,10,23,32,41,16,1,20,29,25,23,10
2016_2,서울숲2길,1331,757,574,5,127,285,338,364,212,0,50,163,198,192,154,5,77,122,140,172,58
2016_2,상원길,1736,1181,555,10,296,527,485,283,135,8,139,389,350,196,99,2,157,138,135,87,36
2016_2,상원12길,181,106,75,4,28,37,60,37,15,3,13,24,32,25,9,1,15,13,28,12,6
2016_2,사근동길,31,17,14,0,4,10,11,3,3,0,2,4,7,2,2,0,2,6,4,1,1
2016_2,무학봉길,3,3,0,0,0,1,0,0,2,0,0,1,0,0,2,0,0,0,0,0,0
2016_2,무학봉28길,165,77,88,0,25,41,45,35,19,0,8,16,20,21,12,0,17,25,25,14,7
2016_2,무학로6길,367,217,150,0,32,80,104,95,56,0,11,49,62,60,35,0,21,31,42,35,21
2016_2,무수막길,113,48,65,0,18,27,24,28,16,0,4,15,10,9,10,0,14,12,14,19,6
2016_2,매봉길,22,14,8,0,2,3,10,2,5,0,2,2,5,2,3,0,0,1,5,0,2
2016_2,마조로1길,198,74,124,0,23,42,69,56,8,0,5,16,24,23,6,0,18,26,45,33,2
2016_2,마조로16길,782,545,237,2,73,139,212,228,128,1,32,88,147,170,107,1,41,51,65,58,21
2016_2,마장로39길,145,60,85,0,16,28,55,38,8,0,9,20,17,9,5,0,7,8,38,29,3
2016_2,마장로27길,99,37,62,0,12,31,35,16,5,0,3,10,12,8,4,0,9,21,23,8,1
2016_2,둘레9길,411,239,172,3,62,97,105,100,44,3,25,57,69,53,32,0,37,40,36,47,12
2016_2,금호산길,393,145,248,0,60,101,96,100,36,0,15,38,35,36,21,0,45,63,61,64,15
2016_2,금호산2길,38,18,20,0,5,9,12,8,4,0,0,6,3,6,3,0,5,3,9,2,1
2016_2,고산자로6길,14987,6213,8774,16,1970,4188,4888,3453,472,9,821,2263,1931,825,364,7,1149,1925,2957,2628,108
2016_2,후암로28길,189,77,112,0,42,43,49,44,11,0,9,17,27,16,8,0,33,26,22,28,3
2016_2,효창원로39길,54,36,18,0,3,19,16,15,1,0,2,16,12,6,0,0,1,3,4,9,1
2016_2,회나무로13길,56,35,21,0,16,23,9,7,1,0,9,16,6,3,1,0,7,7,3,4,0
2016_2,한남대로20길,687,385,302,1,142,253,176,63,52,1,63,138,104,40,39,0,79,115,72,23,13
2016_2,한강대로7길,585,405,180,3,75,121,120,92,174,3,52,99,98,61,92,0,23,22,22,31,82
2016_2,한강대로62길,624,419,205,0,116,159,132,133,84,0,70,120,92,83,54,0,46,39,40,50,30
2016_2,한강대로52길,1177,761,416,5,256,398,278,157,83,3,109,254,201,131,63,2,147,144,77,26,20
2016_2,한강대로43길,4653,2995,1658,6,659,1303,1285,874,526,6,288,866,928,573,334,0,371,437,357,301,192
2016_2,한강대로15길,1889,381,1508,7,969,629,150,83,51,0,88,112,85,58,38,7,881,517,65,25,13
2016_2,한강대로104길,4222,3010,1212,27,526,1282,1359,822,206,2,190,885,1057,709,167,25,336,397,302,113,39
2016_2,청파로73길,1310,743,567,0,137,385,353,265,170,0,60,163,172,191,157,0,77,222,181,74,13
2016_2,청파로71길,218,112,106,0,20,52,68,62,16,0,3,20,29,47,13,0,17,32,39,15,3
2016_2,청파로47나길,119,79,40,1,7,22,35,29,25,0,3,17,25,17,17,1,4,5,10,12,8
2016_2,청파로47길,820,379,441,0,116,230,223,169,82,0,46,106,113,65,49,0,70,124,110,104,33
2016_2,장문로45길,77,10,67,0,8,14,12,28,15,0,2,3,1,3,1,0,6,11,11,25,14
2016_2,이태원로54길,2167,1070,1097,16,546,698,517,304,86,13,270,462,219,68,38,3,276,236,298,236,48
2016_2,이태원로27길,530,297,233,4,190,170,75,56,35,4,97,105,39,31,21,0,93,65,36,25,14
2016_2,이촌로22길,213,131,82,0,13,40,63,55,42,0,0,25,40,34,32,0,13,15,23,21,10
2016_2,원효로89길,941,755,186,0,145,374,218,156,48,0,101,287,194,132,41,0,44,87,24,24,7
2016_2,원효로53길,750,451,299,5,93,205,218,145,84,3,44,127,141,83,53,2,49,78,77,62,31
2016_2,원효로41길,2387,1688,699,8,241,613,508,636,381,6,123,465,403,413,278,2,118,148,105,223,103
2016_2,원효로19길,961,686,275,1,110,384,260,131,75,1,56,284,201,86,58,0,54,100,59,45,17
2016_2,우사단로4길,168,121,47,0,15,23,38,56,36,0,4,10,23,48,36,0,11,13,15,8,0
2016_2,우사단로14길,1640,877,763,0,293,785,440,96,26,0,65,397,317,81,17,0,228,388,123,15,9
2016_2,우사단로10길,56,30,26,0,5,6,15,22,8,0,2,1,6,15,6,0,3,5,9,7,2
2016_2,신흥로20길,196,94,102,0,38,56,57,25,20,0,14,20,33,13,14,0,24,36,24,12,6
2016_2,소월로20길,128,40,88,0,28,31,27,29,13,0,3,6,3,17,11,0,25,25,24,12,2
2016_2,서빙고로71길,448,261,187,0,35,134,114,94,71,0,12,58,55,77,59,0,23,76,59,17,12
2016_2,백범로90길,307,179,128,1,36,67,100,58,45,0,14,40,62,34,29,1,22,27,38,24,16
2016_2,백범로79길,1079,663,416,1,111,299,234,295,139,0,34,175,161,196,97,1,77,124,73,99,42
2016_2,두텁바위로1길,2562,1438,1124,5,421,700,578,453,405,3,123,376,356,301,279,2,298,324,222,152,126
2016_2,대사관로34길,325,181,144,0,48,82,87,60,48,0,14,47,47,36,37,0,34,35,40,24,11
2016_2,녹사평대로46길,47,36,11,0,25,13,4,3,2,0,21,10,2,1,2,0,4,3,2,2,0
2016_2,녹사평대로40나길,54,33,21,0,22,13,8,6,5,0,12,11,3,3,4,0,10,2,5,3,1
2016_2,녹사평대로32길,291,149,142,0,47,76,71,43,54,0,19,39,32,19,40,0,28,37,39,24,14
2016_2,녹사평대로26길,2105,1184,921,6,156,581,533,580,249,5,39,256,269,439,176,1,117,325,264,141,73
2016_2,녹사평대로11길,294,196,98,1,35,74,101,57,26,0,24,45,69,38,20,1,11,29,32,19,6
2016_2,퇴계로90길,473,193,280,0,60,139,120,100,54,0,13,48,52,39,41,0,47,91,68,61,13
2016_2,퇴계로8길,2543,1350,1193,9,409,794,653,397,281,1,107,456,370,212,204,8,302,338,283,185,77
2016_2,퇴계로56길,1022,814,208,0,122,401,317,139,43,0,76,325,276,111,26,0,46,76,41,28,17
2016_2,퇴계로46길,1953,811,1142,7,330,585,512,383,136,2,54,187,224,239,105,5,276,398,288,144,31
2016_2,퇴계로18길,2885,1316,1569,10,534,828,680,531,302,2,163,429,343,221,158,8,371,399,337,310,144
2016_2,퇴계로12길,975,436,539,2,167,238,221,231,116,0,35,89,113,130,69,2,132,149,108,101,47
2016_2,청구로1길,203,98,105,0,46,33,53,42,29,0,10,11,28,27,22,0,36,22,25,15,7
2016_2,청구로17길,1677,780,897,3,393,628,343,211,99,0,58,273,202,169,78,3,335,355,141,42,21
2016_2,장충단로8길,3984,1228,2756,20,1432,881,907,514,230,5,365,358,230,159,111,15,1067,523,677,355,119
2016_2,삼일대로4길,959,574,385,2,149,294,236,161,117,1,52,168,167,103,83,1,97,126,69,58,34
2016_2,명동길,36879,18411,18468,150,6232,13760,10430,4940,1367,51,2060,6190,5768,3448,894,99,4172,7570,4662,1492,473
2016_2,동호로20길,981,491,490,16,322,266,175,141,61,7,144,130,96,73,41,9,178,136,79,68,20
2016_2,동호로15길,4133,2223,1910,7,1560,1445,752,271,98,2,573,841,555,186,66,5,987,604,197,85,32
2016_2,동호로11길,20,16,4,0,2,4,9,3,2,0,2,4,7,2,1,0,0,0,2,1,1
2016_2,동호로10길,1446,646,800,4,291,407,353,261,130,2,60,187,197,125,75,2,231,220,156,136,55
2016_2,다산로39길,1166,667,499,5,129,282,321,319,110,2,65,183,183,179,55,3,64,99,138,140,55
2016_2,다산로38길,1480,755,725,9,441,442,316,192,80,2,142,246,192,117,56,7,299,196,124,75,24
2016_2,다산로36길,53,31,22,1,9,13,13,14,3,0,3,8,9,9,2,1,6,5,4,5,1
2016_2,다산로33길,384,198,186,1,56,90,113,86,38,0,34,46,50,43,25,1,22,44,63,43,13
2016_2,난계로21길,219,147,72,2,20,50,79,56,12,0,11,32,53,42,9,2,9,18,26,14,3
2016_2,난계로11길,1884,1070,814,2,368,420,367,482,245,0,167,257,245,245,156,2,201,163,122,237,89
2016_2,필운대로1길,5,1,4,0,0,4,1,0,0,0,0,1,0,0,0,0,0,3,1,0,0
2016_2,평창길,157,68,89,1,22,29,45,40,20,0,4,11,29,11,13,1,18,18,16,29,7
2016_2,통일로12길,241,107,134,0,21,50,80,76,14,0,2,24,36,37,8,0,19,26,44,39,6
2016_2,창신길,246,63,183,0,24,36,49,85,52,0,6,15,15,17,10,0,18,21,34,68,42
2016_2,창신5길,6,3,3,0,0,0,2,2,2,0,0,0,1,1,1,0,0,0,1,1,1
2016_2,창신2길,52,30,22,0,1,9,13,24,5,0,0,7,8,12,3,0,1,2,5,12,2
2016_2,창경궁로35길,1426,410,1016,19,392,378,419,165,53,0,42,111,138,82,37,19,350,267,281,83,16
2016_2,지봉로8길,155,83,72,0,32,33,49,33,8,0,17,17,21,24,4,0,15,16,28,9,4
2016_2,종로65길,628,281,347,2,63,152,157,137,117,0,21,68,65,55,72,2,42,84,92,82,45
2016_2,자하문로7길,495,283,212,0,93,154,134,66,48,0,41,94,71,39,38,0,52,60,63,27,10
2016_2,이화장길,1863,908,955,4,264,547,524,390,134,2,77,198,278,267,86,2,187,349,246,123,48
2016_2,율곡로16길,11,7,4,0,2,3,1,3,2,0,1,3,1,0,2,0,1,0,0,3,0
2016_2,율곡로10길,2334,1735,599,6,330,753,678,361,206,2,202,571,536,262,162,4,128,182,142,99,44
2016_2,옥인길,490,209,281,0,71,122,137,129,31,0,9,54,72,64,10,0,62,68,65,65,21
2016_2,숭인동길,19,8,11,0,2,0,10,6,1,0,0,0,4,3,1,0,2,0,6,3,0
2016_2,성균관로5길,132,73,59,0,9,7,12,14,90,0,3,4,5,8,53,0,6,3,7,6,37
2016_2,삼청로5길,436,164,272,1,111,114,93,80,37,1,33,43,32,39,16,0,78,71,61,41,21
2016_2,북촌로5나길,1569,1093,476,1,119,521,534,345,49,1,54,335,405,271,27,0,65,186,129,74,22
2016_2,북촌로5길,50,24,26,0,7,14,7,14,8,0,2,9,3,5,5,0,5,5,4,9,3
2016_2,북촌로11길,19,11,8,0,3,7,2,3,4,0,1,3,1,3,3,0,2,4,1,0,1
2016_2,백석동길,119,60,59,2,21,32,22,20,22,1,11,11,10,11,16,1,10,21,12,9,6
2016_2,명륜길,16,10,6,0,4,6,3,2,1,0,4,3,2,0,1,0,0,3,1,2,0
2016_2,돈화문로11가길,1074,566,508,3,159,291,268,190,163,1,52,141,157,106,109,2,107,150,111,84,54
2016_2,계동길,844,375,469,6,194,254,189,140,61,4,55,94,97,83,42,2,139,160,92,57,19
2016_1,강남 마이스 관광특구,20413,11662,8751,130,5448,6901,5082,2303,549,50,1732,3780,3845,1837,418,80,3716,3121,1237,466,131
2016_1,잠실 관광특구,26362,15696,10666,316,4924,7132,6130,5347,2513,135,2483,4634,3662,3190,1592,181,2441,2498,2468,2157,921
2016_1,종로·청계 관광특구,30380,18859,11521,75,4813,9708,8707,5640,1437,31,1759,5288,6351,4432,998,44,3054,4420,2356,1208,439
2016_1,동대문패션타운 관광특구,13572,9051,4521,52,2653,4592,3499,2018,758,21,1406,3069,2633,1415,507,31,1247,1523,866,603,251
2016_1,명동 남대문 북창동 다동 무교동 관광특구,168354,84603,83751,1056,37145,59220,44555,20655,5723,332,11195,26959,27613,14570,3934,724,25950,32261,16942,6085,1789
2016_1,이태원 관광특구,5551,3173,2378,45,1316,1602,1173,935,480,23,658,932,656,609,295,22,658,670,517,326,185
2016_1,길동복조리시장,564,343,221,0,53,105,147,157,102,0,28,64,93,90,68,0,25,41,54,67,34
2016_1,둔촌역전통시장,147,73,74,0,12,37,29,47,22,0,3,20,15,21,14,0,9,17,14,26,8
2016_1,성내골목시장,7,2,5,0,0,2,2,2,1,0,0,2,0,0,0,0,0,0,2,2,1
2016_1,천호시장,18,10,8,0,8,5,2,3,0,0,4,5,0,1,0,0,4,0,2,2,0
2016_1,암사종합시장,710,321,389,1,39,76,94,130,370,0,14,41,43,36,187,1,25,35,51,94,183
2016_1,고덕전통시장,396,381,15,0,2,12,58,176,148,0,1,9,51,172,148,0,1,3,7,4,0
2016_1,명일골목시장,400,118,282,1,10,20,94,149,126,0,2,7,17,35,57,1,8,13,77,114,69
2016_1,새마을시장,311,169,142,0,48,84,80,60,39,0,17,53,42,32,25,0,31,31,38,28,14
2016_1,석촌시장,175,110,65,0,27,27,52,41,28,0,16,17,33,22,22,0,11,10,19,19,6
2016_1,방이시장,656,431,225,0,107,215,175,122,37,0,74,180,111,44,22,0,33,35,64,78,15
2016_1,마천시장,240,54,186,0,26,41,70,61,42,0,6,6,19,14,9,0,20,35,51,47,33
2016_1,풍납시장,14,4,10,0,2,1,4,7,0,0,0,0,1,3,0,0,2,1,3,4,0
2016_1,강남개포시장,34,29,5,0,1,1,7,10,15,0,0,1,3,10,15,0,1,0,4,0,0
2016_1,도곡시장,502,219,283,7,65,123,143,116,48,1,15,68,60,46,29,6,50,55,83,70,19
2016_1,영동전통시장,3159,2351,808,9,516,829,990,586,229,4,304,656,811,407,169,5,212,173,179,179,60
2016_1,미성동도깨비시장,413,180,233,1,59,94,145,92,22,0,23,45,60,35,17,1,36,49,85,57,5
2016_1,삼성동시장,57,27,30,0,8,10,8,19,12,0,1,5,2,10,9,0,7,5,6,9,3
2016_1,신림중앙시장,18,10,8,0,1,3,5,6,3,0,1,2,3,3,1,0,0,1,2,3,2
2016_1,강남골목시장,246,134,112,0,30,60,63,55,38,0,10,38,34,27,25,0,20,22,29,28,13
2016_1,관악신사시장,341,266,75,2,69,51,64,90,65,2,49,38,47,74,56,0,20,13,17,16,9
2016_1,신원시장,341,144,197,0,43,68,78,89,63,0,16,42,35,29,22,0,27,26,43,60,41
2016_1,인헌시장,232,78,154,0,32,57,70,59,14,0,8,29,20,14,7,0,24,28,50,45,7
2016_1,봉천현대시장,15,6,9,0,2,3,4,2,4,0,0,0,2,2,2,0,2,3,2,0,2
2016_1,봉천제일종합시장,45,24,21,0,3,9,18,7,8,0,1,4,7,5,7,0,2,5,11,2,1
2016_1,낙성대시장,18,11,7,0,3,2,3,6,4,0,1,1,3,4,2,0,2,1,0,2,2
2016_1,중부시장,153,52,101,0,25,32,35,27,34,0,9,9,15,9,10,0,16,23,20,18,24
2016_1,남성역골목시장,496,238,258,1,58,121,133,110,73,0,22,48,74,48,46,1,36,73,59,62,27
2016_1,남성사계시장,1905,885,1020,9,255,396,413,472,360,3,69,213,222,187,191,6,186,183,191,285,169
2016_1,흑석시장,174,67,107,0,20,46,55,32,21,0,3,10,20,14,20,0,17,36,35,18,1
2016_1,상도4동도깨비골목시장,328,89,239,1,68,77,82,68,32,0,13,27,19,13,17,1,55,50,63,55,15
2016_1,영도시장,87,37,50,0,17,20,26,15,9,0,2,8,12,8,7,0,15,12,14,7,2
2016_1,본동인정시장,111,52,59,0,6,29,31,30,15,0,1,12,12,13,14,0,5,17,19,17,1
2016_1,대림중앙시장,26,18,8,0,3,5,4,12,2,0,1,4,4,7,2,0,2,1,0,5,0
2016_1,우리시장,15,5,10,0,0,2,7,5,1,0,0,0,2,2,1,0,0,2,5,3,0
2016_1,영진시장A동,37,33,4,0,3,16,8,6,4,0,3,14,7,5,4,0,0,2,1,1,0
2016_1,영일시장,2,2,0,0,1,0,0,1,0,0,1,0,0,1,0,0,0,0,0,0,0
2016_1,영등포청과시장,137,83,54,0,25,33,40,24,15,0,14,14,30,17,8,0,11,19,10,7,7
2016_1,영등포전통시장,4051,2015,2036,25,641,1556,1028,544,257,2,163,657,638,377,178,23,478,899,390,167,79
2016_1,은행나무시장,43,10,33,0,2,11,12,12,6,0,0,2,3,4,1,0,2,9,9,8,5
2016_1,현대시장,59,17,42,0,9,14,24,8,4,0,2,6,4,2,3,0,7,8,20,6,1
2016_1,남문시장,312,120,192,0,27,39,105,114,27,0,7,16,32,52,13,0,20,23,73,62,14
2016_1,독산동 우시장,140,58,82,0,11,23,53,36,17,0,5,14,13,15,11,0,6,9,40,21,6
2016_1,개봉중앙시장,7,3,4,0,0,1,2,3,1,0,0,0,1,1,1,0,0,1,1,2,0
2016_1,가리봉시장,16,9,7,0,1,1,7,3,4,0,0,0,4,2,3,0,1,1,3,1,1
2016_1,남구로시장,5,2,3,0,0,1,1,3,0,0,0,0,0,2,0,0,0,1,1,1,0
2016_1,구로시장,46,19,27,0,9,14,13,7,3,0,3,3,6,4,3,0,6,11,7,3,0
2016_1,방신전통시장,137,116,21,0,1,19,26,57,34,0,0,13,20,51,32,0,1,6,6,6,2
2016_1,송화골목시장,485,180,305,3,77,89,158,117,41,0,13,40,63,33,31,3,64,49,95,84,10
2016_1,까치산시장,28,18,10,0,3,5,15,5,0,0,1,3,11,3,0,0,2,2,4,2,0
2016_1,남부골목시장,174,78,96,0,30,38,64,33,9,0,11,16,32,13,6,0,19,22,32,20,3
2016_1,화곡중앙골목시장,2,2,0,0,0,1,0,0,1,0,0,1,0,0,1,0,0,0,0,0,0
2016_1,등마루시장,728,448,280,60,239,147,121,92,69,46,167,93,69,37,36,14,72,54,52,55,33
2016_1,신정3동골목시장,248,106,142,0,32,46,54,67,49,0,9,19,18,35,25,0,23,27,36,32,24
2016_1,신정2동골목시장,8,6,2,0,1,1,4,1,1,0,1,0,4,0,1,0,0,1,0,1,0
2016_1,신월6동골목시장,266,120,146,0,47,68,86,36,29,0,14,31,42,13,20,0,33,37,44,23,9
2016_1,신곡종합시장,13,10,3,0,0,2,2,5,4,0,0,0,2,4,4,0,0,2,0,1,0
2016_1,신월3동골목시장,55,15,40,0,8,9,19,15,4,0,2,5,3,4,1,0,6,4,16,11,3
2016_1,경창시장,190,81,109,0,15,33,48,56,38,0,6,20,25,22,8,0,9,13,23,34,30
2016_1,월정로시장,104,57,47,0,10,21,33,27,13,0,7,11,18,13,8,0,3,10,15,14,5
2016_1,신영시장,49,25,24,0,2,20,18,8,1,0,0,14,6,4,1,0,2,6,12,4,0
2016_1,목4동시장,250,88,162,0,31,52,81,67,19,0,9,23,20,24,12,0,22,29,61,43,7
2016_1,목3동시장,700,346,354,4,90,168,230,142,66,3,32,81,118,73,39,1,58,87,112,69,27
2016_1,목2동시장,198,98,100,1,28,57,59,46,7,0,9,30,36,18,5,1,19,27,23,28,2
2016_1,마포농수산물시장,492,312,180,0,24,52,128,190,98,0,14,34,87,108,69,0,10,18,41,82,29
2016_1,망원월드컵시장,17,11,6,0,0,3,7,3,4,0,0,2,5,2,2,0,0,1,2,1,2
2016_1,망원시장,33,17,16,0,2,5,10,13,3,0,2,3,5,5,2,0,0,2,5,8,1
2016_1,신수시장,123,99,24,0,9,34,38,30,12,0,3,23,32,30,11,0,6,11,6,0,1
2016_1,아현시장,21,3,18,0,2,10,4,5,0,0,0,2,0,1,0,0,2,8,4,4,0
2016_1,대림골목시장,299,95,204,0,50,68,86,69,26,0,12,25,28,13,17,0,38,43,58,56,9
2016_1,상계중앙시장,27,11,16,0,9,7,5,4,2,0,5,4,1,1,0,0,4,3,4,3,2
2016_1,방학동도깨비시장,131,55,76,0,19,42,38,20,12,0,9,20,18,4,4,0,10,22,20,16,8
2016_1,쌍문역골목시장,58,26,32,0,14,15,17,5,7,0,5,9,4,4,4,0,9,6,13,1,3
2016_1,신도봉시장,26,16,10,0,0,5,7,12,2,0,0,5,6,4,1,0,0,0,1,8,1
2016_1,창동신창시장,130,55,75,1,16,21,44,32,16,0,3,8,19,16,9,1,13,13,25,16,7
2016_1,수유북부시장,13,3,10,0,1,2,2,3,5,0,1,1,0,0,1,0,0,1,2,3,4
2016_1,장미원골목시장,73,51,22,0,13,19,20,13,8,0,6,15,12,12,6,0,7,4,8,1,2
2016_1,수유중앙시장,130,71,59,0,21,30,37,23,19,0,6,20,21,12,12,0,15,10,16,11,7
2016_1,강북종합시장,60,24,36,0,12,13,21,10,4,0,4,6,7,5,2,0,8,7,14,5,2
2016_1,우이시장,148,63,85,0,17,25,45,38,23,0,5,12,14,14,18,0,12,13,31,24,5
2016_1,수유전통시장,451,139,312,1,49,79,91,139,92,1,9,18,26,38,47,0,40,61,65,101,45
2016_1,번동북부골목시장,88,54,34,0,12,21,30,15,10,0,7,12,21,9,5,0,5,9,9,6,5
2016_1,솔샘시장,105,41,64,0,19,34,30,17,5,0,3,16,13,7,2,0,16,18,17,10,3
2016_1,방천골목시장,84,28,56,0,20,19,21,18,6,0,1,4,10,8,5,0,19,15,11,10,1
2016_1,석관황금시장,52,42,10,0,2,3,13,15,19,0,1,1,7,14,19,0,1,2,6,1,0
2016_1,장위전통시장,178,66,112,0,11,49,67,29,22,0,1,19,19,12,15,0,10,30,48,17,7
2016_1,정릉시장,35,14,21,0,7,6,10,9,3,0,2,3,2,5,2,0,5,3,8,4,1
2016_1,정릉아리랑시장,8,5,3,1,0,2,1,4,0,0,0,2,1,2,0,1,0,0,0,2,0
2016_1,돈암제일시장,77,39,38,0,17,17,20,14,9,0,5,9,8,10,7,0,12,8,12,4,2
2016_1,우림골목시장,222,105,117,1,16,25,58,65,57,0,4,10,25,30,36,1,12,15,33,35,21
2016_1,묵1동도깨비시장,266,111,155,2,37,58,76,78,15,0,9,29,31,35,7,2,28,29,45,43,8
2016_1,태능시장,4,3,1,0,1,2,1,0,0,0,0,2,1,0,0,0,1,0,0,0,0
2016_1,중화제일시장,23,1,22,0,6,1,10,5,1,0,0,0,0,1,0,0,6,1,10,4,1
2016_1,사가정시장,257,191,66,1,18,28,58,89,63,0,4,16,37,76,58,1,14,12,21,13,5
2016_1,동원시장,53,22,31,0,6,7,21,14,5,0,0,2,10,6,4,0,6,5,11,8,1
2016_1,동부골목시장,83,28,55,0,15,17,15,19,17,0,1,3,3,8,13,0,14,14,12,11,4
2016_1,회기시장,120,48,72,0,29,29,30,20,12,0,9,11,14,7,7,0,20,18,16,13,5
2016_1,답십리시장,24,7,17,0,2,9,10,3,0,0,0,3,3,1,0,0,2,6,7,2,0
2016_1,답십리현대시장,99,72,27,0,13,16,31,25,14,0,10,16,20,14,12,0,3,0,11,11,2
2016_1,청량리종합시장,6,4,2,0,0,2,1,0,3,0,0,1,0,0,3,0,0,1,1,0,0
2016_1,청량리농수산물시장,15,13,2,0,1,4,4,4,2,0,1,4,3,3,2,0,0,0,1,1,0
2016_1,서울약령시장,1359,862,497,0,130,284,351,383,211,0,64,179,227,250,142,0,66,105,124,133,69
2016_1,청량리수산시장,196,104,92,1,38,57,37,31,32,0,12,33,17,16,26,1,26,24,20,15,6
2016_1,구의시장,99,57,42,0,17,18,27,30,7,0,3,15,15,18,6,0,14,3,12,12,1
2016_1,조양시장,75,39,36,0,4,16,26,18,11,0,1,6,13,10,9,0,3,10,13,8,2
2016_1,영동교골목시장,26,18,8,0,1,4,5,4,12,0,0,3,3,2,10,0,1,1,2,2,2
2016_1,능동로골목시장,292,272,20,0,8,8,14,20,242,0,4,7,6,15,240,0,4,1,8,5,2
2016_1,자양골목시장,93,49,44,1,9,13,31,30,9,1,3,7,18,14,6,0,6,6,13,16,3
2016_1,중곡제일시장,140,74,66,0,13,28,42,40,17,0,4,15,19,23,13,0,9,13,23,17,4
2016_1,한아름시장,114,63,51,2,27,31,31,18,5,2,17,21,14,8,1,0,10,10,17,10,4
2016_1,성동용답상가시장,277,143,134,0,43,65,78,61,30,0,18,29,39,33,24,0,25,36,39,28,6
2016_1,뚝도시장,31,13,18,0,5,8,7,9,2,0,2,5,1,4,1,0,3,3,6,5,1
2016_1,금남시장,22,12,10,0,3,5,2,5,7,0,0,3,2,2,5,0,3,2,0,3,2
2016_1,행당시장,219,118,101,1,35,60,69,41,13,0,10,33,40,26,9,1,25,27,29,15,4
2016_1,마장축산물시장,1569,1052,517,7,179,441,448,344,150,4,112,325,299,214,98,3,67,116,149,130,52
2016_1,용문전통시장,25,14,11,0,0,5,9,8,3,0,0,3,6,3,2,0,0,2,3,5,1
2016_1,후암시장,39,16,23,0,1,6,12,17,3,0,0,4,5,6,1,0,1,2,7,11,2
2016_1,합동(새벽)시장,2374,1285,1089,9,400,792,566,336,271,3,96,311,345,272,258,6,304,481,221,64,13
2016_1,서울중앙시장,227,151,76,0,18,67,63,54,25,0,8,45,41,39,18,0,10,22,22,15,7
2016_1,백학시장,445,237,208,2,79,135,112,88,29,0,34,86,61,37,19,2,45,49,51,51,10
2016_1,약수시장,1580,599,981,12,284,418,376,274,216,4,68,141,161,118,107,8,216,277,215,156,109
2016_1,청평화시장,2653,1742,911,1,725,914,742,195,76,0,500,563,531,105,43,1,225,351,211,90,33
2016_1,제일평화시장,454,291,163,0,85,132,81,96,60,0,43,83,58,63,44,0,42,49,23,33,16
2016_1,남평화시장,163,106,57,0,15,29,34,67,18,0,6,20,22,43,15,0,9,9,12,24,3
2016_1,방산종합시장,1815,1185,630,4,166,436,507,464,238,2,105,299,300,301,178,2,61,137,207,163,60
2016_1,인현시장,1202,775,427,4,100,233,375,330,160,1,35,131,250,232,126,3,65,102,125,98,34
2016_1,신중부시장,2420,1612,808,6,211,560,726,571,346,1,98,384,484,393,252,5,113,176,242,178,94
2016_1,남대문시장,7064,3772,3292,34,1342,2843,1703,775,367,14,456,1490,1016,525,271,20,886,1353,687,250,96
2016_1,동묘시장,924,601,323,1,164,203,249,195,112,0,72,144,166,137,82,1,92,59,83,58,30
2016_1,창신골목시장,225,123,102,0,28,111,44,32,10,0,6,59,31,19,8,0,22,52,13,13,2
2016_1,충신시장,340,202,138,3,62,91,80,71,33,1,31,53,46,45,26,2,31,38,34,26,7
2016_1,종로신진시장,31,14,17,0,1,2,9,10,9,0,0,1,3,5,5,0,1,1,6,5,4
2016_1,동대문종합시장,240,147,93,1,21,63,69,55,31,0,12,38,40,36,21,1,9,25,29,19,10
2016_1,광장시장,213,150,63,0,26,35,41,70,41,0,15,25,30,48,32,0,11,10,11,22,9
2016_1,서울 노원구 노원역_3,797,330,467,22,244,129,181,152,69,11,94,68,75,49,33,11,150,61,106,103,36
2016_1,서울 노원구 노원역_1,982,310,672,16,309,259,209,137,52,9,51,86,85,53,26,7,258,173,124,84,26
2016_1,창동역,2395,1568,827,9,257,464,649,656,360,5,109,281,437,480,256,4,148,183,212,176,104
2016_1,서울 강북구 수유역_3,58,30,28,2,4,11,17,22,2,0,1,9,7,11,2,2,3,2,10,11,0
2016_1,서울 강북구 수유역_2,4168,2160,2008,15,449,953,999,1071,681,7,151,414,522,672,394,8,298,539,477,399,287
2016_1,서울 강북구 수유역_1,120,95,25,0,11,27,33,35,14,0,6,21,27,28,13,0,5,6,6,7,1
2016_1,서울 은평구 연신내역_3,598,198,400,4,135,155,133,97,74,3,27,54,52,35,27,1,108,101,81,62,47
2016_1,서울 은평구 연신내역_2,378,157,221,11,83,81,94,61,48,7,31,37,43,14,25,4,52,44,51,47,23
2016_1,서울 은평구 연신내역_1,76,38,38,2,14,17,18,18,7,0,5,8,10,11,4,2,9,9,8,7,3
2016_1,서울 성북구 미아삼거리역_2,502,225,277,2,114,127,139,89,31,1,26,55,72,50,21,1,88,72,67,39,10
2016_1,서울 강북구 미아삼거리역_1,462,163,299,2,114,121,98,78,49,2,19,40,41,29,32,0,95,81,57,49,17
2016_1,서울 은평구 불광역_3,45,13,32,0,7,11,14,10,3,0,2,2,4,4,1,0,5,9,10,6,2
2016_1,서울 은평구 불광역_2,71,26,45,0,8,15,19,21,8,0,0,2,8,12,4,0,8,13,11,9,4
2016_1,서울 은평구 불광역_1,253,116,137,2,38,63,64,56,30,1,14,28,33,24,16,1,24,35,31,32,14
2016_1,미아사거리_2,134,67,67,1,28,24,17,26,38,0,7,8,7,8,37,1,21,16,10,18,1
2016_1,미아사거리_1,570,268,302,8,104,114,158,133,53,5,58,52,61,63,29,3,46,62,97,70,24
2016_1,서울 성북구 성신여대입구역,4909,3017,1892,27,554,1082,1335,1364,547,12,185,507,833,1073,407,15,369,575,502,291,140
2016_1,경희대학교,351,157,194,5,59,93,86,77,31,0,28,53,43,24,9,5,31,40,43,53,22
2016_1,서울 성북구 안암역,83,50,33,0,16,29,19,11,8,0,12,20,9,5,4,0,4,9,10,6,4
2016_1,혜화역 대학로_3,1690,809,881,8,284,492,426,320,160,4,96,217,228,165,99,4,188,275,198,155,61
2016_1,혜화역 대학로_2,1393,814,579,3,73,485,457,337,38,0,22,199,276,290,27,3,51,286,181,47,11
2016_1,혜화역 대학로_1,1256,631,625,8,266,376,278,215,113,1,102,209,153,104,62,7,164,167,125,111,51
2016_1,디지털미디어시티,21515,12932,8583,352,7371,7392,4651,1482,267,135,3049,4700,3671,1188,189,217,4322,2692,980,294,78
2016_1,서울 동대문구 청량리역,3146,2021,1125,5,479,754,853,603,452,0,290,517,561,351,302,5,189,237,292,252,150
2016_1,서울 종로구 안국역_2,755,288,467,11,185,223,197,91,48,3,41,92,79,41,32,8,144,131,118,50,16
2016_1,서울 종로구 안국역_1,11904,9790,2114,9,1494,4543,3692,1732,434,7,1051,3604,3231,1532,365,2,443,939,461,200,69
2016_1,서울 종로구 경복궁역_1,231,91,140,0,44,51,55,53,28,0,14,25,22,17,13,0,30,26,33,36,15
2016_1,서울 종로구 종로3가역_3,3114,1728,1386,18,530,833,870,552,311,8,169,453,525,351,222,10,361,380,345,201,89
2016_1,서울 종로구 종로3가역_2,1812,1014,798,16,307,428,435,339,287,8,118,238,257,198,195,8,189,190,178,141,92
2016_1,서울 동대문구 신설동역_2,4296,2180,2116,49,550,648,749,1219,1081,8,184,339,409,550,690,41,366,309,340,669,391
2016_1,인사동,21966,13787,8179,145,4507,7491,5195,3075,1553,52,1679,4769,4055,2274,958,93,2828,2722,1140,801,595
2016_1,서울 종로구 종로5가역_4,662,361,301,4,104,171,188,119,76,1,34,98,107,61,60,3,70,73,81,58,16
2016_1,서울 종로구 종로5가역_3,5333,3619,1714,15,823,1505,1463,1074,453,4,479,1047,1000,753,336,11,344,458,463,321,117
2016_1,종로구청,14751,8665,6086,17,1508,5468,4471,2496,791,8,505,2857,3029,1750,516,9,1003,2611,1442,746,275
2016_1,서울 종로구 종로5가역_2,14106,8861,5245,309,2967,5011,3405,1850,564,101,1305,3151,2469,1437,398,208,1662,1860,936,413,166
2016_1,신설동역,729,448,281,11,116,175,184,160,83,1,50,112,112,106,67,10,66,63,72,54,16
2016_1,서울 동대문구 신설동역_1,2,2,0,0,0,0,1,0,1,0,0,0,1,0,1,0,0,0,0,0,0
2016_1,서울 종로구 광화문역_2,53651,33301,20350,286,8313,18152,16170,8024,2706,64,3171,10553,11919,5825,1769,222,5142,7599,4251,2199,937
2016_1,동묘앞역,69,43,26,1,8,17,16,17,10,1,4,12,11,10,5,0,4,5,5,7,5
2016_1,장안동사거리,552,265,287,7,87,107,153,136,62,2,48,62,61,52,40,5,39,45,92,84,22
2016_1,서울 종로구 동대문역_2,1054,577,477,13,236,286,228,174,117,9,82,167,137,100,82,4,154,119,91,74,35
2016_1,동대문시장_2,496,323,173,1,45,118,126,119,87,0,28,77,81,70,67,1,17,41,45,49,20
2016_1,서울 종로구 종로5가역_1,51,37,14,0,7,7,12,21,4,0,2,5,10,17,3,0,5,2,2,4,1
2016_1,서울 종로구 종로3가역_1,3427,1529,1898,13,848,1090,734,468,274,6,256,483,362,250,172,7,592,607,372,218,102
2016_1,서울 종로구 광화문역_1,2337,1584,753,10,527,905,527,258,110,8,228,630,437,220,61,2,299,275,90,38,49
2016_1,종각역,20802,13736,7066,21,2988,6952,6566,3938,337,4,1094,3775,5125,3486,252,17,1894,3177,1441,452,85
2016_1,종각역 젊음의 거리,2020,921,1099,13,432,618,384,324,249,5,147,326,197,113,133,8,285,292,187,211,116
2016_1,서대문구 서대문역_1,384,262,122,2,25,114,117,75,51,1,10,90,82,40,39,1,15,24,35,35,12
2016_1,동대문시장_1,428,238,190,2,56,127,103,99,41,1,22,80,50,56,29,1,34,47,53,43,12
2016_1,시청역_2,23527,14744,8783,103,4611,7818,6707,3438,850,42,1652,4731,5142,2508,669,61,2959,3087,1565,930,181
2016_1,서울시청,26181,12363,13818,134,5338,8976,7571,3172,990,36,1628,3825,4131,2080,663,98,3710,5151,3440,1092,327
2016_1,서울 중구 을지로3가역_2,8769,5651,3118,14,1434,2449,2147,1699,1026,2,596,1520,1614,1148,771,12,838,929,533,551,255
2016_1,서울 중구 신당역_2,1266,655,611,38,547,317,178,121,65,16,255,169,102,64,49,22,292,148,76,57,16
2016_1,서대문구 서대문역_2,1999,1346,653,0,386,830,492,201,90,0,225,611,341,120,49,0,161,219,151,81,41
2016_1,동대문역사문화공원역,4141,2978,1163,6,576,1265,1227,801,266,0,370,951,906,576,175,6,206,314,321,225,91
2016_1,서울 중구 을지로3가역_1,14260,9716,4544,48,2297,4264,3993,2501,1157,24,1103,2817,3019,1899,854,24,1194,1447,974,602,303
2016_1,명동거리,26062,12172,13890,136,4201,9982,7485,3674,584,27,1197,3238,4392,2909,409,109,3004,6744,3093,765,175
2016_1,롯데백화점,40444,22933,17511,321,6846,14597,12122,5211,1347,128,2415,7070,8209,4099,1012,193,4431,7527,3913,1112,335
2016_1,서울 중구 신당역_1,1100,687,413,9,196,257,276,247,115,4,53,140,209,187,94,5,143,117,67,60,21
2016_1,북창동,7518,4748,2770,46,1246,2160,1854,1551,661,3,511,1388,1295,1011,540,43,735,772,559,540,121
2016_1,서울 중구 충무로역_2,16829,7381,9448,90,2628,4853,5716,2683,859,43,1057,2531,2236,988,526,47,1571,2322,3480,1695,333
2016_1,서울 강서구 송정역,682,482,200,4,81,166,194,143,94,3,45,122,141,99,72,1,36,44,53,44,22
2016_1,장한평역_2,12116,9714,2402,61,1017,2367,5572,2506,593,15,584,1868,4789,2025,433,46,433,499,783,481,160
2016_1,시청역_1,65736,38240,27496,414,12936,23804,20196,7647,739,152,5551,13444,13391,5169,533,262,7385,10360,6805,2478,206
2016_1,왕십리역_2,718,322,396,8,143,187,176,127,77,6,38,93,85,62,38,2,105,94,91,65,39
2016_1,서울 강서구 발산역,681,417,264,9,146,206,154,112,54,2,65,115,113,86,36,7,81,91,41,26,18
2016_1,장한평역_1,2460,1628,832,6,208,473,472,451,850,1,73,267,329,318,640,5,135,206,143,133,210
2016_1,서울 중구 충무로역_1,3092,2078,1014,50,563,1047,816,431,185,29,359,798,575,204,113,21,204,249,241,227,72
2016_1,장한평역,2347,1629,718,1,200,481,773,622,270,0,84,314,568,463,200,1,116,167,205,159,70
2016_1,서울 중구 명동역,3485,1809,1676,7,767,1652,725,232,102,0,245,845,482,163,74,7,522,807,243,69,28
2016_1,장충동 족발거리,204,90,114,0,35,62,46,33,28,0,8,33,27,13,9,0,27,29,19,20,19
2016_1,한양시장,253,115,138,5,58,58,54,45,33,0,23,30,26,16,20,5,35,28,28,29,13
2016_1,서울 서대문구 이대역,1171,463,708,25,256,278,285,190,137,4,61,119,115,80,84,21,195,159,170,110,53
2016_1,서울 서대문구 신촌역,2563,1052,1511,21,700,647,535,429,231,5,185,285,271,177,129,16,515,362,264,252,102
2016_1,서울 마포구 홍대입구역_3,722,592,130,0,77,180,186,183,96,0,45,131,149,174,93,0,32,49,37,9,3
2016_1,서울 마포구 홍대입구역_2,2801,1132,1669,29,1166,788,452,225,141,8,215,374,271,153,111,21,951,414,181,72,30
2016_1,홍익대학교 주변,14466,7280,7186,101,3539,5015,3087,1619,1105,37,1369,2565,1711,831,767,64,2170,2450,1376,788,338
2016_1,서울 광진구 군자역,163,101,62,0,23,52,50,24,14,0,9,36,36,14,6,0,14,16,14,10,8
2016_1,신촌역,207,108,99,0,43,65,42,36,21,0,18,35,25,17,13,0,25,30,17,19,8
2016_1,강서구청,3431,2220,1211,19,490,943,862,664,453,7,237,662,610,418,286,12,253,281,252,246,167
2016_1,서울 마포구 홍대입구역_1,720,411,309,6,206,245,159,67,37,0,102,124,107,50,28,6,104,121,52,17,9
2016_1,서울 강동구 고덕역,493,286,207,3,61,99,119,133,78,2,22,56,67,82,57,1,39,43,52,51,21
2016_1,서울 강동구 명일역,848,324,524,3,145,173,208,194,125,2,35,61,80,78,68,1,110,112,128,116,57
2016_1,어린이대공원역,139,94,45,0,23,51,34,23,8,0,7,40,25,15,7,0,16,11,9,8,1
2016_1,서울 마포구 공덕역_2,3907,2319,1588,14,611,1175,1118,804,185,9,221,707,797,485,100,5,390,468,321,319,85
2016_1,공덕역,6742,4222,2520,54,1446,2166,1880,1031,165,17,557,1195,1422,902,129,37,889,971,458,129,36
2016_1,서울 용산구 숙대입구역,4350,3094,1256,71,1014,1653,1022,477,113,0,543,1318,840,324,69,71,471,335,182,153,44
2016_1,남영역,14337,6498,7839,959,5171,3921,2933,1181,172,430,2374,2039,1167,384,104,529,2797,1882,1766,797,68
2016_1,서울 마포구 공덕역_1,4255,2117,2138,60,1141,1270,1080,529,175,43,487,701,545,224,117,17,654,569,535,305,58
2016_1,서울 마포구 마포역_2,964,561,403,11,165,257,288,172,71,4,76,162,184,88,47,7,89,95,104,84,24
2016_1,서울 광진구 건대입구역_2,2725,988,1737,18,848,1040,435,209,175,9,189,393,202,81,114,9,659,647,233,128,61
2016_1,서울 마포구 마포역_1,10554,6415,4139,37,1819,2909,2356,2152,1281,13,673,1867,1683,1313,866,24,1146,1042,673,839,415
2016_1,서울 강동구 천호역_2,3676,1846,1830,21,651,864,786,682,672,12,270,446,380,290,448,9,381,418,406,392,224
2016_1,서울 광진구 건대입구역_1,930,474,456,1,230,256,212,126,105,1,87,143,105,71,67,0,143,113,107,55,38
2016_1,건대입구역,781,411,370,2,205,267,154,99,54,1,83,156,84,46,41,1,122,111,70,53,13
2016_1,서울 광진구 구의역,867,536,331,2,97,210,229,177,152,0,34,111,147,125,119,2,63,99,82,52,33
2016_1,서울 강동구 천호역,973,447,526,2,182,238,219,192,140,0,42,104,117,93,91,2,140,134,102,99,49
2016_1,당산역_2,5049,3064,1985,22,486,712,812,1231,1786,12,321,561,492,621,1057,10,165,151,320,610,729
2016_1,서울 강동구 길동역,1552,1015,537,3,179,373,428,351,218,1,66,231,314,242,161,2,113,142,114,109,57
2016_1,용산 전자상가_5,2249,1648,601,17,370,967,608,217,70,8,244,745,455,144,52,9,126,222,153,73,18
2016_1,당산역_1,1109,711,398,8,199,331,283,178,110,4,84,217,191,122,93,4,115,114,92,56,17
2016_1,서울 광진구 강변역,2212,1810,402,16,104,465,683,547,397,8,54,349,607,472,320,8,50,116,76,75,77
2016_1,용산 전자상가_3,2497,1827,670,16,362,930,689,325,175,10,215,694,514,258,136,6,147,236,175,67,39
2016_1,서울 용산구 이태원역,703,432,271,22,267,173,128,63,50,11,167,126,72,34,22,11,100,47,56,29,28
2016_1,한남오거리,610,327,283,4,87,157,120,141,101,0,24,99,58,76,70,4,63,58,62,65,31
2016_1,용산 전자상가_2,494,399,95,5,53,196,167,58,15,5,37,173,131,42,11,0,16,23,36,16,4
2016_1,용산구청,101,71,30,0,51,33,11,4,2,0,32,24,10,3,2,0,19,9,1,1,0
2016_1,용산 전자상가_1,8205,6282,1923,47,1186,2813,2569,1279,311,31,662,2098,2151,1103,237,16,524,715,418,176,74
2016_1,국회의사당역_2,40118,22728,17390,1111,10633,13309,8833,4718,1514,517,3711,7596,6570,3359,975,594,6922,5713,2263,1359,539
2016_1,서울 용산구 신용산역,311,125,186,2,39,53,93,83,41,2,14,25,35,28,21,0,25,28,58,55,20
2016_1,국회의사당역_1,5670,4378,1292,0,369,1335,1983,1892,91,0,139,856,1704,1596,83,0,230,479,279,296,8
2016_1,압구정 로데오거리_2,14341,6032,8309,113,5042,5264,2400,978,544,36,1477,2452,1256,502,309,77,3565,2812,1144,476,235
2016_1,서울 강남구 압구정역,10450,4987,5463,440,3268,2878,1692,1219,953,181,1177,1515,1013,611,490,259,2091,1363,679,608,463
2016_1,서울 영등포구 영등포구청역,3674,1149,2525,3,1157,1504,686,245,79,0,184,492,275,134,64,3,973,1012,411,111,15
2016_1,압구정 로데오거리_1,7548,2500,5048,57,2978,2793,1088,423,209,14,691,948,497,227,123,43,2287,1845,591,196,86
2016_1,서울 강동구 둔촌동역,47,14,33,0,7,9,16,9,6,0,1,3,4,4,2,0,6,6,12,5,4
2016_1,오목교역,211,106,105,2,25,37,69,48,30,1,12,22,35,19,17,1,13,15,34,29,13
2016_1,신사동 가로수길,21175,9945,11230,115,6413,7018,4284,2220,1125,42,1787,3641,2499,1214,762,73,4626,3377,1785,1006,363
2016_1,서울 영등포구 여의도역_2,47922,31723,16199,186,7507,18400,14524,5698,1607,25,2921,11490,11627,4765,895,161,4586,6910,2897,933,712
2016_1,청담사거리_3,1274,424,850,0,498,471,186,79,40,0,103,161,97,35,28,0,395,310,89,44,12
2016_1,영등포유통상가,1975,1272,703,5,260,450,425,455,380,2,108,283,284,298,297,3,152,167,141,157,83
2016_1,청담역_2,1365,996,369,9,263,459,289,148,197,0,121,360,246,108,161,9,142,99,43,40,36
2016_1,청담역_1,245,182,63,0,28,70,55,41,51,0,20,53,47,28,34,0,8,17,8,13,17
2016_1,청담사거리_2,1026,808,218,2,196,393,350,67,18,0,115,317,314,51,11,2,81,76,36,16,7
2016_1,서울 영등포구 여의도역_1,52600,31128,21472,202,7354,16145,17578,9443,1878,38,2894,6982,11855,8049,1310,164,4460,9163,5723,1394,568
2016_1,학동사거리_2,2822,1608,1214,21,616,855,581,511,238,6,192,448,402,365,195,15,424,407,179,146,43
2016_1,서울 영등포구 영등포시장역,349,279,70,0,22,73,107,95,52,0,13,59,79,84,44,0,9,14,28,11,8
2016_1,학동사거리_1,4027,2009,2018,27,1029,1356,747,566,302,3,231,682,455,400,238,24,798,674,292,166,64
2016_1,여의도 시범아파트앞,2428,1582,846,9,343,597,680,494,305,4,156,389,476,357,200,5,187,208,204,137,105
2016_1,영등포역_3,851,508,343,1,140,253,191,186,80,0,38,147,131,135,57,1,102,106,60,51,23
2016_1,도산공원사거리_1,9818,5857,3961,42,2377,3493,2278,1158,470,12,958,2203,1538,801,345,30,1419,1290,740,357,125
2016_1,영등포역_2,1076,582,494,8,128,207,248,285,200,1,52,115,136,141,137,7,76,92,112,144,63
2016_1,문래동 주민센터,66,56,10,0,2,10,19,21,14,0,2,7,16,17,14,0,0,3,3,4,0
2016_1,강남구 신사역_2,7283,4812,2471,26,1590,3074,1760,618,215,4,640,2122,1390,496,160,22,950,952,370,122,55
2016_1,서울 강남구 강남구청역_2,3940,2444,1496,70,1646,1162,709,272,81,30,871,753,538,197,55,40,775,409,171,75,26
2016_1,강남구 신사역_1,2553,1171,1382,6,755,1037,450,183,122,1,189,481,309,115,76,5,566,556,141,68,46
2016_1,서울 동작구 노량진1동_1,36,26,10,0,3,6,13,12,2,0,2,5,10,8,1,0,1,1,3,4,1
2016_1,서울 강남구 학동역_3,8474,4970,3504,31,1690,3093,1958,1125,577,11,642,1839,1369,720,389,20,1048,1254,589,405,188
2016_1,서울 강남구 강남구청역_1,2950,1693,1257,29,631,841,736,498,215,8,244,471,471,341,158,21,387,370,265,157,57
2016_1,잠실역,5964,4585,1379,20,788,2084,1832,940,300,7,407,1630,1563,745,233,13,381,454,269,195,67
2016_1,강남구 논현역_4,8114,3632,4482,53,2379,2613,1695,863,511,16,516,1285,1007,467,341,37,1863,1328,688,396,170
2016_1,학동역,843,420,423,7,240,278,220,72,26,0,76,148,134,49,13,7,164,130,86,23,13
2016_1,방이동 먹자골목,5729,3810,1919,19,711,1621,1591,1247,540,12,352,1105,1146,800,395,7,359,516,445,447,145
2016_1,서울 강남구 학동역_2,5870,2854,3016,22,1425,1864,1086,602,871,8,330,898,640,396,582,14,1095,966,446,206,289
2016_1,서울 동작구 노량진역,3620,2082,1538,7,377,949,994,973,320,6,136,431,601,704,204,1,241,518,393,269,116
2016_1,삼성역_3,8416,4875,3541,28,1900,3438,1999,820,231,11,557,1923,1550,673,161,17,1343,1515,449,147,70
2016_1,코엑스,20413,11662,8751,130,5448,6901,5082,2303,549,50,1732,3780,3845,1837,418,80,3716,3121,1237,466,131
2016_1,서울 강남구 학동역_1,5642,3488,2154,46,1223,1782,1266,800,525,19,572,1253,825,447,372,27,651,529,441,353,153
2016_1,선정릉역_2,6466,4051,2415,30,1546,2222,1488,767,413,5,579,1386,1131,622,328,25,967,836,357,145,85
2016_1,강남구 논현역_3,1534,861,673,8,295,491,355,286,99,1,111,316,219,151,63,7,184,175,136,135,36
2016_1,포스코사거리_2,7212,4325,2887,25,1339,3152,1758,696,242,7,497,2026,1214,407,174,18,842,1126,544,289,68
2016_1,포스코사거리_1,51969,34731,17238,216,12680,19814,13433,4733,1093,73,6860,13703,10062,3331,702,143,5820,6111,3371,1402,391
2016_1,잠실역 롯데월드,3297,1640,1657,216,1493,604,558,345,81,89,653,327,304,243,24,127,840,277,254,102,57
2016_1,신도림역,3669,2005,1664,7,866,1359,934,417,86,2,322,761,572,283,65,5,544,598,362,134,21
2016_1,강남구 논현역_2,7962,3773,4189,52,2291,2818,1487,833,481,10,686,1549,940,356,232,42,1605,1269,547,477,249
2016_1,선정릉역_1,1602,1094,508,14,367,591,337,159,134,8,176,420,262,122,106,6,191,171,75,37,28
2016_1,신천역,5911,3248,2663,27,1187,1463,1348,973,913,5,426,824,749,572,672,22,761,639,599,401,241
2016_1,강남구 논현역_1,2974,1984,990,20,610,1101,703,335,205,7,288,752,541,242,154,13,322,349,162,93,51
2016_1,삼성역_2,17660,10419,7241,286,5261,6394,3579,1775,365,144,2205,4117,2525,1159,269,142,3056,2277,1054,616,96
2016_1,삼정역_2,2635,1188,1447,4,711,916,433,345,226,1,177,420,257,202,131,3,534,496,176,143,95
2016_1,삼정역_1,2956,1594,1362,5,664,996,634,327,330,0,175,528,452,197,242,5,489,468,182,130,88
2016_1,삼성역_1,28464,18481,9983,153,4576,8563,6901,5033,3238,71,2051,5915,5320,3135,1989,82,2525,2648,1581,1898,1249
2016_1,서울 강남구 선릉역_2,7162,4492,2670,69,1470,2108,1652,1157,706,34,656,1408,1173,771,450,35,814,700,479,386,256
2016_1,고속터미널역,15243,4725,10518,53,5065,5090,3286,1440,309,19,833,1681,1253,736,203,34,4232,3409,2033,704,106
2016_1,서울 서초구 강남역,33448,19141,14307,149,8355,11345,7339,3999,2261,75,3123,6921,4817,2660,1545,74,5232,4424,2522,1339,716
2016_1,서울 강남구 선릉역_1,19188,8450,10738,195,7032,5187,3235,2278,1261,102,2513,3014,1366,763,692,93,4519,2173,1869,1515,569
2016_1,선릉역_2,20279,11010,9269,112,5736,6592,4268,2304,1267,38,2036,3895,2837,1317,887,74,3700,2697,1431,987,380
2016_1,서울 강남구 역삼역_2,27201,21335,5866,161,5507,10369,7528,3239,397,106,3158,7990,6748,3034,299,55,2349,2379,780,205,98
2016_1,서울 송파구 석촌역_1,43,29,14,1,2,13,15,10,2,0,0,10,9,8,2,1,2,3,6,2,0
2016_1,서울 강남구 강남역_2,6537,4247,2290,50,1583,2236,1402,979,287,23,655,1429,1130,819,191,27,928,807,272,160,96
2016_1,선릉역_1,57431,29571,27860,331,11570,16185,17156,10022,2167,240,6986,11009,6499,3362,1475,91,4584,5176,10657,6660,692
2016_1,구로역,160,91,69,0,12,15,20,20,93,0,0,5,9,10,67,0,12,10,11,10,26
2016_1,역삼역_2,3939,2184,1755,21,881,1364,1118,441,114,10,255,919,664,266,70,11,626,445,454,175,44
2016_1,대림역_2,7164,5491,1673,9,1359,2113,1432,1334,917,3,1101,1856,1150,815,566,6,258,257,282,519,351
2016_1,서울 강남구 역삼역_1,25489,16152,9337,158,5822,10008,5893,2431,1177,60,2613,6640,4324,1660,855,98,3209,3368,1569,771,322
2016_1,신대방삼거리역,312,163,149,1,29,77,66,66,73,0,8,42,44,35,34,1,21,35,22,31,39
2016_1,서울 강남구 한티역,1236,465,771,10,310,354,288,181,93,1,85,135,119,73,52,9,225,219,169,108,41
2016_1,은마아파트입구사거리_4,82,45,37,3,16,19,26,13,5,1,6,15,12,6,5,2,10,4,14,7,0
2016_1,오류동역,1444,724,720,8,143,217,436,400,240,6,57,122,170,198,171,2,86,95,266,202,69
2016_1,서울 강남구 강남역,38860,18331,20529,118,9213,12677,8993,5649,2210,44,2689,6749,5809,2213,827,74,6524,5928,3184,3436,1383
2016_1,교대역_4,4898,2895,2003,29,981,1542,1156,745,445,16,358,833,788,542,358,13,623,709,368,203,87
2016_1,서울 강남구 강남역_1,136304,99464,36840,937,34499,61817,30231,7848,972,644,17055,46299,27498,7232,736,293,17444,15518,2733,616,236
2016_1,방배동카페골목,111,42,69,1,22,12,30,24,22,0,11,4,17,2,8,1,11,8,13,22,14
2016_1,가락시장,15738,10117,5621,122,2724,3987,4056,3177,1672,62,1310,2769,2869,1935,1172,60,1414,1218,1187,1242,500
2016_1,교대역_3,4466,2764,1702,8,593,1334,1282,782,467,0,149,645,929,636,405,8,444,689,353,146,62
2016_1,역삼역_1,1760,955,805,5,463,508,389,215,180,3,114,306,265,147,120,2,349,202,124,68,60
2016_1,교대역_2,3563,2279,1284,8,635,1256,913,545,206,2,255,846,647,375,154,6,380,410,266,170,52
2016_1,서울 송파구 가락시장역,5278,3419,1859,20,786,1628,1341,949,554,12,384,1006,947,638,432,8,402,622,394,311,122
2016_1,서울 서초구 서초역,11731,4924,6807,119,4156,3240,2414,1348,454,63,1416,1280,1056,764,345,56,2740,1960,1358,584,109
2016_1,서울 강남구 대치역_2,1371,876,495,1,146,527,465,144,88,0,47,299,349,104,77,1,99,228,116,40,11
2016_1,뱅뱅사거리_2,23374,14912,8462,564,4752,7079,6317,3138,1524,248,2303,4674,4462,2138,1087,316,2449,2405,1855,1000,437
2016_1,보라매공원,14487,8365,6122,83,2781,5616,3944,1395,668,39,1266,3051,2483,1038,488,44,1515,2565,1461,357,180
2016_1,교대역_1,13110,7749,5361,74,2380,4191,3509,2105,851,14,805,2535,2338,1396,661,60,1575,1656,1171,709,190
2016_1,개봉동 현대아파트 인근,162,74,88,1,6,36,44,51,24,0,2,9,19,32,12,1,4,27,25,19,12
2016_1,뱅뱅사거리,10129,7003,3126,30,3381,4158,1728,623,209,9,2070,3092,1247,426,159,21,1311,1066,481,197,50
2016_1,뱅뱅사거리_1,9886,7034,2852,22,1724,3169,2474,1673,824,4,931,2360,1974,1196,569,18,793,809,500,477,255
2016_1,서울 관악구 신림역_4,813,404,409,7,145,169,191,180,121,1,36,94,102,91,80,6,109,75,89,89,41
2016_1,동작구 총신대입구역_1,222,109,113,0,22,47,66,48,39,0,5,23,35,21,25,0,17,24,31,27,14
2016_1,양재역_3,3312,2304,1008,9,662,1138,836,428,239,2,408,764,616,323,191,7,254,374,220,105,48
2016_1,동작구 총신대입구역_2,850,383,467,10,286,227,149,107,71,2,74,128,78,50,51,8,212,99,71,57,20
2016_1,서울 서초구 남부터미널역_3,1707,999,708,12,352,495,433,255,160,2,132,282,311,159,113,10,220,213,122,96,47
2016_1,서울 강남구 수서역,18371,10610,7761,75,3057,6099,5004,2624,1512,35,1422,3744,2648,1514,1247,40,1635,2355,2356,1110,265
2016_1,서울 서초구 남부터미널역_2,11583,5674,5909,44,2687,3155,2937,1773,987,12,1035,1724,1399,812,692,32,1652,1431,1538,961,295
2016_1,구로디지탈1단지,64770,41847,22923,451,15076,24830,15027,6431,2955,244,7314,17004,10574,4315,2396,207,7762,7826,4453,2116,559
2016_1,양재역,128,68,60,0,22,49,31,16,10,0,6,22,21,11,8,0,16,27,10,5,2
2016_1,매봉역,338,155,183,1,150,93,42,34,18,0,37,57,26,22,13,1,113,36,16,12,5
2016_1,서울 서초구 방배역,3749,2211,1538,78,945,948,682,537,559,23,394,576,451,350,417,55,551,372,231,187,142
2016_1,서울 서초구 남부터미널역_1,740,530,210,2,113,237,223,108,57,0,61,170,172,77,50,2,52,67,51,31,7
2016_1,서울 관악구 신림역_2,29,15,14,0,3,4,5,9,8,0,2,4,2,3,4,0,1,0,3,6,4
2016_1,서울 관악구 신림역_1,1951,913,1038,33,324,356,348,409,481,10,124,178,153,182,266,23,200,178,195,227,215
2016_1,양재역_2,8441,4680,3761,105,1920,3209,1969,826,412,37,777,1951,1226,414,275,68,1143,1258,743,412,137
2016_1,양재역_1,950,665,285,5,96,237,261,245,106,4,37,137,168,218,101,1,59,100,93,27,5
2016_1,서울 관악구 서울대입구역_2,40,4,36,2,15,7,5,10,1,0,1,1,0,2,0,2,14,6,5,8,1
2016_1,가산디지털단지역_3,31398,18928,12470,202,6796,10821,8027,4020,1532,104,3175,7132,5120,2286,1111,98,3621,3689,2907,1734,421
2016_1,구로디지털단지역,1947,1297,650,17,426,649,469,270,116,14,230,431,331,197,94,3,196,218,138,73,22
2016_1,서울 관악구 서울대입구역_1,1896,810,1086,9,346,426,521,306,288,2,82,168,247,132,179,7,264,258,274,174,109
2016_1,관악구 사당역_1,3870,1606,2264,11,401,681,1242,1043,492,8,199,367,342,305,385,3,202,314,900,738,107
2016_1,가산디지털단지역_2,61769,37010,24759,3540,18635,19345,12190,5264,2795,1547,8911,12767,8419,3205,2161,1993,9724,6578,3771,2059,634
2016_1,관악구 사당역_2,390,194,196,6,69,95,100,77,43,0,22,51,51,41,29,6,47,44,49,36,14
2016_1,가산디지털단지역_1,24498,16480,8018,236,4438,7446,5933,3806,2639,138,2386,5408,4267,2467,1814,98,2052,2038,1666,1339,825
2016_1,장지역,3954,2503,1451,20,630,1215,1033,691,365,7,296,793,696,428,283,13,334,422,337,263,82
2016_1,포이사거리_1,5643,3083,2560,7,817,1810,1808,975,226,4,459,1175,860,438,147,3,358,635,948,537,79
2016_1,포이사거리_2,7827,5282,2545,26,1059,2434,2408,1420,480,10,564,1599,1722,1023,364,16,495,835,686,397,116
2016_1,서울 관악구 대학동_1,81,49,32,0,19,18,22,11,11,0,6,9,19,6,9,0,13,9,3,5,2
2016_1,서울 금천구 독산1동_1,2987,2109,878,9,398,745,793,663,379,6,219,495,567,493,329,3,179,250,226,170,50
2016_1,양재 화물트럭터미널앞_2,202,96,106,0,34,85,52,18,13,0,14,26,34,13,9,0,20,59,18,5,4
2016_1,양재 화물트럭터미널앞_1,4112,3239,873,57,977,1287,814,675,302,14,631,1040,680,599,275,43,346,247,134,76,27
2016_1,서울 금천구 시흥1동_4,931,480,451,9,168,170,199,233,152,4,59,90,97,131,99,5,109,80,102,102,53
2016_1,풍성로37가길,45,21,24,0,1,13,16,10,5,0,1,8,8,2,2,0,0,5,8,8,3
2016_1,천호옛길,561,394,167,3,103,159,138,81,77,3,66,110,99,59,57,0,37,49,39,22,20
2016_1,천호옛14길,594,288,306,3,126,133,134,121,77,2,48,65,78,48,47,1,78,68,56,73,30
2016_1,천호대로219길,886,519,367,3,60,178,249,319,77,2,29,100,145,187,56,1,31,78,104,132,21
2016_1,천호대로197길,19,6,13,0,3,4,6,5,1,0,0,3,1,1,1,0,3,1,5,4,0
2016_1,천호대로187길,847,499,348,0,95,197,240,174,141,0,41,130,139,105,84,0,54,67,101,69,57
2016_1,천호대로170길,407,157,250,0,44,78,129,117,39,0,20,55,38,28,16,0,24,23,91,89,23
2016_1,천호대로162길,1107,752,355,3,162,360,241,191,150,1,93,279,183,128,68,2,69,81,58,63,82
2016_1,천중로51길,413,228,185,0,50,106,119,87,51,0,25,62,60,44,37,0,25,44,59,43,14
2016_1,천중로39길,616,213,403,1,40,98,124,172,181,1,9,37,35,57,74,0,31,61,89,115,107
2016_1,진황도로47길,1139,584,555,5,138,171,222,339,264,5,93,116,110,97,163,0,45,55,112,242,101
2016_1,진황도로27길,444,267,177,1,55,144,113,97,34,1,26,97,61,57,25,0,29,47,52,40,9
2016_1,올림픽로98길,42,23,19,0,2,11,13,13,3,0,1,5,7,8,2,0,1,6,6,5,1
2016_1,올림픽로80길,5,3,2,0,0,1,3,0,1,0,0,1,2,0,0,0,0,0,1,0,1
2016_1,올림픽로77길,8,6,2,0,0,4,3,0,1,0,0,3,2,0,1,0,0,1,1,0,0
2016_1,올림픽로71길,408,305,103,0,45,102,113,105,43,0,26,80,84,80,35,0,19,22,29,25,8
2016_1,올림픽로48길,5859,3559,2300,5,600,1407,1434,1256,1157,3,275,734,802,855,890,2,325,673,632,401,267
2016_1,양재대로96길,1370,827,543,0,117,215,270,424,344,0,60,130,153,252,232,0,57,85,117,172,112
2016_1,양재대로95길,624,339,285,8,83,146,148,163,76,4,43,80,82,81,49,4,40,66,66,82,27
2016_1,양재대로91길,1082,579,503,4,106,181,261,268,262,2,34,104,150,152,137,2,72,77,111,116,125
2016_1,양재대로133길,311,117,194,2,43,69,66,99,32,0,13,33,31,27,13,2,30,36,35,72,19
2016_1,양재대로124길,566,328,238,0,71,148,114,122,111,0,23,103,61,60,81,0,48,45,53,62,30
2016_1,양재대로116길,220,93,127,0,26,56,76,40,22,0,10,22,31,17,13,0,16,34,45,23,9
2016_1,양재대로101길,1324,730,594,2,175,243,290,291,323,1,58,121,150,165,235,1,117,122,140,126,88
2016_1,암사길,383,168,215,1,36,123,111,86,26,1,8,53,50,38,18,0,28,70,61,48,8
2016_1,성안로3길,1545,994,551,7,262,373,410,345,148,4,115,237,276,238,124,3,147,136,134,107,24
2016_1,성내로5길,981,517,464,0,154,263,291,228,45,0,47,142,165,129,34,0,107,121,126,99,11
2016_1,상일로5길,54,31,23,0,6,4,21,18,5,0,4,3,9,11,4,0,2,1,12,7,1
2016_1,상암로5길,456,194,262,3,82,122,135,73,41,3,15,62,57,36,21,0,67,60,78,37,20
2016_1,상암로51길,711,314,397,2,131,164,162,175,77,1,26,80,83,75,49,1,105,84,79,100,28
2016_1,상암로4길,227,176,51,1,54,71,53,36,12,0,39,51,48,30,8,1,15,20,5,6,4
2016_1,상암로14길,418,257,161,0,49,128,111,87,43,0,23,72,68,58,36,0,26,56,43,29,7
2016_1,명일로13길,127,52,75,1,7,23,27,65,4,1,2,8,6,33,2,0,5,15,21,32,2
2016_1,동남로85길,121,59,62,0,11,27,37,33,13,0,3,19,17,15,5,0,8,8,20,18,8
2016_1,동남로82길,11,4,7,0,0,2,7,2,0,0,0,0,3,1,0,0,0,2,4,1,0
2016_1,동남로65길,90,33,57,0,11,12,30,24,13,0,4,5,10,10,4,0,7,7,20,14,9
2016_1,구천면로42길,338,166,172,0,41,76,83,82,56,0,16,39,45,35,31,0,25,37,38,47,25
2016_1,구천면로41길,609,248,361,0,104,169,162,125,49,0,26,80,74,44,24,0,78,89,88,81,25
2016_1,구천면로36길,67,42,25,0,5,19,18,16,9,0,1,16,8,8,9,0,4,3,10,8,0
2016_1,고덕로25길,10,8,2,0,1,1,5,0,3,0,1,1,3,0,3,0,0,0,2,0,0
2016_1,고덕로10길,184,92,92,0,22,42,55,43,22,0,13,23,28,16,12,0,9,19,27,27,10
2016_1,강동대로53길,846,461,385,1,167,235,217,176,50,0,62,146,121,102,30,1,105,89,96,74,20
2016_1,풍성로25길,874,373,501,2,126,218,241,196,91,1,37,96,102,86,51,1,89,122,139,110,40
2016_1,오금로46길,1381,708,673,9,235,401,362,278,96,5,84,209,188,159,63,4,151,192,174,119,33
2016_1,오금로36길,1712,1360,352,3,344,554,536,215,60,0,228,437,464,178,53,3,116,117,72,37,7
2016_1,오금로11길,2155,1391,764,16,296,605,488,439,311,12,139,368,323,294,255,4,157,237,165,145,56
2016_1,양재대로72길,835,494,341,4,115,191,204,229,92,4,45,121,108,140,76,0,70,70,96,89,16
2016_1,양재대로71길,1168,703,465,2,224,333,275,200,134,1,75,190,198,142,97,1,149,143,77,58,37
2016_1,양재대로64길,1423,577,846,8,415,547,290,110,53,2,83,211,174,70,37,6,332,336,116,40,16
2016_1,양재대로62길,6032,3658,2374,8,240,464,551,919,3850,6,122,314,302,438,2476,2,118,150,249,481,1374
2016_1,송파대로30길,1662,1067,595,1,273,449,438,337,164,0,145,307,309,198,108,1,128,142,129,139,56
2016_1,송이로36길,1914,1398,516,33,325,427,490,432,207,24,221,291,359,330,173,9,104,136,131,102,34
2016_1,송이로32길,789,430,359,0,89,167,225,206,102,0,41,90,117,117,65,0,48,77,108,89,37
2016_1,송이로23길,1305,807,498,3,159,292,295,280,276,2,67,171,171,190,206,1,92,121,124,90,70
2016_1,삼전로13길,1777,946,831,7,332,407,393,342,296,3,139,217,197,187,203,4,193,190,196,155,93
2016_1,백제고분로50길,3143,1555,1588,3,452,604,768,949,367,2,193,399,428,364,169,1,259,205,340,585,198
2016_1,백제고분로46길,1619,1004,615,5,219,392,427,352,224,0,99,242,278,220,165,5,120,150,149,132,59
2016_1,백제고분로45길,468,318,150,5,77,135,124,95,32,5,48,86,83,69,27,0,29,49,41,26,5
2016_1,백제고분로42길,116,74,42,0,19,28,35,26,8,0,14,15,20,18,7,0,5,13,15,8,1
2016_1,백제고분로39길,1416,1046,370,7,290,674,267,126,52,4,208,590,150,66,28,3,82,84,117,60,24
2016_1,백제고분로34길,1648,1085,563,4,200,415,440,318,271,1,102,284,278,217,203,3,98,131,162,101,68
2016_1,백제고분로33길,862,555,307,4,87,242,258,186,85,4,37,132,181,130,71,0,50,110,77,56,14
2016_1,백제고분로32길,1063,452,611,9,122,256,284,295,97,4,32,120,121,113,62,5,90,136,163,182,35
2016_1,백제고분로31길,334,215,119,1,21,75,114,86,37,0,11,50,68,59,27,1,10,25,46,27,10
2016_1,백제고분로22길,1098,658,440,1,128,250,322,259,138,1,46,148,199,154,110,0,82,102,123,105,28
2016_1,백제고분로21길,191,133,58,0,32,44,48,43,24,0,18,29,30,34,22,0,14,15,18,9,2
2016_1,마천로51길,132,49,83,0,19,25,37,36,15,0,3,9,14,11,12,0,16,16,23,25,3
2016_1,동남로20길,168,91,77,1,19,32,63,35,18,1,5,20,36,17,12,0,14,12,27,18,6
2016_1,거마로20길,411,182,229,2,64,139,114,69,23,0,20,65,54,33,10,2,44,74,60,36,13
2016_1,학동로77길,2957,1533,1424,6,294,712,693,761,491,6,58,273,311,555,330,0,236,439,382,206,161
2016_1,학동로6길,1856,1007,849,7,407,658,445,236,103,2,173,394,266,103,69,5,234,264,179,133,34
2016_1,학동로56길,948,548,400,1,123,255,255,238,76,0,38,127,149,171,63,1,85,128,106,67,13
2016_1,학동로38길,7102,4600,2502,38,1750,2103,1596,991,624,26,747,1406,1218,770,433,12,1003,697,378,221,191
2016_1,테헤란로81길,665,211,454,24,350,196,64,14,17,6,114,53,15,10,13,18,236,143,49,4,4
2016_1,일원로9길,468,268,200,3,45,92,106,117,105,2,18,58,56,62,72,1,27,34,50,55,33
2016_1,일원로3길,242,115,127,0,21,59,65,68,29,0,13,38,39,19,6,0,8,21,26,49,23
2016_1,영동대로65길,3256,1948,1308,14,654,1147,758,419,264,7,294,730,525,231,161,7,360,417,233,188,103
2016_1,영동대로112길,758,522,236,8,156,271,175,99,49,3,97,194,137,58,33,5,59,77,38,41,16
2016_1,언주로81길,8439,3979,4460,52,2865,2791,1684,699,348,15,737,1484,1046,465,232,37,2128,1307,638,234,116
2016_1,압구정로2길,2630,1415,1215,11,631,916,618,302,152,1,246,538,364,155,111,10,385,378,254,147,41
2016_1,선릉로18길,395,223,172,0,33,84,97,116,65,0,16,46,55,66,40,0,17,38,42,50,25
2016_1,선릉로146길,1832,957,875,10,416,760,383,171,92,3,160,420,237,89,48,7,256,340,146,82,44
2016_1,선릉로133길,150,82,68,0,22,44,33,22,29,0,3,27,14,15,23,0,19,17,19,7,6
2016_1,선릉로132길,1004,534,470,2,208,276,191,191,136,0,59,127,111,129,108,2,149,149,80,62,28
2016_1,선릉로121길,1710,909,801,3,458,594,353,171,131,0,152,351,207,111,88,3,306,243,146,60,43
2016_1,삼성로75길,2547,1351,1196,17,648,741,545,368,228,3,202,378,346,252,170,14,446,363,199,116,58
2016_1,삼성로69길,273,152,121,1,61,94,60,48,9,0,20,56,42,27,7,1,41,38,18,21,2
2016_1,삼성로64길,628,319,309,9,135,215,143,83,43,4,46,117,89,40,23,5,89,98,54,43,20
2016_1,삼성로63길,152,68,84,0,26,28,53,37,8,0,4,12,27,19,6,0,22,16,26,18,2
2016_1,삼성로57길,877,279,598,3,164,325,205,123,57,1,42,88,70,38,40,2,122,237,135,85,17
2016_1,삼성로147길,907,359,548,0,321,272,169,106,39,0,84,97,90,62,26,0,237,175,79,44,13
2016_1,삼성로115길,246,150,96,2,62,73,55,31,23,0,29,52,36,19,14,2,33,21,19,12,9
2016_1,봉은사로68길,231,126,105,1,70,74,49,26,11,1,25,43,33,17,7,0,45,31,16,9,4
2016_1,봉은사로57길,590,409,181,0,105,194,172,76,43,0,42,132,134,62,39,0,63,62,38,14,4
2016_1,봉은사로43길,1048,706,342,15,236,359,255,123,60,14,130,245,198,85,34,1,106,114,57,38,26
2016_1,봉은사로29길,148,99,49,1,41,50,31,17,8,1,20,36,26,13,3,0,21,14,5,4,5
2016_1,봉은사로109길,295,168,127,1,61,70,73,49,41,0,24,41,46,29,28,1,37,29,27,20,13
2016_1,도산대로89길,2731,1055,1676,38,815,977,495,269,137,5,200,386,260,132,72,33,615,591,235,137,65
2016_1,도산대로81길,4613,1463,3150,70,1753,1475,880,290,145,9,477,498,278,117,84,61,1276,977,602,173,61
2016_1,도산대로50길,2684,1862,822,5,321,505,619,700,534,1,181,402,538,493,247,4,140,103,81,207,287
2016_1,도산대로38길,170,88,82,3,45,46,41,23,12,1,13,30,21,17,6,2,32,16,20,6,6
2016_1,도산대로30길,2971,1396,1575,10,826,1097,646,287,105,2,273,543,368,141,69,8,553,554,278,146,36
2016_1,도산대로23길,1455,871,584,7,459,418,269,161,141,1,189,250,181,130,120,6,270,168,88,31,21
2016_1,도산대로15길,1708,790,918,6,545,626,318,140,73,1,184,312,171,80,42,5,361,314,147,60,31
2016_1,도곡로37길,3274,2182,1092,23,621,1170,834,440,186,14,280,808,609,327,144,9,341,362,225,113,42
2016_1,논현로8길,795,418,377,5,144,200,215,179,52,4,60,130,102,82,40,1,84,70,113,97,12
2016_1,논현로63길,9719,2785,6934,105,1541,2117,4208,1540,208,54,640,844,651,420,176,51,901,1273,3557,1120,32
2016_1,논현로28길,12742,9090,3652,46,2825,5377,2889,1163,442,24,1486,3755,2444,991,390,22,1339,1622,445,172,52
2016_1,논현로26길,6849,4269,2580,17,1062,1821,1291,910,1748,12,576,1412,990,536,743,5,486,409,301,374,1005
2016_1,논현로139길,2146,1239,907,6,563,688,439,231,219,0,239,411,285,132,172,6,324,277,154,99,47
2016_1,논현로123길,109,63,46,1,22,33,27,22,4,1,10,21,15,13,3,0,12,12,12,9,1
2016_1,논현로115길,2983,1694,1289,10,726,1100,627,324,196,4,278,622,454,202,134,6,448,478,173,122,62
2016_1,논현로10길,2469,1656,813,10,241,632,636,535,415,6,123,440,428,340,319,4,118,192,208,195,96
2016_1,논현로106길,2763,1574,1189,1,437,750,732,522,321,0,178,494,432,254,216,1,259,256,300,268,105
2016_1,남부순환로365길,182,135,47,0,31,39,66,25,21,0,17,27,52,22,17,0,14,12,14,3,4
2016_1,개포로28길,300,220,80,0,35,95,73,66,31,0,13,78,55,50,24,0,22,17,18,16,7
2016_1,개포로20길,4197,2384,1813,24,696,1035,1165,808,469,17,248,632,634,487,366,7,448,403,531,321,103
2016_1,개포로17길,2694,1749,945,8,402,825,755,505,199,4,208,537,512,335,153,4,194,288,243,170,46
2016_1,강남대로140길,4530,2545,1985,22,926,1350,928,873,431,2,313,768,600,514,348,20,613,582,328,359,83
2016_1,강남대로136길,1187,667,520,2,259,458,274,111,83,0,87,281,173,67,59,2,172,177,101,44,24
2016_1,강남대로118길,564,316,248,2,84,161,114,85,118,0,24,87,78,43,84,2,60,74,36,42,34
2016_1,서초중앙로8길,5867,4472,1395,8,973,1952,1583,1072,279,6,553,1476,1328,889,220,2,420,476,255,183,59
2016_1,방배중앙로21길,2152,725,1427,8,355,298,588,675,228,4,118,171,175,132,125,4,237,127,413,543,103
2016_1,효령로72길,197,115,82,2,36,45,46,43,25,0,4,30,31,29,21,2,32,15,15,14,4
2016_1,효령로34길,52,26,26,0,6,10,15,18,3,0,5,6,5,8,2,0,1,4,10,10,1
2016_1,효령로31길,1502,900,602,10,302,519,374,201,96,5,103,327,257,136,72,5,199,192,117,65,24
2016_1,효령로23길,690,416,274,1,128,177,198,128,58,0,55,112,129,71,49,1,73,65,69,57,9
2016_1,청두곶길,2013,1376,637,72,526,535,496,273,111,39,327,403,325,201,81,33,199,132,171,72,30
2016_1,주흥길,371,237,134,2,69,132,100,51,17,0,37,75,74,38,13,2,32,57,26,13,4
2016_1,주흥15길,1400,898,502,4,255,431,281,176,253,1,117,298,209,120,153,3,138,133,72,56,100
2016_1,언남길,1858,1357,501,6,237,722,538,248,107,5,133,561,392,180,86,1,104,161,146,68,21
2016_1,신반포로45길,444,295,149,6,88,116,88,59,87,4,38,83,64,46,60,2,50,33,24,13,27
2016_1,서초대로8길,287,203,84,2,24,82,89,52,38,2,16,56,68,36,25,0,8,26,21,16,13
2016_1,서초대로64길,468,334,134,0,71,125,138,84,50,0,32,84,111,68,39,0,39,41,27,16,11
2016_1,서초대로4길,601,437,164,0,71,153,128,100,149,0,45,107,103,61,121,0,26,46,25,39,28
2016_1,서초대로25길,3555,2153,1402,45,769,1143,880,524,194,20,340,705,581,361,146,25,429,438,299,163,48
2016_1,서초대로23길,565,343,222,0,83,169,134,65,114,0,32,114,82,40,75,0,51,55,52,25,39
2016_1,서초대로15길,1102,519,583,6,169,348,309,153,117,0,52,167,145,70,85,6,117,181,164,83,32
2016_1,사평대로57길,198,76,122,1,49,69,46,17,16,0,12,29,23,11,1,1,37,40,23,6,15
2016_1,사평대로26길,18,12,6,0,1,3,6,3,5,0,1,2,4,3,2,0,0,1,2,0,3
2016_1,사평대로22길,1223,691,532,8,307,336,305,178,89,4,137,219,194,100,37,4,170,117,111,78,52
2016_1,사임당로17길,1594,989,605,5,296,559,392,219,123,3,110,379,263,146,88,2,186,180,129,73,35
2016_1,방배로42길,168,92,76,6,40,40,33,25,24,5,8,19,27,15,18,1,32,21,6,10,6
2016_1,방배로35길,2287,1492,795,9,421,614,500,388,355,6,219,404,326,255,282,3,202,210,174,133,73
2016_1,방배로18길,71,40,31,0,20,15,17,8,11,0,9,11,11,3,6,0,11,4,6,5,5
2016_1,반포대로9길,667,469,198,7,135,197,170,96,62,5,76,151,128,66,43,2,59,46,42,30,19
2016_1,바우뫼로39길,2184,1370,814,5,296,630,484,279,490,2,136,402,331,177,322,3,160,228,153,102,168
2016_1,마방로2길,3799,2479,1320,26,597,1127,995,798,256,13,254,768,721,530,193,13,343,359,274,268,63
2016_1,방배천로4안길,1650,883,767,15,420,371,402,315,127,2,98,220,290,204,69,13,322,151,112,111,58
2016_1,동산로19길,1380,930,450,2,179,440,376,236,147,0,95,311,263,169,92,2,84,129,113,67,55
2016_1,동산로10길,2297,1238,1059,13,281,529,634,565,275,7,123,334,317,276,181,6,158,195,317,289,94
2016_1,동광로39길,51,35,16,0,11,12,15,5,8,0,7,10,8,5,5,0,4,2,7,0,3
2016_1,동광로1길,1396,785,611,2,174,405,398,235,182,1,72,254,221,126,111,1,102,151,177,109,71
2016_1,동광로12길,724,495,229,4,101,186,221,144,68,3,50,127,155,108,52,1,51,59,66,36,16
2016_1,논현로27길,3483,2528,955,15,543,964,1061,615,285,8,285,658,826,502,249,7,258,306,235,113,36
2016_1,논현로1길,609,378,231,0,96,166,162,121,64,0,52,120,112,59,35,0,44,46,50,62,29
2016_1,남부순환로339길,11713,5285,6428,157,3863,2495,2513,1927,758,83,1615,1497,943,653,494,74,2248,998,1570,1274,264
2016_1,남부순환로325길,8052,4244,3808,76,1543,2678,2071,1287,397,34,537,1374,1239,735,325,42,1006,1304,832,552,72
2016_1,남부순환로317길,1506,1082,424,6,359,587,287,157,110,5,190,464,224,131,68,1,169,123,63,26,42
2016_1,고무래로8길,6843,3765,3078,13,977,2036,1773,1100,944,6,311,1015,1109,701,623,7,666,1021,664,399,321
2016_1,강남대로8길,3189,2111,1078,2,396,914,968,625,284,1,215,645,681,373,196,1,181,269,287,252,88
2016_1,강남대로34길,954,654,300,0,195,388,212,93,66,0,112,262,151,71,58,0,83,126,61,22,8
2016_1,강남대로23길,6012,4353,1659,26,945,1692,1507,1281,561,20,598,1297,1190,881,367,6,347,395,317,400,194
2016_1,소담길,24,6,18,0,4,6,3,8,3,0,0,1,1,1,3,0,4,5,2,7,0
2016_1,원신길,292,115,177,0,53,83,46,69,41,0,5,37,22,30,21,0,48,46,24,39,20
2016_1,양산길,418,300,118,0,35,47,75,122,139,0,7,21,56,93,123,0,28,26,19,29,16
2016_1,호암로24길,626,240,386,4,75,115,155,171,106,1,26,64,56,41,52,3,49,51,99,130,54
2016_1,호암로20길,46,31,15,0,2,12,9,15,8,0,2,11,5,6,7,0,0,1,4,9,1
2016_1,행운길,19,3,16,0,3,1,6,7,2,0,1,0,1,0,1,0,2,1,5,7,1
2016_1,행운1길,84,53,31,0,6,24,30,13,11,0,0,16,20,6,11,0,6,8,10,7,0
2016_1,청림3길,70,37,33,0,10,22,20,12,6,0,3,13,12,5,4,0,7,9,8,7,2
2016_1,청룡길,170,114,56,0,39,51,43,28,9,0,18,30,38,23,5,0,21,21,5,5,4
2016_1,청룡8길,33,11,22,0,0,6,7,12,8,0,0,1,3,3,4,0,0,5,4,9,4
2016_1,중앙길,301,114,187,1,32,63,86,76,43,0,3,24,41,25,21,1,29,39,45,51,22
2016_1,조원중앙로2길,1136,785,351,2,151,275,325,296,87,2,94,172,237,224,56,0,57,103,88,72,31
2016_1,조원로18길,1030,541,489,1,123,229,297,236,144,1,37,136,158,124,85,0,86,93,139,112,59
2016_1,조원로10길,273,132,141,0,50,50,60,60,53,0,16,25,23,33,35,0,34,25,37,27,18
2016_1,장군봉2길,299,122,177,0,25,80,82,84,28,0,9,23,32,39,19,0,16,57,50,45,9
2016_1,장군봉1길,99,13,86,0,11,34,30,19,5,0,1,3,3,4,2,0,10,31,27,15,3
2016_1,인헌길,79,35,44,0,13,11,23,19,13,0,3,6,9,7,10,0,10,5,14,12,3
2016_1,은천로25길,297,104,193,0,64,94,62,39,38,0,6,39,23,16,20,0,58,55,39,23,18
2016_1,양녕로6길,934,603,331,7,114,255,248,184,126,5,56,166,170,125,81,2,58,89,78,59,45
2016_1,신원로3길,33,23,10,0,4,8,9,2,10,0,3,4,9,1,6,0,1,4,0,1,4
2016_1,신사로20길,63,31,32,1,16,15,16,11,4,1,3,9,10,6,2,0,13,6,6,5,2
2016_1,신림로64길,222,119,103,1,30,70,72,37,12,1,17,35,41,18,7,0,13,35,31,19,5
2016_1,신림로48길,74,38,36,0,12,10,28,16,8,0,1,5,16,9,7,0,11,5,12,7,1
2016_1,신림로38길,49,25,24,0,5,12,19,8,5,0,2,7,8,6,2,0,3,5,11,2,3
2016_1,신림로28길,326,225,101,0,17,45,89,102,73,0,3,18,56,83,65,0,14,27,33,19,8
2016_1,신림로11길,436,403,33,1,16,28,156,186,49,0,12,22,146,174,49,1,4,6,10,12,0
2016_1,신림동길,341,197,144,2,48,82,95,72,42,2,25,53,53,40,24,0,23,29,42,32,18
2016_1,승방길,514,343,171,1,69,205,143,63,33,0,33,156,94,38,22,1,36,49,49,25,11
2016_1,서림7길,254,91,163,0,17,73,74,71,19,0,4,30,19,27,11,0,13,43,55,44,8
2016_1,봉천로33길,357,228,129,10,45,75,96,65,66,6,20,48,68,41,45,4,25,27,28,24,21
2016_1,봉천로13길,287,86,201,0,22,64,80,91,30,0,4,20,22,26,14,0,18,44,58,65,16
2016_1,복은길,195,73,122,0,21,38,46,60,30,0,9,13,18,22,11,0,12,25,28,38,19
2016_1,법원단지길,2,1,1,0,0,0,1,1,0,0,0,0,0,1,0,0,0,0,1,0,0
2016_1,법원단지9길,85,35,50,0,16,22,20,19,8,0,2,15,5,7,6,0,14,7,15,12,2
2016_1,미성5길,61,34,27,0,3,6,19,18,15,0,0,1,8,11,14,0,3,5,11,7,1
2016_1,대학길,79,34,45,0,8,24,17,24,6,0,4,9,9,9,3,0,4,15,8,15,3
2016_1,대학14길,12,2,10,0,0,1,3,2,6,0,0,1,1,0,0,0,0,0,2,2,6
2016_1,당곡길,352,158,194,2,33,86,108,70,53,0,10,34,47,26,41,2,23,52,61,44,12
2016_1,남현길,237,91,146,1,38,71,63,43,21,1,13,28,25,12,12,0,25,43,38,31,9
2016_1,남현3길,520,300,220,1,49,78,108,157,127,0,9,41,77,94,79,1,40,37,31,63,48
2016_1,남부순환로248길,258,129,129,1,40,71,63,63,20,0,12,39,24,42,12,1,28,32,39,21,8
2016_1,남부순환로234길,138,88,50,0,9,34,45,34,16,0,5,26,29,18,10,0,4,8,16,16,6
2016_1,남부순환로172길,1500,840,660,1,166,273,388,376,296,0,41,150,225,240,184,1,125,123,163,136,112
2016_1,남부순환로161길,17,4,13,0,1,3,8,5,0,0,0,0,2,2,0,0,1,3,6,3,0
2016_1,남부순환로151길,121,75,46,1,11,24,27,32,26,0,7,15,15,16,22,1,4,9,12,16,4
2016_1,남부순환로142길,70,30,40,0,8,13,20,12,17,0,1,5,5,12,7,0,7,8,15,0,10
2016_1,난향길,171,49,122,0,23,40,56,33,19,0,4,7,22,6,10,0,19,33,34,27,9
2016_1,난우길,410,172,238,1,30,72,115,110,82,1,7,24,59,43,38,0,23,48,56,67,44
2016_1,난곡로74길,175,70,105,0,54,36,35,28,22,0,15,16,18,11,10,0,39,20,17,17,12
2016_1,난곡로34길,28,8,20,0,7,8,8,3,2,0,0,1,5,1,1,0,7,7,3,2,1
2016_1,난곡로26길,137,63,74,1,10,27,51,40,8,1,3,11,22,20,6,0,7,16,29,20,2
2016_1,난곡로24길,34,15,19,0,2,5,16,6,5,0,1,1,6,5,2,0,1,4,10,1,3
2016_1,낙성대역길,752,476,276,2,64,106,163,227,190,2,17,50,88,158,161,0,47,56,75,69,29
2016_1,국회단지길,517,225,292,4,97,119,156,85,56,0,22,67,79,31,26,4,75,52,77,54,30
2016_1,구암길,82,30,52,0,12,12,36,11,11,0,6,4,8,5,7,0,6,8,28,6,4
2016_1,관천로22길,17,7,10,0,0,5,6,4,2,0,0,3,2,0,2,0,0,2,4,4,0
2016_1,관천로15길,123,71,52,0,12,30,34,28,19,0,4,17,17,16,17,0,8,13,17,12,2
2016_1,관악로30길,170,59,111,0,31,37,37,43,22,0,7,19,10,12,11,0,24,18,27,31,11
2016_1,관악로28길,143,71,72,0,18,19,44,26,36,0,5,6,15,13,32,0,13,13,29,13,4
2016_1,관악로14길,397,212,185,6,75,102,71,63,80,2,23,63,36,29,59,4,52,39,35,34,21
2016_1,관악로10길,218,146,72,2,20,60,64,40,32,1,15,45,44,21,20,1,5,15,20,19,12
2016_1,흑석로9길,174,73,101,1,45,30,41,40,17,0,17,16,20,13,7,1,28,14,21,27,10
2016_1,흑석로13길,142,17,125,0,48,40,28,21,5,0,0,10,3,3,1,0,48,30,25,18,4
2016_1,장승배기로27길,36,18,18,0,6,8,7,10,5,0,2,2,4,7,3,0,4,6,3,3,2
2016_1,장승배기로19길,8,5,3,0,0,0,4,1,3,0,0,0,3,0,2,0,0,0,1,1,1
2016_1,여의대방로46길,421,127,294,2,58,144,116,72,29,0,6,42,33,26,20,2,52,102,83,46,9
2016_1,여의대방로24길,16144,7449,8695,197,2619,2717,3401,4746,2464,123,1734,1942,1243,1392,1015,74,885,775,2158,3354,1449
2016_1,여의대방로22카길,267,111,156,0,30,51,81,75,30,0,13,34,33,19,12,0,17,17,48,56,18
2016_1,여의대방로22나길,132,51,81,0,16,32,36,37,11,0,3,10,18,12,8,0,13,22,18,25,3
2016_1,여의대방로22길,211,128,83,1,25,59,43,57,26,1,18,41,22,27,19,0,7,18,21,30,7
2016_1,양녕로26길,126,66,60,0,18,22,36,29,21,0,4,11,19,16,16,0,14,11,17,13,5
2016_1,신대방길,121,78,43,0,12,29,37,23,20,0,9,17,22,12,18,0,3,12,15,11,2
2016_1,성대로29길,2,2,0,0,0,1,1,0,0,0,0,1,1,0,0,0,0,0,0,0,0
2016_1,성대로1길,327,132,195,0,20,58,103,90,56,0,8,28,42,33,21,0,12,30,61,57,35
2016_1,서달로8가길,194,81,113,1,26,34,56,47,30,0,7,10,19,22,23,1,19,24,37,25,7
2016_1,서달로14길,37,16,21,0,12,7,6,7,5,0,2,3,3,3,5,0,10,4,3,4,0
2016_1,서달로10길,75,30,45,0,0,17,22,31,5,0,0,7,7,13,3,0,0,10,15,18,2
2016_1,상도로62길,157,57,100,0,12,34,49,40,22,0,3,10,13,17,14,0,9,24,36,23,8
2016_1,상도로61길,43,21,22,0,7,7,14,8,7,0,0,0,9,5,7,0,7,7,5,3,0
2016_1,상도로47길,69,48,21,0,11,22,16,15,5,0,4,19,12,9,4,0,7,3,4,6,1
2016_1,상도로37길,1997,1016,981,31,318,543,536,403,166,0,100,348,282,205,81,31,218,195,254,198,85
2016_1,상도로15길,255,111,144,0,45,67,78,43,22,0,9,30,43,18,11,0,36,37,35,25,11
2016_1,사당로8길,119,62,57,1,10,31,23,39,15,0,5,13,11,24,9,1,5,18,12,15,6
2016_1,사당로30길,309,209,100,0,21,98,119,52,19,0,7,62,83,39,18,0,14,36,36,13,1
2016_1,사당로2차길,100,62,38,0,37,21,17,10,15,0,23,8,15,7,9,0,14,13,2,3,6
2016_1,사당로29길,21,15,6,0,0,2,5,7,7,0,0,0,1,7,7,0,0,2,4,0,0
2016_1,사당로26길,233,127,106,0,30,54,75,54,20,0,10,34,45,23,15,0,20,20,30,31,5
2016_1,사당로23나길,137,46,91,0,18,29,37,23,30,0,2,3,12,7,22,0,16,26,25,16,8
2016_1,사당로23길,19,11,8,0,2,5,6,5,1,0,0,5,3,3,0,0,2,0,3,2,1
2016_1,사당로20길,160,117,43,0,6,28,71,39,16,0,1,19,55,29,13,0,5,9,16,10,3
2016_1,사당로16길,132,39,93,1,6,34,33,47,11,1,1,8,10,12,7,0,5,26,23,35,4
2016_1,사당로16가길,790,488,302,0,27,80,124,152,407,0,18,49,57,82,282,0,9,31,67,70,125
2016_1,만양로8길,70,29,41,0,13,12,19,15,11,0,1,4,11,5,8,0,12,8,8,10,3
2016_1,만양로14길,377,159,218,0,52,106,94,70,55,0,14,41,43,29,32,0,38,65,51,41,23
2016_1,등용로14길,591,428,163,1,80,218,142,78,72,0,56,167,111,46,48,1,24,51,31,32,24
2016_1,동작대로7길,1799,791,1008,24,565,433,369,268,140,12,113,207,216,144,99,12,452,226,153,124,41
2016_1,동작대로35길,246,93,153,0,36,59,75,56,20,0,5,30,26,16,16,0,31,29,49,40,4
2016_1,동작대로33길,108,52,56,0,26,24,27,14,17,0,10,10,16,6,10,0,16,14,11,8,7
2016_1,동작대로29길,33,18,15,0,5,3,13,6,6,0,4,3,5,4,2,0,1,0,8,2,4
2016_1,동작대로17길,1322,706,616,12,215,385,394,223,93,5,61,200,245,129,66,7,154,185,149,94,27
2016_1,대방동2길,446,215,231,5,71,119,124,95,32,1,16,67,70,47,14,4,55,52,54,48,18
2016_1,대방동27길,138,79,59,0,17,22,29,47,23,0,11,9,14,34,11,0,6,13,15,13,12
2016_1,노량진로6길,108,28,80,0,11,21,26,40,10,0,2,6,4,14,2,0,9,15,22,26,8
2016_1,국사봉길,37,6,31,0,4,7,11,7,8,0,1,1,2,0,2,0,3,6,9,7,6
2016_1,국사봉2길,99,67,32,0,12,25,23,27,12,0,3,20,17,17,10,0,9,5,6,10,2
2016_1,국사봉1길,15,9,6,0,2,6,4,2,1,0,1,4,2,1,1,0,1,2,2,1,0
2016_1,영신로9길,387,168,219,1,62,117,114,68,25,0,15,65,44,29,15,1,47,52,70,39,10
2016_1,영등포로84길,355,83,272,1,42,48,52,136,76,0,10,18,22,18,15,1,32,30,30,118,61
2016_1,영등포로80길,74,50,24,1,5,16,20,13,19,0,1,6,15,10,18,1,4,10,5,3,1
2016_1,영등포로62길,5,3,2,0,0,3,2,0,0,0,0,1,2,0,0,0,0,2,0,0,0
2016_1,영등포로35길,53,40,13,0,4,17,17,10,5,0,2,13,12,8,5,0,2,4,5,2,0
2016_1,영등포로27길,301,186,115,0,23,82,109,60,27,0,8,55,63,37,23,0,15,27,46,23,4
2016_1,여의대방로43나길,2337,1891,446,0,51,218,452,978,638,0,29,173,355,787,547,0,22,45,97,191,91
2016_1,여의대방로39길,13,9,4,0,0,6,5,1,1,0,0,5,3,1,0,0,0,1,2,0,1
2016_1,여의대방로35길,731,393,338,4,86,173,214,144,110,2,32,89,108,83,79,2,54,84,106,61,31
2016_1,양평로28길,559,430,129,1,29,108,163,193,65,1,8,83,141,148,49,0,21,25,22,45,16
2016_1,양평로22라길,42,27,15,2,5,11,17,2,5,0,5,4,12,1,5,2,0,7,5,1,0
2016_1,양평로19길,4183,3344,839,10,777,2049,924,345,78,3,472,1744,777,285,63,7,305,305,147,60,15
2016_1,신길로60길,419,178,241,0,42,135,128,84,30,0,5,54,63,41,15,0,37,81,65,43,15
2016_1,신길로42길,383,187,196,2,51,118,101,74,37,0,19,60,49,34,25,2,32,58,52,40,12
2016_1,신길로42가길,91,27,64,0,9,19,34,20,9,0,1,7,9,5,5,0,8,12,25,15,4
2016_1,신길로39길,121,61,60,0,9,23,34,31,24,0,3,12,17,19,10,0,6,11,17,12,14
2016_1,신길로17길,43,29,14,1,1,6,12,18,5,1,1,5,6,11,5,0,0,1,6,7,0
2016_1,선유서로28길,437,232,205,1,47,101,116,111,61,1,16,54,62,57,42,0,31,47,54,54,19
2016_1,선유서로25길,2293,1694,599,12,192,538,587,572,392,8,86,397,493,444,266,4,106,141,94,128,126
2016_1,선유서로24길,179,100,79,0,24,30,50,40,35,0,11,14,24,22,29,0,13,16,26,18,6
2016_1,선유로55길,2244,1391,853,5,415,714,586,367,157,2,172,479,389,233,116,3,243,235,197,134,41
2016_1,디지털로74길,58,35,23,0,4,26,11,15,2,0,2,18,6,8,1,0,2,8,5,7,1
2016_1,디지털로57길,7,1,6,0,1,2,3,0,1,0,0,0,0,0,1,0,1,2,3,0,0
2016_1,디지털로37길,240,123,117,1,37,42,60,73,27,1,17,18,29,40,18,0,20,24,31,33,9
2016_1,도신로62길,190,50,140,0,20,46,70,39,15,0,7,11,17,11,4,0,13,35,53,28,11
2016_1,도신로60길,94,15,79,0,5,5,16,25,43,0,0,2,9,0,4,0,5,3,7,25,39
2016_1,도신로29길,89,39,50,0,6,7,22,38,16,0,5,5,13,14,2,0,1,2,9,24,14
2016_1,도신로15길,87,48,39,0,9,13,17,17,31,0,1,3,7,10,27,0,8,10,10,7,4
2016_1,도림천로21길,100,47,53,0,18,23,14,20,25,0,8,10,4,7,18,0,10,13,10,13,7
2016_1,도림로63길,30,19,11,0,2,5,8,11,4,0,1,3,5,7,3,0,1,2,3,4,1
2016_1,도림로147길,1657,1197,460,5,160,330,556,441,165,2,93,242,385,341,134,3,67,88,171,100,31
2016_1,도림로112길,16,8,8,0,2,1,4,6,3,0,2,1,3,1,1,0,0,0,1,5,2
2016_1,대림로8길,1809,607,1202,9,622,482,346,248,102,4,113,171,147,105,67,5,509,311,199,143,35
2016_1,대림로7길,15,5,10,0,3,1,5,6,0,0,0,1,2,2,0,0,3,0,3,4,0
2016_1,대림로44길,46,28,18,0,0,18,11,12,5,0,0,13,6,7,2,0,0,5,5,5,3
2016_1,대림로34길,173,63,110,1,21,40,61,38,12,0,6,9,27,15,6,1,15,31,34,23,6
2016_1,대림로31길,750,365,385,5,115,139,183,185,123,0,67,80,66,75,77,5,48,59,117,110,46
2016_1,대림로29길,1589,781,808,1,241,373,431,387,156,0,48,135,257,225,116,1,193,238,174,162,40
2016_1,대림로22길,311,175,136,1,21,58,107,84,40,1,7,35,66,42,24,0,14,23,41,42,16
2016_1,당산로46길,3211,1718,1493,21,647,635,802,618,488,10,144,380,450,353,381,11,503,255,352,265,107
2016_1,당산로38길,276,215,61,4,35,101,74,37,25,0,20,82,57,32,24,4,15,19,17,5,1
2016_1,당산로37길,3541,2209,1332,23,928,788,721,698,383,15,488,538,445,456,267,8,440,250,276,242,116
2016_1,당산로31길,4168,2308,1860,11,566,1144,1013,1023,411,2,176,570,554,715,291,9,390,574,459,308,120
2016_1,국회대로56길,1578,1022,556,9,114,259,324,356,516,6,63,194,232,255,272,3,51,65,92,101,244
2016_1,경인로90길,322,198,124,4,30,80,89,77,42,4,13,48,48,52,33,0,17,32,41,25,9
2016_1,경인로80길,1565,1134,431,5,150,330,401,434,245,3,86,206,289,337,213,2,64,124,112,97,32
2016_1,경인로77길,620,438,182,0,87,115,167,162,89,0,30,74,132,126,76,0,57,41,35,36,13
2016_1,가마산로61길,219,90,129,0,25,67,70,42,15,0,5,32,27,19,7,0,20,35,43,23,8
2016_1,시흥대로94길,796,415,381,0,89,190,241,177,99,0,33,106,137,82,57,0,56,84,104,95,42
2016_1,시흥대로84길,164,65,99,2,16,41,52,40,13,0,2,14,20,21,8,2,14,27,32,19,5
2016_1,시흥대로68길,342,126,216,0,26,48,70,79,119,0,7,24,18,34,43,0,19,24,52,45,76
2016_1,시흥대로63길,2781,1467,1314,9,463,851,584,609,265,4,201,368,271,451,172,5,262,483,313,158,93
2016_1,시흥대로62가길,421,111,310,0,38,80,112,143,48,0,11,25,25,32,18,0,27,55,87,111,30
2016_1,시흥대로36길,349,212,137,0,58,99,99,71,22,0,25,62,61,48,16,0,33,37,38,23,6
2016_1,시흥대로22길,495,353,142,2,32,64,118,149,130,0,17,43,78,114,101,2,15,21,40,35,29
2016_1,시흥대로153길,621,324,297,0,62,145,191,157,66,0,19,87,102,77,39,0,43,58,89,80,27
2016_1,시흥대로150길,582,262,320,1,61,137,174,135,74,1,18,53,71,70,49,0,43,84,103,65,25
2016_1,시흥대로141길,694,423,271,0,131,223,153,143,44,0,54,161,100,80,28,0,77,62,53,63,16
2016_1,시흥대로138길,14,7,7,0,0,3,4,6,1,0,0,2,1,3,1,0,0,1,3,3,0
2016_1,시흥대로120길,616,421,195,1,110,167,208,105,25,0,80,123,147,57,14,1,30,44,61,48,11
2016_1,벚꽃로56길,1850,1241,609,9,384,765,445,182,65,7,179,546,330,125,54,2,205,219,115,57,11
2016_1,범안로17길,176,91,85,0,10,32,33,50,51,0,6,20,17,24,24,0,4,12,16,26,27
2016_1,범안로11길,1115,895,220,12,167,322,307,228,79,9,127,269,236,191,63,3,40,53,71,37,16
2016_1,문성로5길,190,49,141,0,7,32,41,74,36,0,3,7,7,24,8,0,4,25,34,50,28
2016_1,독산로85길,69,25,44,0,6,5,17,30,11,0,1,2,5,12,5,0,5,3,12,18,6
2016_1,독산로78다길,245,107,138,0,23,51,66,54,51,0,8,18,17,25,39,0,15,33,49,29,12
2016_1,독산로70길,4,3,1,0,1,0,0,0,3,0,1,0,0,0,2,0,0,0,0,0,1
2016_1,독산로64길,159,36,123,1,39,25,39,41,14,0,6,6,10,11,3,1,33,19,29,30,11
2016_1,독산로50길,47,21,26,0,0,3,19,21,4,0,0,3,8,6,4,0,0,0,11,15,0
2016_1,독산로40길,53,17,36,0,2,12,18,16,5,0,1,3,5,5,3,0,1,9,13,11,2
2016_1,독산로108길,738,319,419,0,142,129,191,183,93,0,41,59,77,84,58,0,101,70,114,99,35
2016_1,남부순환로112길,10,6,4,0,0,2,3,3,2,0,0,2,1,1,2,0,0,0,2,2,0
2016_1,금하로24길,178,65,113,3,32,41,40,48,14,1,10,13,10,21,10,2,22,28,30,27,4
2016_1,금하로1길,64,36,28,0,6,11,22,19,6,0,4,6,11,10,5,0,2,5,11,9,1
2016_1,금하로14길,2,1,1,0,0,0,1,1,0,0,0,0,0,1,0,0,0,0,1,0,0
2016_1,가산로5길,514,395,119,17,70,134,152,107,34,16,55,104,112,83,25,1,15,30,40,24,9
2016_1,가산로3길,2440,1869,571,14,265,539,586,697,339,12,205,465,422,501,264,2,60,74,164,196,75
2016_1,중앙로1길,1401,979,422,4,135,297,274,265,426,2,62,187,182,176,370,2,73,110,92,89,56
2016_1,중앙로15길,97,48,49,0,8,13,32,33,11,0,1,9,8,21,9,0,7,4,24,12,2
2016_1,우마길,35,23,12,1,6,15,6,6,1,0,1,11,6,4,1,1,5,4,0,2,0
2016_1,오류로8길,230,110,120,0,48,54,66,44,18,0,10,30,37,19,14,0,38,24,29,25,4
2016_1,신도림로13길,714,544,170,0,66,144,203,220,81,0,50,113,143,174,64,0,16,31,60,46,17
2016_1,새말로18길,1203,491,712,8,594,347,132,82,40,3,186,180,61,38,23,5,408,167,71,44,17
2016_1,부일로1길,765,632,133,2,41,88,178,281,175,1,27,64,134,240,166,1,14,24,44,41,9
2016_1,부일로15길,191,169,22,0,8,14,28,71,70,0,3,10,23,67,66,0,5,4,5,4,4
2016_1,부일로11길,27,9,18,0,5,5,6,9,2,0,0,1,3,4,1,0,5,4,3,5,1
2016_1,디지털로32길,1262,673,589,2,307,433,228,164,128,2,114,227,132,97,101,0,193,206,96,67,27
2016_1,디지털로32가길,7089,5056,2033,41,1687,2896,1529,628,308,24,916,2167,1209,495,245,17,771,729,320,133,63
2016_1,디지털로27길,393,251,142,1,26,74,122,131,39,0,8,36,74,96,37,1,18,38,48,35,2
2016_1,도림로6길,105,44,61,0,15,33,32,17,8,0,3,11,16,10,4,0,12,22,16,7,4
2016_1,도림로12길,98,42,56,0,18,27,24,25,4,0,2,12,12,12,4,0,16,15,12,13,0
2016_1,남부순환로97길,262,85,177,1,45,69,78,45,24,0,6,16,22,26,15,1,39,53,56,19,9
2016_1,구로중앙로8길,251,113,138,1,25,47,77,72,29,0,5,15,31,40,22,1,20,32,46,32,7
2016_1,구로중앙로7길,185,68,117,0,29,44,54,32,26,0,1,9,22,15,21,0,28,35,32,17,5
2016_1,구로중앙로42길,757,553,204,2,57,135,250,229,84,0,38,96,179,171,69,2,19,39,71,58,15
2016_1,구로중앙로34길,594,323,271,1,40,139,158,174,82,1,18,75,97,92,40,0,22,64,61,82,42
2016_1,구로중앙로28길,2883,1429,1454,2,232,461,619,651,918,0,100,264,389,375,301,2,132,197,230,276,617
2016_1,구로중앙로19길,13,7,6,0,1,3,5,1,3,0,1,2,2,1,1,0,0,1,3,0,2
2016_1,구로동로8길,157,47,110,0,23,36,40,31,27,0,2,13,14,9,9,0,21,23,26,22,18
2016_1,구로동로7길,165,65,100,1,23,36,47,37,21,1,4,10,17,18,15,0,19,26,30,19,6
2016_1,구로동로42길,26,19,7,0,2,5,10,8,1,0,1,4,6,7,1,0,1,1,4,1,0
2016_1,구로동로41길,454,275,179,0,74,121,130,97,32,0,49,72,80,53,21,0,25,49,50,44,11
2016_1,구로동로38길,43,17,26,0,10,4,14,6,9,0,1,2,6,1,7,0,9,2,8,5,2
2016_1,구로동로28길,181,72,109,1,13,41,62,33,31,0,6,19,17,9,21,1,7,22,45,24,10
2016_1,구로동로15길,23,2,21,0,7,9,2,5,0,0,0,1,0,1,0,0,7,8,2,4,0
2016_1,공원로6가길,235,177,58,2,44,60,65,46,18,2,35,45,45,33,17,0,9,15,20,13,1
2016_1,고척로52길,229,73,156,0,16,43,65,87,18,0,4,16,26,14,13,0,12,27,39,73,5
2016_1,고척로27다길,227,90,137,0,17,39,93,55,23,0,5,11,36,25,13,0,12,28,57,30,10
2016_1,고척로27길,233,97,136,0,29,55,68,66,15,0,7,27,29,28,6,0,22,28,39,38,9
2016_1,고척로21나길,242,58,184,0,32,35,48,89,38,0,9,15,7,10,17,0,23,20,41,79,21
2016_1,경인로47길,724,413,311,1,65,104,208,241,105,0,34,54,118,142,65,1,31,50,90,99,40
2016_1,경인로35길,269,116,153,0,17,55,71,87,39,0,6,20,28,37,25,0,11,35,43,50,14
2016_1,경인로31길,47,14,33,0,3,13,21,7,3,0,0,3,5,3,3,0,3,10,16,4,0
2016_1,경인로15길,121,57,64,0,19,44,26,24,8,0,5,27,10,11,4,0,14,17,16,13,4
2016_1,개봉로3길,303,169,134,1,99,55,71,46,31,1,55,25,30,30,28,0,44,30,41,16,3
2016_1,개봉로2길,440,127,313,1,80,110,122,91,36,1,13,25,38,29,21,0,67,85,84,62,15
2016_1,개봉로23가길,867,497,370,1,79,167,221,253,146,0,31,95,122,151,98,1,48,72,99,102,48
2016_1,개봉로20길,115,66,49,0,12,33,44,17,9,0,4,23,22,8,9,0,8,10,22,9,0
2016_1,개봉로1길,48,24,24,0,7,10,16,7,8,0,1,9,5,3,6,0,6,1,11,4,2
2016_1,개봉로17다길,102,57,45,1,1,16,33,35,16,0,0,4,13,25,15,1,1,12,20,10,1
2016_1,개봉로17길,837,400,437,4,118,177,215,219,104,3,46,116,112,67,56,1,72,61,103,152,48
2016_1,개봉로11길,52,12,40,0,11,16,12,12,1,0,0,4,2,5,1,0,11,12,10,7,0
2016_1,화곡로64길,2650,1398,1252,5,695,817,594,355,184,1,182,502,417,210,86,4,513,315,177,145,98
2016_1,화곡로59길,519,195,324,1,100,173,144,78,23,0,26,62,45,43,19,1,74,111,99,35,4
2016_1,화곡로44나길,853,722,131,0,27,93,172,308,253,0,12,63,143,274,230,0,15,30,29,34,23
2016_1,화곡로31길,1080,388,692,3,171,278,277,224,127,0,35,96,99,85,73,3,136,182,178,139,54
2016_1,화곡로20길,484,303,181,0,31,67,118,181,87,0,11,32,69,116,75,0,20,35,49,65,12
2016_1,화곡로13길,251,82,169,1,24,50,82,89,5,1,10,8,23,38,2,0,14,42,59,51,3
2016_1,초원로16길,445,191,254,5,26,71,82,77,184,1,14,46,41,39,50,4,12,25,41,38,134
2016_1,초록마을로8길,171,28,143,0,33,39,38,42,19,0,3,4,6,6,9,0,30,35,32,36,10
2016_1,초록마을로3길,48,23,25,0,6,12,10,11,9,0,0,3,8,6,6,0,6,9,2,5,3
2016_1,월정로20길,2,1,1,0,0,0,1,1,0,0,0,0,0,1,0,0,0,0,1,0,0
2016_1,우장산로6길,352,218,134,7,19,64,101,127,34,7,7,38,64,79,23,0,12,26,37,48,11
2016_1,양천로73가길,1371,893,478,4,94,279,405,389,200,2,34,166,261,261,169,2,60,113,144,128,31
2016_1,양천로71길,220,133,87,0,30,73,57,37,23,0,11,54,28,21,19,0,19,19,29,16,4
2016_1,양천로49길,771,611,160,0,51,119,192,238,171,0,24,72,149,208,158,0,27,47,43,30,13
2016_1,양천로26길,105,46,59,0,12,21,35,25,12,0,8,5,13,11,9,0,4,16,22,14,3
2016_1,양천로24길,227,112,115,0,23,44,60,63,37,0,11,26,25,22,28,0,12,18,35,41,9
2016_1,양천로24가길,691,280,411,0,80,147,171,189,104,0,28,68,63,75,46,0,52,79,108,114,58
2016_1,양천로14길,324,200,124,0,15,47,86,86,90,0,5,30,54,53,58,0,10,17,32,33,32
2016_1,방화대로6라길,733,491,242,1,83,194,277,128,50,0,40,133,197,91,30,1,43,61,80,37,20
2016_1,방화대로21길,763,442,321,1,80,178,202,170,132,1,27,87,107,113,107,0,53,91,95,57,25
2016_1,등촌로5길,10,2,8,0,2,3,3,2,0,0,0,0,2,0,0,0,2,3,1,2,0
2016_1,등촌로55길,474,329,145,0,30,73,88,144,139,0,8,43,60,97,121,0,22,30,28,47,18
2016_1,등촌로51길,10,9,1,0,1,1,6,1,1,0,0,1,6,1,1,0,1,0,0,0,0
2016_1,등촌로39길,64,27,37,0,5,13,22,17,7,0,3,1,9,9,5,0,2,12,13,8,2
2016_1,등촌로13길,195,100,95,0,22,42,56,55,20,0,11,21,18,37,13,0,11,21,38,18,7
2016_1,남부순환로11길,430,313,117,0,51,119,146,85,29,0,25,91,107,66,24,0,26,28,39,19,5
2016_1,까치산로4길,127,46,81,0,9,31,28,36,23,0,2,13,10,17,4,0,7,18,18,19,19
2016_1,국회대로7길,355,215,140,0,52,98,100,74,31,0,30,55,59,48,23,0,22,43,41,26,8
2016_1,공항대로8길,177,76,101,1,15,36,49,49,27,0,7,23,21,16,9,1,8,13,28,33,18
2016_1,공항대로61길,250,158,92,1,40,108,65,25,11,1,16,73,40,19,9,0,24,35,25,6,2
2016_1,공항대로59다길,844,639,205,5,95,256,177,173,138,0,56,202,143,130,108,5,39,54,34,43,30
2016_1,공항대로59길,1093,698,395,4,153,220,294,255,167,2,72,124,186,179,135,2,81,96,108,76,32
2016_1,공항대로55길,901,643,258,2,225,298,186,120,70,1,119,219,155,96,53,1,106,79,31,24,17
2016_1,공항대로42길,8,5,3,0,0,0,2,4,2,0,0,0,2,1,2,0,0,0,0,3,0
2016_1,공항대로38길,246,127,119,0,30,55,70,60,31,0,6,27,45,28,21,0,24,28,25,32,10
2016_1,곰달래로60길,525,267,258,2,68,110,142,118,85,0,21,65,74,56,51,2,47,45,68,62,34
2016_1,곰달래로53길,60,18,42,0,11,11,24,9,5,0,2,3,6,3,4,0,9,8,18,6,1
2016_1,곰달래로47길,38,18,20,3,8,9,10,6,2,3,2,4,5,3,1,0,6,5,5,3,1
2016_1,곰달래로31길,7,6,1,0,0,1,6,0,0,0,0,1,5,0,0,0,0,0,1,0,0
2016_1,곰달래로25길,529,213,316,0,72,129,139,118,71,0,15,44,54,50,50,0,57,85,85,68,21
2016_1,개화동로25길,647,429,218,1,53,115,126,192,160,1,21,62,85,132,128,0,32,53,41,60,32
2016_1,개화동로23길,93,53,40,1,12,20,27,20,13,0,6,11,14,13,9,1,6,9,13,7,4
2016_1,강서로8길,120,75,45,0,23,32,28,29,8,0,16,25,15,15,4,0,7,7,13,14,4
2016_1,강서로5라길,277,156,121,1,24,64,105,64,19,1,12,41,56,34,12,0,12,23,49,30,7
2016_1,강서로5나길,112,63,49,0,14,21,23,25,29,0,5,11,16,13,18,0,9,10,7,12,11
2016_1,강서로5가길,45,26,19,0,4,10,8,16,7,0,4,9,4,6,3,0,0,1,4,10,4
2016_1,강서로47라길,78,42,36,0,6,16,30,19,7,0,2,10,16,8,6,0,4,6,14,11,1
2016_1,강서로47길,385,195,190,0,19,82,115,156,13,0,4,38,45,99,9,0,15,44,70,57,4
2016_1,강서로45다길,838,370,468,5,215,162,180,171,105,0,54,61,82,92,81,5,161,101,98,79,24
2016_1,강서로45길,126,59,67,0,20,21,29,36,20,0,5,12,12,15,15,0,15,9,17,21,5
2016_1,강서로35길,152,87,65,0,25,30,44,35,18,0,13,15,23,22,14,0,12,15,21,13,4
2016_1,강서로29길,292,166,126,1,34,65,91,72,29,1,12,42,57,38,16,0,22,23,34,34,13
2016_1,강서로18길,23,12,11,1,0,2,15,5,0,1,0,2,8,1,0,0,0,0,7,4,0
2016_1,강서로17가길,106,43,63,0,13,35,37,14,7,0,3,16,14,6,4,0,10,19,23,8,3
2016_1,강서로15길,262,151,111,15,24,60,74,59,30,14,11,38,36,29,23,1,13,22,38,30,7
2016_1,가로공원로80길,74,40,34,1,7,26,23,12,5,0,4,16,10,7,3,1,3,10,13,5,2
2016_1,가로공원로76가길,18,7,11,0,5,1,8,3,1,0,1,1,5,0,0,0,4,0,3,3,1
2016_1,화곡로4길,276,104,172,1,44,81,87,44,19,0,9,32,30,21,12,1,35,49,57,23,7
2016_1,화곡로3길,180,65,115,0,20,27,50,73,10,0,3,4,16,34,8,0,17,23,34,39,2
2016_1,지양로7길,219,67,152,0,34,48,65,64,8,0,11,11,14,27,4,0,23,37,51,37,4
2016_1,중앙로55길,365,187,178,0,33,87,137,85,23,0,13,42,66,47,19,0,20,45,71,38,4
2016_1,중앙로51길,124,69,55,0,10,25,38,37,14,0,4,13,20,23,9,0,6,12,18,14,5
2016_1,중앙로47길,103,20,83,0,13,11,23,28,28,0,1,5,6,5,3,0,12,6,17,23,25
2016_1,중앙로45길,156,49,107,0,18,25,41,47,25,0,4,11,11,14,9,0,14,14,30,33,16
2016_1,중앙로36길,2,2,0,0,0,0,0,0,2,0,0,0,0,0,2,0,0,0,0,0,0
2016_1,중앙로32길,569,267,302,1,102,117,130,124,95,0,44,77,59,44,43,1,58,40,71,80,52
2016_1,중앙로25길,263,81,182,0,31,55,80,89,8,0,10,15,21,29,6,0,21,40,59,60,2
2016_1,은행정로7길,469,151,318,0,57,57,103,149,103,0,16,24,43,40,28,0,41,33,60,109,75
2016_1,오목로5길,312,182,130,1,36,77,100,69,29,1,21,46,47,40,27,0,15,31,53,29,2
2016_1,오목로3길,452,427,25,0,5,15,60,223,149,0,2,13,49,216,147,0,3,2,11,7,2
2016_1,오목로30길,178,82,96,3,18,33,63,45,16,1,3,14,31,22,11,2,15,19,32,23,5
2016_1,오목로23길,736,402,334,6,104,208,191,144,83,6,47,125,99,73,52,0,57,83,92,71,31
2016_1,신월로20길,212,79,133,2,24,38,55,63,30,0,4,14,20,24,17,2,20,24,35,39,13
2016_1,신월로15길,783,363,420,5,140,148,209,186,95,2,50,69,88,85,69,3,90,79,121,101,26
2016_1,신목로6길,229,124,105,1,33,52,62,56,25,1,11,28,31,39,14,0,22,24,31,17,11
2016_1,신목로5길,901,328,573,3,101,186,293,227,91,0,24,80,95,79,50,3,77,106,198,148,41
2016_1,신목로2길,98,46,52,0,21,19,19,19,20,0,4,11,8,7,16,0,17,8,11,12,4
2016_1,목동중앙서로8가길,172,95,77,2,10,19,38,71,32,1,3,6,25,40,20,1,7,13,13,31,12
2016_1,목동중앙서로7길,243,82,161,2,26,53,58,73,31,1,7,21,23,17,13,1,19,32,35,56,18
2016_1,목동중앙북로8길,394,174,220,0,7,22,36,79,250,0,2,13,20,26,113,0,5,9,16,53,137
2016_1,목동중앙북로16길,268,84,184,0,37,76,79,58,18,0,5,26,27,17,9,0,32,50,52,41,9
2016_1,목동중앙본로7길,97,36,61,0,19,17,32,22,7,0,2,6,12,11,5,0,17,11,20,11,2
2016_1,목동중앙로3길,104,57,47,0,5,13,23,24,39,0,1,7,8,12,29,0,4,6,15,12,10
2016_1,목동중앙로13나길,258,190,68,0,40,101,56,39,22,0,24,72,44,29,21,0,16,29,12,10,1
2016_1,목동중앙남로3가길,570,387,183,3,54,134,132,187,60,1,25,80,79,157,45,2,29,54,53,30,15
2016_1,목동로9길,2432,1606,826,1,213,572,650,515,481,0,73,282,431,377,443,1,140,290,219,138,38
2016_1,목동로19길,1003,378,625,4,149,230,263,238,119,2,37,105,104,72,58,2,112,125,159,166,61
2016_1,목동동로12길,414,161,253,1,69,79,118,109,38,0,13,34,43,41,30,1,56,45,75,68,8
2016_1,목동남로4길,10,5,5,0,0,0,4,5,1,0,0,0,0,4,1,0,0,0,4,1,0
2016_1,남부순환로88길,327,139,188,0,31,59,119,88,30,0,6,24,41,46,22,0,25,35,78,42,8
2016_1,남부순환로79길,588,408,180,1,53,72,150,195,117,1,32,48,89,138,100,0,21,24,61,57,17
2016_1,남부순환로70길,670,468,202,2,34,73,172,197,192,1,11,28,106,146,176,1,23,45,66,51,16
2016_1,남부순환로58길,158,84,74,0,21,34,36,48,19,0,13,22,13,21,15,0,8,12,23,27,4
2016_1,남부순환로40길,22,12,10,0,0,5,11,3,3,0,0,3,6,1,2,0,0,2,5,2,1
2016_1,남부순환로33길,1144,900,244,1,38,87,123,143,752,1,15,48,51,80,705,0,23,39,72,63,47
2016_1,곰달래로5길,48,27,21,1,7,11,11,14,4,1,5,6,6,6,3,0,2,5,5,8,1
2016_1,곰달래로3길,411,217,194,0,23,86,155,111,36,0,11,49,78,54,25,0,12,37,77,57,11
2016_1,곰달래로2길,288,168,120,2,59,95,58,53,21,2,24,70,36,29,7,0,35,25,22,24,14
2016_1,곰달래로10길,320,238,82,0,19,44,74,112,71,0,7,28,48,87,68,0,12,16,26,25,3
2016_1,가로공원로58길,95,19,76,0,15,25,32,18,5,0,2,5,5,4,3,0,13,20,27,14,2
2016_1,효창원로93길,114,60,54,0,18,39,47,6,4,0,7,20,29,2,2,0,11,19,18,4,2
2016_1,토정로37길,122,46,76,1,14,27,31,29,20,0,2,11,13,7,13,1,12,16,18,22,7
2016_1,월드컵로8길,1516,866,650,4,194,375,304,202,437,2,49,173,178,102,362,2,145,202,126,100,75
2016_1,월드컵로7길,4,2,2,0,1,1,1,0,1,0,0,0,1,0,1,0,1,1,0,0,0
2016_1,월드컵로36길,116,32,84,0,16,21,23,33,23,0,0,5,7,11,9,0,16,16,16,22,14
2016_1,월드컵로25길,288,157,131,1,47,77,87,49,27,1,20,50,43,23,20,0,27,27,44,26,7
2016_1,월드컵로19길,404,171,233,1,64,106,80,79,74,0,22,55,42,24,28,1,42,51,38,55,46
2016_1,월드컵로16길,3859,1816,2043,44,1022,833,812,583,565,17,347,431,324,210,487,27,675,402,488,373,78
2016_1,월드컵로11길,195,71,124,1,62,51,48,20,13,1,19,25,11,8,7,0,43,26,37,12,6
2016_1,월드컵로10길,1770,981,789,9,481,542,360,264,114,3,149,304,256,186,83,6,332,238,104,78,31
2016_1,와우산로3길,143,87,56,2,29,41,44,23,4,1,14,22,30,16,4,1,15,19,14,7,0
2016_1,와우산로29길,140,70,70,0,39,40,40,11,10,0,17,19,25,5,4,0,22,21,15,6,6
2016_1,와우산로29가길,17,7,10,0,2,6,7,2,0,0,0,2,4,1,0,0,2,4,3,1,0
2016_1,양화진길,441,314,127,0,58,130,116,107,30,0,19,91,88,90,26,0,39,39,28,17,4
2016_1,양화로1길,4384,2299,2085,31,952,1871,1068,351,111,3,243,1012,753,230,58,28,709,859,315,121,53
2016_1,양화로11길,397,248,149,2,71,122,123,50,29,0,22,75,102,30,19,2,49,47,21,20,10
2016_1,신촌로30길,29,14,15,3,2,3,11,8,2,3,0,3,4,2,2,0,2,0,7,6,0
2016_1,신촌로28가길,113,48,65,0,9,30,29,27,18,0,1,7,12,15,13,0,8,23,17,12,5
2016_1,신촌로12길,1235,596,639,5,353,320,260,183,114,5,216,184,88,44,59,0,137,136,172,139,55
2016_1,숭문길,692,366,326,0,112,204,175,136,65,0,48,125,92,57,44,0,64,79,83,79,21
2016_1,숭문8길,115,68,47,0,11,23,37,35,9,0,1,8,28,24,7,0,10,15,9,11,2
2016_1,성지3길,500,278,222,2,94,134,137,72,61,1,31,73,79,48,46,1,63,61,58,24,15
2016_1,성산로4길,3415,2084,1331,24,571,1015,851,758,196,15,259,527,527,594,162,9,312,488,324,164,34
2016_1,성미산로32길,346,175,171,3,81,102,91,41,28,2,24,55,56,20,18,1,57,47,35,21,10
2016_1,성미산로1길,645,497,148,6,76,158,173,110,122,4,43,114,127,89,120,2,33,44,46,21,2
2016_1,성미산로11길,982,674,308,10,174,341,239,152,66,9,82,233,171,128,51,1,92,108,68,24,15
2016_1,백범로16길,578,316,262,79,184,131,88,73,23,47,78,68,53,54,16,32,106,63,35,19,7
2016_1,방울내로9안길,313,174,139,1,42,76,97,64,33,0,16,37,50,42,29,1,26,39,47,22,4
2016_1,모래내로7길,235,124,111,0,21,55,85,48,26,0,8,29,44,25,18,0,13,26,41,23,8
2016_1,매봉산로2길,1621,1096,525,3,322,679,424,161,32,3,156,482,321,116,18,0,166,197,103,45,14
2016_1,망원로2길,186,106,80,1,31,62,46,35,11,0,13,30,28,26,9,1,18,32,18,9,2
2016_1,망원로11길,968,529,439,6,123,306,252,173,108,0,39,189,150,90,61,6,84,117,102,83,47
2016_1,만리재옛길,1413,519,894,15,565,367,307,97,62,8,233,173,38,37,30,7,332,194,269,60,32
2016_1,마포대로4길,143,84,59,1,16,38,37,35,16,1,9,25,19,17,13,0,7,13,18,18,3
2016_1,마포대로20길,1113,594,519,3,216,331,311,177,75,0,68,175,194,117,40,3,148,156,117,60,35
2016_1,마포대로12길,68,36,32,0,2,14,21,19,12,0,2,8,10,8,8,0,0,6,11,11,4
2016_1,동교로38길,218,88,130,0,61,72,56,21,8,0,21,28,24,9,6,0,40,44,32,12,2
2016_1,동교로27길,3400,1613,1787,16,788,1109,610,591,286,5,242,642,387,206,131,11,546,467,223,385,155
2016_1,동교로25길,384,178,206,3,86,167,97,23,8,1,25,82,49,16,5,2,61,85,48,7,3
2016_1,동교로19길,4534,2892,1642,8,769,1108,1077,1025,547,2,304,743,804,664,375,6,465,365,273,361,172
2016_1,동교로17길,786,411,375,2,160,240,212,119,53,0,58,121,138,65,29,2,102,119,74,54,24
2016_1,독막로8길,329,156,173,0,55,97,91,63,23,0,20,45,47,28,16,0,35,52,44,35,7
2016_1,독막로32길,458,190,268,0,66,127,140,86,39,0,16,63,57,28,26,0,50,64,83,58,13
2016_1,독막로22길,73,40,33,0,13,20,15,18,7,0,3,10,8,14,5,0,10,10,7,4,2
2016_1,도화길,1004,488,516,1,183,223,224,197,176,0,57,110,131,90,100,1,126,113,93,107,76
2016_1,도화4길,350,114,236,1,51,67,87,86,58,0,9,19,22,24,40,1,42,48,65,62,18
2016_1,대흥로28길,55,46,9,0,7,23,18,6,1,0,4,22,15,4,1,0,3,1,3,2,0
2016_1,대흥로21길,506,107,399,2,66,113,194,74,57,1,20,31,25,12,18,1,46,82,169,62,39
2016_1,광성로6길,112,72,40,1,14,31,30,19,17,0,7,21,19,12,13,1,7,10,11,7,4
2016_1,홍제내길,99,59,40,0,15,29,20,29,6,0,4,21,15,15,4,0,11,8,5,14,2
2016_1,홍연길,88,55,33,0,9,21,28,19,11,0,5,18,16,10,6,0,4,3,12,9,5
2016_1,통일로39길,10,9,1,0,1,2,4,2,1,0,1,2,3,2,1,0,0,0,1,0,0
2016_1,통일로37길,342,130,212,2,50,79,84,76,51,0,11,25,35,33,26,2,39,54,49,43,25
2016_1,통일로11길,12,10,2,0,0,6,6,0,0,0,0,4,6,0,0,0,0,2,0,0,0
2016_1,충정로6길,15437,8539,6898,60,2544,5246,4982,2233,372,39,959,2672,3124,1456,289,21,1585,2574,1858,777,83
2016_1,충정로4길,2998,2018,980,6,498,1403,796,236,59,0,179,932,632,221,54,6,319,471,164,15,5
2016_1,증가로6길,205,77,128,0,21,49,47,52,36,0,5,24,23,20,5,0,16,25,24,32,31
2016_1,증가로23나길,422,212,210,7,87,138,100,57,33,2,45,68,45,28,24,5,42,70,55,29,9
2016_1,증가로20가길,259,99,160,0,39,55,72,70,23,0,9,16,25,35,14,0,30,39,47,35,9
2016_1,증가로10길,169,93,76,0,20,25,41,44,39,0,3,8,20,29,33,0,17,17,21,15,6
2016_1,응암로1길,325,237,88,0,10,42,90,131,52,0,4,25,65,103,40,0,6,17,25,28,12
2016_1,연희로10길,93,64,29,0,7,10,31,30,15,0,1,5,22,24,12,0,6,5,9,6,3
2016_1,신촌로37길,148,63,85,0,18,30,38,38,24,0,2,13,17,19,12,0,16,17,21,19,12
2016_1,수색로8길,2898,2789,109,0,10,24,44,201,2619,0,4,12,30,184,2559,0,6,12,14,17,60
2016_1,세무서길,338,123,215,0,52,74,100,73,39,0,9,27,37,27,23,0,43,47,63,46,16
2016_1,세검정로1길,278,171,107,0,44,71,72,51,40,0,20,42,50,28,31,0,24,29,22,23,9
2016_1,북아현로4길,432,109,323,0,49,66,106,128,83,0,11,26,23,24,25,0,38,40,83,104,58
2016_1,모래내로15길,81,20,61,0,4,11,26,26,14,0,1,1,5,6,7,0,3,10,21,20,7
2016_1,명지대길,342,239,103,0,33,41,73,106,89,0,11,24,44,84,76,0,22,17,29,22,13
2016_1,독립문로8길,730,281,449,1,168,203,155,138,65,0,44,77,78,50,32,1,124,126,77,88,33
2016_1,가재울로6길,10,7,3,0,0,1,6,1,2,0,0,1,5,0,1,0,0,0,1,1,1
2016_1,통일로92길,61,34,27,0,13,10,13,18,7,0,8,9,6,5,6,0,5,1,7,13,1
2016_1,통일로87길,233,124,109,1,28,53,76,55,20,1,7,32,39,29,16,0,21,21,37,26,4
2016_1,통일로78길,209,63,146,0,23,57,47,43,39,0,2,21,16,9,15,0,21,36,31,34,24
2016_1,진흥로1길,491,147,344,4,71,149,171,74,22,1,23,54,36,17,16,3,48,95,135,57,6
2016_1,진흥로12길,452,202,250,2,59,119,138,89,45,2,20,53,61,38,28,0,39,66,77,51,17
2016_1,증산서길,387,279,108,1,34,61,75,97,119,0,7,28,47,83,114,1,27,33,28,14,5
2016_1,증산로9길,98,36,62,0,12,36,24,24,2,0,5,15,8,7,1,0,7,21,16,17,1
2016_1,증산로5길,722,373,349,5,57,138,203,218,101,0,22,48,82,137,84,5,35,90,121,81,17
2016_1,증산로21길,258,171,87,0,28,32,51,79,68,0,9,12,31,58,61,0,19,20,20,21,7
2016_1,증산로17길,802,414,388,2,43,96,211,227,223,1,19,39,118,134,103,1,24,57,93,93,120
2016_1,증산로15길,196,74,122,0,21,37,53,49,36,0,2,15,17,23,17,0,19,22,36,26,19
2016_1,증산로13길,66,35,31,0,3,19,18,20,6,0,1,15,8,7,4,0,2,4,10,13,2
2016_1,응암로34길,104,63,41,3,13,19,30,29,10,1,11,13,13,16,9,2,2,6,17,13,1
2016_1,응암로22길,166,54,112,0,19,35,36,41,35,0,3,10,17,9,15,0,16,25,19,32,20
2016_1,응암로14길,336,104,232,2,66,77,113,56,22,1,14,20,36,20,13,1,52,57,77,36,9
2016_1,응암로13길,264,107,157,1,35,59,89,55,25,1,11,20,41,21,13,0,24,39,48,34,12
2016_1,응암로12길,212,97,115,0,32,56,61,41,22,0,9,28,28,19,13,0,23,28,33,22,9
2016_1,은평로8길,264,139,125,2,48,48,69,70,27,0,22,26,45,33,13,2,26,22,24,37,14
2016_1,은평로3길,294,84,210,0,40,69,94,63,28,0,10,19,20,17,18,0,30,50,74,46,10
2016_1,은평로20길,23,9,14,0,2,4,12,4,1,0,1,1,4,2,1,0,1,3,8,2,0
2016_1,은평로13길,481,309,172,1,61,108,142,105,64,1,26,64,89,77,52,0,35,44,53,28,12
2016_1,은평로10길,305,186,119,1,34,97,85,51,37,1,17,65,45,28,30,0,17,32,40,23,7
2016_1,연서로5길,57,22,35,0,4,19,17,12,5,0,0,10,4,6,2,0,4,9,13,6,3
2016_1,연서로41길,231,65,166,0,19,59,78,58,17,0,3,13,16,21,12,0,16,46,62,37,5
2016_1,연서로3길,104,39,65,0,11,21,26,37,9,0,7,9,10,9,4,0,4,12,16,28,5
2016_1,연서로34길,132,40,92,0,25,35,34,32,6,0,3,14,7,12,4,0,22,21,27,20,2
2016_1,연서로33길,28,8,20,0,4,7,9,7,1,0,0,0,3,4,1,0,4,7,6,3,0
2016_1,연서로29길,325,119,206,3,37,78,86,90,31,3,14,29,26,32,15,0,23,49,60,58,16
2016_1,연서로28길,753,343,410,3,115,149,177,177,132,1,37,79,94,62,70,2,78,70,83,115,62
2016_1,연서로27길,65,29,36,1,13,10,20,14,7,0,1,4,9,10,5,1,12,6,11,4,2
2016_1,연서로21길,335,208,127,1,33,85,120,72,24,1,14,62,65,48,18,0,19,23,55,24,6
2016_1,연서로17길,1034,325,709,2,156,207,277,256,136,0,46,97,85,49,48,2,110,110,192,207,88
2016_1,연서로16길,293,108,185,2,63,94,59,50,25,1,13,38,21,22,13,1,50,56,38,28,12
2016_1,연서로13길,700,228,472,8,107,176,217,161,31,0,38,71,74,28,17,8,69,105,143,133,14
2016_1,연서로11길,193,94,99,0,15,39,74,54,11,0,5,21,35,28,5,0,10,18,39,26,6
2016_1,역말로9길,21,18,3,0,0,7,9,4,1,0,0,7,8,3,0,0,0,0,1,1,1
2016_1,수색로18길,24,13,11,0,0,8,8,3,5,0,0,4,5,1,3,0,0,4,3,2,2
2016_1,서오릉로8길,29,12,17,0,6,7,4,6,6,0,0,2,1,5,4,0,6,5,3,1,2
2016_1,서오릉로21길,476,152,324,1,31,85,119,96,144,1,9,24,41,27,50,0,22,61,78,69,94
2016_1,불광천길,167,82,85,1,17,31,40,49,29,0,7,17,21,21,16,1,10,14,19,28,13
2016_1,갈현로7길,977,269,708,0,187,253,232,221,84,0,53,85,57,51,23,0,134,168,175,170,61
2016_1,갈현로41길,92,38,54,1,9,28,20,23,11,0,5,12,8,10,3,1,4,16,12,13,8
2016_1,갈현로33길,35,8,27,1,11,5,10,6,2,0,2,1,3,1,1,1,9,4,7,5,1
2016_1,갈현로1길,131,56,75,0,7,24,39,35,26,0,6,14,10,9,17,0,1,10,29,26,9
2016_1,가좌로7길,53,22,31,0,6,10,15,11,11,0,1,3,4,4,10,0,5,7,11,7,1
2016_1,한글비석로44길,456,251,205,2,43,75,105,150,81,0,18,36,46,88,63,2,25,39,59,62,18
2016_1,한글비석로24길,387,155,232,1,24,52,91,140,79,1,4,26,41,51,32,0,20,26,50,89,47
2016_1,한글비석로22길,705,298,407,0,57,147,196,213,92,0,16,83,78,78,43,0,41,64,118,135,49
2016_1,석계로1길,112,69,43,0,11,22,34,37,8,0,7,9,23,23,7,0,4,13,11,14,1
2016_1,상계로9가길,347,99,248,1,32,42,97,109,66,0,9,15,25,27,23,1,23,27,72,82,43
2016_1,상계로12길,13,9,4,0,0,0,6,7,0,0,0,0,5,4,0,0,0,0,1,3,0
2016_1,동일로242길,492,373,119,0,8,47,105,72,260,0,1,29,61,52,230,0,7,18,44,20,30
2016_1,동일로192길,462,223,239,4,52,59,116,140,91,2,29,38,54,48,52,2,23,21,62,92,39
2016_1,동일로173가길,2408,1352,1056,8,272,530,657,582,359,7,97,373,364,237,274,1,175,157,293,345,85
2016_1,공릉로58길,103,45,58,0,5,15,33,29,21,0,3,9,16,9,8,0,2,6,17,20,13
2016_1,해등로16길,79,64,15,0,7,30,22,14,6,0,3,25,19,12,5,0,4,5,3,2,1
2016_1,우이천로4다길,195,111,84,3,17,33,62,54,26,3,7,18,29,35,19,0,10,15,33,19,7
2016_1,우이천로32길,96,46,50,0,13,18,37,22,6,0,1,15,13,12,5,0,12,3,24,10,1
2016_1,시루봉로23길,39,18,21,0,7,5,14,10,3,0,1,1,6,8,2,0,6,4,8,2,1
2016_1,삼양로144길,60,43,17,1,5,13,20,14,7,1,5,6,14,10,7,0,0,7,6,4,0
2016_1,방학로6가길,162,87,75,0,19,35,54,31,23,0,8,19,26,16,18,0,11,16,28,15,5
2016_1,방학로5길,119,73,46,2,11,15,29,37,25,1,6,14,18,19,15,1,5,1,11,18,10
2016_1,방학로15길,346,219,127,1,17,38,88,123,79,0,6,18,46,81,68,1,11,20,42,42,11
2016_1,방학로10길,121,49,72,0,17,11,25,41,27,0,9,3,9,15,13,0,8,8,16,26,14
2016_1,도봉산4길,326,287,39,1,6,26,100,142,51,1,3,22,92,123,46,0,3,4,8,19,5
2016_1,도봉로181길,216,98,118,0,19,35,58,60,44,0,7,17,26,24,24,0,12,18,32,36,20
2016_1,도봉로169나길,282,127,155,0,34,47,75,74,52,0,8,18,45,29,27,0,26,29,30,45,25
2016_1,도봉로156길,269,140,129,4,30,68,71,60,36,1,16,35,37,29,22,3,14,33,34,31,14
2016_1,도봉로152가길,452,395,57,0,20,41,79,190,122,0,11,28,64,178,114,0,9,13,15,12,8
2016_1,도봉로147길,578,337,241,1,52,121,161,175,68,0,31,81,107,91,27,1,21,40,54,84,41
2016_1,도봉로114길,465,162,303,1,90,120,109,110,35,1,10,42,43,47,19,0,80,78,66,63,16
2016_1,도봉로109길,18,6,12,0,4,6,4,1,3,0,0,2,1,0,3,0,4,4,3,1,0
2016_1,도당로29길,903,537,366,11,188,222,219,197,66,11,87,137,109,139,54,0,101,85,110,58,12
2016_1,도당로19길,162,74,88,0,19,31,63,40,9,0,7,18,25,19,5,0,12,13,38,21,4
2016_1,도당로13바길,213,77,136,1,30,42,64,52,24,0,6,24,16,19,12,1,24,18,48,33,12
2016_1,도당로13가길,144,63,81,0,15,26,54,31,18,0,5,11,25,12,10,0,10,15,29,19,8
2016_1,덕릉로60길,54,27,27,0,2,10,25,14,3,0,0,5,11,9,2,0,2,5,14,5,1
2016_1,노해로63다길,556,228,328,2,83,146,142,128,55,1,20,78,62,37,30,1,63,68,80,91,25
2016_1,노해로60길,305,130,175,4,37,76,90,77,21,1,10,34,31,42,12,3,27,42,59,35,9
2016_1,한천로140길,93,45,48,1,5,13,24,25,25,0,2,5,10,15,13,1,3,8,14,10,12
2016_1,한천로139가길,54,29,25,0,5,14,20,9,6,0,2,10,10,5,2,0,3,4,10,4,4
2016_1,한천로132길,293,110,183,3,49,68,60,74,39,0,7,35,21,28,19,3,42,33,39,46,20
2016_1,한천로130길,287,131,156,0,40,69,100,64,14,0,11,33,50,26,11,0,29,36,50,38,3
2016_1,한천로124나길,88,41,47,0,6,20,28,24,10,0,4,7,9,13,8,0,2,13,19,11,2
2016_1,한천로109길,616,282,334,11,99,148,162,143,53,7,37,70,80,61,27,4,62,78,82,82,26
2016_1,인수봉로79길,171,37,134,0,21,52,44,43,11,0,4,7,11,9,6,0,17,45,33,34,5
2016_1,인수봉로72길,93,48,45,0,15,17,16,21,24,0,2,11,8,10,17,0,13,6,8,11,7
2016_1,인수봉로56길,12,1,11,0,1,5,5,0,1,0,0,1,0,0,0,0,1,4,5,0,1
2016_1,오패산로67길,537,282,255,3,59,125,122,134,94,3,20,70,63,79,47,0,39,55,59,55,47
2016_1,오패산로52길,87,26,61,0,14,18,27,18,10,0,1,6,5,8,6,0,13,12,22,10,4
2016_1,수유로12길,260,168,92,4,28,74,70,44,40,1,12,50,45,28,32,3,16,24,25,16,8
2016_1,솔샘로65길,546,237,309,5,59,133,165,125,59,1,11,46,66,66,47,4,48,87,99,59,12
2016_1,솔매로50길,694,269,425,3,89,191,214,144,53,2,18,57,79,69,44,1,71,134,135,75,9
2016_1,솔매로45길,221,97,124,0,16,40,64,75,26,0,5,16,31,33,12,0,11,24,33,42,14
2016_1,솔매로41길,76,16,60,1,11,15,23,19,7,0,1,4,5,2,4,1,10,11,18,17,3
2016_1,삼양로93길,17,4,13,0,0,2,9,6,0,0,0,0,2,2,0,0,0,2,7,4,0
2016_1,삼양로77길,401,137,264,0,46,76,119,102,58,0,17,35,43,24,18,0,29,41,76,78,40
2016_1,삼양로54길,6,3,3,0,0,2,1,3,0,0,0,1,0,2,0,0,0,1,1,1,0
2016_1,삼양로41길,342,167,175,0,33,71,126,86,26,0,16,34,65,37,15,0,17,37,61,49,11
2016_1,삼양로24길,78,36,42,0,9,9,22,24,14,0,2,6,12,8,8,0,7,3,10,16,6
2016_1,삼양로20길,133,49,84,0,17,30,47,29,10,0,2,11,17,11,8,0,15,19,30,18,2
2016_1,삼각산로28길,669,373,296,5,67,122,129,190,156,4,28,61,61,108,111,1,39,61,68,82,45
2016_1,도봉로99길,162,92,70,0,16,42,53,34,17,0,3,27,31,23,8,0,13,15,22,11,9
2016_1,도봉로8길,271,187,84,0,49,81,75,44,22,0,38,67,51,18,13,0,11,14,24,26,9
2016_1,도봉로76길,379,194,185,0,45,61,76,86,111,0,18,33,38,42,63,0,27,28,38,44,48
2016_1,도봉로67길,5,3,2,0,0,0,4,1,0,0,0,0,2,1,0,0,0,0,2,0,0
2016_1,도봉로45길,151,97,54,0,13,29,46,29,34,0,10,18,26,15,28,0,3,11,20,14,6
2016_1,도봉로18길,367,175,192,0,26,80,110,97,54,0,14,44,50,39,28,0,12,36,60,58,26
2016_1,도봉로13길,31,12,19,0,0,4,11,12,4,0,0,1,3,4,4,0,0,3,8,8,0
2016_1,덕릉로41길,717,595,122,0,72,206,211,206,22,0,54,170,185,174,12,0,18,36,26,32,10
2016_1,덕릉로40길,915,701,214,4,63,114,272,327,135,2,39,77,215,267,101,2,24,37,57,60,34
2016_1,노해로33길,32,13,19,0,9,6,8,8,1,0,1,1,5,5,1,0,8,5,3,3,0
2016_1,노해로17길,268,132,136,0,40,48,60,77,43,0,13,32,40,34,13,0,27,16,20,43,30
2016_1,화랑로40길,161,82,79,1,23,42,43,36,16,0,6,18,24,20,14,1,17,24,19,16,2
2016_1,화랑로32길,412,287,125,5,71,146,124,52,14,0,22,118,93,49,5,5,49,28,31,3,9
2016_1,화랑로1길,201,108,93,0,21,36,45,71,28,0,7,15,26,48,12,0,14,21,19,23,16
2016_1,화랑로19길,437,221,216,1,43,120,151,91,31,1,16,61,81,46,16,0,27,59,70,45,15
2016_1,화랑로14길,44,20,24,0,2,9,20,10,3,0,1,3,10,4,2,0,1,6,10,6,1
2016_1,화랑로13길,91,44,47,0,16,25,31,16,3,0,7,11,13,10,3,0,9,14,18,6,0
2016_1,한천로76길,133,77,56,0,6,23,44,40,20,0,1,17,28,21,10,0,5,6,16,19,10
2016_1,한천로101가길,61,36,25,1,4,11,22,17,6,0,2,6,14,10,4,1,2,5,8,7,2
2016_1,창경궁로43길,28,14,14,0,3,6,9,8,2,0,1,4,5,3,1,0,2,2,4,5,1
2016_1,지봉로20길,92,54,38,0,10,16,28,27,11,0,9,8,15,13,9,0,1,8,13,14,2
2016_1,종암로5길,109,76,33,0,9,34,39,19,8,0,8,28,28,7,5,0,1,6,11,12,3
2016_1,종암로24가길,282,151,131,2,53,73,69,66,19,1,24,33,37,41,15,1,29,40,32,25,4
2016_1,종암로21길,131,52,79,1,17,25,47,28,13,0,2,9,22,10,9,1,15,16,25,18,4
2016_1,종암로19길,370,103,267,1,77,72,97,92,31,0,9,28,33,18,15,1,68,44,64,74,16
2016_1,종암로16길,77,36,41,0,8,20,24,15,10,0,2,11,11,3,9,0,6,9,13,12,1
2016_1,정릉로8길,204,118,86,0,40,60,41,37,26,0,15,36,22,22,23,0,25,24,19,15,3
2016_1,정릉로27길,223,90,133,0,41,50,55,46,31,0,12,19,28,16,15,0,29,31,27,30,16
2016_1,장위로50길,956,527,429,1,86,159,223,257,230,0,31,98,120,141,137,1,55,61,103,116,93
2016_1,장월로1길,419,184,235,6,63,100,110,89,51,5,25,64,35,32,23,1,38,36,75,57,28
2016_1,인촌로6길,2258,1187,1071,6,272,420,538,484,538,1,93,249,211,265,368,5,179,171,327,219,170
2016_1,인촌로5길,25,6,19,0,2,2,10,9,2,0,0,1,2,2,1,0,2,1,8,7,1
2016_1,인촌로24길,171,114,57,1,28,71,39,20,12,0,17,59,28,7,3,1,11,12,11,13,9
2016_1,개운사길,3066,1943,1123,4,353,914,909,663,223,3,116,460,644,539,181,1,237,454,265,124,42
2016_1,인촌로1길,140,97,43,1,17,41,46,23,12,0,9,27,35,17,9,1,8,14,11,6,3
2016_1,인촌로17가길,3124,1198,1926,0,905,1050,719,380,70,0,163,384,363,226,62,0,742,666,356,154,8
2016_1,오패산로4길,576,180,396,8,102,137,145,113,71,2,23,48,46,32,29,6,79,89,99,81,42
2016_1,오패산로3길,1176,692,484,9,191,318,350,194,114,2,81,197,233,119,60,7,110,121,117,75,54
2016_1,오패산로19길,47,15,32,0,10,16,16,3,2,0,0,7,6,0,2,0,10,9,10,3,0
2016_1,안암로5길,568,345,223,0,98,139,153,111,67,0,32,79,99,80,55,0,66,60,54,31,12
2016_1,아리랑로4길,628,238,390,0,61,91,180,185,111,0,25,39,69,54,51,0,36,52,111,131,60
2016_1,솔샘로6길,149,65,84,1,30,34,41,33,10,0,8,20,16,16,5,1,22,14,25,17,5
2016_1,성북로8길,45,23,22,0,14,13,8,4,6,0,4,6,6,3,4,0,10,7,2,1,2
2016_1,삼양로8길,77,39,38,3,21,17,21,10,5,0,9,9,12,5,4,3,12,8,9,5,1
2016_1,삼선교로16가길,675,400,275,0,170,100,170,176,59,0,72,52,117,121,38,0,98,48,53,55,21
2016_1,삼선교로10다길,96,33,63,0,12,20,21,28,15,0,1,11,10,9,2,0,11,9,11,19,13
2016_1,삼선교로10길,231,101,130,0,32,62,79,45,13,0,5,24,32,29,11,0,27,38,47,16,2
2016_1,보문로32길,948,396,552,0,245,190,260,192,61,0,16,89,145,109,37,0,229,101,115,83,24
2016_1,보문로31길,789,296,493,0,171,175,193,175,75,0,52,81,70,53,40,0,119,94,123,122,35
2016_1,보문로13길,774,441,333,0,12,26,59,99,578,0,5,9,25,41,361,0,7,17,34,58,217
2016_1,보국문로16길,292,202,90,1,15,27,58,141,50,0,2,13,44,107,36,1,13,14,14,34,14
2016_1,동소문로26가길,241,132,109,0,46,77,53,32,33,0,17,50,37,12,16,0,29,27,16,20,17
2016_1,동소문로15길,61,28,33,0,5,21,22,8,5,0,1,11,10,2,4,0,4,10,12,6,1
2016_1,동소문로13길,841,478,363,2,85,138,153,213,250,1,35,88,102,128,124,1,50,50,51,85,126
2016_1,돌곶이로8길,203,112,91,0,23,62,44,53,21,0,8,24,27,37,16,0,15,38,17,16,5
2016_1,돌곶이로41길,47,21,26,0,8,11,13,14,1,0,2,5,6,7,1,0,6,6,7,7,0
2016_1,돌곶이로28길,142,83,59,0,20,33,48,28,13,0,11,23,27,14,8,0,9,10,21,14,5
2016_1,돌곶이로27길,53,30,23,0,5,9,19,17,3,0,0,5,10,12,3,0,5,4,9,5,0
2016_1,돌곶이로22길,103,51,52,0,13,31,29,23,7,0,3,19,14,11,4,0,10,12,15,12,3
2016_1,길음로7길,12,8,4,0,1,5,3,1,2,0,1,4,2,0,1,0,0,1,1,1,1
2016_1,중랑천로10길,677,364,313,11,144,145,204,123,50,4,65,76,118,70,31,7,79,69,86,53,19
2016_1,용마산로94길,452,279,173,0,96,36,142,132,46,0,45,25,85,88,36,0,51,11,57,44,10
2016_1,용마산로118길,534,258,276,0,62,140,148,101,83,0,16,66,62,51,63,0,46,74,86,50,20
2016_1,용마산로112길,277,131,146,0,40,63,68,65,41,0,12,30,27,30,32,0,28,33,41,35,9
2016_1,용마산로100길,471,331,140,0,43,58,83,156,131,0,8,27,48,128,120,0,35,31,35,28,11
2016_1,신내로7가길,281,75,206,0,36,59,95,66,25,0,5,14,24,20,12,0,31,45,71,46,13
2016_1,사가정로54길,98,32,66,0,24,26,17,25,6,0,3,8,6,10,5,0,21,18,11,15,1
2016_1,사가정로42길,60,22,38,0,4,9,19,17,11,0,0,3,6,7,6,0,4,6,13,10,5
2016_1,봉화산로56길,591,158,433,0,78,91,151,190,81,0,35,42,41,30,10,0,43,49,110,160,71
2016_1,봉화산로4길,358,127,231,0,24,56,107,125,46,0,6,21,36,36,28,0,18,35,71,89,18
2016_1,봉화산로30길,392,246,146,0,28,61,118,126,59,0,7,39,68,86,46,0,21,22,50,40,13
2016_1,봉우재로33길,62,23,39,0,12,10,18,13,9,0,4,3,6,4,6,0,8,7,12,9,3
2016_1,면목로78길,291,171,120,1,30,61,88,76,35,1,11,38,54,42,25,0,19,23,34,34,10
2016_1,면목로56길,223,167,56,0,14,30,59,75,45,0,1,16,42,67,41,0,13,14,17,8,4
2016_1,면목로55길,457,143,314,1,39,80,113,149,75,0,6,29,35,44,29,1,33,51,78,105,46
2016_1,면목로49길,503,162,341,0,189,183,86,36,9,0,26,68,43,18,7,0,163,115,43,18,2
2016_1,면목로48길,104,57,47,0,16,28,32,19,9,0,8,19,14,11,5,0,8,9,18,8,4
2016_1,면목로45길,90,36,54,0,16,24,21,17,12,0,6,6,7,8,9,0,10,18,14,9,3
2016_1,면목로33길,450,168,282,4,53,98,125,124,46,4,15,39,50,37,23,0,38,59,75,87,23
2016_1,면목로21길,27,22,5,0,6,1,8,12,0,0,5,1,5,11,0,0,1,0,3,1,0
2016_1,망우로73길,9,4,5,0,0,0,5,3,1,0,0,0,2,1,1,0,0,0,3,2,0
2016_1,망우로68길,74,30,44,1,14,13,18,20,8,0,1,5,4,15,5,1,13,8,14,5,3
2016_1,동일로163길,126,85,41,0,8,28,51,29,10,0,5,21,31,22,6,0,3,7,20,7,4
2016_1,동일로157길,193,95,98,0,34,53,50,38,18,0,7,29,28,19,12,0,27,24,22,19,6
2016_1,동일로149길,1124,823,301,0,148,309,320,306,41,0,90,211,254,239,29,0,58,98,66,67,12
2016_1,동일로140길,220,85,135,0,25,47,61,64,23,0,8,18,26,22,11,0,17,29,35,42,12
2016_1,동일로139길,73,40,33,0,2,12,32,18,9,0,0,7,19,11,3,0,2,5,13,7,6
2016_1,동일로139가길,1126,665,461,2,116,246,234,177,351,2,48,140,132,88,255,0,68,106,102,89,96
2016_1,동일로130길,96,22,74,0,9,21,37,21,8,0,4,5,3,3,7,0,5,16,34,18,1
2016_1,동일로123길,169,93,76,0,27,34,46,33,29,0,11,23,21,17,21,0,16,11,25,16,8
2016_1,동일로112길,171,73,98,0,20,26,48,54,23,0,3,12,17,27,14,0,17,14,31,27,9
2016_1,동일로101길,323,128,195,1,40,60,86,94,42,0,11,23,39,33,22,1,29,37,47,61,20
2016_1,동일로100길,38,18,20,0,6,7,13,8,4,0,1,4,6,5,2,0,5,3,7,3,2
2016_1,답십리로75길,88,48,40,1,7,21,37,14,8,0,2,8,23,9,6,1,5,13,14,5,2
2016_1,공릉로2길,627,304,323,7,99,153,163,139,66,6,24,79,81,71,43,1,75,74,82,68,23
2016_1,공릉로12가길,39,26,13,0,3,5,16,9,6,0,0,4,12,6,4,0,3,1,4,3,2
2016_1,겸재로54길,116,65,51,0,11,28,30,30,17,0,6,18,17,15,9,0,5,10,13,15,8
2016_1,겸재로36길,284,224,60,0,22,38,59,102,63,0,8,27,45,84,60,0,14,11,14,18,3
2016_1,겸재로29길,452,190,262,1,46,109,125,114,57,0,15,38,56,49,32,1,31,71,69,65,25
2016_1,휘경로3길,226,124,102,0,47,64,59,38,18,0,16,37,36,22,13,0,31,27,23,16,5
2016_1,휘경로2길,7,2,5,0,2,2,2,1,0,0,0,0,1,1,0,0,2,2,1,0,0
2016_1,휘경로23길,15,0,15,0,1,1,9,4,0,0,0,0,0,0,0,0,1,1,9,4,0
2016_1,휘경로14길,101,42,59,0,7,6,23,15,50,0,2,4,15,4,17,0,5,2,8,11,33
2016_1,한천로46길,387,121,266,3,46,68,142,100,28,2,9,18,47,31,14,1,37,50,95,69,14
2016_1,한천로40길,278,149,129,1,26,52,84,87,28,0,6,27,43,53,20,1,20,25,41,34,8
2016_1,한천로33길,70,31,39,0,17,14,12,13,14,0,6,10,6,5,4,0,11,4,6,8,10
2016_1,한천로14길,610,374,236,0,63,156,179,143,69,0,33,108,110,81,42,0,30,48,69,62,27
2016_1,천호대로97길,328,206,122,0,48,76,90,78,36,0,18,52,52,56,28,0,30,24,38,22,8
2016_1,천호대로77길,2002,1019,983,11,195,372,415,532,477,4,83,196,244,235,257,7,112,176,171,297,220
2016_1,천호대로45길,171,107,64,0,10,25,38,54,44,0,3,16,23,34,31,0,7,9,15,20,13
2016_1,천호대로17길,2060,1287,773,11,270,464,406,412,497,6,107,276,252,261,385,5,163,188,154,151,112
2016_1,천호대로12길,817,541,276,3,153,231,210,164,56,2,91,150,146,115,37,1,62,81,64,49,19
2016_1,천장산로7길,1427,887,540,0,126,376,431,395,99,0,50,180,281,291,85,0,76,196,150,104,14
2016_1,제기로5길,196,103,93,0,18,38,59,52,29,0,13,30,26,22,12,0,5,8,33,30,17
2016_1,제기로21길,216,138,78,3,23,40,73,57,20,0,9,22,53,45,9,3,14,18,20,12,11
2016_1,전농로4길,656,427,229,0,99,162,192,135,68,0,53,123,121,86,44,0,46,39,71,49,24
2016_1,전농로3길,96,44,52,2,24,14,28,22,6,2,9,9,12,9,3,0,15,5,16,13,3
2016_1,전농로29길,307,148,159,4,35,84,104,59,21,3,13,43,44,33,12,1,22,41,60,26,9
2016_1,장한로8길,804,482,322,1,94,181,231,204,93,0,28,96,143,138,77,1,66,85,88,66,16
2016_1,장한로5길,2857,1991,866,25,621,795,720,494,202,7,326,562,543,396,157,18,295,233,177,98,45
2016_1,장한로27길,170,49,121,0,51,50,28,26,15,0,7,23,12,2,5,0,44,27,16,24,10
2016_1,장한로27가길,394,197,197,1,30,76,104,137,46,1,15,46,56,62,17,0,15,30,48,75,29
2016_1,장한로26길,568,289,279,2,79,138,136,139,74,0,21,77,69,70,52,2,58,61,67,69,22
2016_1,장한로26가길,389,170,219,0,63,75,76,104,71,0,20,46,30,40,34,0,43,29,46,64,37
2016_1,장한로25길,1000,428,572,5,160,258,267,208,102,0,41,104,127,96,60,5,119,154,140,112,42
2016_1,장한로14길,187,158,29,0,4,14,46,77,46,0,1,7,34,72,44,0,3,7,12,5,2
2016_1,이문로42길,235,87,148,0,38,54,67,58,18,0,5,15,33,22,12,0,33,39,34,36,6
2016_1,왕산로43길,990,489,501,4,197,278,233,187,91,0,56,154,125,95,59,4,141,124,108,92,32
2016_1,왕산로33길,175,121,54,0,5,37,56,42,35,0,4,26,47,19,25,0,1,11,9,23,10
2016_1,왕산로32길,12,8,4,0,0,2,4,3,3,0,0,1,2,3,2,0,0,1,2,0,1
2016_1,약령시로17길,260,137,123,2,32,43,74,66,43,1,19,22,37,37,21,1,13,21,37,29,22
2016_1,서울시립대로4길,805,501,304,9,151,177,216,177,75,8,79,118,158,97,41,1,72,59,58,80,34
2016_1,서울시립대로29길,234,135,99,1,33,45,64,54,37,0,14,29,40,26,26,1,19,16,24,28,11
2016_1,서울시립대로16길,139,34,105,0,18,34,46,27,14,0,2,8,16,6,2,0,16,26,30,21,12
2016_1,사가정로2길,81,66,15,0,12,21,19,14,15,0,10,19,15,12,10,0,2,2,4,2,5
2016_1,사가정로23가길,116,69,47,1,16,45,20,21,13,0,8,29,7,13,12,1,8,16,13,8,1
2016_1,사가정로13길,303,115,188,0,52,89,83,56,23,0,10,31,36,21,17,0,42,58,47,35,6
2016_1,무학로45길,407,229,178,0,79,115,97,74,42,0,24,68,63,50,24,0,55,47,34,24,18
2016_1,무학로16길,1106,982,124,4,66,293,370,250,123,0,35,253,334,241,119,4,31,40,36,9,4
2016_1,망우로21길,187,106,81,2,27,38,37,41,42,1,7,16,18,28,36,1,20,22,19,13,6
2016_1,망우로18길,529,216,313,1,122,166,149,66,25,0,38,58,81,28,11,1,84,108,68,38,14
2016_1,망우로18가길,63,24,39,0,9,12,21,12,9,0,3,6,8,2,5,0,6,6,13,10,4
2016_1,답십리로72길,14,11,3,0,0,3,4,7,0,0,0,2,3,6,0,0,0,1,1,1,0
2016_1,답십리로69길,854,385,469,1,142,217,213,186,95,1,45,108,93,73,65,0,97,109,120,113,30
2016_1,답십리로68길,172,109,63,1,22,28,56,46,19,1,14,20,34,27,13,0,8,8,22,19,6
2016_1,답십리로64길,334,200,134,2,66,88,98,56,24,1,28,57,71,31,12,1,38,31,27,25,12
2016_1,답십리로63길,109,65,44,0,13,22,41,28,5,0,8,11,28,13,5,0,5,11,13,15,0
2016_1,답십리로60길,9,4,5,0,0,1,5,2,1,0,0,1,1,2,0,0,0,0,4,0,1
2016_1,답십리로56길,8,6,2,0,0,3,4,1,0,0,0,3,2,1,0,0,0,0,2,0,0
2016_1,답십리로23길,5,4,1,0,0,1,3,1,0,0,0,1,2,1,0,0,0,0,1,0,0
2016_1,난계로30길,165,119,46,5,16,33,34,38,39,0,13,25,25,23,33,5,3,8,9,15,6
2016_1,경희대로3길,268,165,103,0,78,98,54,35,3,0,29,55,47,31,3,0,49,43,7,4,0
2016_1,천호대로129길,200,65,135,1,24,34,78,44,19,1,6,6,26,17,9,0,18,28,52,27,10
2016_1,천호대로123길,369,156,213,0,40,67,97,127,38,0,12,29,45,55,15,0,28,38,52,72,23
2016_1,천호대로109길,1236,696,540,2,206,295,353,259,121,0,98,158,196,155,89,2,108,137,157,104,32
2016_1,자양번영로3길,94,38,56,0,11,11,28,33,11,0,3,3,12,14,6,0,8,8,16,19,5
2016_1,자양로50길,20,5,15,0,7,3,3,4,3,0,0,1,0,2,2,0,7,2,3,2,1
2016_1,자양로45길,540,295,245,3,93,142,159,100,43,1,34,91,97,47,25,2,59,51,62,53,18
2016_1,자양로26길,328,107,221,1,38,66,97,82,44,0,5,18,38,28,18,1,33,48,59,54,26
2016_1,자양로15길,435,249,186,0,26,88,82,123,116,0,8,47,50,66,78,0,18,41,32,57,38
2016_1,자양로11길,1328,671,657,13,253,298,341,264,159,4,66,153,208,149,91,9,187,145,133,115,68
2016_1,용마산로3길,806,444,362,0,119,191,217,180,99,0,53,116,97,100,78,0,66,75,120,80,21
2016_1,용마산로21길,149,60,89,0,18,28,53,38,12,0,5,9,23,14,9,0,13,19,30,24,3
2016_1,아차산로78길,1608,979,629,21,199,394,418,368,208,13,98,286,248,201,133,8,101,108,170,167,75
2016_1,아차산로65길,705,460,245,1,108,195,202,149,50,0,43,120,148,111,38,1,65,75,54,38,12
2016_1,아차산로55길,459,231,228,1,118,118,93,83,46,1,30,66,57,48,29,0,88,52,36,35,17
2016_1,아차산로51길,272,149,123,0,32,72,87,53,28,0,15,39,51,29,15,0,17,33,36,24,13
2016_1,아차산로40길,497,285,212,4,122,113,119,79,60,1,54,55,74,51,50,3,68,58,45,28,10
2016_1,면목로17길,230,146,84,0,39,45,62,53,31,0,13,26,40,42,25,0,26,19,22,11,6
2016_1,뚝섬로64길,400,232,168,1,33,58,105,101,102,1,9,25,55,59,83,0,24,33,50,42,19
2016_1,뚝섬로58길,198,71,127,0,13,46,62,65,12,0,5,10,23,25,8,0,8,36,39,40,4
2016_1,뚝섬로54길,148,87,61,0,21,37,52,24,14,0,10,25,26,16,10,0,11,12,26,8,4
2016_1,뚝섬로48길,835,371,464,8,126,209,226,176,90,7,42,89,101,78,54,1,84,120,125,98,36
2016_1,뚝섬로24길,106,38,68,0,16,20,23,39,8,0,3,5,5,20,5,0,13,15,18,19,3
2016_1,뚝섬로23길,100,63,37,0,10,21,29,24,16,0,4,12,15,17,15,0,6,9,14,7,1
2016_1,동일로24길,8,2,6,0,0,1,0,5,2,0,0,0,0,1,1,0,0,1,0,4,1
2016_1,동일로18길,173,73,100,1,27,43,52,38,12,0,12,19,19,14,9,1,15,24,33,24,3
2016_1,능동로4길,239,101,138,0,31,62,60,54,32,0,8,18,26,28,21,0,23,44,34,26,11
2016_1,능동로3길,242,101,141,0,25,37,66,69,45,0,8,12,31,27,23,0,17,25,35,42,22
2016_1,능동로34길,906,478,428,5,114,206,218,224,139,4,49,111,114,105,95,1,65,95,104,119,44
2016_1,능동로19길,347,217,130,2,60,104,78,69,34,1,30,73,46,37,30,1,30,31,32,32,4
2016_1,능동로13길,316,104,212,1,45,49,73,86,62,0,15,18,25,26,20,1,30,31,48,60,42
2016_1,긴고랑로9길,72,33,39,0,8,21,29,7,7,0,3,12,11,4,3,0,5,9,18,3,4
2016_1,긴고랑로8길,232,205,27,0,4,21,45,98,64,0,1,15,32,93,64,0,3,6,13,5,0
2016_1,긴고랑로7길,516,249,267,3,49,114,169,128,53,2,17,69,79,52,30,1,32,45,90,76,23
2016_1,긴고랑로20길,522,237,285,1,58,135,150,111,67,0,19,66,71,50,31,1,39,69,79,61,36
2016_1,광나루로52길,1771,866,905,15,179,263,272,438,604,14,109,156,161,181,245,1,70,107,111,257,359
2016_1,광나루로40길,82,41,41,1,14,25,21,14,7,0,1,12,14,9,5,1,13,13,7,5,2
2016_1,광나루로37길,318,204,114,1,42,104,83,58,30,1,15,68,52,46,22,0,27,36,31,12,8
2016_1,광나루로36길,41,26,15,0,2,14,13,9,3,0,2,9,9,5,1,0,0,5,4,4,2
2016_1,광나루로24길,69,39,30,0,17,17,17,9,9,0,6,11,11,4,7,0,11,6,6,5,2
2016_1,광나루로12길,914,537,377,0,173,274,249,158,60,0,83,177,138,93,46,0,90,97,111,65,14
2016_1,한림말길,66,39,27,1,7,19,22,11,6,0,2,11,14,8,4,1,5,8,8,3,2
2016_1,청계천로10나길,1746,1023,723,6,238,522,396,359,225,2,116,359,245,167,134,4,122,163,151,192,91
2016_1,장터길,44,18,26,0,7,17,5,10,5,0,1,7,2,5,3,0,6,10,3,5,2
2016_1,용답중앙길,77,47,30,0,5,27,20,20,5,0,2,17,15,10,3,0,3,10,5,10,2
2016_1,용답29길,1911,987,924,9,222,378,568,468,266,7,130,218,214,231,187,2,92,160,354,237,79
2016_1,왕십리로6길,1309,728,581,3,167,365,391,291,92,1,61,208,225,161,72,2,106,157,166,130,20
2016_1,왕십리로31길,118,58,60,0,18,31,26,22,21,0,3,12,14,13,16,0,15,19,12,9,5
2016_1,왕십리로26길,4148,2276,1872,28,734,993,1241,771,381,14,246,642,656,472,246,14,488,351,585,299,135
2016_1,왕십리로21길,151,42,109,0,25,31,40,41,14,0,1,5,11,18,7,0,24,26,29,23,7
2016_1,왕십리로14길,2349,1789,560,21,295,547,612,572,302,12,152,408,477,462,278,9,143,139,135,110,24
2016_1,아차산로5길,2190,1524,666,14,325,563,657,461,170,11,204,402,458,318,131,3,121,161,199,143,39
2016_1,아차산로15길,3880,2773,1107,19,585,1173,1105,689,309,4,293,869,809,525,273,15,292,304,296,164,36
2016_1,아차산로11길,3299,2174,1125,15,516,860,964,660,284,9,246,618,681,400,220,6,270,242,283,260,64
2016_1,송정4가길,1025,481,544,4,154,352,278,145,92,2,62,171,112,70,64,2,92,181,166,75,28
2016_1,송정12라길,251,163,88,0,29,63,73,50,36,0,8,37,45,40,33,0,21,26,28,10,3
2016_1,성수일로6길,3115,1767,1348,13,397,800,811,545,549,7,184,479,433,337,327,6,213,321,378,208,222
2016_1,성수이로7길,358,236,122,0,58,107,86,75,32,0,30,62,66,54,24,0,28,45,20,21,8
2016_1,성수이로18길,2206,1574,632,12,322,654,649,443,126,6,172,468,487,337,104,6,150,186,162,106,22
2016_1,성덕정길,641,411,230,1,68,141,204,171,56,1,33,94,128,110,45,0,35,47,76,61,11
2016_1,성덕정17길,213,118,95,0,36,46,54,54,23,0,12,21,35,38,12,0,24,25,19,16,11
2016_1,서울숲2길,1802,989,813,6,124,275,356,582,459,3,49,151,200,263,323,3,75,124,156,319,136
2016_1,상원길,1615,1098,517,11,275,536,435,251,107,10,139,392,309,165,83,1,136,144,126,86,24
2016_1,상원12길,181,110,71,0,30,39,59,39,14,0,18,24,31,28,9,0,12,15,28,11,5
2016_1,사근동길,30,16,14,0,3,11,10,3,3,0,1,4,7,2,2,0,2,7,3,1,1
2016_1,무학봉길,3,3,0,0,0,1,0,0,2,0,0,1,0,0,2,0,0,0,0,0,0
2016_1,무학봉28길,157,67,90,0,23,46,42,30,16,0,7,20,16,14,10,0,16,26,26,16,6
2016_1,무학로6길,347,213,134,2,28,74,98,91,54,0,13,48,60,60,32,2,15,26,38,31,22
2016_1,무수막길,112,55,57,0,23,23,26,26,14,0,9,15,12,9,10,0,14,8,14,17,4
2016_1,매봉길,31,19,12,0,1,9,7,7,7,0,1,6,3,4,5,0,0,3,4,3,2
2016_1,마조로1길,183,70,113,0,22,41,69,46,5,0,4,15,27,20,4,0,18,26,42,26,1
2016_1,마조로16길,773,534,239,3,74,145,214,229,108,1,30,91,152,170,90,2,44,54,62,59,18
2016_1,마장로39길,69,40,29,0,8,20,27,8,6,0,5,14,13,4,4,0,3,6,14,4,2
2016_1,마장로27길,99,41,58,0,16,34,28,17,4,0,4,14,11,8,4,0,12,20,17,9,0
2016_1,둘레9길,406,237,169,1,54,91,113,101,46,1,22,52,77,52,33,0,32,39,36,49,13
2016_1,금호산길,388,146,242,2,54,96,104,100,32,0,14,38,33,42,19,2,40,58,71,58,13
2016_1,금호산2길,34,15,19,0,3,10,12,5,4,0,0,5,3,4,3,0,3,5,9,1,1
2016_1,고산자로6길,15281,6321,8960,159,2173,4434,4923,3234,358,35,936,2392,1782,881,295,124,1237,2042,3141,2353,63
2016_1,후암로28길,173,73,100,0,39,43,39,39,13,0,10,18,20,16,9,0,29,25,19,23,4
2016_1,효창원로39길,53,34,19,1,5,21,14,11,1,1,2,15,10,6,0,0,3,6,4,5,1
2016_1,회나무로13길,56,33,23,0,16,22,7,9,2,0,7,14,5,5,2,0,9,8,2,4,0
2016_1,한남대로20길,670,380,290,4,145,245,159,59,58,1,64,138,94,39,44,3,81,107,65,20,14
2016_1,한강대로7길,425,304,121,4,81,110,85,59,86,3,59,90,66,36,50,1,22,20,19,23,36
2016_1,한강대로62길,685,489,196,0,133,152,149,130,121,0,81,117,109,86,96,0,52,35,40,44,25
2016_1,한강대로52길,1178,776,402,4,266,407,265,160,76,1,123,268,194,132,58,3,143,139,71,28,18
2016_1,한강대로43길,4631,3023,1608,9,718,1339,1257,875,433,6,350,901,912,577,277,3,368,438,345,298,156
2016_1,한강대로15길,1910,431,1479,16,979,626,165,77,47,1,77,144,115,57,37,15,902,482,50,20,10
2016_1,한강대로104길,4166,3032,1134,36,519,1311,1336,785,179,1,206,923,1070,680,152,35,313,388,266,105,27
2016_1,청파로73길,1315,755,560,3,167,372,350,254,169,3,64,167,173,192,156,0,103,205,177,62,13
2016_1,청파로71길,240,125,115,1,21,72,67,61,18,0,4,34,28,46,13,1,17,38,39,15,5
2016_1,청파로47나길,119,76,43,1,14,29,24,28,23,0,6,23,14,17,16,1,8,6,10,11,7
2016_1,청파로47길,816,377,439,6,114,246,213,168,69,1,42,118,103,72,41,5,72,128,110,96,28
2016_1,장문로45길,73,10,63,0,5,12,12,32,12,0,2,4,0,3,1,0,3,8,12,29,11
2016_1,이태원로54길,1417,811,606,5,498,545,223,93,53,4,239,363,147,36,22,1,259,182,76,57,31
2016_1,이태원로27길,501,290,211,4,182,155,83,43,34,1,93,104,46,27,19,3,89,51,37,16,15
2016_1,이촌로22길,207,121,86,0,17,35,60,56,39,0,2,19,37,34,29,0,15,16,23,22,10
2016_1,원효로89길,946,761,185,0,168,356,220,163,39,0,117,279,194,138,33,0,51,77,26,25,6
2016_1,원효로53길,774,480,294,3,107,233,217,150,64,2,47,159,143,88,41,1,60,74,74,62,23
2016_1,원효로41길,2729,1962,767,13,275,761,566,774,340,9,143,578,450,524,258,4,132,183,116,250,82
2016_1,원효로19길,951,682,269,1,130,382,256,115,67,0,62,297,193,79,51,1,68,85,63,36,16
2016_1,우사단로4길,165,122,43,0,17,27,32,56,33,0,5,14,22,49,32,0,12,13,10,7,1
2016_1,우사단로14길,1676,926,750,1,339,813,417,82,24,0,97,433,305,71,20,1,242,380,112,11,4
2016_1,우사단로10길,59,28,31,0,6,9,22,15,7,0,1,2,8,11,6,0,5,7,14,4,1
2016_1,신흥로20길,183,90,93,0,40,47,55,22,19,0,14,17,34,10,15,0,26,30,21,12,4
2016_1,소월로20길,130,44,86,0,29,34,27,29,11,0,6,6,5,18,9,0,23,28,22,11,2
2016_1,서빙고로71길,426,250,176,0,36,129,116,80,65,0,13,53,61,68,55,0,23,76,55,12,10
2016_1,백범로90길,272,158,114,0,38,61,85,50,38,0,21,36,50,27,24,0,17,25,35,23,14
2016_1,백범로79길,963,580,383,0,123,272,202,262,104,0,45,160,138,170,67,0,78,112,64,92,37
2016_1,두텁바위로1길,2451,1381,1070,3,456,679,572,407,334,2,135,384,355,281,224,1,321,295,217,126,110
2016_1,대사관로34길,306,186,120,0,35,79,83,65,44,0,18,48,48,42,30,0,17,31,35,23,14
2016_1,녹사평대로46길,42,30,12,3,14,15,4,3,3,3,10,11,2,1,3,0,4,4,2,2,0
2016_1,녹사평대로40나길,34,17,17,0,16,5,5,5,3,0,8,2,1,3,3,0,8,3,4,2,0
2016_1,녹사평대로32길,301,149,152,0,63,72,73,45,48,0,26,36,34,18,35,0,37,36,39,27,13
2016_1,녹사평대로26길,2122,1195,927,4,139,579,567,594,239,2,38,245,305,441,164,2,101,334,262,153,75
2016_1,녹사평대로11길,288,195,93,0,41,79,96,54,18,0,27,52,65,35,16,0,14,27,31,19,2
2016_1,퇴계로90길,472,196,276,1,82,120,111,104,54,0,23,47,49,43,34,1,59,73,62,61,20
2016_1,퇴계로8길,2326,1364,962,14,403,775,554,309,271,1,129,475,362,195,202,13,274,300,192,114,69
2016_1,퇴계로56길,1029,822,207,0,130,408,317,135,39,0,82,334,276,107,23,0,48,74,41,28,16
2016_1,퇴계로46길,1844,721,1123,3,329,600,481,325,106,1,51,187,213,186,83,2,278,413,268,139,23
2016_1,퇴계로18길,2852,1327,1525,12,572,819,678,516,255,1,174,436,343,230,143,11,398,383,335,286,112
2016_1,퇴계로12길,1047,475,572,2,207,252,235,249,102,2,48,104,115,144,62,0,159,148,120,105,40
2016_1,청구로1길,193,92,101,0,43,37,47,41,25,0,9,16,21,27,19,0,34,21,26,14,6
2016_1,청구로17길,1731,786,945,7,454,637,337,209,87,0,70,291,202,154,69,7,384,346,135,55,18
2016_1,장충단로8길,3961,1236,2725,61,1473,840,917,464,206,23,373,359,221,154,106,38,1100,481,696,310,100
2016_1,삼일대로4길,964,584,380,2,185,292,220,160,105,2,70,174,156,107,75,0,115,118,64,53,30
2016_1,명동길,35442,17876,17566,196,6620,12787,10079,4530,1230,66,2117,5880,5862,3149,802,130,4503,6907,4217,1381,428
2016_1,동호로20길,883,401,482,4,268,231,167,154,59,1,98,91,90,83,38,3,170,140,77,71,21
2016_1,동호로15길,4480,2457,2023,58,1800,1525,727,281,89,27,690,949,536,192,63,31,1110,576,191,89,26
2016_1,동호로11길,20,17,3,0,1,3,8,7,1,0,1,3,7,6,0,0,0,0,1,1,1
2016_1,동호로10길,1477,655,822,9,321,418,367,240,122,3,79,191,193,116,73,6,242,227,174,124,49
2016_1,다산로39길,1097,653,444,6,127,275,329,278,82,2,59,177,194,164,57,4,68,98,135,114,25
2016_1,다산로38길,1689,936,753,7,414,425,354,316,173,3,144,232,217,209,131,4,270,193,137,107,42
2016_1,다산로36길,58,31,27,1,12,13,18,11,3,1,3,6,11,8,2,0,9,7,7,3,1
2016_1,다산로33길,391,189,202,1,49,90,106,108,37,1,27,47,46,45,23,0,22,43,60,63,14
2016_1,난계로21길,203,134,69,1,25,54,65,54,4,0,11,34,44,41,4,1,14,20,21,13,0
2016_1,난계로11길,2007,1090,917,6,395,412,375,565,254,0,168,255,243,275,149,6,227,157,132,290,105
2016_1,평창길,164,72,92,2,28,34,42,42,16,0,10,14,26,12,10,2,18,20,16,30,6
2016_1,통일로12길,236,106,130,0,24,54,86,60,12,0,6,22,39,30,9,0,18,32,47,30,3
2016_1,창신길,257,70,187,0,23,43,50,92,49,0,7,21,13,16,13,0,16,22,37,76,36
2016_1,창신5길,6,3,3,0,0,0,2,3,1,0,0,0,1,2,0,0,0,0,1,1,1
2016_1,창신2길,63,31,32,0,5,6,20,27,5,0,2,4,11,11,3,0,3,2,9,16,2
2016_1,창경궁로35길,1375,372,1003,29,399,378,404,122,43,0,42,118,131,53,28,29,357,260,273,69,15
2016_1,지봉로8길,156,80,76,0,25,37,51,37,6,0,15,21,17,24,3,0,10,16,34,13,3
2016_1,종로65길,679,307,372,3,87,163,164,134,128,0,24,74,80,50,79,3,63,89,84,84,49
2016_1,자하문로7길,488,276,212,0,104,153,127,59,45,0,52,87,70,31,36,0,52,66,57,28,9
2016_1,이화장길,2018,999,1019,9,335,551,598,412,113,2,114,207,314,289,73,7,221,344,284,123,40
2016_1,율곡로16길,11,7,4,0,2,3,1,3,2,0,1,3,1,0,2,0,1,0,0,3,0
2016_1,율곡로10길,2294,1702,592,5,337,742,668,354,188,1,214,571,521,249,146,4,123,171,147,105,42
2016_1,옥인길,529,242,287,1,114,133,136,123,22,1,33,70,72,62,4,0,81,63,64,61,18
2016_1,숭인동길,19,8,11,0,2,0,10,6,1,0,0,0,4,3,1,0,2,0,6,3,0
2016_1,성균관로5길,121,74,47,0,9,13,6,18,75,0,4,11,1,10,48,0,5,2,5,8,27
2016_1,삼청로5길,440,165,275,4,107,119,101,74,35,3,24,50,36,36,16,1,83,69,65,38,19
2016_1,북촌로5나길,1510,1054,456,1,119,522,509,322,37,1,53,327,395,257,21,0,66,195,114,65,16
2016_1,북촌로5길,55,23,32,0,11,17,7,13,7,0,3,8,4,4,4,0,8,9,3,9,3
2016_1,북촌로11길,24,12,12,0,4,10,2,4,4,0,2,3,1,3,3,0,2,7,1,1,1
2016_1,백석동길,95,50,45,0,16,22,20,18,19,0,6,10,10,10,14,0,10,12,10,8,5
2016_1,명륜길,15,11,4,0,3,5,4,2,1,0,3,3,4,0,1,0,0,2,0,2,0
2016_1,돈화문로11가길,1085,599,486,1,178,320,251,188,147,1,72,163,150,110,103,0,106,157,101,78,44
2016_1,계동길,885,398,487,11,225,267,192,130,60,8,69,98,100,83,40,3,156,169,92,47,20
2015_4,강남 마이스 관광특구,20413,11662,8751,130,5448,6901,5082,2303,549,50,1732,3780,3845,1837,418,80,3716,3121,1237,466,131
2015_4,잠실 관광특구,26362,15696,10666,316,4924,7132,6130,5347,2513,135,2483,4634,3662,3190,1592,181,2441,2498,2468,2157,921
2015_4,종로·청계 관광특구,30380,18859,11521,75,4813,9708,8707,5640,1437,31,1759,5288,6351,4432,998,44,3054,4420,2356,1208,439
2015_4,동대문패션타운 관광특구,13572,9051,4521,52,2653,4592,3499,2018,758,21,1406,3069,2633,1415,507,31,1247,1523,866,603,251
2015_4,명동 남대문 북창동 다동 무교동 관광특구,168354,84603,83751,1056,37145,59220,44555,20655,5723,332,11195,26959,27613,14570,3934,724,25950,32261,16942,6085,1789
2015_4,이태원 관광특구,5551,3173,2378,45,1316,1602,1173,935,480,23,658,932,656,609,295,22,658,670,517,326,185
2015_4,길동복조리시장,564,343,221,0,53,105,147,157,102,0,28,64,93,90,68,0,25,41,54,67,34
2015_4,둔촌역전통시장,147,73,74,0,12,37,29,47,22,0,3,20,15,21,14,0,9,17,14,26,8
2015_4,성내골목시장,7,2,5,0,0,2,2,2,1,0,0,2,0,0,0,0,0,0,2,2,1
2015_4,천호시장,18,10,8,0,8,5,2,3,0,0,4,5,0,1,0,0,4,0,2,2,0
2015_4,암사종합시장,710,321,389,1,39,76,94,130,370,0,14,41,43,36,187,1,25,35,51,94,183
2015_4,고덕전통시장,396,381,15,0,2,12,58,176,148,0,1,9,51,172,148,0,1,3,7,4,0
2015_4,명일골목시장,400,118,282,1,10,20,94,149,126,0,2,7,17,35,57,1,8,13,77,114,69
2015_4,새마을시장,311,169,142,0,48,84,80,60,39,0,17,53,42,32,25,0,31,31,38,28,14
2015_4,석촌시장,175,110,65,0,27,27,52,41,28,0,16,17,33,22,22,0,11,10,19,19,6
2015_4,방이시장,656,431,225,0,107,215,175,122,37,0,74,180,111,44,22,0,33,35,64,78,15
2015_4,마천시장,240,54,186,0,26,41,70,61,42,0,6,6,19,14,9,0,20,35,51,47,33
2015_4,풍납시장,14,4,10,0,2,1,4,7,0,0,0,0,1,3,0,0,2,1,3,4,0
2015_4,강남개포시장,34,29,5,0,1,1,7,10,15,0,0,1,3,10,15,0,1,0,4,0,0
2015_4,도곡시장,502,219,283,7,65,123,143,116,48,1,15,68,60,46,29,6,50,55,83,70,19
2015_4,영동전통시장,3159,2351,808,9,516,829,990,586,229,4,304,656,811,407,169,5,212,173,179,179,60
2015_4,미성동도깨비시장,413,180,233,1,59,94,145,92,22,0,23,45,60,35,17,1,36,49,85,57,5
2015_4,삼성동시장,57,27,30,0,8,10,8,19,12,0,1,5,2,10,9,0,7,5,6,9,3
2015_4,신림중앙시장,18,10,8,0,1,3,5,6,3,0,1,2,3,3,1,0,0,1,2,3,2
2015_4,강남골목시장,246,134,112,0,30,60,63,55,38,0,10,38,34,27,25,0,20,22,29,28,13
2015_4,관악신사시장,341,266,75,2,69,51,64,90,65,2,49,38,47,74,56,0,20,13,17,16,9
2015_4,신원시장,341,144,197,0,43,68,78,89,63,0,16,42,35,29,22,0,27,26,43,60,41
2015_4,인헌시장,232,78,154,0,32,57,70,59,14,0,8,29,20,14,7,0,24,28,50,45,7
2015_4,봉천현대시장,15,6,9,0,2,3,4,2,4,0,0,0,2,2,2,0,2,3,2,0,2
2015_4,봉천제일종합시장,45,24,21,0,3,9,18,7,8,0,1,4,7,5,7,0,2,5,11,2,1
2015_4,낙성대시장,18,11,7,0,3,2,3,6,4,0,1,1,3,4,2,0,2,1,0,2,2
2015_4,중부시장,153,52,101,0,25,32,35,27,34,0,9,9,15,9,10,0,16,23,20,18,24
2015_4,남성역골목시장,496,238,258,1,58,121,133,110,73,0,22,48,74,48,46,1,36,73,59,62,27
2015_4,남성사계시장,1905,885,1020,9,255,396,413,472,360,3,69,213,222,187,191,6,186,183,191,285,169
2015_4,흑석시장,174,67,107,0,20,46,55,32,21,0,3,10,20,14,20,0,17,36,35,18,1
2015_4,상도4동도깨비골목시장,328,89,239,1,68,77,82,68,32,0,13,27,19,13,17,1,55,50,63,55,15
2015_4,영도시장,87,37,50,0,17,20,26,15,9,0,2,8,12,8,7,0,15,12,14,7,2
2015_4,본동인정시장,111,52,59,0,6,29,31,30,15,0,1,12,12,13,14,0,5,17,19,17,1
2015_4,대림중앙시장,26,18,8,0,3,5,4,12,2,0,1,4,4,7,2,0,2,1,0,5,0
2015_4,우리시장,15,5,10,0,0,2,7,5,1,0,0,0,2,2,1,0,0,2,5,3,0
2015_4,영진시장A동,37,33,4,0,3,16,8,6,4,0,3,14,7,5,4,0,0,2,1,1,0
2015_4,영일시장,2,2,0,0,1,0,0,1,0,0,1,0,0,1,0,0,0,0,0,0,0
2015_4,영등포청과시장,137,83,54,0,25,33,40,24,15,0,14,14,30,17,8,0,11,19,10,7,7
2015_4,영등포전통시장,4051,2015,2036,25,641,1556,1028,544,257,2,163,657,638,377,178,23,478,899,390,167,79
2015_4,은행나무시장,43,10,33,0,2,11,12,12,6,0,0,2,3,4,1,0,2,9,9,8,5
2015_4,현대시장,59,17,42,0,9,14,24,8,4,0,2,6,4,2,3,0,7,8,20,6,1
2015_4,남문시장,312,120,192,0,27,39,105,114,27,0,7,16,32,52,13,0,20,23,73,62,14
2015_4,독산동 우시장,140,58,82,0,11,23,53,36,17,0,5,14,13,15,11,0,6,9,40,21,6
2015_4,개봉중앙시장,7,3,4,0,0,1,2,3,1,0,0,0,1,1,1,0,0,1,1,2,0
2015_4,가리봉시장,16,9,7,0,1,1,7,3,4,0,0,0,4,2,3,0,1,1,3,1,1
2015_4,남구로시장,5,2,3,0,0,1,1,3,0,0,0,0,0,2,0,0,0,1,1,1,0
2015_4,구로시장,46,19,27,0,9,14,13,7,3,0,3,3,6,4,3,0,6,11,7,3,0
2015_4,방신전통시장,137,116,21,0,1,19,26,57,34,0,0,13,20,51,32,0,1,6,6,6,2
2015_4,송화골목시장,485,180,305,3,77,89,158,117,41,0,13,40,63,33,31,3,64,49,95,84,10
2015_4,까치산시장,28,18,10,0,3,5,15,5,0,0,1,3,11,3,0,0,2,2,4,2,0
2015_4,남부골목시장,174,78,96,0,30,38,64,33,9,0,11,16,32,13,6,0,19,22,32,20,3
2015_4,화곡중앙골목시장,2,2,0,0,0,1,0,0,1,0,0,1,0,0,1,0,0,0,0,0,0
2015_4,등마루시장,728,448,280,60,239,147,121,92,69,46,167,93,69,37,36,14,72,54,52,55,33
2015_4,신정3동골목시장,248,106,142,0,32,46,54,67,49,0,9,19,18,35,25,0,23,27,36,32,24
2015_4,신정2동골목시장,8,6,2,0,1,1,4,1,1,0,1,0,4,0,1,0,0,1,0,1,0
2015_4,신월6동골목시장,266,120,146,0,47,68,86,36,29,0,14,31,42,13,20,0,33,37,44,23,9
2015_4,신곡종합시장,13,10,3,0,0,2,2,5,4,0,0,0,2,4,4,0,0,2,0,1,0
2015_4,신월3동골목시장,55,15,40,0,8,9,19,15,4,0,2,5,3,4,1,0,6,4,16,11,3
2015_4,경창시장,190,81,109,0,15,33,48,56,38,0,6,20,25,22,8,0,9,13,23,34,30
2015_4,월정로시장,104,57,47,0,10,21,33,27,13,0,7,11,18,13,8,0,3,10,15,14,5
2015_4,신영시장,49,25,24,0,2,20,18,8,1,0,0,14,6,4,1,0,2,6,12,4,0
2015_4,목4동시장,250,88,162,0,31,52,81,67,19,0,9,23,20,24,12,0,22,29,61,43,7
2015_4,목3동시장,700,346,354,4,90,168,230,142,66,3,32,81,118,73,39,1,58,87,112,69,27
2015_4,목2동시장,198,98,100,1,28,57,59,46,7,0,9,30,36,18,5,1,19,27,23,28,2
2015_4,마포농수산물시장,492,312,180,0,24,52,128,190,98,0,14,34,87,108,69,0,10,18,41,82,29
2015_4,망원월드컵시장,17,11,6,0,0,3,7,3,4,0,0,2,5,2,2,0,0,1,2,1,2
2015_4,망원시장,33,17,16,0,2,5,10,13,3,0,2,3,5,5,2,0,0,2,5,8,1
2015_4,신수시장,123,99,24,0,9,34,38,30,12,0,3,23,32,30,11,0,6,11,6,0,1
2015_4,아현시장,21,3,18,0,2,10,4,5,0,0,0,2,0,1,0,0,2,8,4,4,0
2015_4,대림골목시장,299,95,204,0,50,68,86,69,26,0,12,25,28,13,17,0,38,43,58,56,9
2015_4,상계중앙시장,27,11,16,0,9,7,5,4,2,0,5,4,1,1,0,0,4,3,4,3,2
2015_4,방학동도깨비시장,131,55,76,0,19,42,38,20,12,0,9,20,18,4,4,0,10,22,20,16,8
2015_4,쌍문역골목시장,58,26,32,0,14,15,17,5,7,0,5,9,4,4,4,0,9,6,13,1,3
2015_4,신도봉시장,26,16,10,0,0,5,7,12,2,0,0,5,6,4,1,0,0,0,1,8,1
2015_4,창동신창시장,130,55,75,1,16,21,44,32,16,0,3,8,19,16,9,1,13,13,25,16,7
2015_4,수유북부시장,13,3,10,0,1,2,2,3,5,0,1,1,0,0,1,0,0,1,2,3,4
2015_4,장미원골목시장,73,51,22,0,13,19,20,13,8,0,6,15,12,12,6,0,7,4,8,1,2
2015_4,수유중앙시장,130,71,59,0,21,30,37,23,19,0,6,20,21,12,12,0,15,10,16,11,7
2015_4,강북종합시장,60,24,36,0,12,13,21,10,4,0,4,6,7,5,2,0,8,7,14,5,2
2015_4,우이시장,148,63,85,0,17,25,45,38,23,0,5,12,14,14,18,0,12,13,31,24,5
2015_4,수유전통시장,451,139,312,1,49,79,91,139,92,1,9,18,26,38,47,0,40,61,65,101,45
2015_4,번동북부골목시장,88,54,34,0,12,21,30,15,10,0,7,12,21,9,5,0,5,9,9,6,5
2015_4,솔샘시장,105,41,64,0,19,34,30,17,5,0,3,16,13,7,2,0,16,18,17,10,3
2015_4,방천골목시장,84,28,56,0,20,19,21,18,6,0,1,4,10,8,5,0,19,15,11,10,1
2015_4,석관황금시장,52,42,10,0,2,3,13,15,19,0,1,1,7,14,19,0,1,2,6,1,0
2015_4,장위전통시장,178,66,112,0,11,49,67,29,22,0,1,19,19,12,15,0,10,30,48,17,7
2015_4,정릉시장,35,14,21,0,7,6,10,9,3,0,2,3,2,5,2,0,5,3,8,4,1
2015_4,정릉아리랑시장,8,5,3,1,0,2,1,4,0,0,0,2,1,2,0,1,0,0,0,2,0
2015_4,돈암제일시장,77,39,38,0,17,17,20,14,9,0,5,9,8,10,7,0,12,8,12,4,2
2015_4,우림골목시장,222,105,117,1,16,25,58,65,57,0,4,10,25,30,36,1,12,15,33,35,21
2015_4,묵1동도깨비시장,266,111,155,2,37,58,76,78,15,0,9,29,31,35,7,2,28,29,45,43,8
2015_4,태능시장,4,3,1,0,1,2,1,0,0,0,0,2,1,0,0,0,1,0,0,0,0
2015_4,중화제일시장,23,1,22,0,6,1,10,5,1,0,0,0,0,1,0,0,6,1,10,4,1
2015_4,사가정시장,257,191,66,1,18,28,58,89,63,0,4,16,37,76,58,1,14,12,21,13,5
2015_4,동원시장,53,22,31,0,6,7,21,14,5,0,0,2,10,6,4,0,6,5,11,8,1
2015_4,동부골목시장,83,28,55,0,15,17,15,19,17,0,1,3,3,8,13,0,14,14,12,11,4
2015_4,회기시장,120,48,72,0,29,29,30,20,12,0,9,11,14,7,7,0,20,18,16,13,5
2015_4,답십리시장,24,7,17,0,2,9,10,3,0,0,0,3,3,1,0,0,2,6,7,2,0
2015_4,답십리현대시장,99,72,27,0,13,16,31,25,14,0,10,16,20,14,12,0,3,0,11,11,2
2015_4,청량리종합시장,6,4,2,0,0,2,1,0,3,0,0,1,0,0,3,0,0,1,1,0,0
2015_4,청량리농수산물시장,15,13,2,0,1,4,4,4,2,0,1,4,3,3,2,0,0,0,1,1,0
2015_4,서울약령시장,1359,862,497,0,130,284,351,383,211,0,64,179,227,250,142,0,66,105,124,133,69
2015_4,청량리수산시장,196,104,92,1,38,57,37,31,32,0,12,33,17,16,26,1,26,24,20,15,6
2015_4,구의시장,99,57,42,0,17,18,27,30,7,0,3,15,15,18,6,0,14,3,12,12,1
2015_4,조양시장,75,39,36,0,4,16,26,18,11,0,1,6,13,10,9,0,3,10,13,8,2
2015_4,영동교골목시장,26,18,8,0,1,4,5,4,12,0,0,3,3,2,10,0,1,1,2,2,2
2015_4,능동로골목시장,292,272,20,0,8,8,14,20,242,0,4,7,6,15,240,0,4,1,8,5,2
2015_4,자양골목시장,93,49,44,1,9,13,31,30,9,1,3,7,18,14,6,0,6,6,13,16,3
2015_4,중곡제일시장,140,74,66,0,13,28,42,40,17,0,4,15,19,23,13,0,9,13,23,17,4
2015_4,한아름시장,114,63,51,2,27,31,31,18,5,2,17,21,14,8,1,0,10,10,17,10,4
2015_4,성동용답상가시장,277,143,134,0,43,65,78,61,30,0,18,29,39,33,24,0,25,36,39,28,6
2015_4,뚝도시장,31,13,18,0,5,8,7,9,2,0,2,5,1,4,1,0,3,3,6,5,1
2015_4,금남시장,22,12,10,0,3,5,2,5,7,0,0,3,2,2,5,0,3,2,0,3,2
2015_4,행당시장,219,118,101,1,35,60,69,41,13,0,10,33,40,26,9,1,25,27,29,15,4
2015_4,마장축산물시장,1569,1052,517,7,179,441,448,344,150,4,112,325,299,214,98,3,67,116,149,130,52
2015_4,용문전통시장,25,14,11,0,0,5,9,8,3,0,0,3,6,3,2,0,0,2,3,5,1
2015_4,후암시장,39,16,23,0,1,6,12,17,3,0,0,4,5,6,1,0,1,2,7,11,2
2015_4,합동(새벽)시장,2374,1285,1089,9,400,792,566,336,271,3,96,311,345,272,258,6,304,481,221,64,13
2015_4,서울중앙시장,227,151,76,0,18,67,63,54,25,0,8,45,41,39,18,0,10,22,22,15,7
2015_4,백학시장,445,237,208,2,79,135,112,88,29,0,34,86,61,37,19,2,45,49,51,51,10
2015_4,약수시장,1580,599,981,12,284,418,376,274,216,4,68,141,161,118,107,8,216,277,215,156,109
2015_4,청평화시장,2653,1742,911,1,725,914,742,195,76,0,500,563,531,105,43,1,225,351,211,90,33
2015_4,제일평화시장,454,291,163,0,85,132,81,96,60,0,43,83,58,63,44,0,42,49,23,33,16
2015_4,남평화시장,163,106,57,0,15,29,34,67,18,0,6,20,22,43,15,0,9,9,12,24,3
2015_4,방산종합시장,1815,1185,630,4,166,436,507,464,238,2,105,299,300,301,178,2,61,137,207,163,60
2015_4,인현시장,1202,775,427,4,100,233,375,330,160,1,35,131,250,232,126,3,65,102,125,98,34
2015_4,신중부시장,2420,1612,808,6,211,560,726,571,346,1,98,384,484,393,252,5,113,176,242,178,94
2015_4,남대문시장,7064,3772,3292,34,1342,2843,1703,775,367,14,456,1490,1016,525,271,20,886,1353,687,250,96
2015_4,동묘시장,924,601,323,1,164,203,249,195,112,0,72,144,166,137,82,1,92,59,83,58,30
2015_4,창신골목시장,225,123,102,0,28,111,44,32,10,0,6,59,31,19,8,0,22,52,13,13,2
2015_4,충신시장,340,202,138,3,62,91,80,71,33,1,31,53,46,45,26,2,31,38,34,26,7
2015_4,종로신진시장,31,14,17,0,1,2,9,10,9,0,0,1,3,5,5,0,1,1,6,5,4
2015_4,동대문종합시장,240,147,93,1,21,63,69,55,31,0,12,38,40,36,21,1,9,25,29,19,10
2015_4,광장시장,213,150,63,0,26,35,41,70,41,0,15,25,30,48,32,0,11,10,11,22,9
2015_4,서울 노원구 노원역_3,797,330,467,22,244,129,181,152,69,11,94,68,75,49,33,11,150,61,106,103,36
2015_4,서울 노원구 노원역_1,982,310,672,16,309,259,209,137,52,9,51,86,85,53,26,7,258,173,124,84,26
2015_4,창동역,2395,1568,827,9,257,464,649,656,360,5,109,281,437,480,256,4,148,183,212,176,104
2015_4,서울 강북구 수유역_3,58,30,28,2,4,11,17,22,2,0,1,9,7,11,2,2,3,2,10,11,0
2015_4,서울 강북구 수유역_2,4168,2160,2008,15,449,953,999,1071,681,7,151,414,522,672,394,8,298,539,477,399,287
2015_4,서울 강북구 수유역_1,120,95,25,0,11,27,33,35,14,0,6,21,27,28,13,0,5,6,6,7,1
2015_4,서울 은평구 연신내역_3,598,198,400,4,135,155,133,97,74,3,27,54,52,35,27,1,108,101,81,62,47
2015_4,서울 은평구 연신내역_2,378,157,221,11,83,81,94,61,48,7,31,37,43,14,25,4,52,44,51,47,23
2015_4,서울 은평구 연신내역_1,76,38,38,2,14,17,18,18,7,0,5,8,10,11,4,2,9,9,8,7,3
2015_4,서울 성북구 미아삼거리역_2,502,225,277,2,114,127,139,89,31,1,26,55,72,50,21,1,88,72,67,39,10
2015_4,서울 강북구 미아삼거리역_1,462,163,299,2,114,121,98,78,49,2,19,40,41,29,32,0,95,81,57,49,17
2015_4,서울 은평구 불광역_3,45,13,32,0,7,11,14,10,3,0,2,2,4,4,1,0,5,9,10,6,2
2015_4,서울 은평구 불광역_2,71,26,45,0,8,15,19,21,8,0,0,2,8,12,4,0,8,13,11,9,4
2015_4,서울 은평구 불광역_1,253,116,137,2,38,63,64,56,30,1,14,28,33,24,16,1,24,35,31,32,14
2015_4,미아사거리_2,134,67,67,1,28,24,17,26,38,0,7,8,7,8,37,1,21,16,10,18,1
2015_4,미아사거리_1,570,268,302,8,104,114,158,133,53,5,58,52,61,63,29,3,46,62,97,70,24
2015_4,서울 성북구 성신여대입구역,4909,3017,1892,27,554,1082,1335,1364,547,12,185,507,833,1073,407,15,369,575,502,291,140
2015_4,경희대학교,351,157,194,5,59,93,86,77,31,0,28,53,43,24,9,5,31,40,43,53,22
2015_4,서울 성북구 안암역,83,50,33,0,16,29,19,11,8,0,12,20,9,5,4,0,4,9,10,6,4
2015_4,혜화역 대학로_3,1690,809,881,8,284,492,426,320,160,4,96,217,228,165,99,4,188,275,198,155,61
2015_4,혜화역 대학로_2,1393,814,579,3,73,485,457,337,38,0,22,199,276,290,27,3,51,286,181,47,11
2015_4,혜화역 대학로_1,1256,631,625,8,266,376,278,215,113,1,102,209,153,104,62,7,164,167,125,111,51
2015_4,디지털미디어시티,21515,12932,8583,352,7371,7392,4651,1482,267,135,3049,4700,3671,1188,189,217,4322,2692,980,294,78
2015_4,서울 동대문구 청량리역,3146,2021,1125,5,479,754,853,603,452,0,290,517,561,351,302,5,189,237,292,252,150
2015_4,서울 종로구 안국역_2,755,288,467,11,185,223,197,91,48,3,41,92,79,41,32,8,144,131,118,50,16
2015_4,서울 종로구 안국역_1,11904,9790,2114,9,1494,4543,3692,1732,434,7,1051,3604,3231,1532,365,2,443,939,461,200,69
2015_4,서울 종로구 경복궁역_1,231,91,140,0,44,51,55,53,28,0,14,25,22,17,13,0,30,26,33,36,15
2015_4,서울 종로구 종로3가역_3,3114,1728,1386,18,530,833,870,552,311,8,169,453,525,351,222,10,361,380,345,201,89
2015_4,서울 종로구 종로3가역_2,1812,1014,798,16,307,428,435,339,287,8,118,238,257,198,195,8,189,190,178,141,92
2015_4,서울 동대문구 신설동역_2,4296,2180,2116,49,550,648,749,1219,1081,8,184,339,409,550,690,41,366,309,340,669,391
2015_4,인사동,21966,13787,8179,145,4507,7491,5195,3075,1553,52,1679,4769,4055,2274,958,93,2828,2722,1140,801,595
2015_4,서울 종로구 종로5가역_4,662,361,301,4,104,171,188,119,76,1,34,98,107,61,60,3,70,73,81,58,16
2015_4,서울 종로구 종로5가역_3,5333,3619,1714,15,823,1505,1463,1074,453,4,479,1047,1000,753,336,11,344,458,463,321,117
2015_4,종로구청,14751,8665,6086,17,1508,5468,4471,2496,791,8,505,2857,3029,1750,516,9,1003,2611,1442,746,275
2015_4,서울 종로구 종로5가역_2,14106,8861,5245,309,2967,5011,3405,1850,564,101,1305,3151,2469,1437,398,208,1662,1860,936,413,166
2015_4,신설동역,729,448,281,11,116,175,184,160,83,1,50,112,112,106,67,10,66,63,72,54,16
2015_4,서울 동대문구 신설동역_1,2,2,0,0,0,0,1,0,1,0,0,0,1,0,1,0,0,0,0,0,0
2015_4,서울 종로구 광화문역_2,53651,33301,20350,286,8313,18152,16170,8024,2706,64,3171,10553,11919,5825,1769,222,5142,7599,4251,2199,937
2015_4,동묘앞역,69,43,26,1,8,17,16,17,10,1,4,12,11,10,5,0,4,5,5,7,5
2015_4,장안동사거리,552,265,287,7,87,107,153,136,62,2,48,62,61,52,40,5,39,45,92,84,22
2015_4,서울 종로구 동대문역_2,1054,577,477,13,236,286,228,174,117,9,82,167,137,100,82,4,154,119,91,74,35
2015_4,동대문시장_2,496,323,173,1,45,118,126,119,87,0,28,77,81,70,67,1,17,41,45,49,20
2015_4,서울 종로구 종로5가역_1,51,37,14,0,7,7,12,21,4,0,2,5,10,17,3,0,5,2,2,4,1
2015_4,서울 종로구 종로3가역_1,3427,1529,1898,13,848,1090,734,468,274,6,256,483,362,250,172,7,592,607,372,218,102
2015_4,서울 종로구 광화문역_1,2337,1584,753,10,527,905,527,258,110,8,228,630,437,220,61,2,299,275,90,38,49
2015_4,종각역,20802,13736,7066,21,2988,6952,6566,3938,337,4,1094,3775,5125,3486,252,17,1894,3177,1441,452,85
2015_4,종각역 젊음의 거리,2020,921,1099,13,432,618,384,324,249,5,147,326,197,113,133,8,285,292,187,211,116
2015_4,서대문구 서대문역_1,384,262,122,2,25,114,117,75,51,1,10,90,82,40,39,1,15,24,35,35,12
2015_4,동대문시장_1,428,238,190,2,56,127,103,99,41,1,22,80,50,56,29,1,34,47,53,43,12
2015_4,시청역_2,23527,14744,8783,103,4611,7818,6707,3438,850,42,1652,4731,5142,2508,669,61,2959,3087,1565,930,181
2015_4,서울시청,26181,12363,13818,134,5338,8976,7571,3172,990,36,1628,3825,4131,2080,663,98,3710,5151,3440,1092,327
2015_4,서울 중구 을지로3가역_2,8769,5651,3118,14,1434,2449,2147,1699,1026,2,596,1520,1614,1148,771,12,838,929,533,551,255
2015_4,서울 중구 신당역_2,1266,655,611,38,547,317,178,121,65,16,255,169,102,64,49,22,292,148,76,57,16
2015_4,서대문구 서대문역_2,1999,1346,653,0,386,830,492,201,90,0,225,611,341,120,49,0,161,219,151,81,41
2015_4,동대문역사문화공원역,4141,2978,1163,6,576,1265,1227,801,266,0,370,951,906,576,175,6,206,314,321,225,91
2015_4,서울 중구 을지로3가역_1,14260,9716,4544,48,2297,4264,3993,2501,1157,24,1103,2817,3019,1899,854,24,1194,1447,974,602,303
2015_4,명동거리,26062,12172,13890,136,4201,9982,7485,3674,584,27,1197,3238,4392,2909,409,109,3004,6744,3093,765,175
2015_4,롯데백화점,40444,22933,17511,321,6846,14597,12122,5211,1347,128,2415,7070,8209,4099,1012,193,4431,7527,3913,1112,335
2015_4,서울 중구 신당역_1,1100,687,413,9,196,257,276,247,115,4,53,140,209,187,94,5,143,117,67,60,21
2015_4,북창동,7518,4748,2770,46,1246,2160,1854,1551,661,3,511,1388,1295,1011,540,43,735,772,559,540,121
2015_4,서울 중구 충무로역_2,16829,7381,9448,90,2628,4853,5716,2683,859,43,1057,2531,2236,988,526,47,1571,2322,3480,1695,333
2015_4,서울 강서구 송정역,682,482,200,4,81,166,194,143,94,3,45,122,141,99,72,1,36,44,53,44,22
2015_4,장한평역_2,12116,9714,2402,61,1017,2367,5572,2506,593,15,584,1868,4789,2025,433,46,433,499,783,481,160
2015_4,시청역_1,65736,38240,27496,414,12936,23804,20196,7647,739,152,5551,13444,13391,5169,533,262,7385,10360,6805,2478,206
2015_4,왕십리역_2,718,322,396,8,143,187,176,127,77,6,38,93,85,62,38,2,105,94,91,65,39
2015_4,서울 강서구 발산역,681,417,264,9,146,206,154,112,54,2,65,115,113,86,36,7,81,91,41,26,18
2015_4,장한평역_1,2460,1628,832,6,208,473,472,451,850,1,73,267,329,318,640,5,135,206,143,133,210
2015_4,서울 중구 충무로역_1,3092,2078,1014,50,563,1047,816,431,185,29,359,798,575,204,113,21,204,249,241,227,72
2015_4,장한평역,2347,1629,718,1,200,481,773,622,270,0,84,314,568,463,200,1,116,167,205,159,70
2015_4,서울 중구 명동역,3485,1809,1676,7,767,1652,725,232,102,0,245,845,482,163,74,7,522,807,243,69,28
2015_4,장충동 족발거리,204,90,114,0,35,62,46,33,28,0,8,33,27,13,9,0,27,29,19,20,19
2015_4,한양시장,253,115,138,5,58,58,54,45,33,0,23,30,26,16,20,5,35,28,28,29,13
2015_4,서울 서대문구 이대역,1171,463,708,25,256,278,285,190,137,4,61,119,115,80,84,21,195,159,170,110,53
2015_4,서울 서대문구 신촌역,2563,1052,1511,21,700,647,535,429,231,5,185,285,271,177,129,16,515,362,264,252,102
2015_4,서울 마포구 홍대입구역_3,722,592,130,0,77,180,186,183,96,0,45,131,149,174,93,0,32,49,37,9,3
2015_4,서울 마포구 홍대입구역_2,2801,1132,1669,29,1166,788,452,225,141,8,215,374,271,153,111,21,951,414,181,72,30
2015_4,홍익대학교 주변,14466,7280,7186,101,3539,5015,3087,1619,1105,37,1369,2565,1711,831,767,64,2170,2450,1376,788,338
2015_4,서울 광진구 군자역,163,101,62,0,23,52,50,24,14,0,9,36,36,14,6,0,14,16,14,10,8
2015_4,신촌역,207,108,99,0,43,65,42,36,21,0,18,35,25,17,13,0,25,30,17,19,8
2015_4,강서구청,3431,2220,1211,19,490,943,862,664,453,7,237,662,610,418,286,12,253,281,252,246,167
2015_4,서울 마포구 홍대입구역_1,720,411,309,6,206,245,159,67,37,0,102,124,107,50,28,6,104,121,52,17,9
2015_4,서울 강동구 고덕역,493,286,207,3,61,99,119,133,78,2,22,56,67,82,57,1,39,43,52,51,21
2015_4,서울 강동구 명일역,848,324,524,3,145,173,208,194,125,2,35,61,80,78,68,1,110,112,128,116,57
2015_4,어린이대공원역,139,94,45,0,23,51,34,23,8,0,7,40,25,15,7,0,16,11,9,8,1
2015_4,서울 마포구 공덕역_2,3907,2319,1588,14,611,1175,1118,804,185,9,221,707,797,485,100,5,390,468,321,319,85
2015_4,공덕역,6742,4222,2520,54,1446,2166,1880,1031,165,17,557,1195,1422,902,129,37,889,971,458,129,36
2015_4,서울 용산구 숙대입구역,4350,3094,1256,71,1014,1653,1022,477,113,0,543,1318,840,324,69,71,471,335,182,153,44
2015_4,남영역,14337,6498,7839,959,5171,3921,2933,1181,172,430,2374,2039,1167,384,104,529,2797,1882,1766,797,68
2015_4,서울 마포구 공덕역_1,4255,2117,2138,60,1141,1270,1080,529,175,43,487,701,545,224,117,17,654,569,535,305,58
2015_4,서울 마포구 마포역_2,964,561,403,11,165,257,288,172,71,4,76,162,184,88,47,7,89,95,104,84,24
2015_4,서울 광진구 건대입구역_2,2725,988,1737,18,848,1040,435,209,175,9,189,393,202,81,114,9,659,647,233,128,61
2015_4,서울 마포구 마포역_1,10554,6415,4139,37,1819,2909,2356,2152,1281,13,673,1867,1683,1313,866,24,1146,1042,673,839,415
2015_4,서울 강동구 천호역_2,3676,1846,1830,21,651,864,786,682,672,12,270,446,380,290,448,9,381,418,406,392,224
2015_4,서울 광진구 건대입구역_1,930,474,456,1,230,256,212,126,105,1,87,143,105,71,67,0,143,113,107,55,38
2015_4,건대입구역,781,411,370,2,205,267,154,99,54,1,83,156,84,46,41,1,122,111,70,53,13
2015_4,서울 광진구 구의역,867,536,331,2,97,210,229,177,152,0,34,111,147,125,119,2,63,99,82,52,33
2015_4,서울 강동구 천호역,973,447,526,2,182,238,219,192,140,0,42,104,117,93,91,2,140,134,102,99,49
2015_4,당산역_2,5049,3064,1985,22,486,712,812,1231,1786,12,321,561,492,621,1057,10,165,151,320,610,729
2015_4,서울 강동구 길동역,1552,1015,537,3,179,373,428,351,218,1,66,231,314,242,161,2,113,142,114,109,57
2015_4,용산 전자상가_5,2249,1648,601,17,370,967,608,217,70,8,244,745,455,144,52,9,126,222,153,73,18
2015_4,당산역_1,1109,711,398,8,199,331,283,178,110,4,84,217,191,122,93,4,115,114,92,56,17
2015_4,서울 광진구 강변역,2212,1810,402,16,104,465,683,547,397,8,54,349,607,472,320,8,50,116,76,75,77
2015_4,용산 전자상가_3,2497,1827,670,16,362,930,689,325,175,10,215,694,514,258,136,6,147,236,175,67,39
2015_4,서울 용산구 이태원역,703,432,271,22,267,173,128,63,50,11,167,126,72,34,22,11,100,47,56,29,28
2015_4,한남오거리,610,327,283,4,87,157,120,141,101,0,24,99,58,76,70,4,63,58,62,65,31
2015_4,용산 전자상가_2,494,399,95,5,53,196,167,58,15,5,37,173,131,42,11,0,16,23,36,16,4
2015_4,용산구청,101,71,30,0,51,33,11,4,2,0,32,24,10,3,2,0,19,9,1,1,0
2015_4,용산 전자상가_1,8205,6282,1923,47,1186,2813,2569,1279,311,31,662,2098,2151,1103,237,16,524,715,418,176,74
2015_4,국회의사당역_2,40118,22728,17390,1111,10633,13309,8833,4718,1514,517,3711,7596,6570,3359,975,594,6922,5713,2263,1359,539
2015_4,서울 용산구 신용산역,311,125,186,2,39,53,93,83,41,2,14,25,35,28,21,0,25,28,58,55,20
2015_4,국회의사당역_1,5670,4378,1292,0,369,1335,1983,1892,91,0,139,856,1704,1596,83,0,230,479,279,296,8
2015_4,압구정 로데오거리_2,14341,6032,8309,113,5042,5264,2400,978,544,36,1477,2452,1256,502,309,77,3565,2812,1144,476,235
2015_4,서울 강남구 압구정역,10450,4987,5463,440,3268,2878,1692,1219,953,181,1177,1515,1013,611,490,259,2091,1363,679,608,463
2015_4,서울 영등포구 영등포구청역,3674,1149,2525,3,1157,1504,686,245,79,0,184,492,275,134,64,3,973,1012,411,111,15
2015_4,압구정 로데오거리_1,7548,2500,5048,57,2978,2793,1088,423,209,14,691,948,497,227,123,43,2287,1845,591,196,86
2015_4,서울 강동구 둔촌동역,47,14,33,0,7,9,16,9,6,0,1,3,4,4,2,0,6,6,12,5,4
2015_4,오목교역,211,106,105,2,25,37,69,48,30,1,12,22,35,19,17,1,13,15,34,29,13
2015_4,신사동 가로수길,21175,9945,11230,115,6413,7018,4284,2220,1125,42,1787,3641,2499,1214,762,73,4626,3377,1785,1006,363
2015_4,서울 영등포구 여의도역_2,47922,31723,16199,186,7507,18400,14524,5698,1607,25,2921,11490,11627,4765,895,161,4586,6910,2897,933,712
2015_4,청담사거리_3,1274,424,850,0,498,471,186,79,40,0,103,161,97,35,28,0,395,310,89,44,12
2015_4,영등포유통상가,1975,1272,703,5,260,450,425,455,380,2,108,283,284,298,297,3,152,167,141,157,83
2015_4,청담역_2,1365,996,369,9,263,459,289,148,197,0,121,360,246,108,161,9,142,99,43,40,36
2015_4,청담역_1,245,182,63,0,28,70,55,41,51,0,20,53,47,28,34,0,8,17,8,13,17
2015_4,청담사거리_2,1026,808,218,2,196,393,350,67,18,0,115,317,314,51,11,2,81,76,36,16,7
2015_4,서울 영등포구 여의도역_1,52600,31128,21472,202,7354,16145,17578,9443,1878,38,2894,6982,11855,8049,1310,164,4460,9163,5723,1394,568
2015_4,학동사거리_2,2822,1608,1214,21,616,855,581,511,238,6,192,448,402,365,195,15,424,407,179,146,43
2015_4,서울 영등포구 영등포시장역,349,279,70,0,22,73,107,95,52,0,13,59,79,84,44,0,9,14,28,11,8
2015_4,학동사거리_1,4027,2009,2018,27,1029,1356,747,566,302,3,231,682,455,400,238,24,798,674,292,166,64
2015_4,여의도 시범아파트앞,2428,1582,846,9,343,597,680,494,305,4,156,389,476,357,200,5,187,208,204,137,105
2015_4,영등포역_3,851,508,343,1,140,253,191,186,80,0,38,147,131,135,57,1,102,106,60,51,23
2015_4,도산공원사거리_1,9818,5857,3961,42,2377,3493,2278,1158,470,12,958,2203,1538,801,345,30,1419,1290,740,357,125
2015_4,영등포역_2,1076,582,494,8,128,207,248,285,200,1,52,115,136,141,137,7,76,92,112,144,63
2015_4,문래동 주민센터,66,56,10,0,2,10,19,21,14,0,2,7,16,17,14,0,0,3,3,4,0
2015_4,강남구 신사역_2,7283,4812,2471,26,1590,3074,1760,618,215,4,640,2122,1390,496,160,22,950,952,370,122,55
2015_4,서울 강남구 강남구청역_2,3940,2444,1496,70,1646,1162,709,272,81,30,871,753,538,197,55,40,775,409,171,75,26
2015_4,강남구 신사역_1,2553,1171,1382,6,755,1037,450,183,122,1,189,481,309,115,76,5,566,556,141,68,46
2015_4,서울 동작구 노량진1동_1,36,26,10,0,3,6,13,12,2,0,2,5,10,8,1,0,1,1,3,4,1
2015_4,서울 강남구 학동역_3,8474,4970,3504,31,1690,3093,1958,1125,577,11,642,1839,1369,720,389,20,1048,1254,589,405,188
2015_4,서울 강남구 강남구청역_1,2950,1693,1257,29,631,841,736,498,215,8,244,471,471,341,158,21,387,370,265,157,57
2015_4,잠실역,5964,4585,1379,20,788,2084,1832,940,300,7,407,1630,1563,745,233,13,381,454,269,195,67
2015_4,강남구 논현역_4,8114,3632,4482,53,2379,2613,1695,863,511,16,516,1285,1007,467,341,37,1863,1328,688,396,170
2015_4,학동역,843,420,423,7,240,278,220,72,26,0,76,148,134,49,13,7,164,130,86,23,13
2015_4,방이동 먹자골목,5729,3810,1919,19,711,1621,1591,1247,540,12,352,1105,1146,800,395,7,359,516,445,447,145
2015_4,서울 강남구 학동역_2,5870,2854,3016,22,1425,1864,1086,602,871,8,330,898,640,396,582,14,1095,966,446,206,289
2015_4,서울 동작구 노량진역,3620,2082,1538,7,377,949,994,973,320,6,136,431,601,704,204,1,241,518,393,269,116
2015_4,삼성역_3,8416,4875,3541,28,1900,3438,1999,820,231,11,557,1923,1550,673,161,17,1343,1515,449,147,70
2015_4,코엑스,20413,11662,8751,130,5448,6901,5082,2303,549,50,1732,3780,3845,1837,418,80,3716,3121,1237,466,131
2015_4,서울 강남구 학동역_1,5642,3488,2154,46,1223,1782,1266,800,525,19,572,1253,825,447,372,27,651,529,441,353,153
2015_4,선정릉역_2,6466,4051,2415,30,1546,2222,1488,767,413,5,579,1386,1131,622,328,25,967,836,357,145,85
2015_4,강남구 논현역_3,1534,861,673,8,295,491,355,286,99,1,111,316,219,151,63,7,184,175,136,135,36
2015_4,포스코사거리_2,7212,4325,2887,25,1339,3152,1758,696,242,7,497,2026,1214,407,174,18,842,1126,544,289,68
2015_4,포스코사거리_1,51969,34731,17238,216,12680,19814,13433,4733,1093,73,6860,13703,10062,3331,702,143,5820,6111,3371,1402,391
2015_4,잠실역 롯데월드,3297,1640,1657,216,1493,604,558,345,81,89,653,327,304,243,24,127,840,277,254,102,57
2015_4,신도림역,3669,2005,1664,7,866,1359,934,417,86,2,322,761,572,283,65,5,544,598,362,134,21
2015_4,강남구 논현역_2,7962,3773,4189,52,2291,2818,1487,833,481,10,686,1549,940,356,232,42,1605,1269,547,477,249
2015_4,선정릉역_1,1602,1094,508,14,367,591,337,159,134,8,176,420,262,122,106,6,191,171,75,37,28
2015_4,신천역,5911,3248,2663,27,1187,1463,1348,973,913,5,426,824,749,572,672,22,761,639,599,401,241
2015_4,강남구 논현역_1,2974,1984,990,20,610,1101,703,335,205,7,288,752,541,242,154,13,322,349,162,93,51
2015_4,삼성역_2,17660,10419,7241,286,5261,6394,3579,1775,365,144,2205,4117,2525,1159,269,142,3056,2277,1054,616,96
2015_4,삼정역_2,2635,1188,1447,4,711,916,433,345,226,1,177,420,257,202,131,3,534,496,176,143,95
2015_4,삼정역_1,2956,1594,1362,5,664,996,634,327,330,0,175,528,452,197,242,5,489,468,182,130,88
2015_4,삼성역_1,28464,18481,9983,153,4576,8563,6901,5033,3238,71,2051,5915,5320,3135,1989,82,2525,2648,1581,1898,1249
2015_4,서울 강남구 선릉역_2,7162,4492,2670,69,1470,2108,1652,1157,706,34,656,1408,1173,771,450,35,814,700,479,386,256
2015_4,고속터미널역,15243,4725,10518,53,5065,5090,3286,1440,309,19,833,1681,1253,736,203,34,4232,3409,2033,704,106
2015_4,서울 서초구 강남역,33448,19141,14307,149,8355,11345,7339,3999,2261,75,3123,6921,4817,2660,1545,74,5232,4424,2522,1339,716
2015_4,서울 강남구 선릉역_1,19188,8450,10738,195,7032,5187,3235,2278,1261,102,2513,3014,1366,763,692,93,4519,2173,1869,1515,569
2015_4,선릉역_2,20279,11010,9269,112,5736,6592,4268,2304,1267,38,2036,3895,2837,1317,887,74,3700,2697,1431,987,380
2015_4,서울 강남구 역삼역_2,27201,21335,5866,161,5507,10369,7528,3239,397,106,3158,7990,6748,3034,299,55,2349,2379,780,205,98
2015_4,서울 송파구 석촌역_1,43,29,14,1,2,13,15,10,2,0,0,10,9,8,2,1,2,3,6,2,0
2015_4,서울 강남구 강남역_2,6537,4247,2290,50,1583,2236,1402,979,287,23,655,1429,1130,819,191,27,928,807,272,160,96
2015_4,선릉역_1,57431,29571,27860,331,11570,16185,17156,10022,2167,240,6986,11009,6499,3362,1475,91,4584,5176,10657,6660,692
2015_4,구로역,160,91,69,0,12,15,20,20,93,0,0,5,9,10,67,0,12,10,11,10,26
2015_4,역삼역_2,3939,2184,1755,21,881,1364,1118,441,114,10,255,919,664,266,70,11,626,445,454,175,44
2015_4,대림역_2,7164,5491,1673,9,1359,2113,1432,1334,917,3,1101,1856,1150,815,566,6,258,257,282,519,351
2015_4,서울 강남구 역삼역_1,25489,16152,9337,158,5822,10008,5893,2431,1177,60,2613,6640,4324,1660,855,98,3209,3368,1569,771,322
2015_4,신대방삼거리역,312,163,149,1,29,77,66,66,73,0,8,42,44,35,34,1,21,35,22,31,39
2015_4,서울 강남구 한티역,1236,465,771,10,310,354,288,181,93,1,85,135,119,73,52,9,225,219,169,108,41
2015_4,은마아파트입구사거리_4,82,45,37,3,16,19,26,13,5,1,6,15,12,6,5,2,10,4,14,7,0
2015_4,오류동역,1444,724,720,8,143,217,436,400,240,6,57,122,170,198,171,2,86,95,266,202,69
2015_4,서울 강남구 강남역,38860,18331,20529,118,9213,12677,8993,5649,2210,44,2689,6749,5809,2213,827,74,6524,5928,3184,3436,1383
2015_4,교대역_4,4898,2895,2003,29,981,1542,1156,745,445,16,358,833,788,542,358,13,623,709,368,203,87
2015_4,서울 강남구 강남역_1,136304,99464,36840,937,34499,61817,30231,7848,972,644,17055,46299,27498,7232,736,293,17444,15518,2733,616,236
2015_4,방배동카페골목,111,42,69,1,22,12,30,24,22,0,11,4,17,2,8,1,11,8,13,22,14
2015_4,가락시장,15738,10117,5621,122,2724,3987,4056,3177,1672,62,1310,2769,2869,1935,1172,60,1414,1218,1187,1242,500
2015_4,교대역_3,4466,2764,1702,8,593,1334,1282,782,467,0,149,645,929,636,405,8,444,689,353,146,62
2015_4,역삼역_1,1760,955,805,5,463,508,389,215,180,3,114,306,265,147,120,2,349,202,124,68,60
2015_4,교대역_2,3563,2279,1284,8,635,1256,913,545,206,2,255,846,647,375,154,6,380,410,266,170,52
2015_4,서울 송파구 가락시장역,5278,3419,1859,20,786,1628,1341,949,554,12,384,1006,947,638,432,8,402,622,394,311,122
2015_4,서울 서초구 서초역,11731,4924,6807,119,4156,3240,2414,1348,454,63,1416,1280,1056,764,345,56,2740,1960,1358,584,109
2015_4,서울 강남구 대치역_2,1371,876,495,1,146,527,465,144,88,0,47,299,349,104,77,1,99,228,116,40,11
2015_4,뱅뱅사거리_2,23374,14912,8462,564,4752,7079,6317,3138,1524,248,2303,4674,4462,2138,1087,316,2449,2405,1855,1000,437
2015_4,보라매공원,14487,8365,6122,83,2781,5616,3944,1395,668,39,1266,3051,2483,1038,488,44,1515,2565,1461,357,180
2015_4,교대역_1,13110,7749,5361,74,2380,4191,3509,2105,851,14,805,2535,2338,1396,661,60,1575,1656,1171,709,190
2015_4,개봉동 현대아파트 인근,162,74,88,1,6,36,44,51,24,0,2,9,19,32,12,1,4,27,25,19,12
2015_4,뱅뱅사거리,10129,7003,3126,30,3381,4158,1728,623,209,9,2070,3092,1247,426,159,21,1311,1066,481,197,50
2015_4,뱅뱅사거리_1,9886,7034,2852,22,1724,3169,2474,1673,824,4,931,2360,1974,1196,569,18,793,809,500,477,255
2015_4,서울 관악구 신림역_4,813,404,409,7,145,169,191,180,121,1,36,94,102,91,80,6,109,75,89,89,41
2015_4,동작구 총신대입구역_1,222,109,113,0,22,47,66,48,39,0,5,23,35,21,25,0,17,24,31,27,14
2015_4,양재역_3,3312,2304,1008,9,662,1138,836,428,239,2,408,764,616,323,191,7,254,374,220,105,48
2015_4,동작구 총신대입구역_2,850,383,467,10,286,227,149,107,71,2,74,128,78,50,51,8,212,99,71,57,20
2015_4,서울 서초구 남부터미널역_3,1707,999,708,12,352,495,433,255,160,2,132,282,311,159,113,10,220,213,122,96,47
2015_4,서울 강남구 수서역,18371,10610,7761,75,3057,6099,5004,2624,1512,35,1422,3744,2648,1514,1247,40,1635,2355,2356,1110,265
2015_4,서울 서초구 남부터미널역_2,11583,5674,5909,44,2687,3155,2937,1773,987,12,1035,1724,1399,812,692,32,1652,1431,1538,961,295
2015_4,구로디지탈1단지,64770,41847,22923,451,15076,24830,15027,6431,2955,244,7314,17004,10574,4315,2396,207,7762,7826,4453,2116,559
2015_4,양재역,128,68,60,0,22,49,31,16,10,0,6,22,21,11,8,0,16,27,10,5,2
2015_4,매봉역,338,155,183,1,150,93,42,34,18,0,37,57,26,22,13,1,113,36,16,12,5
2015_4,서울 서초구 방배역,3749,2211,1538,78,945,948,682,537,559,23,394,576,451,350,417,55,551,372,231,187,142
2015_4,서울 서초구 남부터미널역_1,740,530,210,2,113,237,223,108,57,0,61,170,172,77,50,2,52,67,51,31,7
2015_4,서울 관악구 신림역_2,29,15,14,0,3,4,5,9,8,0,2,4,2,3,4,0,1,0,3,6,4
2015_4,서울 관악구 신림역_1,1951,913,1038,33,324,356,348,409,481,10,124,178,153,182,266,23,200,178,195,227,215
2015_4,양재역_2,8441,4680,3761,105,1920,3209,1969,826,412,37,777,1951,1226,414,275,68,1143,1258,743,412,137
2015_4,양재역_1,950,665,285,5,96,237,261,245,106,4,37,137,168,218,101,1,59,100,93,27,5
2015_4,서울 관악구 서울대입구역_2,40,4,36,2,15,7,5,10,1,0,1,1,0,2,0,2,14,6,5,8,1
2015_4,가산디지털단지역_3,31398,18928,12470,202,6796,10821,8027,4020,1532,104,3175,7132,5120,2286,1111,98,3621,3689,2907,1734,421
2015_4,구로디지털단지역,1947,1297,650,17,426,649,469,270,116,14,230,431,331,197,94,3,196,218,138,73,22
2015_4,서울 관악구 서울대입구역_1,1896,810,1086,9,346,426,521,306,288,2,82,168,247,132,179,7,264,258,274,174,109
2015_4,관악구 사당역_1,3870,1606,2264,11,401,681,1242,1043,492,8,199,367,342,305,385,3,202,314,900,738,107
2015_4,가산디지털단지역_2,61769,37010,24759,3540,18635,19345,12190,5264,2795,1547,8911,12767,8419,3205,2161,1993,9724,6578,3771,2059,634
2015_4,관악구 사당역_2,390,194,196,6,69,95,100,77,43,0,22,51,51,41,29,6,47,44,49,36,14
2015_4,가산디지털단지역_1,24498,16480,8018,236,4438,7446,5933,3806,2639,138,2386,5408,4267,2467,1814,98,2052,2038,1666,1339,825
2015_4,장지역,3954,2503,1451,20,630,1215,1033,691,365,7,296,793,696,428,283,13,334,422,337,263,82
2015_4,포이사거리_1,5643,3083,2560,7,817,1810,1808,975,226,4,459,1175,860,438,147,3,358,635,948,537,79
2015_4,포이사거리_2,7827,5282,2545,26,1059,2434,2408,1420,480,10,564,1599,1722,1023,364,16,495,835,686,397,116
2015_4,서울 관악구 대학동_1,81,49,32,0,19,18,22,11,11,0,6,9,19,6,9,0,13,9,3,5,2
2015_4,서울 금천구 독산1동_1,2987,2109,878,9,398,745,793,663,379,6,219,495,567,493,329,3,179,250,226,170,50
2015_4,양재 화물트럭터미널앞_2,202,96,106,0,34,85,52,18,13,0,14,26,34,13,9,0,20,59,18,5,4
2015_4,양재 화물트럭터미널앞_1,4112,3239,873,57,977,1287,814,675,302,14,631,1040,680,599,275,43,346,247,134,76,27
2015_4,서울 금천구 시흥1동_4,931,480,451,9,168,170,199,233,152,4,59,90,97,131,99,5,109,80,102,102,53
2015_4,풍성로37가길,45,21,24,0,1,13,16,10,5,0,1,8,8,2,2,0,0,5,8,8,3
2015_4,천호옛길,561,394,167,3,103,159,138,81,77,3,66,110,99,59,57,0,37,49,39,22,20
2015_4,천호옛14길,594,288,306,3,126,133,134,121,77,2,48,65,78,48,47,1,78,68,56,73,30
2015_4,천호대로219길,886,519,367,3,60,178,249,319,77,2,29,100,145,187,56,1,31,78,104,132,21
2015_4,천호대로197길,19,6,13,0,3,4,6,5,1,0,0,3,1,1,1,0,3,1,5,4,0
2015_4,천호대로187길,847,499,348,0,95,197,240,174,141,0,41,130,139,105,84,0,54,67,101,69,57
2015_4,천호대로170길,407,157,250,0,44,78,129,117,39,0,20,55,38,28,16,0,24,23,91,89,23
2015_4,천호대로162길,1107,752,355,3,162,360,241,191,150,1,93,279,183,128,68,2,69,81,58,63,82
2015_4,천중로51길,413,228,185,0,50,106,119,87,51,0,25,62,60,44,37,0,25,44,59,43,14
2015_4,천중로39길,616,213,403,1,40,98,124,172,181,1,9,37,35,57,74,0,31,61,89,115,107
2015_4,진황도로47길,1139,584,555,5,138,171,222,339,264,5,93,116,110,97,163,0,45,55,112,242,101
2015_4,진황도로27길,444,267,177,1,55,144,113,97,34,1,26,97,61,57,25,0,29,47,52,40,9
2015_4,올림픽로98길,42,23,19,0,2,11,13,13,3,0,1,5,7,8,2,0,1,6,6,5,1
2015_4,올림픽로80길,5,3,2,0,0,1,3,0,1,0,0,1,2,0,0,0,0,0,1,0,1
2015_4,올림픽로77길,8,6,2,0,0,4,3,0,1,0,0,3,2,0,1,0,0,1,1,0,0
2015_4,올림픽로71길,408,305,103,0,45,102,113,105,43,0,26,80,84,80,35,0,19,22,29,25,8
2015_4,올림픽로48길,5859,3559,2300,5,600,1407,1434,1256,1157,3,275,734,802,855,890,2,325,673,632,401,267
2015_4,양재대로96길,1370,827,543,0,117,215,270,424,344,0,60,130,153,252,232,0,57,85,117,172,112
2015_4,양재대로95길,624,339,285,8,83,146,148,163,76,4,43,80,82,81,49,4,40,66,66,82,27
2015_4,양재대로91길,1082,579,503,4,106,181,261,268,262,2,34,104,150,152,137,2,72,77,111,116,125
2015_4,양재대로133길,311,117,194,2,43,69,66,99,32,0,13,33,31,27,13,2,30,36,35,72,19
2015_4,양재대로124길,566,328,238,0,71,148,114,122,111,0,23,103,61,60,81,0,48,45,53,62,30
2015_4,양재대로116길,220,93,127,0,26,56,76,40,22,0,10,22,31,17,13,0,16,34,45,23,9
2015_4,양재대로101길,1324,730,594,2,175,243,290,291,323,1,58,121,150,165,235,1,117,122,140,126,88
2015_4,암사길,383,168,215,1,36,123,111,86,26,1,8,53,50,38,18,0,28,70,61,48,8
2015_4,성안로3길,1545,994,551,7,262,373,410,345,148,4,115,237,276,238,124,3,147,136,134,107,24
2015_4,성내로5길,981,517,464,0,154,263,291,228,45,0,47,142,165,129,34,0,107,121,126,99,11
2015_4,상일로5길,54,31,23,0,6,4,21,18,5,0,4,3,9,11,4,0,2,1,12,7,1
2015_4,상암로5길,456,194,262,3,82,122,135,73,41,3,15,62,57,36,21,0,67,60,78,37,20
2015_4,상암로51길,711,314,397,2,131,164,162,175,77,1,26,80,83,75,49,1,105,84,79,100,28
2015_4,상암로4길,227,176,51,1,54,71,53,36,12,0,39,51,48,30,8,1,15,20,5,6,4
2015_4,상암로14길,418,257,161,0,49,128,111,87,43,0,23,72,68,58,36,0,26,56,43,29,7
2015_4,명일로13길,127,52,75,1,7,23,27,65,4,1,2,8,6,33,2,0,5,15,21,32,2
2015_4,동남로85길,121,59,62,0,11,27,37,33,13,0,3,19,17,15,5,0,8,8,20,18,8
2015_4,동남로82길,11,4,7,0,0,2,7,2,0,0,0,0,3,1,0,0,0,2,4,1,0
2015_4,동남로65길,90,33,57,0,11,12,30,24,13,0,4,5,10,10,4,0,7,7,20,14,9
2015_4,구천면로42길,338,166,172,0,41,76,83,82,56,0,16,39,45,35,31,0,25,37,38,47,25
2015_4,구천면로41길,609,248,361,0,104,169,162,125,49,0,26,80,74,44,24,0,78,89,88,81,25
2015_4,구천면로36길,67,42,25,0,5,19,18,16,9,0,1,16,8,8,9,0,4,3,10,8,0
2015_4,고덕로25길,10,8,2,0,1,1,5,0,3,0,1,1,3,0,3,0,0,0,2,0,0
2015_4,고덕로10길,184,92,92,0,22,42,55,43,22,0,13,23,28,16,12,0,9,19,27,27,10
2015_4,강동대로53길,846,461,385,1,167,235,217,176,50,0,62,146,121,102,30,1,105,89,96,74,20
2015_4,풍성로25길,874,373,501,2,126,218,241,196,91,1,37,96,102,86,51,1,89,122,139,110,40
2015_4,오금로46길,1381,708,673,9,235,401,362,278,96,5,84,209,188,159,63,4,151,192,174,119,33
2015_4,오금로36길,1712,1360,352,3,344,554,536,215,60,0,228,437,464,178,53,3,116,117,72,37,7
2015_4,오금로11길,2155,1391,764,16,296,605,488,439,311,12,139,368,323,294,255,4,157,237,165,145,56
2015_4,양재대로72길,835,494,341,4,115,191,204,229,92,4,45,121,108,140,76,0,70,70,96,89,16
2015_4,양재대로71길,1168,703,465,2,224,333,275,200,134,1,75,190,198,142,97,1,149,143,77,58,37
2015_4,양재대로64길,1423,577,846,8,415,547,290,110,53,2,83,211,174,70,37,6,332,336,116,40,16
2015_4,양재대로62길,6032,3658,2374,8,240,464,551,919,3850,6,122,314,302,438,2476,2,118,150,249,481,1374
2015_4,송파대로30길,1662,1067,595,1,273,449,438,337,164,0,145,307,309,198,108,1,128,142,129,139,56
2015_4,송이로36길,1914,1398,516,33,325,427,490,432,207,24,221,291,359,330,173,9,104,136,131,102,34
2015_4,송이로32길,789,430,359,0,89,167,225,206,102,0,41,90,117,117,65,0,48,77,108,89,37
2015_4,송이로23길,1305,807,498,3,159,292,295,280,276,2,67,171,171,190,206,1,92,121,124,90,70
2015_4,삼전로13길,1777,946,831,7,332,407,393,342,296,3,139,217,197,187,203,4,193,190,196,155,93
2015_4,백제고분로50길,3143,1555,1588,3,452,604,768,949,367,2,193,399,428,364,169,1,259,205,340,585,198
2015_4,백제고분로46길,1619,1004,615,5,219,392,427,352,224,0,99,242,278,220,165,5,120,150,149,132,59
2015_4,백제고분로45길,468,318,150,5,77,135,124,95,32,5,48,86,83,69,27,0,29,49,41,26,5
2015_4,백제고분로42길,116,74,42,0,19,28,35,26,8,0,14,15,20,18,7,0,5,13,15,8,1
2015_4,백제고분로39길,1416,1046,370,7,290,674,267,126,52,4,208,590,150,66,28,3,82,84,117,60,24
2015_4,백제고분로34길,1648,1085,563,4,200,415,440,318,271,1,102,284,278,217,203,3,98,131,162,101,68
2015_4,백제고분로33길,862,555,307,4,87,242,258,186,85,4,37,132,181,130,71,0,50,110,77,56,14
2015_4,백제고분로32길,1063,452,611,9,122,256,284,295,97,4,32,120,121,113,62,5,90,136,163,182,35
2015_4,백제고분로31길,334,215,119,1,21,75,114,86,37,0,11,50,68,59,27,1,10,25,46,27,10
2015_4,백제고분로22길,1098,658,440,1,128,250,322,259,138,1,46,148,199,154,110,0,82,102,123,105,28
2015_4,백제고분로21길,191,133,58,0,32,44,48,43,24,0,18,29,30,34,22,0,14,15,18,9,2
2015_4,마천로51길,132,49,83,0,19,25,37,36,15,0,3,9,14,11,12,0,16,16,23,25,3
2015_4,동남로20길,168,91,77,1,19,32,63,35,18,1,5,20,36,17,12,0,14,12,27,18,6
2015_4,거마로20길,411,182,229,2,64,139,114,69,23,0,20,65,54,33,10,2,44,74,60,36,13
2015_4,학동로77길,2957,1533,1424,6,294,712,693,761,491,6,58,273,311,555,330,0,236,439,382,206,161
2015_4,학동로6길,1856,1007,849,7,407,658,445,236,103,2,173,394,266,103,69,5,234,264,179,133,34
2015_4,학동로56길,948,548,400,1,123,255,255,238,76,0,38,127,149,171,63,1,85,128,106,67,13
2015_4,학동로38길,7102,4600,2502,38,1750,2103,1596,991,624,26,747,1406,1218,770,433,12,1003,697,378,221,191
2015_4,테헤란로81길,665,211,454,24,350,196,64,14,17,6,114,53,15,10,13,18,236,143,49,4,4
2015_4,일원로9길,468,268,200,3,45,92,106,117,105,2,18,58,56,62,72,1,27,34,50,55,33
2015_4,일원로3길,242,115,127,0,21,59,65,68,29,0,13,38,39,19,6,0,8,21,26,49,23
2015_4,영동대로65길,3256,1948,1308,14,654,1147,758,419,264,7,294,730,525,231,161,7,360,417,233,188,103
2015_4,영동대로112길,758,522,236,8,156,271,175,99,49,3,97,194,137,58,33,5,59,77,38,41,16
2015_4,언주로81길,8439,3979,4460,52,2865,2791,1684,699,348,15,737,1484,1046,465,232,37,2128,1307,638,234,116
2015_4,압구정로2길,2630,1415,1215,11,631,916,618,302,152,1,246,538,364,155,111,10,385,378,254,147,41
2015_4,선릉로18길,395,223,172,0,33,84,97,116,65,0,16,46,55,66,40,0,17,38,42,50,25
2015_4,선릉로146길,1832,957,875,10,416,760,383,171,92,3,160,420,237,89,48,7,256,340,146,82,44
2015_4,선릉로133길,150,82,68,0,22,44,33,22,29,0,3,27,14,15,23,0,19,17,19,7,6
2015_4,선릉로132길,1004,534,470,2,208,276,191,191,136,0,59,127,111,129,108,2,149,149,80,62,28
2015_4,선릉로121길,1710,909,801,3,458,594,353,171,131,0,152,351,207,111,88,3,306,243,146,60,43
2015_4,삼성로75길,2547,1351,1196,17,648,741,545,368,228,3,202,378,346,252,170,14,446,363,199,116,58
2015_4,삼성로69길,273,152,121,1,61,94,60,48,9,0,20,56,42,27,7,1,41,38,18,21,2
2015_4,삼성로64길,628,319,309,9,135,215,143,83,43,4,46,117,89,40,23,5,89,98,54,43,20
2015_4,삼성로63길,152,68,84,0,26,28,53,37,8,0,4,12,27,19,6,0,22,16,26,18,2
2015_4,삼성로57길,877,279,598,3,164,325,205,123,57,1,42,88,70,38,40,2,122,237,135,85,17
2015_4,삼성로147길,907,359,548,0,321,272,169,106,39,0,84,97,90,62,26,0,237,175,79,44,13
2015_4,삼성로115길,246,150,96,2,62,73,55,31,23,0,29,52,36,19,14,2,33,21,19,12,9
2015_4,봉은사로68길,231,126,105,1,70,74,49,26,11,1,25,43,33,17,7,0,45,31,16,9,4
2015_4,봉은사로57길,590,409,181,0,105,194,172,76,43,0,42,132,134,62,39,0,63,62,38,14,4
2015_4,봉은사로43길,1048,706,342,15,236,359,255,123,60,14,130,245,198,85,34,1,106,114,57,38,26
2015_4,봉은사로29길,148,99,49,1,41,50,31,17,8,1,20,36,26,13,3,0,21,14,5,4,5
2015_4,봉은사로109길,295,168,127,1,61,70,73,49,41,0,24,41,46,29,28,1,37,29,27,20,13
2015_4,도산대로89길,2731,1055,1676,38,815,977,495,269,137,5,200,386,260,132,72,33,615,591,235,137,65
2015_4,도산대로81길,4613,1463,3150,70,1753,1475,880,290,145,9,477,498,278,117,84,61,1276,977,602,173,61
2015_4,도산대로50길,2684,1862,822,5,321,505,619,700,534,1,181,402,538,493,247,4,140,103,81,207,287
2015_4,도산대로38길,170,88,82,3,45,46,41,23,12,1,13,30,21,17,6,2,32,16,20,6,6
2015_4,도산대로30길,2971,1396,1575,10,826,1097,646,287,105,2,273,543,368,141,69,8,553,554,278,146,36
2015_4,도산대로23길,1455,871,584,7,459,418,269,161,141,1,189,250,181,130,120,6,270,168,88,31,21
2015_4,도산대로15길,1708,790,918,6,545,626,318,140,73,1,184,312,171,80,42,5,361,314,147,60,31
2015_4,도곡로37길,3274,2182,1092,23,621,1170,834,440,186,14,280,808,609,327,144,9,341,362,225,113,42
2015_4,논현로8길,795,418,377,5,144,200,215,179,52,4,60,130,102,82,40,1,84,70,113,97,12
2015_4,논현로63길,9719,2785,6934,105,1541,2117,4208,1540,208,54,640,844,651,420,176,51,901,1273,3557,1120,32
2015_4,논현로28길,12742,9090,3652,46,2825,5377,2889,1163,442,24,1486,3755,2444,991,390,22,1339,1622,445,172,52
2015_4,논현로26길,6849,4269,2580,17,1062,1821,1291,910,1748,12,576,1412,990,536,743,5,486,409,301,374,1005
2015_4,논현로139길,2146,1239,907,6,563,688,439,231,219,0,239,411,285,132,172,6,324,277,154,99,47
2015_4,논현로123길,109,63,46,1,22,33,27,22,4,1,10,21,15,13,3,0,12,12,12,9,1
2015_4,논현로115길,2983,1694,1289,10,726,1100,627,324,196,4,278,622,454,202,134,6,448,478,173,122,62
2015_4,논현로10길,2469,1656,813,10,241,632,636,535,415,6,123,440,428,340,319,4,118,192,208,195,96
2015_4,논현로106길,2763,1574,1189,1,437,750,732,522,321,0,178,494,432,254,216,1,259,256,300,268,105
2015_4,남부순환로365길,182,135,47,0,31,39,66,25,21,0,17,27,52,22,17,0,14,12,14,3,4
2015_4,개포로28길,300,220,80,0,35,95,73,66,31,0,13,78,55,50,24,0,22,17,18,16,7
2015_4,개포로20길,4197,2384,1813,24,696,1035,1165,808,469,17,248,632,634,487,366,7,448,403,531,321,103
2015_4,개포로17길,2694,1749,945,8,402,825,755,505,199,4,208,537,512,335,153,4,194,288,243,170,46
2015_4,강남대로140길,4530,2545,1985,22,926,1350,928,873,431,2,313,768,600,514,348,20,613,582,328,359,83
2015_4,강남대로136길,1187,667,520,2,259,458,274,111,83,0,87,281,173,67,59,2,172,177,101,44,24
2015_4,강남대로118길,564,316,248,2,84,161,114,85,118,0,24,87,78,43,84,2,60,74,36,42,34
2015_4,서초중앙로8길,5867,4472,1395,8,973,1952,1583,1072,279,6,553,1476,1328,889,220,2,420,476,255,183,59
2015_4,방배중앙로21길,2152,725,1427,8,355,298,588,675,228,4,118,171,175,132,125,4,237,127,413,543,103
2015_4,효령로72길,197,115,82,2,36,45,46,43,25,0,4,30,31,29,21,2,32,15,15,14,4
2015_4,효령로34길,52,26,26,0,6,10,15,18,3,0,5,6,5,8,2,0,1,4,10,10,1
2015_4,효령로31길,1502,900,602,10,302,519,374,201,96,5,103,327,257,136,72,5,199,192,117,65,24
2015_4,효령로23길,690,416,274,1,128,177,198,128,58,0,55,112,129,71,49,1,73,65,69,57,9
2015_4,청두곶길,2013,1376,637,72,526,535,496,273,111,39,327,403,325,201,81,33,199,132,171,72,30
2015_4,주흥길,371,237,134,2,69,132,100,51,17,0,37,75,74,38,13,2,32,57,26,13,4
2015_4,주흥15길,1400,898,502,4,255,431,281,176,253,1,117,298,209,120,153,3,138,133,72,56,100
2015_4,언남길,1858,1357,501,6,237,722,538,248,107,5,133,561,392,180,86,1,104,161,146,68,21
2015_4,신반포로45길,444,295,149,6,88,116,88,59,87,4,38,83,64,46,60,2,50,33,24,13,27
2015_4,서초대로8길,287,203,84,2,24,82,89,52,38,2,16,56,68,36,25,0,8,26,21,16,13
2015_4,서초대로64길,468,334,134,0,71,125,138,84,50,0,32,84,111,68,39,0,39,41,27,16,11
2015_4,서초대로4길,601,437,164,0,71,153,128,100,149,0,45,107,103,61,121,0,26,46,25,39,28
2015_4,서초대로25길,3555,2153,1402,45,769,1143,880,524,194,20,340,705,581,361,146,25,429,438,299,163,48
2015_4,서초대로23길,565,343,222,0,83,169,134,65,114,0,32,114,82,40,75,0,51,55,52,25,39
2015_4,서초대로15길,1102,519,583,6,169,348,309,153,117,0,52,167,145,70,85,6,117,181,164,83,32
2015_4,사평대로57길,198,76,122,1,49,69,46,17,16,0,12,29,23,11,1,1,37,40,23,6,15
2015_4,사평대로26길,18,12,6,0,1,3,6,3,5,0,1,2,4,3,2,0,0,1,2,0,3
2015_4,사평대로22길,1223,691,532,8,307,336,305,178,89,4,137,219,194,100,37,4,170,117,111,78,52
2015_4,사임당로17길,1594,989,605,5,296,559,392,219,123,3,110,379,263,146,88,2,186,180,129,73,35
2015_4,방배로42길,168,92,76,6,40,40,33,25,24,5,8,19,27,15,18,1,32,21,6,10,6
2015_4,방배로35길,2287,1492,795,9,421,614,500,388,355,6,219,404,326,255,282,3,202,210,174,133,73
2015_4,방배로18길,71,40,31,0,20,15,17,8,11,0,9,11,11,3,6,0,11,4,6,5,5
2015_4,반포대로9길,667,469,198,7,135,197,170,96,62,5,76,151,128,66,43,2,59,46,42,30,19
2015_4,바우뫼로39길,2184,1370,814,5,296,630,484,279,490,2,136,402,331,177,322,3,160,228,153,102,168
2015_4,마방로2길,3799,2479,1320,26,597,1127,995,798,256,13,254,768,721,530,193,13,343,359,274,268,63
2015_4,방배천로4안길,1650,883,767,15,420,371,402,315,127,2,98,220,290,204,69,13,322,151,112,111,58
2015_4,동산로19길,1380,930,450,2,179,440,376,236,147,0,95,311,263,169,92,2,84,129,113,67,55
2015_4,동산로10길,2297,1238,1059,13,281,529,634,565,275,7,123,334,317,276,181,6,158,195,317,289,94
2015_4,동광로39길,51,35,16,0,11,12,15,5,8,0,7,10,8,5,5,0,4,2,7,0,3
2015_4,동광로1길,1396,785,611,2,174,405,398,235,182,1,72,254,221,126,111,1,102,151,177,109,71
2015_4,동광로12길,724,495,229,4,101,186,221,144,68,3,50,127,155,108,52,1,51,59,66,36,16
2015_4,논현로27길,3483,2528,955,15,543,964,1061,615,285,8,285,658,826,502,249,7,258,306,235,113,36
2015_4,논현로1길,609,378,231,0,96,166,162,121,64,0,52,120,112,59,35,0,44,46,50,62,29
2015_4,남부순환로339길,11713,5285,6428,157,3863,2495,2513,1927,758,83,1615,1497,943,653,494,74,2248,998,1570,1274,264
2015_4,남부순환로325길,8052,4244,3808,76,1543,2678,2071,1287,397,34,537,1374,1239,735,325,42,1006,1304,832,552,72
2015_4,남부순환로317길,1506,1082,424,6,359,587,287,157,110,5,190,464,224,131,68,1,169,123,63,26,42
2015_4,고무래로8길,6843,3765,3078,13,977,2036,1773,1100,944,6,311,1015,1109,701,623,7,666,1021,664,399,321
2015_4,강남대로8길,3189,2111,1078,2,396,914,968,625,284,1,215,645,681,373,196,1,181,269,287,252,88
2015_4,강남대로34길,954,654,300,0,195,388,212,93,66,0,112,262,151,71,58,0,83,126,61,22,8
2015_4,강남대로23길,6012,4353,1659,26,945,1692,1507,1281,561,20,598,1297,1190,881,367,6,347,395,317,400,194
2015_4,소담길,24,6,18,0,4,6,3,8,3,0,0,1,1,1,3,0,4,5,2,7,0
2015_4,원신길,292,115,177,0,53,83,46,69,41,0,5,37,22,30,21,0,48,46,24,39,20
2015_4,양산길,418,300,118,0,35,47,75,122,139,0,7,21,56,93,123,0,28,26,19,29,16
2015_4,호암로24길,626,240,386,4,75,115,155,171,106,1,26,64,56,41,52,3,49,51,99,130,54
2015_4,호암로20길,46,31,15,0,2,12,9,15,8,0,2,11,5,6,7,0,0,1,4,9,1
2015_4,행운길,19,3,16,0,3,1,6,7,2,0,1,0,1,0,1,0,2,1,5,7,1
2015_4,행운1길,84,53,31,0,6,24,30,13,11,0,0,16,20,6,11,0,6,8,10,7,0
2015_4,청림3길,70,37,33,0,10,22,20,12,6,0,3,13,12,5,4,0,7,9,8,7,2
2015_4,청룡길,170,114,56,0,39,51,43,28,9,0,18,30,38,23,5,0,21,21,5,5,4
2015_4,청룡8길,33,11,22,0,0,6,7,12,8,0,0,1,3,3,4,0,0,5,4,9,4
2015_4,중앙길,301,114,187,1,32,63,86,76,43,0,3,24,41,25,21,1,29,39,45,51,22
2015_4,조원중앙로2길,1136,785,351,2,151,275,325,296,87,2,94,172,237,224,56,0,57,103,88,72,31
2015_4,조원로18길,1030,541,489,1,123,229,297,236,144,1,37,136,158,124,85,0,86,93,139,112,59
2015_4,조원로10길,273,132,141,0,50,50,60,60,53,0,16,25,23,33,35,0,34,25,37,27,18
2015_4,장군봉2길,299,122,177,0,25,80,82,84,28,0,9,23,32,39,19,0,16,57,50,45,9
2015_4,장군봉1길,99,13,86,0,11,34,30,19,5,0,1,3,3,4,2,0,10,31,27,15,3
2015_4,인헌길,79,35,44,0,13,11,23,19,13,0,3,6,9,7,10,0,10,5,14,12,3
2015_4,은천로25길,297,104,193,0,64,94,62,39,38,0,6,39,23,16,20,0,58,55,39,23,18
2015_4,양녕로6길,934,603,331,7,114,255,248,184,126,5,56,166,170,125,81,2,58,89,78,59,45
2015_4,신원로3길,33,23,10,0,4,8,9,2,10,0,3,4,9,1,6,0,1,4,0,1,4
2015_4,신사로20길,63,31,32,1,16,15,16,11,4,1,3,9,10,6,2,0,13,6,6,5,2
2015_4,신림로64길,222,119,103,1,30,70,72,37,12,1,17,35,41,18,7,0,13,35,31,19,5
2015_4,신림로48길,74,38,36,0,12,10,28,16,8,0,1,5,16,9,7,0,11,5,12,7,1
2015_4,신림로38길,49,25,24,0,5,12,19,8,5,0,2,7,8,6,2,0,3,5,11,2,3
2015_4,신림로28길,326,225,101,0,17,45,89,102,73,0,3,18,56,83,65,0,14,27,33,19,8
2015_4,신림로11길,436,403,33,1,16,28,156,186,49,0,12,22,146,174,49,1,4,6,10,12,0
2015_4,신림동길,341,197,144,2,48,82,95,72,42,2,25,53,53,40,24,0,23,29,42,32,18
2015_4,승방길,514,343,171,1,69,205,143,63,33,0,33,156,94,38,22,1,36,49,49,25,11
2015_4,서림7길,254,91,163,0,17,73,74,71,19,0,4,30,19,27,11,0,13,43,55,44,8
2015_4,봉천로33길,357,228,129,10,45,75,96,65,66,6,20,48,68,41,45,4,25,27,28,24,21
2015_4,봉천로13길,287,86,201,0,22,64,80,91,30,0,4,20,22,26,14,0,18,44,58,65,16
2015_4,복은길,195,73,122,0,21,38,46,60,30,0,9,13,18,22,11,0,12,25,28,38,19
2015_4,법원단지길,2,1,1,0,0,0,1,1,0,0,0,0,0,1,0,0,0,0,1,0,0
2015_4,법원단지9길,85,35,50,0,16,22,20,19,8,0,2,15,5,7,6,0,14,7,15,12,2
2015_4,미성5길,61,34,27,0,3,6,19,18,15,0,0,1,8,11,14,0,3,5,11,7,1
2015_4,대학길,79,34,45,0,8,24,17,24,6,0,4,9,9,9,3,0,4,15,8,15,3
2015_4,대학14길,12,2,10,0,0,1,3,2,6,0,0,1,1,0,0,0,0,0,2,2,6
2015_4,당곡길,352,158,194,2,33,86,108,70,53,0,10,34,47,26,41,2,23,52,61,44,12
2015_4,남현길,237,91,146,1,38,71,63,43,21,1,13,28,25,12,12,0,25,43,38,31,9
2015_4,남현3길,520,300,220,1,49,78,108,157,127,0,9,41,77,94,79,1,40,37,31,63,48
2015_4,남부순환로248길,258,129,129,1,40,71,63,63,20,0,12,39,24,42,12,1,28,32,39,21,8
2015_4,남부순환로234길,138,88,50,0,9,34,45,34,16,0,5,26,29,18,10,0,4,8,16,16,6
2015_4,남부순환로172길,1500,840,660,1,166,273,388,376,296,0,41,150,225,240,184,1,125,123,163,136,112
2015_4,남부순환로161길,17,4,13,0,1,3,8,5,0,0,0,0,2,2,0,0,1,3,6,3,0
2015_4,남부순환로151길,121,75,46,1,11,24,27,32,26,0,7,15,15,16,22,1,4,9,12,16,4
2015_4,남부순환로142길,70,30,40,0,8,13,20,12,17,0,1,5,5,12,7,0,7,8,15,0,10
2015_4,난향길,171,49,122,0,23,40,56,33,19,0,4,7,22,6,10,0,19,33,34,27,9
2015_4,난우길,410,172,238,1,30,72,115,110,82,1,7,24,59,43,38,0,23,48,56,67,44
2015_4,난곡로74길,175,70,105,0,54,36,35,28,22,0,15,16,18,11,10,0,39,20,17,17,12
2015_4,난곡로34길,28,8,20,0,7,8,8,3,2,0,0,1,5,1,1,0,7,7,3,2,1
2015_4,난곡로26길,137,63,74,1,10,27,51,40,8,1,3,11,22,20,6,0,7,16,29,20,2
2015_4,난곡로24길,34,15,19,0,2,5,16,6,5,0,1,1,6,5,2,0,1,4,10,1,3
2015_4,낙성대역길,752,476,276,2,64,106,163,227,190,2,17,50,88,158,161,0,47,56,75,69,29
2015_4,국회단지길,517,225,292,4,97,119,156,85,56,0,22,67,79,31,26,4,75,52,77,54,30
2015_4,구암길,82,30,52,0,12,12,36,11,11,0,6,4,8,5,7,0,6,8,28,6,4
2015_4,관천로22길,17,7,10,0,0,5,6,4,2,0,0,3,2,0,2,0,0,2,4,4,0
2015_4,관천로15길,123,71,52,0,12,30,34,28,19,0,4,17,17,16,17,0,8,13,17,12,2
2015_4,관악로30길,170,59,111,0,31,37,37,43,22,0,7,19,10,12,11,0,24,18,27,31,11
2015_4,관악로28길,143,71,72,0,18,19,44,26,36,0,5,6,15,13,32,0,13,13,29,13,4
2015_4,관악로14길,397,212,185,6,75,102,71,63,80,2,23,63,36,29,59,4,52,39,35,34,21
2015_4,관악로10길,218,146,72,2,20,60,64,40,32,1,15,45,44,21,20,1,5,15,20,19,12
2015_4,흑석로9길,174,73,101,1,45,30,41,40,17,0,17,16,20,13,7,1,28,14,21,27,10
2015_4,흑석로13길,142,17,125,0,48,40,28,21,5,0,0,10,3,3,1,0,48,30,25,18,4
2015_4,장승배기로27길,36,18,18,0,6,8,7,10,5,0,2,2,4,7,3,0,4,6,3,3,2
2015_4,장승배기로19길,8,5,3,0,0,0,4,1,3,0,0,0,3,0,2,0,0,0,1,1,1
2015_4,여의대방로46길,421,127,294,2,58,144,116,72,29,0,6,42,33,26,20,2,52,102,83,46,9
2015_4,여의대방로24길,16144,7449,8695,197,2619,2717,3401,4746,2464,123,1734,1942,1243,1392,1015,74,885,775,2158,3354,1449
2015_4,여의대방로22카길,267,111,156,0,30,51,81,75,30,0,13,34,33,19,12,0,17,17,48,56,18
2015_4,여의대방로22나길,132,51,81,0,16,32,36,37,11,0,3,10,18,12,8,0,13,22,18,25,3
2015_4,여의대방로22길,211,128,83,1,25,59,43,57,26,1,18,41,22,27,19,0,7,18,21,30,7
2015_4,양녕로26길,126,66,60,0,18,22,36,29,21,0,4,11,19,16,16,0,14,11,17,13,5
2015_4,신대방길,121,78,43,0,12,29,37,23,20,0,9,17,22,12,18,0,3,12,15,11,2
2015_4,성대로29길,2,2,0,0,0,1,1,0,0,0,0,1,1,0,0,0,0,0,0,0,0
2015_4,성대로1길,327,132,195,0,20,58,103,90,56,0,8,28,42,33,21,0,12,30,61,57,35
2015_4,서달로8가길,194,81,113,1,26,34,56,47,30,0,7,10,19,22,23,1,19,24,37,25,7
2015_4,서달로14길,37,16,21,0,12,7,6,7,5,0,2,3,3,3,5,0,10,4,3,4,0
2015_4,서달로10길,75,30,45,0,0,17,22,31,5,0,0,7,7,13,3,0,0,10,15,18,2
2015_4,상도로62길,157,57,100,0,12,34,49,40,22,0,3,10,13,17,14,0,9,24,36,23,8
2015_4,상도로61길,43,21,22,0,7,7,14,8,7,0,0,0,9,5,7,0,7,7,5,3,0
2015_4,상도로47길,69,48,21,0,11,22,16,15,5,0,4,19,12,9,4,0,7,3,4,6,1
2015_4,상도로37길,1997,1016,981,31,318,543,536,403,166,0,100,348,282,205,81,31,218,195,254,198,85
2015_4,상도로15길,255,111,144,0,45,67,78,43,22,0,9,30,43,18,11,0,36,37,35,25,11
2015_4,사당로8길,119,62,57,1,10,31,23,39,15,0,5,13,11,24,9,1,5,18,12,15,6
2015_4,사당로30길,309,209,100,0,21,98,119,52,19,0,7,62,83,39,18,0,14,36,36,13,1
2015_4,사당로2차길,100,62,38,0,37,21,17,10,15,0,23,8,15,7,9,0,14,13,2,3,6
2015_4,사당로29길,21,15,6,0,0,2,5,7,7,0,0,0,1,7,7,0,0,2,4,0,0
2015_4,사당로26길,233,127,106,0,30,54,75,54,20,0,10,34,45,23,15,0,20,20,30,31,5
2015_4,사당로23나길,137,46,91,0,18,29,37,23,30,0,2,3,12,7,22,0,16,26,25,16,8
2015_4,사당로23길,19,11,8,0,2,5,6,5,1,0,0,5,3,3,0,0,2,0,3,2,1
2015_4,사당로20길,160,117,43,0,6,28,71,39,16,0,1,19,55,29,13,0,5,9,16,10,3
2015_4,사당로16길,132,39,93,1,6,34,33,47,11,1,1,8,10,12,7,0,5,26,23,35,4
2015_4,사당로16가길,790,488,302,0,27,80,124,152,407,0,18,49,57,82,282,0,9,31,67,70,125
2015_4,만양로8길,70,29,41,0,13,12,19,15,11,0,1,4,11,5,8,0,12,8,8,10,3
2015_4,만양로14길,377,159,218,0,52,106,94,70,55,0,14,41,43,29,32,0,38,65,51,41,23
2015_4,등용로14길,591,428,163,1,80,218,142,78,72,0,56,167,111,46,48,1,24,51,31,32,24
2015_4,동작대로7길,1799,791,1008,24,565,433,369,268,140,12,113,207,216,144,99,12,452,226,153,124,41
2015_4,동작대로35길,246,93,153,0,36,59,75,56,20,0,5,30,26,16,16,0,31,29,49,40,4
2015_4,동작대로33길,108,52,56,0,26,24,27,14,17,0,10,10,16,6,10,0,16,14,11,8,7
2015_4,동작대로29길,33,18,15,0,5,3,13,6,6,0,4,3,5,4,2,0,1,0,8,2,4
2015_4,동작대로17길,1322,706,616,12,215,385,394,223,93,5,61,200,245,129,66,7,154,185,149,94,27
2015_4,대방동2길,446,215,231,5,71,119,124,95,32,1,16,67,70,47,14,4,55,52,54,48,18
2015_4,대방동27길,138,79,59,0,17,22,29,47,23,0,11,9,14,34,11,0,6,13,15,13,12
2015_4,노량진로6길,108,28,80,0,11,21,26,40,10,0,2,6,4,14,2,0,9,15,22,26,8
2015_4,국사봉길,37,6,31,0,4,7,11,7,8,0,1,1,2,0,2,0,3,6,9,7,6
2015_4,국사봉2길,99,67,32,0,12,25,23,27,12,0,3,20,17,17,10,0,9,5,6,10,2
2015_4,국사봉1길,15,9,6,0,2,6,4,2,1,0,1,4,2,1,1,0,1,2,2,1,0
2015_4,영신로9길,387,168,219,1,62,117,114,68,25,0,15,65,44,29,15,1,47,52,70,39,10
2015_4,영등포로84길,355,83,272,1,42,48,52,136,76,0,10,18,22,18,15,1,32,30,30,118,61
2015_4,영등포로80길,74,50,24,1,5,16,20,13,19,0,1,6,15,10,18,1,4,10,5,3,1
2015_4,영등포로62길,5,3,2,0,0,3,2,0,0,0,0,1,2,0,0,0,0,2,0,0,0
2015_4,영등포로35길,53,40,13,0,4,17,17,10,5,0,2,13,12,8,5,0,2,4,5,2,0
2015_4,영등포로27길,301,186,115,0,23,82,109,60,27,0,8,55,63,37,23,0,15,27,46,23,4
2015_4,여의대방로43나길,2337,1891,446,0,51,218,452,978,638,0,29,173,355,787,547,0,22,45,97,191,91
2015_4,여의대방로39길,13,9,4,0,0,6,5,1,1,0,0,5,3,1,0,0,0,1,2,0,1
2015_4,여의대방로35길,731,393,338,4,86,173,214,144,110,2,32,89,108,83,79,2,54,84,106,61,31
2015_4,양평로28길,559,430,129,1,29,108,163,193,65,1,8,83,141,148,49,0,21,25,22,45,16
2015_4,양평로22라길,42,27,15,2,5,11,17,2,5,0,5,4,12,1,5,2,0,7,5,1,0
2015_4,양평로19길,4183,3344,839,10,777,2049,924,345,78,3,472,1744,777,285,63,7,305,305,147,60,15
2015_4,신길로60길,419,178,241,0,42,135,128,84,30,0,5,54,63,41,15,0,37,81,65,43,15
2015_4,신길로42길,383,187,196,2,51,118,101,74,37,0,19,60,49,34,25,2,32,58,52,40,12
2015_4,신길로42가길,91,27,64,0,9,19,34,20,9,0,1,7,9,5,5,0,8,12,25,15,4
2015_4,신길로39길,121,61,60,0,9,23,34,31,24,0,3,12,17,19,10,0,6,11,17,12,14
2015_4,신길로17길,43,29,14,1,1,6,12,18,5,1,1,5,6,11,5,0,0,1,6,7,0
2015_4,선유서로28길,437,232,205,1,47,101,116,111,61,1,16,54,62,57,42,0,31,47,54,54,19
2015_4,선유서로25길,2293,1694,599,12,192,538,587,572,392,8,86,397,493,444,266,4,106,141,94,128,126
2015_4,선유서로24길,179,100,79,0,24,30,50,40,35,0,11,14,24,22,29,0,13,16,26,18,6
2015_4,선유로55길,2244,1391,853,5,415,714,586,367,157,2,172,479,389,233,116,3,243,235,197,134,41
2015_4,디지털로74길,58,35,23,0,4,26,11,15,2,0,2,18,6,8,1,0,2,8,5,7,1
2015_4,디지털로57길,7,1,6,0,1,2,3,0,1,0,0,0,0,0,1,0,1,2,3,0,0
2015_4,디지털로37길,240,123,117,1,37,42,60,73,27,1,17,18,29,40,18,0,20,24,31,33,9
2015_4,도신로62길,190,50,140,0,20,46,70,39,15,0,7,11,17,11,4,0,13,35,53,28,11
2015_4,도신로60길,94,15,79,0,5,5,16,25,43,0,0,2,9,0,4,0,5,3,7,25,39
2015_4,도신로29길,89,39,50,0,6,7,22,38,16,0,5,5,13,14,2,0,1,2,9,24,14
2015_4,도신로15길,87,48,39,0,9,13,17,17,31,0,1,3,7,10,27,0,8,10,10,7,4
2015_4,도림천로21길,100,47,53,0,18,23,14,20,25,0,8,10,4,7,18,0,10,13,10,13,7
2015_4,도림로63길,30,19,11,0,2,5,8,11,4,0,1,3,5,7,3,0,1,2,3,4,1
2015_4,도림로147길,1657,1197,460,5,160,330,556,441,165,2,93,242,385,341,134,3,67,88,171,100,31
2015_4,도림로112길,16,8,8,0,2,1,4,6,3,0,2,1,3,1,1,0,0,0,1,5,2
2015_4,대림로8길,1809,607,1202,9,622,482,346,248,102,4,113,171,147,105,67,5,509,311,199,143,35
2015_4,대림로7길,15,5,10,0,3,1,5,6,0,0,0,1,2,2,0,0,3,0,3,4,0
2015_4,대림로44길,46,28,18,0,0,18,11,12,5,0,0,13,6,7,2,0,0,5,5,5,3
2015_4,대림로34길,173,63,110,1,21,40,61,38,12,0,6,9,27,15,6,1,15,31,34,23,6
2015_4,대림로31길,750,365,385,5,115,139,183,185,123,0,67,80,66,75,77,5,48,59,117,110,46
2015_4,대림로29길,1589,781,808,1,241,373,431,387,156,0,48,135,257,225,116,1,193,238,174,162,40
2015_4,대림로22길,311,175,136,1,21,58,107,84,40,1,7,35,66,42,24,0,14,23,41,42,16
2015_4,당산로46길,3211,1718,1493,21,647,635,802,618,488,10,144,380,450,353,381,11,503,255,352,265,107
2015_4,당산로38길,276,215,61,4,35,101,74,37,25,0,20,82,57,32,24,4,15,19,17,5,1
2015_4,당산로37길,3541,2209,1332,23,928,788,721,698,383,15,488,538,445,456,267,8,440,250,276,242,116
2015_4,당산로31길,4168,2308,1860,11,566,1144,1013,1023,411,2,176,570,554,715,291,9,390,574,459,308,120
2015_4,국회대로56길,1578,1022,556,9,114,259,324,356,516,6,63,194,232,255,272,3,51,65,92,101,244
2015_4,경인로90길,322,198,124,4,30,80,89,77,42,4,13,48,48,52,33,0,17,32,41,25,9
2015_4,경인로80길,1565,1134,431,5,150,330,401,434,245,3,86,206,289,337,213,2,64,124,112,97,32
2015_4,경인로77길,620,438,182,0,87,115,167,162,89,0,30,74,132,126,76,0,57,41,35,36,13
2015_4,가마산로61길,219,90,129,0,25,67,70,42,15,0,5,32,27,19,7,0,20,35,43,23,8
2015_4,시흥대로94길,796,415,381,0,89,190,241,177,99,0,33,106,137,82,57,0,56,84,104,95,42
2015_4,시흥대로84길,164,65,99,2,16,41,52,40,13,0,2,14,20,21,8,2,14,27,32,19,5
2015_4,시흥대로68길,342,126,216,0,26,48,70,79,119,0,7,24,18,34,43,0,19,24,52,45,76
2015_4,시흥대로63길,2781,1467,1314,9,463,851,584,609,265,4,201,368,271,451,172,5,262,483,313,158,93
2015_4,시흥대로62가길,421,111,310,0,38,80,112,143,48,0,11,25,25,32,18,0,27,55,87,111,30
2015_4,시흥대로36길,349,212,137,0,58,99,99,71,22,0,25,62,61,48,16,0,33,37,38,23,6
2015_4,시흥대로22길,495,353,142,2,32,64,118,149,130,0,17,43,78,114,101,2,15,21,40,35,29
2015_4,시흥대로153길,621,324,297,0,62,145,191,157,66,0,19,87,102,77,39,0,43,58,89,80,27
2015_4,시흥대로150길,582,262,320,1,61,137,174,135,74,1,18,53,71,70,49,0,43,84,103,65,25
2015_4,시흥대로141길,694,423,271,0,131,223,153,143,44,0,54,161,100,80,28,0,77,62,53,63,16
2015_4,시흥대로138길,14,7,7,0,0,3,4,6,1,0,0,2,1,3,1,0,0,1,3,3,0
2015_4,시흥대로120길,616,421,195,1,110,167,208,105,25,0,80,123,147,57,14,1,30,44,61,48,11
2015_4,벚꽃로56길,1850,1241,609,9,384,765,445,182,65,7,179,546,330,125,54,2,205,219,115,57,11
2015_4,범안로17길,176,91,85,0,10,32,33,50,51,0,6,20,17,24,24,0,4,12,16,26,27
2015_4,범안로11길,1115,895,220,12,167,322,307,228,79,9,127,269,236,191,63,3,40,53,71,37,16
2015_4,문성로5길,190,49,141,0,7,32,41,74,36,0,3,7,7,24,8,0,4,25,34,50,28
2015_4,독산로85길,69,25,44,0,6,5,17,30,11,0,1,2,5,12,5,0,5,3,12,18,6
2015_4,독산로78다길,245,107,138,0,23,51,66,54,51,0,8,18,17,25,39,0,15,33,49,29,12
2015_4,독산로70길,4,3,1,0,1,0,0,0,3,0,1,0,0,0,2,0,0,0,0,0,1
2015_4,독산로64길,159,36,123,1,39,25,39,41,14,0,6,6,10,11,3,1,33,19,29,30,11
2015_4,독산로50길,47,21,26,0,0,3,19,21,4,0,0,3,8,6,4,0,0,0,11,15,0
2015_4,독산로40길,53,17,36,0,2,12,18,16,5,0,1,3,5,5,3,0,1,9,13,11,2
2015_4,독산로108길,738,319,419,0,142,129,191,183,93,0,41,59,77,84,58,0,101,70,114,99,35
2015_4,남부순환로112길,10,6,4,0,0,2,3,3,2,0,0,2,1,1,2,0,0,0,2,2,0
2015_4,금하로24길,178,65,113,3,32,41,40,48,14,1,10,13,10,21,10,2,22,28,30,27,4
2015_4,금하로1길,64,36,28,0,6,11,22,19,6,0,4,6,11,10,5,0,2,5,11,9,1
2015_4,금하로14길,2,1,1,0,0,0,1,1,0,0,0,0,0,1,0,0,0,0,1,0,0
2015_4,가산로5길,514,395,119,17,70,134,152,107,34,16,55,104,112,83,25,1,15,30,40,24,9
2015_4,가산로3길,2440,1869,571,14,265,539,586,697,339,12,205,465,422,501,264,2,60,74,164,196,75
2015_4,중앙로1길,1401,979,422,4,135,297,274,265,426,2,62,187,182,176,370,2,73,110,92,89,56
2015_4,중앙로15길,97,48,49,0,8,13,32,33,11,0,1,9,8,21,9,0,7,4,24,12,2
2015_4,우마길,35,23,12,1,6,15,6,6,1,0,1,11,6,4,1,1,5,4,0,2,0
2015_4,오류로8길,230,110,120,0,48,54,66,44,18,0,10,30,37,19,14,0,38,24,29,25,4
2015_4,신도림로13길,714,544,170,0,66,144,203,220,81,0,50,113,143,174,64,0,16,31,60,46,17
2015_4,새말로18길,1203,491,712,8,594,347,132,82,40,3,186,180,61,38,23,5,408,167,71,44,17
2015_4,부일로1길,765,632,133,2,41,88,178,281,175,1,27,64,134,240,166,1,14,24,44,41,9
2015_4,부일로15길,191,169,22,0,8,14,28,71,70,0,3,10,23,67,66,0,5,4,5,4,4
2015_4,부일로11길,27,9,18,0,5,5,6,9,2,0,0,1,3,4,1,0,5,4,3,5,1
2015_4,디지털로32길,1262,673,589,2,307,433,228,164,128,2,114,227,132,97,101,0,193,206,96,67,27
2015_4,디지털로32가길,7089,5056,2033,41,1687,2896,1529,628,308,24,916,2167,1209,495,245,17,771,729,320,133,63
2015_4,디지털로27길,393,251,142,1,26,74,122,131,39,0,8,36,74,96,37,1,18,38,48,35,2
2015_4,도림로6길,105,44,61,0,15,33,32,17,8,0,3,11,16,10,4,0,12,22,16,7,4
2015_4,도림로12길,98,42,56,0,18,27,24,25,4,0,2,12,12,12,4,0,16,15,12,13,0
2015_4,남부순환로97길,262,85,177,1,45,69,78,45,24,0,6,16,22,26,15,1,39,53,56,19,9
2015_4,구로중앙로8길,251,113,138,1,25,47,77,72,29,0,5,15,31,40,22,1,20,32,46,32,7
2015_4,구로중앙로7길,185,68,117,0,29,44,54,32,26,0,1,9,22,15,21,0,28,35,32,17,5
2015_4,구로중앙로42길,757,553,204,2,57,135,250,229,84,0,38,96,179,171,69,2,19,39,71,58,15
2015_4,구로중앙로34길,594,323,271,1,40,139,158,174,82,1,18,75,97,92,40,0,22,64,61,82,42
2015_4,구로중앙로28길,2883,1429,1454,2,232,461,619,651,918,0,100,264,389,375,301,2,132,197,230,276,617
2015_4,구로중앙로19길,13,7,6,0,1,3,5,1,3,0,1,2,2,1,1,0,0,1,3,0,2
2015_4,구로동로8길,157,47,110,0,23,36,40,31,27,0,2,13,14,9,9,0,21,23,26,22,18
2015_4,구로동로7길,165,65,100,1,23,36,47,37,21,1,4,10,17,18,15,0,19,26,30,19,6
2015_4,구로동로42길,26,19,7,0,2,5,10,8,1,0,1,4,6,7,1,0,1,1,4,1,0
2015_4,구로동로41길,454,275,179,0,74,121,130,97,32,0,49,72,80,53,21,0,25,49,50,44,11
2015_4,구로동로38길,43,17,26,0,10,4,14,6,9,0,1,2,6,1,7,0,9,2,8,5,2
2015_4,구로동로28길,181,72,109,1,13,41,62,33,31,0,6,19,17,9,21,1,7,22,45,24,10
2015_4,구로동로15길,23,2,21,0,7,9,2,5,0,0,0,1,0,1,0,0,7,8,2,4,0
2015_4,공원로6가길,235,177,58,2,44,60,65,46,18,2,35,45,45,33,17,0,9,15,20,13,1
2015_4,고척로52길,229,73,156,0,16,43,65,87,18,0,4,16,26,14,13,0,12,27,39,73,5
2015_4,고척로27다길,227,90,137,0,17,39,93,55,23,0,5,11,36,25,13,0,12,28,57,30,10
2015_4,고척로27길,233,97,136,0,29,55,68,66,15,0,7,27,29,28,6,0,22,28,39,38,9
2015_4,고척로21나길,242,58,184,0,32,35,48,89,38,0,9,15,7,10,17,0,23,20,41,79,21
2015_4,경인로47길,724,413,311,1,65,104,208,241,105,0,34,54,118,142,65,1,31,50,90,99,40
2015_4,경인로35길,269,116,153,0,17,55,71,87,39,0,6,20,28,37,25,0,11,35,43,50,14
2015_4,경인로31길,47,14,33,0,3,13,21,7,3,0,0,3,5,3,3,0,3,10,16,4,0
2015_4,경인로15길,121,57,64,0,19,44,26,24,8,0,5,27,10,11,4,0,14,17,16,13,4
2015_4,개봉로3길,303,169,134,1,99,55,71,46,31,1,55,25,30,30,28,0,44,30,41,16,3
2015_4,개봉로2길,440,127,313,1,80,110,122,91,36,1,13,25,38,29,21,0,67,85,84,62,15
2015_4,개봉로23가길,867,497,370,1,79,167,221,253,146,0,31,95,122,151,98,1,48,72,99,102,48
2015_4,개봉로20길,115,66,49,0,12,33,44,17,9,0,4,23,22,8,9,0,8,10,22,9,0
2015_4,개봉로1길,48,24,24,0,7,10,16,7,8,0,1,9,5,3,6,0,6,1,11,4,2
2015_4,개봉로17다길,102,57,45,1,1,16,33,35,16,0,0,4,13,25,15,1,1,12,20,10,1
2015_4,개봉로17길,837,400,437,4,118,177,215,219,104,3,46,116,112,67,56,1,72,61,103,152,48
2015_4,개봉로11길,52,12,40,0,11,16,12,12,1,0,0,4,2,5,1,0,11,12,10,7,0
2015_4,화곡로64길,2650,1398,1252,5,695,817,594,355,184,1,182,502,417,210,86,4,513,315,177,145,98
2015_4,화곡로59길,519,195,324,1,100,173,144,78,23,0,26,62,45,43,19,1,74,111,99,35,4
2015_4,화곡로44나길,853,722,131,0,27,93,172,308,253,0,12,63,143,274,230,0,15,30,29,34,23
2015_4,화곡로31길,1080,388,692,3,171,278,277,224,127,0,35,96,99,85,73,3,136,182,178,139,54
2015_4,화곡로20길,484,303,181,0,31,67,118,181,87,0,11,32,69,116,75,0,20,35,49,65,12
2015_4,화곡로13길,251,82,169,1,24,50,82,89,5,1,10,8,23,38,2,0,14,42,59,51,3
2015_4,초원로16길,445,191,254,5,26,71,82,77,184,1,14,46,41,39,50,4,12,25,41,38,134
2015_4,초록마을로8길,171,28,143,0,33,39,38,42,19,0,3,4,6,6,9,0,30,35,32,36,10
2015_4,초록마을로3길,48,23,25,0,6,12,10,11,9,0,0,3,8,6,6,0,6,9,2,5,3
2015_4,월정로20길,2,1,1,0,0,0,1,1,0,0,0,0,0,1,0,0,0,0,1,0,0
2015_4,우장산로6길,352,218,134,7,19,64,101,127,34,7,7,38,64,79,23,0,12,26,37,48,11
2015_4,양천로73가길,1371,893,478,4,94,279,405,389,200,2,34,166,261,261,169,2,60,113,144,128,31
2015_4,양천로71길,220,133,87,0,30,73,57,37,23,0,11,54,28,21,19,0,19,19,29,16,4
2015_4,양천로49길,771,611,160,0,51,119,192,238,171,0,24,72,149,208,158,0,27,47,43,30,13
2015_4,양천로26길,105,46,59,0,12,21,35,25,12,0,8,5,13,11,9,0,4,16,22,14,3
2015_4,양천로24길,227,112,115,0,23,44,60,63,37,0,11,26,25,22,28,0,12,18,35,41,9
2015_4,양천로24가길,691,280,411,0,80,147,171,189,104,0,28,68,63,75,46,0,52,79,108,114,58
2015_4,양천로14길,324,200,124,0,15,47,86,86,90,0,5,30,54,53,58,0,10,17,32,33,32
2015_4,방화대로6라길,733,491,242,1,83,194,277,128,50,0,40,133,197,91,30,1,43,61,80,37,20
2015_4,방화대로21길,763,442,321,1,80,178,202,170,132,1,27,87,107,113,107,0,53,91,95,57,25
2015_4,등촌로5길,10,2,8,0,2,3,3,2,0,0,0,0,2,0,0,0,2,3,1,2,0
2015_4,등촌로55길,474,329,145,0,30,73,88,144,139,0,8,43,60,97,121,0,22,30,28,47,18
2015_4,등촌로51길,10,9,1,0,1,1,6,1,1,0,0,1,6,1,1,0,1,0,0,0,0
2015_4,등촌로39길,64,27,37,0,5,13,22,17,7,0,3,1,9,9,5,0,2,12,13,8,2
2015_4,등촌로13길,195,100,95,0,22,42,56,55,20,0,11,21,18,37,13,0,11,21,38,18,7
2015_4,남부순환로11길,430,313,117,0,51,119,146,85,29,0,25,91,107,66,24,0,26,28,39,19,5
2015_4,까치산로4길,127,46,81,0,9,31,28,36,23,0,2,13,10,17,4,0,7,18,18,19,19
2015_4,국회대로7길,355,215,140,0,52,98,100,74,31,0,30,55,59,48,23,0,22,43,41,26,8
2015_4,공항대로8길,177,76,101,1,15,36,49,49,27,0,7,23,21,16,9,1,8,13,28,33,18
2015_4,공항대로61길,250,158,92,1,40,108,65,25,11,1,16,73,40,19,9,0,24,35,25,6,2
2015_4,공항대로59다길,844,639,205,5,95,256,177,173,138,0,56,202,143,130,108,5,39,54,34,43,30
2015_4,공항대로59길,1093,698,395,4,153,220,294,255,167,2,72,124,186,179,135,2,81,96,108,76,32
2015_4,공항대로55길,901,643,258,2,225,298,186,120,70,1,119,219,155,96,53,1,106,79,31,24,17
2015_4,공항대로42길,8,5,3,0,0,0,2,4,2,0,0,0,2,1,2,0,0,0,0,3,0
2015_4,공항대로38길,246,127,119,0,30,55,70,60,31,0,6,27,45,28,21,0,24,28,25,32,10
2015_4,곰달래로60길,525,267,258,2,68,110,142,118,85,0,21,65,74,56,51,2,47,45,68,62,34
2015_4,곰달래로53길,60,18,42,0,11,11,24,9,5,0,2,3,6,3,4,0,9,8,18,6,1
2015_4,곰달래로47길,38,18,20,3,8,9,10,6,2,3,2,4,5,3,1,0,6,5,5,3,1
2015_4,곰달래로31길,7,6,1,0,0,1,6,0,0,0,0,1,5,0,0,0,0,0,1,0,0
2015_4,곰달래로25길,529,213,316,0,72,129,139,118,71,0,15,44,54,50,50,0,57,85,85,68,21
2015_4,개화동로25길,647,429,218,1,53,115,126,192,160,1,21,62,85,132,128,0,32,53,41,60,32
2015_4,개화동로23길,93,53,40,1,12,20,27,20,13,0,6,11,14,13,9,1,6,9,13,7,4
2015_4,강서로8길,120,75,45,0,23,32,28,29,8,0,16,25,15,15,4,0,7,7,13,14,4
2015_4,강서로5라길,277,156,121,1,24,64,105,64,19,1,12,41,56,34,12,0,12,23,49,30,7
2015_4,강서로5나길,112,63,49,0,14,21,23,25,29,0,5,11,16,13,18,0,9,10,7,12,11
2015_4,강서로5가길,45,26,19,0,4,10,8,16,7,0,4,9,4,6,3,0,0,1,4,10,4
2015_4,강서로47라길,78,42,36,0,6,16,30,19,7,0,2,10,16,8,6,0,4,6,14,11,1
2015_4,강서로47길,385,195,190,0,19,82,115,156,13,0,4,38,45,99,9,0,15,44,70,57,4
2015_4,강서로45다길,838,370,468,5,215,162,180,171,105,0,54,61,82,92,81,5,161,101,98,79,24
2015_4,강서로45길,126,59,67,0,20,21,29,36,20,0,5,12,12,15,15,0,15,9,17,21,5
2015_4,강서로35길,152,87,65,0,25,30,44,35,18,0,13,15,23,22,14,0,12,15,21,13,4
2015_4,강서로29길,292,166,126,1,34,65,91,72,29,1,12,42,57,38,16,0,22,23,34,34,13
2015_4,강서로18길,23,12,11,1,0,2,15,5,0,1,0,2,8,1,0,0,0,0,7,4,0
2015_4,강서로17가길,106,43,63,0,13,35,37,14,7,0,3,16,14,6,4,0,10,19,23,8,3
2015_4,강서로15길,262,151,111,15,24,60,74,59,30,14,11,38,36,29,23,1,13,22,38,30,7
2015_4,가로공원로80길,74,40,34,1,7,26,23,12,5,0,4,16,10,7,3,1,3,10,13,5,2
2015_4,가로공원로76가길,18,7,11,0,5,1,8,3,1,0,1,1,5,0,0,0,4,0,3,3,1
2015_4,화곡로4길,276,104,172,1,44,81,87,44,19,0,9,32,30,21,12,1,35,49,57,23,7
2015_4,화곡로3길,180,65,115,0,20,27,50,73,10,0,3,4,16,34,8,0,17,23,34,39,2
2015_4,지양로7길,219,67,152,0,34,48,65,64,8,0,11,11,14,27,4,0,23,37,51,37,4
2015_4,중앙로55길,365,187,178,0,33,87,137,85,23,0,13,42,66,47,19,0,20,45,71,38,4
2015_4,중앙로51길,124,69,55,0,10,25,38,37,14,0,4,13,20,23,9,0,6,12,18,14,5
2015_4,중앙로47길,103,20,83,0,13,11,23,28,28,0,1,5,6,5,3,0,12,6,17,23,25
2015_4,중앙로45길,156,49,107,0,18,25,41,47,25,0,4,11,11,14,9,0,14,14,30,33,16
2015_4,중앙로36길,2,2,0,0,0,0,0,0,2,0,0,0,0,0,2,0,0,0,0,0,0
2015_4,중앙로32길,569,267,302,1,102,117,130,124,95,0,44,77,59,44,43,1,58,40,71,80,52
2015_4,중앙로25길,263,81,182,0,31,55,80,89,8,0,10,15,21,29,6,0,21,40,59,60,2
2015_4,은행정로7길,469,151,318,0,57,57,103,149,103,0,16,24,43,40,28,0,41,33,60,109,75
2015_4,오목로5길,312,182,130,1,36,77,100,69,29,1,21,46,47,40,27,0,15,31,53,29,2
2015_4,오목로3길,452,427,25,0,5,15,60,223,149,0,2,13,49,216,147,0,3,2,11,7,2
2015_4,오목로30길,178,82,96,3,18,33,63,45,16,1,3,14,31,22,11,2,15,19,32,23,5
2015_4,오목로23길,736,402,334,6,104,208,191,144,83,6,47,125,99,73,52,0,57,83,92,71,31
2015_4,신월로20길,212,79,133,2,24,38,55,63,30,0,4,14,20,24,17,2,20,24,35,39,13
2015_4,신월로15길,783,363,420,5,140,148,209,186,95,2,50,69,88,85,69,3,90,79,121,101,26
2015_4,신목로6길,229,124,105,1,33,52,62,56,25,1,11,28,31,39,14,0,22,24,31,17,11
2015_4,신목로5길,901,328,573,3,101,186,293,227,91,0,24,80,95,79,50,3,77,106,198,148,41
2015_4,신목로2길,98,46,52,0,21,19,19,19,20,0,4,11,8,7,16,0,17,8,11,12,4
2015_4,목동중앙서로8가길,172,95,77,2,10,19,38,71,32,1,3,6,25,40,20,1,7,13,13,31,12
2015_4,목동중앙서로7길,243,82,161,2,26,53,58,73,31,1,7,21,23,17,13,1,19,32,35,56,18
2015_4,목동중앙북로8길,394,174,220,0,7,22,36,79,250,0,2,13,20,26,113,0,5,9,16,53,137
2015_4,목동중앙북로16길,268,84,184,0,37,76,79,58,18,0,5,26,27,17,9,0,32,50,52,41,9
2015_4,목동중앙본로7길,97,36,61,0,19,17,32,22,7,0,2,6,12,11,5,0,17,11,20,11,2
2015_4,목동중앙로3길,104,57,47,0,5,13,23,24,39,0,1,7,8,12,29,0,4,6,15,12,10
2015_4,목동중앙로13나길,258,190,68,0,40,101,56,39,22,0,24,72,44,29,21,0,16,29,12,10,1
2015_4,목동중앙남로3가길,570,387,183,3,54,134,132,187,60,1,25,80,79,157,45,2,29,54,53,30,15
2015_4,목동로9길,2432,1606,826,1,213,572,650,515,481,0,73,282,431,377,443,1,140,290,219,138,38
2015_4,목동로19길,1003,378,625,4,149,230,263,238,119,2,37,105,104,72,58,2,112,125,159,166,61
2015_4,목동동로12길,414,161,253,1,69,79,118,109,38,0,13,34,43,41,30,1,56,45,75,68,8
2015_4,목동남로4길,10,5,5,0,0,0,4,5,1,0,0,0,0,4,1,0,0,0,4,1,0
2015_4,남부순환로88길,327,139,188,0,31,59,119,88,30,0,6,24,41,46,22,0,25,35,78,42,8
2015_4,남부순환로79길,588,408,180,1,53,72,150,195,117,1,32,48,89,138,100,0,21,24,61,57,17
2015_4,남부순환로70길,670,468,202,2,34,73,172,197,192,1,11,28,106,146,176,1,23,45,66,51,16
2015_4,남부순환로58길,158,84,74,0,21,34,36,48,19,0,13,22,13,21,15,0,8,12,23,27,4
2015_4,남부순환로40길,22,12,10,0,0,5,11,3,3,0,0,3,6,1,2,0,0,2,5,2,1
2015_4,남부순환로33길,1144,900,244,1,38,87,123,143,752,1,15,48,51,80,705,0,23,39,72,63,47
2015_4,곰달래로5길,48,27,21,1,7,11,11,14,4,1,5,6,6,6,3,0,2,5,5,8,1
2015_4,곰달래로3길,411,217,194,0,23,86,155,111,36,0,11,49,78,54,25,0,12,37,77,57,11
2015_4,곰달래로2길,288,168,120,2,59,95,58,53,21,2,24,70,36,29,7,0,35,25,22,24,14
2015_4,곰달래로10길,320,238,82,0,19,44,74,112,71,0,7,28,48,87,68,0,12,16,26,25,3
2015_4,가로공원로58길,95,19,76,0,15,25,32,18,5,0,2,5,5,4,3,0,13,20,27,14,2
2015_4,효창원로93길,114,60,54,0,18,39,47,6,4,0,7,20,29,2,2,0,11,19,18,4,2
2015_4,토정로37길,122,46,76,1,14,27,31,29,20,0,2,11,13,7,13,1,12,16,18,22,7
2015_4,월드컵로8길,1516,866,650,4,194,375,304,202,437,2,49,173,178,102,362,2,145,202,126,100,75
2015_4,월드컵로7길,4,2,2,0,1,1,1,0,1,0,0,0,1,0,1,0,1,1,0,0,0
2015_4,월드컵로36길,116,32,84,0,16,21,23,33,23,0,0,5,7,11,9,0,16,16,16,22,14
2015_4,월드컵로25길,288,157,131,1,47,77,87,49,27,1,20,50,43,23,20,0,27,27,44,26,7
2015_4,월드컵로19길,404,171,233,1,64,106,80,79,74,0,22,55,42,24,28,1,42,51,38,55,46
2015_4,월드컵로16길,3859,1816,2043,44,1022,833,812,583,565,17,347,431,324,210,487,27,675,402,488,373,78
2015_4,월드컵로11길,195,71,124,1,62,51,48,20,13,1,19,25,11,8,7,0,43,26,37,12,6
2015_4,월드컵로10길,1770,981,789,9,481,542,360,264,114,3,149,304,256,186,83,6,332,238,104,78,31
2015_4,와우산로3길,143,87,56,2,29,41,44,23,4,1,14,22,30,16,4,1,15,19,14,7,0
2015_4,와우산로29길,140,70,70,0,39,40,40,11,10,0,17,19,25,5,4,0,22,21,15,6,6
2015_4,와우산로29가길,17,7,10,0,2,6,7,2,0,0,0,2,4,1,0,0,2,4,3,1,0
2015_4,양화진길,441,314,127,0,58,130,116,107,30,0,19,91,88,90,26,0,39,39,28,17,4
2015_4,양화로1길,4384,2299,2085,31,952,1871,1068,351,111,3,243,1012,753,230,58,28,709,859,315,121,53
2015_4,양화로11길,397,248,149,2,71,122,123,50,29,0,22,75,102,30,19,2,49,47,21,20,10
2015_4,신촌로30길,29,14,15,3,2,3,11,8,2,3,0,3,4,2,2,0,2,0,7,6,0
2015_4,신촌로28가길,113,48,65,0,9,30,29,27,18,0,1,7,12,15,13,0,8,23,17,12,5
2015_4,신촌로12길,1235,596,639,5,353,320,260,183,114,5,216,184,88,44,59,0,137,136,172,139,55
2015_4,숭문길,692,366,326,0,112,204,175,136,65,0,48,125,92,57,44,0,64,79,83,79,21
2015_4,숭문8길,115,68,47,0,11,23,37,35,9,0,1,8,28,24,7,0,10,15,9,11,2
2015_4,성지3길,500,278,222,2,94,134,137,72,61,1,31,73,79,48,46,1,63,61,58,24,15
2015_4,성산로4길,3415,2084,1331,24,571,1015,851,758,196,15,259,527,527,594,162,9,312,488,324,164,34
2015_4,성미산로32길,346,175,171,3,81,102,91,41,28,2,24,55,56,20,18,1,57,47,35,21,10
2015_4,성미산로1길,645,497,148,6,76,158,173,110,122,4,43,114,127,89,120,2,33,44,46,21,2
2015_4,성미산로11길,982,674,308,10,174,341,239,152,66,9,82,233,171,128,51,1,92,108,68,24,15
2015_4,백범로16길,578,316,262,79,184,131,88,73,23,47,78,68,53,54,16,32,106,63,35,19,7
2015_4,방울내로9안길,313,174,139,1,42,76,97,64,33,0,16,37,50,42,29,1,26,39,47,22,4
2015_4,모래내로7길,235,124,111,0,21,55,85,48,26,0,8,29,44,25,18,0,13,26,41,23,8
2015_4,매봉산로2길,1621,1096,525,3,322,679,424,161,32,3,156,482,321,116,18,0,166,197,103,45,14
2015_4,망원로2길,186,106,80,1,31,62,46,35,11,0,13,30,28,26,9,1,18,32,18,9,2
2015_4,망원로11길,968,529,439,6,123,306,252,173,108,0,39,189,150,90,61,6,84,117,102,83,47
2015_4,만리재옛길,1413,519,894,15,565,367,307,97,62,8,233,173,38,37,30,7,332,194,269,60,32
2015_4,마포대로4길,143,84,59,1,16,38,37,35,16,1,9,25,19,17,13,0,7,13,18,18,3
2015_4,마포대로20길,1113,594,519,3,216,331,311,177,75,0,68,175,194,117,40,3,148,156,117,60,35
2015_4,마포대로12길,68,36,32,0,2,14,21,19,12,0,2,8,10,8,8,0,0,6,11,11,4
2015_4,동교로38길,218,88,130,0,61,72,56,21,8,0,21,28,24,9,6,0,40,44,32,12,2
2015_4,동교로27길,3400,1613,1787,16,788,1109,610,591,286,5,242,642,387,206,131,11,546,467,223,385,155
2015_4,동교로25길,384,178,206,3,86,167,97,23,8,1,25,82,49,16,5,2,61,85,48,7,3
2015_4,동교로19길,4534,2892,1642,8,769,1108,1077,1025,547,2,304,743,804,664,375,6,465,365,273,361,172
2015_4,동교로17길,786,411,375,2,160,240,212,119,53,0,58,121,138,65,29,2,102,119,74,54,24
2015_4,독막로8길,329,156,173,0,55,97,91,63,23,0,20,45,47,28,16,0,35,52,44,35,7
2015_4,독막로32길,458,190,268,0,66,127,140,86,39,0,16,63,57,28,26,0,50,64,83,58,13
2015_4,독막로22길,73,40,33,0,13,20,15,18,7,0,3,10,8,14,5,0,10,10,7,4,2
2015_4,도화길,1004,488,516,1,183,223,224,197,176,0,57,110,131,90,100,1,126,113,93,107,76
2015_4,도화4길,350,114,236,1,51,67,87,86,58,0,9,19,22,24,40,1,42,48,65,62,18
2015_4,대흥로28길,55,46,9,0,7,23,18,6,1,0,4,22,15,4,1,0,3,1,3,2,0
2015_4,대흥로21길,506,107,399,2,66,113,194,74,57,1,20,31,25,12,18,1,46,82,169,62,39
2015_4,광성로6길,112,72,40,1,14,31,30,19,17,0,7,21,19,12,13,1,7,10,11,7,4
2015_4,홍제내길,99,59,40,0,15,29,20,29,6,0,4,21,15,15,4,0,11,8,5,14,2
2015_4,홍연길,88,55,33,0,9,21,28,19,11,0,5,18,16,10,6,0,4,3,12,9,5
2015_4,통일로39길,10,9,1,0,1,2,4,2,1,0,1,2,3,2,1,0,0,0,1,0,0
2015_4,통일로37길,342,130,212,2,50,79,84,76,51,0,11,25,35,33,26,2,39,54,49,43,25
2015_4,통일로11길,12,10,2,0,0,6,6,0,0,0,0,4,6,0,0,0,0,2,0,0,0
2015_4,충정로6길,15437,8539,6898,60,2544,5246,4982,2233,372,39,959,2672,3124,1456,289,21,1585,2574,1858,777,83
2015_4,충정로4길,2998,2018,980,6,498,1403,796,236,59,0,179,932,632,221,54,6,319,471,164,15,5
2015_4,증가로6길,205,77,128,0,21,49,47,52,36,0,5,24,23,20,5,0,16,25,24,32,31
2015_4,증가로23나길,422,212,210,7,87,138,100,57,33,2,45,68,45,28,24,5,42,70,55,29,9
2015_4,증가로20가길,259,99,160,0,39,55,72,70,23,0,9,16,25,35,14,0,30,39,47,35,9
2015_4,증가로10길,169,93,76,0,20,25,41,44,39,0,3,8,20,29,33,0,17,17,21,15,6
2015_4,응암로1길,325,237,88,0,10,42,90,131,52,0,4,25,65,103,40,0,6,17,25,28,12
2015_4,연희로10길,93,64,29,0,7,10,31,30,15,0,1,5,22,24,12,0,6,5,9,6,3
2015_4,신촌로37길,148,63,85,0,18,30,38,38,24,0,2,13,17,19,12,0,16,17,21,19,12
2015_4,수색로8길,2898,2789,109,0,10,24,44,201,2619,0,4,12,30,184,2559,0,6,12,14,17,60
2015_4,세무서길,338,123,215,0,52,74,100,73,39,0,9,27,37,27,23,0,43,47,63,46,16
2015_4,세검정로1길,278,171,107,0,44,71,72,51,40,0,20,42,50,28,31,0,24,29,22,23,9
2015_4,북아현로4길,432,109,323,0,49,66,106,128,83,0,11,26,23,24,25,0,38,40,83,104,58
2015_4,모래내로15길,81,20,61,0,4,11,26,26,14,0,1,1,5,6,7,0,3,10,21,20,7
2015_4,명지대길,342,239,103,0,33,41,73,106,89,0,11,24,44,84,76,0,22,17,29,22,13
2015_4,독립문로8길,730,281,449,1,168,203,155,138,65,0,44,77,78,50,32,1,124,126,77,88,33
2015_4,가재울로6길,10,7,3,0,0,1,6,1,2,0,0,1,5,0,1,0,0,0,1,1,1
2015_4,통일로92길,61,34,27,0,13,10,13,18,7,0,8,9,6,5,6,0,5,1,7,13,1
2015_4,통일로87길,233,124,109,1,28,53,76,55,20,1,7,32,39,29,16,0,21,21,37,26,4
2015_4,통일로78길,209,63,146,0,23,57,47,43,39,0,2,21,16,9,15,0,21,36,31,34,24
2015_4,진흥로1길,491,147,344,4,71,149,171,74,22,1,23,54,36,17,16,3,48,95,135,57,6
2015_4,진흥로12길,452,202,250,2,59,119,138,89,45,2,20,53,61,38,28,0,39,66,77,51,17
2015_4,증산서길,387,279,108,1,34,61,75,97,119,0,7,28,47,83,114,1,27,33,28,14,5
2015_4,증산로9길,98,36,62,0,12,36,24,24,2,0,5,15,8,7,1,0,7,21,16,17,1
2015_4,증산로5길,722,373,349,5,57,138,203,218,101,0,22,48,82,137,84,5,35,90,121,81,17
2015_4,증산로21길,258,171,87,0,28,32,51,79,68,0,9,12,31,58,61,0,19,20,20,21,7
2015_4,증산로17길,802,414,388,2,43,96,211,227,223,1,19,39,118,134,103,1,24,57,93,93,120
2015_4,증산로15길,196,74,122,0,21,37,53,49,36,0,2,15,17,23,17,0,19,22,36,26,19
2015_4,증산로13길,66,35,31,0,3,19,18,20,6,0,1,15,8,7,4,0,2,4,10,13,2
2015_4,응암로34길,104,63,41,3,13,19,30,29,10,1,11,13,13,16,9,2,2,6,17,13,1
2015_4,응암로22길,166,54,112,0,19,35,36,41,35,0,3,10,17,9,15,0,16,25,19,32,20
2015_4,응암로14길,336,104,232,2,66,77,113,56,22,1,14,20,36,20,13,1,52,57,77,36,9
2015_4,응암로13길,264,107,157,1,35,59,89,55,25,1,11,20,41,21,13,0,24,39,48,34,12
2015_4,응암로12길,212,97,115,0,32,56,61,41,22,0,9,28,28,19,13,0,23,28,33,22,9
2015_4,은평로8길,264,139,125,2,48,48,69,70,27,0,22,26,45,33,13,2,26,22,24,37,14
2015_4,은평로3길,294,84,210,0,40,69,94,63,28,0,10,19,20,17,18,0,30,50,74,46,10
2015_4,은평로20길,23,9,14,0,2,4,12,4,1,0,1,1,4,2,1,0,1,3,8,2,0
2015_4,은평로13길,481,309,172,1,61,108,142,105,64,1,26,64,89,77,52,0,35,44,53,28,12
2015_4,은평로10길,305,186,119,1,34,97,85,51,37,1,17,65,45,28,30,0,17,32,40,23,7
2015_4,연서로5길,57,22,35,0,4,19,17,12,5,0,0,10,4,6,2,0,4,9,13,6,3
2015_4,연서로41길,231,65,166,0,19,59,78,58,17,0,3,13,16,21,12,0,16,46,62,37,5
2015_4,연서로3길,104,39,65,0,11,21,26,37,9,0,7,9,10,9,4,0,4,12,16,28,5
2015_4,연서로34길,132,40,92,0,25,35,34,32,6,0,3,14,7,12,4,0,22,21,27,20,2
2015_4,연서로33길,28,8,20,0,4,7,9,7,1,0,0,0,3,4,1,0,4,7,6,3,0
2015_4,연서로29길,325,119,206,3,37,78,86,90,31,3,14,29,26,32,15,0,23,49,60,58,16
2015_4,연서로28길,753,343,410,3,115,149,177,177,132,1,37,79,94,62,70,2,78,70,83,115,62
2015_4,연서로27길,65,29,36,1,13,10,20,14,7,0,1,4,9,10,5,1,12,6,11,4,2
2015_4,연서로21길,335,208,127,1,33,85,120,72,24,1,14,62,65,48,18,0,19,23,55,24,6
2015_4,연서로17길,1034,325,709,2,156,207,277,256,136,0,46,97,85,49,48,2,110,110,192,207,88
2015_4,연서로16길,293,108,185,2,63,94,59,50,25,1,13,38,21,22,13,1,50,56,38,28,12
2015_4,연서로13길,700,228,472,8,107,176,217,161,31,0,38,71,74,28,17,8,69,105,143,133,14
2015_4,연서로11길,193,94,99,0,15,39,74,54,11,0,5,21,35,28,5,0,10,18,39,26,6
2015_4,역말로9길,21,18,3,0,0,7,9,4,1,0,0,7,8,3,0,0,0,0,1,1,1
2015_4,수색로18길,24,13,11,0,0,8,8,3,5,0,0,4,5,1,3,0,0,4,3,2,2
2015_4,서오릉로8길,29,12,17,0,6,7,4,6,6,0,0,2,1,5,4,0,6,5,3,1,2
2015_4,서오릉로21길,476,152,324,1,31,85,119,96,144,1,9,24,41,27,50,0,22,61,78,69,94
2015_4,불광천길,167,82,85,1,17,31,40,49,29,0,7,17,21,21,16,1,10,14,19,28,13
2015_4,갈현로7길,977,269,708,0,187,253,232,221,84,0,53,85,57,51,23,0,134,168,175,170,61
2015_4,갈현로41길,92,38,54,1,9,28,20,23,11,0,5,12,8,10,3,1,4,16,12,13,8
2015_4,갈현로33길,35,8,27,1,11,5,10,6,2,0,2,1,3,1,1,1,9,4,7,5,1
2015_4,갈현로1길,131,56,75,0,7,24,39,35,26,0,6,14,10,9,17,0,1,10,29,26,9
2015_4,가좌로7길,53,22,31,0,6,10,15,11,11,0,1,3,4,4,10,0,5,7,11,7,1
2015_4,한글비석로44길,456,251,205,2,43,75,105,150,81,0,18,36,46,88,63,2,25,39,59,62,18
2015_4,한글비석로24길,387,155,232,1,24,52,91,140,79,1,4,26,41,51,32,0,20,26,50,89,47
2015_4,한글비석로22길,705,298,407,0,57,147,196,213,92,0,16,83,78,78,43,0,41,64,118,135,49
2015_4,석계로1길,112,69,43,0,11,22,34,37,8,0,7,9,23,23,7,0,4,13,11,14,1
2015_4,상계로9가길,347,99,248,1,32,42,97,109,66,0,9,15,25,27,23,1,23,27,72,82,43
2015_4,상계로12길,13,9,4,0,0,0,6,7,0,0,0,0,5,4,0,0,0,0,1,3,0
2015_4,동일로242길,492,373,119,0,8,47,105,72,260,0,1,29,61,52,230,0,7,18,44,20,30
2015_4,동일로192길,462,223,239,4,52,59,116,140,91,2,29,38,54,48,52,2,23,21,62,92,39
2015_4,동일로173가길,2408,1352,1056,8,272,530,657,582,359,7,97,373,364,237,274,1,175,157,293,345,85
2015_4,공릉로58길,103,45,58,0,5,15,33,29,21,0,3,9,16,9,8,0,2,6,17,20,13
2015_4,해등로16길,79,64,15,0,7,30,22,14,6,0,3,25,19,12,5,0,4,5,3,2,1
2015_4,우이천로4다길,195,111,84,3,17,33,62,54,26,3,7,18,29,35,19,0,10,15,33,19,7
2015_4,우이천로32길,96,46,50,0,13,18,37,22,6,0,1,15,13,12,5,0,12,3,24,10,1
2015_4,시루봉로23길,39,18,21,0,7,5,14,10,3,0,1,1,6,8,2,0,6,4,8,2,1
2015_4,삼양로144길,60,43,17,1,5,13,20,14,7,1,5,6,14,10,7,0,0,7,6,4,0
2015_4,방학로6가길,162,87,75,0,19,35,54,31,23,0,8,19,26,16,18,0,11,16,28,15,5
2015_4,방학로5길,119,73,46,2,11,15,29,37,25,1,6,14,18,19,15,1,5,1,11,18,10
2015_4,방학로15길,346,219,127,1,17,38,88,123,79,0,6,18,46,81,68,1,11,20,42,42,11
2015_4,방학로10길,121,49,72,0,17,11,25,41,27,0,9,3,9,15,13,0,8,8,16,26,14
2015_4,도봉산4길,326,287,39,1,6,26,100,142,51,1,3,22,92,123,46,0,3,4,8,19,5
2015_4,도봉로181길,216,98,118,0,19,35,58,60,44,0,7,17,26,24,24,0,12,18,32,36,20
2015_4,도봉로169나길,282,127,155,0,34,47,75,74,52,0,8,18,45,29,27,0,26,29,30,45,25
2015_4,도봉로156길,269,140,129,4,30,68,71,60,36,1,16,35,37,29,22,3,14,33,34,31,14
2015_4,도봉로152가길,452,395,57,0,20,41,79,190,122,0,11,28,64,178,114,0,9,13,15,12,8
2015_4,도봉로147길,578,337,241,1,52,121,161,175,68,0,31,81,107,91,27,1,21,40,54,84,41
2015_4,도봉로114길,465,162,303,1,90,120,109,110,35,1,10,42,43,47,19,0,80,78,66,63,16
2015_4,도봉로109길,18,6,12,0,4,6,4,1,3,0,0,2,1,0,3,0,4,4,3,1,0
2015_4,도당로29길,903,537,366,11,188,222,219,197,66,11,87,137,109,139,54,0,101,85,110,58,12
2015_4,도당로19길,162,74,88,0,19,31,63,40,9,0,7,18,25,19,5,0,12,13,38,21,4
2015_4,도당로13바길,213,77,136,1,30,42,64,52,24,0,6,24,16,19,12,1,24,18,48,33,12
2015_4,도당로13가길,144,63,81,0,15,26,54,31,18,0,5,11,25,12,10,0,10,15,29,19,8
2015_4,덕릉로60길,54,27,27,0,2,10,25,14,3,0,0,5,11,9,2,0,2,5,14,5,1
2015_4,노해로63다길,556,228,328,2,83,146,142,128,55,1,20,78,62,37,30,1,63,68,80,91,25
2015_4,노해로60길,305,130,175,4,37,76,90,77,21,1,10,34,31,42,12,3,27,42,59,35,9
2015_4,한천로140길,93,45,48,1,5,13,24,25,25,0,2,5,10,15,13,1,3,8,14,10,12
2015_4,한천로139가길,54,29,25,0,5,14,20,9,6,0,2,10,10,5,2,0,3,4,10,4,4
2015_4,한천로132길,293,110,183,3,49,68,60,74,39,0,7,35,21,28,19,3,42,33,39,46,20
2015_4,한천로130길,287,131,156,0,40,69,100,64,14,0,11,33,50,26,11,0,29,36,50,38,3
2015_4,한천로124나길,88,41,47,0,6,20,28,24,10,0,4,7,9,13,8,0,2,13,19,11,2
2015_4,한천로109길,616,282,334,11,99,148,162,143,53,7,37,70,80,61,27,4,62,78,82,82,26
2015_4,인수봉로79길,171,37,134,0,21,52,44,43,11,0,4,7,11,9,6,0,17,45,33,34,5
2015_4,인수봉로72길,93,48,45,0,15,17,16,21,24,0,2,11,8,10,17,0,13,6,8,11,7
2015_4,인수봉로56길,12,1,11,0,1,5,5,0,1,0,0,1,0,0,0,0,1,4,5,0,1
2015_4,오패산로67길,537,282,255,3,59,125,122,134,94,3,20,70,63,79,47,0,39,55,59,55,47
2015_4,오패산로52길,87,26,61,0,14,18,27,18,10,0,1,6,5,8,6,0,13,12,22,10,4
2015_4,수유로12길,260,168,92,4,28,74,70,44,40,1,12,50,45,28,32,3,16,24,25,16,8
2015_4,솔샘로65길,546,237,309,5,59,133,165,125,59,1,11,46,66,66,47,4,48,87,99,59,12
2015_4,솔매로50길,694,269,425,3,89,191,214,144,53,2,18,57,79,69,44,1,71,134,135,75,9
2015_4,솔매로45길,221,97,124,0,16,40,64,75,26,0,5,16,31,33,12,0,11,24,33,42,14
2015_4,솔매로41길,76,16,60,1,11,15,23,19,7,0,1,4,5,2,4,1,10,11,18,17,3
2015_4,삼양로93길,17,4,13,0,0,2,9,6,0,0,0,0,2,2,0,0,0,2,7,4,0
2015_4,삼양로77길,401,137,264,0,46,76,119,102,58,0,17,35,43,24,18,0,29,41,76,78,40
2015_4,삼양로54길,6,3,3,0,0,2,1,3,0,0,0,1,0,2,0,0,0,1,1,1,0
2015_4,삼양로41길,342,167,175,0,33,71,126,86,26,0,16,34,65,37,15,0,17,37,61,49,11
2015_4,삼양로24길,78,36,42,0,9,9,22,24,14,0,2,6,12,8,8,0,7,3,10,16,6
2015_4,삼양로20길,133,49,84,0,17,30,47,29,10,0,2,11,17,11,8,0,15,19,30,18,2
2015_4,삼각산로28길,669,373,296,5,67,122,129,190,156,4,28,61,61,108,111,1,39,61,68,82,45
2015_4,도봉로99길,162,92,70,0,16,42,53,34,17,0,3,27,31,23,8,0,13,15,22,11,9
2015_4,도봉로8길,271,187,84,0,49,81,75,44,22,0,38,67,51,18,13,0,11,14,24,26,9
2015_4,도봉로76길,379,194,185,0,45,61,76,86,111,0,18,33,38,42,63,0,27,28,38,44,48
2015_4,도봉로67길,5,3,2,0,0,0,4,1,0,0,0,0,2,1,0,0,0,0,2,0,0
2015_4,도봉로45길,151,97,54,0,13,29,46,29,34,0,10,18,26,15,28,0,3,11,20,14,6
2015_4,도봉로18길,367,175,192,0,26,80,110,97,54,0,14,44,50,39,28,0,12,36,60,58,26
2015_4,도봉로13길,31,12,19,0,0,4,11,12,4,0,0,1,3,4,4,0,0,3,8,8,0
2015_4,덕릉로41길,717,595,122,0,72,206,211,206,22,0,54,170,185,174,12,0,18,36,26,32,10
2015_4,덕릉로40길,915,701,214,4,63,114,272,327,135,2,39,77,215,267,101,2,24,37,57,60,34
2015_4,노해로33길,32,13,19,0,9,6,8,8,1,0,1,1,5,5,1,0,8,5,3,3,0
2015_4,노해로17길,268,132,136,0,40,48,60,77,43,0,13,32,40,34,13,0,27,16,20,43,30
2015_4,화랑로40길,161,82,79,1,23,42,43,36,16,0,6,18,24,20,14,1,17,24,19,16,2
2015_4,화랑로32길,412,287,125,5,71,146,124,52,14,0,22,118,93,49,5,5,49,28,31,3,9
2015_4,화랑로1길,201,108,93,0,21,36,45,71,28,0,7,15,26,48,12,0,14,21,19,23,16
2015_4,화랑로19길,437,221,216,1,43,120,151,91,31,1,16,61,81,46,16,0,27,59,70,45,15
2015_4,화랑로14길,44,20,24,0,2,9,20,10,3,0,1,3,10,4,2,0,1,6,10,6,1
2015_4,화랑로13길,91,44,47,0,16,25,31,16,3,0,7,11,13,10,3,0,9,14,18,6,0
2015_4,한천로76길,133,77,56,0,6,23,44,40,20,0,1,17,28,21,10,0,5,6,16,19,10
2015_4,한천로101가길,61,36,25,1,4,11,22,17,6,0,2,6,14,10,4,1,2,5,8,7,2
2015_4,창경궁로43길,28,14,14,0,3,6,9,8,2,0,1,4,5,3,1,0,2,2,4,5,1
2015_4,지봉로20길,92,54,38,0,10,16,28,27,11,0,9,8,15,13,9,0,1,8,13,14,2
2015_4,종암로5길,109,76,33,0,9,34,39,19,8,0,8,28,28,7,5,0,1,6,11,12,3
2015_4,종암로24가길,282,151,131,2,53,73,69,66,19,1,24,33,37,41,15,1,29,40,32,25,4
2015_4,종암로21길,131,52,79,1,17,25,47,28,13,0,2,9,22,10,9,1,15,16,25,18,4
2015_4,종암로19길,370,103,267,1,77,72,97,92,31,0,9,28,33,18,15,1,68,44,64,74,16
2015_4,종암로16길,77,36,41,0,8,20,24,15,10,0,2,11,11,3,9,0,6,9,13,12,1
2015_4,정릉로8길,204,118,86,0,40,60,41,37,26,0,15,36,22,22,23,0,25,24,19,15,3
2015_4,정릉로27길,223,90,133,0,41,50,55,46,31,0,12,19,28,16,15,0,29,31,27,30,16
2015_4,장위로50길,956,527,429,1,86,159,223,257,230,0,31,98,120,141,137,1,55,61,103,116,93
2015_4,장월로1길,419,184,235,6,63,100,110,89,51,5,25,64,35,32,23,1,38,36,75,57,28
2015_4,인촌로6길,2258,1187,1071,6,272,420,538,484,538,1,93,249,211,265,368,5,179,171,327,219,170
2015_4,인촌로5길,25,6,19,0,2,2,10,9,2,0,0,1,2,2,1,0,2,1,8,7,1
2015_4,인촌로24길,171,114,57,1,28,71,39,20,12,0,17,59,28,7,3,1,11,12,11,13,9
2015_4,개운사길,3066,1943,1123,4,353,914,909,663,223,3,116,460,644,539,181,1,237,454,265,124,42
2015_4,인촌로1길,140,97,43,1,17,41,46,23,12,0,9,27,35,17,9,1,8,14,11,6,3
2015_4,인촌로17가길,3124,1198,1926,0,905,1050,719,380,70,0,163,384,363,226,62,0,742,666,356,154,8
2015_4,오패산로4길,576,180,396,8,102,137,145,113,71,2,23,48,46,32,29,6,79,89,99,81,42
2015_4,오패산로3길,1176,692,484,9,191,318,350,194,114,2,81,197,233,119,60,7,110,121,117,75,54
2015_4,오패산로19길,47,15,32,0,10,16,16,3,2,0,0,7,6,0,2,0,10,9,10,3,0
2015_4,안암로5길,568,345,223,0,98,139,153,111,67,0,32,79,99,80,55,0,66,60,54,31,12
2015_4,아리랑로4길,628,238,390,0,61,91,180,185,111,0,25,39,69,54,51,0,36,52,111,131,60
2015_4,솔샘로6길,149,65,84,1,30,34,41,33,10,0,8,20,16,16,5,1,22,14,25,17,5
2015_4,성북로8길,45,23,22,0,14,13,8,4,6,0,4,6,6,3,4,0,10,7,2,1,2
2015_4,삼양로8길,77,39,38,3,21,17,21,10,5,0,9,9,12,5,4,3,12,8,9,5,1
2015_4,삼선교로16가길,675,400,275,0,170,100,170,176,59,0,72,52,117,121,38,0,98,48,53,55,21
2015_4,삼선교로10다길,96,33,63,0,12,20,21,28,15,0,1,11,10,9,2,0,11,9,11,19,13
2015_4,삼선교로10길,231,101,130,0,32,62,79,45,13,0,5,24,32,29,11,0,27,38,47,16,2
2015_4,보문로32길,948,396,552,0,245,190,260,192,61,0,16,89,145,109,37,0,229,101,115,83,24
2015_4,보문로31길,789,296,493,0,171,175,193,175,75,0,52,81,70,53,40,0,119,94,123,122,35
2015_4,보문로13길,774,441,333,0,12,26,59,99,578,0,5,9,25,41,361,0,7,17,34,58,217
2015_4,보국문로16길,292,202,90,1,15,27,58,141,50,0,2,13,44,107,36,1,13,14,14,34,14
2015_4,동소문로26가길,241,132,109,0,46,77,53,32,33,0,17,50,37,12,16,0,29,27,16,20,17
2015_4,동소문로15길,61,28,33,0,5,21,22,8,5,0,1,11,10,2,4,0,4,10,12,6,1
2015_4,동소문로13길,841,478,363,2,85,138,153,213,250,1,35,88,102,128,124,1,50,50,51,85,126
2015_4,돌곶이로8길,203,112,91,0,23,62,44,53,21,0,8,24,27,37,16,0,15,38,17,16,5
2015_4,돌곶이로41길,47,21,26,0,8,11,13,14,1,0,2,5,6,7,1,0,6,6,7,7,0
2015_4,돌곶이로28길,142,83,59,0,20,33,48,28,13,0,11,23,27,14,8,0,9,10,21,14,5
2015_4,돌곶이로27길,53,30,23,0,5,9,19,17,3,0,0,5,10,12,3,0,5,4,9,5,0
2015_4,돌곶이로22길,103,51,52,0,13,31,29,23,7,0,3,19,14,11,4,0,10,12,15,12,3
2015_4,길음로7길,12,8,4,0,1,5,3,1,2,0,1,4,2,0,1,0,0,1,1,1,1
2015_4,중랑천로10길,677,364,313,11,144,145,204,123,50,4,65,76,118,70,31,7,79,69,86,53,19
2015_4,용마산로94길,452,279,173,0,96,36,142,132,46,0,45,25,85,88,36,0,51,11,57,44,10
2015_4,용마산로118길,534,258,276,0,62,140,148,101,83,0,16,66,62,51,63,0,46,74,86,50,20
2015_4,용마산로112길,277,131,146,0,40,63,68,65,41,0,12,30,27,30,32,0,28,33,41,35,9
2015_4,용마산로100길,471,331,140,0,43,58,83,156,131,0,8,27,48,128,120,0,35,31,35,28,11
2015_4,신내로7가길,281,75,206,0,36,59,95,66,25,0,5,14,24,20,12,0,31,45,71,46,13
2015_4,사가정로54길,98,32,66,0,24,26,17,25,6,0,3,8,6,10,5,0,21,18,11,15,1
2015_4,사가정로42길,60,22,38,0,4,9,19,17,11,0,0,3,6,7,6,0,4,6,13,10,5
2015_4,봉화산로56길,591,158,433,0,78,91,151,190,81,0,35,42,41,30,10,0,43,49,110,160,71
2015_4,봉화산로4길,358,127,231,0,24,56,107,125,46,0,6,21,36,36,28,0,18,35,71,89,18
2015_4,봉화산로30길,392,246,146,0,28,61,118,126,59,0,7,39,68,86,46,0,21,22,50,40,13
2015_4,봉우재로33길,62,23,39,0,12,10,18,13,9,0,4,3,6,4,6,0,8,7,12,9,3
2015_4,면목로78길,291,171,120,1,30,61,88,76,35,1,11,38,54,42,25,0,19,23,34,34,10
2015_4,면목로56길,223,167,56,0,14,30,59,75,45,0,1,16,42,67,41,0,13,14,17,8,4
2015_4,면목로55길,457,143,314,1,39,80,113,149,75,0,6,29,35,44,29,1,33,51,78,105,46
2015_4,면목로49길,503,162,341,0,189,183,86,36,9,0,26,68,43,18,7,0,163,115,43,18,2
2015_4,면목로48길,104,57,47,0,16,28,32,19,9,0,8,19,14,11,5,0,8,9,18,8,4
2015_4,면목로45길,90,36,54,0,16,24,21,17,12,0,6,6,7,8,9,0,10,18,14,9,3
2015_4,면목로33길,450,168,282,4,53,98,125,124,46,4,15,39,50,37,23,0,38,59,75,87,23
2015_4,면목로21길,27,22,5,0,6,1,8,12,0,0,5,1,5,11,0,0,1,0,3,1,0
2015_4,망우로73길,9,4,5,0,0,0,5,3,1,0,0,0,2,1,1,0,0,0,3,2,0
2015_4,망우로68길,74,30,44,1,14,13,18,20,8,0,1,5,4,15,5,1,13,8,14,5,3
2015_4,동일로163길,126,85,41,0,8,28,51,29,10,0,5,21,31,22,6,0,3,7,20,7,4
2015_4,동일로157길,193,95,98,0,34,53,50,38,18,0,7,29,28,19,12,0,27,24,22,19,6
2015_4,동일로149길,1124,823,301,0,148,309,320,306,41,0,90,211,254,239,29,0,58,98,66,67,12
2015_4,동일로140길,220,85,135,0,25,47,61,64,23,0,8,18,26,22,11,0,17,29,35,42,12
2015_4,동일로139길,73,40,33,0,2,12,32,18,9,0,0,7,19,11,3,0,2,5,13,7,6
2015_4,동일로139가길,1126,665,461,2,116,246,234,177,351,2,48,140,132,88,255,0,68,106,102,89,96
2015_4,동일로130길,96,22,74,0,9,21,37,21,8,0,4,5,3,3,7,0,5,16,34,18,1
2015_4,동일로123길,169,93,76,0,27,34,46,33,29,0,11,23,21,17,21,0,16,11,25,16,8
2015_4,동일로112길,171,73,98,0,20,26,48,54,23,0,3,12,17,27,14,0,17,14,31,27,9
2015_4,동일로101길,323,128,195,1,40,60,86,94,42,0,11,23,39,33,22,1,29,37,47,61,20
2015_4,동일로100길,38,18,20,0,6,7,13,8,4,0,1,4,6,5,2,0,5,3,7,3,2
2015_4,답십리로75길,88,48,40,1,7,21,37,14,8,0,2,8,23,9,6,1,5,13,14,5,2
2015_4,공릉로2길,627,304,323,7,99,153,163,139,66,6,24,79,81,71,43,1,75,74,82,68,23
2015_4,공릉로12가길,39,26,13,0,3,5,16,9,6,0,0,4,12,6,4,0,3,1,4,3,2
2015_4,겸재로54길,116,65,51,0,11,28,30,30,17,0,6,18,17,15,9,0,5,10,13,15,8
2015_4,겸재로36길,284,224,60,0,22,38,59,102,63,0,8,27,45,84,60,0,14,11,14,18,3
2015_4,겸재로29길,452,190,262,1,46,109,125,114,57,0,15,38,56,49,32,1,31,71,69,65,25
2015_4,휘경로3길,226,124,102,0,47,64,59,38,18,0,16,37,36,22,13,0,31,27,23,16,5
2015_4,휘경로2길,7,2,5,0,2,2,2,1,0,0,0,0,1,1,0,0,2,2,1,0,0
2015_4,휘경로23길,15,0,15,0,1,1,9,4,0,0,0,0,0,0,0,0,1,1,9,4,0
2015_4,휘경로14길,101,42,59,0,7,6,23,15,50,0,2,4,15,4,17,0,5,2,8,11,33
2015_4,한천로46길,387,121,266,3,46,68,142,100,28,2,9,18,47,31,14,1,37,50,95,69,14
2015_4,한천로40길,278,149,129,1,26,52,84,87,28,0,6,27,43,53,20,1,20,25,41,34,8
2015_4,한천로33길,70,31,39,0,17,14,12,13,14,0,6,10,6,5,4,0,11,4,6,8,10
2015_4,한천로14길,610,374,236,0,63,156,179,143,69,0,33,108,110,81,42,0,30,48,69,62,27
2015_4,천호대로97길,328,206,122,0,48,76,90,78,36,0,18,52,52,56,28,0,30,24,38,22,8
2015_4,천호대로77길,2002,1019,983,11,195,372,415,532,477,4,83,196,244,235,257,7,112,176,171,297,220
2015_4,천호대로45길,171,107,64,0,10,25,38,54,44,0,3,16,23,34,31,0,7,9,15,20,13
2015_4,천호대로17길,2060,1287,773,11,270,464,406,412,497,6,107,276,252,261,385,5,163,188,154,151,112
2015_4,천호대로12길,817,541,276,3,153,231,210,164,56,2,91,150,146,115,37,1,62,81,64,49,19
2015_4,천장산로7길,1427,887,540,0,126,376,431,395,99,0,50,180,281,291,85,0,76,196,150,104,14
2015_4,제기로5길,196,103,93,0,18,38,59,52,29,0,13,30,26,22,12,0,5,8,33,30,17
2015_4,제기로21길,216,138,78,3,23,40,73,57,20,0,9,22,53,45,9,3,14,18,20,12,11
2015_4,전농로4길,656,427,229,0,99,162,192,135,68,0,53,123,121,86,44,0,46,39,71,49,24
2015_4,전농로3길,96,44,52,2,24,14,28,22,6,2,9,9,12,9,3,0,15,5,16,13,3
2015_4,전농로29길,307,148,159,4,35,84,104,59,21,3,13,43,44,33,12,1,22,41,60,26,9
2015_4,장한로8길,804,482,322,1,94,181,231,204,93,0,28,96,143,138,77,1,66,85,88,66,16
2015_4,장한로5길,2857,1991,866,25,621,795,720,494,202,7,326,562,543,396,157,18,295,233,177,98,45
2015_4,장한로27길,170,49,121,0,51,50,28,26,15,0,7,23,12,2,5,0,44,27,16,24,10
2015_4,장한로27가길,394,197,197,1,30,76,104,137,46,1,15,46,56,62,17,0,15,30,48,75,29
2015_4,장한로26길,568,289,279,2,79,138,136,139,74,0,21,77,69,70,52,2,58,61,67,69,22
2015_4,장한로26가길,389,170,219,0,63,75,76,104,71,0,20,46,30,40,34,0,43,29,46,64,37
2015_4,장한로25길,1000,428,572,5,160,258,267,208,102,0,41,104,127,96,60,5,119,154,140,112,42
2015_4,장한로14길,187,158,29,0,4,14,46,77,46,0,1,7,34,72,44,0,3,7,12,5,2
2015_4,이문로42길,235,87,148,0,38,54,67,58,18,0,5,15,33,22,12,0,33,39,34,36,6
2015_4,왕산로43길,990,489,501,4,197,278,233,187,91,0,56,154,125,95,59,4,141,124,108,92,32
2015_4,왕산로33길,175,121,54,0,5,37,56,42,35,0,4,26,47,19,25,0,1,11,9,23,10
2015_4,왕산로32길,12,8,4,0,0,2,4,3,3,0,0,1,2,3,2,0,0,1,2,0,1
2015_4,약령시로17길,260,137,123,2,32,43,74,66,43,1,19,22,37,37,21,1,13,21,37,29,22
2015_4,서울시립대로4길,805,501,304,9,151,177,216,177,75,8,79,118,158,97,41,1,72,59,58,80,34
2015_4,서울시립대로29길,234,135,99,1,33,45,64,54,37,0,14,29,40,26,26,1,19,16,24,28,11
2015_4,서울시립대로16길,139,34,105,0,18,34,46,27,14,0,2,8,16,6,2,0,16,26,30,21,12
2015_4,사가정로2길,81,66,15,0,12,21,19,14,15,0,10,19,15,12,10,0,2,2,4,2,5
2015_4,사가정로23가길,116,69,47,1,16,45,20,21,13,0,8,29,7,13,12,1,8,16,13,8,1
2015_4,사가정로13길,303,115,188,0,52,89,83,56,23,0,10,31,36,21,17,0,42,58,47,35,6
2015_4,무학로45길,407,229,178,0,79,115,97,74,42,0,24,68,63,50,24,0,55,47,34,24,18
2015_4,무학로16길,1106,982,124,4,66,293,370,250,123,0,35,253,334,241,119,4,31,40,36,9,4
2015_4,망우로21길,187,106,81,2,27,38,37,41,42,1,7,16,18,28,36,1,20,22,19,13,6
2015_4,망우로18길,529,216,313,1,122,166,149,66,25,0,38,58,81,28,11,1,84,108,68,38,14
2015_4,망우로18가길,63,24,39,0,9,12,21,12,9,0,3,6,8,2,5,0,6,6,13,10,4
2015_4,답십리로72길,14,11,3,0,0,3,4,7,0,0,0,2,3,6,0,0,0,1,1,1,0
2015_4,답십리로69길,854,385,469,1,142,217,213,186,95,1,45,108,93,73,65,0,97,109,120,113,30
2015_4,답십리로68길,172,109,63,1,22,28,56,46,19,1,14,20,34,27,13,0,8,8,22,19,6
2015_4,답십리로64길,334,200,134,2,66,88,98,56,24,1,28,57,71,31,12,1,38,31,27,25,12
2015_4,답십리로63길,109,65,44,0,13,22,41,28,5,0,8,11,28,13,5,0,5,11,13,15,0
2015_4,답십리로60길,9,4,5,0,0,1,5,2,1,0,0,1,1,2,0,0,0,0,4,0,1
2015_4,답십리로56길,8,6,2,0,0,3,4,1,0,0,0,3,2,1,0,0,0,0,2,0,0
2015_4,답십리로23길,5,4,1,0,0,1,3,1,0,0,0,1,2,1,0,0,0,0,1,0,0
2015_4,난계로30길,165,119,46,5,16,33,34,38,39,0,13,25,25,23,33,5,3,8,9,15,6
2015_4,경희대로3길,268,165,103,0,78,98,54,35,3,0,29,55,47,31,3,0,49,43,7,4,0
2015_4,천호대로129길,200,65,135,1,24,34,78,44,19,1,6,6,26,17,9,0,18,28,52,27,10
2015_4,천호대로123길,369,156,213,0,40,67,97,127,38,0,12,29,45,55,15,0,28,38,52,72,23
2015_4,천호대로109길,1236,696,540,2,206,295,353,259,121,0,98,158,196,155,89,2,108,137,157,104,32
2015_4,자양번영로3길,94,38,56,0,11,11,28,33,11,0,3,3,12,14,6,0,8,8,16,19,5
2015_4,자양로50길,20,5,15,0,7,3,3,4,3,0,0,1,0,2,2,0,7,2,3,2,1
2015_4,자양로45길,540,295,245,3,93,142,159,100,43,1,34,91,97,47,25,2,59,51,62,53,18
2015_4,자양로26길,328,107,221,1,38,66,97,82,44,0,5,18,38,28,18,1,33,48,59,54,26
2015_4,자양로15길,435,249,186,0,26,88,82,123,116,0,8,47,50,66,78,0,18,41,32,57,38
2015_4,자양로11길,1328,671,657,13,253,298,341,264,159,4,66,153,208,149,91,9,187,145,133,115,68
2015_4,용마산로3길,806,444,362,0,119,191,217,180,99,0,53,116,97,100,78,0,66,75,120,80,21
2015_4,용마산로21길,149,60,89,0,18,28,53,38,12,0,5,9,23,14,9,0,13,19,30,24,3
2015_4,아차산로78길,1608,979,629,21,199,394,418,368,208,13,98,286,248,201,133,8,101,108,170,167,75
2015_4,아차산로65길,705,460,245,1,108,195,202,149,50,0,43,120,148,111,38,1,65,75,54,38,12
2015_4,아차산로55길,459,231,228,1,118,118,93,83,46,1,30,66,57,48,29,0,88,52,36,35,17
2015_4,아차산로51길,272,149,123,0,32,72,87,53,28,0,15,39,51,29,15,0,17,33,36,24,13
2015_4,아차산로40길,497,285,212,4,122,113,119,79,60,1,54,55,74,51,50,3,68,58,45,28,10
2015_4,면목로17길,230,146,84,0,39,45,62,53,31,0,13,26,40,42,25,0,26,19,22,11,6
2015_4,뚝섬로64길,400,232,168,1,33,58,105,101,102,1,9,25,55,59,83,0,24,33,50,42,19
2015_4,뚝섬로58길,198,71,127,0,13,46,62,65,12,0,5,10,23,25,8,0,8,36,39,40,4
2015_4,뚝섬로54길,148,87,61,0,21,37,52,24,14,0,10,25,26,16,10,0,11,12,26,8,4
2015_4,뚝섬로48길,835,371,464,8,126,209,226,176,90,7,42,89,101,78,54,1,84,120,125,98,36
2015_4,뚝섬로24길,106,38,68,0,16,20,23,39,8,0,3,5,5,20,5,0,13,15,18,19,3
2015_4,뚝섬로23길,100,63,37,0,10,21,29,24,16,0,4,12,15,17,15,0,6,9,14,7,1
2015_4,동일로24길,8,2,6,0,0,1,0,5,2,0,0,0,0,1,1,0,0,1,0,4,1
2015_4,동일로18길,173,73,100,1,27,43,52,38,12,0,12,19,19,14,9,1,15,24,33,24,3
2015_4,능동로4길,239,101,138,0,31,62,60,54,32,0,8,18,26,28,21,0,23,44,34,26,11
2015_4,능동로3길,242,101,141,0,25,37,66,69,45,0,8,12,31,27,23,0,17,25,35,42,22
2015_4,능동로34길,906,478,428,5,114,206,218,224,139,4,49,111,114,105,95,1,65,95,104,119,44
2015_4,능동로19길,347,217,130,2,60,104,78,69,34,1,30,73,46,37,30,1,30,31,32,32,4
2015_4,능동로13길,316,104,212,1,45,49,73,86,62,0,15,18,25,26,20,1,30,31,48,60,42
2015_4,긴고랑로9길,72,33,39,0,8,21,29,7,7,0,3,12,11,4,3,0,5,9,18,3,4
2015_4,긴고랑로8길,232,205,27,0,4,21,45,98,64,0,1,15,32,93,64,0,3,6,13,5,0
2015_4,긴고랑로7길,516,249,267,3,49,114,169,128,53,2,17,69,79,52,30,1,32,45,90,76,23
2015_4,긴고랑로20길,522,237,285,1,58,135,150,111,67,0,19,66,71,50,31,1,39,69,79,61,36
2015_4,광나루로52길,1771,866,905,15,179,263,272,438,604,14,109,156,161,181,245,1,70,107,111,257,359
2015_4,광나루로40길,82,41,41,1,14,25,21,14,7,0,1,12,14,9,5,1,13,13,7,5,2
2015_4,광나루로37길,318,204,114,1,42,104,83,58,30,1,15,68,52,46,22,0,27,36,31,12,8
2015_4,광나루로36길,41,26,15,0,2,14,13,9,3,0,2,9,9,5,1,0,0,5,4,4,2
2015_4,광나루로24길,69,39,30,0,17,17,17,9,9,0,6,11,11,4,7,0,11,6,6,5,2
2015_4,광나루로12길,914,537,377,0,173,274,249,158,60,0,83,177,138,93,46,0,90,97,111,65,14
2015_4,한림말길,66,39,27,1,7,19,22,11,6,0,2,11,14,8,4,1,5,8,8,3,2
2015_4,청계천로10나길,1746,1023,723,6,238,522,396,359,225,2,116,359,245,167,134,4,122,163,151,192,91
2015_4,장터길,44,18,26,0,7,17,5,10,5,0,1,7,2,5,3,0,6,10,3,5,2
2015_4,용답중앙길,77,47,30,0,5,27,20,20,5,0,2,17,15,10,3,0,3,10,5,10,2
2015_4,용답29길,1911,987,924,9,222,378,568,468,266,7,130,218,214,231,187,2,92,160,354,237,79
2015_4,왕십리로6길,1309,728,581,3,167,365,391,291,92,1,61,208,225,161,72,2,106,157,166,130,20
2015_4,왕십리로31길,118,58,60,0,18,31,26,22,21,0,3,12,14,13,16,0,15,19,12,9,5
2015_4,왕십리로26길,4148,2276,1872,28,734,993,1241,771,381,14,246,642,656,472,246,14,488,351,585,299,135
2015_4,왕십리로21길,151,42,109,0,25,31,40,41,14,0,1,5,11,18,7,0,24,26,29,23,7
2015_4,왕십리로14길,2349,1789,560,21,295,547,612,572,302,12,152,408,477,462,278,9,143,139,135,110,24
2015_4,아차산로5길,2190,1524,666,14,325,563,657,461,170,11,204,402,458,318,131,3,121,161,199,143,39
2015_4,아차산로15길,3880,2773,1107,19,585,1173,1105,689,309,4,293,869,809,525,273,15,292,304,296,164,36
2015_4,아차산로11길,3299,2174,1125,15,516,860,964,660,284,9,246,618,681,400,220,6,270,242,283,260,64
2015_4,송정4가길,1025,481,544,4,154,352,278,145,92,2,62,171,112,70,64,2,92,181,166,75,28
2015_4,송정12라길,251,163,88,0,29,63,73,50,36,0,8,37,45,40,33,0,21,26,28,10,3
2015_4,성수일로6길,3115,1767,1348,13,397,800,811,545,549,7,184,479,433,337,327,6,213,321,378,208,222
2015_4,성수이로7길,358,236,122,0,58,107,86,75,32,0,30,62,66,54,24,0,28,45,20,21,8
2015_4,성수이로18길,2206,1574,632,12,322,654,649,443,126,6,172,468,487,337,104,6,150,186,162,106,22
2015_4,성덕정길,641,411,230,1,68,141,204,171,56,1,33,94,128,110,45,0,35,47,76,61,11
2015_4,성덕정17길,213,118,95,0,36,46,54,54,23,0,12,21,35,38,12,0,24,25,19,16,11
2015_4,서울숲2길,1802,989,813,6,124,275,356,582,459,3,49,151,200,263,323,3,75,124,156,319,136
2015_4,상원길,1615,1098,517,11,275,536,435,251,107,10,139,392,309,165,83,1,136,144,126,86,24
2015_4,상원12길,181,110,71,0,30,39,59,39,14,0,18,24,31,28,9,0,12,15,28,11,5
2015_4,사근동길,30,16,14,0,3,11,10,3,3,0,1,4,7,2,2,0,2,7,3,1,1
2015_4,무학봉길,3,3,0,0,0,1,0,0,2,0,0,1,0,0,2,0,0,0,0,0,0
2015_4,무학봉28길,157,67,90,0,23,46,42,30,16,0,7,20,16,14,10,0,16,26,26,16,6
2015_4,무학로6길,347,213,134,2,28,74,98,91,54,0,13,48,60,60,32,2,15,26,38,31,22
2015_4,무수막길,112,55,57,0,23,23,26,26,14,0,9,15,12,9,10,0,14,8,14,17,4
2015_4,매봉길,31,19,12,0,1,9,7,7,7,0,1,6,3,4,5,0,0,3,4,3,2
2015_4,마조로1길,183,70,113,0,22,41,69,46,5,0,4,15,27,20,4,0,18,26,42,26,1
2015_4,마조로16길,773,534,239,3,74,145,214,229,108,1,30,91,152,170,90,2,44,54,62,59,18
2015_4,마장로39길,69,40,29,0,8,20,27,8,6,0,5,14,13,4,4,0,3,6,14,4,2
2015_4,마장로27길,99,41,58,0,16,34,28,17,4,0,4,14,11,8,4,0,12,20,17,9,0
2015_4,둘레9길,406,237,169,1,54,91,113,101,46,1,22,52,77,52,33,0,32,39,36,49,13
2015_4,금호산길,388,146,242,2,54,96,104,100,32,0,14,38,33,42,19,2,40,58,71,58,13
2015_4,금호산2길,34,15,19,0,3,10,12,5,4,0,0,5,3,4,3,0,3,5,9,1,1
2015_4,고산자로6길,15281,6321,8960,159,2173,4434,4923,3234,358,35,936,2392,1782,881,295,124,1237,2042,3141,2353,63
2015_4,후암로28길,173,73,100,0,39,43,39,39,13,0,10,18,20,16,9,0,29,25,19,23,4
2015_4,효창원로39길,53,34,19,1,5,21,14,11,1,1,2,15,10,6,0,0,3,6,4,5,1
2015_4,회나무로13길,56,33,23,0,16,22,7,9,2,0,7,14,5,5,2,0,9,8,2,4,0
2015_4,한남대로20길,670,380,290,4,145,245,159,59,58,1,64,138,94,39,44,3,81,107,65,20,14
2015_4,한강대로7길,425,304,121,4,81,110,85,59,86,3,59,90,66,36,50,1,22,20,19,23,36
2015_4,한강대로62길,685,489,196,0,133,152,149,130,121,0,81,117,109,86,96,0,52,35,40,44,25
2015_4,한강대로52길,1178,776,402,4,266,407,265,160,76,1,123,268,194,132,58,3,143,139,71,28,18
2015_4,한강대로43길,4631,3023,1608,9,718,1339,1257,875,433,6,350,901,912,577,277,3,368,438,345,298,156
2015_4,한강대로15길,1910,431,1479,16,979,626,165,77,47,1,77,144,115,57,37,15,902,482,50,20,10
2015_4,한강대로104길,4166,3032,1134,36,519,1311,1336,785,179,1,206,923,1070,680,152,35,313,388,266,105,27
2015_4,청파로73길,1315,755,560,3,167,372,350,254,169,3,64,167,173,192,156,0,103,205,177,62,13
2015_4,청파로71길,240,125,115,1,21,72,67,61,18,0,4,34,28,46,13,1,17,38,39,15,5
2015_4,청파로47나길,119,76,43,1,14,29,24,28,23,0,6,23,14,17,16,1,8,6,10,11,7
2015_4,청파로47길,816,377,439,6,114,246,213,168,69,1,42,118,103,72,41,5,72,128,110,96,28
2015_4,장문로45길,73,10,63,0,5,12,12,32,12,0,2,4,0,3,1,0,3,8,12,29,11
2015_4,이태원로54길,1417,811,606,5,498,545,223,93,53,4,239,363,147,36,22,1,259,182,76,57,31
2015_4,이태원로27길,501,290,211,4,182,155,83,43,34,1,93,104,46,27,19,3,89,51,37,16,15
2015_4,이촌로22길,207,121,86,0,17,35,60,56,39,0,2,19,37,34,29,0,15,16,23,22,10
2015_4,원효로89길,946,761,185,0,168,356,220,163,39,0,117,279,194,138,33,0,51,77,26,25,6
2015_4,원효로53길,774,480,294,3,107,233,217,150,64,2,47,159,143,88,41,1,60,74,74,62,23
2015_4,원효로41길,2729,1962,767,13,275,761,566,774,340,9,143,578,450,524,258,4,132,183,116,250,82
2015_4,원효로19길,951,682,269,1,130,382,256,115,67,0,62,297,193,79,51,1,68,85,63,36,16
2015_4,우사단로4길,165,122,43,0,17,27,32,56,33,0,5,14,22,49,32,0,12,13,10,7,1
2015_4,우사단로14길,1676,926,750,1,339,813,417,82,24,0,97,433,305,71,20,1,242,380,112,11,4
2015_4,우사단로10길,59,28,31,0,6,9,22,15,7,0,1,2,8,11,6,0,5,7,14,4,1
2015_4,신흥로20길,183,90,93,0,40,47,55,22,19,0,14,17,34,10,15,0,26,30,21,12,4
2015_4,소월로20길,130,44,86,0,29,34,27,29,11,0,6,6,5,18,9,0,23,28,22,11,2
2015_4,서빙고로71길,426,250,176,0,36,129,116,80,65,0,13,53,61,68,55,0,23,76,55,12,10
2015_4,백범로90길,272,158,114,0,38,61,85,50,38,0,21,36,50,27,24,0,17,25,35,23,14
2015_4,백범로79길,963,580,383,0,123,272,202,262,104,0,45,160,138,170,67,0,78,112,64,92,37
2015_4,두텁바위로1길,2451,1381,1070,3,456,679,572,407,334,2,135,384,355,281,224,1,321,295,217,126,110
2015_4,대사관로34길,306,186,120,0,35,79,83,65,44,0,18,48,48,42,30,0,17,31,35,23,14
2015_4,녹사평대로46길,42,30,12,3,14,15,4,3,3,3,10,11,2,1,3,0,4,4,2,2,0
2015_4,녹사평대로40나길,34,17,17,0,16,5,5,5,3,0,8,2,1,3,3,0,8,3,4,2,0
2015_4,녹사평대로32길,301,149,152,0,63,72,73,45,48,0,26,36,34,18,35,0,37,36,39,27,13
2015_4,녹사평대로26길,2122,1195,927,4,139,579,567,594,239,2,38,245,305,441,164,2,101,334,262,153,75
2015_4,녹사평대로11길,288,195,93,0,41,79,96,54,18,0,27,52,65,35,16,0,14,27,31,19,2
2015_4,퇴계로90길,472,196,276,1,82,120,111,104,54,0,23,47,49,43,34,1,59,73,62,61,20
2015_4,퇴계로8길,2326,1364,962,14,403,775,554,309,271,1,129,475,362,195,202,13,274,300,192,114,69
2015_4,퇴계로56길,1029,822,207,0,130,408,317,135,39,0,82,334,276,107,23,0,48,74,41,28,16
2015_4,퇴계로46길,1844,721,1123,3,329,600,481,325,106,1,51,187,213,186,83,2,278,413,268,139,23
2015_4,퇴계로18길,2852,1327,1525,12,572,819,678,516,255,1,174,436,343,230,143,11,398,383,335,286,112
2015_4,퇴계로12길,1047,475,572,2,207,252,235,249,102,2,48,104,115,144,62,0,159,148,120,105,40
2015_4,청구로1길,193,92,101,0,43,37,47,41,25,0,9,16,21,27,19,0,34,21,26,14,6
2015_4,청구로17길,1731,786,945,7,454,637,337,209,87,0,70,291,202,154,69,7,384,346,135,55,18
2015_4,장충단로8길,3961,1236,2725,61,1473,840,917,464,206,23,373,359,221,154,106,38,1100,481,696,310,100
2015_4,삼일대로4길,964,584,380,2,185,292,220,160,105,2,70,174,156,107,75,0,115,118,64,53,30
2015_4,명동길,35442,17876,17566,196,6620,12787,10079,4530,1230,66,2117,5880,5862,3149,802,130,4503,6907,4217,1381,428
2015_4,동호로20길,883,401,482,4,268,231,167,154,59,1,98,91,90,83,38,3,170,140,77,71,21
2015_4,동호로15길,4480,2457,2023,58,1800,1525,727,281,89,27,690,949,536,192,63,31,1110,576,191,89,26
2015_4,동호로11길,20,17,3,0,1,3,8,7,1,0,1,3,7,6,0,0,0,0,1,1,1
2015_4,동호로10길,1477,655,822,9,321,418,367,240,122,3,79,191,193,116,73,6,242,227,174,124,49
2015_4,다산로39길,1097,653,444,6,127,275,329,278,82,2,59,177,194,164,57,4,68,98,135,114,25
2015_4,다산로38길,1689,936,753,7,414,425,354,316,173,3,144,232,217,209,131,4,270,193,137,107,42
2015_4,다산로36길,58,31,27,1,12,13,18,11,3,1,3,6,11,8,2,0,9,7,7,3,1
2015_4,다산로33길,391,189,202,1,49,90,106,108,37,1,27,47,46,45,23,0,22,43,60,63,14
2015_4,난계로21길,203,134,69,1,25,54,65,54,4,0,11,34,44,41,4,1,14,20,21,13,0
2015_4,난계로11길,2007,1090,917,6,395,412,375,565,254,0,168,255,243,275,149,6,227,157,132,290,105
2015_4,평창길,164,72,92,2,28,34,42,42,16,0,10,14,26,12,10,2,18,20,16,30,6
2015_4,통일로12길,236,106,130,0,24,54,86,60,12,0,6,22,39,30,9,0,18,32,47,30,3
2015_4,창신길,257,70,187,0,23,43,50,92,49,0,7,21,13,16,13,0,16,22,37,76,36
2015_4,창신5길,6,3,3,0,0,0,2,3,1,0,0,0,1,2,0,0,0,0,1,1,1
2015_4,창신2길,63,31,32,0,5,6,20,27,5,0,2,4,11,11,3,0,3,2,9,16,2
2015_4,창경궁로35길,1375,372,1003,29,399,378,404,122,43,0,42,118,131,53,28,29,357,260,273,69,15
2015_4,지봉로8길,156,80,76,0,25,37,51,37,6,0,15,21,17,24,3,0,10,16,34,13,3
2015_4,종로65길,679,307,372,3,87,163,164,134,128,0,24,74,80,50,79,3,63,89,84,84,49
2015_4,자하문로7길,488,276,212,0,104,153,127,59,45,0,52,87,70,31,36,0,52,66,57,28,9
2015_4,이화장길,2018,999,1019,9,335,551,598,412,113,2,114,207,314,289,73,7,221,344,284,123,40
2015_4,율곡로16길,11,7,4,0,2,3,1,3,2,0,1,3,1,0,2,0,1,0,0,3,0
2015_4,율곡로10길,2294,1702,592,5,337,742,668,354,188,1,214,571,521,249,146,4,123,171,147,105,42
2015_4,옥인길,529,242,287,1,114,133,136,123,22,1,33,70,72,62,4,0,81,63,64,61,18
2015_4,숭인동길,19,8,11,0,2,0,10,6,1,0,0,0,4,3,1,0,2,0,6,3,0
2015_4,성균관로5길,121,74,47,0,9,13,6,18,75,0,4,11,1,10,48,0,5,2,5,8,27
2015_4,삼청로5길,440,165,275,4,107,119,101,74,35,3,24,50,36,36,16,1,83,69,65,38,19
2015_4,북촌로5나길,1510,1054,456,1,119,522,509,322,37,1,53,327,395,257,21,0,66,195,114,65,16
2015_4,북촌로5길,55,23,32,0,11,17,7,13,7,0,3,8,4,4,4,0,8,9,3,9,3
2015_4,북촌로11길,24,12,12,0,4,10,2,4,4,0,2,3,1,3,3,0,2,7,1,1,1
2015_4,백석동길,95,50,45,0,16,22,20,18,19,0,6,10,10,10,14,0,10,12,10,8,5
2015_4,명륜길,15,11,4,0,3,5,4,2,1,0,3,3,4,0,1,0,0,2,0,2,0
2015_4,돈화문로11가길,1085,599,486,1,178,320,251,188,147,1,72,163,150,110,103,0,106,157,101,78,44
2015_4,계동길,885,398,487,11,225,267,192,130,60,8,69,98,100,83,40,3,156,169,92,47,20
2015_3,강남 마이스 관광특구,20112,11820,8292,76,5131,7125,4996,2205,579,27,1726,4099,3810,1740,418,49,3405,3026,1186,465,161
2015_3,잠실 관광특구,26461,16084,10377,183,4762,7287,6286,5376,2567,74,2448,4769,3811,3289,1693,109,2314,2518,2475,2087,874
2015_3,종로·청계 관광특구,30389,19091,11298,48,4401,9762,8842,5849,1487,17,1612,5249,6503,4679,1031,31,2789,4513,2339,1170,456
2015_3,동대문패션타운 관광특구,13416,9078,4338,25,2455,4562,3552,2035,787,12,1286,3084,2714,1454,528,13,1169,1478,838,581,259
2015_3,명동 남대문 북창동 다동 무교동 관광특구,174824,89070,85754,639,35032,61514,47904,23517,6218,187,10578,28044,29498,16539,4224,452,24454,33470,18406,6978,1994
2015_3,이태원 관광특구,5862,3396,2466,34,1373,1770,1245,944,496,22,680,1032,729,625,308,12,693,738,516,319,188
2015_3,길동복조리시장,569,338,231,0,45,113,159,151,101,0,23,70,99,79,67,0,22,43,60,72,34
2015_3,둔촌역전통시장,160,77,83,0,11,42,37,45,25,0,3,19,18,21,16,0,8,23,19,24,9
2015_3,성내골목시장,6,2,4,0,0,2,1,2,1,0,0,2,0,0,0,0,0,0,1,2,1
2015_3,천호시장,13,8,5,0,5,4,1,3,0,0,3,4,0,1,0,0,2,0,1,2,0
2015_3,암사종합시장,642,307,335,0,35,93,103,115,296,0,10,53,56,29,159,0,25,40,47,86,137
2015_3,고덕전통시장,406,391,15,0,2,13,66,177,148,0,1,10,60,172,148,0,1,3,6,5,0
2015_3,명일골목시장,396,118,278,0,11,19,86,153,127,0,5,6,16,35,56,0,6,13,70,118,71
2015_3,새마을시장,289,146,143,1,46,75,78,49,40,1,15,43,40,23,24,0,31,32,38,26,16
2015_3,석촌시장,164,108,56,0,19,29,51,38,27,0,11,19,33,22,23,0,8,10,18,16,4
2015_3,방이시장,617,413,204,0,106,212,162,109,28,0,72,180,103,40,18,0,34,32,59,69,10
2015_3,마천시장,247,58,189,0,19,48,71,59,50,0,4,11,20,13,10,0,15,37,51,46,40
2015_3,풍납시장,11,2,9,0,2,0,5,4,0,0,0,0,1,1,0,0,2,0,4,3,0
2015_3,강남개포시장,42,36,6,0,0,2,13,12,15,0,0,2,8,11,15,0,0,0,5,1,0
2015_3,도곡시장,498,230,268,3,63,116,150,109,57,0,16,66,65,48,35,3,47,50,85,61,22
2015_3,영동전통시장,3081,2310,771,7,462,844,987,553,228,6,244,652,829,401,178,1,218,192,158,152,50
2015_3,미성동도깨비시장,403,167,236,1,52,91,137,97,25,0,16,45,53,36,17,1,36,46,84,61,8
2015_3,삼성동시장,87,34,53,0,12,13,17,33,12,0,2,7,5,12,8,0,10,6,12,21,4
2015_3,신림중앙시장,17,11,6,0,1,4,3,5,4,0,1,3,3,3,1,0,0,1,0,2,3
2015_3,강남골목시장,225,124,101,0,26,58,63,45,33,0,8,37,36,21,22,0,18,21,27,24,11
2015_3,관악신사시장,309,239,70,0,72,50,61,90,36,0,54,37,44,76,28,0,18,13,17,14,8
2015_3,신원시장,336,146,190,0,35,68,79,90,64,0,14,40,36,31,25,0,21,28,43,59,39
2015_3,인헌시장,226,74,152,0,27,55,68,63,13,0,8,27,19,15,5,0,19,28,49,48,8
2015_3,봉천현대시장,14,6,8,0,2,3,3,2,4,0,0,0,2,2,2,0,2,3,1,0,2
2015_3,봉천제일종합시장,43,23,20,0,3,8,17,7,8,0,1,3,7,5,7,0,2,5,10,2,1
2015_3,낙성대시장,22,16,6,0,2,2,4,7,7,0,1,1,4,5,5,0,1,1,0,2,2
2015_3,중부시장,194,63,131,0,28,33,44,45,44,0,9,11,18,12,13,0,19,22,26,33,31
2015_3,남성역골목시장,504,250,254,0,44,116,138,121,85,0,10,44,78,65,53,0,34,72,60,56,32
2015_3,남성사계시장,1964,911,1053,6,255,412,439,481,371,3,65,211,244,195,193,3,190,201,195,286,178
2015_3,흑석시장,164,51,113,0,21,43,61,28,11,0,5,10,19,8,9,0,16,33,42,20,2
2015_3,상도4동도깨비골목시장,310,80,230,1,59,77,76,65,32,0,8,27,16,13,16,1,51,50,60,52,16
2015_3,영도시장,88,36,52,1,15,21,23,16,12,0,1,7,11,8,9,1,14,14,12,8,3
2015_3,본동인정시장,118,57,61,0,8,30,34,26,20,0,1,12,15,11,18,0,7,18,19,15,2
2015_3,대림중앙시장,26,17,9,0,3,6,5,10,2,0,1,3,5,6,2,0,2,3,0,4,0
2015_3,우리시장,15,5,10,0,0,1,7,5,2,0,0,0,2,2,1,0,0,1,5,3,1
2015_3,영진시장A동,46,37,9,0,4,17,8,8,9,0,3,14,7,5,8,0,1,3,1,3,1
2015_3,영일시장,9,7,2,0,1,2,1,5,0,0,1,2,1,3,0,0,0,0,0,2,0
2015_3,영등포청과시장,169,106,63,0,22,44,51,30,22,0,12,23,36,21,14,0,10,21,15,9,8
2015_3,영등포전통시장,4114,2068,2046,14,607,1606,1063,553,271,1,135,671,672,397,192,13,472,935,391,156,79
2015_3,은행나무시장,46,11,35,0,5,11,12,12,6,0,0,3,3,4,1,0,5,8,9,8,5
2015_3,현대시장,56,15,41,0,9,14,20,9,4,0,2,5,3,2,3,0,7,9,17,7,1
2015_3,남문시장,285,118,167,2,24,33,97,97,32,0,5,15,34,46,18,2,19,18,63,51,14
2015_3,독산동 우시장,142,60,82,0,13,25,50,37,17,0,7,15,12,15,11,0,6,10,38,22,6
2015_3,개봉중앙시장,7,3,4,0,0,1,2,3,1,0,0,0,1,1,1,0,0,1,1,2,0
2015_3,가리봉시장,15,10,5,0,1,0,7,3,4,0,0,0,5,2,3,0,1,0,2,1,1
2015_3,남구로시장,6,3,3,0,0,1,3,2,0,0,0,0,1,2,0,0,0,1,2,0,0
2015_3,구로시장,44,20,24,0,10,13,11,6,4,0,3,5,5,3,4,0,7,8,6,3,0
2015_3,방신전통시장,154,130,24,0,1,21,26,66,40,0,0,14,19,59,38,0,1,7,7,7,2
2015_3,송화골목시장,477,171,306,1,83,87,147,118,41,0,13,37,58,33,30,1,70,50,89,85,11
2015_3,까치산시장,32,18,14,0,4,4,17,6,1,0,0,2,12,3,1,0,4,2,5,3,0
2015_3,남부골목시장,153,67,86,0,25,36,55,30,7,0,8,15,27,12,5,0,17,21,28,18,2
2015_3,화곡중앙골목시장,2,2,0,0,0,1,0,0,1,0,0,1,0,0,1,0,0,0,0,0,0
2015_3,등마루시장,789,501,288,57,320,148,118,80,66,43,223,102,69,31,33,14,97,46,49,49,33
2015_3,신정3동골목시장,240,108,132,1,32,50,48,63,46,0,11,19,18,34,26,1,21,31,30,29,20
2015_3,신정2동골목시장,8,6,2,0,1,1,4,1,1,0,1,0,4,0,1,0,0,1,0,1,0
2015_3,신월6동골목시장,255,115,140,0,54,56,72,41,32,0,18,25,36,16,20,0,36,31,36,25,12
2015_3,신곡종합시장,15,10,5,0,0,2,4,5,4,0,0,0,2,4,4,0,0,2,2,1,0
2015_3,신월3동골목시장,50,15,35,0,8,9,14,16,3,0,2,5,3,4,1,0,6,4,11,12,2
2015_3,경창시장,190,89,101,0,15,32,44,64,35,0,6,19,25,28,11,0,9,13,19,36,24
2015_3,월정로시장,104,56,48,0,8,23,35,27,11,0,5,13,18,13,7,0,3,10,17,14,4
2015_3,신영시장,44,20,24,0,3,14,18,8,1,0,1,9,5,4,1,0,2,5,13,4,0
2015_3,목4동시장,248,85,163,0,27,51,85,70,15,0,10,22,17,24,12,0,17,29,68,46,3
2015_3,목3동시장,624,275,349,0,105,139,191,130,59,0,26,60,87,65,37,0,79,79,104,65,22
2015_3,목2동시장,185,88,97,0,22,59,56,42,6,0,5,26,33,19,5,0,17,33,23,23,1
2015_3,마포농수산물시장,472,296,176,0,25,55,122,177,93,0,13,36,81,100,66,0,12,19,41,77,27
2015_3,망원월드컵시장,14,9,5,0,0,3,5,2,4,0,0,2,3,2,2,0,0,1,2,0,2
2015_3,망원시장,36,20,16,0,2,5,9,17,3,0,2,3,5,8,2,0,0,2,4,9,1
2015_3,신수시장,140,101,39,0,8,54,45,22,11,0,2,33,35,21,10,0,6,21,10,1,1
2015_3,아현시장,32,8,24,1,6,7,10,7,1,1,2,2,2,1,0,0,4,5,8,6,1
2015_3,대림골목시장,279,89,190,1,38,66,83,68,23,0,8,26,25,15,15,1,30,40,58,53,8
2015_3,상계중앙시장,31,17,14,0,6,8,4,9,4,0,2,4,3,6,2,0,4,4,1,3,2
2015_3,방학동도깨비시장,136,60,76,0,18,38,39,26,15,0,9,20,18,6,7,0,9,18,21,20,8
2015_3,쌍문역골목시장,51,22,29,0,9,12,16,8,6,0,3,8,3,5,3,0,6,4,13,3,3
2015_3,신도봉시장,25,15,10,0,0,4,7,12,2,0,0,3,5,6,1,0,0,1,2,6,1
2015_3,창동신창시장,125,48,77,0,19,16,38,36,16,0,3,6,15,15,9,0,16,10,23,21,7
2015_3,수유북부시장,9,4,5,0,1,3,0,1,4,0,1,2,0,0,1,0,0,1,0,1,3
2015_3,장미원골목시장,60,41,19,0,10,16,18,11,5,0,5,12,10,10,4,0,5,4,8,1,1
2015_3,수유중앙시장,127,70,57,0,17,30,40,19,21,0,4,19,22,12,13,0,13,11,18,7,8
2015_3,강북종합시장,55,23,32,0,11,12,18,11,3,0,5,7,6,4,1,0,6,5,12,7,2
2015_3,우이시장,155,73,82,0,16,31,50,38,20,0,4,18,21,15,15,0,12,13,29,23,5
2015_3,수유전통시장,455,140,315,1,51,83,92,131,97,1,10,17,25,35,52,0,41,66,67,96,45
2015_3,번동북부골목시장,90,56,34,0,15,19,33,13,10,0,9,11,24,7,5,0,6,8,9,6,5
2015_3,솔샘시장,95,36,59,0,19,27,30,17,2,0,3,12,13,7,1,0,16,15,17,10,1
2015_3,방천골목시장,79,25,54,0,21,19,18,14,7,0,0,4,9,7,5,0,21,15,9,7,2
2015_3,석관황금시장,45,24,21,0,3,6,20,13,3,0,2,2,11,7,2,0,1,4,9,6,1
2015_3,장위전통시장,184,70,114,0,13,56,65,26,24,0,2,26,16,12,14,0,11,30,49,14,10
2015_3,정릉시장,31,12,19,0,7,5,10,7,2,0,2,2,3,4,1,0,5,3,7,3,1
2015_3,정릉아리랑시장,8,5,3,1,0,2,1,4,0,0,0,2,1,2,0,1,0,0,0,2,0
2015_3,돈암제일시장,80,40,40,0,17,12,23,17,11,0,6,5,11,10,8,0,11,7,12,7,3
2015_3,우림골목시장,220,109,111,0,19,24,58,58,61,0,4,10,28,29,38,0,15,14,30,29,23
2015_3,묵1동도깨비시장,245,100,145,1,41,50,65,76,12,0,11,26,25,32,6,1,30,24,40,44,6
2015_3,태능시장,2,2,0,0,0,1,1,0,0,0,0,1,1,0,0,0,0,0,0,0,0
2015_3,중화제일시장,21,0,21,0,6,1,7,6,1,0,0,0,0,0,0,0,6,1,7,6,1
2015_3,사가정시장,260,206,54,0,17,21,61,92,69,0,4,11,42,83,66,0,13,10,19,9,3
2015_3,동원시장,61,28,33,1,8,12,20,16,4,0,1,5,11,8,3,1,7,7,9,8,1
2015_3,동부골목시장,80,28,52,0,16,16,14,18,16,0,2,3,3,7,13,0,14,13,11,11,3
2015_3,회기시장,130,48,82,0,26,36,33,22,13,0,6,14,16,6,6,0,20,22,17,16,7
2015_3,답십리시장,21,9,12,0,2,8,8,3,0,0,0,4,4,1,0,0,2,4,4,2,0
2015_3,답십리현대시장,105,77,28,0,14,18,30,28,15,0,11,18,20,15,13,0,3,0,10,13,2
2015_3,청량리종합시장,8,6,2,0,2,3,1,0,2,0,2,2,0,0,2,0,0,1,1,0,0
2015_3,청량리농수산물시장,15,13,2,0,1,3,5,4,2,0,1,3,3,4,2,0,0,0,2,0,0
2015_3,서울약령시장,1316,849,467,0,104,294,328,372,218,0,46,180,225,248,150,0,58,114,103,124,68
2015_3,청량리수산시장,162,87,75,0,21,43,34,33,31,0,4,22,18,19,24,0,17,21,16,14,7
2015_3,구의시장,96,56,40,0,14,20,27,26,9,0,2,16,16,15,7,0,12,4,11,11,2
2015_3,조양시장,76,44,32,0,3,14,29,20,10,0,1,7,15,12,9,0,2,7,14,8,1
2015_3,영동교골목시장,22,16,6,0,2,2,4,4,10,0,1,2,3,3,7,0,1,0,1,1,3
2015_3,능동로골목시장,287,266,21,0,7,10,11,18,241,0,4,7,2,14,239,0,3,3,9,4,2
2015_3,자양골목시장,88,44,44,1,13,16,25,24,9,1,3,9,14,11,6,0,10,7,11,13,3
2015_3,중곡제일시장,145,73,72,1,14,27,43,42,18,1,4,11,20,23,14,0,10,16,23,19,4
2015_3,한아름시장,107,56,51,1,26,32,29,14,5,1,15,18,14,7,1,0,11,14,15,7,4
2015_3,성동용답상가시장,253,130,123,2,30,67,71,54,29,0,10,31,39,28,22,2,20,36,32,26,7
2015_3,뚝도시장,26,8,18,0,6,4,5,9,2,0,2,1,0,4,1,0,4,3,5,5,1
2015_3,금남시장,14,10,4,0,0,1,2,4,7,0,0,1,2,2,5,0,0,0,0,2,2
2015_3,행당시장,211,111,100,0,33,56,64,43,15,0,10,30,35,24,12,0,23,26,29,19,3
2015_3,마장축산물시장,1545,1055,490,5,171,455,446,329,139,2,103,343,305,209,93,3,68,112,141,120,46
2015_3,용문전통시장,25,15,10,0,0,5,7,8,5,0,0,3,6,3,3,0,0,2,1,5,2
2015_3,후암시장,30,11,19,0,0,4,8,15,3,0,0,2,2,6,1,0,0,2,6,9,2
2015_3,합동(새벽)시장,2298,1239,1059,6,376,807,537,289,283,2,90,305,336,239,267,4,286,502,201,50,16
2015_3,서울중앙시장,246,167,79,2,30,67,58,65,24,2,14,44,41,48,18,0,16,23,17,17,6
2015_3,백학시장,495,270,225,3,72,166,137,90,27,3,25,104,79,40,19,0,47,62,58,50,8
2015_3,약수시장,1542,594,948,9,253,426,377,273,204,1,69,136,170,116,102,8,184,290,207,157,102
2015_3,청평화시장,2439,1673,766,1,612,857,706,189,74,0,437,558,531,103,44,1,175,299,175,86,30
2015_3,제일평화시장,472,291,181,0,87,136,87,98,64,0,38,83,59,65,46,0,49,53,28,33,18
2015_3,남평화시장,156,105,51,0,14,31,27,64,20,0,7,21,19,42,16,0,7,10,8,22,4
2015_3,방산종합시장,1701,1133,568,3,142,408,470,443,235,1,93,284,288,289,178,2,49,124,182,154,57
2015_3,인현시장,1188,767,421,2,101,220,357,344,164,0,33,118,238,248,130,2,68,102,119,96,34
2015_3,신중부시장,2298,1575,723,5,186,544,697,550,316,1,81,372,486,399,236,4,105,172,211,151,80
2015_3,남대문시장,7028,3805,3223,15,1271,2893,1702,776,371,13,456,1530,1002,529,275,2,815,1363,700,247,96
2015_3,동묘시장,865,552,313,1,145,186,241,191,101,0,67,131,156,125,73,1,78,55,85,66,28
2015_3,창신골목시장,216,123,93,0,24,110,40,31,11,0,6,60,28,19,10,0,18,50,12,12,1
2015_3,충신시장,320,187,133,2,56,88,78,66,30,1,24,48,45,44,25,1,32,40,33,22,5
2015_3,종로신진시장,30,12,18,0,1,0,8,11,10,0,0,0,3,5,4,0,1,0,5,6,6
2015_3,동대문종합시장,241,147,94,1,20,63,73,51,33,0,10,38,41,36,22,1,10,25,32,15,11
2015_3,광장시장,216,150,66,0,28,36,44,69,39,0,13,24,34,49,30,0,15,12,10,20,9
2015_3,서울 노원구 노원역_3,678,275,403,13,166,124,162,142,71,7,59,59,68,48,34,6,107,65,94,94,37
2015_3,서울 노원구 노원역_1,909,274,635,8,276,252,198,121,54,1,41,68,84,53,27,7,235,184,114,68,27
2015_3,창동역,2306,1504,802,2,193,450,650,655,356,2,55,277,444,482,244,0,138,173,206,173,112
2015_3,서울 강북구 수유역_3,49,27,22,0,3,10,15,19,2,0,0,7,6,12,2,0,3,3,9,7,0
2015_3,서울 강북구 수유역_2,4014,2106,1908,10,422,924,1009,1022,627,5,121,399,535,668,378,5,301,525,474,354,249
2015_3,서울 강북구 수유역_1,84,66,18,0,10,24,24,16,10,0,6,20,18,12,10,0,4,4,6,4,0
2015_3,서울 은평구 연신내역_3,575,183,392,1,130,150,128,100,66,0,24,50,47,36,26,1,106,100,81,64,40
2015_3,서울 은평구 연신내역_2,318,138,180,8,67,71,81,47,44,6,25,37,35,12,23,2,42,34,46,35,21
2015_3,서울 은평구 연신내역_1,49,25,24,0,5,11,15,12,6,0,0,4,8,10,3,0,5,7,7,2,3
2015_3,서울 성북구 미아삼거리역_2,507,243,264,2,108,136,138,89,34,2,29,63,71,54,24,0,79,73,67,35,10
2015_3,서울 강북구 미아삼거리역_1,432,153,279,2,92,116,96,78,48,2,13,40,39,28,31,0,79,76,57,50,17
2015_3,서울 은평구 불광역_3,51,19,32,0,7,11,18,12,3,0,1,5,6,6,1,0,6,6,12,6,2
2015_3,서울 은평구 불광역_2,80,32,48,0,6,14,21,24,15,0,0,2,8,12,10,0,6,12,13,12,5
2015_3,서울 은평구 불광역_1,225,89,136,1,37,58,49,49,31,0,11,20,22,20,16,1,26,38,27,29,15
2015_3,미아사거리_2,145,82,63,1,32,31,18,25,38,0,15,13,8,9,37,1,17,18,10,16,1
2015_3,미아사거리_1,522,215,307,0,54,116,162,134,56,0,20,44,61,58,32,0,34,72,101,76,24
2015_3,서울 성북구 성신여대입구역,4859,3013,1846,13,483,1039,1314,1410,600,6,154,482,821,1113,437,7,329,557,493,297,163
2015_3,경희대학교,334,151,183,0,56,88,88,71,31,0,25,50,39,27,10,0,31,38,49,44,21
2015_3,서울 성북구 안암역,91,57,34,1,15,32,22,11,10,1,11,24,12,6,3,0,4,8,10,5,7
2015_3,혜화역 대학로_3,10394,3112,7282,14,2958,3930,2065,1182,245,1,583,1099,737,518,174,13,2375,2831,1328,664,71
2015_3,혜화역 대학로_2,1381,802,579,2,77,464,454,336,48,0,23,181,271,291,36,2,54,283,183,45,12
2015_3,혜화역 대학로_1,1199,627,572,7,241,362,266,213,110,0,97,212,149,108,61,7,144,150,117,105,49
2015_3,디지털미디어시티,20370,12500,7870,75,6609,7321,4579,1519,267,28,2650,4726,3679,1223,194,47,3959,2595,900,296,73
2015_3,서울 동대문구 청량리역,3144,2047,1097,3,436,786,883,612,424,0,251,553,593,362,288,3,185,233,290,250,136
2015_3,서울 종로구 안국역_2,775,310,465,7,186,236,195,96,55,1,53,101,76,42,37,6,133,135,119,54,18
2015_3,서울 종로구 안국역_1,11905,9833,2072,4,1437,4576,3691,1726,471,2,1024,3638,3239,1534,396,2,413,938,452,192,75
2015_3,서울 종로구 경복궁역_1,219,90,129,0,42,52,55,44,26,0,10,23,26,19,12,0,32,29,29,25,14
2015_3,서울 종로구 종로3가역_3,3053,1719,1334,8,496,825,870,543,311,6,157,453,532,347,224,2,339,372,338,196,87
2015_3,서울 종로구 종로3가역_2,1725,968,757,8,268,407,423,324,295,4,95,229,250,193,197,4,173,178,173,131,98
2015_3,서울 동대문구 신설동역_2,4316,2209,2107,25,469,643,782,1258,1139,1,143,329,429,569,738,24,326,314,353,689,401
2015_3,인사동,22122,13936,8186,99,4256,7723,5308,3129,1607,26,1540,4853,4194,2353,970,73,2716,2870,1114,776,637
2015_3,서울 종로구 종로5가역_4,668,367,301,5,103,179,193,113,75,1,37,107,107,57,58,4,66,72,86,56,17
2015_3,서울 종로구 종로5가역_3,5271,3628,1643,9,743,1534,1455,1052,478,4,433,1082,994,753,362,5,310,452,461,299,116
2015_3,종로구청,14980,8913,6067,14,1373,5525,4588,2603,877,8,433,2889,3128,1858,597,6,940,2636,1460,745,280
2015_3,서울 종로구 종로5가역_2,14311,8912,5399,227,2887,5143,3497,1966,591,70,1230,3218,2507,1476,411,157,1657,1925,990,490,180
2015_3,신설동역,737,442,295,6,108,186,192,159,86,0,43,116,113,103,67,6,65,70,79,56,19
2015_3,서울 동대문구 신설동역_1,2,2,0,0,0,0,1,0,1,0,0,0,1,0,1,0,0,0,0,0,0
2015_3,서울 종로구 광화문역_2,50961,32188,18773,128,7344,17521,15566,7690,2712,20,2769,10141,11717,5738,1803,108,4575,7380,3849,1952,909
2015_3,동묘앞역,64,41,23,0,6,19,14,18,7,0,3,12,10,12,4,0,3,7,4,6,3
2015_3,장안동사거리,540,258,282,8,82,109,150,126,65,3,37,58,63,55,42,5,45,51,87,71,23
2015_3,서울 종로구 동대문역_2,968,546,422,6,169,280,211,177,125,2,62,165,125,101,91,4,107,115,86,76,34
2015_3,동대문시장_2,504,320,184,1,48,117,127,120,91,0,29,73,77,72,69,1,19,44,50,48,22
2015_3,서울 종로구 종로5가역_1,51,34,17,0,7,7,11,21,5,0,2,4,9,16,3,0,5,3,2,5,2
2015_3,서울 종로구 종로3가역_1,3353,1527,1826,7,802,1089,715,447,293,2,248,484,366,247,180,5,554,605,349,200,113
2015_3,서울 종로구 광화문역_1,2332,1632,700,5,475,949,526,267,110,5,224,678,438,225,62,0,251,271,88,42,48
2015_3,종각역,20893,13909,6984,18,2707,6971,6675,4173,349,2,979,3724,5229,3707,268,16,1728,3247,1446,466,81
2015_3,종각역 젊음의 거리,1963,929,1034,8,417,595,387,299,257,5,153,317,206,113,135,3,264,278,181,186,122
2015_3,서대문구 서대문역_1,2581,843,1738,2,873,980,461,193,72,2,156,315,224,95,51,0,717,665,237,98,21
2015_3,동대문시장_1,452,241,211,1,60,130,117,104,40,1,20,81,54,58,27,0,40,49,63,46,13
2015_3,시청역_2,24467,15366,9101,71,4442,8400,7055,3522,977,24,1499,5076,5450,2589,728,47,2943,3324,1605,933,249
2015_3,서울시청,26286,12343,13943,62,4892,9231,7717,3250,1134,13,1419,3856,4186,2133,736,49,3473,5375,3531,1117,398
2015_3,서울 중구 을지로3가역_2,8590,5507,3083,9,1285,2445,2117,1687,1047,1,532,1489,1584,1123,778,8,753,956,533,564,269
2015_3,서울 중구 신당역_2,1199,630,569,15,504,318,180,116,66,8,233,181,100,63,45,7,271,137,80,53,21
2015_3,서대문구 서대문역_2,2227,1513,714,0,412,924,563,242,86,0,224,676,398,159,56,0,188,248,165,83,30
2015_3,동대문역사문화공원역,4451,2846,1605,4,621,1138,1237,1027,424,1,311,744,831,678,281,3,310,394,406,349,143
2015_3,서울 중구 을지로3가역_1,14127,9632,4495,23,2137,4331,3969,2480,1187,7,1003,2837,3014,1887,884,16,1134,1494,955,593,303
2015_3,명동거리,17531,8960,8571,76,2918,5914,5040,2899,684,19,906,2423,3072,2106,434,57,2012,3491,1968,793,250
2015_3,롯데백화점,56396,30904,25492,188,7998,20643,17534,8505,1528,64,2765,9120,11247,6556,1152,124,5233,11523,6287,1949,376
2015_3,서울 중구 신당역_1,1109,707,402,5,175,277,297,234,121,0,54,151,223,182,97,5,121,126,74,52,24
2015_3,북창동,7555,4811,2744,33,1182,2193,1858,1596,693,5,475,1406,1307,1049,569,28,707,787,551,547,124
2015_3,서울 중구 충무로역_2,16372,7386,8986,53,2490,4831,5525,2601,872,22,1002,2537,2284,1001,540,31,1488,2294,3241,1600,332
2015_3,서울 강서구 송정역,642,449,193,3,74,162,185,126,92,2,35,119,136,88,69,1,39,43,49,38,23
2015_3,장한평역_2,12082,9724,2358,36,971,2394,5560,2498,623,12,556,1895,4791,2015,455,24,415,499,769,483,168
2015_3,시청역_1,63738,36931,26807,240,11821,23477,19837,7641,722,81,4795,13091,13273,5161,530,159,7026,10386,6564,2480,192
2015_3,왕십리역_2,728,343,385,5,124,195,187,130,87,4,27,94,97,72,49,1,97,101,90,58,38
2015_3,서울 강서구 발산역,709,467,242,4,144,215,166,123,57,1,69,132,127,98,40,3,75,83,39,25,17
2015_3,장한평역_1,2409,1606,803,2,212,468,486,431,810,1,73,258,354,308,612,1,139,210,132,123,198
2015_3,서울 중구 충무로역_1,3078,2043,1035,30,537,1055,804,443,209,15,352,795,578,189,114,15,185,260,226,254,95
2015_3,장한평역,2135,1447,688,2,182,485,594,584,288,0,75,338,404,416,214,2,107,147,190,168,74
2015_3,서울 중구 명동역,3611,1900,1711,8,698,1689,880,236,100,1,198,840,623,165,73,7,500,849,257,71,27
2015_3,장충동 족발거리,203,92,111,0,34,62,50,31,26,0,6,30,35,13,8,0,28,32,15,18,18
2015_3,한양시장,239,115,124,0,50,58,57,42,32,0,18,31,26,18,22,0,32,27,31,24,10
2015_3,서울 서대문구 이대역,1176,452,724,18,267,292,276,185,138,4,54,114,115,80,85,14,213,178,161,105,53
2015_3,서울 서대문구 신촌역,2558,1037,1521,20,668,670,529,428,243,5,167,272,276,180,137,15,501,398,253,248,106
2015_3,서울 마포구 홍대입구역_3,940,731,209,1,121,258,230,199,131,0,75,180,172,182,122,1,46,78,58,17,9
2015_3,서울 마포구 홍대입구역_2,2597,1075,1522,5,1003,806,439,207,137,3,184,368,280,134,106,2,819,438,159,73,31
2015_3,홍익대학교 주변,15744,7452,8292,79,3842,5319,3479,1842,1183,28,1353,2646,1785,830,810,51,2489,2673,1694,1012,373
2015_3,서울 광진구 군자역,170,109,61,1,25,53,53,27,11,1,11,38,39,16,4,0,14,15,14,11,7
2015_3,신촌역,215,120,95,0,45,55,47,38,30,0,21,31,28,21,19,0,24,24,19,17,11
2015_3,강서구청,3681,2475,1206,15,512,1132,900,662,460,7,267,847,632,427,295,8,245,285,268,235,165
2015_3,서울 마포구 홍대입구역_1,746,428,318,5,204,273,163,66,35,0,98,143,114,48,25,5,106,130,49,18,10
2015_3,서울 강동구 고덕역,484,283,201,1,51,108,119,122,83,0,15,63,65,78,62,1,36,45,54,44,21
2015_3,서울 강동구 명일역,905,353,552,2,146,185,216,213,143,1,32,70,85,83,82,1,114,115,131,130,61
2015_3,어린이대공원역,119,78,41,0,16,51,23,22,7,0,2,40,17,13,6,0,14,11,6,9,1
2015_3,서울 마포구 공덕역_2,3983,2327,1656,13,563,1206,1157,841,203,9,195,730,805,478,110,4,368,476,352,363,93
2015_3,공덕역,6421,4101,2320,20,1278,1979,1881,1085,178,6,474,1166,1375,933,147,14,804,813,506,152,31
2015_3,서울 용산구 숙대입구역,4118,2911,1207,66,915,1588,978,456,115,5,464,1270,798,302,72,61,451,318,180,154,43
2015_3,남영역,13958,6427,7531,625,5185,3848,2925,1186,189,299,2416,2021,1188,394,109,326,2769,1827,1737,792,80
2015_3,서울 마포구 공덕역_1,4235,2073,2162,36,1123,1281,1085,510,200,26,432,673,567,243,132,10,691,608,518,267,68
2015_3,서울 마포구 마포역_2,1002,583,419,12,171,287,274,182,76,6,78,178,180,91,50,6,93,109,94,91,26
2015_3,서울 광진구 건대입구역_2,2641,941,1700,5,799,1035,423,211,168,3,171,376,190,85,116,2,628,659,233,126,52
2015_3,서울 마포구 마포역_1,10341,6302,4039,17,1697,2844,2291,2067,1425,9,616,1803,1688,1265,921,8,1081,1041,603,802,504
2015_3,서울 강동구 천호역_2,3625,1817,1808,15,587,859,784,672,708,10,234,429,379,287,478,5,353,430,405,385,230
2015_3,서울 광진구 건대입구역_1,946,467,479,6,230,272,206,123,109,0,85,144,102,64,72,6,145,128,104,59,37
2015_3,건대입구역,795,442,353,5,210,284,151,90,55,3,88,180,87,43,41,2,122,104,64,47,14
2015_3,서울 광진구 구의역,896,552,344,1,105,243,223,184,140,0,32,131,149,129,111,1,73,112,74,55,29
2015_3,서울 강동구 천호역,972,449,523,5,164,263,226,184,130,1,34,120,124,91,79,4,130,143,102,93,51
2015_3,당산역_2,5096,3116,1980,14,478,743,858,1167,1836,12,325,589,538,602,1050,2,153,154,320,565,786
2015_3,서울 강동구 길동역,1603,1061,542,3,150,372,464,389,225,0,54,235,344,260,168,3,96,137,120,129,57
2015_3,용산 전자상가_5,2185,1659,526,13,377,927,606,200,62,10,266,737,458,141,47,3,111,190,148,59,15
2015_3,당산역_1,1141,739,402,7,206,336,294,185,113,4,84,223,203,131,94,3,122,113,91,54,19
2015_3,서울 광진구 강변역,2172,1799,373,6,95,458,697,531,385,5,50,346,632,455,311,1,45,112,65,76,74
2015_3,용산 전자상가_3,2542,1870,672,12,374,957,689,327,183,6,224,721,519,260,140,6,150,236,170,67,43
2015_3,서울 용산구 이태원역,783,466,317,18,295,222,130,68,50,10,184,143,70,35,24,8,111,79,60,33,26
2015_3,한남오거리,617,322,295,2,84,162,133,142,94,0,24,102,60,71,65,2,60,60,73,71,29
2015_3,용산 전자상가_2,429,345,84,4,38,162,161,52,12,4,26,138,127,40,10,0,12,24,34,12,2
2015_3,용산구청,66,43,23,2,38,13,9,2,2,2,26,6,6,1,2,0,12,7,3,1,0
2015_3,용산 전자상가_1,8231,6307,1924,39,1111,2863,2583,1312,323,27,597,2099,2177,1157,250,12,514,764,406,155,73
2015_3,국회의사당역_2,39285,22304,16981,768,9988,13573,8815,4637,1504,360,3306,7708,6596,3340,994,408,6682,5865,2219,1297,510
2015_3,서울 용산구 신용산역,323,131,192,0,38,60,91,84,50,0,15,23,36,32,25,0,23,37,55,52,25
2015_3,국회의사당역_1,5726,4448,1278,0,342,1316,1990,1963,115,0,127,844,1714,1659,104,0,215,472,276,304,11
2015_3,압구정 로데오거리_2,14245,5872,8373,97,4611,5321,2561,1126,529,27,1330,2441,1255,508,311,70,3281,2880,1306,618,218
2015_3,서울 강남구 압구정역,9661,4504,5157,282,2741,2726,1662,1221,1029,122,896,1355,968,631,532,160,1845,1371,694,590,497
2015_3,서울 영등포구 영등포구청역,4516,1393,3123,3,1180,2005,1015,239,74,0,186,684,343,122,58,3,994,1321,672,117,16
2015_3,압구정 로데오거리_1,7733,2486,5247,52,2913,2929,1166,446,227,10,613,956,531,235,141,42,2300,1973,635,211,86
2015_3,서울 강동구 둔촌동역,60,26,34,0,7,17,22,11,3,0,2,10,8,5,1,0,5,7,14,6,2
2015_3,오목교역,213,103,110,2,23,42,66,48,32,2,11,23,30,18,19,0,12,19,36,30,13
2015_3,신사동 가로수길,20767,9661,11106,62,6015,7075,4253,2173,1189,21,1624,3555,2496,1183,782,41,4391,3520,1757,990,407
2015_3,서울 영등포구 여의도역_2,46755,31061,15694,124,6685,18259,14525,5624,1538,16,2474,11265,11654,4768,884,108,4211,6994,2871,856,654
2015_3,청담사거리_3,1312,428,884,1,494,514,189,72,42,0,92,172,101,33,30,1,402,342,88,39,12
2015_3,영등포유통상가,1848,1251,597,6,185,424,406,433,394,3,87,275,283,292,311,3,98,149,123,141,83
2015_3,청담역_2,1409,1029,380,1,289,486,281,158,194,0,144,377,235,116,157,1,145,109,46,42,37
2015_3,청담역_1,191,151,40,0,27,73,51,22,18,0,18,57,46,16,14,0,9,16,5,6,4
2015_3,청담사거리_2,1025,815,210,0,174,404,356,71,20,0,96,323,327,56,13,0,78,81,29,15,7
2015_3,서울 영등포구 여의도역_1,53145,32010,21135,101,6700,16310,17669,10484,1881,25,2637,7056,11929,9056,1307,76,4063,9254,5740,1428,574
2015_3,학동사거리_2,2788,1623,1165,15,591,854,598,489,241,7,179,462,420,359,196,8,412,392,178,130,45
2015_3,서울 영등포구 영등포시장역,337,271,66,0,20,71,102,87,57,0,12,59,75,76,49,0,8,12,27,11,8
2015_3,학동사거리_1,4245,2224,2021,21,1025,1525,813,557,304,5,225,798,544,414,238,16,800,727,269,143,66
2015_3,여의도 시범아파트앞,2386,1587,799,8,304,578,669,516,311,4,128,381,488,379,207,4,176,197,181,137,104
2015_3,영등포역_3,831,503,328,2,132,241,191,184,81,0,33,140,136,135,59,2,99,101,55,49,22
2015_3,도산공원사거리_1,10478,6531,3947,36,2364,4010,2467,1151,450,12,1063,2610,1722,797,327,24,1301,1400,745,354,123
2015_3,영등포역_2,1004,554,450,2,98,191,234,265,214,1,39,109,131,127,147,1,59,82,103,138,67
2015_3,문래동 주민센터,67,56,11,0,4,11,17,22,13,0,2,8,15,18,13,0,2,3,2,4,0
2015_3,강남구 신사역_2,7208,4808,2400,29,1414,3135,1789,622,219,5,540,2174,1428,501,160,24,874,961,361,121,59
2015_3,서울 강남구 강남구청역_2,4144,2520,1624,43,1853,1203,695,260,90,28,955,765,528,189,55,15,898,438,167,71,35
2015_3,강남구 신사역_1,2616,1161,1455,7,750,1105,449,180,125,1,166,496,307,114,77,6,584,609,142,66,48
2015_3,서울 동작구 노량진1동_1,93,43,50,0,5,8,27,43,10,0,3,7,17,13,3,0,2,1,10,30,7
2015_3,서울 강남구 학동역_3,8237,4838,3399,16,1471,3049,1989,1125,587,3,526,1777,1416,718,398,13,945,1272,573,407,189
2015_3,서울 강남구 강남구청역_1,3080,1795,1285,22,630,870,802,540,216,9,245,493,511,376,161,13,385,377,291,164,55
2015_3,잠실역,5451,4128,1323,7,606,1934,1748,864,292,3,268,1487,1482,667,221,4,338,447,266,197,71
2015_3,강남구 논현역_4,8275,3749,4526,34,2278,2716,1756,904,587,10,505,1341,1037,484,372,24,1773,1375,719,420,215
2015_3,학동역,878,427,451,3,222,313,241,72,27,0,59,172,136,46,14,3,163,141,105,26,13
2015_3,방이동 먹자골목,5732,3932,1800,14,677,1662,1597,1250,532,7,355,1157,1164,843,406,7,322,505,433,407,126
2015_3,서울 강남구 학동역_2,5730,2722,3008,21,1375,1840,1087,591,816,9,322,839,623,390,539,12,1053,1001,464,201,277
2015_3,서울 동작구 노량진역,3454,2022,1432,7,295,916,987,961,288,5,98,417,601,710,191,2,197,499,386,251,97
2015_3,삼성역_3,9386,5407,3979,10,1928,3782,2308,1084,274,5,483,2006,1784,930,199,5,1445,1776,524,154,75
2015_3,코엑스,20112,11820,8292,76,5131,7125,4996,2205,579,27,1726,4099,3810,1740,418,49,3405,3026,1186,465,161
2015_3,서울 강남구 학동역_1,5716,3492,2224,35,1201,1897,1240,817,526,13,538,1312,809,445,375,22,663,585,431,372,151
2015_3,선정릉역_2,6144,3769,2375,29,1439,2207,1400,683,386,4,533,1349,1058,532,293,25,906,858,342,151,93
2015_3,강남구 논현역_3,1465,850,615,10,254,513,337,246,105,0,91,325,218,143,73,10,163,188,119,103,32
2015_3,포스코사거리_2,7635,4698,2937,17,1318,3367,1900,750,283,6,500,2215,1324,442,211,11,818,1152,576,308,72
2015_3,포스코사거리_1,49500,32581,16919,130,10621,19238,13565,4815,1131,49,5086,13021,10148,3516,761,81,5535,6217,3417,1299,370
2015_3,잠실역 롯데월드,3119,1555,1564,105,1449,576,544,363,82,33,622,312,311,253,24,72,827,264,233,110,58
2015_3,신도림역,3816,2105,1711,6,858,1454,977,434,87,2,334,813,598,291,67,4,524,641,379,143,20
2015_3,강남구 논현역_2,7585,3554,4031,30,2006,2677,1480,872,520,5,545,1416,946,393,249,25,1461,1261,534,479,271
2015_3,선정릉역_1,1536,1050,486,8,312,573,346,170,127,3,143,400,272,124,108,5,169,173,74,46,19
2015_3,신천역,5891,3231,2660,14,1082,1498,1401,997,899,3,358,850,780,577,663,11,724,648,621,420,236
2015_3,강남구 논현역_1,3121,2030,1091,8,627,1167,731,363,225,3,265,792,558,256,156,5,362,375,173,107,69
2015_3,삼성역_2,18338,10881,7457,436,5527,6610,3596,1804,365,231,2449,4240,2534,1149,278,205,3078,2370,1062,655,87
2015_3,삼정역_2,2572,1125,1447,4,663,923,451,318,213,0,153,421,257,173,121,4,510,502,194,145,92
2015_3,삼정역_1,2982,1586,1396,3,652,1002,651,339,335,2,170,518,459,195,242,1,482,484,192,144,93
2015_3,삼성역_1,27937,18020,9917,80,4333,8615,6787,4909,3213,30,1826,5911,5259,3030,1964,50,2507,2704,1528,1879,1249
2015_3,서울 강남구 선릉역_2,7008,4398,2610,29,1418,2148,1602,1132,679,14,622,1421,1156,760,425,15,796,727,446,372,254
2015_3,고속터미널역,15210,4715,10495,54,4837,5161,3326,1500,332,14,783,1646,1278,774,220,40,4054,3515,2048,726,112
2015_3,서울 서초구 강남역,32768,18661,14107,80,7528,11413,7431,4032,2284,41,2649,6849,4869,2698,1555,39,4879,4564,2562,1334,729
2015_3,서울 강남구 선릉역_1,20499,9065,11434,201,7855,5361,3459,2368,1255,107,3001,3083,1362,809,703,94,4854,2278,2097,1559,552
2015_3,선릉역_2,20180,11037,9143,55,5272,6875,4416,2277,1285,20,1831,3970,2936,1363,917,35,3441,2905,1480,914,368
2015_3,서울 강남구 역삼역_2,27354,21522,5832,122,4988,10607,7835,3361,441,80,2770,8143,7033,3161,335,42,2218,2464,802,200,106
2015_3,서울 송파구 석촌역_1,39,26,13,0,3,12,14,8,2,0,0,10,8,6,2,0,3,2,6,2,0
2015_3,서울 강남구 강남역_2,6456,4162,2294,32,1493,2262,1401,991,277,11,615,1429,1107,822,178,21,878,833,294,169,99
2015_3,선릉역_1,56948,29569,27379,166,11117,16377,17037,10004,2247,126,6787,11219,6563,3341,1533,40,4330,5158,10474,6663,714
2015_3,구로역,157,91,66,0,12,18,21,16,90,0,1,5,9,9,67,0,11,13,12,7,23
2015_3,역삼역_2,3883,2174,1709,17,803,1371,1130,444,118,10,244,891,686,267,76,7,559,480,444,177,42
2015_3,대림역_2,6950,5401,1549,6,1226,2157,1401,1328,832,0,977,1895,1135,888,506,6,249,262,266,440,326
2015_3,서울 강남구 역삼역_1,26140,16356,9784,115,5771,10546,5992,2474,1242,46,2534,6831,4350,1688,907,69,3237,3715,1642,786,335
2015_3,신대방삼거리역,297,165,132,2,23,70,73,63,66,0,8,37,51,37,32,2,15,33,22,26,34
2015_3,서울 강남구 한티역,1292,495,797,11,339,384,285,169,104,2,88,144,127,74,60,9,251,240,158,95,44
2015_3,은마아파트입구사거리_4,65,42,23,0,12,17,20,9,7,0,6,13,12,5,6,0,6,4,8,4,1
2015_3,오류동역,1305,686,619,4,115,191,375,365,255,2,44,108,170,192,170,2,71,83,205,173,85
2015_3,서울 강남구 강남역,38850,18015,20835,77,8861,12880,8955,5719,2358,36,2460,6778,5731,2156,854,41,6401,6102,3224,3563,1504
2015_3,교대역_4,4907,2934,1973,16,927,1561,1182,765,456,2,336,837,817,575,367,14,591,724,365,190,89
2015_3,서울 강남구 강남역_1,137795,100391,37404,850,33993,62762,30804,8333,1053,609,16602,46760,27976,7654,790,241,17391,16002,2828,679,263
2015_3,방배동카페골목,113,43,70,1,17,13,35,22,25,0,8,5,18,2,10,1,9,8,17,20,15
2015_3,가락시장,15561,10071,5490,78,2620,3987,4024,3187,1665,41,1300,2762,2877,1933,1158,37,1320,1225,1147,1254,507
2015_3,교대역_3,4376,2722,1654,3,583,1279,1254,788,469,0,132,622,918,643,407,3,451,657,336,145,62
2015_3,역삼역_1,1743,946,797,3,429,523,398,215,175,0,114,300,271,146,115,3,315,223,127,69,60
2015_3,교대역_2,3263,2070,1193,4,520,1178,865,488,208,1,196,781,614,322,156,3,324,397,251,166,52
2015_3,서울 송파구 가락시장역,5166,3330,1836,8,691,1628,1323,936,580,3,329,1000,927,624,447,5,362,628,396,312,133
2015_3,서울 서초구 서초역,11056,4719,6337,71,3849,3106,2249,1284,497,33,1363,1254,1036,680,353,38,2486,1852,1213,604,144
2015_3,서울 강남구 대치역_2,1359,859,500,0,148,524,452,144,91,0,41,298,340,102,78,0,107,226,112,42,13
2015_3,뱅뱅사거리_2,23561,14998,8563,357,4753,7368,6273,3231,1579,150,2258,4839,4495,2170,1086,207,2495,2529,1778,1061,493
2015_3,보라매공원,14379,8359,6020,42,2618,5664,3925,1415,715,15,1193,3080,2487,1064,520,27,1425,2584,1438,351,195
2015_3,교대역_1,13151,7745,5406,49,2318,4300,3512,2083,889,9,784,2535,2345,1372,700,40,1534,1765,1167,711,189
2015_3,개봉동 현대아파트 인근,170,83,87,1,8,35,45,54,27,0,2,10,21,35,15,1,6,25,24,19,12
2015_3,뱅뱅사거리,10273,7075,3198,27,3255,4284,1810,680,217,11,1928,3175,1330,465,166,16,1327,1109,480,215,51
2015_3,뱅뱅사거리_1,9554,6787,2767,13,1488,3198,2476,1591,788,4,730,2354,1985,1153,561,9,758,844,491,438,227
2015_3,서울 관악구 신림역_4,948,466,482,8,195,190,218,205,132,7,64,101,110,101,83,1,131,89,108,104,49
2015_3,동작구 총신대입구역_1,228,105,123,0,26,45,58,55,44,0,6,20,26,26,27,0,20,25,32,29,17
2015_3,양재역_3,3194,2187,1007,5,599,1159,797,409,225,0,346,766,593,304,178,5,253,393,204,105,47
2015_3,동작구 총신대입구역_2,1191,606,585,8,289,342,267,177,108,1,97,190,154,85,79,7,192,152,113,92,29
2015_3,서울 서초구 남부터미널역_3,1594,980,614,4,295,461,418,250,166,1,122,277,301,163,116,3,173,184,117,87,50
2015_3,서울 강남구 수서역,18011,10591,7420,27,2761,6158,4941,2594,1530,10,1291,3829,2689,1505,1267,17,1470,2329,2252,1089,263
2015_3,서울 서초구 남부터미널역_2,11095,5450,5645,19,2457,3053,2857,1722,987,13,927,1680,1378,778,674,6,1530,1373,1479,944,313
2015_3,구로디지탈1단지,63830,41310,22520,275,13978,25329,15139,6284,2825,148,6682,17236,10690,4260,2294,127,7296,8093,4449,2024,531
2015_3,양재역,130,69,61,0,18,56,30,17,9,0,4,26,20,12,7,0,14,30,10,5,2
2015_3,매봉역,330,157,173,1,125,99,46,40,19,0,33,58,30,24,12,1,92,41,16,16,7
2015_3,서울 서초구 방배역,3861,2288,1573,57,925,999,726,583,571,18,402,618,474,366,410,39,523,381,252,217,161
2015_3,서울 서초구 남부터미널역_1,738,522,216,0,108,237,224,113,56,0,57,167,172,78,48,0,51,70,52,35,8
2015_3,서울 관악구 신림역_2,26,11,15,0,2,2,4,9,9,0,1,2,2,2,4,0,1,0,2,7,5
2015_3,서울 관악구 신림역_1,1783,842,941,17,288,328,321,375,454,4,114,161,153,157,253,13,174,167,168,218,201
2015_3,양재역_2,8292,4578,3714,89,1791,3195,1964,840,413,30,703,1905,1226,434,280,59,1088,1290,738,406,133
2015_3,양재역_1,874,613,261,4,73,230,251,216,100,4,24,135,165,189,96,0,49,95,86,27,4
2015_3,서울 관악구 서울대입구역_2,42,4,38,2,17,6,6,9,2,0,1,1,0,2,0,2,16,5,6,7,2
2015_3,가산디지털단지역_3,30183,18185,11998,112,6157,10797,7610,3978,1529,57,2886,7146,4793,2211,1092,55,3271,3651,2817,1767,437
2015_3,구로디지털단지역,2678,1844,834,8,535,934,787,301,113,7,276,630,631,213,87,1,259,304,156,88,26
2015_3,서울 관악구 서울대입구역_1,1832,788,1044,5,315,429,515,290,278,0,69,162,237,137,183,5,246,267,278,153,95
2015_3,관악구 사당역_1,3890,1658,2232,17,361,700,1203,1095,514,8,170,368,356,346,410,9,191,332,847,749,104
2015_3,가산디지털단지역_2,59934,36244,23690,2438,17867,19552,12134,5196,2747,1024,8400,12946,8507,3218,2149,1414,9467,6606,3627,1978,598
2015_3,관악구 사당역_2,385,189,196,3,71,88,97,75,51,1,24,42,46,43,33,2,47,46,51,32,18
2015_3,가산디지털단지역_1,24455,16478,7977,155,4212,7689,5985,3852,2562,80,2222,5577,4379,2486,1734,75,1990,2112,1606,1366,828
2015_3,장지역,3770,2410,1360,13,566,1177,1034,632,348,4,267,759,718,404,258,9,299,418,316,228,90
2015_3,포이사거리_1,5603,3065,2538,9,800,1804,1793,966,231,6,450,1157,872,430,150,3,350,647,921,536,81
2015_3,포이사거리_2,7363,4805,2558,9,943,2383,2201,1338,489,2,454,1510,1523,943,373,7,489,873,678,395,116
2015_3,서울 관악구 대학동_1,80,50,30,0,13,19,26,11,11,0,4,10,21,6,9,0,9,9,5,5,2
2015_3,서울 금천구 독산1동_1,2870,2064,806,5,347,703,774,654,387,3,197,472,552,503,337,2,150,231,222,151,50
2015_3,양재 화물트럭터미널앞_2,207,97,110,1,37,87,53,20,9,0,17,24,35,15,6,1,20,63,18,5,3
2015_3,양재 화물트럭터미널앞_1,4134,3242,892,53,986,1326,816,637,316,14,626,1071,681,564,286,39,360,255,135,73,30
2015_3,서울 금천구 시흥1동_4,944,497,447,14,153,174,207,244,152,11,57,95,103,130,101,3,96,79,104,114,51
2015_3,풍성로37가길,40,18,22,0,0,12,14,9,5,0,0,8,6,2,2,0,0,4,8,7,3
2015_3,천호옛길,540,383,157,1,110,160,129,71,69,1,68,118,97,49,50,0,42,42,32,22,19
2015_3,천호옛14길,557,280,277,5,98,121,134,118,81,1,39,59,78,55,48,4,59,62,56,63,33
2015_3,천호대로219길,869,513,356,2,55,173,242,318,79,2,23,101,139,190,58,0,32,72,103,128,21
2015_3,천호대로197길,17,4,13,0,4,2,6,5,0,0,0,2,1,1,0,0,4,0,5,4,0
2015_3,천호대로187길,838,498,340,0,94,183,236,191,134,0,39,120,143,119,77,0,55,63,93,72,57
2015_3,천호대로170길,397,149,248,1,33,76,130,114,43,0,14,51,38,30,16,1,19,25,92,84,27
2015_3,천호대로162길,1030,725,305,1,160,370,234,157,108,0,89,283,179,115,59,1,71,87,55,42,49
2015_3,천중로51길,412,226,186,0,59,101,115,87,50,0,23,61,57,49,36,0,36,40,58,38,14
2015_3,천중로39길,594,206,388,0,43,97,114,162,178,0,10,39,29,54,74,0,33,58,85,108,104
2015_3,진황도로47길,1051,557,494,0,167,162,191,282,249,0,120,108,102,72,155,0,47,54,89,210,94
2015_3,진황도로27길,449,268,181,1,52,149,117,95,35,1,24,99,64,55,25,0,28,50,53,40,10
2015_3,올림픽로98길,55,33,22,0,3,11,20,18,3,0,3,6,12,11,1,0,0,5,8,7,2
2015_3,올림픽로77길,8,5,3,0,0,4,3,0,1,0,0,2,2,0,1,0,0,2,1,0,0
2015_3,올림픽로71길,346,258,88,0,35,94,102,78,37,0,21,68,78,60,31,0,14,26,24,18,6
2015_3,올림픽로48길,5728,3535,2193,5,497,1375,1456,1267,1128,2,209,721,837,897,869,3,288,654,619,370,259
2015_3,양재대로96길,1361,866,495,4,110,212,276,423,336,4,65,129,157,272,239,0,45,83,119,151,97
2015_3,양재대로95길,587,329,258,3,62,138,143,158,83,3,26,78,81,82,59,0,36,60,62,76,24
2015_3,양재대로91길,978,531,447,2,97,164,236,252,227,1,32,92,133,145,128,1,65,72,103,107,99
2015_3,양재대로133길,276,108,168,1,32,65,64,84,30,0,10,33,32,22,11,1,22,32,32,62,19
2015_3,양재대로124길,556,348,208,0,62,158,119,109,108,0,23,116,70,59,80,0,39,42,49,50,28
2015_3,양재대로116길,206,90,116,0,26,53,74,35,18,0,8,20,34,17,11,0,18,33,40,18,7
2015_3,양재대로101길,1334,747,587,3,147,253,297,291,343,2,37,131,169,161,247,1,110,122,128,130,96
2015_3,암사길,365,158,207,1,30,123,108,81,22,1,6,52,48,36,15,0,24,71,60,45,7
2015_3,성안로3길,1478,922,556,5,246,374,387,332,134,2,97,222,260,228,113,3,149,152,127,104,21
2015_3,성내로5길,986,527,459,0,141,274,295,232,44,0,43,148,169,134,33,0,98,126,126,98,11
2015_3,상일로5길,54,31,23,0,6,4,22,17,5,0,4,3,9,11,4,0,2,1,13,6,1
2015_3,상암로5길,447,193,254,5,76,119,135,73,39,5,15,63,56,35,19,0,61,56,79,38,20
2015_3,상암로51길,716,304,412,1,141,145,174,174,81,0,35,71,85,65,48,1,106,74,89,109,33
2015_3,상암로4길,213,170,43,0,56,63,51,35,8,0,44,44,46,30,6,0,12,19,5,5,2
2015_3,상암로14길,432,250,182,0,44,127,109,90,62,0,17,72,60,60,41,0,27,55,49,30,21
2015_3,명일로13길,124,52,72,0,4,23,27,66,4,0,1,9,6,34,2,0,3,14,21,32,2
2015_3,동남로85길,134,73,61,0,11,25,44,38,16,0,4,16,26,20,7,0,7,9,18,18,9
2015_3,동남로82길,12,5,7,0,0,2,8,2,0,0,0,0,4,1,0,0,0,2,4,1,0
2015_3,동남로65길,86,31,55,0,9,12,28,23,14,0,4,3,9,11,4,0,5,9,19,12,10
2015_3,구천면로42길,360,169,191,0,38,90,91,82,59,0,13,42,52,32,30,0,25,48,39,50,29
2015_3,구천면로41길,576,250,326,0,95,165,162,107,47,0,27,78,80,41,24,0,68,87,82,66,23
2015_3,구천면로36길,53,33,20,0,3,11,16,17,6,0,0,11,7,9,6,0,3,0,9,8,0
2015_3,고덕로25길,6,4,2,0,0,0,3,0,3,0,0,0,1,0,3,0,0,0,2,0,0
2015_3,고덕로10길,142,70,72,0,12,28,45,34,23,0,8,12,22,15,13,0,4,16,23,19,10
2015_3,강동대로53길,827,466,361,2,157,240,207,174,47,0,62,150,121,100,33,2,95,90,86,74,14
2015_3,풍성로25길,862,391,471,1,104,228,235,194,100,0,33,100,108,90,60,1,71,128,127,104,40
2015_3,오금로46길,1394,703,691,6,238,417,374,273,86,1,81,220,198,148,55,5,157,197,176,125,31
2015_3,오금로36길,1605,1286,319,6,325,538,505,193,38,1,217,428,449,159,32,5,108,110,56,34,6
2015_3,오금로11길,2246,1447,799,8,314,604,512,462,346,3,144,369,346,302,283,5,170,235,166,160,63
2015_3,양재대로72길,677,381,296,0,104,173,169,145,86,0,38,106,85,81,71,0,66,67,84,64,15
2015_3,양재대로71길,1091,660,431,0,195,313,260,197,126,0,61,180,186,143,90,0,134,133,74,54,36
2015_3,양재대로64길,1547,656,891,10,419,595,326,135,62,7,95,229,191,88,46,3,324,366,135,47,16
2015_3,양재대로62길,5847,3584,2263,6,237,453,522,834,3795,3,113,301,304,389,2474,3,124,152,218,445,1321
2015_3,송파대로30길,1607,1030,577,3,254,439,419,319,173,1,135,303,292,189,110,2,119,136,127,130,63
2015_3,송이로36길,1895,1371,524,16,319,438,491,419,212,10,214,294,364,312,177,6,105,144,127,107,35
2015_3,송이로32길,760,420,340,1,81,172,219,194,93,1,34,95,117,110,63,0,47,77,102,84,30
2015_3,송이로23길,1792,1014,778,1,201,460,446,372,312,1,86,289,220,184,234,0,115,171,226,188,78
2015_3,삼전로13길,1812,1040,772,3,290,414,418,384,303,1,117,236,238,237,211,2,173,178,180,147,92
2015_3,백제고분로50길,3385,1663,1722,1,493,695,793,1006,397,0,207,474,434,375,173,1,286,221,359,631,224
2015_3,백제고분로46길,1627,1036,591,2,211,421,434,348,211,0,105,269,286,227,149,2,106,152,148,121,62
2015_3,백제고분로45길,493,333,160,4,78,144,134,100,33,4,51,90,93,71,24,0,27,54,41,29,9
2015_3,백제고분로42길,117,77,40,0,19,27,32,30,9,0,14,14,20,21,8,0,5,13,12,9,1
2015_3,백제고분로39길,1354,1041,313,1,251,698,262,110,32,0,184,618,151,66,22,1,67,80,111,44,10
2015_3,백제고분로34길,1635,1091,544,2,177,416,440,342,258,0,93,273,291,236,198,2,84,143,149,106,60
2015_3,백제고분로33길,827,526,301,1,76,237,248,178,87,1,25,132,174,124,70,0,51,105,74,54,17
2015_3,백제고분로32길,1038,453,585,8,117,258,260,298,97,3,33,124,124,110,59,5,84,134,136,188,38
2015_3,백제고분로31길,296,190,106,1,20,80,101,69,25,0,11,50,65,48,16,1,9,30,36,21,9
2015_3,백제고분로22길,1083,641,442,4,124,245,319,251,140,1,43,147,191,148,111,3,81,98,128,103,29
2015_3,백제고분로21길,204,139,65,2,33,48,53,42,26,0,17,32,33,33,24,2,16,16,20,9,2
2015_3,마천로51길,123,44,79,0,17,24,31,37,14,0,3,9,11,10,11,0,14,15,20,27,3
2015_3,동남로20길,178,98,80,0,17,38,67,39,17,0,5,21,39,23,10,0,12,17,28,16,7
2015_3,거마로20길,387,175,212,0,46,134,112,70,25,0,12,62,55,35,11,0,34,72,57,35,14
2015_3,학동로77길,2926,1500,1426,6,289,729,683,768,451,6,56,275,300,555,308,0,233,454,383,213,143
2015_3,학동로6길,1988,1088,900,4,438,704,448,262,132,0,181,429,269,117,92,4,257,275,179,145,40
2015_3,학동로56길,979,595,384,0,99,275,269,252,84,0,28,146,164,188,69,0,71,129,105,64,15
2015_3,학동로38길,6746,4428,2318,22,1571,2060,1503,982,608,14,665,1378,1155,778,438,8,906,682,348,204,170
2015_3,테헤란로81길,621,171,450,7,279,220,80,17,18,0,73,56,15,13,14,7,206,164,65,4,4
2015_3,일원로9길,490,273,217,2,39,86,121,121,121,1,17,53,57,63,82,1,22,33,64,58,39
2015_3,일원로3길,218,96,122,0,19,50,53,62,34,0,10,31,29,18,8,0,9,19,24,44,26
2015_3,영동대로65길,3096,1832,1264,5,583,1158,723,379,248,1,241,717,504,209,160,4,342,441,219,170,88
2015_3,영동대로112길,705,494,211,5,144,251,164,96,45,2,89,188,129,55,31,3,55,63,35,41,14
2015_3,언주로81길,8354,3980,4374,27,2705,2805,1683,771,363,8,639,1499,1050,538,246,19,2066,1306,633,233,117
2015_3,압구정로2길,2591,1365,1226,11,572,964,620,287,137,0,194,536,375,155,105,11,378,428,245,132,32
2015_3,선릉로18길,513,302,211,3,45,103,135,141,86,3,20,56,81,88,54,0,25,47,54,53,32
2015_3,선릉로146길,1722,909,813,3,391,717,355,168,88,1,147,399,223,88,51,2,244,318,132,80,37
2015_3,선릉로133길,139,72,67,0,23,40,41,15,20,0,6,20,20,10,16,0,17,20,21,5,4
2015_3,선릉로132길,947,496,451,1,176,280,178,185,127,0,44,121,106,124,101,1,132,159,72,61,26
2015_3,선릉로121길,1656,882,774,1,425,613,381,173,63,0,133,363,229,109,48,1,292,250,152,64,15
2015_3,삼성로75길,2634,1438,1196,11,635,794,564,392,238,0,208,409,363,275,183,11,427,385,201,117,55
2015_3,삼성로69길,259,147,112,0,42,86,69,55,7,0,12,50,45,34,6,0,30,36,24,21,1
2015_3,삼성로64길,626,329,297,2,131,208,150,80,55,1,46,116,92,40,34,1,85,92,58,40,21
2015_3,삼성로63길,154,74,80,0,25,26,54,38,11,0,6,13,27,19,9,0,19,13,27,19,2
2015_3,삼성로57길,864,265,599,3,148,336,211,112,54,1,40,82,70,36,36,2,108,254,141,76,18
2015_3,삼성로147길,803,342,461,1,215,293,164,94,36,0,54,115,92,56,25,1,161,178,72,38,11
2015_3,삼성로115길,320,198,122,3,105,104,59,30,19,0,53,73,41,19,12,3,52,31,18,11,7
2015_3,봉은사로68길,199,103,96,0,55,72,41,20,11,0,19,37,26,15,6,0,36,35,15,5,5
2015_3,봉은사로57길,571,397,174,0,91,200,169,73,38,0,36,133,135,59,34,0,55,67,34,14,4
2015_3,봉은사로43길,958,612,346,0,200,354,249,95,60,0,97,239,185,59,32,0,103,115,64,36,28
2015_3,봉은사로29길,145,95,50,0,38,55,29,15,8,0,20,37,24,11,3,0,18,18,5,4,5
2015_3,봉은사로109길,294,169,125,1,54,79,71,47,42,0,21,49,44,27,28,1,33,30,27,20,14
2015_3,도산대로89길,2450,973,1477,15,679,910,468,250,128,1,158,360,257,127,70,14,521,550,211,123,58
2015_3,도산대로81길,4620,1510,3110,56,1674,1588,863,295,144,10,434,565,299,117,85,46,1240,1023,564,178,59
2015_3,도산대로50길,2717,1937,780,4,303,522,631,699,558,1,166,412,550,529,279,3,137,110,81,170,279
2015_3,도산대로38길,172,95,77,3,37,55,41,24,12,1,9,37,24,18,6,2,28,18,17,6,6
2015_3,도산대로30길,2936,1434,1502,2,808,1149,623,253,101,1,270,590,362,139,72,1,538,559,261,114,29
2015_3,도산대로23길,1318,787,531,6,337,407,275,167,126,0,131,228,185,134,109,6,206,179,90,33,17
2015_3,도산대로15길,1943,899,1044,4,555,708,371,187,118,0,170,367,192,94,76,4,385,341,179,93,42
2015_3,도곡로37길,3335,2224,1111,13,597,1222,859,438,206,5,273,839,630,320,157,8,324,383,229,118,49
2015_3,논현로8길,777,417,360,2,133,224,205,174,39,1,55,156,99,79,27,1,78,68,106,95,12
2015_3,논현로63길,9579,2756,6823,72,1547,2015,4134,1600,211,45,644,837,635,417,178,27,903,1178,3499,1183,33
2015_3,논현로28길,12967,9386,3581,21,2707,5645,2970,1172,452,11,1477,3967,2528,1009,394,10,1230,1678,442,163,58
2015_3,논현로26길,6217,3937,2280,7,844,1668,1258,858,1582,5,459,1276,972,535,690,2,385,392,286,323,892
2015_3,논현로139길,1847,1080,767,9,409,607,392,210,220,0,167,370,250,119,174,9,242,237,142,91,46
2015_3,논현로123길,109,68,41,1,21,31,29,23,4,1,10,23,17,14,3,0,11,8,12,9,1
2015_3,논현로115길,3165,1788,1377,15,758,1176,665,329,222,4,286,652,480,209,157,11,472,524,185,120,65
2015_3,논현로10길,2272,1474,798,3,220,567,599,490,393,2,110,370,396,303,293,1,110,197,203,187,100
2015_3,논현로106길,2821,1537,1284,1,395,752,803,536,334,0,146,479,435,250,227,1,249,273,368,286,107
2015_3,남부순환로365길,186,142,44,0,24,43,67,33,19,0,14,33,52,26,17,0,10,10,15,7,2
2015_3,개포로28길,298,218,80,0,36,95,71,66,30,0,14,80,52,50,22,0,22,15,19,16,8
2015_3,개포로20길,4156,2337,1819,14,661,1057,1179,782,463,12,222,637,658,455,353,2,439,420,521,327,110
2015_3,개포로17길,3455,1990,1465,8,711,1142,833,515,246,5,255,654,551,336,189,3,456,488,282,179,57
2015_3,강남대로140길,4382,2392,1990,17,895,1375,884,788,423,5,281,764,567,429,346,12,614,611,317,359,77
2015_3,강남대로136길,1139,660,479,4,250,440,261,98,86,3,82,272,172,66,65,1,168,168,89,32,21
2015_3,강남대로118길,610,333,277,1,88,170,126,98,127,0,24,93,80,52,84,1,64,77,46,46,43
2015_3,서초중앙로8길,5426,4156,1270,7,910,1899,1442,892,276,5,512,1440,1223,760,216,2,398,459,219,132,60
2015_3,방배중앙로21길,2123,701,1422,5,351,293,574,689,211,4,112,168,184,128,105,1,239,125,390,561,106
2015_3,효령로72길,194,113,81,0,40,40,50,41,23,0,5,28,36,25,19,0,35,12,14,16,4
2015_3,효령로34길,82,37,45,0,7,14,14,40,7,0,5,10,3,13,6,0,2,4,11,27,1
2015_3,효령로31길,1467,877,590,8,282,531,363,188,95,3,101,331,246,127,69,5,181,200,117,61,26
2015_3,효령로23길,724,442,282,1,140,187,208,135,53,0,64,121,134,80,43,1,76,66,74,55,10
2015_3,청두곶길,1882,1319,563,38,496,533,452,262,101,16,321,413,311,186,72,22,175,120,141,76,29
2015_3,주흥길,354,225,129,3,74,127,89,45,16,1,33,76,68,34,13,2,41,51,21,11,3
2015_3,주흥15길,1435,919,516,0,239,452,289,196,259,0,101,311,223,130,154,0,138,141,66,66,105
2015_3,언남길,1951,1432,519,5,244,778,568,244,112,5,135,608,426,173,85,0,109,170,142,71,27
2015_3,신반포로45길,453,285,168,4,99,138,81,49,82,2,40,93,56,37,57,2,59,45,25,12,25
2015_3,서초대로8길,276,193,83,0,19,81,81,58,37,0,14,52,63,40,24,0,5,29,18,18,13
2015_3,서초대로64길,518,352,166,0,97,142,145,77,57,0,42,91,114,61,44,0,55,51,31,16,13
2015_3,서초대로4길,848,626,222,1,130,278,177,104,158,1,72,208,152,64,129,0,58,70,25,40,29
2015_3,서초대로25길,3442,2011,1431,40,733,1096,841,521,211,17,319,658,529,339,149,23,414,438,312,182,62
2015_3,서초대로23길,866,491,375,1,118,199,182,167,199,0,47,140,109,64,131,1,71,59,73,103,68
2015_3,서초대로15길,1068,514,554,4,156,372,278,150,108,0,44,185,139,69,77,4,112,187,139,81,31
2015_3,사평대로57길,216,83,133,2,53,79,44,17,21,0,13,32,23,11,4,2,40,47,21,6,17
2015_3,사평대로26길,15,11,4,0,0,1,6,4,4,0,0,1,4,4,2,0,0,0,2,0,2
2015_3,사평대로22길,1360,847,513,3,293,392,371,210,91,1,145,263,254,138,46,2,148,129,117,72,45
2015_3,사임당로17길,1552,979,573,3,262,585,376,197,129,3,93,403,253,134,93,0,169,182,123,63,36
2015_3,방배로42길,186,85,101,1,59,50,36,19,21,1,8,23,28,10,15,0,51,27,8,9,6
2015_3,방배로35길,2228,1435,793,3,369,615,499,379,363,2,181,404,323,241,284,1,188,211,176,138,79
2015_3,방배로18길,69,36,33,0,18,13,18,9,11,0,9,8,12,2,5,0,9,5,6,7,6
2015_3,반포대로9길,706,486,220,5,129,233,179,100,60,3,69,173,130,69,42,2,60,60,49,31,18
2015_3,바우뫼로39길,2987,1836,1151,3,276,618,502,392,1196,1,133,387,339,226,750,2,143,231,163,166,446
2015_3,마방로2길,3621,2394,1227,17,526,1102,952,790,234,9,228,750,705,533,169,8,298,352,247,257,65
2015_3,방배천로4안길,1572,851,721,2,348,376,385,320,141,0,62,214,276,219,80,2,286,162,109,101,61
2015_3,동산로19길,1358,938,420,1,164,443,381,231,138,0,84,320,277,173,84,1,80,123,104,58,54
2015_3,동산로10길,2188,1224,964,6,260,529,597,525,271,3,116,343,313,268,181,3,144,186,284,257,90
2015_3,동광로39길,47,28,19,0,6,10,16,5,10,0,4,7,7,4,6,0,2,3,9,1,4
2015_3,동광로1길,1341,832,509,1,148,391,366,233,202,0,62,249,232,151,138,1,86,142,134,82,64
2015_3,동광로12길,701,473,228,3,97,182,218,133,68,2,49,122,152,98,50,1,48,60,66,35,18
2015_3,논현로27길,3638,2644,994,8,520,1031,1110,659,310,4,266,703,869,536,266,4,254,328,241,123,44
2015_3,논현로1길,602,362,240,0,90,176,150,119,67,0,43,119,107,59,34,0,47,57,43,60,33
2015_3,남부순환로339길,11537,5060,6477,95,3848,2535,2422,1883,754,51,1517,1527,890,598,477,44,2331,1008,1532,1285,277
2015_3,남부순환로325길,7547,4029,3518,30,1173,2604,2057,1265,418,16,389,1354,1230,709,331,14,784,1250,827,556,87
2015_3,남부순환로317길,1584,1155,429,4,348,650,313,160,109,3,177,524,251,134,66,1,171,126,62,26,43
2015_3,고무래로8길,6857,3838,3019,6,881,2052,1758,1142,1018,2,262,1034,1110,743,687,4,619,1018,648,399,331
2015_3,강남대로8길,3019,2046,973,2,338,896,918,591,274,0,175,637,682,365,187,2,163,259,236,226,87
2015_3,강남대로34길,931,638,293,0,169,398,202,99,63,0,89,271,145,77,56,0,80,127,57,22,7
2015_3,강남대로23길,5774,4221,1553,15,846,1708,1480,1145,580,13,505,1306,1165,847,385,2,341,402,315,298,195
2015_3,소담길,26,8,18,0,3,8,4,8,3,0,0,2,2,1,3,0,3,6,2,7,0
2015_3,원신길,273,114,159,0,50,78,49,61,35,0,4,35,22,30,23,0,46,43,27,31,12
2015_3,양산길,440,314,126,1,31,45,89,129,145,0,6,21,58,101,128,1,25,24,31,28,17
2015_3,호암로24길,573,224,349,3,62,109,140,153,106,1,19,63,51,35,55,2,43,46,89,118,51
2015_3,호암로20길,45,31,14,0,2,12,9,14,8,0,2,11,5,6,7,0,0,1,4,8,1
2015_3,행운길,19,2,17,0,1,1,7,8,2,0,0,0,1,0,1,0,1,1,6,8,1
2015_3,행운1길,76,49,27,0,5,18,29,12,12,0,0,11,21,5,12,0,5,7,8,7,0
2015_3,청림3길,30,18,12,0,5,13,7,2,3,0,1,10,3,2,2,0,4,3,4,0,1
2015_3,청룡길,225,133,92,1,59,79,45,25,16,1,24,48,37,18,5,0,35,31,8,7,11
2015_3,청룡8길,8,4,4,0,0,1,0,3,4,0,0,0,0,1,3,0,0,1,0,2,1
2015_3,중앙길,290,109,181,1,36,62,77,70,44,1,5,23,36,23,21,0,31,39,41,47,23
2015_3,조원중앙로2길,1073,743,330,1,94,266,323,292,97,1,55,169,237,222,59,0,39,97,86,70,38
2015_3,조원로18길,948,492,456,0,102,216,263,223,144,0,27,124,142,116,83,0,75,92,121,107,61
2015_3,조원로10길,272,131,141,0,52,56,55,58,51,0,16,26,23,32,34,0,36,30,32,26,17
2015_3,장군봉2길,322,141,181,0,28,84,87,92,31,0,13,27,34,46,21,0,15,57,53,46,10
2015_3,장군봉1길,100,13,87,0,12,34,30,17,7,0,2,2,3,3,3,0,10,32,27,14,4
2015_3,인헌길,78,38,40,0,13,13,23,15,14,0,6,7,9,6,10,0,7,6,14,9,4
2015_3,은천로25길,286,94,192,0,57,93,60,39,37,0,5,31,20,15,23,0,52,62,40,24,14
2015_3,양녕로6길,913,586,327,4,111,253,260,158,127,3,51,163,174,115,80,1,60,90,86,43,47
2015_3,신원로3길,26,18,8,0,1,6,9,4,6,0,1,4,8,0,5,0,0,2,1,4,1
2015_3,신사로20길,60,33,27,1,11,15,17,12,4,1,3,8,12,7,2,0,8,7,5,5,2
2015_3,신림로64길,227,125,102,1,27,80,67,37,15,1,16,46,35,18,9,0,11,34,32,19,6
2015_3,신림로48길,82,47,35,0,12,16,28,18,8,0,2,12,16,10,7,0,10,4,12,8,1
2015_3,신림로38길,46,20,26,0,3,11,20,8,4,0,1,6,7,5,1,0,2,5,13,3,3
2015_3,신림로28길,308,220,88,0,15,42,81,101,69,0,3,18,54,81,64,0,12,24,27,20,5
2015_3,신림로11길,442,408,34,1,13,28,166,188,46,0,9,23,153,177,46,1,4,5,13,11,0
2015_3,신림동길,438,271,167,1,48,88,94,75,132,1,26,56,51,39,98,0,22,32,43,36,34
2015_3,승방길,499,319,180,1,58,192,142,73,33,0,24,143,90,41,21,1,34,49,52,32,12
2015_3,서림7길,246,89,157,0,14,75,71,69,17,0,3,30,19,27,10,0,11,45,52,42,7
2015_3,봉천로33길,337,221,116,4,37,74,91,68,63,3,17,48,63,45,45,1,20,26,28,23,18
2015_3,봉천로13길,271,78,193,0,24,56,68,93,30,0,6,17,18,24,13,0,18,39,50,69,17
2015_3,복은길,196,73,123,0,21,28,48,65,34,0,7,10,20,25,11,0,14,18,28,40,23
2015_3,법원단지길,2,1,1,0,0,0,1,1,0,0,0,0,0,1,0,0,0,0,1,0,0
2015_3,법원단지9길,85,32,53,0,15,20,22,18,10,0,3,11,6,5,7,0,12,9,16,13,3
2015_3,미성5길,55,26,29,0,4,8,15,14,14,0,0,3,4,7,12,0,4,5,11,7,2
2015_3,대학길,68,32,36,0,7,22,14,20,5,0,3,9,8,9,3,0,4,13,6,11,2
2015_3,대학14길,12,2,10,0,0,1,3,2,6,0,0,1,1,0,0,0,0,0,2,2,6
2015_3,당곡길,339,151,188,1,24,83,104,69,58,0,5,30,47,25,44,1,19,53,57,44,14
2015_3,남현길,211,72,139,1,29,58,61,39,23,1,6,17,24,10,14,0,23,41,37,29,9
2015_3,남현3길,521,305,216,0,45,75,114,155,132,0,8,43,80,88,86,0,37,32,34,67,46
2015_3,남부순환로248길,271,138,133,0,40,80,67,64,20,0,11,48,25,42,12,0,29,32,42,22,8
2015_3,남부순환로234길,126,82,44,0,10,32,39,30,15,0,4,26,25,17,10,0,6,6,14,13,5
2015_3,남부순환로172길,1603,912,691,1,169,284,394,414,341,0,40,158,233,259,222,1,129,126,161,155,119
2015_3,남부순환로161길,15,4,11,0,0,2,8,5,0,0,0,0,2,2,0,0,0,2,6,3,0
2015_3,남부순환로151길,122,74,48,1,9,25,29,34,24,0,4,15,18,16,21,1,5,10,11,18,3
2015_3,남부순환로142길,54,20,34,0,5,12,18,10,9,0,1,4,4,9,2,0,4,8,14,1,7
2015_3,난향길,161,38,123,0,19,36,52,34,20,0,2,4,18,4,10,0,17,32,34,30,10
2015_3,난우길,416,188,228,0,35,67,117,113,84,0,14,22,64,47,41,0,21,45,53,66,43
2015_3,난곡로74길,161,62,99,0,44,32,35,24,26,0,14,11,20,7,10,0,30,21,15,17,16
2015_3,난곡로34길,26,9,17,0,7,6,9,2,2,0,1,1,5,1,1,0,6,5,4,1,1
2015_3,난곡로26길,91,39,52,0,6,19,31,26,9,0,0,5,15,11,8,0,6,14,16,15,1
2015_3,난곡로24길,34,15,19,0,2,5,16,7,4,0,0,1,6,6,2,0,2,4,10,1,2
2015_3,낙성대역길,776,492,284,0,64,107,171,234,200,0,14,51,91,163,173,0,50,56,80,71,27
2015_3,국회단지길,515,230,285,2,97,117,153,93,53,0,24,63,84,35,24,2,73,54,69,58,29
2015_3,구암길,73,29,44,0,8,11,32,10,12,0,4,3,9,5,8,0,4,8,23,5,4
2015_3,관천로22길,17,7,10,0,0,6,6,3,2,0,0,3,2,0,2,0,0,3,4,3,0
2015_3,관천로15길,129,70,59,0,11,30,36,33,19,0,3,15,18,18,16,0,8,15,18,15,3
2015_3,관악로30길,200,63,137,0,38,52,44,44,22,0,9,22,10,12,10,0,29,30,34,32,12
2015_3,관악로28길,152,76,76,0,16,20,47,29,40,0,5,5,16,15,35,0,11,15,31,14,5
2015_3,관악로14길,473,269,204,4,76,110,79,74,130,0,21,72,46,38,92,4,55,38,33,36,38
2015_3,관악로10길,252,179,73,2,22,73,79,43,33,1,14,56,59,28,21,1,8,17,20,15,12
2015_3,흑석로9길,181,75,106,0,51,30,43,38,19,0,19,17,18,13,8,0,32,13,25,25,11
2015_3,흑석로13길,145,23,122,0,46,49,28,18,4,0,2,13,5,2,1,0,44,36,23,16,3
2015_3,장승배기로27길,31,15,16,0,1,9,8,8,5,0,0,2,4,6,3,0,1,7,4,2,2
2015_3,장승배기로19길,2,1,1,0,0,0,0,0,2,0,0,0,0,0,1,0,0,0,0,0,1
2015_3,여의대방로46길,374,110,264,2,48,107,98,81,38,0,8,27,28,29,18,2,40,80,70,52,20
2015_3,여의대방로24길,14842,6826,8016,83,2375,2421,2890,4524,2549,43,1553,1817,1113,1259,1041,40,822,604,1777,3265,1508
2015_3,여의대방로22카길,254,102,152,0,25,46,78,73,32,0,10,33,30,14,15,0,15,13,48,59,17
2015_3,여의대방로22나길,129,46,83,0,16,29,34,37,13,0,2,7,17,12,8,0,14,22,17,25,5
2015_3,여의대방로22길,246,122,124,0,24,55,60,65,42,0,17,39,25,21,20,0,7,16,35,44,22
2015_3,양녕로26길,125,66,59,0,19,20,34,30,22,0,4,10,18,17,17,0,15,10,16,13,5
2015_3,신대방길,116,77,39,0,7,27,36,29,17,0,6,17,21,17,16,0,1,10,15,12,1
2015_3,성대로1길,340,138,202,0,22,68,104,85,61,0,4,35,43,33,23,0,18,33,61,52,38
2015_3,서달로8가길,196,82,114,0,25,34,59,46,32,0,6,8,22,20,26,0,19,26,37,26,6
2015_3,서달로14길,40,16,24,0,13,8,5,9,5,0,2,3,2,4,5,0,11,5,3,5,0
2015_3,서달로10길,73,31,42,0,0,15,22,30,6,0,0,7,6,13,5,0,0,8,16,17,1
2015_3,상도로62길,176,62,114,0,13,35,59,39,30,0,2,11,15,16,18,0,11,24,44,23,12
2015_3,상도로61길,63,35,28,0,6,13,16,15,13,0,0,2,9,11,13,0,6,11,7,4,0
2015_3,상도로47길,70,50,20,0,11,24,15,14,6,0,6,20,11,9,4,0,5,4,4,5,2
2015_3,상도로37길,1919,990,929,20,307,521,504,386,181,0,96,339,263,203,89,20,211,182,241,183,92
2015_3,상도로15길,286,134,152,0,46,84,80,51,25,0,14,40,47,20,13,0,32,44,33,31,12
2015_3,사당로8길,127,67,60,0,12,32,27,41,15,0,5,15,13,26,8,0,7,17,14,15,7
2015_3,사당로30길,323,221,102,0,21,103,123,54,22,0,6,64,87,44,20,0,15,39,36,10,2
2015_3,사당로2차길,89,54,35,0,21,24,20,8,16,0,14,9,16,5,10,0,7,15,4,3,6
2015_3,사당로29길,18,15,3,0,0,1,3,7,7,0,0,0,1,7,7,0,0,1,2,0,0
2015_3,사당로26길,251,143,108,0,30,56,86,58,21,0,10,35,55,27,16,0,20,21,31,31,5
2015_3,사당로23나길,136,44,92,0,17,28,34,27,30,0,2,3,9,8,22,0,15,25,25,19,8
2015_3,사당로23길,25,19,6,0,3,6,7,7,2,0,2,6,3,7,1,0,1,0,4,0,1
2015_3,사당로20길,164,116,48,0,4,30,77,37,16,0,0,20,56,27,13,0,4,10,21,10,3
2015_3,사당로16길,124,35,89,0,6,29,34,45,10,0,0,4,12,12,7,0,6,25,22,33,3
2015_3,사당로16가길,870,558,312,0,20,81,139,173,457,0,12,52,66,97,331,0,8,29,73,76,126
2015_3,만양로8길,65,27,38,0,13,14,16,14,8,0,1,4,10,5,7,0,12,10,6,9,1
2015_3,만양로14길,399,186,213,0,64,107,106,70,52,0,22,49,54,30,31,0,42,58,52,40,21
2015_3,등용로14길,539,413,126,1,71,212,136,58,61,0,51,167,110,38,47,1,20,45,26,20,14
2015_3,동작대로7길,1711,751,960,14,475,432,381,262,147,4,94,193,218,140,102,10,381,239,163,122,45
2015_3,동작대로35길,243,92,151,0,32,57,77,56,21,0,4,29,26,17,16,0,28,28,51,39,5
2015_3,동작대로33길,112,61,51,0,27,30,30,13,12,0,10,17,19,6,9,0,17,13,11,7,3
2015_3,동작대로29길,45,24,21,0,11,3,18,8,5,0,5,3,8,6,2,0,6,0,10,2,3
2015_3,동작대로17길,1329,730,599,7,224,396,387,220,95,5,61,209,252,134,69,2,163,187,135,86,26
2015_3,대방동2길,444,210,234,2,67,127,125,91,32,0,16,69,69,43,13,2,51,58,56,48,19
2015_3,대방동27길,127,68,59,0,14,22,34,35,22,0,8,10,17,22,11,0,6,12,17,13,11
2015_3,노량진로6길,115,32,83,0,12,25,30,37,11,0,1,8,6,14,3,0,11,17,24,23,8
2015_3,국사봉길,32,5,27,0,2,9,7,6,8,0,0,3,1,0,1,0,2,6,6,6,7
2015_3,국사봉2길,94,60,34,0,12,19,21,31,11,0,5,12,16,18,9,0,7,7,5,13,2
2015_3,국사봉1길,7,3,4,0,1,3,1,1,1,0,0,2,0,0,1,0,1,1,1,1,0
2015_3,영신로9길,310,157,153,1,47,108,75,58,21,0,13,67,37,26,14,1,34,41,38,32,7
2015_3,영등포로84길,321,83,238,0,39,49,48,115,70,0,11,20,20,15,17,0,28,29,28,100,53
2015_3,영등포로80길,64,39,25,1,9,18,13,10,13,0,3,7,10,6,13,1,6,11,3,4,0
2015_3,영등포로62길,3,2,1,0,0,3,0,0,0,0,0,2,0,0,0,0,0,1,0,0,0
2015_3,영등포로35길,48,35,13,0,4,16,15,7,6,0,1,13,11,5,5,0,3,3,4,2,1
2015_3,영등포로27길,303,171,132,0,23,73,108,61,38,0,8,41,55,37,30,0,15,32,53,24,8
2015_3,여의대방로43나길,2276,1857,419,0,35,226,447,926,642,0,21,179,354,744,559,0,14,47,93,182,83
2015_3,여의대방로39길,16,12,4,0,0,9,5,1,1,0,0,8,3,1,0,0,0,1,2,0,1
2015_3,여의대방로35길,711,381,330,2,84,167,207,139,112,1,26,85,108,79,82,1,58,82,99,60,30
2015_3,양평로28길,665,537,128,1,33,117,195,229,90,1,13,89,168,190,76,0,20,28,27,39,14
2015_3,양평로22라길,44,27,17,1,3,15,18,2,5,0,3,5,13,1,5,1,0,10,5,1,0
2015_3,양평로19길,3810,3112,698,6,646,1959,825,301,73,1,424,1676,703,250,58,5,222,283,122,51,15
2015_3,신길로60길,418,175,243,0,40,135,131,82,30,0,5,54,63,40,13,0,35,81,68,42,17
2015_3,신길로42길,389,202,187,2,58,120,98,73,38,0,24,68,53,33,24,2,34,52,45,40,14
2015_3,신길로42가길,90,27,63,0,8,22,34,18,8,0,1,6,11,3,6,0,7,16,23,15,2
2015_3,신길로39길,106,49,57,0,12,20,28,25,21,0,2,9,14,15,9,0,10,11,14,10,12
2015_3,신길로17길,44,30,14,1,3,8,12,16,4,1,3,7,6,9,4,0,0,1,6,7,0
2015_3,선유서로28길,412,227,185,0,58,90,108,109,47,0,23,54,59,57,34,0,35,36,49,52,13
2015_3,선유서로25길,2218,1653,565,1,177,525,576,560,379,0,82,390,487,438,256,1,95,135,89,122,123
2015_3,선유서로24길,151,84,67,0,14,29,44,41,23,0,6,18,22,21,17,0,8,11,22,20,6
2015_3,선유로55길,2223,1398,825,4,398,710,565,374,172,2,176,472,378,242,128,2,222,238,187,132,44
2015_3,디지털로74길,55,33,22,0,5,26,9,13,2,0,3,18,4,7,1,0,2,8,5,6,1
2015_3,디지털로57길,7,2,5,0,2,1,3,0,1,0,1,0,0,0,1,0,1,1,3,0,0
2015_3,디지털로37길,210,103,107,1,37,40,51,58,23,1,18,21,23,26,14,0,19,19,28,32,9
2015_3,도신로62길,196,50,146,0,14,54,70,40,18,0,4,15,16,9,6,0,10,39,54,31,12
2015_3,도신로60길,86,12,74,0,4,6,14,19,43,0,0,2,7,0,3,0,4,4,7,19,40
2015_3,도신로29길,72,37,35,0,3,6,20,29,14,0,3,6,13,13,2,0,0,0,7,16,12
2015_3,도신로15길,82,46,36,0,9,12,14,15,32,0,0,3,5,10,28,0,9,9,9,5,4
2015_3,도림천로21길,99,49,50,0,14,23,13,19,30,0,5,10,5,7,22,0,9,13,8,12,8
2015_3,도림로63길,34,21,13,0,2,7,11,11,3,0,1,4,7,7,2,0,1,3,4,4,1
2015_3,도림로147길,1562,1164,398,3,140,318,514,412,175,2,84,239,366,329,144,1,56,79,148,83,31
2015_3,도림로112길,8,7,1,0,2,0,4,1,1,0,2,0,3,1,1,0,0,0,1,0,0
2015_3,대림로8길,1846,629,1217,6,613,496,367,250,114,4,114,169,158,108,76,2,499,327,209,142,38
2015_3,대림로7길,15,5,10,0,3,1,5,6,0,0,0,1,2,2,0,0,3,0,3,4,0
2015_3,대림로44길,44,26,18,0,3,16,10,9,6,0,1,11,5,6,3,0,2,5,5,3,3
2015_3,대림로34길,180,71,109,0,21,43,61,43,12,0,7,13,27,19,5,0,14,30,34,24,7
2015_3,대림로31길,872,444,428,6,169,166,196,194,141,1,108,97,68,80,90,5,61,69,128,114,51
2015_3,대림로29길,1509,723,786,2,214,365,405,365,158,1,40,132,237,198,115,1,174,233,168,167,43
2015_3,대림로22길,291,166,125,1,17,56,98,84,35,0,7,35,60,41,23,1,10,21,38,43,12
2015_3,당산로46길,3136,1716,1420,7,572,615,777,613,552,3,119,355,434,357,448,4,453,260,343,256,104
2015_3,당산로38길,337,267,70,3,38,94,92,60,50,0,17,75,74,54,47,3,21,19,18,6,3
2015_3,당산로37길,3436,2175,1261,14,912,794,678,676,362,11,483,555,436,435,255,3,429,239,242,241,107
2015_3,당산로31길,3977,2217,1760,4,496,1069,990,1006,412,1,159,544,535,685,293,3,337,525,455,321,119
2015_3,국회대로56길,1542,980,562,3,95,262,327,335,520,2,46,191,232,236,273,1,49,71,95,99,247
2015_3,경인로90길,321,199,122,1,32,83,86,78,41,1,15,49,48,54,32,0,17,34,38,24,9
2015_3,경인로80길,1576,1146,430,3,135,333,414,433,258,1,70,211,301,339,224,2,65,122,113,94,34
2015_3,경인로77길,611,441,170,0,76,108,171,162,94,0,28,73,134,125,81,0,48,35,37,37,13
2015_3,가마산로61길,202,84,118,0,25,64,66,30,17,0,6,27,27,14,10,0,19,37,39,16,7
2015_3,시흥대로94길,758,398,360,0,78,182,231,171,96,0,23,103,132,80,60,0,55,79,99,91,36
2015_3,시흥대로84길,170,66,104,0,18,39,56,41,16,0,1,15,20,19,11,0,17,24,36,22,5
2015_3,시흥대로68길,344,122,222,0,26,51,68,80,119,0,9,22,19,29,43,0,17,29,49,51,76
2015_3,시흥대로63길,2664,1417,1247,7,417,846,560,598,236,3,192,376,260,430,156,4,225,470,300,168,80
2015_3,시흥대로62가길,421,115,306,0,31,88,111,141,50,0,7,26,30,32,20,0,24,62,81,109,30
2015_3,시흥대로36길,342,206,136,2,61,98,98,66,17,0,27,66,55,45,13,2,34,32,43,21,4
2015_3,시흥대로22길,467,336,131,2,28,67,109,149,112,0,16,42,78,115,85,2,12,25,31,34,27
2015_3,시흥대로153길,658,364,294,1,67,153,199,169,69,1,28,95,107,91,42,0,39,58,92,78,27
2015_3,시흥대로150길,550,248,302,0,58,129,166,124,73,0,14,42,72,69,51,0,44,87,94,55,22
2015_3,시흥대로141길,670,407,263,0,126,214,147,142,41,0,53,152,97,78,27,0,73,62,50,64,14
2015_3,시흥대로138길,14,7,7,0,0,3,4,6,1,0,0,2,1,3,1,0,0,1,3,3,0
2015_3,시흥대로120길,538,360,178,2,88,139,182,99,28,1,63,101,123,56,16,1,25,38,59,43,12
2015_3,벚꽃로56길,1697,1187,510,5,314,703,419,190,66,3,157,517,322,132,56,2,157,186,97,58,10
2015_3,범안로17길,186,91,95,0,10,33,39,51,53,0,5,19,20,26,21,0,5,14,19,25,32
2015_3,범안로11길,1045,853,192,8,157,312,285,204,79,5,120,260,228,177,63,3,37,52,57,27,16
2015_3,문성로5길,170,53,117,1,8,33,36,58,34,0,2,8,6,23,14,1,6,25,30,35,20
2015_3,독산로85길,69,24,45,0,7,5,18,28,11,0,1,2,6,12,3,0,6,3,12,16,8
2015_3,독산로78다길,234,99,135,0,21,49,64,46,54,0,7,14,14,23,41,0,14,35,50,23,13
2015_3,독산로70길,4,3,1,0,1,0,0,0,3,0,1,0,0,0,2,0,0,0,0,0,1
2015_3,독산로64길,155,40,115,1,38,31,38,36,11,0,5,10,12,11,2,1,33,21,26,25,9
2015_3,독산로50길,49,24,25,0,1,5,19,18,6,0,0,4,8,7,5,0,1,1,11,11,1
2015_3,독산로40길,50,18,32,0,1,14,15,15,5,0,1,5,5,4,3,0,0,9,10,11,2
2015_3,독산로108길,768,328,440,0,156,124,195,197,96,0,48,58,77,86,59,0,108,66,118,111,37
2015_3,남부순환로112길,9,5,4,0,0,1,3,3,2,0,0,1,1,1,2,0,0,0,2,2,0
2015_3,금하로24길,163,56,107,2,23,38,39,38,23,0,5,8,9,19,15,2,18,30,30,19,8
2015_3,금하로1길,54,27,27,0,3,11,17,17,6,0,1,6,7,8,5,0,2,5,10,9,1
2015_3,금하로14길,2,1,1,0,0,0,1,1,0,0,0,0,0,1,0,0,0,0,1,0,0
2015_3,가산로5길,504,392,112,9,71,127,150,111,36,9,58,100,108,90,27,0,13,27,42,21,9
2015_3,가산로3길,2494,1914,580,19,276,552,587,726,334,15,207,471,437,520,264,4,69,81,150,206,70
2015_3,중앙로1길,1390,992,398,3,115,304,271,267,430,1,54,195,192,180,370,2,61,109,79,87,60
2015_3,중앙로15길,195,63,132,0,23,47,61,48,16,0,6,16,10,19,12,0,17,31,51,29,4
2015_3,우마길,30,19,11,1,5,12,5,6,1,0,0,9,5,4,1,1,5,3,0,2,0
2015_3,오류로8길,212,101,111,0,42,55,61,39,15,0,9,30,34,16,12,0,33,25,27,23,3
2015_3,신도림로13길,697,536,161,0,65,131,200,218,83,0,51,103,143,171,68,0,14,28,57,47,15
2015_3,새말로18길,1158,439,719,6,547,351,130,86,38,2,147,171,58,40,21,4,400,180,72,46,17
2015_3,부일로1길,768,627,141,2,36,89,182,275,184,1,20,64,134,236,172,1,16,25,48,39,12
2015_3,부일로15길,182,156,26,0,7,10,28,73,64,0,2,6,22,64,62,0,5,4,6,9,2
2015_3,부일로11길,24,7,17,0,4,4,6,8,2,0,0,0,3,3,1,0,4,4,3,5,1
2015_3,디지털로32길,1246,683,563,1,303,441,217,155,129,1,117,245,132,90,98,0,186,196,85,65,31
2015_3,디지털로32가길,6866,4903,1963,14,1522,2864,1521,644,301,8,841,2130,1188,493,243,6,681,734,333,151,58
2015_3,디지털로27길,398,250,148,1,24,80,124,132,37,0,8,38,74,95,35,1,16,42,50,37,2
2015_3,도림로6길,120,52,68,0,22,45,32,14,7,0,4,20,16,8,4,0,18,25,16,6,3
2015_3,도림로12길,94,37,57,0,16,26,20,28,4,0,2,10,8,13,4,0,14,16,12,15,0
2015_3,남부순환로97길,258,80,178,0,43,69,77,45,24,0,2,16,22,24,16,0,41,53,55,21,8
2015_3,구로중앙로8길,254,103,151,0,25,55,77,68,29,0,3,15,30,34,21,0,22,40,47,34,8
2015_3,구로중앙로7길,182,71,111,0,26,44,53,30,29,0,0,10,22,14,25,0,26,34,31,16,4
2015_3,구로중앙로42길,726,563,163,6,52,144,231,215,78,5,36,109,175,172,66,1,16,35,56,43,12
2015_3,구로중앙로34길,566,316,250,0,50,119,159,162,76,0,27,59,95,96,39,0,23,60,64,66,37
2015_3,구로중앙로28길,2863,1405,1458,2,214,435,605,620,987,0,94,246,390,356,319,2,120,189,215,264,668
2015_3,구로중앙로19길,11,6,5,0,0,2,5,1,3,0,0,2,2,1,1,0,0,0,3,0,2
2015_3,구로동로8길,158,54,104,0,20,32,43,36,27,0,3,11,19,12,9,0,17,21,24,24,18
2015_3,구로동로7길,164,65,99,0,23,39,41,38,23,0,5,9,17,18,16,0,18,30,24,20,7
2015_3,구로동로42길,27,20,7,0,2,5,11,8,1,0,1,4,7,7,1,0,1,1,4,1,0
2015_3,구로동로41길,455,277,178,0,65,129,125,99,37,0,40,76,81,56,24,0,25,53,44,43,13
2015_3,구로동로38길,46,20,26,0,9,6,15,7,9,0,1,3,7,2,7,0,8,3,8,5,2
2015_3,구로동로28길,178,70,108,0,9,42,61,33,33,0,1,18,21,8,22,0,8,24,40,25,11
2015_3,구로동로15길,23,2,21,0,7,9,2,5,0,0,0,1,0,1,0,0,7,8,2,4,0
2015_3,공원로6가길,248,186,62,2,51,69,64,46,16,2,39,55,44,33,13,0,12,14,20,13,3
2015_3,고척로52길,232,75,157,2,22,40,63,88,17,2,8,15,24,14,12,0,14,25,39,74,5
2015_3,고척로27다길,206,82,124,0,16,39,74,53,24,0,2,11,29,25,15,0,14,28,45,28,9
2015_3,고척로27길,229,91,138,0,27,49,67,71,15,0,5,23,26,31,6,0,22,26,41,40,9
2015_3,고척로21나길,257,56,201,0,32,37,45,93,50,0,6,15,6,9,20,0,26,22,39,84,30
2015_3,경인로47길,771,433,338,0,56,118,223,249,125,0,26,57,126,143,81,0,30,61,97,106,44
2015_3,경인로35길,274,121,153,0,17,54,78,89,36,0,6,18,29,40,28,0,11,36,49,49,8
2015_3,경인로31길,51,14,37,0,6,15,21,8,1,0,1,5,4,3,1,0,5,10,17,5,0
2015_3,경인로15길,112,52,60,0,15,44,26,19,8,0,4,25,10,9,4,0,11,19,16,10,4
2015_3,개봉로3길,303,178,125,1,101,53,70,44,34,1,58,31,27,31,30,0,43,22,43,13,4
2015_3,개봉로2길,476,119,357,0,81,126,132,94,43,0,9,27,38,24,21,0,72,99,94,70,22
2015_3,개봉로23가길,872,497,375,1,76,169,236,236,154,1,27,99,129,138,103,0,49,70,107,98,51
2015_3,개봉로20길,114,64,50,0,10,34,44,17,9,0,2,23,22,8,9,0,8,11,22,9,0
2015_3,개봉로1길,39,20,19,0,5,9,14,6,5,0,0,8,5,3,4,0,5,1,9,3,1
2015_3,개봉로17다길,122,51,71,0,2,17,46,40,17,0,0,3,16,19,13,0,2,14,30,21,4
2015_3,개봉로17길,800,380,420,3,98,175,212,203,109,2,30,114,111,63,60,1,68,61,101,140,49
2015_3,개봉로11길,49,11,38,0,10,13,13,13,0,0,0,4,2,5,0,0,10,9,11,8,0
2015_3,화곡로64길,2502,1314,1188,6,539,821,602,357,177,1,131,480,419,202,81,5,408,341,183,155,96
2015_3,화곡로59길,505,202,303,1,94,168,142,67,33,0,18,64,51,39,30,1,76,104,91,28,3
2015_3,화곡로44나길,871,731,140,0,36,98,185,308,244,0,14,69,155,275,218,0,22,29,30,33,26
2015_3,화곡로31길,1303,559,744,0,172,296,330,308,197,0,33,99,135,154,138,0,139,197,195,154,59
2015_3,화곡로20길,494,313,181,2,26,73,125,171,97,2,10,34,68,111,88,0,16,39,57,60,9
2015_3,화곡로13길,258,87,171,1,25,51,84,90,7,1,11,10,26,37,2,0,14,41,58,53,5
2015_3,초원로16길,472,226,246,1,33,72,78,84,204,0,23,46,44,51,62,1,10,26,34,33,142
2015_3,초록마을로8길,174,31,143,0,30,39,42,43,20,0,3,6,8,7,7,0,27,33,34,36,13
2015_3,초록마을로3길,44,23,21,0,6,12,9,8,9,0,0,5,7,4,7,0,6,7,2,4,2
2015_3,월정로20길,4,1,3,0,1,1,1,1,0,0,0,0,0,1,0,0,1,1,1,0,0
2015_3,우장산로6길,321,185,136,0,16,64,98,107,36,0,3,37,61,61,23,0,13,27,37,46,13
2015_3,양천로73가길,1391,904,487,7,96,275,407,391,215,2,29,166,257,266,184,5,67,109,150,125,31
2015_3,양천로71길,206,127,79,0,23,71,53,34,25,0,11,47,28,20,21,0,12,24,25,14,4
2015_3,양천로49길,813,640,173,0,46,121,199,268,179,0,21,77,158,221,163,0,25,44,41,47,16
2015_3,양천로26길,101,44,57,0,8,19,33,28,13,0,5,3,13,13,10,0,3,16,20,15,3
2015_3,양천로24길,214,106,108,1,18,47,66,53,29,0,6,27,30,19,24,1,12,20,36,34,5
2015_3,양천로24가길,685,284,401,0,82,144,172,191,96,0,29,64,66,82,43,0,53,80,106,109,53
2015_3,양천로14길,372,220,152,0,17,44,87,107,117,0,6,30,53,57,74,0,11,14,34,50,43
2015_3,방화대로6라길,732,483,249,2,71,194,293,126,46,2,28,135,206,83,29,0,43,59,87,43,17
2015_3,방화대로21길,746,443,303,4,75,166,207,168,126,1,27,79,115,117,104,3,48,87,92,51,22
2015_3,등촌로5길,10,2,8,0,0,3,5,2,0,0,0,0,2,0,0,0,0,3,3,2,0
2015_3,등촌로55길,460,335,125,0,27,63,91,136,143,0,6,39,62,99,129,0,21,24,29,37,14
2015_3,등촌로51길,9,9,0,0,0,1,7,1,0,0,0,1,7,1,0,0,0,0,0,0,0
2015_3,등촌로39길,48,18,30,0,4,8,17,13,6,0,3,1,5,5,4,0,1,7,12,8,2
2015_3,등촌로13길,216,109,107,1,24,38,76,59,18,0,9,20,28,40,12,1,15,18,48,19,6
2015_3,남부순환로11길,398,282,116,1,49,100,138,78,32,1,22,70,101,61,27,0,27,30,37,17,5
2015_3,까치산로4길,125,45,80,0,9,29,28,33,26,0,1,14,10,13,7,0,8,15,18,20,19
2015_3,국회대로7길,331,203,128,0,48,99,85,67,32,0,24,62,51,43,23,0,24,37,34,24,9
2015_3,공항대로8길,244,141,103,0,16,52,75,73,28,0,5,37,52,36,11,0,11,15,23,37,17
2015_3,공항대로61길,233,148,85,1,30,103,62,27,10,1,11,69,37,21,9,0,19,34,25,6,1
2015_3,공항대로59다길,855,632,223,5,118,251,193,163,125,0,67,192,143,123,107,5,51,59,50,40,18
2015_3,공항대로59길,1228,802,426,4,151,257,324,295,197,3,66,145,217,208,163,1,85,112,107,87,34
2015_3,공항대로55길,903,646,257,3,203,323,194,114,66,2,109,234,159,92,50,1,94,89,35,22,16
2015_3,공항대로42길,10,6,4,0,0,1,3,4,2,0,0,1,2,1,2,0,0,0,1,3,0
2015_3,공항대로38길,236,121,115,0,30,52,67,57,30,0,6,26,42,26,21,0,24,26,25,31,9
2015_3,곰달래로60길,538,272,266,0,70,125,137,123,83,0,20,72,76,56,48,0,50,53,61,67,35
2015_3,곰달래로53길,59,15,44,0,11,11,23,10,4,0,2,3,5,2,3,0,9,8,18,8,1
2015_3,곰달래로47길,30,11,19,0,6,8,9,5,2,0,0,3,4,3,1,0,6,5,5,2,1
2015_3,곰달래로31길,10,8,2,0,0,1,6,1,2,0,0,1,5,1,1,0,0,0,1,0,1
2015_3,곰달래로25길,521,199,322,1,65,121,130,117,87,0,10,36,56,39,58,1,55,85,74,78,29
2015_3,개화동로25길,649,435,214,0,59,121,119,190,160,0,24,68,81,134,128,0,35,53,38,56,32
2015_3,개화동로23길,93,56,37,1,11,21,26,20,14,0,5,11,17,13,10,1,6,10,9,7,4
2015_3,강서로8길,108,69,39,1,20,28,29,22,8,0,13,22,16,14,4,1,7,6,13,8,4
2015_3,강서로5라길,253,150,103,0,21,65,89,59,19,0,11,44,48,33,14,0,10,21,41,26,5
2015_3,강서로5나길,112,70,42,0,12,24,22,28,26,0,4,16,15,16,19,0,8,8,7,12,7
2015_3,강서로5가길,36,22,14,0,3,9,3,16,5,0,3,9,2,5,3,0,0,0,1,11,2
2015_3,강서로47라길,72,40,32,0,6,17,29,13,7,0,2,12,16,5,5,0,4,5,13,8,2
2015_3,강서로47길,384,198,186,0,15,75,116,160,18,0,2,38,46,102,10,0,13,37,70,58,8
2015_3,강서로45다길,706,230,476,6,243,169,142,102,44,2,56,57,53,35,27,4,187,112,89,67,17
2015_3,강서로45길,112,56,56,0,17,20,25,28,22,0,3,11,13,12,17,0,14,9,12,16,5
2015_3,강서로35길,155,93,62,0,25,34,44,35,17,0,12,22,24,22,13,0,13,12,20,13,4
2015_3,강서로29길,277,151,126,1,29,54,85,80,28,1,10,35,47,44,14,0,19,19,38,36,14
2015_3,강서로18길,25,14,11,0,0,3,15,6,1,0,0,2,9,2,1,0,0,1,6,4,0
2015_3,강서로17가길,106,44,62,0,16,33,38,13,6,0,6,14,15,6,3,0,10,19,23,7,3
2015_3,강서로15길,253,131,122,1,22,62,71,64,33,1,6,35,34,32,23,0,16,27,37,32,10
2015_3,가로공원로80길,84,47,37,0,6,32,27,13,6,0,3,20,14,7,3,0,3,12,13,6,3
2015_3,가로공원로76가길,20,8,12,0,5,2,9,3,1,0,0,2,6,0,0,0,5,0,3,3,1
2015_3,화곡로4길,279,108,171,1,43,81,89,50,15,0,9,32,33,24,10,1,34,49,56,26,5
2015_3,화곡로3길,160,50,110,0,18,23,45,68,6,0,3,1,12,29,5,0,15,22,33,39,1
2015_3,지양로7길,223,72,151,0,33,49,64,68,9,0,10,13,15,29,5,0,23,36,49,39,4
2015_3,중앙로55길,369,195,174,1,38,86,132,83,29,1,15,39,69,47,24,0,23,47,63,36,5
2015_3,중앙로51길,114,67,47,0,12,15,37,33,17,0,6,9,19,21,12,0,6,6,18,12,5
2015_3,중앙로47길,98,18,80,0,13,12,19,29,25,0,1,5,4,5,3,0,12,7,15,24,22
2015_3,중앙로45길,163,55,108,1,16,30,43,53,20,0,4,13,12,17,9,1,12,17,31,36,11
2015_3,중앙로36길,2,2,0,0,0,0,0,0,2,0,0,0,0,0,2,0,0,0,0,0,0
2015_3,중앙로32길,548,267,281,1,101,111,131,114,90,0,45,73,60,44,45,1,56,38,71,70,45
2015_3,중앙로25길,258,74,184,0,27,57,78,88,8,0,6,15,18,28,7,0,21,42,60,60,1
2015_3,은행정로7길,445,153,292,0,55,64,94,132,100,0,18,30,39,36,30,0,37,34,55,96,70
2015_3,오목로5길,311,176,135,0,38,75,94,67,37,0,22,42,44,36,32,0,16,33,50,31,5
2015_3,오목로3길,462,436,26,0,5,18,66,222,151,0,2,16,55,214,149,0,3,2,11,8,2
2015_3,오목로30길,162,81,81,0,21,25,57,44,15,0,4,10,30,26,11,0,17,15,27,18,4
2015_3,오목로23길,708,380,328,5,78,201,198,137,89,5,33,115,104,68,55,0,45,86,94,69,34
2015_3,신월로20길,213,79,134,1,26,39,52,62,33,0,4,14,19,23,19,1,22,25,33,39,14
2015_3,신월로15길,758,354,404,1,121,157,214,172,93,0,39,75,91,85,64,1,82,82,123,87,29
2015_3,신목로6길,256,133,123,1,28,61,67,65,34,1,9,33,36,38,16,0,19,28,31,27,18
2015_3,신목로5길,919,346,573,2,90,175,328,224,100,0,18,79,108,86,55,2,72,96,220,138,45
2015_3,신목로2길,99,45,54,0,17,17,24,20,21,0,3,9,9,8,16,0,14,8,15,12,5
2015_3,목동중앙서로8가길,202,105,97,1,10,23,45,83,40,0,1,9,29,44,22,1,9,14,16,39,18
2015_3,목동중앙서로7길,238,86,152,1,22,43,60,72,40,1,9,20,19,19,18,0,13,23,41,53,22
2015_3,목동중앙북로8길,402,177,225,0,5,27,31,79,260,0,2,17,16,26,116,0,3,10,15,53,144
2015_3,목동중앙북로16길,260,79,181,1,35,75,71,58,20,0,4,22,24,18,11,1,31,53,47,40,9
2015_3,목동중앙본로7길,93,33,60,0,18,19,27,23,6,0,1,8,10,10,4,0,17,11,17,13,2
2015_3,목동중앙로3길,103,58,45,0,4,15,20,26,38,0,1,6,8,14,29,0,3,9,12,12,9
2015_3,목동중앙로13나길,245,172,73,0,36,100,56,40,13,0,20,72,44,24,12,0,16,28,12,16,1
2015_3,목동중앙남로3가길,556,380,176,2,43,128,136,181,66,1,18,75,80,153,53,1,25,53,56,28,13
2015_3,목동로9길,2280,1501,779,0,159,541,616,506,458,0,41,240,416,376,428,0,118,301,200,130,30
2015_3,목동로19길,963,377,586,1,133,234,258,228,109,1,34,102,101,78,61,0,99,132,157,150,48
2015_3,목동동로12길,419,169,250,1,72,86,112,108,40,1,15,40,40,40,33,0,57,46,72,68,7
2015_3,목동남로4길,10,5,5,0,0,0,4,5,1,0,0,0,0,4,1,0,0,0,4,1,0
2015_3,남부순환로88길,316,129,187,0,29,57,115,87,28,0,7,21,38,43,20,0,22,36,77,44,8
2015_3,남부순환로79길,520,388,132,0,38,55,139,174,114,0,22,33,98,135,100,0,16,22,41,39,14
2015_3,남부순환로70길,677,490,187,0,29,72,172,197,207,0,10,29,110,151,190,0,19,43,62,46,17
2015_3,남부순환로58길,142,77,65,0,14,32,31,45,20,0,9,19,11,21,17,0,5,13,20,24,3
2015_3,남부순환로40길,21,12,9,0,0,5,11,2,3,0,0,3,6,1,2,0,0,2,5,1,1
2015_3,남부순환로33길,1166,921,245,0,36,82,128,143,777,0,12,50,50,77,732,0,24,32,78,66,45
2015_3,곰달래로5길,48,26,22,0,7,11,12,14,4,0,5,6,7,5,3,0,2,5,5,9,1
2015_3,곰달래로3길,425,218,207,0,22,87,157,123,36,0,9,50,78,57,24,0,13,37,79,66,12
2015_3,곰달래로2길,296,180,116,3,56,99,61,54,23,3,28,74,37,29,9,0,28,25,24,25,14
2015_3,곰달래로10길,358,278,80,0,18,47,71,129,93,0,6,31,44,106,91,0,12,16,27,23,2
2015_3,가로공원로58길,94,20,74,0,15,24,31,17,7,0,2,4,6,3,5,0,13,20,25,14,2
2015_3,효창원로93길,109,57,52,0,16,38,45,6,4,0,7,18,28,2,2,0,9,20,17,4,2
2015_3,토정로37길,142,56,86,0,20,28,38,34,22,0,6,13,15,9,13,0,14,15,23,25,9
2015_3,월드컵로8길,1537,879,658,3,198,402,298,203,433,1,51,176,180,106,365,2,147,226,118,97,68
2015_3,월드컵로7길,4,2,2,0,1,1,1,0,1,0,0,0,1,0,1,0,1,1,0,0,0
2015_3,월드컵로36길,115,32,83,0,16,24,22,32,21,0,0,6,6,12,8,0,16,18,16,20,13
2015_3,월드컵로25길,292,159,133,1,39,85,89,51,27,1,19,52,44,24,19,0,20,33,45,27,8
2015_3,월드컵로19길,419,177,242,1,55,102,83,85,93,0,13,54,45,27,38,1,42,48,38,58,55
2015_3,월드컵로16길,2333,1458,875,8,327,637,490,323,548,3,122,366,295,198,474,5,205,271,195,125,74
2015_3,월드컵로11길,207,72,135,0,64,50,55,22,16,0,15,22,16,10,9,0,49,28,39,12,7
2015_3,월드컵로10길,1711,915,796,4,439,559,346,243,120,1,133,305,241,163,72,3,306,254,105,80,48
2015_3,와우산로3길,164,96,68,1,33,61,38,25,6,1,14,35,27,15,4,0,19,26,11,10,2
2015_3,와우산로29길,126,63,63,0,30,40,34,11,11,0,14,18,20,6,5,0,16,22,14,5,6
2015_3,와우산로29가길,16,5,11,0,4,4,6,2,0,0,0,1,3,1,0,0,4,3,3,1,0
2015_3,양화진길,462,330,132,0,52,145,116,118,31,0,14,100,89,100,27,0,38,45,27,18,4
2015_3,양화로1길,4265,2218,2047,3,916,1848,1051,336,111,0,222,993,724,226,53,3,694,855,327,110,58
2015_3,양화로11길,386,246,140,0,62,128,125,41,30,0,15,81,103,27,20,0,47,47,22,14,10
2015_3,신촌로30길,27,13,14,2,2,3,11,7,2,2,0,3,4,2,2,0,2,0,7,5,0
2015_3,신촌로28가길,118,49,69,0,10,34,28,27,19,0,2,8,11,15,13,0,8,26,17,12,6
2015_3,신촌로12길,1181,545,636,2,340,309,264,176,90,1,200,176,83,39,46,1,140,133,181,137,44
2015_3,숭문길,712,399,313,0,106,229,193,123,61,0,51,140,111,54,43,0,55,89,82,69,18
2015_3,숭문8길,114,67,47,0,10,24,37,35,8,0,1,8,28,24,6,0,9,16,9,11,2
2015_3,성지3길,498,274,224,2,97,147,135,67,50,1,31,80,84,44,34,1,66,67,51,23,16
2015_3,성산로4길,2210,1442,768,13,455,656,542,351,193,3,220,425,396,245,153,10,235,231,146,106,40
2015_3,성미산로32길,283,155,128,2,45,84,78,43,31,2,16,48,48,24,17,0,29,36,30,19,14
2015_3,성미산로1길,599,478,121,1,63,153,134,95,153,1,28,110,106,85,148,0,35,43,28,10,5
2015_3,성미산로11길,970,659,311,7,148,357,235,151,72,6,60,243,170,124,56,1,88,114,65,27,16
2015_3,백범로16길,543,289,254,37,182,135,89,76,24,15,72,76,54,56,16,22,110,59,35,20,8
2015_3,방울내로9안길,331,197,134,1,28,77,116,77,32,0,6,40,67,56,28,1,22,37,49,21,4
2015_3,모래내로7길,244,129,115,0,25,52,90,50,27,0,7,28,49,27,18,0,18,24,41,23,9
2015_3,매봉산로2길,1803,1200,603,2,400,727,419,213,42,2,200,498,314,163,23,0,200,229,105,50,19
2015_3,망원로2길,190,125,65,0,12,57,72,38,11,0,4,35,49,28,9,0,8,22,23,10,2
2015_3,망원로11길,860,473,387,1,84,254,252,163,106,0,22,155,156,81,59,1,62,99,96,82,47
2015_3,만리재옛길,1250,508,742,11,524,359,204,87,65,4,196,188,52,39,29,7,328,171,152,48,36
2015_3,마포대로4길,292,127,165,1,15,41,74,95,66,0,9,26,18,25,49,1,6,15,56,70,17
2015_3,마포대로20길,1197,615,582,1,237,354,317,190,98,0,71,178,190,119,57,1,166,176,127,71,41
2015_3,마포대로12길,68,35,33,0,2,13,24,18,11,0,2,5,12,8,8,0,0,8,12,10,3
2015_3,동교로38길,198,77,121,0,54,63,51,22,8,0,19,21,20,10,7,0,35,42,31,12,1
2015_3,동교로27길,3012,1415,1597,12,601,998,567,565,269,5,170,553,366,196,125,7,431,445,201,369,144
2015_3,동교로25길,360,203,157,3,77,166,83,22,9,1,25,93,60,17,7,2,52,73,23,5,2
2015_3,동교로19길,4203,2570,1633,7,671,1015,960,959,591,1,237,635,682,597,418,6,434,380,278,362,173
2015_3,동교로17길,785,394,391,1,128,245,229,132,50,0,42,116,140,70,26,1,86,129,89,62,24
2015_3,독막로8길,345,162,183,0,57,113,90,65,20,0,21,49,50,28,14,0,36,64,40,37,6
2015_3,독막로32길,464,191,273,0,71,131,137,87,38,0,16,61,59,28,27,0,55,70,78,59,11
2015_3,독막로22길,81,43,38,0,15,22,18,20,6,0,5,10,9,15,4,0,10,12,9,5,2
2015_3,도화길,1079,534,545,1,185,252,253,198,190,0,50,126,155,94,109,1,135,126,98,104,81
2015_3,도화4길,347,118,229,1,55,73,87,70,61,0,8,21,27,21,41,1,47,52,60,49,20
2015_3,대흥로28길,60,50,10,0,6,30,17,6,1,0,3,29,13,4,1,0,3,1,4,2,0
2015_3,대흥로21길,570,109,461,0,80,140,215,78,57,0,23,32,25,12,17,0,57,108,190,66,40
2015_3,광성로6길,105,72,33,0,14,29,30,15,17,0,9,22,17,11,13,0,5,7,13,4,4
2015_3,홍제내길,96,56,40,0,11,30,22,25,8,0,2,21,16,12,5,0,9,9,6,13,3
2015_3,홍연길,79,49,30,0,4,19,26,18,12,0,2,16,15,10,6,0,2,3,11,8,6
2015_3,통일로39길,9,8,1,0,0,2,4,2,1,0,0,2,3,2,1,0,0,0,1,0,0
2015_3,통일로37길,367,149,218,0,55,88,91,78,55,0,18,29,43,32,27,0,37,59,48,46,28
2015_3,통일로11길,14,11,3,0,0,6,6,2,0,0,0,4,6,1,0,0,0,2,0,1,0
2015_3,충정로6길,14839,8168,6671,28,2337,5085,4831,2186,372,16,923,2538,2978,1425,288,12,1414,2547,1853,761,84
2015_3,충정로4길,2802,1894,908,3,438,1298,776,227,60,1,155,853,619,211,55,2,283,445,157,16,5
2015_3,증가로6길,247,90,157,0,31,70,48,61,37,0,4,38,21,22,5,0,27,32,27,39,32
2015_3,증가로23나길,444,219,225,13,95,148,96,59,33,7,49,74,36,28,25,6,46,74,60,31,8
2015_3,증가로20가길,294,103,191,0,41,57,74,93,29,0,9,16,26,38,14,0,32,41,48,55,15
2015_3,증가로10길,172,94,78,0,17,31,43,44,37,0,1,11,22,30,30,0,16,20,21,14,7
2015_3,응암로1길,317,241,76,0,9,44,84,125,55,0,4,29,64,101,43,0,5,15,20,24,12
2015_3,연희로10길,94,63,31,0,8,12,34,26,14,0,1,7,24,20,11,0,7,5,10,6,3
2015_3,신촌로37길,155,66,89,0,22,28,39,37,29,0,5,12,14,20,15,0,17,16,25,17,14
2015_3,수색로8길,2700,2618,82,0,7,18,41,178,2456,0,3,7,27,162,2419,0,4,11,14,16,37
2015_3,세무서길,327,119,208,1,53,72,91,72,38,0,14,27,30,26,22,1,39,45,61,46,16
2015_3,세검정로1길,241,142,99,0,35,71,67,48,20,0,16,42,46,24,14,0,19,29,21,24,6
2015_3,북아현로4길,402,95,307,1,44,62,100,113,82,1,7,20,20,22,25,0,37,42,80,91,57
2015_3,모래내로15길,86,27,59,0,6,8,30,25,17,0,1,1,6,10,9,0,5,7,24,15,8
2015_3,명지대길,335,245,90,0,31,43,67,107,87,0,10,24,44,88,79,0,21,19,23,19,8
2015_3,독립문로8길,660,249,411,1,122,180,146,134,77,0,23,66,73,48,39,1,99,114,73,86,38
2015_3,가재울로6길,10,7,3,0,0,1,6,1,2,0,0,1,5,0,1,0,0,0,1,1,1
2015_3,통일로92길,61,30,31,0,11,10,12,21,7,0,7,5,4,8,6,0,4,5,8,13,1
2015_3,통일로87길,218,100,118,0,26,48,64,48,32,0,7,26,32,19,16,0,19,22,32,29,16
2015_3,통일로78길,206,64,142,0,20,57,47,44,38,0,0,21,18,7,18,0,20,36,29,37,20
2015_3,진흥로1길,538,182,356,0,76,178,172,88,24,0,29,69,45,22,17,0,47,109,127,66,7
2015_3,진흥로12길,411,184,227,1,53,113,129,79,36,1,14,51,58,34,26,0,39,62,71,45,10
2015_3,증산서길,374,280,94,1,33,46,73,95,126,0,7,23,46,85,119,1,26,23,27,10,7
2015_3,증산로9길,92,33,59,0,11,32,23,24,2,0,4,13,7,7,2,0,7,19,16,17,0
2015_3,증산로5길,721,367,354,4,56,141,205,212,103,0,19,49,80,134,85,4,37,92,125,78,18
2015_3,증산로21길,252,171,81,0,26,40,43,78,65,0,9,19,29,57,57,0,17,21,14,21,8
2015_3,증산로17길,774,380,394,1,38,95,196,195,249,0,13,45,106,102,114,1,25,50,90,93,135
2015_3,증산로15길,179,64,115,0,24,32,43,52,28,0,2,12,13,21,16,0,22,20,30,31,12
2015_3,증산로13길,70,36,34,0,4,18,20,22,6,0,1,14,10,7,4,0,3,4,10,15,2
2015_3,응암로34길,94,61,33,3,19,16,26,19,11,0,16,13,10,12,10,3,3,3,16,7,1
2015_3,응암로22길,163,56,107,0,21,27,34,44,37,0,6,8,17,8,17,0,15,19,17,36,20
2015_3,응암로14길,331,103,228,0,61,74,112,61,23,0,13,19,34,23,14,0,48,55,78,38,9
2015_3,응암로13길,233,90,143,0,24,63,80,41,25,0,3,22,35,18,12,0,21,41,45,23,13
2015_3,응암로12길,202,94,108,0,27,61,58,40,16,0,7,33,27,19,8,0,20,28,31,21,8
2015_3,은평로8길,255,138,117,2,45,49,67,64,28,0,24,26,47,30,11,2,21,23,20,34,17
2015_3,은평로3길,298,94,204,0,39,80,92,59,28,0,6,27,23,19,19,0,33,53,69,40,9
2015_3,은평로20길,21,9,12,0,2,5,9,4,1,0,1,1,4,2,1,0,1,4,5,2,0
2015_3,은평로13길,529,348,181,1,61,107,155,133,72,1,27,65,103,95,57,0,34,42,52,38,15
2015_3,은평로10길,311,194,117,1,32,99,84,57,38,1,16,68,44,34,31,0,16,31,40,23,7
2015_3,연서로5길,55,23,32,0,3,17,18,10,7,0,0,9,8,3,3,0,3,8,10,7,4
2015_3,연서로41길,234,67,167,0,22,55,74,61,22,0,3,11,17,22,14,0,19,44,57,39,8
2015_3,연서로3길,114,47,67,0,15,19,28,38,14,0,10,8,9,13,7,0,5,11,19,25,7
2015_3,연서로34길,124,36,88,0,25,33,29,32,5,0,4,13,5,11,3,0,21,20,24,21,2
2015_3,연서로33길,21,5,16,0,2,7,6,6,0,0,0,0,2,3,0,0,2,7,4,3,0
2015_3,연서로29길,317,119,198,0,30,69,90,97,31,0,10,27,32,34,16,0,20,42,58,63,15
2015_3,연서로28길,741,368,373,4,105,155,173,167,137,0,41,86,100,68,73,4,64,69,73,99,64
2015_3,연서로27길,64,30,34,1,13,10,19,14,7,0,1,5,8,11,5,1,12,5,11,3,2
2015_3,연서로21길,269,137,132,0,30,69,98,54,18,0,9,45,42,27,14,0,21,24,56,27,4
2015_3,연서로17길,1041,388,653,1,144,213,277,265,141,0,45,116,99,73,55,1,99,97,178,192,86
2015_3,연서로16길,323,118,205,0,71,100,66,59,27,0,21,41,19,23,14,0,50,59,47,36,13
2015_3,연서로13길,702,232,470,8,104,171,222,164,33,2,35,68,78,31,18,6,69,103,144,133,15
2015_3,연서로11길,179,96,83,0,17,43,62,46,11,0,10,23,35,23,5,0,7,20,27,23,6
2015_3,역말로9길,21,18,3,0,0,8,8,4,1,0,0,8,7,3,0,0,0,0,1,1,1
2015_3,수색로18길,643,530,113,0,1,197,244,177,24,0,1,161,208,143,17,0,0,36,36,34,7
2015_3,서오릉로8길,31,14,17,0,6,8,4,6,7,0,0,3,1,5,5,0,6,5,3,1,2
2015_3,서오릉로21길,451,143,308,0,32,78,107,93,141,0,10,25,38,25,45,0,22,53,69,68,96
2015_3,불광천길,171,82,89,1,17,37,42,49,25,0,5,20,23,19,15,1,12,17,19,30,10
2015_3,갈현로7길,968,255,713,0,181,257,225,228,77,0,48,85,55,45,22,0,133,172,170,183,55
2015_3,갈현로41길,88,28,60,0,8,29,17,21,13,0,5,10,5,7,1,0,3,19,12,14,12
2015_3,갈현로33길,42,11,31,0,9,6,10,12,5,0,2,2,3,3,1,0,7,4,7,9,4
2015_3,갈현로1길,134,62,72,0,5,24,35,40,30,0,5,13,11,11,22,0,0,11,24,29,8
2015_3,가좌로7길,51,24,27,0,5,12,16,7,11,0,0,5,5,4,10,0,5,7,11,3,1
2015_3,한글비석로44길,450,254,196,1,38,70,105,148,88,0,12,37,45,92,68,1,26,33,60,56,20
2015_3,한글비석로24길,356,147,209,0,23,43,83,136,71,0,4,18,41,54,30,0,19,25,42,82,41
2015_3,한글비석로22길,681,286,395,0,55,140,183,208,95,0,12,78,72,78,46,0,43,62,111,130,49
2015_3,석계로1길,106,67,39,0,10,21,32,35,8,0,6,10,21,23,7,0,4,11,11,12,1
2015_3,상계로9가길,266,91,175,0,20,32,74,86,54,0,8,17,23,26,17,0,12,15,51,60,37
2015_3,상계로12길,13,9,4,0,0,0,6,7,0,0,0,0,5,4,0,0,0,0,1,3,0
2015_3,동일로242길,521,411,110,0,8,36,114,69,294,0,3,22,71,49,266,0,5,14,43,20,28
2015_3,동일로192길,442,225,217,2,36,58,118,141,87,1,16,38,58,59,53,1,20,20,60,82,34
2015_3,동일로173가길,2361,1304,1057,4,269,503,657,561,367,4,97,360,354,211,278,0,172,143,303,350,89
2015_3,공릉로58길,92,39,53,0,7,13,24,30,18,0,4,8,11,9,7,0,3,5,13,21,11
2015_3,해등로16길,75,60,15,0,5,28,22,14,6,0,2,23,18,12,5,0,3,5,4,2,1
2015_3,우이천로4다길,187,109,78,2,17,31,59,51,27,2,7,17,30,33,20,0,10,14,29,18,7
2015_3,우이천로32길,95,46,49,0,13,16,37,21,8,0,1,13,15,10,7,0,12,3,22,11,1
2015_3,시루봉로23길,37,16,21,0,8,7,11,8,3,0,1,2,5,6,2,0,7,5,6,2,1
2015_3,삼양로144길,74,55,19,0,9,13,25,18,9,0,8,6,19,13,9,0,1,7,6,5,0
2015_3,방학로6가길,159,90,69,0,18,30,53,38,20,0,8,14,27,25,16,0,10,16,26,13,4
2015_3,방학로5길,148,81,67,3,17,26,41,38,23,2,4,18,24,19,14,1,13,8,17,19,9
2015_3,방학로15길,330,220,110,1,16,30,76,127,80,0,8,14,42,85,71,1,8,16,34,42,9
2015_3,방학로10길,141,76,65,0,11,13,22,41,54,0,6,4,9,15,42,0,5,9,13,26,12
2015_3,도봉산4길,314,277,37,0,4,24,96,136,54,0,2,20,88,119,48,0,2,4,8,17,6
2015_3,도봉로181길,252,123,129,0,22,41,57,55,77,0,8,20,28,22,45,0,14,21,29,33,32
2015_3,도봉로169나길,230,124,106,0,27,46,62,58,37,0,8,21,40,31,24,0,19,25,22,27,13
2015_3,도봉로156길,263,144,119,2,32,67,71,59,32,0,19,39,38,26,22,2,13,28,33,33,10
2015_3,도봉로152가길,441,384,57,0,13,44,77,181,126,0,5,29,65,169,116,0,8,15,12,12,10
2015_3,도봉로147길,613,352,261,2,52,123,181,192,63,0,32,79,117,102,22,2,20,44,64,90,41
2015_3,도봉로114길,454,144,310,0,105,110,102,103,34,0,13,35,37,42,17,0,92,75,65,61,17
2015_3,도봉로109길,16,6,10,0,4,4,4,1,3,0,0,2,1,0,3,0,4,2,3,1,0
2015_3,도당로29길,903,544,359,6,176,231,213,205,72,5,86,144,107,142,60,1,90,87,106,63,12
2015_3,도당로19길,164,74,90,0,15,33,60,46,10,0,4,18,23,23,6,0,11,15,37,23,4
2015_3,도당로13바길,204,72,132,0,26,39,59,55,25,0,6,19,15,20,12,0,20,20,44,35,13
2015_3,도당로13가길,133,60,73,0,13,26,49,24,21,0,3,12,23,11,11,0,10,14,26,13,10
2015_3,덕릉로60길,68,39,29,0,4,12,30,15,7,0,2,6,15,12,4,0,2,6,15,3,3
2015_3,노해로63다길,494,217,277,2,68,131,127,114,52,2,18,67,59,41,30,0,50,64,68,73,22
2015_3,노해로60길,303,140,163,0,37,72,87,84,23,0,9,32,36,48,15,0,28,40,51,36,8
2015_3,한천로140길,113,66,47,1,4,19,28,34,27,0,2,10,14,25,15,1,2,9,14,9,12
2015_3,한천로139가길,59,34,25,0,8,16,19,11,5,0,4,10,12,6,2,0,4,6,7,5,3
2015_3,한천로132길,314,113,201,3,43,70,77,78,43,0,6,33,27,28,19,3,37,37,50,50,24
2015_3,한천로130길,274,117,157,0,35,70,99,61,9,0,5,33,49,25,5,0,30,37,50,36,4
2015_3,한천로124나길,93,44,49,0,5,25,25,27,11,0,3,11,8,14,8,0,2,14,17,13,3
2015_3,한천로109길,603,276,327,3,91,140,162,146,61,3,32,69,78,61,33,0,59,71,84,85,28
2015_3,인수봉로79길,167,34,133,0,20,53,41,43,10,0,3,7,10,8,6,0,17,46,31,35,4
2015_3,인수봉로72길,89,48,41,0,12,13,18,22,24,0,2,9,9,11,17,0,10,4,9,11,7
2015_3,인수봉로56길,9,1,8,0,1,5,3,0,0,0,0,1,0,0,0,0,1,4,3,0,0
2015_3,오패산로67길,530,291,239,2,57,112,132,136,91,2,24,63,72,81,49,0,33,49,60,55,42
2015_3,오패산로52길,82,24,58,0,13,16,26,17,10,0,1,5,5,7,6,0,12,11,21,10,4
2015_3,수유로12길,245,151,94,5,34,68,57,40,41,1,18,40,36,23,33,4,16,28,21,17,8
2015_3,솔샘로65길,519,235,284,3,52,128,153,120,63,0,9,46,66,65,49,3,43,82,87,55,14
2015_3,솔매로50길,687,276,411,1,88,194,208,144,52,1,20,64,77,71,43,0,68,130,131,73,9
2015_3,솔매로45길,250,99,151,0,23,54,70,74,29,0,5,18,29,33,14,0,18,36,41,41,15
2015_3,솔매로41길,86,25,61,1,13,17,27,21,7,0,2,6,7,6,4,1,11,11,20,15,3
2015_3,삼양로93길,17,4,13,0,1,2,7,7,0,0,0,0,2,2,0,0,1,2,5,5,0
2015_3,삼양로77길,403,140,263,0,49,77,114,102,61,0,18,36,40,26,20,0,31,41,74,76,41
2015_3,삼양로54길,4,2,2,0,0,2,2,0,0,0,0,1,1,0,0,0,0,1,1,0,0
2015_3,삼양로41길,329,154,175,0,36,75,113,81,24,0,18,36,52,36,12,0,18,39,61,45,12
2015_3,삼양로24길,77,33,44,0,8,9,23,19,18,0,1,5,12,5,10,0,7,4,11,14,8
2015_3,삼양로20길,122,44,78,0,15,28,42,28,9,0,2,10,14,10,8,0,13,18,28,18,1
2015_3,삼각산로28길,669,386,283,3,68,122,132,204,140,0,22,62,65,122,115,3,46,60,67,82,25
2015_3,도봉로99길,171,98,73,0,19,39,59,35,19,0,6,23,36,22,11,0,13,16,23,13,8
2015_3,도봉로8길,266,184,82,0,44,83,74,43,22,0,36,68,49,19,12,0,8,15,25,24,10
2015_3,도봉로76길,324,166,158,0,16,43,70,82,113,0,0,23,38,41,64,0,16,20,32,41,49
2015_3,도봉로67길,8,4,4,0,0,0,6,2,0,0,0,0,2,2,0,0,0,0,4,0,0
2015_3,도봉로45길,156,98,58,0,12,29,49,33,33,0,7,17,29,19,26,0,5,12,20,14,7
2015_3,도봉로18길,537,253,284,0,56,128,143,144,66,0,23,73,64,59,34,0,33,55,79,85,32
2015_3,도봉로13길,25,10,15,0,0,4,6,11,4,0,0,1,2,3,4,0,0,3,4,8,0
2015_3,덕릉로41길,688,577,111,0,47,195,214,208,24,0,31,158,187,183,18,0,16,37,27,25,6
2015_3,덕릉로40길,906,693,213,4,61,115,268,321,137,3,36,78,213,258,105,1,25,37,55,63,32
2015_3,노해로33길,31,12,19,0,8,7,4,8,4,0,1,2,1,5,3,0,7,5,3,3,1
2015_3,노해로17길,241,131,110,0,23,54,60,70,34,0,3,39,42,33,14,0,20,15,18,37,20
2015_3,화랑로40길,139,73,66,0,11,38,42,32,16,0,3,16,23,18,13,0,8,22,19,14,3
2015_3,화랑로32길,408,295,113,5,64,143,130,55,11,0,22,120,97,51,5,5,42,23,33,4,6
2015_3,화랑로1길,191,100,91,0,18,34,44,70,25,0,5,13,26,47,9,0,13,21,18,23,16
2015_3,화랑로19길,437,231,206,0,46,122,154,84,31,0,19,66,86,43,17,0,27,56,68,41,14
2015_3,화랑로14길,40,19,21,0,2,9,17,9,3,0,1,3,9,4,2,0,1,6,8,5,1
2015_3,화랑로13길,101,50,51,0,16,24,40,19,2,0,7,9,21,11,2,0,9,15,19,8,0
2015_3,한천로76길,115,68,47,0,4,17,37,37,20,0,2,14,24,18,10,0,2,3,13,19,10
2015_3,한천로101가길,66,44,22,1,4,10,24,22,5,0,3,6,18,14,3,1,1,4,6,8,2
2015_3,창경궁로43길,30,15,15,0,3,8,9,8,2,0,1,5,5,3,1,0,2,3,4,5,1
2015_3,지봉로20길,112,67,45,0,10,31,35,25,11,0,6,16,21,15,9,0,4,15,14,10,2
2015_3,종암로5길,107,77,30,0,12,37,35,16,7,0,9,30,26,7,5,0,3,7,9,9,2
2015_3,종암로24가길,270,145,125,1,42,75,66,62,24,0,15,34,35,41,20,1,27,41,31,21,4
2015_3,종암로21길,122,44,78,1,13,23,46,25,14,0,1,8,19,9,7,1,12,15,27,16,7
2015_3,종암로19길,369,108,261,0,74,67,96,95,37,0,11,28,32,18,19,0,63,39,64,77,18
2015_3,종암로16길,68,31,37,0,5,12,25,16,10,0,0,6,12,4,9,0,5,6,13,12,1
2015_3,정릉로8길,209,124,85,0,45,55,52,32,25,0,16,33,32,20,23,0,29,22,20,12,2
2015_3,정릉로27길,211,96,115,0,37,53,50,39,32,0,12,25,28,13,18,0,25,28,22,26,14
2015_3,장위로50길,987,540,447,3,85,174,234,257,234,0,33,103,121,142,141,3,52,71,113,115,93
2015_3,장월로1길,397,156,241,3,61,75,118,85,55,3,26,42,38,24,23,0,35,33,80,61,32
2015_3,인촌로6길,2186,1150,1036,12,240,391,518,498,527,4,87,230,208,262,359,8,153,161,310,236,168
2015_3,인촌로5길,26,6,20,0,3,2,10,9,2,0,1,1,2,2,0,0,2,1,8,7,2
2015_3,인촌로24길,347,160,187,0,67,178,62,27,13,0,27,82,37,10,4,0,40,96,25,17,9
2015_3,개운사길,2756,1817,939,0,217,726,859,710,244,0,73,395,617,544,188,0,144,331,242,166,56
2015_3,인촌로1길,143,98,45,1,21,42,45,23,11,0,10,28,34,18,8,1,11,14,11,5,3
2015_3,인촌로17가길,2997,1157,1840,1,839,993,700,387,77,0,139,363,357,230,68,1,700,630,343,157,9
2015_3,오패산로4길,530,180,350,2,96,121,133,104,74,0,22,50,44,33,31,2,74,71,89,71,43
2015_3,오패산로3길,1278,739,539,3,234,353,354,220,114,1,102,212,240,125,59,2,132,141,114,95,55
2015_3,오패산로19길,44,19,25,0,6,18,14,3,3,0,0,10,7,0,2,0,6,8,7,3,1
2015_3,안암로5길,550,346,204,0,83,138,149,113,67,0,23,82,102,83,56,0,60,56,47,30,11
2015_3,아리랑로4길,697,252,445,0,55,105,203,210,124,0,22,45,74,57,54,0,33,60,129,153,70
2015_3,솔샘로6길,138,66,72,0,32,31,36,30,9,0,11,18,16,16,5,0,21,13,20,14,4
2015_3,성북로8길,61,29,32,0,18,23,11,6,3,0,4,12,7,4,2,0,14,11,4,2,1
2015_3,삼양로8길,81,45,36,1,30,19,19,9,3,0,16,10,11,5,3,1,14,9,8,4,0
2015_3,삼선교로16가길,668,379,289,0,164,98,170,179,57,0,60,47,117,121,34,0,104,51,53,58,23
2015_3,삼선교로10다길,103,34,69,0,13,19,23,29,19,0,2,10,10,9,3,0,11,9,13,20,16
2015_3,삼선교로10길,242,101,141,0,30,73,82,43,14,0,3,22,36,29,11,0,27,51,46,14,3
2015_3,보문로32길,966,408,558,0,248,189,262,195,72,0,13,90,148,112,45,0,235,99,114,83,27
2015_3,보문로31길,820,337,483,0,197,192,185,168,78,0,71,103,71,54,38,0,126,89,114,114,40
2015_3,보문로13길,740,425,315,0,7,25,50,106,552,0,1,8,25,47,344,0,6,17,25,59,208
2015_3,보국문로16길,279,192,87,1,13,24,57,137,47,0,2,10,41,106,33,1,11,14,16,31,14
2015_3,동소문로26가길,244,127,117,0,45,69,62,34,34,0,16,45,36,13,17,0,29,24,26,21,17
2015_3,동소문로15길,68,31,37,0,9,18,26,10,5,0,4,9,12,2,4,0,5,9,14,8,1
2015_3,동소문로13길,663,322,341,0,77,118,120,124,224,0,21,68,67,64,102,0,56,50,53,60,122
2015_3,돌곶이로8길,202,116,86,0,30,65,37,49,21,0,10,28,26,37,15,0,20,37,11,12,6
2015_3,돌곶이로41길,27,11,16,0,6,4,8,8,1,0,0,2,4,4,1,0,6,2,4,4,0
2015_3,돌곶이로28길,129,74,55,0,18,35,38,25,13,0,9,22,23,12,8,0,9,13,15,13,5
2015_3,돌곶이로27길,49,31,18,0,4,13,13,16,3,0,0,9,8,11,3,0,4,4,5,5,0
2015_3,돌곶이로22길,103,54,49,0,13,27,37,19,7,0,4,17,18,11,4,0,9,10,19,8,3
2015_3,길음로7길,10,6,4,0,0,4,3,1,2,0,0,3,2,0,1,0,0,1,1,1,1
2015_3,중랑천로10길,645,349,296,8,139,147,200,118,33,2,62,75,118,68,24,6,77,72,82,50,9
2015_3,용마산로94길,431,273,158,1,83,36,136,126,49,0,41,23,84,87,38,1,42,13,52,39,11
2015_3,용마산로118길,457,221,236,0,53,116,120,93,75,0,13,60,50,42,56,0,40,56,70,51,19
2015_3,용마산로112길,265,130,135,0,35,61,68,61,40,0,8,30,33,28,31,0,27,31,35,33,9
2015_3,용마산로100길,481,348,133,0,41,53,79,169,139,0,10,25,46,138,129,0,31,28,33,31,10
2015_3,신내로7가길,286,72,214,0,26,67,94,69,30,0,2,21,23,15,11,0,24,46,71,54,19
2015_3,사가정로54길,96,30,66,0,27,20,18,26,5,0,3,5,6,11,5,0,24,15,12,15,0
2015_3,사가정로42길,66,26,40,0,6,15,19,15,11,0,2,6,8,5,5,0,4,9,11,10,6
2015_3,봉화산로56길,564,147,417,0,67,84,138,193,82,0,29,38,39,31,10,0,38,46,99,162,72
2015_3,봉화산로4길,316,122,194,0,24,53,93,100,46,0,5,20,33,34,30,0,19,33,60,66,16
2015_3,봉화산로30길,381,255,126,0,30,63,106,122,60,0,8,39,65,91,52,0,22,24,41,31,8
2015_3,봉우재로33길,59,23,36,0,7,11,19,12,10,0,4,4,6,3,6,0,3,7,13,9,4
2015_3,면목로78길,274,158,116,0,28,57,80,71,38,0,12,33,48,39,26,0,16,24,32,32,12
2015_3,면목로56길,229,178,51,0,12,29,62,80,46,0,1,16,45,74,42,0,11,13,17,6,4
2015_3,면목로55길,419,120,299,0,36,73,105,137,68,0,3,22,31,42,22,0,33,51,74,95,46
2015_3,면목로49길,524,171,353,0,200,199,78,36,11,0,27,75,42,19,8,0,173,124,36,17,3
2015_3,면목로48길,96,54,42,0,12,28,34,15,7,0,4,19,19,8,4,0,8,9,15,7,3
2015_3,면목로45길,83,38,45,0,10,22,26,14,11,0,3,7,11,9,8,0,7,15,15,5,3
2015_3,면목로33길,435,160,275,0,52,87,125,116,55,0,15,29,51,36,29,0,37,58,74,80,26
2015_3,면목로21길,38,28,10,0,4,2,12,17,3,0,3,1,6,15,3,0,1,1,6,2,0
2015_3,망우로73길,10,5,5,0,0,0,5,4,1,0,0,0,2,2,1,0,0,0,3,2,0
2015_3,망우로68길,85,37,48,0,22,17,20,18,8,0,4,7,6,14,6,0,18,10,14,4,2
2015_3,동일로163길,120,82,38,0,10,27,46,29,8,0,5,23,26,24,4,0,5,4,20,5,4
2015_3,동일로157길,186,94,92,0,31,46,51,38,20,0,4,25,33,18,14,0,27,21,18,20,6
2015_3,동일로149길,1102,815,287,0,112,305,319,316,50,0,68,209,253,249,36,0,44,96,66,67,14
2015_3,동일로140길,222,89,133,0,24,45,65,67,21,0,9,18,27,25,10,0,15,27,38,42,11
2015_3,동일로139길,71,45,26,0,3,10,32,15,11,0,1,7,21,12,4,0,2,3,11,3,7
2015_3,동일로139가길,1053,627,426,0,85,214,234,161,359,0,32,122,131,80,262,0,53,92,103,81,97
2015_3,동일로130길,91,21,70,0,8,19,36,20,8,0,3,4,4,3,7,0,5,15,32,17,1
2015_3,동일로123길,191,103,88,0,30,44,52,33,32,0,12,25,26,17,23,0,18,19,26,16,9
2015_3,동일로112길,186,72,114,0,19,27,56,58,26,0,1,13,16,28,14,0,18,14,40,30,12
2015_3,동일로101길,327,135,192,0,35,73,84,95,40,0,9,32,36,35,23,0,26,41,48,60,17
2015_3,동일로100길,35,17,18,0,7,7,9,8,4,0,2,4,4,5,2,0,5,3,5,3,2
2015_3,답십리로75길,83,44,39,1,6,24,32,11,9,0,1,11,18,7,7,1,5,13,14,4,2
2015_3,공릉로2길,568,278,290,0,78,137,164,125,64,0,22,75,78,63,40,0,56,62,86,62,24
2015_3,공릉로12가길,45,29,16,0,4,6,19,10,6,0,0,4,13,8,4,0,4,2,6,2,2
2015_3,겸재로54길,95,51,44,0,6,21,23,27,18,0,4,13,11,14,9,0,2,8,12,13,9
2015_3,겸재로36길,302,241,61,0,22,37,68,110,65,0,8,26,53,92,62,0,14,11,15,18,3
2015_3,겸재로29길,437,190,247,0,38,96,126,116,61,0,12,29,59,51,39,0,26,67,67,65,22
2015_3,휘경로3길,196,97,99,0,41,52,48,35,20,0,14,21,29,18,15,0,27,31,19,17,5
2015_3,휘경로2길,7,2,5,0,2,2,2,1,0,0,0,0,1,1,0,0,2,2,1,0,0
2015_3,휘경로23길,15,0,15,0,2,1,9,3,0,0,0,0,0,0,0,0,2,1,9,3,0
2015_3,휘경로14길,102,48,54,0,7,8,25,17,45,0,4,5,17,5,17,0,3,3,8,12,28
2015_3,한천로46길,381,123,258,1,48,72,134,93,33,0,10,21,47,28,17,1,38,51,87,65,16
2015_3,한천로40길,287,161,126,0,26,56,91,84,30,0,10,31,45,55,20,0,16,25,46,29,10
2015_3,한천로33길,78,34,44,0,18,17,11,15,17,0,5,12,6,6,5,0,13,5,5,9,12
2015_3,한천로14길,601,372,229,0,58,160,186,136,61,0,25,117,115,77,38,0,33,43,71,59,23
2015_3,천호대로97길,338,221,117,0,40,85,98,78,37,0,15,62,62,53,29,0,25,23,36,25,8
2015_3,천호대로77길,1926,959,967,7,187,338,389,528,477,3,73,163,228,234,258,4,114,175,161,294,219
2015_3,천호대로45길,167,108,59,0,9,24,36,52,46,0,3,15,22,33,35,0,6,9,14,19,11
2015_3,천호대로17길,2024,1273,751,4,256,448,421,405,490,2,105,268,262,254,382,2,151,180,159,151,108
2015_3,천호대로12길,810,543,267,3,132,231,214,173,57,1,74,155,149,126,38,2,58,76,65,47,19
2015_3,천장산로7길,1389,872,517,0,98,370,423,393,105,0,37,177,280,288,90,0,61,193,143,105,15
2015_3,제기로5길,198,109,89,0,21,40,55,57,25,0,13,33,29,23,11,0,8,7,26,34,14
2015_3,제기로21길,217,142,75,2,16,42,75,57,25,0,5,22,55,47,13,2,11,20,20,10,12
2015_3,전농로4길,650,427,223,0,91,168,204,125,62,0,50,127,131,79,40,0,41,41,73,46,22
2015_3,전농로3길,96,41,55,1,16,20,29,21,9,1,5,10,13,8,4,0,11,10,16,13,5
2015_3,전농로29길,313,152,161,3,31,89,109,59,22,1,11,46,48,32,14,2,20,43,61,27,8
2015_3,장한로8길,725,411,314,0,78,172,197,194,84,0,17,91,112,120,71,0,61,81,85,74,13
2015_3,장한로5길,2975,2073,902,16,627,848,749,522,213,3,314,576,581,431,168,13,313,272,168,91,45
2015_3,장한로27길,176,51,125,0,47,55,27,32,15,0,8,24,12,2,5,0,39,31,15,30,10
2015_3,장한로27가길,379,175,204,0,22,69,109,126,53,0,9,34,51,58,23,0,13,35,58,68,30
2015_3,장한로26길,564,280,284,0,81,148,129,130,76,0,22,76,62,67,53,0,59,72,67,63,23
2015_3,장한로26가길,359,173,186,0,32,64,72,101,90,0,12,38,29,47,47,0,20,26,43,54,43
2015_3,장한로25길,1000,464,536,3,144,286,267,199,101,0,34,134,133,100,63,3,110,152,134,99,38
2015_3,장한로14길,195,170,25,0,2,15,48,84,46,0,0,8,38,79,45,0,2,7,10,5,1
2015_3,이문로42길,237,96,141,0,39,49,67,63,19,0,8,13,35,27,13,0,31,36,32,36,6
2015_3,왕산로43길,967,467,500,2,192,282,225,180,86,0,48,153,115,93,58,2,144,129,110,87,28
2015_3,왕산로33길,170,115,55,0,5,28,59,41,37,0,4,18,47,20,26,0,1,10,12,21,11
2015_3,왕산로32길,13,8,5,0,0,2,6,3,2,0,0,1,3,3,1,0,0,1,3,0,1
2015_3,약령시로17길,252,134,118,0,36,43,68,64,41,0,20,24,32,37,21,0,16,19,36,27,20
2015_3,서울시립대로4길,795,502,293,9,139,192,216,163,76,9,68,132,152,99,42,0,71,60,64,64,34
2015_3,서울시립대로29길,201,118,83,1,24,46,52,44,34,0,9,31,33,21,24,1,15,15,19,23,10
2015_3,서울시립대로16길,116,33,83,0,14,32,33,23,14,0,2,9,15,5,2,0,12,23,18,18,12
2015_3,사가정로2길,131,97,34,0,16,28,42,21,24,0,10,22,32,17,16,0,6,6,10,4,8
2015_3,사가정로23가길,102,67,35,0,12,41,17,19,13,0,6,31,7,11,12,0,6,10,10,8,1
2015_3,사가정로13길,307,114,193,0,50,88,82,60,27,0,9,28,35,23,19,0,41,60,47,37,8
2015_3,무학로45길,384,213,171,0,69,114,96,66,39,0,18,67,61,45,22,0,51,47,35,21,17
2015_3,무학로16길,1084,954,130,0,51,282,367,248,136,0,25,237,324,236,132,0,26,45,43,12,4
2015_3,망우로21길,188,104,84,4,30,33,37,44,40,1,9,13,20,29,32,3,21,20,17,15,8
2015_3,망우로18길,521,229,292,0,114,172,150,60,25,0,41,63,83,30,12,0,73,109,67,30,13
2015_3,망우로18가길,65,21,44,0,9,14,20,13,9,0,2,6,8,1,4,0,7,8,12,12,5
2015_3,답십리로72길,11,9,2,0,0,2,4,5,0,0,0,1,3,5,0,0,0,1,1,0,0
2015_3,답십리로69길,814,369,445,2,131,207,208,183,83,2,37,104,97,73,56,0,94,103,111,110,27
2015_3,답십리로68길,171,110,61,1,22,30,49,46,23,1,13,22,31,26,17,0,9,8,18,20,6
2015_3,답십리로64길,324,184,140,0,55,90,98,58,23,0,20,56,68,27,13,0,35,34,30,31,10
2015_3,답십리로63길,110,73,37,0,12,27,36,29,6,0,9,16,27,15,6,0,3,11,9,14,0
2015_3,답십리로60길,16,9,7,0,1,3,8,3,1,0,0,2,4,3,0,0,1,1,4,0,1
2015_3,답십리로56길,8,6,2,0,0,3,4,1,0,0,0,3,2,1,0,0,0,0,2,0,0
2015_3,답십리로23길,5,4,1,0,0,0,4,1,0,0,0,0,3,1,0,0,0,0,1,0,0
2015_3,난계로30길,144,107,37,2,13,34,35,28,32,0,9,24,27,19,28,2,4,10,8,9,4
2015_3,경희대로3길,243,151,92,0,51,96,56,35,5,0,17,50,47,32,5,0,34,46,9,3,0
2015_3,천호대로129길,187,63,124,1,34,29,64,41,18,1,8,6,23,15,10,0,26,23,41,26,8
2015_3,천호대로123길,353,154,199,0,36,77,98,115,27,0,7,36,46,52,13,0,29,41,52,63,14
2015_3,천호대로109길,1318,779,539,2,199,309,381,290,137,1,92,175,222,185,104,1,107,134,159,105,33
2015_3,자양번영로3길,79,37,42,0,6,7,26,30,10,0,0,2,15,15,5,0,6,5,11,15,5
2015_3,자양로50길,18,5,13,0,6,3,3,3,3,0,1,1,0,1,2,0,5,2,3,2,1
2015_3,자양로45길,563,306,257,2,96,141,172,98,54,1,35,91,105,46,28,1,61,50,67,52,26
2015_3,자양로26길,312,107,205,1,39,64,100,79,29,0,6,16,43,26,16,1,33,48,57,53,13
2015_3,자양로15길,320,215,105,0,21,76,73,74,76,0,5,39,50,61,60,0,16,37,23,13,16
2015_3,자양로11길,1296,645,651,12,241,301,326,248,168,5,53,158,196,137,96,7,188,143,130,111,72
2015_3,용마산로3길,856,481,375,0,123,214,236,183,100,0,62,130,113,99,77,0,61,84,123,84,23
2015_3,용마산로21길,135,57,78,0,12,30,48,31,14,0,4,6,24,13,10,0,8,24,24,18,4
2015_3,아차산로78길,1703,1049,654,22,194,440,447,374,226,9,98,323,276,203,140,13,96,117,171,171,86
2015_3,아차산로65길,653,420,233,0,93,190,194,129,47,0,38,122,135,90,35,0,55,68,59,39,12
2015_3,아차산로55길,515,252,263,0,134,140,97,87,57,0,37,74,64,45,32,0,97,66,33,42,25
2015_3,아차산로51길,259,147,112,0,27,68,73,57,34,0,12,39,45,30,21,0,15,29,28,27,13
2015_3,아차산로40길,434,248,186,1,84,92,113,85,59,1,34,41,67,56,49,0,50,51,46,29,10
2015_3,면목로17길,214,139,75,0,32,37,61,51,33,0,12,23,39,39,26,0,20,14,22,12,7
2015_3,뚝섬로64길,421,253,168,0,35,64,122,97,103,0,13,30,68,59,83,0,22,34,54,38,20
2015_3,뚝섬로58길,180,59,121,0,12,43,50,65,10,0,3,9,16,24,7,0,9,34,34,41,3
2015_3,뚝섬로54길,129,71,58,0,13,34,44,24,14,0,4,19,22,16,10,0,9,15,22,8,4
2015_3,뚝섬로48길,829,379,450,4,112,208,227,181,97,4,35,94,109,83,54,0,77,114,118,98,43
2015_3,뚝섬로24길,105,38,67,0,17,20,22,38,8,0,2,6,6,19,5,0,15,14,16,19,3
2015_3,뚝섬로23길,95,59,36,0,8,23,29,17,18,0,2,13,15,13,16,0,6,10,14,4,2
2015_3,동일로24길,8,3,5,0,0,1,1,5,1,0,0,0,0,2,1,0,0,1,1,3,0
2015_3,동일로18길,152,65,87,1,23,40,48,29,11,0,10,16,21,10,8,1,13,24,27,19,3
2015_3,능동로4길,224,94,130,0,27,60,56,49,32,0,9,18,21,26,20,0,18,42,35,23,12
2015_3,능동로3길,205,93,112,0,17,30,60,55,43,0,7,7,28,24,27,0,10,23,32,31,16
2015_3,능동로34길,892,497,395,4,103,206,214,221,144,3,46,115,122,109,102,1,57,91,92,112,42
2015_3,능동로19길,345,219,126,2,51,112,73,72,35,1,25,77,44,42,30,1,26,35,29,30,5
2015_3,능동로13길,297,97,200,1,34,50,61,89,62,1,8,21,22,25,20,0,26,29,39,64,42
2015_3,긴고랑로9길,69,32,37,0,6,19,29,8,7,0,1,11,13,4,3,0,5,8,16,4,4
2015_3,긴고랑로8길,230,204,26,0,4,20,46,95,65,0,1,14,33,91,65,0,3,6,13,4,0
2015_3,긴고랑로7길,470,235,235,1,40,110,159,119,41,0,11,66,77,51,30,1,29,44,82,68,11
2015_3,긴고랑로20길,516,235,281,1,54,133,152,120,56,0,18,65,74,54,24,1,36,68,78,66,32
2015_3,광나루로52길,1723,844,879,13,173,266,256,432,583,10,100,157,155,183,239,3,73,109,101,249,344
2015_3,광나루로40길,88,39,49,1,19,27,20,14,7,0,3,9,14,8,5,1,16,18,6,6,2
2015_3,광나루로37길,313,197,116,0,39,112,84,50,28,0,15,71,54,39,18,0,24,41,30,11,10
2015_3,광나루로36길,34,21,13,0,2,8,13,8,3,0,1,5,9,5,1,0,1,3,4,3,2
2015_3,광나루로24길,67,33,34,0,15,16,16,11,9,0,3,10,9,5,6,0,12,6,7,6,3
2015_3,광나루로12길,910,556,354,2,165,265,243,161,74,1,79,172,146,100,58,1,86,93,97,61,16
2015_3,한림말길,73,46,27,1,4,21,29,12,6,0,0,13,18,10,5,1,4,8,11,2,1
2015_3,청계천로10나길,1840,1074,766,4,258,580,405,357,236,1,127,388,249,165,144,3,131,192,156,192,92
2015_3,장터길,42,19,23,0,5,15,7,10,5,0,1,6,4,5,3,0,4,9,3,5,2
2015_3,용답중앙길,107,56,51,0,6,29,25,32,15,0,2,16,17,15,6,0,4,13,8,17,9
2015_3,용답29길,1776,896,880,8,215,347,525,428,253,3,133,194,181,206,179,5,82,153,344,222,74
2015_3,왕십리로6길,1314,753,561,4,146,376,393,297,98,4,57,222,223,169,78,0,89,154,170,128,20
2015_3,왕십리로31길,125,60,65,0,18,33,31,26,17,0,4,13,14,15,14,0,14,20,17,11,3
2015_3,왕십리로26길,3999,2182,1817,14,656,988,1254,716,371,6,223,613,656,434,250,8,433,375,598,282,121
2015_3,왕십리로21길,152,47,105,0,24,36,42,40,10,0,1,10,11,18,7,0,23,26,31,22,3
2015_3,왕십리로14길,2213,1705,508,9,235,510,583,565,311,2,136,383,450,455,279,7,99,127,133,110,32
2015_3,아차산로5길,2044,1412,632,11,268,508,617,468,172,8,168,355,423,318,140,3,100,153,194,150,32
2015_3,아차산로15길,3779,2707,1072,10,529,1140,1097,685,318,3,277,837,803,506,281,7,252,303,294,179,37
2015_3,아차산로11길,3350,2163,1187,10,482,919,996,654,289,5,209,630,704,390,225,5,273,289,292,264,64
2015_3,송정4가길,966,457,509,3,134,328,271,140,90,2,54,158,115,65,63,1,80,170,156,75,27
2015_3,송정12라길,232,169,63,0,23,64,65,47,33,0,9,47,44,39,30,0,14,17,21,8,3
2015_3,성수일로6길,3171,1812,1359,7,400,831,818,539,576,7,184,509,441,338,333,0,216,322,377,201,243
2015_3,성수이로7길,425,236,189,0,49,115,115,107,39,0,23,68,66,52,27,0,26,47,49,55,12
2015_3,성수이로18길,2149,1539,610,10,267,656,651,442,123,6,140,467,494,328,104,4,127,189,157,114,19
2015_3,성덕정길,603,389,214,1,54,135,193,169,51,1,25,93,122,108,40,0,29,42,71,61,11
2015_3,성덕정17길,216,117,99,0,36,42,65,50,23,0,9,16,44,34,14,0,27,26,21,16,9
2015_3,서울숲2길,1716,932,784,6,125,322,346,535,382,4,50,195,208,227,248,2,75,127,138,308,134
2015_3,상원길,1574,1060,514,6,231,533,428,267,109,6,109,381,304,175,85,0,122,152,124,92,24
2015_3,상원12길,164,96,68,0,28,39,55,32,10,0,11,25,30,22,8,0,17,14,25,10,2
2015_3,사근동길,32,18,14,0,4,12,10,3,3,0,2,5,7,2,2,0,2,7,3,1,1
2015_3,무학봉길,8,7,1,0,0,0,1,2,5,0,0,0,0,2,5,0,0,0,1,0,0
2015_3,무학봉28길,160,72,88,0,23,44,40,37,16,0,6,18,18,19,11,0,17,26,22,18,5
2015_3,무학로6길,352,207,145,2,33,71,94,91,61,0,14,44,57,59,33,2,19,27,37,32,28
2015_3,무수막길,103,52,51,0,11,26,31,22,13,0,4,15,15,8,10,0,7,11,16,14,3
2015_3,매봉길,30,19,11,0,1,11,6,7,5,0,1,8,3,4,3,0,0,3,3,3,2
2015_3,마조로1길,166,64,102,0,15,37,63,45,6,0,4,14,22,19,5,0,11,23,41,26,1
2015_3,마조로16길,774,546,228,2,62,156,208,228,118,1,24,101,147,172,101,1,38,55,61,56,17
2015_3,마장로39길,55,38,17,0,8,16,20,6,5,0,5,14,13,3,3,0,3,2,7,3,2
2015_3,마장로27길,105,43,62,0,16,37,29,18,5,0,5,15,11,7,5,0,11,22,18,11,0
2015_3,둘레9길,413,254,159,1,50,89,124,104,45,1,26,53,83,57,34,0,24,36,41,47,11
2015_3,금호산길,383,147,236,3,52,92,102,100,34,1,12,35,34,44,21,2,40,57,68,56,13
2015_3,금호산2길,33,15,18,0,3,10,11,4,5,0,0,5,3,3,4,0,3,5,8,1,1
2015_3,고산자로6길,15565,6418,9147,162,2340,4560,4908,3213,382,22,921,2512,1811,843,309,140,1419,2048,3097,2370,73
2015_3,후암로28길,174,72,102,0,36,48,42,37,11,0,9,20,20,15,8,0,27,28,22,22,3
2015_3,효창원로39길,50,33,17,0,2,23,14,11,0,0,1,17,9,6,0,0,1,6,5,5,0
2015_3,회나무로13길,47,34,13,0,11,17,7,9,3,0,7,14,5,5,3,0,4,3,2,4,0
2015_3,한남대로20길,731,436,295,1,148,279,184,56,63,1,65,162,121,40,47,0,83,117,63,16,16
2015_3,한강대로7길,440,310,130,0,76,113,95,68,88,0,53,88,73,46,50,0,23,25,22,22,38
2015_3,한강대로62길,690,485,205,0,110,158,159,135,128,0,63,120,117,91,94,0,47,38,42,44,34
2015_3,한강대로52길,6484,2067,4417,26,2126,2756,1289,206,81,5,699,876,306,120,61,21,1427,1880,983,86,20
2015_3,한강대로43길,4691,3055,1636,4,612,1409,1312,904,450,2,299,940,944,589,281,2,313,469,368,315,169
2015_3,한강대로15길,1969,419,1550,9,989,673,185,74,39,4,72,134,123,57,29,5,917,539,62,17,10
2015_3,한강대로104길,4228,3115,1113,17,478,1365,1352,829,187,2,174,969,1101,714,155,15,304,396,251,115,32
2015_3,청파로73길,1377,778,599,1,176,399,367,256,178,0,67,177,178,192,164,1,109,222,189,64,14
2015_3,청파로71길,245,131,114,0,20,73,69,64,19,0,4,35,30,48,14,0,16,38,39,16,5
2015_3,청파로47나길,112,78,34,1,14,27,19,28,23,0,6,24,14,18,16,1,8,3,5,10,7
2015_3,청파로47길,790,357,433,5,103,243,196,165,78,0,33,113,96,72,43,5,70,130,100,93,35
2015_3,장문로45길,85,12,73,0,10,11,14,37,13,0,2,3,0,4,3,0,8,8,14,33,10
2015_3,이태원로54길,1348,755,593,5,475,513,221,81,53,5,217,334,145,32,22,0,258,179,76,49,31
2015_3,이태원로27길,510,309,201,2,178,153,97,45,35,1,94,106,61,26,21,1,84,47,36,19,14
2015_3,이촌로22길,208,125,83,0,14,40,63,56,35,0,2,24,41,33,25,0,12,16,22,23,10
2015_3,원효로89길,894,723,171,0,141,331,219,158,45,0,102,252,195,135,39,0,39,79,24,23,6
2015_3,원효로53길,745,471,274,5,102,227,212,135,64,3,45,157,148,77,41,2,57,70,64,58,23
2015_3,원효로41길,2843,2051,792,12,285,802,593,779,372,8,153,609,470,532,279,4,132,193,123,247,93
2015_3,원효로19길,923,668,255,0,100,388,248,123,64,0,41,305,188,85,49,0,59,83,60,38,15
2015_3,우사단로4길,156,117,39,0,14,28,29,51,34,0,1,17,20,45,34,0,13,11,9,6,0
2015_3,우사단로14길,1698,945,753,1,326,834,430,81,26,0,95,445,317,69,19,1,231,389,113,12,7
2015_3,우사단로10길,50,29,21,0,3,8,23,9,7,0,1,3,12,7,6,0,2,5,11,2,1
2015_3,신흥로20길,183,85,98,0,39,44,54,28,18,0,13,16,32,10,14,0,26,28,22,18,4
2015_3,소월로20길,138,49,89,0,31,41,29,26,11,0,7,11,8,15,8,0,24,30,21,11,3
2015_3,서빙고로71길,445,266,179,3,31,136,119,91,65,1,10,58,65,78,54,2,21,78,54,13,11
2015_3,백범로90길,262,155,107,0,37,58,74,57,36,0,21,33,44,35,22,0,16,25,30,22,14
2015_3,백범로79길,948,575,373,0,109,282,200,246,111,0,39,164,143,158,71,0,70,118,57,88,40
2015_3,두텁바위로1길,2624,1511,1113,2,446,752,625,438,361,0,134,427,396,317,237,2,312,325,229,121,124
2015_3,대사관로34길,303,183,120,0,33,83,74,68,45,0,10,56,43,44,30,0,23,27,31,24,15
2015_3,녹사평대로46길,14,10,4,0,3,4,4,1,2,0,2,3,2,1,2,0,1,1,2,0,0
2015_3,녹사평대로40나길,29,15,14,1,11,5,4,5,3,1,6,1,1,3,3,0,5,4,3,2,0
2015_3,녹사평대로32길,306,152,154,0,56,69,81,53,47,0,23,32,40,23,34,0,33,37,41,30,13
2015_3,녹사평대로26길,2321,1376,945,3,169,696,615,585,253,2,66,342,354,438,174,1,103,354,261,147,79
2015_3,녹사평대로11길,282,187,95,0,34,74,95,60,19,0,20,47,62,41,17,0,14,27,33,19,2
2015_3,퇴계로90길,471,195,276,0,80,125,115,101,50,0,22,48,51,44,30,0,58,77,64,57,20
2015_3,퇴계로8길,2475,1340,1135,11,378,773,661,379,273,1,107,476,355,196,205,10,271,297,306,183,68
2015_3,퇴계로56길,914,704,210,0,107,347,284,137,39,0,59,275,244,102,24,0,48,72,40,35,15
2015_3,퇴계로46길,1829,678,1151,3,336,615,462,308,105,1,55,184,196,160,82,2,281,431,266,148,23
2015_3,퇴계로18길,2878,1368,1510,6,575,845,708,500,244,0,164,468,365,229,142,6,411,377,343,271,102
2015_3,퇴계로12길,1097,467,630,0,217,305,224,240,111,0,45,108,110,138,66,0,172,197,114,102,45
2015_3,청구로1길,198,97,101,0,42,43,44,40,29,0,10,20,19,26,22,0,32,23,25,14,7
2015_3,청구로17길,1753,793,960,5,458,661,341,202,86,0,83,293,203,145,69,5,375,368,138,57,17
2015_3,장충단로8길,3914,1196,2718,29,1449,877,912,457,190,8,320,372,231,161,104,21,1129,505,681,296,86
2015_3,삼일대로4길,1377,965,412,0,162,390,390,321,114,0,53,256,314,260,82,0,109,134,76,61,32
2015_3,명동길,35999,18292,17707,185,6326,13021,10400,4799,1268,52,2039,5896,6089,3378,838,133,4287,7125,4311,1421,430
2015_3,동호로20길,972,430,542,4,300,280,176,151,61,1,97,112,100,81,39,3,203,168,76,70,22
2015_3,동호로15길,4444,2425,2019,31,1711,1585,739,280,98,14,619,970,548,202,72,17,1092,615,191,78,26
2015_3,동호로11길,12,9,3,0,0,1,6,4,1,0,0,1,5,3,0,0,0,0,1,1,1
2015_3,동호로10길,4276,2298,1978,10,546,887,794,1001,1038,5,231,595,544,463,460,5,315,292,250,538,578
2015_3,다산로39길,888,548,340,6,111,228,250,213,80,2,39,135,180,134,58,4,72,93,70,79,22
2015_3,다산로38길,1303,718,585,5,241,350,303,275,129,4,82,177,186,180,89,1,159,173,117,95,40
2015_3,다산로36길,49,26,23,0,11,14,12,9,3,0,2,7,8,7,2,0,9,7,4,2,1
2015_3,다산로33길,378,193,185,1,45,90,103,103,36,0,25,50,49,46,23,1,20,40,54,57,13
2015_3,난계로21길,195,127,68,1,22,49,70,51,2,0,10,30,47,38,2,1,12,19,23,13,0
2015_3,난계로11길,1868,999,869,2,361,389,337,520,259,0,145,240,212,247,155,2,216,149,125,273,104
2015_3,평창길,168,72,96,1,30,33,47,39,18,0,7,14,29,12,10,1,23,19,18,27,8
2015_3,통일로12길,128,37,91,0,14,24,51,32,7,0,4,8,14,7,4,0,10,16,37,25,3
2015_3,창신길,265,76,189,0,27,44,58,87,49,0,8,23,16,17,12,0,19,21,42,70,37
2015_3,창신5길,7,4,3,0,0,1,2,3,1,0,0,1,1,2,0,0,0,0,1,1,1
2015_3,창신2길,59,31,28,0,3,6,20,24,6,0,1,4,14,9,3,0,2,2,6,15,3
2015_3,창경궁로35길,1405,392,1013,21,401,397,413,128,45,0,49,126,135,54,28,21,352,271,278,74,17
2015_3,지봉로8길,146,68,78,0,26,32,44,35,9,0,13,15,14,22,4,0,13,17,30,13,5
2015_3,종로65길,609,283,326,0,66,151,142,117,133,0,20,68,66,45,84,0,46,83,76,72,49
2015_3,자하문로7길,493,288,205,1,92,148,138,73,41,0,44,92,83,36,33,1,48,56,55,37,8
2015_3,이화장길,2046,1026,1020,5,314,550,610,433,134,1,103,225,313,297,87,4,211,325,297,136,47
2015_3,율곡로16길,60,21,39,0,24,25,7,2,2,0,1,12,6,0,2,0,23,13,1,2,0
2015_3,율곡로10길,2287,1687,600,5,307,750,658,359,208,1,188,565,516,254,163,4,119,185,142,105,45
2015_3,옥인길,481,219,262,3,67,125,140,122,24,3,10,63,72,65,6,0,57,62,68,57,18
2015_3,숭인동길,14,5,9,0,2,0,6,5,1,0,0,0,2,2,1,0,2,0,4,3,0
2015_3,성균관로5길,114,69,45,0,8,12,7,18,69,0,4,10,1,10,44,0,4,2,6,8,25
2015_3,삼청로5길,448,170,278,2,119,122,98,72,35,2,36,51,34,32,15,0,83,71,64,40,20
2015_3,북촌로5나길,1541,1067,474,2,124,515,519,340,41,1,58,321,396,269,22,1,66,194,123,71,19
2015_3,북촌로5길,49,21,28,0,6,18,6,13,6,0,1,9,4,4,3,0,5,9,2,9,3
2015_3,북촌로11길,25,12,13,0,5,9,3,3,5,0,2,2,2,2,4,0,3,7,1,1,1
2015_3,백석동길,88,43,45,0,16,22,22,14,14,0,5,9,10,8,11,0,11,13,12,6,3
2015_3,명륜길,10,8,2,0,2,4,2,1,1,0,2,3,2,0,1,0,0,1,0,1,0
2015_3,돈화문로11가길,1020,539,481,0,136,305,244,186,149,0,41,144,144,107,103,0,95,161,100,79,46
2015_3,계동길,781,357,424,4,168,230,188,132,59,3,45,80,102,86,41,1,123,150,86,46,18
2015_2,강남 마이스 관광특구,20112,11820,8292,76,5131,7125,4996,2205,579,27,1726,4099,3810,1740,418,49,3405,3026,1186,465,161
2015_2,잠실 관광특구,26461,16084,10377,183,4762,7287,6286,5376,2567,74,2448,4769,3811,3289,1693,109,2314,2518,2475,2087,874
2015_2,종로·청계 관광특구,30389,19091,11298,48,4401,9762,8842,5849,1487,17,1612,5249,6503,4679,1031,31,2789,4513,2339,1170,456
2015_2,동대문패션타운 관광특구,13416,9078,4338,25,2455,4562,3552,2035,787,12,1286,3084,2714,1454,528,13,1169,1478,838,581,259
2015_2,명동 남대문 북창동 다동 무교동 관광특구,174824,89070,85754,639,35032,61514,47904,23517,6218,187,10578,28044,29498,16539,4224,452,24454,33470,18406,6978,1994
2015_2,이태원 관광특구,5862,3396,2466,34,1373,1770,1245,944,496,22,680,1032,729,625,308,12,693,738,516,319,188
2015_2,길동복조리시장,569,338,231,0,45,113,159,151,101,0,23,70,99,79,67,0,22,43,60,72,34
2015_2,둔촌역전통시장,160,77,83,0,11,42,37,45,25,0,3,19,18,21,16,0,8,23,19,24,9
2015_2,성내골목시장,6,2,4,0,0,2,1,2,1,0,0,2,0,0,0,0,0,0,1,2,1
2015_2,천호시장,13,8,5,0,5,4,1,3,0,0,3,4,0,1,0,0,2,0,1,2,0
2015_2,암사종합시장,642,307,335,0,35,93,103,115,296,0,10,53,56,29,159,0,25,40,47,86,137
2015_2,고덕전통시장,406,391,15,0,2,13,66,177,148,0,1,10,60,172,148,0,1,3,6,5,0
2015_2,명일골목시장,396,118,278,0,11,19,86,153,127,0,5,6,16,35,56,0,6,13,70,118,71
2015_2,새마을시장,289,146,143,1,46,75,78,49,40,1,15,43,40,23,24,0,31,32,38,26,16
2015_2,석촌시장,164,108,56,0,19,29,51,38,27,0,11,19,33,22,23,0,8,10,18,16,4
2015_2,방이시장,617,413,204,0,106,212,162,109,28,0,72,180,103,40,18,0,34,32,59,69,10
2015_2,마천시장,247,58,189,0,19,48,71,59,50,0,4,11,20,13,10,0,15,37,51,46,40
2015_2,풍납시장,11,2,9,0,2,0,5,4,0,0,0,0,1,1,0,0,2,0,4,3,0
2015_2,강남개포시장,42,36,6,0,0,2,13,12,15,0,0,2,8,11,15,0,0,0,5,1,0
2015_2,도곡시장,498,230,268,3,63,116,150,109,57,0,16,66,65,48,35,3,47,50,85,61,22
2015_2,영동전통시장,3081,2310,771,7,462,844,987,553,228,6,244,652,829,401,178,1,218,192,158,152,50
2015_2,미성동도깨비시장,403,167,236,1,52,91,137,97,25,0,16,45,53,36,17,1,36,46,84,61,8
2015_2,삼성동시장,87,34,53,0,12,13,17,33,12,0,2,7,5,12,8,0,10,6,12,21,4
2015_2,신림중앙시장,17,11,6,0,1,4,3,5,4,0,1,3,3,3,1,0,0,1,0,2,3
2015_2,강남골목시장,225,124,101,0,26,58,63,45,33,0,8,37,36,21,22,0,18,21,27,24,11
2015_2,관악신사시장,309,239,70,0,72,50,61,90,36,0,54,37,44,76,28,0,18,13,17,14,8
2015_2,신원시장,336,146,190,0,35,68,79,90,64,0,14,40,36,31,25,0,21,28,43,59,39
2015_2,인헌시장,226,74,152,0,27,55,68,63,13,0,8,27,19,15,5,0,19,28,49,48,8
2015_2,봉천현대시장,14,6,8,0,2,3,3,2,4,0,0,0,2,2,2,0,2,3,1,0,2
2015_2,봉천제일종합시장,43,23,20,0,3,8,17,7,8,0,1,3,7,5,7,0,2,5,10,2,1
2015_2,낙성대시장,22,16,6,0,2,2,4,7,7,0,1,1,4,5,5,0,1,1,0,2,2
2015_2,중부시장,194,63,131,0,28,33,44,45,44,0,9,11,18,12,13,0,19,22,26,33,31
2015_2,남성역골목시장,504,250,254,0,44,116,138,121,85,0,10,44,78,65,53,0,34,72,60,56,32
2015_2,남성사계시장,1964,911,1053,6,255,412,439,481,371,3,65,211,244,195,193,3,190,201,195,286,178
2015_2,흑석시장,164,51,113,0,21,43,61,28,11,0,5,10,19,8,9,0,16,33,42,20,2
2015_2,상도4동도깨비골목시장,310,80,230,1,59,77,76,65,32,0,8,27,16,13,16,1,51,50,60,52,16
2015_2,영도시장,88,36,52,1,15,21,23,16,12,0,1,7,11,8,9,1,14,14,12,8,3
2015_2,본동인정시장,118,57,61,0,8,30,34,26,20,0,1,12,15,11,18,0,7,18,19,15,2
2015_2,대림중앙시장,26,17,9,0,3,6,5,10,2,0,1,3,5,6,2,0,2,3,0,4,0
2015_2,우리시장,15,5,10,0,0,1,7,5,2,0,0,0,2,2,1,0,0,1,5,3,1
2015_2,영진시장A동,46,37,9,0,4,17,8,8,9,0,3,14,7,5,8,0,1,3,1,3,1
2015_2,영일시장,9,7,2,0,1,2,1,5,0,0,1,2,1,3,0,0,0,0,0,2,0
2015_2,영등포청과시장,169,106,63,0,22,44,51,30,22,0,12,23,36,21,14,0,10,21,15,9,8
2015_2,영등포전통시장,4114,2068,2046,14,607,1606,1063,553,271,1,135,671,672,397,192,13,472,935,391,156,79
2015_2,은행나무시장,46,11,35,0,5,11,12,12,6,0,0,3,3,4,1,0,5,8,9,8,5
2015_2,현대시장,56,15,41,0,9,14,20,9,4,0,2,5,3,2,3,0,7,9,17,7,1
2015_2,남문시장,285,118,167,2,24,33,97,97,32,0,5,15,34,46,18,2,19,18,63,51,14
2015_2,독산동 우시장,142,60,82,0,13,25,50,37,17,0,7,15,12,15,11,0,6,10,38,22,6
2015_2,개봉중앙시장,7,3,4,0,0,1,2,3,1,0,0,0,1,1,1,0,0,1,1,2,0
2015_2,가리봉시장,15,10,5,0,1,0,7,3,4,0,0,0,5,2,3,0,1,0,2,1,1
2015_2,남구로시장,6,3,3,0,0,1,3,2,0,0,0,0,1,2,0,0,0,1,2,0,0
2015_2,구로시장,44,20,24,0,10,13,11,6,4,0,3,5,5,3,4,0,7,8,6,3,0
2015_2,방신전통시장,154,130,24,0,1,21,26,66,40,0,0,14,19,59,38,0,1,7,7,7,2
2015_2,송화골목시장,477,171,306,1,83,87,147,118,41,0,13,37,58,33,30,1,70,50,89,85,11
2015_2,까치산시장,32,18,14,0,4,4,17,6,1,0,0,2,12,3,1,0,4,2,5,3,0
2015_2,남부골목시장,153,67,86,0,25,36,55,30,7,0,8,15,27,12,5,0,17,21,28,18,2
2015_2,화곡중앙골목시장,2,2,0,0,0,1,0,0,1,0,0,1,0,0,1,0,0,0,0,0,0
2015_2,등마루시장,789,501,288,57,320,148,118,80,66,43,223,102,69,31,33,14,97,46,49,49,33
2015_2,신정3동골목시장,240,108,132,1,32,50,48,63,46,0,11,19,18,34,26,1,21,31,30,29,20
2015_2,신정2동골목시장,8,6,2,0,1,1,4,1,1,0,1,0,4,0,1,0,0,1,0,1,0
2015_2,신월6동골목시장,255,115,140,0,54,56,72,41,32,0,18,25,36,16,20,0,36,31,36,25,12
2015_2,신곡종합시장,15,10,5,0,0,2,4,5,4,0,0,0,2,4,4,0,0,2,2,1,0
2015_2,신월3동골목시장,50,15,35,0,8,9,14,16,3,0,2,5,3,4,1,0,6,4,11,12,2
2015_2,경창시장,190,89,101,0,15,32,44,64,35,0,6,19,25,28,11,0,9,13,19,36,24
2015_2,월정로시장,104,56,48,0,8,23,35,27,11,0,5,13,18,13,7,0,3,10,17,14,4
2015_2,신영시장,44,20,24,0,3,14,18,8,1,0,1,9,5,4,1,0,2,5,13,4,0
2015_2,목4동시장,248,85,163,0,27,51,85,70,15,0,10,22,17,24,12,0,17,29,68,46,3
2015_2,목3동시장,624,275,349,0,105,139,191,130,59,0,26,60,87,65,37,0,79,79,104,65,22
2015_2,목2동시장,185,88,97,0,22,59,56,42,6,0,5,26,33,19,5,0,17,33,23,23,1
2015_2,마포농수산물시장,472,296,176,0,25,55,122,177,93,0,13,36,81,100,66,0,12,19,41,77,27
2015_2,망원월드컵시장,14,9,5,0,0,3,5,2,4,0,0,2,3,2,2,0,0,1,2,0,2
2015_2,망원시장,36,20,16,0,2,5,9,17,3,0,2,3,5,8,2,0,0,2,4,9,1
2015_2,신수시장,140,101,39,0,8,54,45,22,11,0,2,33,35,21,10,0,6,21,10,1,1
2015_2,아현시장,32,8,24,1,6,7,10,7,1,1,2,2,2,1,0,0,4,5,8,6,1
2015_2,대림골목시장,279,89,190,1,38,66,83,68,23,0,8,26,25,15,15,1,30,40,58,53,8
2015_2,상계중앙시장,31,17,14,0,6,8,4,9,4,0,2,4,3,6,2,0,4,4,1,3,2
2015_2,방학동도깨비시장,136,60,76,0,18,38,39,26,15,0,9,20,18,6,7,0,9,18,21,20,8
2015_2,쌍문역골목시장,51,22,29,0,9,12,16,8,6,0,3,8,3,5,3,0,6,4,13,3,3
2015_2,신도봉시장,25,15,10,0,0,4,7,12,2,0,0,3,5,6,1,0,0,1,2,6,1
2015_2,창동신창시장,125,48,77,0,19,16,38,36,16,0,3,6,15,15,9,0,16,10,23,21,7
2015_2,수유북부시장,9,4,5,0,1,3,0,1,4,0,1,2,0,0,1,0,0,1,0,1,3
2015_2,장미원골목시장,60,41,19,0,10,16,18,11,5,0,5,12,10,10,4,0,5,4,8,1,1
2015_2,수유중앙시장,127,70,57,0,17,30,40,19,21,0,4,19,22,12,13,0,13,11,18,7,8
2015_2,강북종합시장,55,23,32,0,11,12,18,11,3,0,5,7,6,4,1,0,6,5,12,7,2
2015_2,우이시장,155,73,82,0,16,31,50,38,20,0,4,18,21,15,15,0,12,13,29,23,5
2015_2,수유전통시장,455,140,315,1,51,83,92,131,97,1,10,17,25,35,52,0,41,66,67,96,45
2015_2,번동북부골목시장,90,56,34,0,15,19,33,13,10,0,9,11,24,7,5,0,6,8,9,6,5
2015_2,솔샘시장,95,36,59,0,19,27,30,17,2,0,3,12,13,7,1,0,16,15,17,10,1
2015_2,방천골목시장,79,25,54,0,21,19,18,14,7,0,0,4,9,7,5,0,21,15,9,7,2
2015_2,석관황금시장,45,24,21,0,3,6,20,13,3,0,2,2,11,7,2,0,1,4,9,6,1
2015_2,장위전통시장,184,70,114,0,13,56,65,26,24,0,2,26,16,12,14,0,11,30,49,14,10
2015_2,정릉시장,31,12,19,0,7,5,10,7,2,0,2,2,3,4,1,0,5,3,7,3,1
2015_2,정릉아리랑시장,8,5,3,1,0,2,1,4,0,0,0,2,1,2,0,1,0,0,0,2,0
2015_2,돈암제일시장,80,40,40,0,17,12,23,17,11,0,6,5,11,10,8,0,11,7,12,7,3
2015_2,우림골목시장,220,109,111,0,19,24,58,58,61,0,4,10,28,29,38,0,15,14,30,29,23
2015_2,묵1동도깨비시장,245,100,145,1,41,50,65,76,12,0,11,26,25,32,6,1,30,24,40,44,6
2015_2,태능시장,2,2,0,0,0,1,1,0,0,0,0,1,1,0,0,0,0,0,0,0,0
2015_2,중화제일시장,21,0,21,0,6,1,7,6,1,0,0,0,0,0,0,0,6,1,7,6,1
2015_2,사가정시장,260,206,54,0,17,21,61,92,69,0,4,11,42,83,66,0,13,10,19,9,3
2015_2,동원시장,61,28,33,1,8,12,20,16,4,0,1,5,11,8,3,1,7,7,9,8,1
2015_2,동부골목시장,80,28,52,0,16,16,14,18,16,0,2,3,3,7,13,0,14,13,11,11,3
2015_2,회기시장,130,48,82,0,26,36,33,22,13,0,6,14,16,6,6,0,20,22,17,16,7
2015_2,답십리시장,21,9,12,0,2,8,8,3,0,0,0,4,4,1,0,0,2,4,4,2,0
2015_2,답십리현대시장,105,77,28,0,14,18,30,28,15,0,11,18,20,15,13,0,3,0,10,13,2
2015_2,청량리종합시장,8,6,2,0,2,3,1,0,2,0,2,2,0,0,2,0,0,1,1,0,0
2015_2,청량리농수산물시장,15,13,2,0,1,3,5,4,2,0,1,3,3,4,2,0,0,0,2,0,0
2015_2,서울약령시장,1316,849,467,0,104,294,328,372,218,0,46,180,225,248,150,0,58,114,103,124,68
2015_2,청량리수산시장,162,87,75,0,21,43,34,33,31,0,4,22,18,19,24,0,17,21,16,14,7
2015_2,구의시장,96,56,40,0,14,20,27,26,9,0,2,16,16,15,7,0,12,4,11,11,2
2015_2,조양시장,76,44,32,0,3,14,29,20,10,0,1,7,15,12,9,0,2,7,14,8,1
2015_2,영동교골목시장,22,16,6,0,2,2,4,4,10,0,1,2,3,3,7,0,1,0,1,1,3
2015_2,능동로골목시장,287,266,21,0,7,10,11,18,241,0,4,7,2,14,239,0,3,3,9,4,2
2015_2,자양골목시장,88,44,44,1,13,16,25,24,9,1,3,9,14,11,6,0,10,7,11,13,3
2015_2,중곡제일시장,145,73,72,1,14,27,43,42,18,1,4,11,20,23,14,0,10,16,23,19,4
2015_2,한아름시장,107,56,51,1,26,32,29,14,5,1,15,18,14,7,1,0,11,14,15,7,4
2015_2,성동용답상가시장,253,130,123,2,30,67,71,54,29,0,10,31,39,28,22,2,20,36,32,26,7
2015_2,뚝도시장,26,8,18,0,6,4,5,9,2,0,2,1,0,4,1,0,4,3,5,5,1
2015_2,금남시장,14,10,4,0,0,1,2,4,7,0,0,1,2,2,5,0,0,0,0,2,2
2015_2,행당시장,211,111,100,0,33,56,64,43,15,0,10,30,35,24,12,0,23,26,29,19,3
2015_2,마장축산물시장,1545,1055,490,5,171,455,446,329,139,2,103,343,305,209,93,3,68,112,141,120,46
2015_2,용문전통시장,25,15,10,0,0,5,7,8,5,0,0,3,6,3,3,0,0,2,1,5,2
2015_2,후암시장,30,11,19,0,0,4,8,15,3,0,0,2,2,6,1,0,0,2,6,9,2
2015_2,합동(새벽)시장,2298,1239,1059,6,376,807,537,289,283,2,90,305,336,239,267,4,286,502,201,50,16
2015_2,서울중앙시장,246,167,79,2,30,67,58,65,24,2,14,44,41,48,18,0,16,23,17,17,6
2015_2,백학시장,495,270,225,3,72,166,137,90,27,3,25,104,79,40,19,0,47,62,58,50,8
2015_2,약수시장,1542,594,948,9,253,426,377,273,204,1,69,136,170,116,102,8,184,290,207,157,102
2015_2,청평화시장,2439,1673,766,1,612,857,706,189,74,0,437,558,531,103,44,1,175,299,175,86,30
2015_2,제일평화시장,472,291,181,0,87,136,87,98,64,0,38,83,59,65,46,0,49,53,28,33,18
2015_2,남평화시장,156,105,51,0,14,31,27,64,20,0,7,21,19,42,16,0,7,10,8,22,4
2015_2,방산종합시장,1701,1133,568,3,142,408,470,443,235,1,93,284,288,289,178,2,49,124,182,154,57
2015_2,인현시장,1188,767,421,2,101,220,357,344,164,0,33,118,238,248,130,2,68,102,119,96,34
2015_2,신중부시장,2298,1575,723,5,186,544,697,550,316,1,81,372,486,399,236,4,105,172,211,151,80
2015_2,남대문시장,7028,3805,3223,15,1271,2893,1702,776,371,13,456,1530,1002,529,275,2,815,1363,700,247,96
2015_2,동묘시장,865,552,313,1,145,186,241,191,101,0,67,131,156,125,73,1,78,55,85,66,28
2015_2,창신골목시장,216,123,93,0,24,110,40,31,11,0,6,60,28,19,10,0,18,50,12,12,1
2015_2,충신시장,320,187,133,2,56,88,78,66,30,1,24,48,45,44,25,1,32,40,33,22,5
2015_2,종로신진시장,30,12,18,0,1,0,8,11,10,0,0,0,3,5,4,0,1,0,5,6,6
2015_2,동대문종합시장,241,147,94,1,20,63,73,51,33,0,10,38,41,36,22,1,10,25,32,15,11
2015_2,광장시장,216,150,66,0,28,36,44,69,39,0,13,24,34,49,30,0,15,12,10,20,9
2015_2,서울 노원구 노원역_3,678,275,403,13,166,124,162,142,71,7,59,59,68,48,34,6,107,65,94,94,37
2015_2,서울 노원구 노원역_1,909,274,635,8,276,252,198,121,54,1,41,68,84,53,27,7,235,184,114,68,27
2015_2,창동역,2306,1504,802,2,193,450,650,655,356,2,55,277,444,482,244,0,138,173,206,173,112
2015_2,서울 강북구 수유역_3,49,27,22,0,3,10,15,19,2,0,0,7,6,12,2,0,3,3,9,7,0
2015_2,서울 강북구 수유역_2,4014,2106,1908,10,422,924,1009,1022,627,5,121,399,535,668,378,5,301,525,474,354,249
2015_2,서울 강북구 수유역_1,84,66,18,0,10,24,24,16,10,0,6,20,18,12,10,0,4,4,6,4,0
2015_2,서울 은평구 연신내역_3,575,183,392,1,130,150,128,100,66,0,24,50,47,36,26,1,106,100,81,64,40
2015_2,서울 은평구 연신내역_2,318,138,180,8,67,71,81,47,44,6,25,37,35,12,23,2,42,34,46,35,21
2015_2,서울 은평구 연신내역_1,49,25,24,0,5,11,15,12,6,0,0,4,8,10,3,0,5,7,7,2,3
2015_2,서울 성북구 미아삼거리역_2,507,243,264,2,108,136,138,89,34,2,29,63,71,54,24,0,79,73,67,35,10
2015_2,서울 강북구 미아삼거리역_1,432,153,279,2,92,116,96,78,48,2,13,40,39,28,31,0,79,76,57,50,17
2015_2,서울 은평구 불광역_3,51,19,32,0,7,11,18,12,3,0,1,5,6,6,1,0,6,6,12,6,2
2015_2,서울 은평구 불광역_2,80,32,48,0,6,14,21,24,15,0,0,2,8,12,10,0,6,12,13,12,5
2015_2,서울 은평구 불광역_1,225,89,136,1,37,58,49,49,31,0,11,20,22,20,16,1,26,38,27,29,15
2015_2,미아사거리_2,145,82,63,1,32,31,18,25,38,0,15,13,8,9,37,1,17,18,10,16,1
2015_2,미아사거리_1,522,215,307,0,54,116,162,134,56,0,20,44,61,58,32,0,34,72,101,76,24
2015_2,서울 성북구 성신여대입구역,4859,3013,1846,13,483,1039,1314,1410,600,6,154,482,821,1113,437,7,329,557,493,297,163
2015_2,경희대학교,334,151,183,0,56,88,88,71,31,0,25,50,39,27,10,0,31,38,49,44,21
2015_2,서울 성북구 안암역,91,57,34,1,15,32,22,11,10,1,11,24,12,6,3,0,4,8,10,5,7
2015_2,혜화역 대학로_3,10394,3112,7282,14,2958,3930,2065,1182,245,1,583,1099,737,518,174,13,2375,2831,1328,664,71
2015_2,혜화역 대학로_2,1381,802,579,2,77,464,454,336,48,0,23,181,271,291,36,2,54,283,183,45,12
2015_2,혜화역 대학로_1,1199,627,572,7,241,362,266,213,110,0,97,212,149,108,61,7,144,150,117,105,49
2015_2,디지털미디어시티,20370,12500,7870,75,6609,7321,4579,1519,267,28,2650,4726,3679,1223,194,47,3959,2595,900,296,73
2015_2,서울 동대문구 청량리역,3144,2047,1097,3,436,786,883,612,424,0,251,553,593,362,288,3,185,233,290,250,136
2015_2,서울 종로구 안국역_2,775,310,465,7,186,236,195,96,55,1,53,101,76,42,37,6,133,135,119,54,18
2015_2,서울 종로구 안국역_1,11905,9833,2072,4,1437,4576,3691,1726,471,2,1024,3638,3239,1534,396,2,413,938,452,192,75
2015_2,서울 종로구 경복궁역_1,219,90,129,0,42,52,55,44,26,0,10,23,26,19,12,0,32,29,29,25,14
2015_2,서울 종로구 종로3가역_3,3053,1719,1334,8,496,825,870,543,311,6,157,453,532,347,224,2,339,372,338,196,87
2015_2,서울 종로구 종로3가역_2,1725,968,757,8,268,407,423,324,295,4,95,229,250,193,197,4,173,178,173,131,98
2015_2,서울 동대문구 신설동역_2,4316,2209,2107,25,469,643,782,1258,1139,1,143,329,429,569,738,24,326,314,353,689,401
2015_2,인사동,22122,13936,8186,99,4256,7723,5308,3129,1607,26,1540,4853,4194,2353,970,73,2716,2870,1114,776,637
2015_2,서울 종로구 종로5가역_4,668,367,301,5,103,179,193,113,75,1,37,107,107,57,58,4,66,72,86,56,17
2015_2,서울 종로구 종로5가역_3,5271,3628,1643,9,743,1534,1455,1052,478,4,433,1082,994,753,362,5,310,452,461,299,116
2015_2,종로구청,14980,8913,6067,14,1373,5525,4588,2603,877,8,433,2889,3128,1858,597,6,940,2636,1460,745,280
2015_2,서울 종로구 종로5가역_2,14311,8912,5399,227,2887,5143,3497,1966,591,70,1230,3218,2507,1476,411,157,1657,1925,990,490,180
2015_2,신설동역,737,442,295,6,108,186,192,159,86,0,43,116,113,103,67,6,65,70,79,56,19
2015_2,서울 동대문구 신설동역_1,2,2,0,0,0,0,1,0,1,0,0,0,1,0,1,0,0,0,0,0,0
2015_2,서울 종로구 광화문역_2,50961,32188,18773,128,7344,17521,15566,7690,2712,20,2769,10141,11717,5738,1803,108,4575,7380,3849,1952,909
2015_2,동묘앞역,64,41,23,0,6,19,14,18,7,0,3,12,10,12,4,0,3,7,4,6,3
2015_2,장안동사거리,540,258,282,8,82,109,150,126,65,3,37,58,63,55,42,5,45,51,87,71,23
2015_2,서울 종로구 동대문역_2,968,546,422,6,169,280,211,177,125,2,62,165,125,101,91,4,107,115,86,76,34
2015_2,동대문시장_2,504,320,184,1,48,117,127,120,91,0,29,73,77,72,69,1,19,44,50,48,22
2015_2,서울 종로구 종로5가역_1,51,34,17,0,7,7,11,21,5,0,2,4,9,16,3,0,5,3,2,5,2
2015_2,서울 종로구 종로3가역_1,3353,1527,1826,7,802,1089,715,447,293,2,248,484,366,247,180,5,554,605,349,200,113
2015_2,서울 종로구 광화문역_1,2332,1632,700,5,475,949,526,267,110,5,224,678,438,225,62,0,251,271,88,42,48
2015_2,종각역,20893,13909,6984,18,2707,6971,6675,4173,349,2,979,3724,5229,3707,268,16,1728,3247,1446,466,81
2015_2,종각역 젊음의 거리,1963,929,1034,8,417,595,387,299,257,5,153,317,206,113,135,3,264,278,181,186,122
2015_2,서대문구 서대문역_1,2581,843,1738,2,873,980,461,193,72,2,156,315,224,95,51,0,717,665,237,98,21
2015_2,동대문시장_1,452,241,211,1,60,130,117,104,40,1,20,81,54,58,27,0,40,49,63,46,13
2015_2,시청역_2,24467,15366,9101,71,4442,8400,7055,3522,977,24,1499,5076,5450,2589,728,47,2943,3324,1605,933,249
2015_2,서울시청,26286,12343,13943,62,4892,9231,7717,3250,1134,13,1419,3856,4186,2133,736,49,3473,5375,3531,1117,398
2015_2,서울 중구 을지로3가역_2,8590,5507,3083,9,1285,2445,2117,1687,1047,1,532,1489,1584,1123,778,8,753,956,533,564,269
2015_2,서울 중구 신당역_2,1199,630,569,15,504,318,180,116,66,8,233,181,100,63,45,7,271,137,80,53,21
2015_2,서대문구 서대문역_2,2227,1513,714,0,412,924,563,242,86,0,224,676,398,159,56,0,188,248,165,83,30
2015_2,동대문역사문화공원역,4451,2846,1605,4,621,1138,1237,1027,424,1,311,744,831,678,281,3,310,394,406,349,143
2015_2,서울 중구 을지로3가역_1,14127,9632,4495,23,2137,4331,3969,2480,1187,7,1003,2837,3014,1887,884,16,1134,1494,955,593,303
2015_2,명동거리,17531,8960,8571,76,2918,5914,5040,2899,684,19,906,2423,3072,2106,434,57,2012,3491,1968,793,250
2015_2,롯데백화점,56396,30904,25492,188,7998,20643,17534,8505,1528,64,2765,9120,11247,6556,1152,124,5233,11523,6287,1949,376
2015_2,서울 중구 신당역_1,1109,707,402,5,175,277,297,234,121,0,54,151,223,182,97,5,121,126,74,52,24
2015_2,북창동,7555,4811,2744,33,1182,2193,1858,1596,693,5,475,1406,1307,1049,569,28,707,787,551,547,124
2015_2,서울 중구 충무로역_2,16372,7386,8986,53,2490,4831,5525,2601,872,22,1002,2537,2284,1001,540,31,1488,2294,3241,1600,332
2015_2,서울 강서구 송정역,642,449,193,3,74,162,185,126,92,2,35,119,136,88,69,1,39,43,49,38,23
2015_2,장한평역_2,12082,9724,2358,36,971,2394,5560,2498,623,12,556,1895,4791,2015,455,24,415,499,769,483,168
2015_2,시청역_1,63738,36931,26807,240,11821,23477,19837,7641,722,81,4795,13091,13273,5161,530,159,7026,10386,6564,2480,192
2015_2,왕십리역_2,728,343,385,5,124,195,187,130,87,4,27,94,97,72,49,1,97,101,90,58,38
2015_2,서울 강서구 발산역,709,467,242,4,144,215,166,123,57,1,69,132,127,98,40,3,75,83,39,25,17
2015_2,장한평역_1,2409,1606,803,2,212,468,486,431,810,1,73,258,354,308,612,1,139,210,132,123,198
2015_2,서울 중구 충무로역_1,3078,2043,1035,30,537,1055,804,443,209,15,352,795,578,189,114,15,185,260,226,254,95
2015_2,장한평역,2135,1447,688,2,182,485,594,584,288,0,75,338,404,416,214,2,107,147,190,168,74
2015_2,서울 중구 명동역,3611,1900,1711,8,698,1689,880,236,100,1,198,840,623,165,73,7,500,849,257,71,27
2015_2,장충동 족발거리,203,92,111,0,34,62,50,31,26,0,6,30,35,13,8,0,28,32,15,18,18
2015_2,한양시장,239,115,124,0,50,58,57,42,32,0,18,31,26,18,22,0,32,27,31,24,10
2015_2,서울 서대문구 이대역,1176,452,724,18,267,292,276,185,138,4,54,114,115,80,85,14,213,178,161,105,53
2015_2,서울 서대문구 신촌역,2558,1037,1521,20,668,670,529,428,243,5,167,272,276,180,137,15,501,398,253,248,106
2015_2,서울 마포구 홍대입구역_3,940,731,209,1,121,258,230,199,131,0,75,180,172,182,122,1,46,78,58,17,9
2015_2,서울 마포구 홍대입구역_2,2597,1075,1522,5,1003,806,439,207,137,3,184,368,280,134,106,2,819,438,159,73,31
2015_2,홍익대학교 주변,15744,7452,8292,79,3842,5319,3479,1842,1183,28,1353,2646,1785,830,810,51,2489,2673,1694,1012,373
2015_2,서울 광진구 군자역,170,109,61,1,25,53,53,27,11,1,11,38,39,16,4,0,14,15,14,11,7
2015_2,신촌역,215,120,95,0,45,55,47,38,30,0,21,31,28,21,19,0,24,24,19,17,11
2015_2,강서구청,3681,2475,1206,15,512,1132,900,662,460,7,267,847,632,427,295,8,245,285,268,235,165
2015_2,서울 마포구 홍대입구역_1,746,428,318,5,204,273,163,66,35,0,98,143,114,48,25,5,106,130,49,18,10
2015_2,서울 강동구 고덕역,484,283,201,1,51,108,119,122,83,0,15,63,65,78,62,1,36,45,54,44,21
2015_2,서울 강동구 명일역,905,353,552,2,146,185,216,213,143,1,32,70,85,83,82,1,114,115,131,130,61
2015_2,어린이대공원역,119,78,41,0,16,51,23,22,7,0,2,40,17,13,6,0,14,11,6,9,1
2015_2,서울 마포구 공덕역_2,3983,2327,1656,13,563,1206,1157,841,203,9,195,730,805,478,110,4,368,476,352,363,93
2015_2,공덕역,6421,4101,2320,20,1278,1979,1881,1085,178,6,474,1166,1375,933,147,14,804,813,506,152,31
2015_2,서울 용산구 숙대입구역,4118,2911,1207,66,915,1588,978,456,115,5,464,1270,798,302,72,61,451,318,180,154,43
2015_2,남영역,13958,6427,7531,625,5185,3848,2925,1186,189,299,2416,2021,1188,394,109,326,2769,1827,1737,792,80
2015_2,서울 마포구 공덕역_1,4235,2073,2162,36,1123,1281,1085,510,200,26,432,673,567,243,132,10,691,608,518,267,68
2015_2,서울 마포구 마포역_2,1002,583,419,12,171,287,274,182,76,6,78,178,180,91,50,6,93,109,94,91,26
2015_2,서울 광진구 건대입구역_2,2641,941,1700,5,799,1035,423,211,168,3,171,376,190,85,116,2,628,659,233,126,52
2015_2,서울 마포구 마포역_1,10341,6302,4039,17,1697,2844,2291,2067,1425,9,616,1803,1688,1265,921,8,1081,1041,603,802,504
2015_2,서울 강동구 천호역_2,3625,1817,1808,15,587,859,784,672,708,10,234,429,379,287,478,5,353,430,405,385,230
2015_2,서울 광진구 건대입구역_1,946,467,479,6,230,272,206,123,109,0,85,144,102,64,72,6,145,128,104,59,37
2015_2,건대입구역,795,442,353,5,210,284,151,90,55,3,88,180,87,43,41,2,122,104,64,47,14
2015_2,서울 광진구 구의역,896,552,344,1,105,243,223,184,140,0,32,131,149,129,111,1,73,112,74,55,29
2015_2,서울 강동구 천호역,972,449,523,5,164,263,226,184,130,1,34,120,124,91,79,4,130,143,102,93,51
2015_2,당산역_2,5096,3116,1980,14,478,743,858,1167,1836,12,325,589,538,602,1050,2,153,154,320,565,786
2015_2,서울 강동구 길동역,1603,1061,542,3,150,372,464,389,225,0,54,235,344,260,168,3,96,137,120,129,57
2015_2,용산 전자상가_5,2185,1659,526,13,377,927,606,200,62,10,266,737,458,141,47,3,111,190,148,59,15
2015_2,당산역_1,1141,739,402,7,206,336,294,185,113,4,84,223,203,131,94,3,122,113,91,54,19
2015_2,서울 광진구 강변역,2172,1799,373,6,95,458,697,531,385,5,50,346,632,455,311,1,45,112,65,76,74
2015_2,용산 전자상가_3,2542,1870,672,12,374,957,689,327,183,6,224,721,519,260,140,6,150,236,170,67,43
2015_2,서울 용산구 이태원역,783,466,317,18,295,222,130,68,50,10,184,143,70,35,24,8,111,79,60,33,26
2015_2,한남오거리,617,322,295,2,84,162,133,142,94,0,24,102,60,71,65,2,60,60,73,71,29
2015_2,용산 전자상가_2,429,345,84,4,38,162,161,52,12,4,26,138,127,40,10,0,12,24,34,12,2
2015_2,용산구청,66,43,23,2,38,13,9,2,2,2,26,6,6,1,2,0,12,7,3,1,0
2015_2,용산 전자상가_1,8231,6307,1924,39,1111,2863,2583,1312,323,27,597,2099,2177,1157,250,12,514,764,406,155,73
2015_2,국회의사당역_2,39285,22304,16981,768,9988,13573,8815,4637,1504,360,3306,7708,6596,3340,994,408,6682,5865,2219,1297,510
2015_2,서울 용산구 신용산역,323,131,192,0,38,60,91,84,50,0,15,23,36,32,25,0,23,37,55,52,25
2015_2,국회의사당역_1,5726,4448,1278,0,342,1316,1990,1963,115,0,127,844,1714,1659,104,0,215,472,276,304,11
2015_2,압구정 로데오거리_2,14245,5872,8373,97,4611,5321,2561,1126,529,27,1330,2441,1255,508,311,70,3281,2880,1306,618,218
2015_2,서울 강남구 압구정역,9661,4504,5157,282,2741,2726,1662,1221,1029,122,896,1355,968,631,532,160,1845,1371,694,590,497
2015_2,서울 영등포구 영등포구청역,4516,1393,3123,3,1180,2005,1015,239,74,0,186,684,343,122,58,3,994,1321,672,117,16
2015_2,압구정 로데오거리_1,7733,2486,5247,52,2913,2929,1166,446,227,10,613,956,531,235,141,42,2300,1973,635,211,86
2015_2,서울 강동구 둔촌동역,60,26,34,0,7,17,22,11,3,0,2,10,8,5,1,0,5,7,14,6,2
2015_2,오목교역,213,103,110,2,23,42,66,48,32,2,11,23,30,18,19,0,12,19,36,30,13
2015_2,신사동 가로수길,20767,9661,11106,62,6015,7075,4253,2173,1189,21,1624,3555,2496,1183,782,41,4391,3520,1757,990,407
2015_2,서울 영등포구 여의도역_2,46755,31061,15694,124,6685,18259,14525,5624,1538,16,2474,11265,11654,4768,884,108,4211,6994,2871,856,654
2015_2,청담사거리_3,1312,428,884,1,494,514,189,72,42,0,92,172,101,33,30,1,402,342,88,39,12
2015_2,영등포유통상가,1848,1251,597,6,185,424,406,433,394,3,87,275,283,292,311,3,98,149,123,141,83
2015_2,청담역_2,1409,1029,380,1,289,486,281,158,194,0,144,377,235,116,157,1,145,109,46,42,37
2015_2,청담역_1,191,151,40,0,27,73,51,22,18,0,18,57,46,16,14,0,9,16,5,6,4
2015_2,청담사거리_2,1025,815,210,0,174,404,356,71,20,0,96,323,327,56,13,0,78,81,29,15,7
2015_2,서울 영등포구 여의도역_1,53145,32010,21135,101,6700,16310,17669,10484,1881,25,2637,7056,11929,9056,1307,76,4063,9254,5740,1428,574
2015_2,학동사거리_2,2788,1623,1165,15,591,854,598,489,241,7,179,462,420,359,196,8,412,392,178,130,45
2015_2,서울 영등포구 영등포시장역,337,271,66,0,20,71,102,87,57,0,12,59,75,76,49,0,8,12,27,11,8
2015_2,학동사거리_1,4245,2224,2021,21,1025,1525,813,557,304,5,225,798,544,414,238,16,800,727,269,143,66
2015_2,여의도 시범아파트앞,2386,1587,799,8,304,578,669,516,311,4,128,381,488,379,207,4,176,197,181,137,104
2015_2,영등포역_3,831,503,328,2,132,241,191,184,81,0,33,140,136,135,59,2,99,101,55,49,22
2015_2,도산공원사거리_1,10478,6531,3947,36,2364,4010,2467,1151,450,12,1063,2610,1722,797,327,24,1301,1400,745,354,123
2015_2,영등포역_2,1004,554,450,2,98,191,234,265,214,1,39,109,131,127,147,1,59,82,103,138,67
2015_2,문래동 주민센터,67,56,11,0,4,11,17,22,13,0,2,8,15,18,13,0,2,3,2,4,0
2015_2,강남구 신사역_2,7208,4808,2400,29,1414,3135,1789,622,219,5,540,2174,1428,501,160,24,874,961,361,121,59
2015_2,서울 강남구 강남구청역_2,4144,2520,1624,43,1853,1203,695,260,90,28,955,765,528,189,55,15,898,438,167,71,35
2015_2,강남구 신사역_1,2616,1161,1455,7,750,1105,449,180,125,1,166,496,307,114,77,6,584,609,142,66,48
2015_2,서울 동작구 노량진1동_1,93,43,50,0,5,8,27,43,10,0,3,7,17,13,3,0,2,1,10,30,7
2015_2,서울 강남구 학동역_3,8237,4838,3399,16,1471,3049,1989,1125,587,3,526,1777,1416,718,398,13,945,1272,573,407,189
2015_2,서울 강남구 강남구청역_1,3080,1795,1285,22,630,870,802,540,216,9,245,493,511,376,161,13,385,377,291,164,55
2015_2,잠실역,5451,4128,1323,7,606,1934,1748,864,292,3,268,1487,1482,667,221,4,338,447,266,197,71
2015_2,강남구 논현역_4,8275,3749,4526,34,2278,2716,1756,904,587,10,505,1341,1037,484,372,24,1773,1375,719,420,215
2015_2,학동역,878,427,451,3,222,313,241,72,27,0,59,172,136,46,14,3,163,141,105,26,13
2015_2,방이동 먹자골목,5732,3932,1800,14,677,1662,1597,1250,532,7,355,1157,1164,843,406,7,322,505,433,407,126
2015_2,서울 강남구 학동역_2,5730,2722,3008,21,1375,1840,1087,591,816,9,322,839,623,390,539,12,1053,1001,464,201,277
2015_2,서울 동작구 노량진역,3454,2022,1432,7,295,916,987,961,288,5,98,417,601,710,191,2,197,499,386,251,97
2015_2,삼성역_3,9386,5407,3979,10,1928,3782,2308,1084,274,5,483,2006,1784,930,199,5,1445,1776,524,154,75
2015_2,코엑스,20112,11820,8292,76,5131,7125,4996,2205,579,27,1726,4099,3810,1740,418,49,3405,3026,1186,465,161
2015_2,서울 강남구 학동역_1,5716,3492,2224,35,1201,1897,1240,817,526,13,538,1312,809,445,375,22,663,585,431,372,151
2015_2,선정릉역_2,6144,3769,2375,29,1439,2207,1400,683,386,4,533,1349,1058,532,293,25,906,858,342,151,93
2015_2,강남구 논현역_3,1465,850,615,10,254,513,337,246,105,0,91,325,218,143,73,10,163,188,119,103,32
2015_2,포스코사거리_2,7635,4698,2937,17,1318,3367,1900,750,283,6,500,2215,1324,442,211,11,818,1152,576,308,72
2015_2,포스코사거리_1,49500,32581,16919,130,10621,19238,13565,4815,1131,49,5086,13021,10148,3516,761,81,5535,6217,3417,1299,370
2015_2,잠실역 롯데월드,3119,1555,1564,105,1449,576,544,363,82,33,622,312,311,253,24,72,827,264,233,110,58
2015_2,신도림역,3816,2105,1711,6,858,1454,977,434,87,2,334,813,598,291,67,4,524,641,379,143,20
2015_2,강남구 논현역_2,7585,3554,4031,30,2006,2677,1480,872,520,5,545,1416,946,393,249,25,1461,1261,534,479,271
2015_2,선정릉역_1,1536,1050,486,8,312,573,346,170,127,3,143,400,272,124,108,5,169,173,74,46,19
2015_2,신천역,5891,3231,2660,14,1082,1498,1401,997,899,3,358,850,780,577,663,11,724,648,621,420,236
2015_2,강남구 논현역_1,3121,2030,1091,8,627,1167,731,363,225,3,265,792,558,256,156,5,362,375,173,107,69
2015_2,삼성역_2,18338,10881,7457,436,5527,6610,3596,1804,365,231,2449,4240,2534,1149,278,205,3078,2370,1062,655,87
2015_2,삼정역_2,2572,1125,1447,4,663,923,451,318,213,0,153,421,257,173,121,4,510,502,194,145,92
2015_2,삼정역_1,2982,1586,1396,3,652,1002,651,339,335,2,170,518,459,195,242,1,482,484,192,144,93
2015_2,삼성역_1,27937,18020,9917,80,4333,8615,6787,4909,3213,30,1826,5911,5259,3030,1964,50,2507,2704,1528,1879,1249
2015_2,서울 강남구 선릉역_2,7008,4398,2610,29,1418,2148,1602,1132,679,14,622,1421,1156,760,425,15,796,727,446,372,254
2015_2,고속터미널역,15210,4715,10495,54,4837,5161,3326,1500,332,14,783,1646,1278,774,220,40,4054,3515,2048,726,112
2015_2,서울 서초구 강남역,32768,18661,14107,80,7528,11413,7431,4032,2284,41,2649,6849,4869,2698,1555,39,4879,4564,2562,1334,729
2015_2,서울 강남구 선릉역_1,20499,9065,11434,201,7855,5361,3459,2368,1255,107,3001,3083,1362,809,703,94,4854,2278,2097,1559,552
2015_2,선릉역_2,20180,11037,9143,55,5272,6875,4416,2277,1285,20,1831,3970,2936,1363,917,35,3441,2905,1480,914,368
2015_2,서울 강남구 역삼역_2,27354,21522,5832,122,4988,10607,7835,3361,441,80,2770,8143,7033,3161,335,42,2218,2464,802,200,106
2015_2,서울 송파구 석촌역_1,39,26,13,0,3,12,14,8,2,0,0,10,8,6,2,0,3,2,6,2,0
2015_2,서울 강남구 강남역_2,6456,4162,2294,32,1493,2262,1401,991,277,11,615,1429,1107,822,178,21,878,833,294,169,99
2015_2,선릉역_1,56948,29569,27379,166,11117,16377,17037,10004,2247,126,6787,11219,6563,3341,1533,40,4330,5158,10474,6663,714
2015_2,구로역,157,91,66,0,12,18,21,16,90,0,1,5,9,9,67,0,11,13,12,7,23
2015_2,역삼역_2,3883,2174,1709,17,803,1371,1130,444,118,10,244,891,686,267,76,7,559,480,444,177,42
2015_2,대림역_2,6950,5401,1549,6,1226,2157,1401,1328,832,0,977,1895,1135,888,506,6,249,262,266,440,326
2015_2,서울 강남구 역삼역_1,26140,16356,9784,115,5771,10546,5992,2474,1242,46,2534,6831,4350,1688,907,69,3237,3715,1642,786,335
2015_2,신대방삼거리역,297,165,132,2,23,70,73,63,66,0,8,37,51,37,32,2,15,33,22,26,34
2015_2,서울 강남구 한티역,1292,495,797,11,339,384,285,169,104,2,88,144,127,74,60,9,251,240,158,95,44
2015_2,은마아파트입구사거리_4,65,42,23,0,12,17,20,9,7,0,6,13,12,5,6,0,6,4,8,4,1
2015_2,오류동역,1305,686,619,4,115,191,375,365,255,2,44,108,170,192,170,2,71,83,205,173,85
2015_2,서울 강남구 강남역,38850,18015,20835,77,8861,12880,8955,5719,2358,36,2460,6778,5731,2156,854,41,6401,6102,3224,3563,1504
2015_2,교대역_4,4907,2934,1973,16,927,1561,1182,765,456,2,336,837,817,575,367,14,591,724,365,190,89
2015_2,서울 강남구 강남역_1,137795,100391,37404,850,33993,62762,30804,8333,1053,609,16602,46760,27976,7654,790,241,17391,16002,2828,679,263
2015_2,방배동카페골목,113,43,70,1,17,13,35,22,25,0,8,5,18,2,10,1,9,8,17,20,15
2015_2,가락시장,15561,10071,5490,78,2620,3987,4024,3187,1665,41,1300,2762,2877,1933,1158,37,1320,1225,1147,1254,507
2015_2,교대역_3,4376,2722,1654,3,583,1279,1254,788,469,0,132,622,918,643,407,3,451,657,336,145,62
2015_2,역삼역_1,1743,946,797,3,429,523,398,215,175,0,114,300,271,146,115,3,315,223,127,69,60
2015_2,교대역_2,3263,2070,1193,4,520,1178,865,488,208,1,196,781,614,322,156,3,324,397,251,166,52
2015_2,서울 송파구 가락시장역,5166,3330,1836,8,691,1628,1323,936,580,3,329,1000,927,624,447,5,362,628,396,312,133
2015_2,서울 서초구 서초역,11056,4719,6337,71,3849,3106,2249,1284,497,33,1363,1254,1036,680,353,38,2486,1852,1213,604,144
2015_2,서울 강남구 대치역_2,1359,859,500,0,148,524,452,144,91,0,41,298,340,102,78,0,107,226,112,42,13
2015_2,뱅뱅사거리_2,23561,14998,8563,357,4753,7368,6273,3231,1579,150,2258,4839,4495,2170,1086,207,2495,2529,1778,1061,493
2015_2,보라매공원,14379,8359,6020,42,2618,5664,3925,1415,715,15,1193,3080,2487,1064,520,27,1425,2584,1438,351,195
2015_2,교대역_1,13151,7745,5406,49,2318,4300,3512,2083,889,9,784,2535,2345,1372,700,40,1534,1765,1167,711,189
2015_2,개봉동 현대아파트 인근,170,83,87,1,8,35,45,54,27,0,2,10,21,35,15,1,6,25,24,19,12
2015_2,뱅뱅사거리,10273,7075,3198,27,3255,4284,1810,680,217,11,1928,3175,1330,465,166,16,1327,1109,480,215,51
2015_2,뱅뱅사거리_1,9554,6787,2767,13,1488,3198,2476,1591,788,4,730,2354,1985,1153,561,9,758,844,491,438,227
2015_2,서울 관악구 신림역_4,948,466,482,8,195,190,218,205,132,7,64,101,110,101,83,1,131,89,108,104,49
2015_2,동작구 총신대입구역_1,228,105,123,0,26,45,58,55,44,0,6,20,26,26,27,0,20,25,32,29,17
2015_2,양재역_3,3194,2187,1007,5,599,1159,797,409,225,0,346,766,593,304,178,5,253,393,204,105,47
2015_2,동작구 총신대입구역_2,1191,606,585,8,289,342,267,177,108,1,97,190,154,85,79,7,192,152,113,92,29
2015_2,서울 서초구 남부터미널역_3,1594,980,614,4,295,461,418,250,166,1,122,277,301,163,116,3,173,184,117,87,50
2015_2,서울 강남구 수서역,18011,10591,7420,27,2761,6158,4941,2594,1530,10,1291,3829,2689,1505,1267,17,1470,2329,2252,1089,263
2015_2,서울 서초구 남부터미널역_2,11095,5450,5645,19,2457,3053,2857,1722,987,13,927,1680,1378,778,674,6,1530,1373,1479,944,313
2015_2,구로디지탈1단지,63830,41310,22520,275,13978,25329,15139,6284,2825,148,6682,17236,10690,4260,2294,127,7296,8093,4449,2024,531
2015_2,양재역,130,69,61,0,18,56,30,17,9,0,4,26,20,12,7,0,14,30,10,5,2
2015_2,매봉역,330,157,173,1,125,99,46,40,19,0,33,58,30,24,12,1,92,41,16,16,7
2015_2,서울 서초구 방배역,3861,2288,1573,57,925,999,726,583,571,18,402,618,474,366,410,39,523,381,252,217,161
2015_2,서울 서초구 남부터미널역_1,738,522,216,0,108,237,224,113,56,0,57,167,172,78,48,0,51,70,52,35,8
2015_2,서울 관악구 신림역_2,26,11,15,0,2,2,4,9,9,0,1,2,2,2,4,0,1,0,2,7,5
2015_2,서울 관악구 신림역_1,1783,842,941,17,288,328,321,375,454,4,114,161,153,157,253,13,174,167,168,218,201
2015_2,양재역_2,8292,4578,3714,89,1791,3195,1964,840,413,30,703,1905,1226,434,280,59,1088,1290,738,406,133
2015_2,양재역_1,874,613,261,4,73,230,251,216,100,4,24,135,165,189,96,0,49,95,86,27,4
2015_2,서울 관악구 서울대입구역_2,42,4,38,2,17,6,6,9,2,0,1,1,0,2,0,2,16,5,6,7,2
2015_2,가산디지털단지역_3,30183,18185,11998,112,6157,10797,7610,3978,1529,57,2886,7146,4793,2211,1092,55,3271,3651,2817,1767,437
2015_2,구로디지털단지역,2678,1844,834,8,535,934,787,301,113,7,276,630,631,213,87,1,259,304,156,88,26
2015_2,서울 관악구 서울대입구역_1,1832,788,1044,5,315,429,515,290,278,0,69,162,237,137,183,5,246,267,278,153,95
2015_2,관악구 사당역_1,3890,1658,2232,17,361,700,1203,1095,514,8,170,368,356,346,410,9,191,332,847,749,104
2015_2,가산디지털단지역_2,59934,36244,23690,2438,17867,19552,12134,5196,2747,1024,8400,12946,8507,3218,2149,1414,9467,6606,3627,1978,598
2015_2,관악구 사당역_2,385,189,196,3,71,88,97,75,51,1,24,42,46,43,33,2,47,46,51,32,18
2015_2,가산디지털단지역_1,24455,16478,7977,155,4212,7689,5985,3852,2562,80,2222,5577,4379,2486,1734,75,1990,2112,1606,1366,828
2015_2,장지역,3770,2410,1360,13,566,1177,1034,632,348,4,267,759,718,404,258,9,299,418,316,228,90
2015_2,포이사거리_1,5603,3065,2538,9,800,1804,1793,966,231,6,450,1157,872,430,150,3,350,647,921,536,81
2015_2,포이사거리_2,7363,4805,2558,9,943,2383,2201,1338,489,2,454,1510,1523,943,373,7,489,873,678,395,116
2015_2,서울 관악구 대학동_1,80,50,30,0,13,19,26,11,11,0,4,10,21,6,9,0,9,9,5,5,2
2015_2,서울 금천구 독산1동_1,2870,2064,806,5,347,703,774,654,387,3,197,472,552,503,337,2,150,231,222,151,50
2015_2,양재 화물트럭터미널앞_2,207,97,110,1,37,87,53,20,9,0,17,24,35,15,6,1,20,63,18,5,3
2015_2,양재 화물트럭터미널앞_1,4134,3242,892,53,986,1326,816,637,316,14,626,1071,681,564,286,39,360,255,135,73,30
2015_2,서울 금천구 시흥1동_4,944,497,447,14,153,174,207,244,152,11,57,95,103,130,101,3,96,79,104,114,51
2015_2,풍성로37가길,40,18,22,0,0,12,14,9,5,0,0,8,6,2,2,0,0,4,8,7,3
2015_2,천호옛길,540,383,157,1,110,160,129,71,69,1,68,118,97,49,50,0,42,42,32,22,19
2015_2,천호옛14길,557,280,277,5,98,121,134,118,81,1,39,59,78,55,48,4,59,62,56,63,33
2015_2,천호대로219길,869,513,356,2,55,173,242,318,79,2,23,101,139,190,58,0,32,72,103,128,21
2015_2,천호대로197길,17,4,13,0,4,2,6,5,0,0,0,2,1,1,0,0,4,0,5,4,0
2015_2,천호대로187길,838,498,340,0,94,183,236,191,134,0,39,120,143,119,77,0,55,63,93,72,57
2015_2,천호대로170길,397,149,248,1,33,76,130,114,43,0,14,51,38,30,16,1,19,25,92,84,27
2015_2,천호대로162길,1030,725,305,1,160,370,234,157,108,0,89,283,179,115,59,1,71,87,55,42,49
2015_2,천중로51길,412,226,186,0,59,101,115,87,50,0,23,61,57,49,36,0,36,40,58,38,14
2015_2,천중로39길,594,206,388,0,43,97,114,162,178,0,10,39,29,54,74,0,33,58,85,108,104
2015_2,진황도로47길,1051,557,494,0,167,162,191,282,249,0,120,108,102,72,155,0,47,54,89,210,94
2015_2,진황도로27길,449,268,181,1,52,149,117,95,35,1,24,99,64,55,25,0,28,50,53,40,10
2015_2,올림픽로98길,55,33,22,0,3,11,20,18,3,0,3,6,12,11,1,0,0,5,8,7,2
2015_2,올림픽로77길,8,5,3,0,0,4,3,0,1,0,0,2,2,0,1,0,0,2,1,0,0
2015_2,올림픽로71길,346,258,88,0,35,94,102,78,37,0,21,68,78,60,31,0,14,26,24,18,6
2015_2,올림픽로48길,5728,3535,2193,5,497,1375,1456,1267,1128,2,209,721,837,897,869,3,288,654,619,370,259
2015_2,양재대로96길,1361,866,495,4,110,212,276,423,336,4,65,129,157,272,239,0,45,83,119,151,97
2015_2,양재대로95길,587,329,258,3,62,138,143,158,83,3,26,78,81,82,59,0,36,60,62,76,24
2015_2,양재대로91길,978,531,447,2,97,164,236,252,227,1,32,92,133,145,128,1,65,72,103,107,99
2015_2,양재대로133길,276,108,168,1,32,65,64,84,30,0,10,33,32,22,11,1,22,32,32,62,19
2015_2,양재대로124길,556,348,208,0,62,158,119,109,108,0,23,116,70,59,80,0,39,42,49,50,28
2015_2,양재대로116길,206,90,116,0,26,53,74,35,18,0,8,20,34,17,11,0,18,33,40,18,7
2015_2,양재대로101길,1334,747,587,3,147,253,297,291,343,2,37,131,169,161,247,1,110,122,128,130,96
2015_2,암사길,365,158,207,1,30,123,108,81,22,1,6,52,48,36,15,0,24,71,60,45,7
2015_2,성안로3길,1478,922,556,5,246,374,387,332,134,2,97,222,260,228,113,3,149,152,127,104,21
2015_2,성내로5길,986,527,459,0,141,274,295,232,44,0,43,148,169,134,33,0,98,126,126,98,11
2015_2,상일로5길,54,31,23,0,6,4,22,17,5,0,4,3,9,11,4,0,2,1,13,6,1
2015_2,상암로5길,447,193,254,5,76,119,135,73,39,5,15,63,56,35,19,0,61,56,79,38,20
2015_2,상암로51길,716,304,412,1,141,145,174,174,81,0,35,71,85,65,48,1,106,74,89,109,33
2015_2,상암로4길,213,170,43,0,56,63,51,35,8,0,44,44,46,30,6,0,12,19,5,5,2
2015_2,상암로14길,432,250,182,0,44,127,109,90,62,0,17,72,60,60,41,0,27,55,49,30,21
2015_2,명일로13길,124,52,72,0,4,23,27,66,4,0,1,9,6,34,2,0,3,14,21,32,2
2015_2,동남로85길,134,73,61,0,11,25,44,38,16,0,4,16,26,20,7,0,7,9,18,18,9
2015_2,동남로82길,12,5,7,0,0,2,8,2,0,0,0,0,4,1,0,0,0,2,4,1,0
2015_2,동남로65길,86,31,55,0,9,12,28,23,14,0,4,3,9,11,4,0,5,9,19,12,10
2015_2,구천면로42길,360,169,191,0,38,90,91,82,59,0,13,42,52,32,30,0,25,48,39,50,29
2015_2,구천면로41길,576,250,326,0,95,165,162,107,47,0,27,78,80,41,24,0,68,87,82,66,23
2015_2,구천면로36길,53,33,20,0,3,11,16,17,6,0,0,11,7,9,6,0,3,0,9,8,0
2015_2,고덕로25길,6,4,2,0,0,0,3,0,3,0,0,0,1,0,3,0,0,0,2,0,0
2015_2,고덕로10길,142,70,72,0,12,28,45,34,23,0,8,12,22,15,13,0,4,16,23,19,10
2015_2,강동대로53길,827,466,361,2,157,240,207,174,47,0,62,150,121,100,33,2,95,90,86,74,14
2015_2,풍성로25길,862,391,471,1,104,228,235,194,100,0,33,100,108,90,60,1,71,128,127,104,40
2015_2,오금로46길,1394,703,691,6,238,417,374,273,86,1,81,220,198,148,55,5,157,197,176,125,31
2015_2,오금로36길,1605,1286,319,6,325,538,505,193,38,1,217,428,449,159,32,5,108,110,56,34,6
2015_2,오금로11길,2246,1447,799,8,314,604,512,462,346,3,144,369,346,302,283,5,170,235,166,160,63
2015_2,양재대로72길,677,381,296,0,104,173,169,145,86,0,38,106,85,81,71,0,66,67,84,64,15
2015_2,양재대로71길,1091,660,431,0,195,313,260,197,126,0,61,180,186,143,90,0,134,133,74,54,36
2015_2,양재대로64길,1547,656,891,10,419,595,326,135,62,7,95,229,191,88,46,3,324,366,135,47,16
2015_2,양재대로62길,5847,3584,2263,6,237,453,522,834,3795,3,113,301,304,389,2474,3,124,152,218,445,1321
2015_2,송파대로30길,1607,1030,577,3,254,439,419,319,173,1,135,303,292,189,110,2,119,136,127,130,63
2015_2,송이로36길,1895,1371,524,16,319,438,491,419,212,10,214,294,364,312,177,6,105,144,127,107,35
2015_2,송이로32길,760,420,340,1,81,172,219,194,93,1,34,95,117,110,63,0,47,77,102,84,30
2015_2,송이로23길,1792,1014,778,1,201,460,446,372,312,1,86,289,220,184,234,0,115,171,226,188,78
2015_2,삼전로13길,1812,1040,772,3,290,414,418,384,303,1,117,236,238,237,211,2,173,178,180,147,92
2015_2,백제고분로50길,3385,1663,1722,1,493,695,793,1006,397,0,207,474,434,375,173,1,286,221,359,631,224
2015_2,백제고분로46길,1627,1036,591,2,211,421,434,348,211,0,105,269,286,227,149,2,106,152,148,121,62
2015_2,백제고분로45길,493,333,160,4,78,144,134,100,33,4,51,90,93,71,24,0,27,54,41,29,9
2015_2,백제고분로42길,117,77,40,0,19,27,32,30,9,0,14,14,20,21,8,0,5,13,12,9,1
2015_2,백제고분로39길,1354,1041,313,1,251,698,262,110,32,0,184,618,151,66,22,1,67,80,111,44,10
2015_2,백제고분로34길,1635,1091,544,2,177,416,440,342,258,0,93,273,291,236,198,2,84,143,149,106,60
2015_2,백제고분로33길,827,526,301,1,76,237,248,178,87,1,25,132,174,124,70,0,51,105,74,54,17
2015_2,백제고분로32길,1038,453,585,8,117,258,260,298,97,3,33,124,124,110,59,5,84,134,136,188,38
2015_2,백제고분로31길,296,190,106,1,20,80,101,69,25,0,11,50,65,48,16,1,9,30,36,21,9
2015_2,백제고분로22길,1083,641,442,4,124,245,319,251,140,1,43,147,191,148,111,3,81,98,128,103,29
2015_2,백제고분로21길,204,139,65,2,33,48,53,42,26,0,17,32,33,33,24,2,16,16,20,9,2
2015_2,마천로51길,123,44,79,0,17,24,31,37,14,0,3,9,11,10,11,0,14,15,20,27,3
2015_2,동남로20길,178,98,80,0,17,38,67,39,17,0,5,21,39,23,10,0,12,17,28,16,7
2015_2,거마로20길,387,175,212,0,46,134,112,70,25,0,12,62,55,35,11,0,34,72,57,35,14
2015_2,학동로77길,2926,1500,1426,6,289,729,683,768,451,6,56,275,300,555,308,0,233,454,383,213,143
2015_2,학동로6길,1988,1088,900,4,438,704,448,262,132,0,181,429,269,117,92,4,257,275,179,145,40
2015_2,학동로56길,979,595,384,0,99,275,269,252,84,0,28,146,164,188,69,0,71,129,105,64,15
2015_2,학동로38길,6746,4428,2318,22,1571,2060,1503,982,608,14,665,1378,1155,778,438,8,906,682,348,204,170
2015_2,테헤란로81길,621,171,450,7,279,220,80,17,18,0,73,56,15,13,14,7,206,164,65,4,4
2015_2,일원로9길,490,273,217,2,39,86,121,121,121,1,17,53,57,63,82,1,22,33,64,58,39
2015_2,일원로3길,218,96,122,0,19,50,53,62,34,0,10,31,29,18,8,0,9,19,24,44,26
2015_2,영동대로65길,3096,1832,1264,5,583,1158,723,379,248,1,241,717,504,209,160,4,342,441,219,170,88
2015_2,영동대로112길,705,494,211,5,144,251,164,96,45,2,89,188,129,55,31,3,55,63,35,41,14
2015_2,언주로81길,8354,3980,4374,27,2705,2805,1683,771,363,8,639,1499,1050,538,246,19,2066,1306,633,233,117
2015_2,압구정로2길,2591,1365,1226,11,572,964,620,287,137,0,194,536,375,155,105,11,378,428,245,132,32
2015_2,선릉로18길,513,302,211,3,45,103,135,141,86,3,20,56,81,88,54,0,25,47,54,53,32
2015_2,선릉로146길,1722,909,813,3,391,717,355,168,88,1,147,399,223,88,51,2,244,318,132,80,37
2015_2,선릉로133길,139,72,67,0,23,40,41,15,20,0,6,20,20,10,16,0,17,20,21,5,4
2015_2,선릉로132길,947,496,451,1,176,280,178,185,127,0,44,121,106,124,101,1,132,159,72,61,26
2015_2,선릉로121길,1656,882,774,1,425,613,381,173,63,0,133,363,229,109,48,1,292,250,152,64,15
2015_2,삼성로75길,2634,1438,1196,11,635,794,564,392,238,0,208,409,363,275,183,11,427,385,201,117,55
2015_2,삼성로69길,259,147,112,0,42,86,69,55,7,0,12,50,45,34,6,0,30,36,24,21,1
2015_2,삼성로64길,626,329,297,2,131,208,150,80,55,1,46,116,92,40,34,1,85,92,58,40,21
2015_2,삼성로63길,154,74,80,0,25,26,54,38,11,0,6,13,27,19,9,0,19,13,27,19,2
2015_2,삼성로57길,864,265,599,3,148,336,211,112,54,1,40,82,70,36,36,2,108,254,141,76,18
2015_2,삼성로147길,803,342,461,1,215,293,164,94,36,0,54,115,92,56,25,1,161,178,72,38,11
2015_2,삼성로115길,320,198,122,3,105,104,59,30,19,0,53,73,41,19,12,3,52,31,18,11,7
2015_2,봉은사로68길,199,103,96,0,55,72,41,20,11,0,19,37,26,15,6,0,36,35,15,5,5
2015_2,봉은사로57길,571,397,174,0,91,200,169,73,38,0,36,133,135,59,34,0,55,67,34,14,4
2015_2,봉은사로43길,958,612,346,0,200,354,249,95,60,0,97,239,185,59,32,0,103,115,64,36,28
2015_2,봉은사로29길,145,95,50,0,38,55,29,15,8,0,20,37,24,11,3,0,18,18,5,4,5
2015_2,봉은사로109길,294,169,125,1,54,79,71,47,42,0,21,49,44,27,28,1,33,30,27,20,14
2015_2,도산대로89길,2450,973,1477,15,679,910,468,250,128,1,158,360,257,127,70,14,521,550,211,123,58
2015_2,도산대로81길,4620,1510,3110,56,1674,1588,863,295,144,10,434,565,299,117,85,46,1240,1023,564,178,59
2015_2,도산대로50길,2717,1937,780,4,303,522,631,699,558,1,166,412,550,529,279,3,137,110,81,170,279
2015_2,도산대로38길,172,95,77,3,37,55,41,24,12,1,9,37,24,18,6,2,28,18,17,6,6
2015_2,도산대로30길,2936,1434,1502,2,808,1149,623,253,101,1,270,590,362,139,72,1,538,559,261,114,29
2015_2,도산대로23길,1318,787,531,6,337,407,275,167,126,0,131,228,185,134,109,6,206,179,90,33,17
2015_2,도산대로15길,1943,899,1044,4,555,708,371,187,118,0,170,367,192,94,76,4,385,341,179,93,42
2015_2,도곡로37길,3335,2224,1111,13,597,1222,859,438,206,5,273,839,630,320,157,8,324,383,229,118,49
2015_2,논현로8길,777,417,360,2,133,224,205,174,39,1,55,156,99,79,27,1,78,68,106,95,12
2015_2,논현로63길,9579,2756,6823,72,1547,2015,4134,1600,211,45,644,837,635,417,178,27,903,1178,3499,1183,33
2015_2,논현로28길,12967,9386,3581,21,2707,5645,2970,1172,452,11,1477,3967,2528,1009,394,10,1230,1678,442,163,58
2015_2,논현로26길,6217,3937,2280,7,844,1668,1258,858,1582,5,459,1276,972,535,690,2,385,392,286,323,892
2015_2,논현로139길,1847,1080,767,9,409,607,392,210,220,0,167,370,250,119,174,9,242,237,142,91,46
2015_2,논현로123길,109,68,41,1,21,31,29,23,4,1,10,23,17,14,3,0,11,8,12,9,1
2015_2,논현로115길,3165,1788,1377,15,758,1176,665,329,222,4,286,652,480,209,157,11,472,524,185,120,65
2015_2,논현로10길,2272,1474,798,3,220,567,599,490,393,2,110,370,396,303,293,1,110,197,203,187,100
2015_2,논현로106길,2821,1537,1284,1,395,752,803,536,334,0,146,479,435,250,227,1,249,273,368,286,107
2015_2,남부순환로365길,186,142,44,0,24,43,67,33,19,0,14,33,52,26,17,0,10,10,15,7,2
2015_2,개포로28길,298,218,80,0,36,95,71,66,30,0,14,80,52,50,22,0,22,15,19,16,8
2015_2,개포로20길,4156,2337,1819,14,661,1057,1179,782,463,12,222,637,658,455,353,2,439,420,521,327,110
2015_2,개포로17길,3455,1990,1465,8,711,1142,833,515,246,5,255,654,551,336,189,3,456,488,282,179,57
2015_2,강남대로140길,4382,2392,1990,17,895,1375,884,788,423,5,281,764,567,429,346,12,614,611,317,359,77
2015_2,강남대로136길,1139,660,479,4,250,440,261,98,86,3,82,272,172,66,65,1,168,168,89,32,21
2015_2,강남대로118길,610,333,277,1,88,170,126,98,127,0,24,93,80,52,84,1,64,77,46,46,43
2015_2,서초중앙로8길,5426,4156,1270,7,910,1899,1442,892,276,5,512,1440,1223,760,216,2,398,459,219,132,60
2015_2,방배중앙로21길,2123,701,1422,5,351,293,574,689,211,4,112,168,184,128,105,1,239,125,390,561,106
2015_2,효령로72길,194,113,81,0,40,40,50,41,23,0,5,28,36,25,19,0,35,12,14,16,4
2015_2,효령로34길,82,37,45,0,7,14,14,40,7,0,5,10,3,13,6,0,2,4,11,27,1
2015_2,효령로31길,1467,877,590,8,282,531,363,188,95,3,101,331,246,127,69,5,181,200,117,61,26
2015_2,효령로23길,724,442,282,1,140,187,208,135,53,0,64,121,134,80,43,1,76,66,74,55,10
2015_2,청두곶길,1882,1319,563,38,496,533,452,262,101,16,321,413,311,186,72,22,175,120,141,76,29
2015_2,주흥길,354,225,129,3,74,127,89,45,16,1,33,76,68,34,13,2,41,51,21,11,3
2015_2,주흥15길,1435,919,516,0,239,452,289,196,259,0,101,311,223,130,154,0,138,141,66,66,105
2015_2,언남길,1951,1432,519,5,244,778,568,244,112,5,135,608,426,173,85,0,109,170,142,71,27
2015_2,신반포로45길,453,285,168,4,99,138,81,49,82,2,40,93,56,37,57,2,59,45,25,12,25
2015_2,서초대로8길,276,193,83,0,19,81,81,58,37,0,14,52,63,40,24,0,5,29,18,18,13
2015_2,서초대로64길,518,352,166,0,97,142,145,77,57,0,42,91,114,61,44,0,55,51,31,16,13
2015_2,서초대로4길,848,626,222,1,130,278,177,104,158,1,72,208,152,64,129,0,58,70,25,40,29
2015_2,서초대로25길,3442,2011,1431,40,733,1096,841,521,211,17,319,658,529,339,149,23,414,438,312,182,62
2015_2,서초대로23길,866,491,375,1,118,199,182,167,199,0,47,140,109,64,131,1,71,59,73,103,68
2015_2,서초대로15길,1068,514,554,4,156,372,278,150,108,0,44,185,139,69,77,4,112,187,139,81,31
2015_2,사평대로57길,216,83,133,2,53,79,44,17,21,0,13,32,23,11,4,2,40,47,21,6,17
2015_2,사평대로26길,15,11,4,0,0,1,6,4,4,0,0,1,4,4,2,0,0,0,2,0,2
2015_2,사평대로22길,1360,847,513,3,293,392,371,210,91,1,145,263,254,138,46,2,148,129,117,72,45
2015_2,사임당로17길,1552,979,573,3,262,585,376,197,129,3,93,403,253,134,93,0,169,182,123,63,36
2015_2,방배로42길,186,85,101,1,59,50,36,19,21,1,8,23,28,10,15,0,51,27,8,9,6
2015_2,방배로35길,2228,1435,793,3,369,615,499,379,363,2,181,404,323,241,284,1,188,211,176,138,79
2015_2,방배로18길,69,36,33,0,18,13,18,9,11,0,9,8,12,2,5,0,9,5,6,7,6
2015_2,반포대로9길,706,486,220,5,129,233,179,100,60,3,69,173,130,69,42,2,60,60,49,31,18
2015_2,바우뫼로39길,2987,1836,1151,3,276,618,502,392,1196,1,133,387,339,226,750,2,143,231,163,166,446
2015_2,마방로2길,3621,2394,1227,17,526,1102,952,790,234,9,228,750,705,533,169,8,298,352,247,257,65
2015_2,방배천로4안길,1572,851,721,2,348,376,385,320,141,0,62,214,276,219,80,2,286,162,109,101,61
2015_2,동산로19길,1358,938,420,1,164,443,381,231,138,0,84,320,277,173,84,1,80,123,104,58,54
2015_2,동산로10길,2188,1224,964,6,260,529,597,525,271,3,116,343,313,268,181,3,144,186,284,257,90
2015_2,동광로39길,47,28,19,0,6,10,16,5,10,0,4,7,7,4,6,0,2,3,9,1,4
2015_2,동광로1길,1341,832,509,1,148,391,366,233,202,0,62,249,232,151,138,1,86,142,134,82,64
2015_2,동광로12길,701,473,228,3,97,182,218,133,68,2,49,122,152,98,50,1,48,60,66,35,18
2015_2,논현로27길,3638,2644,994,8,520,1031,1110,659,310,4,266,703,869,536,266,4,254,328,241,123,44
2015_2,논현로1길,602,362,240,0,90,176,150,119,67,0,43,119,107,59,34,0,47,57,43,60,33
2015_2,남부순환로339길,11537,5060,6477,95,3848,2535,2422,1883,754,51,1517,1527,890,598,477,44,2331,1008,1532,1285,277
2015_2,남부순환로325길,7547,4029,3518,30,1173,2604,2057,1265,418,16,389,1354,1230,709,331,14,784,1250,827,556,87
2015_2,남부순환로317길,1584,1155,429,4,348,650,313,160,109,3,177,524,251,134,66,1,171,126,62,26,43
2015_2,고무래로8길,6857,3838,3019,6,881,2052,1758,1142,1018,2,262,1034,1110,743,687,4,619,1018,648,399,331
2015_2,강남대로8길,3019,2046,973,2,338,896,918,591,274,0,175,637,682,365,187,2,163,259,236,226,87
2015_2,강남대로34길,931,638,293,0,169,398,202,99,63,0,89,271,145,77,56,0,80,127,57,22,7
2015_2,강남대로23길,5774,4221,1553,15,846,1708,1480,1145,580,13,505,1306,1165,847,385,2,341,402,315,298,195
2015_2,소담길,26,8,18,0,3,8,4,8,3,0,0,2,2,1,3,0,3,6,2,7,0
2015_2,원신길,273,114,159,0,50,78,49,61,35,0,4,35,22,30,23,0,46,43,27,31,12
2015_2,양산길,440,314,126,1,31,45,89,129,145,0,6,21,58,101,128,1,25,24,31,28,17
2015_2,호암로24길,573,224,349,3,62,109,140,153,106,1,19,63,51,35,55,2,43,46,89,118,51
2015_2,호암로20길,45,31,14,0,2,12,9,14,8,0,2,11,5,6,7,0,0,1,4,8,1
2015_2,행운길,19,2,17,0,1,1,7,8,2,0,0,0,1,0,1,0,1,1,6,8,1
2015_2,행운1길,76,49,27,0,5,18,29,12,12,0,0,11,21,5,12,0,5,7,8,7,0
2015_2,청림3길,30,18,12,0,5,13,7,2,3,0,1,10,3,2,2,0,4,3,4,0,1
2015_2,청룡길,225,133,92,1,59,79,45,25,16,1,24,48,37,18,5,0,35,31,8,7,11
2015_2,청룡8길,8,4,4,0,0,1,0,3,4,0,0,0,0,1,3,0,0,1,0,2,1
2015_2,중앙길,290,109,181,1,36,62,77,70,44,1,5,23,36,23,21,0,31,39,41,47,23
2015_2,조원중앙로2길,1073,743,330,1,94,266,323,292,97,1,55,169,237,222,59,0,39,97,86,70,38
2015_2,조원로18길,948,492,456,0,102,216,263,223,144,0,27,124,142,116,83,0,75,92,121,107,61
2015_2,조원로10길,272,131,141,0,52,56,55,58,51,0,16,26,23,32,34,0,36,30,32,26,17
2015_2,장군봉2길,322,141,181,0,28,84,87,92,31,0,13,27,34,46,21,0,15,57,53,46,10
2015_2,장군봉1길,100,13,87,0,12,34,30,17,7,0,2,2,3,3,3,0,10,32,27,14,4
2015_2,인헌길,78,38,40,0,13,13,23,15,14,0,6,7,9,6,10,0,7,6,14,9,4
2015_2,은천로25길,286,94,192,0,57,93,60,39,37,0,5,31,20,15,23,0,52,62,40,24,14
2015_2,양녕로6길,913,586,327,4,111,253,260,158,127,3,51,163,174,115,80,1,60,90,86,43,47
2015_2,신원로3길,26,18,8,0,1,6,9,4,6,0,1,4,8,0,5,0,0,2,1,4,1
2015_2,신사로20길,60,33,27,1,11,15,17,12,4,1,3,8,12,7,2,0,8,7,5,5,2
2015_2,신림로64길,227,125,102,1,27,80,67,37,15,1,16,46,35,18,9,0,11,34,32,19,6
2015_2,신림로48길,82,47,35,0,12,16,28,18,8,0,2,12,16,10,7,0,10,4,12,8,1
2015_2,신림로38길,46,20,26,0,3,11,20,8,4,0,1,6,7,5,1,0,2,5,13,3,3
2015_2,신림로28길,308,220,88,0,15,42,81,101,69,0,3,18,54,81,64,0,12,24,27,20,5
2015_2,신림로11길,442,408,34,1,13,28,166,188,46,0,9,23,153,177,46,1,4,5,13,11,0
2015_2,신림동길,438,271,167,1,48,88,94,75,132,1,26,56,51,39,98,0,22,32,43,36,34
2015_2,승방길,499,319,180,1,58,192,142,73,33,0,24,143,90,41,21,1,34,49,52,32,12
2015_2,서림7길,246,89,157,0,14,75,71,69,17,0,3,30,19,27,10,0,11,45,52,42,7
2015_2,봉천로33길,337,221,116,4,37,74,91,68,63,3,17,48,63,45,45,1,20,26,28,23,18
2015_2,봉천로13길,271,78,193,0,24,56,68,93,30,0,6,17,18,24,13,0,18,39,50,69,17
2015_2,복은길,196,73,123,0,21,28,48,65,34,0,7,10,20,25,11,0,14,18,28,40,23
2015_2,법원단지길,2,1,1,0,0,0,1,1,0,0,0,0,0,1,0,0,0,0,1,0,0
2015_2,법원단지9길,85,32,53,0,15,20,22,18,10,0,3,11,6,5,7,0,12,9,16,13,3
2015_2,미성5길,55,26,29,0,4,8,15,14,14,0,0,3,4,7,12,0,4,5,11,7,2
2015_2,대학길,68,32,36,0,7,22,14,20,5,0,3,9,8,9,3,0,4,13,6,11,2
2015_2,대학14길,12,2,10,0,0,1,3,2,6,0,0,1,1,0,0,0,0,0,2,2,6
2015_2,당곡길,339,151,188,1,24,83,104,69,58,0,5,30,47,25,44,1,19,53,57,44,14
2015_2,남현길,211,72,139,1,29,58,61,39,23,1,6,17,24,10,14,0,23,41,37,29,9
2015_2,남현3길,521,305,216,0,45,75,114,155,132,0,8,43,80,88,86,0,37,32,34,67,46
2015_2,남부순환로248길,271,138,133,0,40,80,67,64,20,0,11,48,25,42,12,0,29,32,42,22,8
2015_2,남부순환로234길,126,82,44,0,10,32,39,30,15,0,4,26,25,17,10,0,6,6,14,13,5
2015_2,남부순환로172길,1603,912,691,1,169,284,394,414,341,0,40,158,233,259,222,1,129,126,161,155,119
2015_2,남부순환로161길,15,4,11,0,0,2,8,5,0,0,0,0,2,2,0,0,0,2,6,3,0
2015_2,남부순환로151길,122,74,48,1,9,25,29,34,24,0,4,15,18,16,21,1,5,10,11,18,3
2015_2,남부순환로142길,54,20,34,0,5,12,18,10,9,0,1,4,4,9,2,0,4,8,14,1,7
2015_2,난향길,161,38,123,0,19,36,52,34,20,0,2,4,18,4,10,0,17,32,34,30,10
2015_2,난우길,416,188,228,0,35,67,117,113,84,0,14,22,64,47,41,0,21,45,53,66,43
2015_2,난곡로74길,161,62,99,0,44,32,35,24,26,0,14,11,20,7,10,0,30,21,15,17,16
2015_2,난곡로34길,26,9,17,0,7,6,9,2,2,0,1,1,5,1,1,0,6,5,4,1,1
2015_2,난곡로26길,91,39,52,0,6,19,31,26,9,0,0,5,15,11,8,0,6,14,16,15,1
2015_2,난곡로24길,34,15,19,0,2,5,16,7,4,0,0,1,6,6,2,0,2,4,10,1,2
2015_2,낙성대역길,776,492,284,0,64,107,171,234,200,0,14,51,91,163,173,0,50,56,80,71,27
2015_2,국회단지길,515,230,285,2,97,117,153,93,53,0,24,63,84,35,24,2,73,54,69,58,29
2015_2,구암길,73,29,44,0,8,11,32,10,12,0,4,3,9,5,8,0,4,8,23,5,4
2015_2,관천로22길,17,7,10,0,0,6,6,3,2,0,0,3,2,0,2,0,0,3,4,3,0
2015_2,관천로15길,129,70,59,0,11,30,36,33,19,0,3,15,18,18,16,0,8,15,18,15,3
2015_2,관악로30길,200,63,137,0,38,52,44,44,22,0,9,22,10,12,10,0,29,30,34,32,12
2015_2,관악로28길,152,76,76,0,16,20,47,29,40,0,5,5,16,15,35,0,11,15,31,14,5
2015_2,관악로14길,473,269,204,4,76,110,79,74,130,0,21,72,46,38,92,4,55,38,33,36,38
2015_2,관악로10길,252,179,73,2,22,73,79,43,33,1,14,56,59,28,21,1,8,17,20,15,12
2015_2,흑석로9길,181,75,106,0,51,30,43,38,19,0,19,17,18,13,8,0,32,13,25,25,11
2015_2,흑석로13길,145,23,122,0,46,49,28,18,4,0,2,13,5,2,1,0,44,36,23,16,3
2015_2,장승배기로27길,31,15,16,0,1,9,8,8,5,0,0,2,4,6,3,0,1,7,4,2,2
2015_2,장승배기로19길,2,1,1,0,0,0,0,0,2,0,0,0,0,0,1,0,0,0,0,0,1
2015_2,여의대방로46길,374,110,264,2,48,107,98,81,38,0,8,27,28,29,18,2,40,80,70,52,20
2015_2,여의대방로24길,14842,6826,8016,83,2375,2421,2890,4524,2549,43,1553,1817,1113,1259,1041,40,822,604,1777,3265,1508
2015_2,여의대방로22카길,254,102,152,0,25,46,78,73,32,0,10,33,30,14,15,0,15,13,48,59,17
2015_2,여의대방로22나길,129,46,83,0,16,29,34,37,13,0,2,7,17,12,8,0,14,22,17,25,5
2015_2,여의대방로22길,246,122,124,0,24,55,60,65,42,0,17,39,25,21,20,0,7,16,35,44,22
2015_2,양녕로26길,125,66,59,0,19,20,34,30,22,0,4,10,18,17,17,0,15,10,16,13,5
2015_2,신대방길,116,77,39,0,7,27,36,29,17,0,6,17,21,17,16,0,1,10,15,12,1
2015_2,성대로1길,340,138,202,0,22,68,104,85,61,0,4,35,43,33,23,0,18,33,61,52,38
2015_2,서달로8가길,196,82,114,0,25,34,59,46,32,0,6,8,22,20,26,0,19,26,37,26,6
2015_2,서달로14길,40,16,24,0,13,8,5,9,5,0,2,3,2,4,5,0,11,5,3,5,0
2015_2,서달로10길,73,31,42,0,0,15,22,30,6,0,0,7,6,13,5,0,0,8,16,17,1
2015_2,상도로62길,176,62,114,0,13,35,59,39,30,0,2,11,15,16,18,0,11,24,44,23,12
2015_2,상도로61길,63,35,28,0,6,13,16,15,13,0,0,2,9,11,13,0,6,11,7,4,0
2015_2,상도로47길,70,50,20,0,11,24,15,14,6,0,6,20,11,9,4,0,5,4,4,5,2
2015_2,상도로37길,1919,990,929,20,307,521,504,386,181,0,96,339,263,203,89,20,211,182,241,183,92
2015_2,상도로15길,286,134,152,0,46,84,80,51,25,0,14,40,47,20,13,0,32,44,33,31,12
2015_2,사당로8길,127,67,60,0,12,32,27,41,15,0,5,15,13,26,8,0,7,17,14,15,7
2015_2,사당로30길,323,221,102,0,21,103,123,54,22,0,6,64,87,44,20,0,15,39,36,10,2
2015_2,사당로2차길,89,54,35,0,21,24,20,8,16,0,14,9,16,5,10,0,7,15,4,3,6
2015_2,사당로29길,18,15,3,0,0,1,3,7,7,0,0,0,1,7,7,0,0,1,2,0,0
2015_2,사당로26길,251,143,108,0,30,56,86,58,21,0,10,35,55,27,16,0,20,21,31,31,5
2015_2,사당로23나길,136,44,92,0,17,28,34,27,30,0,2,3,9,8,22,0,15,25,25,19,8
2015_2,사당로23길,25,19,6,0,3,6,7,7,2,0,2,6,3,7,1,0,1,0,4,0,1
2015_2,사당로20길,164,116,48,0,4,30,77,37,16,0,0,20,56,27,13,0,4,10,21,10,3
2015_2,사당로16길,124,35,89,0,6,29,34,45,10,0,0,4,12,12,7,0,6,25,22,33,3
2015_2,사당로16가길,870,558,312,0,20,81,139,173,457,0,12,52,66,97,331,0,8,29,73,76,126
2015_2,만양로8길,65,27,38,0,13,14,16,14,8,0,1,4,10,5,7,0,12,10,6,9,1
2015_2,만양로14길,399,186,213,0,64,107,106,70,52,0,22,49,54,30,31,0,42,58,52,40,21
2015_2,등용로14길,539,413,126,1,71,212,136,58,61,0,51,167,110,38,47,1,20,45,26,20,14
2015_2,동작대로7길,1711,751,960,14,475,432,381,262,147,4,94,193,218,140,102,10,381,239,163,122,45
2015_2,동작대로35길,243,92,151,0,32,57,77,56,21,0,4,29,26,17,16,0,28,28,51,39,5
2015_2,동작대로33길,112,61,51,0,27,30,30,13,12,0,10,17,19,6,9,0,17,13,11,7,3
2015_2,동작대로29길,45,24,21,0,11,3,18,8,5,0,5,3,8,6,2,0,6,0,10,2,3
2015_2,동작대로17길,1329,730,599,7,224,396,387,220,95,5,61,209,252,134,69,2,163,187,135,86,26
2015_2,대방동2길,444,210,234,2,67,127,125,91,32,0,16,69,69,43,13,2,51,58,56,48,19
2015_2,대방동27길,127,68,59,0,14,22,34,35,22,0,8,10,17,22,11,0,6,12,17,13,11
2015_2,노량진로6길,115,32,83,0,12,25,30,37,11,0,1,8,6,14,3,0,11,17,24,23,8
2015_2,국사봉길,32,5,27,0,2,9,7,6,8,0,0,3,1,0,1,0,2,6,6,6,7
2015_2,국사봉2길,94,60,34,0,12,19,21,31,11,0,5,12,16,18,9,0,7,7,5,13,2
2015_2,국사봉1길,7,3,4,0,1,3,1,1,1,0,0,2,0,0,1,0,1,1,1,1,0
2015_2,영신로9길,310,157,153,1,47,108,75,58,21,0,13,67,37,26,14,1,34,41,38,32,7
2015_2,영등포로84길,321,83,238,0,39,49,48,115,70,0,11,20,20,15,17,0,28,29,28,100,53
2015_2,영등포로80길,64,39,25,1,9,18,13,10,13,0,3,7,10,6,13,1,6,11,3,4,0
2015_2,영등포로62길,3,2,1,0,0,3,0,0,0,0,0,2,0,0,0,0,0,1,0,0,0
2015_2,영등포로35길,48,35,13,0,4,16,15,7,6,0,1,13,11,5,5,0,3,3,4,2,1
2015_2,영등포로27길,303,171,132,0,23,73,108,61,38,0,8,41,55,37,30,0,15,32,53,24,8
2015_2,여의대방로43나길,2276,1857,419,0,35,226,447,926,642,0,21,179,354,744,559,0,14,47,93,182,83
2015_2,여의대방로39길,16,12,4,0,0,9,5,1,1,0,0,8,3,1,0,0,0,1,2,0,1
2015_2,여의대방로35길,711,381,330,2,84,167,207,139,112,1,26,85,108,79,82,1,58,82,99,60,30
2015_2,양평로28길,665,537,128,1,33,117,195,229,90,1,13,89,168,190,76,0,20,28,27,39,14
2015_2,양평로22라길,44,27,17,1,3,15,18,2,5,0,3,5,13,1,5,1,0,10,5,1,0
2015_2,양평로19길,3810,3112,698,6,646,1959,825,301,73,1,424,1676,703,250,58,5,222,283,122,51,15
2015_2,신길로60길,418,175,243,0,40,135,131,82,30,0,5,54,63,40,13,0,35,81,68,42,17
2015_2,신길로42길,389,202,187,2,58,120,98,73,38,0,24,68,53,33,24,2,34,52,45,40,14
2015_2,신길로42가길,90,27,63,0,8,22,34,18,8,0,1,6,11,3,6,0,7,16,23,15,2
2015_2,신길로39길,106,49,57,0,12,20,28,25,21,0,2,9,14,15,9,0,10,11,14,10,12
2015_2,신길로17길,44,30,14,1,3,8,12,16,4,1,3,7,6,9,4,0,0,1,6,7,0
2015_2,선유서로28길,412,227,185,0,58,90,108,109,47,0,23,54,59,57,34,0,35,36,49,52,13
2015_2,선유서로25길,2218,1653,565,1,177,525,576,560,379,0,82,390,487,438,256,1,95,135,89,122,123
2015_2,선유서로24길,151,84,67,0,14,29,44,41,23,0,6,18,22,21,17,0,8,11,22,20,6
2015_2,선유로55길,2223,1398,825,4,398,710,565,374,172,2,176,472,378,242,128,2,222,238,187,132,44
2015_2,디지털로74길,55,33,22,0,5,26,9,13,2,0,3,18,4,7,1,0,2,8,5,6,1
2015_2,디지털로57길,7,2,5,0,2,1,3,0,1,0,1,0,0,0,1,0,1,1,3,0,0
2015_2,디지털로37길,210,103,107,1,37,40,51,58,23,1,18,21,23,26,14,0,19,19,28,32,9
2015_2,도신로62길,196,50,146,0,14,54,70,40,18,0,4,15,16,9,6,0,10,39,54,31,12
2015_2,도신로60길,86,12,74,0,4,6,14,19,43,0,0,2,7,0,3,0,4,4,7,19,40
2015_2,도신로29길,72,37,35,0,3,6,20,29,14,0,3,6,13,13,2,0,0,0,7,16,12
2015_2,도신로15길,82,46,36,0,9,12,14,15,32,0,0,3,5,10,28,0,9,9,9,5,4
2015_2,도림천로21길,99,49,50,0,14,23,13,19,30,0,5,10,5,7,22,0,9,13,8,12,8
2015_2,도림로63길,34,21,13,0,2,7,11,11,3,0,1,4,7,7,2,0,1,3,4,4,1
2015_2,도림로147길,1562,1164,398,3,140,318,514,412,175,2,84,239,366,329,144,1,56,79,148,83,31
2015_2,도림로112길,8,7,1,0,2,0,4,1,1,0,2,0,3,1,1,0,0,0,1,0,0
2015_2,대림로8길,1846,629,1217,6,613,496,367,250,114,4,114,169,158,108,76,2,499,327,209,142,38
2015_2,대림로7길,15,5,10,0,3,1,5,6,0,0,0,1,2,2,0,0,3,0,3,4,0
2015_2,대림로44길,44,26,18,0,3,16,10,9,6,0,1,11,5,6,3,0,2,5,5,3,3
2015_2,대림로34길,180,71,109,0,21,43,61,43,12,0,7,13,27,19,5,0,14,30,34,24,7
2015_2,대림로31길,872,444,428,6,169,166,196,194,141,1,108,97,68,80,90,5,61,69,128,114,51
2015_2,대림로29길,1509,723,786,2,214,365,405,365,158,1,40,132,237,198,115,1,174,233,168,167,43
2015_2,대림로22길,291,166,125,1,17,56,98,84,35,0,7,35,60,41,23,1,10,21,38,43,12
2015_2,당산로46길,3136,1716,1420,7,572,615,777,613,552,3,119,355,434,357,448,4,453,260,343,256,104
2015_2,당산로38길,337,267,70,3,38,94,92,60,50,0,17,75,74,54,47,3,21,19,18,6,3
2015_2,당산로37길,3436,2175,1261,14,912,794,678,676,362,11,483,555,436,435,255,3,429,239,242,241,107
2015_2,당산로31길,3977,2217,1760,4,496,1069,990,1006,412,1,159,544,535,685,293,3,337,525,455,321,119
2015_2,국회대로56길,1542,980,562,3,95,262,327,335,520,2,46,191,232,236,273,1,49,71,95,99,247
2015_2,경인로90길,321,199,122,1,32,83,86,78,41,1,15,49,48,54,32,0,17,34,38,24,9
2015_2,경인로80길,1576,1146,430,3,135,333,414,433,258,1,70,211,301,339,224,2,65,122,113,94,34
2015_2,경인로77길,611,441,170,0,76,108,171,162,94,0,28,73,134,125,81,0,48,35,37,37,13
2015_2,가마산로61길,202,84,118,0,25,64,66,30,17,0,6,27,27,14,10,0,19,37,39,16,7
2015_2,시흥대로94길,758,398,360,0,78,182,231,171,96,0,23,103,132,80,60,0,55,79,99,91,36
2015_2,시흥대로84길,170,66,104,0,18,39,56,41,16,0,1,15,20,19,11,0,17,24,36,22,5
2015_2,시흥대로68길,344,122,222,0,26,51,68,80,119,0,9,22,19,29,43,0,17,29,49,51,76
2015_2,시흥대로63길,2664,1417,1247,7,417,846,560,598,236,3,192,376,260,430,156,4,225,470,300,168,80
2015_2,시흥대로62가길,421,115,306,0,31,88,111,141,50,0,7,26,30,32,20,0,24,62,81,109,30
2015_2,시흥대로36길,342,206,136,2,61,98,98,66,17,0,27,66,55,45,13,2,34,32,43,21,4
2015_2,시흥대로22길,467,336,131,2,28,67,109,149,112,0,16,42,78,115,85,2,12,25,31,34,27
2015_2,시흥대로153길,658,364,294,1,67,153,199,169,69,1,28,95,107,91,42,0,39,58,92,78,27
2015_2,시흥대로150길,550,248,302,0,58,129,166,124,73,0,14,42,72,69,51,0,44,87,94,55,22
2015_2,시흥대로141길,670,407,263,0,126,214,147,142,41,0,53,152,97,78,27,0,73,62,50,64,14
2015_2,시흥대로138길,14,7,7,0,0,3,4,6,1,0,0,2,1,3,1,0,0,1,3,3,0
2015_2,시흥대로120길,538,360,178,2,88,139,182,99,28,1,63,101,123,56,16,1,25,38,59,43,12
2015_2,벚꽃로56길,1697,1187,510,5,314,703,419,190,66,3,157,517,322,132,56,2,157,186,97,58,10
2015_2,범안로17길,186,91,95,0,10,33,39,51,53,0,5,19,20,26,21,0,5,14,19,25,32
2015_2,범안로11길,1045,853,192,8,157,312,285,204,79,5,120,260,228,177,63,3,37,52,57,27,16
2015_2,문성로5길,170,53,117,1,8,33,36,58,34,0,2,8,6,23,14,1,6,25,30,35,20
2015_2,독산로85길,69,24,45,0,7,5,18,28,11,0,1,2,6,12,3,0,6,3,12,16,8
2015_2,독산로78다길,234,99,135,0,21,49,64,46,54,0,7,14,14,23,41,0,14,35,50,23,13
2015_2,독산로70길,4,3,1,0,1,0,0,0,3,0,1,0,0,0,2,0,0,0,0,0,1
2015_2,독산로64길,155,40,115,1,38,31,38,36,11,0,5,10,12,11,2,1,33,21,26,25,9
2015_2,독산로50길,49,24,25,0,1,5,19,18,6,0,0,4,8,7,5,0,1,1,11,11,1
2015_2,독산로40길,50,18,32,0,1,14,15,15,5,0,1,5,5,4,3,0,0,9,10,11,2
2015_2,독산로108길,768,328,440,0,156,124,195,197,96,0,48,58,77,86,59,0,108,66,118,111,37
2015_2,남부순환로112길,9,5,4,0,0,1,3,3,2,0,0,1,1,1,2,0,0,0,2,2,0
2015_2,금하로24길,163,56,107,2,23,38,39,38,23,0,5,8,9,19,15,2,18,30,30,19,8
2015_2,금하로1길,54,27,27,0,3,11,17,17,6,0,1,6,7,8,5,0,2,5,10,9,1
2015_2,금하로14길,2,1,1,0,0,0,1,1,0,0,0,0,0,1,0,0,0,0,1,0,0
2015_2,가산로5길,504,392,112,9,71,127,150,111,36,9,58,100,108,90,27,0,13,27,42,21,9
2015_2,가산로3길,2494,1914,580,19,276,552,587,726,334,15,207,471,437,520,264,4,69,81,150,206,70
2015_2,중앙로1길,1390,992,398,3,115,304,271,267,430,1,54,195,192,180,370,2,61,109,79,87,60
2015_2,중앙로15길,195,63,132,0,23,47,61,48,16,0,6,16,10,19,12,0,17,31,51,29,4
2015_2,우마길,30,19,11,1,5,12,5,6,1,0,0,9,5,4,1,1,5,3,0,2,0
2015_2,오류로8길,212,101,111,0,42,55,61,39,15,0,9,30,34,16,12,0,33,25,27,23,3
2015_2,신도림로13길,697,536,161,0,65,131,200,218,83,0,51,103,143,171,68,0,14,28,57,47,15
2015_2,새말로18길,1158,439,719,6,547,351,130,86,38,2,147,171,58,40,21,4,400,180,72,46,17
2015_2,부일로1길,768,627,141,2,36,89,182,275,184,1,20,64,134,236,172,1,16,25,48,39,12
2015_2,부일로15길,182,156,26,0,7,10,28,73,64,0,2,6,22,64,62,0,5,4,6,9,2
2015_2,부일로11길,24,7,17,0,4,4,6,8,2,0,0,0,3,3,1,0,4,4,3,5,1
2015_2,디지털로32길,1246,683,563,1,303,441,217,155,129,1,117,245,132,90,98,0,186,196,85,65,31
2015_2,디지털로32가길,6866,4903,1963,14,1522,2864,1521,644,301,8,841,2130,1188,493,243,6,681,734,333,151,58
2015_2,디지털로27길,398,250,148,1,24,80,124,132,37,0,8,38,74,95,35,1,16,42,50,37,2
2015_2,도림로6길,120,52,68,0,22,45,32,14,7,0,4,20,16,8,4,0,18,25,16,6,3
2015_2,도림로12길,94,37,57,0,16,26,20,28,4,0,2,10,8,13,4,0,14,16,12,15,0
2015_2,남부순환로97길,258,80,178,0,43,69,77,45,24,0,2,16,22,24,16,0,41,53,55,21,8
2015_2,구로중앙로8길,254,103,151,0,25,55,77,68,29,0,3,15,30,34,21,0,22,40,47,34,8
2015_2,구로중앙로7길,182,71,111,0,26,44,53,30,29,0,0,10,22,14,25,0,26,34,31,16,4
2015_2,구로중앙로42길,726,563,163,6,52,144,231,215,78,5,36,109,175,172,66,1,16,35,56,43,12
2015_2,구로중앙로34길,566,316,250,0,50,119,159,162,76,0,27,59,95,96,39,0,23,60,64,66,37
2015_2,구로중앙로28길,2863,1405,1458,2,214,435,605,620,987,0,94,246,390,356,319,2,120,189,215,264,668
2015_2,구로중앙로19길,11,6,5,0,0,2,5,1,3,0,0,2,2,1,1,0,0,0,3,0,2
2015_2,구로동로8길,158,54,104,0,20,32,43,36,27,0,3,11,19,12,9,0,17,21,24,24,18
2015_2,구로동로7길,164,65,99,0,23,39,41,38,23,0,5,9,17,18,16,0,18,30,24,20,7
2015_2,구로동로42길,27,20,7,0,2,5,11,8,1,0,1,4,7,7,1,0,1,1,4,1,0
2015_2,구로동로41길,455,277,178,0,65,129,125,99,37,0,40,76,81,56,24,0,25,53,44,43,13
2015_2,구로동로38길,46,20,26,0,9,6,15,7,9,0,1,3,7,2,7,0,8,3,8,5,2
2015_2,구로동로28길,178,70,108,0,9,42,61,33,33,0,1,18,21,8,22,0,8,24,40,25,11
2015_2,구로동로15길,23,2,21,0,7,9,2,5,0,0,0,1,0,1,0,0,7,8,2,4,0
2015_2,공원로6가길,248,186,62,2,51,69,64,46,16,2,39,55,44,33,13,0,12,14,20,13,3
2015_2,고척로52길,232,75,157,2,22,40,63,88,17,2,8,15,24,14,12,0,14,25,39,74,5
2015_2,고척로27다길,206,82,124,0,16,39,74,53,24,0,2,11,29,25,15,0,14,28,45,28,9
2015_2,고척로27길,229,91,138,0,27,49,67,71,15,0,5,23,26,31,6,0,22,26,41,40,9
2015_2,고척로21나길,257,56,201,0,32,37,45,93,50,0,6,15,6,9,20,0,26,22,39,84,30
2015_2,경인로47길,771,433,338,0,56,118,223,249,125,0,26,57,126,143,81,0,30,61,97,106,44
2015_2,경인로35길,274,121,153,0,17,54,78,89,36,0,6,18,29,40,28,0,11,36,49,49,8
2015_2,경인로31길,51,14,37,0,6,15,21,8,1,0,1,5,4,3,1,0,5,10,17,5,0
2015_2,경인로15길,112,52,60,0,15,44,26,19,8,0,4,25,10,9,4,0,11,19,16,10,4
2015_2,개봉로3길,303,178,125,1,101,53,70,44,34,1,58,31,27,31,30,0,43,22,43,13,4
2015_2,개봉로2길,476,119,357,0,81,126,132,94,43,0,9,27,38,24,21,0,72,99,94,70,22
2015_2,개봉로23가길,872,497,375,1,76,169,236,236,154,1,27,99,129,138,103,0,49,70,107,98,51
2015_2,개봉로20길,114,64,50,0,10,34,44,17,9,0,2,23,22,8,9,0,8,11,22,9,0
2015_2,개봉로1길,39,20,19,0,5,9,14,6,5,0,0,8,5,3,4,0,5,1,9,3,1
2015_2,개봉로17다길,122,51,71,0,2,17,46,40,17,0,0,3,16,19,13,0,2,14,30,21,4
2015_2,개봉로17길,800,380,420,3,98,175,212,203,109,2,30,114,111,63,60,1,68,61,101,140,49
2015_2,개봉로11길,49,11,38,0,10,13,13,13,0,0,0,4,2,5,0,0,10,9,11,8,0
2015_2,화곡로64길,2502,1314,1188,6,539,821,602,357,177,1,131,480,419,202,81,5,408,341,183,155,96
2015_2,화곡로59길,505,202,303,1,94,168,142,67,33,0,18,64,51,39,30,1,76,104,91,28,3
2015_2,화곡로44나길,871,731,140,0,36,98,185,308,244,0,14,69,155,275,218,0,22,29,30,33,26
2015_2,화곡로31길,1303,559,744,0,172,296,330,308,197,0,33,99,135,154,138,0,139,197,195,154,59
2015_2,화곡로20길,494,313,181,2,26,73,125,171,97,2,10,34,68,111,88,0,16,39,57,60,9
2015_2,화곡로13길,258,87,171,1,25,51,84,90,7,1,11,10,26,37,2,0,14,41,58,53,5
2015_2,초원로16길,472,226,246,1,33,72,78,84,204,0,23,46,44,51,62,1,10,26,34,33,142
2015_2,초록마을로8길,174,31,143,0,30,39,42,43,20,0,3,6,8,7,7,0,27,33,34,36,13
2015_2,초록마을로3길,44,23,21,0,6,12,9,8,9,0,0,5,7,4,7,0,6,7,2,4,2
2015_2,월정로20길,4,1,3,0,1,1,1,1,0,0,0,0,0,1,0,0,1,1,1,0,0
2015_2,우장산로6길,321,185,136,0,16,64,98,107,36,0,3,37,61,61,23,0,13,27,37,46,13
2015_2,양천로73가길,1391,904,487,7,96,275,407,391,215,2,29,166,257,266,184,5,67,109,150,125,31
2015_2,양천로71길,206,127,79,0,23,71,53,34,25,0,11,47,28,20,21,0,12,24,25,14,4
2015_2,양천로49길,813,640,173,0,46,121,199,268,179,0,21,77,158,221,163,0,25,44,41,47,16
2015_2,양천로26길,101,44,57,0,8,19,33,28,13,0,5,3,13,13,10,0,3,16,20,15,3
2015_2,양천로24길,214,106,108,1,18,47,66,53,29,0,6,27,30,19,24,1,12,20,36,34,5
2015_2,양천로24가길,685,284,401,0,82,144,172,191,96,0,29,64,66,82,43,0,53,80,106,109,53
2015_2,양천로14길,372,220,152,0,17,44,87,107,117,0,6,30,53,57,74,0,11,14,34,50,43
2015_2,방화대로6라길,732,483,249,2,71,194,293,126,46,2,28,135,206,83,29,0,43,59,87,43,17
2015_2,방화대로21길,746,443,303,4,75,166,207,168,126,1,27,79,115,117,104,3,48,87,92,51,22
2015_2,등촌로5길,10,2,8,0,0,3,5,2,0,0,0,0,2,0,0,0,0,3,3,2,0
2015_2,등촌로55길,460,335,125,0,27,63,91,136,143,0,6,39,62,99,129,0,21,24,29,37,14
2015_2,등촌로51길,9,9,0,0,0,1,7,1,0,0,0,1,7,1,0,0,0,0,0,0,0
2015_2,등촌로39길,48,18,30,0,4,8,17,13,6,0,3,1,5,5,4,0,1,7,12,8,2
2015_2,등촌로13길,216,109,107,1,24,38,76,59,18,0,9,20,28,40,12,1,15,18,48,19,6
2015_2,남부순환로11길,398,282,116,1,49,100,138,78,32,1,22,70,101,61,27,0,27,30,37,17,5
2015_2,까치산로4길,125,45,80,0,9,29,28,33,26,0,1,14,10,13,7,0,8,15,18,20,19
2015_2,국회대로7길,331,203,128,0,48,99,85,67,32,0,24,62,51,43,23,0,24,37,34,24,9
2015_2,공항대로8길,244,141,103,0,16,52,75,73,28,0,5,37,52,36,11,0,11,15,23,37,17
2015_2,공항대로61길,233,148,85,1,30,103,62,27,10,1,11,69,37,21,9,0,19,34,25,6,1
2015_2,공항대로59다길,855,632,223,5,118,251,193,163,125,0,67,192,143,123,107,5,51,59,50,40,18
2015_2,공항대로59길,1228,802,426,4,151,257,324,295,197,3,66,145,217,208,163,1,85,112,107,87,34
2015_2,공항대로55길,903,646,257,3,203,323,194,114,66,2,109,234,159,92,50,1,94,89,35,22,16
2015_2,공항대로42길,10,6,4,0,0,1,3,4,2,0,0,1,2,1,2,0,0,0,1,3,0
2015_2,공항대로38길,236,121,115,0,30,52,67,57,30,0,6,26,42,26,21,0,24,26,25,31,9
2015_2,곰달래로60길,538,272,266,0,70,125,137,123,83,0,20,72,76,56,48,0,50,53,61,67,35
2015_2,곰달래로53길,59,15,44,0,11,11,23,10,4,0,2,3,5,2,3,0,9,8,18,8,1
2015_2,곰달래로47길,30,11,19,0,6,8,9,5,2,0,0,3,4,3,1,0,6,5,5,2,1
2015_2,곰달래로31길,10,8,2,0,0,1,6,1,2,0,0,1,5,1,1,0,0,0,1,0,1
2015_2,곰달래로25길,521,199,322,1,65,121,130,117,87,0,10,36,56,39,58,1,55,85,74,78,29
2015_2,개화동로25길,649,435,214,0,59,121,119,190,160,0,24,68,81,134,128,0,35,53,38,56,32
2015_2,개화동로23길,93,56,37,1,11,21,26,20,14,0,5,11,17,13,10,1,6,10,9,7,4
2015_2,강서로8길,108,69,39,1,20,28,29,22,8,0,13,22,16,14,4,1,7,6,13,8,4
2015_2,강서로5라길,253,150,103,0,21,65,89,59,19,0,11,44,48,33,14,0,10,21,41,26,5
2015_2,강서로5나길,112,70,42,0,12,24,22,28,26,0,4,16,15,16,19,0,8,8,7,12,7
2015_2,강서로5가길,36,22,14,0,3,9,3,16,5,0,3,9,2,5,3,0,0,0,1,11,2
2015_2,강서로47라길,72,40,32,0,6,17,29,13,7,0,2,12,16,5,5,0,4,5,13,8,2
2015_2,강서로47길,384,198,186,0,15,75,116,160,18,0,2,38,46,102,10,0,13,37,70,58,8
2015_2,강서로45다길,706,230,476,6,243,169,142,102,44,2,56,57,53,35,27,4,187,112,89,67,17
2015_2,강서로45길,112,56,56,0,17,20,25,28,22,0,3,11,13,12,17,0,14,9,12,16,5
2015_2,강서로35길,155,93,62,0,25,34,44,35,17,0,12,22,24,22,13,0,13,12,20,13,4
2015_2,강서로29길,277,151,126,1,29,54,85,80,28,1,10,35,47,44,14,0,19,19,38,36,14
2015_2,강서로18길,25,14,11,0,0,3,15,6,1,0,0,2,9,2,1,0,0,1,6,4,0
2015_2,강서로17가길,106,44,62,0,16,33,38,13,6,0,6,14,15,6,3,0,10,19,23,7,3
2015_2,강서로15길,253,131,122,1,22,62,71,64,33,1,6,35,34,32,23,0,16,27,37,32,10
2015_2,가로공원로80길,84,47,37,0,6,32,27,13,6,0,3,20,14,7,3,0,3,12,13,6,3
2015_2,가로공원로76가길,20,8,12,0,5,2,9,3,1,0,0,2,6,0,0,0,5,0,3,3,1
2015_2,화곡로4길,279,108,171,1,43,81,89,50,15,0,9,32,33,24,10,1,34,49,56,26,5
2015_2,화곡로3길,160,50,110,0,18,23,45,68,6,0,3,1,12,29,5,0,15,22,33,39,1
2015_2,지양로7길,223,72,151,0,33,49,64,68,9,0,10,13,15,29,5,0,23,36,49,39,4
2015_2,중앙로55길,369,195,174,1,38,86,132,83,29,1,15,39,69,47,24,0,23,47,63,36,5
2015_2,중앙로51길,114,67,47,0,12,15,37,33,17,0,6,9,19,21,12,0,6,6,18,12,5
2015_2,중앙로47길,98,18,80,0,13,12,19,29,25,0,1,5,4,5,3,0,12,7,15,24,22
2015_2,중앙로45길,163,55,108,1,16,30,43,53,20,0,4,13,12,17,9,1,12,17,31,36,11
2015_2,중앙로36길,2,2,0,0,0,0,0,0,2,0,0,0,0,0,2,0,0,0,0,0,0
2015_2,중앙로32길,548,267,281,1,101,111,131,114,90,0,45,73,60,44,45,1,56,38,71,70,45
2015_2,중앙로25길,258,74,184,0,27,57,78,88,8,0,6,15,18,28,7,0,21,42,60,60,1
2015_2,은행정로7길,445,153,292,0,55,64,94,132,100,0,18,30,39,36,30,0,37,34,55,96,70
2015_2,오목로5길,311,176,135,0,38,75,94,67,37,0,22,42,44,36,32,0,16,33,50,31,5
2015_2,오목로3길,462,436,26,0,5,18,66,222,151,0,2,16,55,214,149,0,3,2,11,8,2
2015_2,오목로30길,162,81,81,0,21,25,57,44,15,0,4,10,30,26,11,0,17,15,27,18,4
2015_2,오목로23길,708,380,328,5,78,201,198,137,89,5,33,115,104,68,55,0,45,86,94,69,34
2015_2,신월로20길,213,79,134,1,26,39,52,62,33,0,4,14,19,23,19,1,22,25,33,39,14
2015_2,신월로15길,758,354,404,1,121,157,214,172,93,0,39,75,91,85,64,1,82,82,123,87,29
2015_2,신목로6길,256,133,123,1,28,61,67,65,34,1,9,33,36,38,16,0,19,28,31,27,18
2015_2,신목로5길,919,346,573,2,90,175,328,224,100,0,18,79,108,86,55,2,72,96,220,138,45
2015_2,신목로2길,99,45,54,0,17,17,24,20,21,0,3,9,9,8,16,0,14,8,15,12,5
2015_2,목동중앙서로8가길,202,105,97,1,10,23,45,83,40,0,1,9,29,44,22,1,9,14,16,39,18
2015_2,목동중앙서로7길,238,86,152,1,22,43,60,72,40,1,9,20,19,19,18,0,13,23,41,53,22
2015_2,목동중앙북로8길,402,177,225,0,5,27,31,79,260,0,2,17,16,26,116,0,3,10,15,53,144
2015_2,목동중앙북로16길,260,79,181,1,35,75,71,58,20,0,4,22,24,18,11,1,31,53,47,40,9
2015_2,목동중앙본로7길,93,33,60,0,18,19,27,23,6,0,1,8,10,10,4,0,17,11,17,13,2
2015_2,목동중앙로3길,103,58,45,0,4,15,20,26,38,0,1,6,8,14,29,0,3,9,12,12,9
2015_2,목동중앙로13나길,245,172,73,0,36,100,56,40,13,0,20,72,44,24,12,0,16,28,12,16,1
2015_2,목동중앙남로3가길,556,380,176,2,43,128,136,181,66,1,18,75,80,153,53,1,25,53,56,28,13
2015_2,목동로9길,2280,1501,779,0,159,541,616,506,458,0,41,240,416,376,428,0,118,301,200,130,30
2015_2,목동로19길,963,377,586,1,133,234,258,228,109,1,34,102,101,78,61,0,99,132,157,150,48
2015_2,목동동로12길,419,169,250,1,72,86,112,108,40,1,15,40,40,40,33,0,57,46,72,68,7
2015_2,목동남로4길,10,5,5,0,0,0,4,5,1,0,0,0,0,4,1,0,0,0,4,1,0
2015_2,남부순환로88길,316,129,187,0,29,57,115,87,28,0,7,21,38,43,20,0,22,36,77,44,8
2015_2,남부순환로79길,520,388,132,0,38,55,139,174,114,0,22,33,98,135,100,0,16,22,41,39,14
2015_2,남부순환로70길,677,490,187,0,29,72,172,197,207,0,10,29,110,151,190,0,19,43,62,46,17
2015_2,남부순환로58길,142,77,65,0,14,32,31,45,20,0,9,19,11,21,17,0,5,13,20,24,3
2015_2,남부순환로40길,21,12,9,0,0,5,11,2,3,0,0,3,6,1,2,0,0,2,5,1,1
2015_2,남부순환로33길,1166,921,245,0,36,82,128,143,777,0,12,50,50,77,732,0,24,32,78,66,45
2015_2,곰달래로5길,48,26,22,0,7,11,12,14,4,0,5,6,7,5,3,0,2,5,5,9,1
2015_2,곰달래로3길,425,218,207,0,22,87,157,123,36,0,9,50,78,57,24,0,13,37,79,66,12
2015_2,곰달래로2길,296,180,116,3,56,99,61,54,23,3,28,74,37,29,9,0,28,25,24,25,14
2015_2,곰달래로10길,358,278,80,0,18,47,71,129,93,0,6,31,44,106,91,0,12,16,27,23,2
2015_2,가로공원로58길,94,20,74,0,15,24,31,17,7,0,2,4,6,3,5,0,13,20,25,14,2
2015_2,효창원로93길,109,57,52,0,16,38,45,6,4,0,7,18,28,2,2,0,9,20,17,4,2
2015_2,토정로37길,142,56,86,0,20,28,38,34,22,0,6,13,15,9,13,0,14,15,23,25,9
2015_2,월드컵로8길,1537,879,658,3,198,402,298,203,433,1,51,176,180,106,365,2,147,226,118,97,68
2015_2,월드컵로7길,4,2,2,0,1,1,1,0,1,0,0,0,1,0,1,0,1,1,0,0,0
2015_2,월드컵로36길,115,32,83,0,16,24,22,32,21,0,0,6,6,12,8,0,16,18,16,20,13
2015_2,월드컵로25길,292,159,133,1,39,85,89,51,27,1,19,52,44,24,19,0,20,33,45,27,8
2015_2,월드컵로19길,419,177,242,1,55,102,83,85,93,0,13,54,45,27,38,1,42,48,38,58,55
2015_2,월드컵로16길,2333,1458,875,8,327,637,490,323,548,3,122,366,295,198,474,5,205,271,195,125,74
2015_2,월드컵로11길,207,72,135,0,64,50,55,22,16,0,15,22,16,10,9,0,49,28,39,12,7
2015_2,월드컵로10길,1711,915,796,4,439,559,346,243,120,1,133,305,241,163,72,3,306,254,105,80,48
2015_2,와우산로3길,164,96,68,1,33,61,38,25,6,1,14,35,27,15,4,0,19,26,11,10,2
2015_2,와우산로29길,126,63,63,0,30,40,34,11,11,0,14,18,20,6,5,0,16,22,14,5,6
2015_2,와우산로29가길,16,5,11,0,4,4,6,2,0,0,0,1,3,1,0,0,4,3,3,1,0
2015_2,양화진길,462,330,132,0,52,145,116,118,31,0,14,100,89,100,27,0,38,45,27,18,4
2015_2,양화로1길,4265,2218,2047,3,916,1848,1051,336,111,0,222,993,724,226,53,3,694,855,327,110,58
2015_2,양화로11길,386,246,140,0,62,128,125,41,30,0,15,81,103,27,20,0,47,47,22,14,10
2015_2,신촌로30길,27,13,14,2,2,3,11,7,2,2,0,3,4,2,2,0,2,0,7,5,0
2015_2,신촌로28가길,118,49,69,0,10,34,28,27,19,0,2,8,11,15,13,0,8,26,17,12,6
2015_2,신촌로12길,1181,545,636,2,340,309,264,176,90,1,200,176,83,39,46,1,140,133,181,137,44
2015_2,숭문길,712,399,313,0,106,229,193,123,61,0,51,140,111,54,43,0,55,89,82,69,18
2015_2,숭문8길,114,67,47,0,10,24,37,35,8,0,1,8,28,24,6,0,9,16,9,11,2
2015_2,성지3길,498,274,224,2,97,147,135,67,50,1,31,80,84,44,34,1,66,67,51,23,16
2015_2,성산로4길,2210,1442,768,13,455,656,542,351,193,3,220,425,396,245,153,10,235,231,146,106,40
2015_2,성미산로32길,283,155,128,2,45,84,78,43,31,2,16,48,48,24,17,0,29,36,30,19,14
2015_2,성미산로1길,599,478,121,1,63,153,134,95,153,1,28,110,106,85,148,0,35,43,28,10,5
2015_2,성미산로11길,970,659,311,7,148,357,235,151,72,6,60,243,170,124,56,1,88,114,65,27,16
2015_2,백범로16길,543,289,254,37,182,135,89,76,24,15,72,76,54,56,16,22,110,59,35,20,8
2015_2,방울내로9안길,331,197,134,1,28,77,116,77,32,0,6,40,67,56,28,1,22,37,49,21,4
2015_2,모래내로7길,244,129,115,0,25,52,90,50,27,0,7,28,49,27,18,0,18,24,41,23,9
2015_2,매봉산로2길,1803,1200,603,2,400,727,419,213,42,2,200,498,314,163,23,0,200,229,105,50,19
2015_2,망원로2길,190,125,65,0,12,57,72,38,11,0,4,35,49,28,9,0,8,22,23,10,2
2015_2,망원로11길,860,473,387,1,84,254,252,163,106,0,22,155,156,81,59,1,62,99,96,82,47
2015_2,만리재옛길,1250,508,742,11,524,359,204,87,65,4,196,188,52,39,29,7,328,171,152,48,36
2015_2,마포대로4길,292,127,165,1,15,41,74,95,66,0,9,26,18,25,49,1,6,15,56,70,17
2015_2,마포대로20길,1197,615,582,1,237,354,317,190,98,0,71,178,190,119,57,1,166,176,127,71,41
2015_2,마포대로12길,68,35,33,0,2,13,24,18,11,0,2,5,12,8,8,0,0,8,12,10,3
2015_2,동교로38길,198,77,121,0,54,63,51,22,8,0,19,21,20,10,7,0,35,42,31,12,1
2015_2,동교로27길,3012,1415,1597,12,601,998,567,565,269,5,170,553,366,196,125,7,431,445,201,369,144
2015_2,동교로25길,360,203,157,3,77,166,83,22,9,1,25,93,60,17,7,2,52,73,23,5,2
2015_2,동교로19길,4203,2570,1633,7,671,1015,960,959,591,1,237,635,682,597,418,6,434,380,278,362,173
2015_2,동교로17길,785,394,391,1,128,245,229,132,50,0,42,116,140,70,26,1,86,129,89,62,24
2015_2,독막로8길,345,162,183,0,57,113,90,65,20,0,21,49,50,28,14,0,36,64,40,37,6
2015_2,독막로32길,464,191,273,0,71,131,137,87,38,0,16,61,59,28,27,0,55,70,78,59,11
2015_2,독막로22길,81,43,38,0,15,22,18,20,6,0,5,10,9,15,4,0,10,12,9,5,2
2015_2,도화길,1079,534,545,1,185,252,253,198,190,0,50,126,155,94,109,1,135,126,98,104,81
2015_2,도화4길,347,118,229,1,55,73,87,70,61,0,8,21,27,21,41,1,47,52,60,49,20
2015_2,대흥로28길,60,50,10,0,6,30,17,6,1,0,3,29,13,4,1,0,3,1,4,2,0
2015_2,대흥로21길,570,109,461,0,80,140,215,78,57,0,23,32,25,12,17,0,57,108,190,66,40
2015_2,광성로6길,105,72,33,0,14,29,30,15,17,0,9,22,17,11,13,0,5,7,13,4,4
2015_2,홍제내길,96,56,40,0,11,30,22,25,8,0,2,21,16,12,5,0,9,9,6,13,3
2015_2,홍연길,79,49,30,0,4,19,26,18,12,0,2,16,15,10,6,0,2,3,11,8,6
2015_2,통일로39길,9,8,1,0,0,2,4,2,1,0,0,2,3,2,1,0,0,0,1,0,0
2015_2,통일로37길,367,149,218,0,55,88,91,78,55,0,18,29,43,32,27,0,37,59,48,46,28
2015_2,통일로11길,14,11,3,0,0,6,6,2,0,0,0,4,6,1,0,0,0,2,0,1,0
2015_2,충정로6길,14839,8168,6671,28,2337,5085,4831,2186,372,16,923,2538,2978,1425,288,12,1414,2547,1853,761,84
2015_2,충정로4길,2802,1894,908,3,438,1298,776,227,60,1,155,853,619,211,55,2,283,445,157,16,5
2015_2,증가로6길,247,90,157,0,31,70,48,61,37,0,4,38,21,22,5,0,27,32,27,39,32
2015_2,증가로23나길,444,219,225,13,95,148,96,59,33,7,49,74,36,28,25,6,46,74,60,31,8
2015_2,증가로20가길,294,103,191,0,41,57,74,93,29,0,9,16,26,38,14,0,32,41,48,55,15
2015_2,증가로10길,172,94,78,0,17,31,43,44,37,0,1,11,22,30,30,0,16,20,21,14,7
2015_2,응암로1길,317,241,76,0,9,44,84,125,55,0,4,29,64,101,43,0,5,15,20,24,12
2015_2,연희로10길,94,63,31,0,8,12,34,26,14,0,1,7,24,20,11,0,7,5,10,6,3
2015_2,신촌로37길,155,66,89,0,22,28,39,37,29,0,5,12,14,20,15,0,17,16,25,17,14
2015_2,수색로8길,2700,2618,82,0,7,18,41,178,2456,0,3,7,27,162,2419,0,4,11,14,16,37
2015_2,세무서길,327,119,208,1,53,72,91,72,38,0,14,27,30,26,22,1,39,45,61,46,16
2015_2,세검정로1길,241,142,99,0,35,71,67,48,20,0,16,42,46,24,14,0,19,29,21,24,6
2015_2,북아현로4길,402,95,307,1,44,62,100,113,82,1,7,20,20,22,25,0,37,42,80,91,57
2015_2,모래내로15길,86,27,59,0,6,8,30,25,17,0,1,1,6,10,9,0,5,7,24,15,8
2015_2,명지대길,335,245,90,0,31,43,67,107,87,0,10,24,44,88,79,0,21,19,23,19,8
2015_2,독립문로8길,660,249,411,1,122,180,146,134,77,0,23,66,73,48,39,1,99,114,73,86,38
2015_2,가재울로6길,10,7,3,0,0,1,6,1,2,0,0,1,5,0,1,0,0,0,1,1,1
2015_2,통일로92길,61,30,31,0,11,10,12,21,7,0,7,5,4,8,6,0,4,5,8,13,1
2015_2,통일로87길,218,100,118,0,26,48,64,48,32,0,7,26,32,19,16,0,19,22,32,29,16
2015_2,통일로78길,206,64,142,0,20,57,47,44,38,0,0,21,18,7,18,0,20,36,29,37,20
2015_2,진흥로1길,538,182,356,0,76,178,172,88,24,0,29,69,45,22,17,0,47,109,127,66,7
2015_2,진흥로12길,411,184,227,1,53,113,129,79,36,1,14,51,58,34,26,0,39,62,71,45,10
2015_2,증산서길,374,280,94,1,33,46,73,95,126,0,7,23,46,85,119,1,26,23,27,10,7
2015_2,증산로9길,92,33,59,0,11,32,23,24,2,0,4,13,7,7,2,0,7,19,16,17,0
2015_2,증산로5길,721,367,354,4,56,141,205,212,103,0,19,49,80,134,85,4,37,92,125,78,18
2015_2,증산로21길,252,171,81,0,26,40,43,78,65,0,9,19,29,57,57,0,17,21,14,21,8
2015_2,증산로17길,774,380,394,1,38,95,196,195,249,0,13,45,106,102,114,1,25,50,90,93,135
2015_2,증산로15길,179,64,115,0,24,32,43,52,28,0,2,12,13,21,16,0,22,20,30,31,12
2015_2,증산로13길,70,36,34,0,4,18,20,22,6,0,1,14,10,7,4,0,3,4,10,15,2
2015_2,응암로34길,94,61,33,3,19,16,26,19,11,0,16,13,10,12,10,3,3,3,16,7,1
2015_2,응암로22길,163,56,107,0,21,27,34,44,37,0,6,8,17,8,17,0,15,19,17,36,20
2015_2,응암로14길,331,103,228,0,61,74,112,61,23,0,13,19,34,23,14,0,48,55,78,38,9
2015_2,응암로13길,233,90,143,0,24,63,80,41,25,0,3,22,35,18,12,0,21,41,45,23,13
2015_2,응암로12길,202,94,108,0,27,61,58,40,16,0,7,33,27,19,8,0,20,28,31,21,8
2015_2,은평로8길,255,138,117,2,45,49,67,64,28,0,24,26,47,30,11,2,21,23,20,34,17
2015_2,은평로3길,298,94,204,0,39,80,92,59,28,0,6,27,23,19,19,0,33,53,69,40,9
2015_2,은평로20길,21,9,12,0,2,5,9,4,1,0,1,1,4,2,1,0,1,4,5,2,0
2015_2,은평로13길,529,348,181,1,61,107,155,133,72,1,27,65,103,95,57,0,34,42,52,38,15
2015_2,은평로10길,311,194,117,1,32,99,84,57,38,1,16,68,44,34,31,0,16,31,40,23,7
2015_2,연서로5길,55,23,32,0,3,17,18,10,7,0,0,9,8,3,3,0,3,8,10,7,4
2015_2,연서로41길,234,67,167,0,22,55,74,61,22,0,3,11,17,22,14,0,19,44,57,39,8
2015_2,연서로3길,114,47,67,0,15,19,28,38,14,0,10,8,9,13,7,0,5,11,19,25,7
2015_2,연서로34길,124,36,88,0,25,33,29,32,5,0,4,13,5,11,3,0,21,20,24,21,2
2015_2,연서로33길,21,5,16,0,2,7,6,6,0,0,0,0,2,3,0,0,2,7,4,3,0
2015_2,연서로29길,317,119,198,0,30,69,90,97,31,0,10,27,32,34,16,0,20,42,58,63,15
2015_2,연서로28길,741,368,373,4,105,155,173,167,137,0,41,86,100,68,73,4,64,69,73,99,64
2015_2,연서로27길,64,30,34,1,13,10,19,14,7,0,1,5,8,11,5,1,12,5,11,3,2
2015_2,연서로21길,269,137,132,0,30,69,98,54,18,0,9,45,42,27,14,0,21,24,56,27,4
2015_2,연서로17길,1041,388,653,1,144,213,277,265,141,0,45,116,99,73,55,1,99,97,178,192,86
2015_2,연서로16길,323,118,205,0,71,100,66,59,27,0,21,41,19,23,14,0,50,59,47,36,13
2015_2,연서로13길,702,232,470,8,104,171,222,164,33,2,35,68,78,31,18,6,69,103,144,133,15
2015_2,연서로11길,179,96,83,0,17,43,62,46,11,0,10,23,35,23,5,0,7,20,27,23,6
2015_2,역말로9길,21,18,3,0,0,8,8,4,1,0,0,8,7,3,0,0,0,0,1,1,1
2015_2,수색로18길,643,530,113,0,1,197,244,177,24,0,1,161,208,143,17,0,0,36,36,34,7
2015_2,서오릉로8길,31,14,17,0,6,8,4,6,7,0,0,3,1,5,5,0,6,5,3,1,2
2015_2,서오릉로21길,451,143,308,0,32,78,107,93,141,0,10,25,38,25,45,0,22,53,69,68,96
2015_2,불광천길,171,82,89,1,17,37,42,49,25,0,5,20,23,19,15,1,12,17,19,30,10
2015_2,갈현로7길,968,255,713,0,181,257,225,228,77,0,48,85,55,45,22,0,133,172,170,183,55
2015_2,갈현로41길,88,28,60,0,8,29,17,21,13,0,5,10,5,7,1,0,3,19,12,14,12
2015_2,갈현로33길,42,11,31,0,9,6,10,12,5,0,2,2,3,3,1,0,7,4,7,9,4
2015_2,갈현로1길,134,62,72,0,5,24,35,40,30,0,5,13,11,11,22,0,0,11,24,29,8
2015_2,가좌로7길,51,24,27,0,5,12,16,7,11,0,0,5,5,4,10,0,5,7,11,3,1
2015_2,한글비석로44길,450,254,196,1,38,70,105,148,88,0,12,37,45,92,68,1,26,33,60,56,20
2015_2,한글비석로24길,356,147,209,0,23,43,83,136,71,0,4,18,41,54,30,0,19,25,42,82,41
2015_2,한글비석로22길,681,286,395,0,55,140,183,208,95,0,12,78,72,78,46,0,43,62,111,130,49
2015_2,석계로1길,106,67,39,0,10,21,32,35,8,0,6,10,21,23,7,0,4,11,11,12,1
2015_2,상계로9가길,266,91,175,0,20,32,74,86,54,0,8,17,23,26,17,0,12,15,51,60,37
2015_2,상계로12길,13,9,4,0,0,0,6,7,0,0,0,0,5,4,0,0,0,0,1,3,0
2015_2,동일로242길,521,411,110,0,8,36,114,69,294,0,3,22,71,49,266,0,5,14,43,20,28
2015_2,동일로192길,442,225,217,2,36,58,118,141,87,1,16,38,58,59,53,1,20,20,60,82,34
2015_2,동일로173가길,2361,1304,1057,4,269,503,657,561,367,4,97,360,354,211,278,0,172,143,303,350,89
2015_2,공릉로58길,92,39,53,0,7,13,24,30,18,0,4,8,11,9,7,0,3,5,13,21,11
2015_2,해등로16길,75,60,15,0,5,28,22,14,6,0,2,23,18,12,5,0,3,5,4,2,1
2015_2,우이천로4다길,187,109,78,2,17,31,59,51,27,2,7,17,30,33,20,0,10,14,29,18,7
2015_2,우이천로32길,95,46,49,0,13,16,37,21,8,0,1,13,15,10,7,0,12,3,22,11,1
2015_2,시루봉로23길,37,16,21,0,8,7,11,8,3,0,1,2,5,6,2,0,7,5,6,2,1
2015_2,삼양로144길,74,55,19,0,9,13,25,18,9,0,8,6,19,13,9,0,1,7,6,5,0
2015_2,방학로6가길,159,90,69,0,18,30,53,38,20,0,8,14,27,25,16,0,10,16,26,13,4
2015_2,방학로5길,148,81,67,3,17,26,41,38,23,2,4,18,24,19,14,1,13,8,17,19,9
2015_2,방학로15길,330,220,110,1,16,30,76,127,80,0,8,14,42,85,71,1,8,16,34,42,9
2015_2,방학로10길,141,76,65,0,11,13,22,41,54,0,6,4,9,15,42,0,5,9,13,26,12
2015_2,도봉산4길,314,277,37,0,4,24,96,136,54,0,2,20,88,119,48,0,2,4,8,17,6
2015_2,도봉로181길,252,123,129,0,22,41,57,55,77,0,8,20,28,22,45,0,14,21,29,33,32
2015_2,도봉로169나길,230,124,106,0,27,46,62,58,37,0,8,21,40,31,24,0,19,25,22,27,13
2015_2,도봉로156길,263,144,119,2,32,67,71,59,32,0,19,39,38,26,22,2,13,28,33,33,10
2015_2,도봉로152가길,441,384,57,0,13,44,77,181,126,0,5,29,65,169,116,0,8,15,12,12,10
2015_2,도봉로147길,613,352,261,2,52,123,181,192,63,0,32,79,117,102,22,2,20,44,64,90,41
2015_2,도봉로114길,454,144,310,0,105,110,102,103,34,0,13,35,37,42,17,0,92,75,65,61,17
2015_2,도봉로109길,16,6,10,0,4,4,4,1,3,0,0,2,1,0,3,0,4,2,3,1,0
2015_2,도당로29길,903,544,359,6,176,231,213,205,72,5,86,144,107,142,60,1,90,87,106,63,12
2015_2,도당로19길,164,74,90,0,15,33,60,46,10,0,4,18,23,23,6,0,11,15,37,23,4
2015_2,도당로13바길,204,72,132,0,26,39,59,55,25,0,6,19,15,20,12,0,20,20,44,35,13
2015_2,도당로13가길,133,60,73,0,13,26,49,24,21,0,3,12,23,11,11,0,10,14,26,13,10
2015_2,덕릉로60길,68,39,29,0,4,12,30,15,7,0,2,6,15,12,4,0,2,6,15,3,3
2015_2,노해로63다길,494,217,277,2,68,131,127,114,52,2,18,67,59,41,30,0,50,64,68,73,22
2015_2,노해로60길,303,140,163,0,37,72,87,84,23,0,9,32,36,48,15,0,28,40,51,36,8
2015_2,한천로140길,113,66,47,1,4,19,28,34,27,0,2,10,14,25,15,1,2,9,14,9,12
2015_2,한천로139가길,59,34,25,0,8,16,19,11,5,0,4,10,12,6,2,0,4,6,7,5,3
2015_2,한천로132길,314,113,201,3,43,70,77,78,43,0,6,33,27,28,19,3,37,37,50,50,24
2015_2,한천로130길,274,117,157,0,35,70,99,61,9,0,5,33,49,25,5,0,30,37,50,36,4
2015_2,한천로124나길,93,44,49,0,5,25,25,27,11,0,3,11,8,14,8,0,2,14,17,13,3
2015_2,한천로109길,603,276,327,3,91,140,162,146,61,3,32,69,78,61,33,0,59,71,84,85,28
2015_2,인수봉로79길,167,34,133,0,20,53,41,43,10,0,3,7,10,8,6,0,17,46,31,35,4
2015_2,인수봉로72길,89,48,41,0,12,13,18,22,24,0,2,9,9,11,17,0,10,4,9,11,7
2015_2,인수봉로56길,9,1,8,0,1,5,3,0,0,0,0,1,0,0,0,0,1,4,3,0,0
2015_2,오패산로67길,530,291,239,2,57,112,132,136,91,2,24,63,72,81,49,0,33,49,60,55,42
2015_2,오패산로52길,82,24,58,0,13,16,26,17,10,0,1,5,5,7,6,0,12,11,21,10,4
2015_2,수유로12길,245,151,94,5,34,68,57,40,41,1,18,40,36,23,33,4,16,28,21,17,8
2015_2,솔샘로65길,519,235,284,3,52,128,153,120,63,0,9,46,66,65,49,3,43,82,87,55,14
2015_2,솔매로50길,687,276,411,1,88,194,208,144,52,1,20,64,77,71,43,0,68,130,131,73,9
2015_2,솔매로45길,250,99,151,0,23,54,70,74,29,0,5,18,29,33,14,0,18,36,41,41,15
2015_2,솔매로41길,86,25,61,1,13,17,27,21,7,0,2,6,7,6,4,1,11,11,20,15,3
2015_2,삼양로93길,17,4,13,0,1,2,7,7,0,0,0,0,2,2,0,0,1,2,5,5,0
2015_2,삼양로77길,403,140,263,0,49,77,114,102,61,0,18,36,40,26,20,0,31,41,74,76,41
2015_2,삼양로54길,4,2,2,0,0,2,2,0,0,0,0,1,1,0,0,0,0,1,1,0,0
2015_2,삼양로41길,329,154,175,0,36,75,113,81,24,0,18,36,52,36,12,0,18,39,61,45,12
2015_2,삼양로24길,77,33,44,0,8,9,23,19,18,0,1,5,12,5,10,0,7,4,11,14,8
2015_2,삼양로20길,122,44,78,0,15,28,42,28,9,0,2,10,14,10,8,0,13,18,28,18,1
2015_2,삼각산로28길,669,386,283,3,68,122,132,204,140,0,22,62,65,122,115,3,46,60,67,82,25
2015_2,도봉로99길,171,98,73,0,19,39,59,35,19,0,6,23,36,22,11,0,13,16,23,13,8
2015_2,도봉로8길,266,184,82,0,44,83,74,43,22,0,36,68,49,19,12,0,8,15,25,24,10
2015_2,도봉로76길,324,166,158,0,16,43,70,82,113,0,0,23,38,41,64,0,16,20,32,41,49
2015_2,도봉로67길,8,4,4,0,0,0,6,2,0,0,0,0,2,2,0,0,0,0,4,0,0
2015_2,도봉로45길,156,98,58,0,12,29,49,33,33,0,7,17,29,19,26,0,5,12,20,14,7
2015_2,도봉로18길,537,253,284,0,56,128,143,144,66,0,23,73,64,59,34,0,33,55,79,85,32
2015_2,도봉로13길,25,10,15,0,0,4,6,11,4,0,0,1,2,3,4,0,0,3,4,8,0
2015_2,덕릉로41길,688,577,111,0,47,195,214,208,24,0,31,158,187,183,18,0,16,37,27,25,6
2015_2,덕릉로40길,906,693,213,4,61,115,268,321,137,3,36,78,213,258,105,1,25,37,55,63,32
2015_2,노해로33길,31,12,19,0,8,7,4,8,4,0,1,2,1,5,3,0,7,5,3,3,1
2015_2,노해로17길,241,131,110,0,23,54,60,70,34,0,3,39,42,33,14,0,20,15,18,37,20
2015_2,화랑로40길,139,73,66,0,11,38,42,32,16,0,3,16,23,18,13,0,8,22,19,14,3
2015_2,화랑로32길,408,295,113,5,64,143,130,55,11,0,22,120,97,51,5,5,42,23,33,4,6
2015_2,화랑로1길,191,100,91,0,18,34,44,70,25,0,5,13,26,47,9,0,13,21,18,23,16
2015_2,화랑로19길,437,231,206,0,46,122,154,84,31,0,19,66,86,43,17,0,27,56,68,41,14
2015_2,화랑로14길,40,19,21,0,2,9,17,9,3,0,1,3,9,4,2,0,1,6,8,5,1
2015_2,화랑로13길,101,50,51,0,16,24,40,19,2,0,7,9,21,11,2,0,9,15,19,8,0
2015_2,한천로76길,115,68,47,0,4,17,37,37,20,0,2,14,24,18,10,0,2,3,13,19,10
2015_2,한천로101가길,66,44,22,1,4,10,24,22,5,0,3,6,18,14,3,1,1,4,6,8,2
2015_2,창경궁로43길,30,15,15,0,3,8,9,8,2,0,1,5,5,3,1,0,2,3,4,5,1
2015_2,지봉로20길,112,67,45,0,10,31,35,25,11,0,6,16,21,15,9,0,4,15,14,10,2
2015_2,종암로5길,107,77,30,0,12,37,35,16,7,0,9,30,26,7,5,0,3,7,9,9,2
2015_2,종암로24가길,270,145,125,1,42,75,66,62,24,0,15,34,35,41,20,1,27,41,31,21,4
2015_2,종암로21길,122,44,78,1,13,23,46,25,14,0,1,8,19,9,7,1,12,15,27,16,7
2015_2,종암로19길,369,108,261,0,74,67,96,95,37,0,11,28,32,18,19,0,63,39,64,77,18
2015_2,종암로16길,68,31,37,0,5,12,25,16,10,0,0,6,12,4,9,0,5,6,13,12,1
2015_2,정릉로8길,209,124,85,0,45,55,52,32,25,0,16,33,32,20,23,0,29,22,20,12,2
2015_2,정릉로27길,211,96,115,0,37,53,50,39,32,0,12,25,28,13,18,0,25,28,22,26,14
2015_2,장위로50길,987,540,447,3,85,174,234,257,234,0,33,103,121,142,141,3,52,71,113,115,93
2015_2,장월로1길,397,156,241,3,61,75,118,85,55,3,26,42,38,24,23,0,35,33,80,61,32
2015_2,인촌로6길,2186,1150,1036,12,240,391,518,498,527,4,87,230,208,262,359,8,153,161,310,236,168
2015_2,인촌로5길,26,6,20,0,3,2,10,9,2,0,1,1,2,2,0,0,2,1,8,7,2
2015_2,인촌로24길,347,160,187,0,67,178,62,27,13,0,27,82,37,10,4,0,40,96,25,17,9
2015_2,개운사길,2756,1817,939,0,217,726,859,710,244,0,73,395,617,544,188,0,144,331,242,166,56
2015_2,인촌로1길,143,98,45,1,21,42,45,23,11,0,10,28,34,18,8,1,11,14,11,5,3
2015_2,인촌로17가길,2997,1157,1840,1,839,993,700,387,77,0,139,363,357,230,68,1,700,630,343,157,9
2015_2,오패산로4길,530,180,350,2,96,121,133,104,74,0,22,50,44,33,31,2,74,71,89,71,43
2015_2,오패산로3길,1278,739,539,3,234,353,354,220,114,1,102,212,240,125,59,2,132,141,114,95,55
2015_2,오패산로19길,44,19,25,0,6,18,14,3,3,0,0,10,7,0,2,0,6,8,7,3,1
2015_2,안암로5길,550,346,204,0,83,138,149,113,67,0,23,82,102,83,56,0,60,56,47,30,11
2015_2,아리랑로4길,697,252,445,0,55,105,203,210,124,0,22,45,74,57,54,0,33,60,129,153,70
2015_2,솔샘로6길,138,66,72,0,32,31,36,30,9,0,11,18,16,16,5,0,21,13,20,14,4
2015_2,성북로8길,61,29,32,0,18,23,11,6,3,0,4,12,7,4,2,0,14,11,4,2,1
2015_2,삼양로8길,81,45,36,1,30,19,19,9,3,0,16,10,11,5,3,1,14,9,8,4,0
2015_2,삼선교로16가길,668,379,289,0,164,98,170,179,57,0,60,47,117,121,34,0,104,51,53,58,23
2015_2,삼선교로10다길,103,34,69,0,13,19,23,29,19,0,2,10,10,9,3,0,11,9,13,20,16
2015_2,삼선교로10길,242,101,141,0,30,73,82,43,14,0,3,22,36,29,11,0,27,51,46,14,3
2015_2,보문로32길,966,408,558,0,248,189,262,195,72,0,13,90,148,112,45,0,235,99,114,83,27
2015_2,보문로31길,820,337,483,0,197,192,185,168,78,0,71,103,71,54,38,0,126,89,114,114,40
2015_2,보문로13길,740,425,315,0,7,25,50,106,552,0,1,8,25,47,344,0,6,17,25,59,208
2015_2,보국문로16길,279,192,87,1,13,24,57,137,47,0,2,10,41,106,33,1,11,14,16,31,14
2015_2,동소문로26가길,244,127,117,0,45,69,62,34,34,0,16,45,36,13,17,0,29,24,26,21,17
2015_2,동소문로15길,68,31,37,0,9,18,26,10,5,0,4,9,12,2,4,0,5,9,14,8,1
2015_2,동소문로13길,663,322,341,0,77,118,120,124,224,0,21,68,67,64,102,0,56,50,53,60,122
2015_2,돌곶이로8길,202,116,86,0,30,65,37,49,21,0,10,28,26,37,15,0,20,37,11,12,6
2015_2,돌곶이로41길,27,11,16,0,6,4,8,8,1,0,0,2,4,4,1,0,6,2,4,4,0
2015_2,돌곶이로28길,129,74,55,0,18,35,38,25,13,0,9,22,23,12,8,0,9,13,15,13,5
2015_2,돌곶이로27길,49,31,18,0,4,13,13,16,3,0,0,9,8,11,3,0,4,4,5,5,0
2015_2,돌곶이로22길,103,54,49,0,13,27,37,19,7,0,4,17,18,11,4,0,9,10,19,8,3
2015_2,길음로7길,10,6,4,0,0,4,3,1,2,0,0,3,2,0,1,0,0,1,1,1,1
2015_2,중랑천로10길,645,349,296,8,139,147,200,118,33,2,62,75,118,68,24,6,77,72,82,50,9
2015_2,용마산로94길,431,273,158,1,83,36,136,126,49,0,41,23,84,87,38,1,42,13,52,39,11
2015_2,용마산로118길,457,221,236,0,53,116,120,93,75,0,13,60,50,42,56,0,40,56,70,51,19
2015_2,용마산로112길,265,130,135,0,35,61,68,61,40,0,8,30,33,28,31,0,27,31,35,33,9
2015_2,용마산로100길,481,348,133,0,41,53,79,169,139,0,10,25,46,138,129,0,31,28,33,31,10
2015_2,신내로7가길,286,72,214,0,26,67,94,69,30,0,2,21,23,15,11,0,24,46,71,54,19
2015_2,사가정로54길,96,30,66,0,27,20,18,26,5,0,3,5,6,11,5,0,24,15,12,15,0
2015_2,사가정로42길,66,26,40,0,6,15,19,15,11,0,2,6,8,5,5,0,4,9,11,10,6
2015_2,봉화산로56길,564,147,417,0,67,84,138,193,82,0,29,38,39,31,10,0,38,46,99,162,72
2015_2,봉화산로4길,316,122,194,0,24,53,93,100,46,0,5,20,33,34,30,0,19,33,60,66,16
2015_2,봉화산로30길,381,255,126,0,30,63,106,122,60,0,8,39,65,91,52,0,22,24,41,31,8
2015_2,봉우재로33길,59,23,36,0,7,11,19,12,10,0,4,4,6,3,6,0,3,7,13,9,4
2015_2,면목로78길,274,158,116,0,28,57,80,71,38,0,12,33,48,39,26,0,16,24,32,32,12
2015_2,면목로56길,229,178,51,0,12,29,62,80,46,0,1,16,45,74,42,0,11,13,17,6,4
2015_2,면목로55길,419,120,299,0,36,73,105,137,68,0,3,22,31,42,22,0,33,51,74,95,46
2015_2,면목로49길,524,171,353,0,200,199,78,36,11,0,27,75,42,19,8,0,173,124,36,17,3
2015_2,면목로48길,96,54,42,0,12,28,34,15,7,0,4,19,19,8,4,0,8,9,15,7,3
2015_2,면목로45길,83,38,45,0,10,22,26,14,11,0,3,7,11,9,8,0,7,15,15,5,3
2015_2,면목로33길,435,160,275,0,52,87,125,116,55,0,15,29,51,36,29,0,37,58,74,80,26
2015_2,면목로21길,38,28,10,0,4,2,12,17,3,0,3,1,6,15,3,0,1,1,6,2,0
2015_2,망우로73길,10,5,5,0,0,0,5,4,1,0,0,0,2,2,1,0,0,0,3,2,0
2015_2,망우로68길,85,37,48,0,22,17,20,18,8,0,4,7,6,14,6,0,18,10,14,4,2
2015_2,동일로163길,120,82,38,0,10,27,46,29,8,0,5,23,26,24,4,0,5,4,20,5,4
2015_2,동일로157길,186,94,92,0,31,46,51,38,20,0,4,25,33,18,14,0,27,21,18,20,6
2015_2,동일로149길,1102,815,287,0,112,305,319,316,50,0,68,209,253,249,36,0,44,96,66,67,14
2015_2,동일로140길,222,89,133,0,24,45,65,67,21,0,9,18,27,25,10,0,15,27,38,42,11
2015_2,동일로139길,71,45,26,0,3,10,32,15,11,0,1,7,21,12,4,0,2,3,11,3,7
2015_2,동일로139가길,1053,627,426,0,85,214,234,161,359,0,32,122,131,80,262,0,53,92,103,81,97
2015_2,동일로130길,91,21,70,0,8,19,36,20,8,0,3,4,4,3,7,0,5,15,32,17,1
2015_2,동일로123길,191,103,88,0,30,44,52,33,32,0,12,25,26,17,23,0,18,19,26,16,9
2015_2,동일로112길,186,72,114,0,19,27,56,58,26,0,1,13,16,28,14,0,18,14,40,30,12
2015_2,동일로101길,327,135,192,0,35,73,84,95,40,0,9,32,36,35,23,0,26,41,48,60,17
2015_2,동일로100길,35,17,18,0,7,7,9,8,4,0,2,4,4,5,2,0,5,3,5,3,2
2015_2,답십리로75길,83,44,39,1,6,24,32,11,9,0,1,11,18,7,7,1,5,13,14,4,2
2015_2,공릉로2길,568,278,290,0,78,137,164,125,64,0,22,75,78,63,40,0,56,62,86,62,24
2015_2,공릉로12가길,45,29,16,0,4,6,19,10,6,0,0,4,13,8,4,0,4,2,6,2,2
2015_2,겸재로54길,95,51,44,0,6,21,23,27,18,0,4,13,11,14,9,0,2,8,12,13,9
2015_2,겸재로36길,302,241,61,0,22,37,68,110,65,0,8,26,53,92,62,0,14,11,15,18,3
2015_2,겸재로29길,437,190,247,0,38,96,126,116,61,0,12,29,59,51,39,0,26,67,67,65,22
2015_2,휘경로3길,196,97,99,0,41,52,48,35,20,0,14,21,29,18,15,0,27,31,19,17,5
2015_2,휘경로2길,7,2,5,0,2,2,2,1,0,0,0,0,1,1,0,0,2,2,1,0,0
2015_2,휘경로23길,15,0,15,0,2,1,9,3,0,0,0,0,0,0,0,0,2,1,9,3,0
2015_2,휘경로14길,102,48,54,0,7,8,25,17,45,0,4,5,17,5,17,0,3,3,8,12,28
2015_2,한천로46길,381,123,258,1,48,72,134,93,33,0,10,21,47,28,17,1,38,51,87,65,16
2015_2,한천로40길,287,161,126,0,26,56,91,84,30,0,10,31,45,55,20,0,16,25,46,29,10
2015_2,한천로33길,78,34,44,0,18,17,11,15,17,0,5,12,6,6,5,0,13,5,5,9,12
2015_2,한천로14길,601,372,229,0,58,160,186,136,61,0,25,117,115,77,38,0,33,43,71,59,23
2015_2,천호대로97길,338,221,117,0,40,85,98,78,37,0,15,62,62,53,29,0,25,23,36,25,8
2015_2,천호대로77길,1926,959,967,7,187,338,389,528,477,3,73,163,228,234,258,4,114,175,161,294,219
2015_2,천호대로45길,167,108,59,0,9,24,36,52,46,0,3,15,22,33,35,0,6,9,14,19,11
2015_2,천호대로17길,2024,1273,751,4,256,448,421,405,490,2,105,268,262,254,382,2,151,180,159,151,108
2015_2,천호대로12길,810,543,267,3,132,231,214,173,57,1,74,155,149,126,38,2,58,76,65,47,19
2015_2,천장산로7길,1389,872,517,0,98,370,423,393,105,0,37,177,280,288,90,0,61,193,143,105,15
2015_2,제기로5길,198,109,89,0,21,40,55,57,25,0,13,33,29,23,11,0,8,7,26,34,14
2015_2,제기로21길,217,142,75,2,16,42,75,57,25,0,5,22,55,47,13,2,11,20,20,10,12
2015_2,전농로4길,650,427,223,0,91,168,204,125,62,0,50,127,131,79,40,0,41,41,73,46,22
2015_2,전농로3길,96,41,55,1,16,20,29,21,9,1,5,10,13,8,4,0,11,10,16,13,5
2015_2,전농로29길,313,152,161,3,31,89,109,59,22,1,11,46,48,32,14,2,20,43,61,27,8
2015_2,장한로8길,725,411,314,0,78,172,197,194,84,0,17,91,112,120,71,0,61,81,85,74,13
2015_2,장한로5길,2975,2073,902,16,627,848,749,522,213,3,314,576,581,431,168,13,313,272,168,91,45
2015_2,장한로27길,176,51,125,0,47,55,27,32,15,0,8,24,12,2,5,0,39,31,15,30,10
2015_2,장한로27가길,379,175,204,0,22,69,109,126,53,0,9,34,51,58,23,0,13,35,58,68,30
2015_2,장한로26길,564,280,284,0,81,148,129,130,76,0,22,76,62,67,53,0,59,72,67,63,23
2015_2,장한로26가길,359,173,186,0,32,64,72,101,90,0,12,38,29,47,47,0,20,26,43,54,43
2015_2,장한로25길,1000,464,536,3,144,286,267,199,101,0,34,134,133,100,63,3,110,152,134,99,38
2015_2,장한로14길,195,170,25,0,2,15,48,84,46,0,0,8,38,79,45,0,2,7,10,5,1
2015_2,이문로42길,237,96,141,0,39,49,67,63,19,0,8,13,35,27,13,0,31,36,32,36,6
2015_2,왕산로43길,967,467,500,2,192,282,225,180,86,0,48,153,115,93,58,2,144,129,110,87,28
2015_2,왕산로33길,170,115,55,0,5,28,59,41,37,0,4,18,47,20,26,0,1,10,12,21,11
2015_2,왕산로32길,13,8,5,0,0,2,6,3,2,0,0,1,3,3,1,0,0,1,3,0,1
2015_2,약령시로17길,252,134,118,0,36,43,68,64,41,0,20,24,32,37,21,0,16,19,36,27,20
2015_2,서울시립대로4길,795,502,293,9,139,192,216,163,76,9,68,132,152,99,42,0,71,60,64,64,34
2015_2,서울시립대로29길,201,118,83,1,24,46,52,44,34,0,9,31,33,21,24,1,15,15,19,23,10
2015_2,서울시립대로16길,116,33,83,0,14,32,33,23,14,0,2,9,15,5,2,0,12,23,18,18,12
2015_2,사가정로2길,131,97,34,0,16,28,42,21,24,0,10,22,32,17,16,0,6,6,10,4,8
2015_2,사가정로23가길,102,67,35,0,12,41,17,19,13,0,6,31,7,11,12,0,6,10,10,8,1
2015_2,사가정로13길,307,114,193,0,50,88,82,60,27,0,9,28,35,23,19,0,41,60,47,37,8
2015_2,무학로45길,384,213,171,0,69,114,96,66,39,0,18,67,61,45,22,0,51,47,35,21,17
2015_2,무학로16길,1084,954,130,0,51,282,367,248,136,0,25,237,324,236,132,0,26,45,43,12,4
2015_2,망우로21길,188,104,84,4,30,33,37,44,40,1,9,13,20,29,32,3,21,20,17,15,8
2015_2,망우로18길,521,229,292,0,114,172,150,60,25,0,41,63,83,30,12,0,73,109,67,30,13
2015_2,망우로18가길,65,21,44,0,9,14,20,13,9,0,2,6,8,1,4,0,7,8,12,12,5
2015_2,답십리로72길,11,9,2,0,0,2,4,5,0,0,0,1,3,5,0,0,0,1,1,0,0
2015_2,답십리로69길,814,369,445,2,131,207,208,183,83,2,37,104,97,73,56,0,94,103,111,110,27
2015_2,답십리로68길,171,110,61,1,22,30,49,46,23,1,13,22,31,26,17,0,9,8,18,20,6
2015_2,답십리로64길,324,184,140,0,55,90,98,58,23,0,20,56,68,27,13,0,35,34,30,31,10
2015_2,답십리로63길,110,73,37,0,12,27,36,29,6,0,9,16,27,15,6,0,3,11,9,14,0
2015_2,답십리로60길,16,9,7,0,1,3,8,3,1,0,0,2,4,3,0,0,1,1,4,0,1
2015_2,답십리로56길,8,6,2,0,0,3,4,1,0,0,0,3,2,1,0,0,0,0,2,0,0
2015_2,답십리로23길,5,4,1,0,0,0,4,1,0,0,0,0,3,1,0,0,0,0,1,0,0
2015_2,난계로30길,144,107,37,2,13,34,35,28,32,0,9,24,27,19,28,2,4,10,8,9,4
2015_2,경희대로3길,243,151,92,0,51,96,56,35,5,0,17,50,47,32,5,0,34,46,9,3,0
2015_2,천호대로129길,187,63,124,1,34,29,64,41,18,1,8,6,23,15,10,0,26,23,41,26,8
2015_2,천호대로123길,353,154,199,0,36,77,98,115,27,0,7,36,46,52,13,0,29,41,52,63,14
2015_2,천호대로109길,1318,779,539,2,199,309,381,290,137,1,92,175,222,185,104,1,107,134,159,105,33
2015_2,자양번영로3길,79,37,42,0,6,7,26,30,10,0,0,2,15,15,5,0,6,5,11,15,5
2015_2,자양로50길,18,5,13,0,6,3,3,3,3,0,1,1,0,1,2,0,5,2,3,2,1
2015_2,자양로45길,563,306,257,2,96,141,172,98,54,1,35,91,105,46,28,1,61,50,67,52,26
2015_2,자양로26길,312,107,205,1,39,64,100,79,29,0,6,16,43,26,16,1,33,48,57,53,13
2015_2,자양로15길,320,215,105,0,21,76,73,74,76,0,5,39,50,61,60,0,16,37,23,13,16
2015_2,자양로11길,1296,645,651,12,241,301,326,248,168,5,53,158,196,137,96,7,188,143,130,111,72
2015_2,용마산로3길,856,481,375,0,123,214,236,183,100,0,62,130,113,99,77,0,61,84,123,84,23
2015_2,용마산로21길,135,57,78,0,12,30,48,31,14,0,4,6,24,13,10,0,8,24,24,18,4
2015_2,아차산로78길,1703,1049,654,22,194,440,447,374,226,9,98,323,276,203,140,13,96,117,171,171,86
2015_2,아차산로65길,653,420,233,0,93,190,194,129,47,0,38,122,135,90,35,0,55,68,59,39,12
2015_2,아차산로55길,515,252,263,0,134,140,97,87,57,0,37,74,64,45,32,0,97,66,33,42,25
2015_2,아차산로51길,259,147,112,0,27,68,73,57,34,0,12,39,45,30,21,0,15,29,28,27,13
2015_2,아차산로40길,434,248,186,1,84,92,113,85,59,1,34,41,67,56,49,0,50,51,46,29,10
2015_2,면목로17길,214,139,75,0,32,37,61,51,33,0,12,23,39,39,26,0,20,14,22,12,7
2015_2,뚝섬로64길,421,253,168,0,35,64,122,97,103,0,13,30,68,59,83,0,22,34,54,38,20
2015_2,뚝섬로58길,180,59,121,0,12,43,50,65,10,0,3,9,16,24,7,0,9,34,34,41,3
2015_2,뚝섬로54길,129,71,58,0,13,34,44,24,14,0,4,19,22,16,10,0,9,15,22,8,4
2015_2,뚝섬로48길,829,379,450,4,112,208,227,181,97,4,35,94,109,83,54,0,77,114,118,98,43
2015_2,뚝섬로24길,105,38,67,0,17,20,22,38,8,0,2,6,6,19,5,0,15,14,16,19,3
2015_2,뚝섬로23길,95,59,36,0,8,23,29,17,18,0,2,13,15,13,16,0,6,10,14,4,2
2015_2,동일로24길,8,3,5,0,0,1,1,5,1,0,0,0,0,2,1,0,0,1,1,3,0
2015_2,동일로18길,152,65,87,1,23,40,48,29,11,0,10,16,21,10,8,1,13,24,27,19,3
2015_2,능동로4길,224,94,130,0,27,60,56,49,32,0,9,18,21,26,20,0,18,42,35,23,12
2015_2,능동로3길,205,93,112,0,17,30,60,55,43,0,7,7,28,24,27,0,10,23,32,31,16
2015_2,능동로34길,892,497,395,4,103,206,214,221,144,3,46,115,122,109,102,1,57,91,92,112,42
2015_2,능동로19길,345,219,126,2,51,112,73,72,35,1,25,77,44,42,30,1,26,35,29,30,5
2015_2,능동로13길,297,97,200,1,34,50,61,89,62,1,8,21,22,25,20,0,26,29,39,64,42
2015_2,긴고랑로9길,69,32,37,0,6,19,29,8,7,0,1,11,13,4,3,0,5,8,16,4,4
2015_2,긴고랑로8길,230,204,26,0,4,20,46,95,65,0,1,14,33,91,65,0,3,6,13,4,0
2015_2,긴고랑로7길,470,235,235,1,40,110,159,119,41,0,11,66,77,51,30,1,29,44,82,68,11
2015_2,긴고랑로20길,516,235,281,1,54,133,152,120,56,0,18,65,74,54,24,1,36,68,78,66,32
2015_2,광나루로52길,1723,844,879,13,173,266,256,432,583,10,100,157,155,183,239,3,73,109,101,249,344
2015_2,광나루로40길,88,39,49,1,19,27,20,14,7,0,3,9,14,8,5,1,16,18,6,6,2
2015_2,광나루로37길,313,197,116,0,39,112,84,50,28,0,15,71,54,39,18,0,24,41,30,11,10
2015_2,광나루로36길,34,21,13,0,2,8,13,8,3,0,1,5,9,5,1,0,1,3,4,3,2
2015_2,광나루로24길,67,33,34,0,15,16,16,11,9,0,3,10,9,5,6,0,12,6,7,6,3
2015_2,광나루로12길,910,556,354,2,165,265,243,161,74,1,79,172,146,100,58,1,86,93,97,61,16
2015_2,한림말길,73,46,27,1,4,21,29,12,6,0,0,13,18,10,5,1,4,8,11,2,1
2015_2,청계천로10나길,1840,1074,766,4,258,580,405,357,236,1,127,388,249,165,144,3,131,192,156,192,92
2015_2,장터길,42,19,23,0,5,15,7,10,5,0,1,6,4,5,3,0,4,9,3,5,2
2015_2,용답중앙길,107,56,51,0,6,29,25,32,15,0,2,16,17,15,6,0,4,13,8,17,9
2015_2,용답29길,1776,896,880,8,215,347,525,428,253,3,133,194,181,206,179,5,82,153,344,222,74
2015_2,왕십리로6길,1314,753,561,4,146,376,393,297,98,4,57,222,223,169,78,0,89,154,170,128,20
2015_2,왕십리로31길,125,60,65,0,18,33,31,26,17,0,4,13,14,15,14,0,14,20,17,11,3
2015_2,왕십리로26길,3999,2182,1817,14,656,988,1254,716,371,6,223,613,656,434,250,8,433,375,598,282,121
2015_2,왕십리로21길,152,47,105,0,24,36,42,40,10,0,1,10,11,18,7,0,23,26,31,22,3
2015_2,왕십리로14길,2213,1705,508,9,235,510,583,565,311,2,136,383,450,455,279,7,99,127,133,110,32
2015_2,아차산로5길,2044,1412,632,11,268,508,617,468,172,8,168,355,423,318,140,3,100,153,194,150,32
2015_2,아차산로15길,3779,2707,1072,10,529,1140,1097,685,318,3,277,837,803,506,281,7,252,303,294,179,37
2015_2,아차산로11길,3350,2163,1187,10,482,919,996,654,289,5,209,630,704,390,225,5,273,289,292,264,64
2015_2,송정4가길,966,457,509,3,134,328,271,140,90,2,54,158,115,65,63,1,80,170,156,75,27
2015_2,송정12라길,232,169,63,0,23,64,65,47,33,0,9,47,44,39,30,0,14,17,21,8,3
2015_2,성수일로6길,3171,1812,1359,7,400,831,818,539,576,7,184,509,441,338,333,0,216,322,377,201,243
2015_2,성수이로7길,425,236,189,0,49,115,115,107,39,0,23,68,66,52,27,0,26,47,49,55,12
2015_2,성수이로18길,2149,1539,610,10,267,656,651,442,123,6,140,467,494,328,104,4,127,189,157,114,19
2015_2,성덕정길,603,389,214,1,54,135,193,169,51,1,25,93,122,108,40,0,29,42,71,61,11
2015_2,성덕정17길,216,117,99,0,36,42,65,50,23,0,9,16,44,34,14,0,27,26,21,16,9
2015_2,서울숲2길,1716,932,784,6,125,322,346,535,382,4,50,195,208,227,248,2,75,127,138,308,134
2015_2,상원길,1574,1060,514,6,231,533,428,267,109,6,109,381,304,175,85,0,122,152,124,92,24
2015_2,상원12길,164,96,68,0,28,39,55,32,10,0,11,25,30,22,8,0,17,14,25,10,2
2015_2,사근동길,32,18,14,0,4,12,10,3,3,0,2,5,7,2,2,0,2,7,3,1,1
2015_2,무학봉길,8,7,1,0,0,0,1,2,5,0,0,0,0,2,5,0,0,0,1,0,0
2015_2,무학봉28길,160,72,88,0,23,44,40,37,16,0,6,18,18,19,11,0,17,26,22,18,5
2015_2,무학로6길,352,207,145,2,33,71,94,91,61,0,14,44,57,59,33,2,19,27,37,32,28
2015_2,무수막길,103,52,51,0,11,26,31,22,13,0,4,15,15,8,10,0,7,11,16,14,3
2015_2,매봉길,30,19,11,0,1,11,6,7,5,0,1,8,3,4,3,0,0,3,3,3,2
2015_2,마조로1길,166,64,102,0,15,37,63,45,6,0,4,14,22,19,5,0,11,23,41,26,1
2015_2,마조로16길,774,546,228,2,62,156,208,228,118,1,24,101,147,172,101,1,38,55,61,56,17
2015_2,마장로39길,55,38,17,0,8,16,20,6,5,0,5,14,13,3,3,0,3,2,7,3,2
2015_2,마장로27길,105,43,62,0,16,37,29,18,5,0,5,15,11,7,5,0,11,22,18,11,0
2015_2,둘레9길,413,254,159,1,50,89,124,104,45,1,26,53,83,57,34,0,24,36,41,47,11
2015_2,금호산길,383,147,236,3,52,92,102,100,34,1,12,35,34,44,21,2,40,57,68,56,13
2015_2,금호산2길,33,15,18,0,3,10,11,4,5,0,0,5,3,3,4,0,3,5,8,1,1
2015_2,고산자로6길,15565,6418,9147,162,2340,4560,4908,3213,382,22,921,2512,1811,843,309,140,1419,2048,3097,2370,73
2015_2,후암로28길,174,72,102,0,36,48,42,37,11,0,9,20,20,15,8,0,27,28,22,22,3
2015_2,효창원로39길,50,33,17,0,2,23,14,11,0,0,1,17,9,6,0,0,1,6,5,5,0
2015_2,회나무로13길,47,34,13,0,11,17,7,9,3,0,7,14,5,5,3,0,4,3,2,4,0
2015_2,한남대로20길,731,436,295,1,148,279,184,56,63,1,65,162,121,40,47,0,83,117,63,16,16
2015_2,한강대로7길,440,310,130,0,76,113,95,68,88,0,53,88,73,46,50,0,23,25,22,22,38
2015_2,한강대로62길,690,485,205,0,110,158,159,135,128,0,63,120,117,91,94,0,47,38,42,44,34
2015_2,한강대로52길,6484,2067,4417,26,2126,2756,1289,206,81,5,699,876,306,120,61,21,1427,1880,983,86,20
2015_2,한강대로43길,4691,3055,1636,4,612,1409,1312,904,450,2,299,940,944,589,281,2,313,469,368,315,169
2015_2,한강대로15길,1969,419,1550,9,989,673,185,74,39,4,72,134,123,57,29,5,917,539,62,17,10
2015_2,한강대로104길,4228,3115,1113,17,478,1365,1352,829,187,2,174,969,1101,714,155,15,304,396,251,115,32
2015_2,청파로73길,1377,778,599,1,176,399,367,256,178,0,67,177,178,192,164,1,109,222,189,64,14
2015_2,청파로71길,245,131,114,0,20,73,69,64,19,0,4,35,30,48,14,0,16,38,39,16,5
2015_2,청파로47나길,112,78,34,1,14,27,19,28,23,0,6,24,14,18,16,1,8,3,5,10,7
2015_2,청파로47길,790,357,433,5,103,243,196,165,78,0,33,113,96,72,43,5,70,130,100,93,35
2015_2,장문로45길,85,12,73,0,10,11,14,37,13,0,2,3,0,4,3,0,8,8,14,33,10
2015_2,이태원로54길,1348,755,593,5,475,513,221,81,53,5,217,334,145,32,22,0,258,179,76,49,31
2015_2,이태원로27길,510,309,201,2,178,153,97,45,35,1,94,106,61,26,21,1,84,47,36,19,14
2015_2,이촌로22길,208,125,83,0,14,40,63,56,35,0,2,24,41,33,25,0,12,16,22,23,10
2015_2,원효로89길,894,723,171,0,141,331,219,158,45,0,102,252,195,135,39,0,39,79,24,23,6
2015_2,원효로53길,745,471,274,5,102,227,212,135,64,3,45,157,148,77,41,2,57,70,64,58,23
2015_2,원효로41길,2843,2051,792,12,285,802,593,779,372,8,153,609,470,532,279,4,132,193,123,247,93
2015_2,원효로19길,923,668,255,0,100,388,248,123,64,0,41,305,188,85,49,0,59,83,60,38,15
2015_2,우사단로4길,156,117,39,0,14,28,29,51,34,0,1,17,20,45,34,0,13,11,9,6,0
2015_2,우사단로14길,1698,945,753,1,326,834,430,81,26,0,95,445,317,69,19,1,231,389,113,12,7
2015_2,우사단로10길,50,29,21,0,3,8,23,9,7,0,1,3,12,7,6,0,2,5,11,2,1
2015_2,신흥로20길,183,85,98,0,39,44,54,28,18,0,13,16,32,10,14,0,26,28,22,18,4
2015_2,소월로20길,138,49,89,0,31,41,29,26,11,0,7,11,8,15,8,0,24,30,21,11,3
2015_2,서빙고로71길,445,266,179,3,31,136,119,91,65,1,10,58,65,78,54,2,21,78,54,13,11
2015_2,백범로90길,262,155,107,0,37,58,74,57,36,0,21,33,44,35,22,0,16,25,30,22,14
2015_2,백범로79길,948,575,373,0,109,282,200,246,111,0,39,164,143,158,71,0,70,118,57,88,40
2015_2,두텁바위로1길,2624,1511,1113,2,446,752,625,438,361,0,134,427,396,317,237,2,312,325,229,121,124
2015_2,대사관로34길,303,183,120,0,33,83,74,68,45,0,10,56,43,44,30,0,23,27,31,24,15
2015_2,녹사평대로46길,14,10,4,0,3,4,4,1,2,0,2,3,2,1,2,0,1,1,2,0,0
2015_2,녹사평대로40나길,29,15,14,1,11,5,4,5,3,1,6,1,1,3,3,0,5,4,3,2,0
2015_2,녹사평대로32길,306,152,154,0,56,69,81,53,47,0,23,32,40,23,34,0,33,37,41,30,13
2015_2,녹사평대로26길,2321,1376,945,3,169,696,615,585,253,2,66,342,354,438,174,1,103,354,261,147,79
2015_2,녹사평대로11길,282,187,95,0,34,74,95,60,19,0,20,47,62,41,17,0,14,27,33,19,2
2015_2,퇴계로90길,471,195,276,0,80,125,115,101,50,0,22,48,51,44,30,0,58,77,64,57,20
2015_2,퇴계로8길,2475,1340,1135,11,378,773,661,379,273,1,107,476,355,196,205,10,271,297,306,183,68
2015_2,퇴계로56길,914,704,210,0,107,347,284,137,39,0,59,275,244,102,24,0,48,72,40,35,15
2015_2,퇴계로46길,1829,678,1151,3,336,615,462,308,105,1,55,184,196,160,82,2,281,431,266,148,23
2015_2,퇴계로18길,2878,1368,1510,6,575,845,708,500,244,0,164,468,365,229,142,6,411,377,343,271,102
2015_2,퇴계로12길,1097,467,630,0,217,305,224,240,111,0,45,108,110,138,66,0,172,197,114,102,45
2015_2,청구로1길,198,97,101,0,42,43,44,40,29,0,10,20,19,26,22,0,32,23,25,14,7
2015_2,청구로17길,1753,793,960,5,458,661,341,202,86,0,83,293,203,145,69,5,375,368,138,57,17
2015_2,장충단로8길,3914,1196,2718,29,1449,877,912,457,190,8,320,372,231,161,104,21,1129,505,681,296,86
2015_2,삼일대로4길,1377,965,412,0,162,390,390,321,114,0,53,256,314,260,82,0,109,134,76,61,32
2015_2,명동길,35999,18292,17707,185,6326,13021,10400,4799,1268,52,2039,5896,6089,3378,838,133,4287,7125,4311,1421,430
2015_2,동호로20길,972,430,542,4,300,280,176,151,61,1,97,112,100,81,39,3,203,168,76,70,22
2015_2,동호로15길,4444,2425,2019,31,1711,1585,739,280,98,14,619,970,548,202,72,17,1092,615,191,78,26
2015_2,동호로11길,12,9,3,0,0,1,6,4,1,0,0,1,5,3,0,0,0,0,1,1,1
2015_2,동호로10길,4276,2298,1978,10,546,887,794,1001,1038,5,231,595,544,463,460,5,315,292,250,538,578
2015_2,다산로39길,888,548,340,6,111,228,250,213,80,2,39,135,180,134,58,4,72,93,70,79,22
2015_2,다산로38길,1303,718,585,5,241,350,303,275,129,4,82,177,186,180,89,1,159,173,117,95,40
2015_2,다산로36길,49,26,23,0,11,14,12,9,3,0,2,7,8,7,2,0,9,7,4,2,1
2015_2,다산로33길,378,193,185,1,45,90,103,103,36,0,25,50,49,46,23,1,20,40,54,57,13
2015_2,난계로21길,195,127,68,1,22,49,70,51,2,0,10,30,47,38,2,1,12,19,23,13,0
2015_2,난계로11길,1868,999,869,2,361,389,337,520,259,0,145,240,212,247,155,2,216,149,125,273,104
2015_2,평창길,168,72,96,1,30,33,47,39,18,0,7,14,29,12,10,1,23,19,18,27,8
2015_2,통일로12길,128,37,91,0,14,24,51,32,7,0,4,8,14,7,4,0,10,16,37,25,3
2015_2,창신길,265,76,189,0,27,44,58,87,49,0,8,23,16,17,12,0,19,21,42,70,37
2015_2,창신5길,7,4,3,0,0,1,2,3,1,0,0,1,1,2,0,0,0,0,1,1,1
2015_2,창신2길,59,31,28,0,3,6,20,24,6,0,1,4,14,9,3,0,2,2,6,15,3
2015_2,창경궁로35길,1405,392,1013,21,401,397,413,128,45,0,49,126,135,54,28,21,352,271,278,74,17
2015_2,지봉로8길,146,68,78,0,26,32,44,35,9,0,13,15,14,22,4,0,13,17,30,13,5
2015_2,종로65길,609,283,326,0,66,151,142,117,133,0,20,68,66,45,84,0,46,83,76,72,49
2015_2,자하문로7길,493,288,205,1,92,148,138,73,41,0,44,92,83,36,33,1,48,56,55,37,8
2015_2,이화장길,2046,1026,1020,5,314,550,610,433,134,1,103,225,313,297,87,4,211,325,297,136,47
2015_2,율곡로16길,60,21,39,0,24,25,7,2,2,0,1,12,6,0,2,0,23,13,1,2,0
2015_2,율곡로10길,2287,1687,600,5,307,750,658,359,208,1,188,565,516,254,163,4,119,185,142,105,45
2015_2,옥인길,481,219,262,3,67,125,140,122,24,3,10,63,72,65,6,0,57,62,68,57,18
2015_2,숭인동길,14,5,9,0,2,0,6,5,1,0,0,0,2,2,1,0,2,0,4,3,0
2015_2,성균관로5길,114,69,45,0,8,12,7,18,69,0,4,10,1,10,44,0,4,2,6,8,25
2015_2,삼청로5길,448,170,278,2,119,122,98,72,35,2,36,51,34,32,15,0,83,71,64,40,20
2015_2,북촌로5나길,1541,1067,474,2,124,515,519,340,41,1,58,321,396,269,22,1,66,194,123,71,19
2015_2,북촌로5길,49,21,28,0,6,18,6,13,6,0,1,9,4,4,3,0,5,9,2,9,3
2015_2,북촌로11길,25,12,13,0,5,9,3,3,5,0,2,2,2,2,4,0,3,7,1,1,1
2015_2,백석동길,88,43,45,0,16,22,22,14,14,0,5,9,10,8,11,0,11,13,12,6,3
2015_2,명륜길,10,8,2,0,2,4,2,1,1,0,2,3,2,0,1,0,0,1,0,1,0
2015_2,돈화문로11가길,1020,539,481,0,136,305,244,186,149,0,41,144,144,107,103,0,95,161,100,79,46
2015_2,계동길,781,357,424,4,168,230,188,132,59,3,45,80,102,86,41,1,123,150,86,46,18
2015_1,강남 마이스 관광특구,20221,11888,8333,119,5504,7047,4853,2125,573,40,1843,4112,3780,1702,411,79,3661,2935,1073,423,162
2015_1,잠실 관광특구,26104,15792,10312,319,5078,7180,6094,5145,2288,142,2680,4681,3620,3116,1553,177,2398,2499,2474,2029,735
2015_1,종로·청계 관광특구,30067,19008,11059,97,4817,9770,8968,5122,1293,35,1826,5340,6819,4061,927,62,2991,4430,2149,1061,366
2015_1,동대문패션타운 관광특구,14192,9546,4646,51,2906,4887,3720,1968,660,27,1507,3275,2854,1421,462,24,1399,1612,866,547,198
2015_1,명동 남대문 북창동 다동 무교동 관광특구,174074,89361,84713,1012,37782,60877,46596,22074,5733,359,11741,28437,29426,15574,3824,653,26041,32440,17170,6500,1909
2015_1,이태원 관광특구,5805,3408,2397,55,1455,1688,1246,953,408,22,749,1009,740,635,253,33,706,679,506,318,155
2015_1,길동복조리시장,563,341,222,2,41,127,166,145,82,1,21,81,103,80,55,1,20,46,63,65,27
2015_1,둔촌역전통시장,157,79,78,0,18,40,35,44,20,0,5,21,19,20,14,0,13,19,16,24,6
2015_1,성내골목시장,7,2,5,0,0,2,4,0,1,0,0,2,0,0,0,0,0,0,4,0,1
2015_1,천호시장,16,9,7,0,5,5,2,4,0,0,3,4,1,1,0,0,2,1,1,3,0
2015_1,암사종합시장,603,303,300,2,44,96,97,118,246,2,11,60,50,42,138,0,33,36,47,76,108
2015_1,고덕전통시장,410,397,13,0,2,14,79,191,124,0,1,11,74,187,124,0,1,3,5,4,0
2015_1,명일골목시장,123,68,55,0,4,8,16,35,60,0,3,4,8,13,40,0,1,4,8,22,20
2015_1,새마을시장,289,154,135,0,39,85,79,51,35,0,14,46,48,24,22,0,25,39,31,27,13
2015_1,석촌시장,185,127,58,0,22,35,52,52,24,0,12,21,36,37,21,0,10,14,16,15,3
2015_1,방이시장,623,411,212,0,118,214,166,95,30,0,82,177,97,35,20,0,36,37,69,60,10
2015_1,마천시장,249,63,186,0,20,57,73,56,43,0,5,16,21,12,9,0,15,41,52,44,34
2015_1,풍납시장,11,2,9,0,2,1,5,2,1,0,0,0,1,1,0,0,2,1,4,1,1
2015_1,강남개포시장,42,35,7,0,0,4,13,13,12,0,0,4,7,12,12,0,0,0,6,1,0
2015_1,도곡시장,499,248,251,2,71,127,162,94,43,0,24,79,71,48,26,2,47,48,91,46,17
2015_1,영동전통시장,3105,2313,792,16,497,858,978,540,216,5,280,683,813,370,162,11,217,175,165,170,54
2015_1,미성동도깨비시장,393,167,226,1,61,81,152,77,21,0,26,36,63,28,14,1,35,45,89,49,7
2015_1,삼성동시장,90,37,53,0,14,14,21,30,11,0,3,7,8,11,8,0,11,7,13,19,3
2015_1,신림중앙시장,15,10,5,0,1,3,2,5,4,0,1,3,2,3,1,0,0,0,0,2,3
2015_1,강남골목시장,367,178,189,0,40,86,106,106,29,0,21,54,43,40,20,0,19,32,63,66,9
2015_1,관악신사시장,317,247,70,1,82,58,58,83,35,1,68,37,43,70,28,0,14,21,15,13,7
2015_1,신원시장,338,144,194,2,35,76,78,95,52,0,13,39,35,34,23,2,22,37,43,61,29
2015_1,인헌시장,215,71,144,0,31,42,72,58,12,0,8,19,21,17,6,0,23,23,51,41,6
2015_1,봉천현대시장,11,6,5,0,2,2,4,1,2,0,0,0,3,1,2,0,2,2,1,0,0
2015_1,봉천제일종합시장,41,21,20,0,4,5,19,4,9,0,1,4,7,2,7,0,3,1,12,2,2
2015_1,낙성대시장,18,11,7,0,4,3,3,4,4,0,2,2,3,2,2,0,2,1,0,2,2
2015_1,중부시장,154,47,107,0,25,35,35,31,28,0,6,12,12,7,10,0,19,23,23,24,18
2015_1,남성역골목시장,456,217,239,0,50,104,134,100,68,0,12,40,75,48,42,0,38,64,59,52,26
2015_1,남성사계시장,1977,883,1094,13,266,409,432,438,419,3,66,203,222,178,211,10,200,206,210,260,208
2015_1,흑석시장,154,50,104,0,20,45,59,21,9,0,5,8,24,6,7,0,15,37,35,15,2
2015_1,상도4동도깨비골목시장,327,90,237,1,61,78,79,67,41,0,8,25,17,18,22,1,53,53,62,49,19
2015_1,영도시장,101,43,58,0,27,20,28,14,12,0,8,5,12,9,9,0,19,15,16,5,3
2015_1,본동인정시장,124,65,59,0,7,32,43,23,19,0,2,14,20,12,17,0,5,18,23,11,2
2015_1,대림중앙시장,22,16,6,0,2,6,4,8,2,0,1,4,4,5,2,0,1,2,0,3,0
2015_1,우리시장,16,5,11,0,0,1,10,4,1,0,0,0,3,2,0,0,0,1,7,2,1
2015_1,영진시장A동,40,32,8,0,2,16,9,7,6,0,1,13,8,5,5,0,1,3,1,2,1
2015_1,영일시장,7,5,2,0,1,1,1,4,0,0,1,1,1,2,0,0,0,0,0,2,0
2015_1,영등포청과시장,166,102,64,4,24,45,42,33,18,4,9,23,30,25,11,0,15,22,12,8,7
2015_1,영등포전통시장,4014,2014,2000,8,682,1566,1010,503,245,1,151,653,684,354,171,7,531,913,326,149,74
2015_1,은행나무시장,40,10,30,0,5,10,9,12,4,0,0,3,3,3,1,0,5,7,6,9,3
2015_1,현대시장,57,14,43,0,11,14,20,8,4,0,3,5,3,1,2,0,8,9,17,7,2
2015_1,남문시장,273,118,155,0,22,39,105,79,28,0,4,20,38,39,17,0,18,19,67,40,11
2015_1,독산동 우시장,131,55,76,1,10,26,47,33,14,0,5,18,10,11,11,1,5,8,37,22,3
2015_1,개봉중앙시장,7,4,3,0,0,0,2,3,2,0,0,0,1,1,2,0,0,0,1,2,0
2015_1,가리봉시장,15,9,6,0,2,1,5,4,3,0,1,1,2,2,3,0,1,0,3,2,0
2015_1,남구로시장,6,4,2,0,0,1,3,2,0,0,0,0,2,2,0,0,0,1,1,0,0
2015_1,구로시장,55,28,27,0,9,23,10,9,4,0,2,13,4,5,4,0,7,10,6,4,0
2015_1,방신전통시장,157,129,28,0,2,24,34,68,29,0,0,15,26,60,28,0,2,9,8,8,1
2015_1,송화골목시장,486,169,317,3,82,98,155,108,40,1,13,41,54,29,31,2,69,57,101,79,9
2015_1,까치산시장,26,16,10,0,3,6,11,6,0,0,1,5,6,4,0,0,2,1,5,2,0
2015_1,남부골목시장,167,71,96,1,23,45,55,34,9,0,7,18,26,14,6,1,16,27,29,20,3
2015_1,화곡중앙골목시장,2,2,0,0,1,0,0,0,1,0,1,0,0,0,1,0,0,0,0,0,0
2015_1,등마루시장,804,522,282,95,300,129,107,107,66,78,213,78,62,53,38,17,87,51,45,54,28
2015_1,신정3동골목시장,242,102,140,0,34,47,52,70,39,0,9,20,17,32,24,0,25,27,35,38,15
2015_1,신정2동골목시장,8,5,3,0,1,3,2,1,1,0,1,1,2,0,1,0,0,2,0,1,0
2015_1,신월6동골목시장,251,110,141,4,53,64,64,40,26,3,17,31,30,14,15,1,36,33,34,26,11
2015_1,신곡종합시장,18,9,9,0,0,3,10,2,3,0,0,0,4,2,3,0,0,3,6,0,0
2015_1,신월3동골목시장,44,12,32,0,3,10,16,13,2,0,0,5,3,3,1,0,3,5,13,10,1
2015_1,경창시장,201,105,96,1,20,37,61,60,22,0,9,25,35,27,9,1,11,12,26,33,13
2015_1,월정로시장,96,54,42,0,6,22,32,30,6,0,4,14,16,17,3,0,2,8,16,13,3
2015_1,신영시장,41,18,23,0,3,12,19,6,1,0,1,7,6,3,1,0,2,5,13,3,0
2015_1,목4동시장,237,72,165,0,25,54,84,60,14,0,3,18,24,17,10,0,22,36,60,43,4
2015_1,목3동시장,591,258,333,3,101,137,176,125,49,0,30,61,79,58,30,3,71,76,97,67,19
2015_1,목2동시장,173,84,89,0,27,52,53,35,6,0,10,25,26,17,6,0,17,27,27,18,0
2015_1,마포농수산물시장,492,315,177,1,28,55,130,184,94,0,18,35,83,109,70,1,10,20,47,75,24
2015_1,망원월드컵시장,15,9,6,0,0,4,6,1,4,0,0,2,4,1,2,0,0,2,2,0,2
2015_1,망원시장,38,20,18,0,2,10,10,13,3,0,1,6,4,7,2,0,1,4,6,6,1
2015_1,신수시장,214,135,79,0,39,98,46,20,11,0,15,58,34,18,10,0,24,40,12,2,1
2015_1,아현시장,46,27,19,0,10,16,9,8,3,0,3,11,6,6,1,0,7,5,3,2,2
2015_1,대림골목시장,278,85,193,0,38,61,85,70,24,0,8,21,24,17,15,0,30,40,61,53,9
2015_1,상계중앙시장,32,19,13,1,5,9,8,6,3,1,1,5,8,3,1,0,4,4,0,3,2
2015_1,방학동도깨비시장,125,57,68,0,14,36,42,21,12,0,7,19,19,5,7,0,7,17,23,16,5
2015_1,쌍문역골목시장,49,23,26,0,11,14,14,6,4,0,5,9,3,4,2,0,6,5,11,2,2
2015_1,신도봉시장,14,6,8,0,0,1,6,7,0,0,0,1,2,3,0,0,0,0,4,4,0
2015_1,창동신창시장,112,38,74,0,19,14,37,33,9,0,2,3,14,12,7,0,17,11,23,21,2
2015_1,장미원골목시장,55,35,20,0,13,15,15,8,4,0,6,10,8,8,3,0,7,5,7,0,1
2015_1,수유중앙시장,145,85,60,1,22,37,38,24,23,0,10,24,23,16,12,1,12,13,15,8,11
2015_1,강북종합시장,52,20,32,5,8,6,18,10,5,3,0,4,7,3,3,2,8,2,11,7,2
2015_1,우이시장,145,68,77,0,19,32,42,35,17,0,4,17,19,15,13,0,15,15,23,20,4
2015_1,수유전통시장,460,155,305,3,57,84,97,135,84,3,12,24,22,41,53,0,45,60,75,94,31
2015_1,번동북부골목시장,86,53,33,0,17,16,30,11,12,0,11,6,22,8,6,0,6,10,8,3,6
2015_1,솔샘시장,92,35,57,0,15,32,28,15,2,0,1,13,13,7,1,0,14,19,15,8,1
2015_1,방천골목시장,76,27,49,1,19,20,17,15,4,0,0,5,12,7,3,1,19,15,5,8,1
2015_1,석관황금시장,44,21,23,0,5,6,20,10,3,0,2,4,7,6,2,0,3,2,13,4,1
2015_1,장위전통시장,195,71,124,0,15,62,64,34,20,0,5,26,17,10,13,0,10,36,47,24,7
2015_1,정릉시장,36,16,20,0,10,5,13,6,2,0,3,3,6,3,1,0,7,2,7,3,1
2015_1,정릉아리랑시장,7,4,3,0,1,1,2,3,0,0,1,1,1,1,0,0,0,0,1,2,0
2015_1,돈암제일시장,73,46,27,1,13,13,26,15,5,0,4,8,17,12,5,1,9,5,9,3,0
2015_1,우림골목시장,233,113,120,0,23,33,49,65,63,0,3,16,24,30,40,0,20,17,25,35,23
2015_1,묵1동도깨비시장,263,95,168,0,35,43,80,92,13,0,10,20,29,31,5,0,25,23,51,61,8
2015_1,태능시장,3,1,2,0,0,1,2,0,0,0,0,0,1,0,0,0,0,1,1,0,0
2015_1,중화제일시장,21,0,21,0,7,1,5,6,2,0,0,0,0,0,0,0,7,1,5,6,2
2015_1,사가정시장,251,198,53,0,19,23,51,97,61,0,3,12,38,88,57,0,16,11,13,9,4
2015_1,동원시장,41,15,26,0,6,7,14,10,4,0,1,1,7,3,3,0,5,6,7,7,1
2015_1,동부골목시장,79,32,47,0,17,12,15,18,17,0,1,4,4,9,14,0,16,8,11,9,3
2015_1,회기시장,135,45,90,1,28,39,31,24,12,0,6,15,12,7,5,1,22,24,19,17,7
2015_1,답십리시장,21,11,10,0,1,9,7,4,0,0,0,6,4,1,0,0,1,3,3,3,0
2015_1,답십리현대시장,97,72,25,0,11,18,34,23,11,0,9,18,21,14,10,0,2,0,13,9,1
2015_1,청량리종합시장,8,6,2,0,2,3,1,0,2,0,2,2,0,0,2,0,0,1,1,0,0
2015_1,청량리농수산물시장,13,11,2,0,1,4,2,5,1,0,1,3,2,4,1,0,0,1,0,1,0
2015_1,서울약령시장,1328,865,463,3,128,296,347,353,201,3,58,191,235,241,137,0,70,105,112,112,64
2015_1,청량리수산시장,157,81,76,1,14,42,34,40,26,0,2,20,17,22,20,1,12,22,17,18,6
2015_1,구의시장,87,50,37,0,12,21,24,22,8,0,2,15,14,13,6,0,10,6,10,9,2
2015_1,조양시장,70,43,27,0,2,14,21,21,12,0,1,8,12,13,9,0,1,6,9,8,3
2015_1,영동교골목시장,24,15,9,0,2,3,3,9,7,0,1,2,2,4,6,0,1,1,1,5,1
2015_1,능동로골목시장,272,253,19,0,8,7,10,22,225,0,5,6,2,16,224,0,3,1,8,6,1
2015_1,자양골목시장,83,40,43,0,10,18,23,22,10,0,2,7,13,11,7,0,8,11,10,11,3
2015_1,중곡제일시장,126,65,61,1,15,25,33,40,12,1,6,9,17,22,10,0,9,16,16,18,2
2015_1,한아름시장,86,47,39,0,21,23,23,13,6,0,12,13,13,6,3,0,9,10,10,7,3
2015_1,성동용답상가시장,234,119,115,2,34,60,71,41,26,0,11,28,39,23,18,2,23,32,32,18,8
2015_1,뚝도시장,28,8,20,0,4,6,5,11,2,0,1,2,0,4,1,0,3,4,5,7,1
2015_1,금남시장,15,12,3,0,0,0,5,3,7,0,0,0,5,1,6,0,0,0,0,2,1
2015_1,행당시장,211,107,104,1,39,56,67,34,14,0,12,29,37,17,12,1,27,27,30,17,2
2015_1,마장축산물시장,1491,1028,463,4,166,471,408,327,115,2,97,361,286,203,79,2,69,110,122,124,36
2015_1,용문전통시장,26,17,9,0,0,5,8,8,5,0,0,2,7,5,3,0,0,3,1,3,2
2015_1,후암시장,28,11,17,0,0,6,7,12,3,0,0,3,1,6,1,0,0,3,6,6,2
2015_1,합동(새벽)시장,2372,1217,1155,9,438,839,542,304,240,2,93,309,328,255,230,7,345,530,214,49,10
2015_1,서울중앙시장,248,175,73,1,31,67,65,66,18,1,15,51,47,46,15,0,16,16,18,20,3
2015_1,백학시장,474,257,217,1,84,146,132,83,28,0,34,82,83,39,19,1,50,64,49,44,9
2015_1,약수시장,1462,560,902,8,267,413,340,256,178,1,66,125,158,112,98,7,201,288,182,144,80
2015_1,청평화시장,2428,1662,766,2,668,847,657,187,67,2,457,563,494,103,43,0,211,284,163,84,24
2015_1,제일평화시장,451,284,167,1,93,120,94,89,54,0,48,72,65,62,37,1,45,48,29,27,17
2015_1,남평화시장,152,101,51,0,13,31,27,64,17,0,4,19,22,43,13,0,9,12,5,21,4
2015_1,방산종합시장,1695,1130,565,7,178,398,485,424,203,3,116,289,291,280,151,4,62,109,194,144,52
2015_1,인현시장,1172,766,406,6,108,242,356,325,135,4,36,128,253,236,109,2,72,114,103,89,26
2015_1,신중부시장,2487,1681,806,17,234,628,720,565,323,9,102,426,482,420,242,8,132,202,238,145,81
2015_1,남대문시장,7015,3772,3243,19,1502,2861,1617,710,306,5,523,1543,993,484,224,14,979,1318,624,226,82
2015_1,동묘시장,913,559,354,11,181,223,231,173,94,4,71,152,152,113,67,7,110,71,79,60,27
2015_1,창신골목시장,216,124,92,0,31,109,40,28,8,0,10,59,27,21,7,0,21,50,13,7,1
2015_1,충신시장,319,170,149,1,53,108,66,64,27,0,17,58,34,40,21,1,36,50,32,24,6
2015_1,종로신진시장,21,10,11,0,1,2,4,7,7,0,0,0,2,4,4,0,1,2,2,3,3
2015_1,동대문종합시장,245,155,90,0,26,64,64,51,40,0,14,39,38,36,28,0,12,25,26,15,12
2015_1,광장시장,209,142,67,0,28,34,51,65,31,0,14,20,38,45,25,0,14,14,13,20,6
2015_1,서울 노원구 노원역_3,669,268,401,14,143,140,169,132,71,4,56,63,63,49,33,10,87,77,106,83,38
2015_1,서울 노원구 노원역_1,945,276,669,11,278,273,202,134,47,2,32,79,85,54,24,9,246,194,117,80,23
2015_1,창동역,2238,1450,788,3,224,437,652,638,284,1,75,268,444,472,190,2,149,169,208,166,94
2015_1,서울 강북구 수유역_3,51,28,23,0,5,11,16,17,2,0,1,8,6,11,2,0,4,3,10,6,0
2015_1,서울 강북구 수유역_2,3961,2065,1896,11,422,891,1025,1065,547,6,127,372,569,685,306,5,295,519,456,380,241
2015_1,서울 강북구 수유역_1,71,54,17,0,10,19,22,11,9,0,6,17,14,8,9,0,4,2,8,3,0
2015_1,서울 은평구 연신내역_3,550,174,376,1,125,150,128,87,59,0,19,51,50,31,23,1,106,99,78,56,36
2015_1,서울 은평구 연신내역_2,310,135,175,10,70,73,74,45,38,7,26,35,32,13,22,3,44,38,42,32,16
2015_1,서울 은평구 연신내역_1,47,23,24,0,4,12,16,10,5,0,0,4,9,7,3,0,4,8,7,3,2
2015_1,서울 성북구 미아삼거리역_2,521,254,267,2,107,148,141,93,30,0,31,74,74,53,22,2,76,74,67,40,8
2015_1,서울 강북구 미아삼거리역_1,441,158,283,1,102,129,87,77,45,1,15,46,39,27,30,0,87,83,48,50,15
2015_1,서울 은평구 불광역_3,51,19,32,0,9,13,17,9,3,0,1,7,6,4,1,0,8,6,11,5,2
2015_1,서울 은평구 불광역_2,69,28,41,0,8,13,12,27,9,0,0,4,4,16,4,0,8,9,8,11,5
2015_1,서울 은평구 불광역_1,234,96,138,0,40,59,57,48,30,0,12,21,26,24,13,0,28,38,31,24,17
2015_1,미아사거리_2,129,78,51,1,34,27,18,16,33,0,17,14,8,7,32,1,17,13,10,9,1
2015_1,미아사거리_1,512,209,303,1,67,118,157,121,48,1,23,48,57,49,31,0,44,70,100,72,17
2015_1,서울 성북구 성신여대입구역,4819,3026,1793,23,485,1020,1343,1412,536,10,161,500,839,1120,396,13,324,520,504,292,140
2015_1,경희대학교,310,144,166,1,55,87,80,62,25,0,32,44,34,25,9,1,23,43,46,37,16
2015_1,서울 성북구 안암역,78,43,35,0,12,28,16,16,6,0,7,19,9,6,2,0,5,9,7,10,4
2015_1,혜화역 대학로_3,10249,3185,7064,15,3124,3823,1981,1099,207,6,654,1156,721,492,156,9,2470,2667,1260,607,51
2015_1,혜화역 대학로_2,1386,817,569,2,88,496,450,311,39,0,23,209,287,272,26,2,65,287,163,39,13
2015_1,혜화역 대학로_1,1082,582,500,15,243,324,232,175,93,3,96,192,137,105,49,12,147,132,95,70,44
2015_1,디지털미디어시티,15592,10551,5041,39,3139,6680,4119,1443,172,15,1328,4522,3349,1199,138,24,1811,2158,770,244,34
2015_1,서울 동대문구 청량리역,3263,2127,1136,3,493,852,886,636,393,0,286,605,580,388,268,3,207,247,306,248,125
2015_1,서울 종로구 안국역_2,752,303,449,2,179,245,181,95,50,1,46,107,70,43,36,1,133,138,111,52,14
2015_1,서울 종로구 안국역_1,11962,9905,2057,5,1587,4546,3691,1704,429,1,1097,3659,3279,1509,360,4,490,887,412,195,69
2015_1,서울 종로구 경복궁역_1,214,90,124,0,53,47,47,46,21,0,19,21,22,19,9,0,34,26,25,27,12
2015_1,서울 종로구 종로3가역_3,2958,1684,1274,20,502,780,858,522,276,6,155,453,536,336,198,14,347,327,322,186,78
2015_1,서울 종로구 종로3가역_2,1916,1042,874,12,279,418,430,350,427,7,100,234,254,211,236,5,179,184,176,139,191
2015_1,서울 동대문구 신설동역_2,4043,2102,1941,67,464,696,759,1129,928,19,141,368,426,535,613,48,323,328,333,594,315
2015_1,인사동,22204,14049,8155,167,4762,7612,5174,3023,1466,56,1808,4886,4144,2267,888,111,2954,2726,1030,756,578
2015_1,서울 종로구 종로5가역_4,644,348,296,6,108,176,167,117,70,3,37,93,99,55,61,3,71,83,68,62,9
2015_1,서울 종로구 종로5가역_3,5223,3557,1666,14,794,1586,1413,980,436,6,453,1105,965,700,328,8,341,481,448,280,108
2015_1,종로구청,15214,9123,6091,50,1558,5754,4495,2616,741,25,516,3077,3141,1873,491,25,1042,2677,1354,743,250
2015_1,서울 종로구 종로5가역_2,14629,9310,5319,248,3056,5260,3579,1946,540,74,1380,3341,2644,1483,388,174,1676,1919,935,463,152
2015_1,신설동역,685,426,259,7,112,172,181,134,79,0,50,109,107,92,68,7,62,63,74,42,11
2015_1,서울 동대문구 신설동역_1,2,2,0,0,0,0,1,0,1,0,0,0,1,0,1,0,0,0,0,0,0
2015_1,서울 종로구 광화문역_2,51504,32594,18910,214,8205,17844,15368,7411,2462,63,3133,10584,11750,5445,1619,151,5072,7260,3618,1966,843
2015_1,동묘앞역,59,40,19,0,3,19,13,18,6,0,3,11,9,14,3,0,0,8,4,4,3
2015_1,장안동사거리,502,259,243,1,77,117,146,102,59,1,39,59,69,52,39,0,38,58,77,50,20
2015_1,서울 종로구 동대문역_2,820,499,321,3,142,223,184,163,105,2,73,130,118,99,77,1,69,93,66,64,28
2015_1,동대문시장_2,486,313,173,3,58,112,122,112,79,0,36,71,74,69,63,3,22,41,48,43,16
2015_1,서울 종로구 종로5가역_1,50,34,16,0,8,8,11,19,4,0,3,5,8,16,2,0,5,3,3,3,2
2015_1,서울 종로구 종로3가역_1,3399,1515,1884,30,859,1065,714,472,259,8,251,471,368,245,172,22,608,594,346,227,87
2015_1,서울 종로구 광화문역_1,2592,1821,771,2,585,1027,573,292,113,2,314,734,462,246,63,0,271,293,111,46,50
2015_1,종각역,20899,13920,6979,29,3039,7136,6854,3540,301,7,1131,3886,5547,3125,224,22,1908,3250,1307,415,77
2015_1,종각역 젊음의 거리,1784,905,879,23,445,511,349,249,207,9,184,291,190,110,121,14,261,220,159,139,86
2015_1,서대문구 서대문역_1,2610,858,1752,0,1011,929,433,172,65,0,199,318,200,94,47,0,812,611,233,78,18
2015_1,동대문시장_1,464,241,223,2,76,129,117,108,32,1,30,76,53,59,22,1,46,53,64,49,10
2015_1,시청역_2,24728,15662,9066,97,4734,8597,6975,3384,941,21,1645,5419,5397,2475,705,76,3089,3178,1578,909,236
2015_1,서울시청,27317,12857,14460,118,5536,9677,7529,3128,1329,38,1672,4134,4260,2020,733,80,3864,5543,3269,1108,596
2015_1,서울 중구 을지로3가역_2,8607,5557,3050,18,1472,2483,2055,1669,910,4,629,1575,1540,1121,688,14,843,908,515,548,222
2015_1,서울 중구 신당역_2,1141,609,532,25,460,309,170,114,63,13,216,177,99,56,48,12,244,132,71,58,15
2015_1,서대문구 서대문역_2,2129,1463,666,2,416,890,511,236,74,1,236,665,358,157,46,1,180,225,153,79,28
2015_1,동대문역사문화공원역,4423,2822,1601,9,638,1147,1247,1044,338,1,321,762,819,687,232,8,317,385,428,357,106
2015_1,서울 중구 을지로3가역_1,14987,10348,4639,48,2387,4656,4312,2514,1070,16,1096,3093,3410,1942,791,32,1291,1563,902,572,279
2015_1,명동거리,17364,8956,8408,90,3281,5742,4847,2695,709,29,1088,2357,2998,1992,492,61,2193,3385,1849,703,217
2015_1,롯데백화점,56472,30865,25607,321,8726,20975,17067,8033,1350,133,2960,9357,11209,6215,991,188,5766,11618,5858,1818,359
2015_1,서울 중구 신당역_1,1092,713,379,4,190,289,266,245,98,0,69,164,206,194,80,4,121,125,60,51,18
2015_1,북창동,7491,4768,2723,43,1258,2176,1800,1538,676,8,525,1419,1253,1000,563,35,733,757,547,538,113
2015_1,서울 중구 충무로역_2,16622,7546,9076,77,2792,4900,5437,2422,994,28,1097,2522,2276,1005,618,49,1695,2378,3161,1417,376
2015_1,서울 강서구 송정역,641,452,189,4,67,180,179,130,81,3,36,135,129,89,60,1,31,45,50,41,21
2015_1,장한평역_2,12566,10118,2448,40,902,2438,5558,2666,962,12,555,1948,4792,2080,731,28,347,490,766,586,231
2015_1,시청역_1,60507,36373,24134,499,12608,22984,18121,5668,627,148,5117,13044,13037,4546,481,351,7491,9940,5084,1122,146
2015_1,왕십리역_2,807,411,396,9,138,200,202,173,85,7,25,103,117,106,53,2,113,97,85,67,32
2015_1,서울 강서구 발산역,693,463,230,0,144,217,160,125,47,0,70,138,127,93,35,0,74,79,33,32,12
2015_1,장한평역_1,2557,1712,845,12,238,497,511,474,825,4,90,286,371,333,628,8,148,211,140,141,197
2015_1,서울 중구 충무로역_1,3077,2068,1009,35,579,1096,776,414,177,24,381,833,528,191,111,11,198,263,248,223,66
2015_1,장한평역,2166,1471,695,4,219,491,612,593,247,3,92,346,424,419,187,1,127,145,188,174,60
2015_1,서울 중구 명동역,2870,1326,1544,6,657,1359,566,188,94,3,165,616,350,121,71,3,492,743,216,67,23
2015_1,장충동 족발거리,203,94,109,0,43,61,49,30,20,0,12,31,34,11,6,0,31,30,15,19,14
2015_1,한양시장,218,114,104,0,40,53,56,42,27,0,22,29,30,16,17,0,18,24,26,26,10
2015_1,서울 서대문구 이대역,1261,502,759,28,280,340,289,191,133,6,58,145,125,82,86,22,222,195,164,109,47
2015_1,서울 서대문구 신촌역,2544,1056,1488,25,677,651,545,420,226,12,159,291,283,174,137,13,518,360,262,246,89
2015_1,서울 마포구 홍대입구역_3,956,728,228,3,154,266,224,203,106,0,99,184,165,184,96,3,55,82,59,19,10
2015_1,서울 마포구 홍대입구역_2,2859,1333,1526,13,1026,827,579,282,132,2,209,419,395,203,105,11,817,408,184,79,27
2015_1,홍익대학교 주변,16634,8220,8414,146,4019,5532,3446,1975,1516,63,1479,2823,1816,991,1048,83,2540,2709,1630,984,468
2015_1,서울 광진구 군자역,163,101,62,0,29,54,45,30,5,0,14,36,33,18,0,0,15,18,12,12,5
2015_1,신촌역,249,133,116,1,59,60,57,40,32,0,24,30,35,24,20,1,35,30,22,16,12
2015_1,강서구청,3549,2461,1088,11,528,1097,893,647,373,3,293,829,648,438,250,8,235,268,245,209,123
2015_1,서울 마포구 홍대입구역_1,755,445,310,9,211,277,154,74,30,2,97,152,115,56,23,7,114,125,39,18,7
2015_1,서울 강동구 고덕역,471,273,198,3,67,94,115,124,68,1,21,55,65,77,54,2,46,39,50,47,14
2015_1,서울 강동구 명일역,911,368,543,6,162,173,239,193,138,2,43,66,104,79,74,4,119,107,135,114,64
2015_1,어린이대공원역,99,63,36,1,16,37,20,18,7,0,6,27,14,9,7,1,10,10,6,9,0
2015_1,서울 마포구 공덕역_2,4024,2429,1595,16,651,1361,1146,722,128,11,227,859,818,434,80,5,424,502,328,288,48
2015_1,공덕역,6018,3923,2095,43,1206,1939,1731,970,129,10,472,1199,1281,850,111,33,734,740,450,120,18
2015_1,서울 용산구 숙대입구역,4037,2855,1182,96,872,1645,920,401,103,7,454,1311,751,267,65,89,418,334,169,134,38
2015_1,남영역,14742,6874,7868,1203,5465,3937,2889,1063,185,591,2541,2093,1163,377,109,612,2924,1844,1726,686,76
2015_1,서울 마포구 공덕역_1,4110,2028,2082,33,1152,1252,1041,445,187,23,463,670,532,220,120,10,689,582,509,225,67
2015_1,서울 마포구 마포역_2,1027,598,429,11,176,301,281,193,65,5,81,188,184,98,42,6,95,113,97,95,23
2015_1,서울 광진구 건대입구역_2,2593,911,1682,10,792,1039,383,205,164,2,168,371,169,79,122,8,624,668,214,126,42
2015_1,서울 마포구 마포역_1,9995,6304,3691,31,1798,2738,2162,1893,1373,15,682,1770,1618,1280,939,16,1116,968,544,613,434
2015_1,서울 강동구 천호역_2,3592,1765,1827,27,633,830,797,646,659,13,261,402,362,273,454,14,372,428,435,373,205
2015_1,서울 광진구 건대입구역_1,929,476,453,16,213,277,189,125,109,4,82,152,98,67,73,12,131,125,91,58,36
2015_1,건대입구역,761,426,335,9,209,261,142,96,44,7,97,162,80,43,37,2,112,99,62,53,7
2015_1,서울 광진구 구의역,1239,796,443,6,175,333,281,298,146,5,87,191,194,210,109,1,88,142,87,88,37
2015_1,서울 강동구 천호역,915,422,493,3,173,234,211,174,120,0,40,102,111,96,73,3,133,132,100,78,47
2015_1,당산역_2,5156,3143,2013,14,484,750,916,1294,1698,9,330,589,555,681,979,5,154,161,361,613,719
2015_1,서울 강동구 길동역,1753,1089,664,1,130,401,559,435,227,0,53,254,370,251,161,1,77,147,189,184,66
2015_1,용산 전자상가_5,2148,1643,505,19,381,937,569,185,57,16,260,760,430,135,42,3,121,177,139,50,15
2015_1,당산역_1,1185,764,421,10,241,347,295,182,110,5,100,232,203,132,92,5,141,115,92,50,18
2015_1,서울 광진구 강변역,2105,1732,373,10,110,477,655,521,332,5,49,370,589,445,274,5,61,107,66,76,58
2015_1,용산 전자상가_3,2545,1898,647,17,378,1000,665,318,167,9,234,765,516,246,128,8,144,235,149,72,39
2015_1,서울 용산구 이태원역,815,485,330,37,309,207,133,85,44,16,194,147,75,33,20,21,115,60,58,52,24
2015_1,한남오거리,622,345,277,5,77,157,117,147,119,0,24,101,61,79,80,5,53,56,56,68,39
2015_1,용산 전자상가_2,434,351,83,5,58,185,130,46,10,4,39,157,105,38,8,1,19,28,25,8,2
2015_1,용산구청,66,37,29,2,15,22,20,3,4,1,5,10,16,1,4,1,10,12,4,2,0
2015_1,용산 전자상가_1,8579,6561,2018,51,1333,2975,2579,1329,312,31,728,2214,2191,1163,234,20,605,761,388,166,78
2015_1,국회의사당역_2,38680,21694,16986,1359,10770,12881,8454,3954,1262,615,3623,7542,6350,2723,841,744,7147,5339,2104,1231,421
2015_1,서울 용산구 신용산역,301,120,181,0,42,49,93,76,41,0,10,24,38,28,20,0,32,25,55,48,21
2015_1,국회의사당역_1,5636,4401,1235,0,346,1328,2001,1895,66,0,159,854,1718,1609,61,0,187,474,283,286,5
2015_1,압구정 로데오거리_2,13442,5633,7809,99,4799,4937,2152,962,493,23,1387,2270,1154,505,294,76,3412,2667,998,457,199
2015_1,서울 강남구 압구정역,9601,4532,5069,290,2742,2803,1613,1225,928,137,858,1437,968,627,505,153,1884,1366,645,598,423
2015_1,서울 영등포구 영등포구청역,4439,1339,3100,14,1197,2021,929,207,71,1,190,659,329,102,58,13,1007,1362,600,105,13
2015_1,압구정 로데오거리_1,7547,2409,5138,49,3028,2774,1074,412,210,6,625,926,502,222,128,43,2403,1848,572,190,82
2015_1,서울 강동구 둔촌동역,70,31,39,0,7,19,31,10,3,0,4,8,14,3,2,0,3,11,17,7,1
2015_1,오목교역,246,127,119,4,35,58,73,50,26,1,16,36,35,24,15,3,19,22,38,26,11
2015_1,신사동 가로수길,20872,9829,11043,93,6351,7017,4160,2175,1076,21,1759,3602,2478,1243,726,72,4592,3415,1682,932,350
2015_1,서울 영등포구 여의도역_2,44703,29872,14831,210,7215,17319,13497,5053,1409,27,2794,10930,11027,4300,794,183,4421,6389,2470,753,615
2015_1,청담사거리_3,1298,428,870,4,536,473,168,82,35,1,99,165,93,45,25,3,437,308,75,37,10
2015_1,영등포유통상가,1762,1213,549,4,203,384,384,403,384,2,104,249,258,283,317,2,99,135,126,120,67
2015_1,청담역_2,1739,1351,388,2,302,642,277,168,348,0,157,530,233,122,309,2,145,112,44,46,39
2015_1,청담역_1,190,152,38,2,31,71,49,21,16,2,23,57,42,14,14,0,8,14,7,7,2
2015_1,청담사거리_2,1035,827,208,2,197,424,332,62,18,2,122,340,306,45,12,0,75,84,26,17,6
2015_1,서울 영등포구 여의도역_1,53647,32572,21075,164,7373,16879,18116,9395,1720,36,2778,7656,12884,8017,1201,128,4595,9223,5232,1378,519
2015_1,학동사거리_2,2787,1631,1156,14,635,903,568,461,206,2,195,523,398,344,169,12,440,380,170,117,37
2015_1,서울 영등포구 영등포시장역,350,288,62,1,26,79,101,92,51,1,16,67,79,81,44,0,10,12,22,11,7
2015_1,학동사거리_1,3989,2068,1921,28,1066,1390,733,533,239,10,270,714,495,396,183,18,796,676,238,137,56
2015_1,여의도 시범아파트앞,2382,1586,796,9,308,594,656,517,298,3,131,403,484,371,194,6,177,191,172,146,104
2015_1,영등포역_3,819,500,319,2,141,229,182,193,72,0,39,137,127,146,51,2,102,92,55,47,21
2015_1,도산공원사거리_1,10547,6716,3831,56,2606,4060,2347,1091,387,23,1201,2737,1676,787,292,33,1405,1323,671,304,95
2015_1,영등포역_2,1092,630,462,5,139,201,251,299,197,4,71,115,142,161,137,1,68,86,109,138,60
2015_1,문래동 주민센터,65,54,11,0,6,8,21,17,13,0,3,6,18,14,13,0,3,2,3,3,0
2015_1,강남구 신사역_2,7392,5035,2357,17,1704,3122,1747,583,219,1,788,2188,1419,475,164,16,916,934,328,108,55
2015_1,서울 강남구 강남구청역_2,3847,2363,1484,63,1685,1172,632,218,77,31,901,745,479,160,47,32,784,427,153,58,30
2015_1,강남구 신사역_1,2577,1169,1408,12,816,1042,427,174,106,2,209,487,291,109,71,10,607,555,136,65,35
2015_1,서울 동작구 노량진1동_1,96,42,54,0,4,14,27,44,7,0,2,12,13,13,2,0,2,2,14,31,5
2015_1,서울 강남구 학동역_3,7941,4662,3279,25,1583,2963,1789,1064,517,8,554,1754,1294,697,355,17,1029,1209,495,367,162
2015_1,서울 강남구 강남구청역_1,2799,1689,1110,27,515,823,754,483,197,13,206,472,502,343,153,14,309,351,252,140,44
2015_1,잠실역,5399,4272,1127,9,718,1909,1714,797,252,2,393,1523,1495,662,197,7,325,386,219,135,55
2015_1,강남구 논현역_4,8259,3792,4467,55,2585,2681,1664,797,477,16,657,1394,981,434,310,39,1928,1287,683,363,167
2015_1,학동역,863,428,435,1,233,318,216,68,27,0,73,176,125,40,14,1,160,142,91,28,13
2015_1,방이동 먹자골목,5740,3905,1835,31,801,1739,1558,1162,449,13,451,1205,1132,766,338,18,350,534,426,396,111
2015_1,서울 강남구 학동역_2,5745,2787,2958,34,1504,1914,1075,574,644,11,370,899,620,383,504,23,1134,1015,455,191,140
2015_1,서울 동작구 노량진역,3479,2056,1423,6,311,917,963,982,300,4,99,437,611,719,186,2,212,480,352,263,114
2015_1,삼성역_3,8612,4738,3874,25,2008,3433,1957,953,236,8,485,1780,1506,781,178,17,1523,1653,451,172,58
2015_1,코엑스,20221,11888,8333,119,5504,7047,4853,2125,573,40,1843,4112,3780,1702,411,79,3661,2935,1073,423,162
2015_1,서울 강남구 학동역_1,5812,3565,2247,44,1256,1931,1219,835,527,20,572,1341,771,469,392,24,684,590,448,366,135
2015_1,선정릉역_2,6176,3798,2378,26,1493,2296,1347,668,346,7,567,1444,1021,506,253,19,926,852,326,162,93
2015_1,강남구 논현역_3,1563,846,717,4,336,532,326,264,101,0,113,329,200,137,67,4,223,203,126,127,34
2015_1,포스코사거리_2,7764,4758,3006,20,1526,3437,1811,713,257,6,622,2263,1234,446,187,14,904,1174,577,267,70
2015_1,포스코사거리_1,49635,33021,16614,162,11536,19220,13178,4517,1022,70,5534,13217,10077,3392,731,92,6002,6003,3101,1125,291
2015_1,잠실역 롯데월드,3123,1518,1605,197,1373,593,546,334,80,77,571,311,301,237,21,120,802,282,245,97,59
2015_1,신도림역,3750,2007,1743,18,915,1423,944,374,76,9,332,799,567,239,61,9,583,624,377,135,15
2015_1,강남구 논현역_2,7683,3579,4104,58,2173,2643,1482,900,427,16,613,1423,925,386,216,42,1560,1220,557,514,211
2015_1,선정릉역_1,1391,949,442,6,288,548,307,149,93,0,128,385,239,113,84,6,160,163,68,36,9
2015_1,신천역,5826,3236,2590,17,1070,1540,1376,1013,810,4,395,882,749,596,610,13,675,658,627,417,200
2015_1,강남구 논현역_1,3020,1941,1079,21,629,1125,692,345,208,4,263,759,521,248,146,17,366,366,171,97,62
2015_1,삼성역_2,18025,10706,7319,517,5532,6523,3475,1647,331,293,2430,4197,2469,1058,259,224,3102,2326,1006,589,72
2015_1,삼정역_2,2549,1137,1412,9,686,870,442,329,213,1,156,417,259,186,118,8,530,453,183,143,95
2015_1,삼정역_1,3053,1666,1387,15,727,1038,618,339,316,9,215,571,435,201,235,6,512,467,183,138,81
2015_1,삼성역_1,27273,17706,9567,120,4389,8463,6412,4867,3022,47,1918,5953,4953,2962,1873,73,2471,2510,1459,1905,1149
2015_1,서울 강남구 선릉역_2,6715,4258,2457,57,1325,2131,1487,1080,635,29,606,1427,1111,696,389,28,719,704,376,384,246
2015_1,고속터미널역,14888,4711,10177,84,4970,4986,3203,1349,296,30,827,1680,1269,709,196,54,4143,3306,1934,640,100
2015_1,서울 서초구 강남역,31691,17992,13699,119,7768,10920,7046,3721,2117,53,2800,6632,4633,2452,1422,66,4968,4288,2413,1269,695
2015_1,서울 강남구 선릉역_1,19913,9118,10795,453,7704,5079,3335,2194,1148,252,3072,2961,1349,833,651,201,4632,2118,1986,1361,497
2015_1,선릉역_2,20075,10943,9132,111,5337,6861,4406,2232,1128,45,1947,4036,2814,1282,819,66,3390,2825,1592,950,309
2015_1,서울 강남구 역삼역_2,26587,21017,5570,164,5065,10431,7601,2975,351,106,2822,8106,6929,2794,260,58,2243,2325,672,181,91
2015_1,서울 송파구 석촌역_1,39,26,13,0,4,12,15,6,2,0,2,8,9,5,2,0,2,4,6,1,0
2015_1,서울 강남구 강남역_2,6501,4134,2367,26,1722,2205,1390,922,236,10,734,1396,1113,734,147,16,988,809,277,188,89
2015_1,선릉역_1,55794,29104,26690,318,11848,16117,17077,8520,1914,227,7354,10972,6067,3141,1343,91,4494,5145,11010,5379,571
2015_1,구로역,159,90,69,0,18,19,20,16,86,0,1,4,10,9,66,0,17,15,10,7,20
2015_1,역삼역_2,4222,2356,1866,22,1088,1488,1116,394,114,7,374,1014,661,230,70,15,714,474,455,164,44
2015_1,대림역_2,6710,5211,1499,11,1256,2057,1340,1307,739,5,1001,1806,1080,872,447,6,255,251,260,435,292
2015_1,서울 강남구 역삼역_1,25306,15913,9393,166,5991,10205,5477,2348,1119,68,2640,6755,4052,1587,811,98,3351,3450,1425,761,308
2015_1,신대방삼거리역,281,158,123,0,29,64,54,66,68,0,10,42,39,37,30,0,19,22,15,29,38
2015_1,서울 강남구 한티역,1228,472,756,11,322,384,257,159,95,5,83,143,117,69,55,6,239,241,140,90,40
2015_1,은마아파트입구사거리_4,64,36,28,0,10,20,21,6,7,0,3,12,13,2,6,0,7,8,8,4,1
2015_1,오류동역,1287,695,592,7,140,187,353,364,236,3,53,106,176,195,162,4,87,81,177,169,74
2015_1,서울 강남구 강남역,39828,18763,21065,147,9990,13126,8895,5695,1975,69,3052,7077,5716,2075,774,78,6938,6049,3179,3620,1201
2015_1,교대역_4,4449,2599,1850,12,826,1400,1124,690,397,4,233,752,784,504,322,8,593,648,340,186,75
2015_1,서울 강남구 강남역_1,137569,100157,37412,1117,37414,61630,28961,7500,947,689,18517,46797,26578,6845,731,428,18897,14833,2383,655,216
2015_1,방배동카페골목,94,37,57,0,10,15,28,22,19,0,4,8,14,2,9,0,6,7,14,20,10
2015_1,가락시장,15202,9877,5325,117,2839,3945,3891,2945,1465,59,1457,2775,2732,1815,1039,58,1382,1170,1159,1130,426
2015_1,교대역_3,4476,2802,1674,12,648,1338,1284,760,434,1,151,687,959,621,383,11,497,651,325,139,51
2015_1,역삼역_1,1643,923,720,11,352,486,395,234,165,4,104,303,262,142,108,7,248,183,133,92,57
2015_1,교대역_2,3170,2031,1139,5,601,1123,825,418,198,1,238,750,606,290,146,4,363,373,219,128,52
2015_1,서울 송파구 가락시장역,5173,3309,1864,15,853,1657,1306,874,468,10,395,1056,920,568,360,5,458,601,386,306,108
2015_1,서울 서초구 서초역,11116,4771,6345,130,4095,3165,2103,1202,421,59,1456,1309,1005,647,295,71,2639,1856,1098,555,126
2015_1,서울 강남구 대치역_2,1317,835,482,0,166,522,414,132,83,0,48,303,318,95,71,0,118,219,96,37,12
2015_1,뱅뱅사거리_2,24958,15499,9459,819,5743,7613,6236,3109,1438,365,2647,5007,4420,2080,980,454,3096,2606,1816,1029,458
2015_1,보라매공원,14400,8379,6021,119,2993,5551,3827,1225,685,57,1399,2981,2522,931,489,62,1594,2570,1305,294,196
2015_1,교대역_1,13457,7785,5672,71,2725,4553,3417,1897,794,22,901,2629,2315,1290,628,49,1824,1924,1102,607,166
2015_1,개봉동 현대아파트 인근,166,86,80,0,10,36,41,56,23,0,3,11,21,38,13,0,7,25,20,18,10
2015_1,뱅뱅사거리,10173,7139,3034,44,3527,4111,1613,652,226,9,2166,3108,1203,472,181,35,1361,1003,410,180,45
2015_1,뱅뱅사거리_1,9338,6677,2661,10,1497,3139,2359,1564,769,7,731,2356,1899,1157,527,3,766,783,460,407,242
2015_1,서울 관악구 신림역_4,855,429,426,4,152,195,203,185,116,2,43,105,100,99,80,2,109,90,103,86,36
2015_1,동작구 총신대입구역_1,245,128,117,2,28,52,59,65,39,2,10,23,33,37,23,0,18,29,26,28,16
2015_1,양재역_3,3267,2264,1003,12,651,1168,781,426,229,4,377,786,584,327,186,8,274,382,197,99,43
2015_1,동작구 총신대입구역_2,1129,580,549,5,281,332,262,153,96,2,89,191,144,85,69,3,192,141,118,68,27
2015_1,서울 서초구 남부터미널역_3,1667,1003,664,10,317,483,430,279,148,2,123,300,299,174,105,8,194,183,131,105,43
2015_1,서울 강남구 수서역,18539,10863,7676,60,3174,6416,4751,2652,1486,42,1534,3900,2548,1577,1262,18,1640,2516,2203,1075,224
2015_1,서울 서초구 남부터미널역_2,9872,5113,4759,32,2173,2824,2510,1446,887,13,903,1588,1273,720,616,19,1270,1236,1237,726,271
2015_1,구로디지탈1단지,64034,42207,21827,423,15388,25657,14195,5869,2502,246,7735,17954,10123,4129,2020,177,7653,7703,4072,1740,482
2015_1,양재역,138,74,64,0,27,56,32,17,6,0,8,28,21,12,5,0,19,28,11,5,1
2015_1,매봉역,298,153,145,0,98,101,40,41,18,0,27,64,24,28,10,0,71,37,16,13,8
2015_1,서울 서초구 방배역,4018,2386,1632,71,933,1000,747,677,590,24,402,622,482,382,474,47,531,378,265,295,116
2015_1,서울 서초구 남부터미널역_1,692,488,204,1,89,239,206,113,44,0,38,173,158,79,40,1,51,66,48,34,4
2015_1,서울 관악구 신림역_2,27,13,14,0,2,3,6,8,8,0,1,3,4,1,4,0,1,0,2,7,4
2015_1,서울 관악구 신림역_1,1715,822,893,34,261,306,306,370,438,13,111,156,130,155,257,21,150,150,176,215,181
2015_1,양재역_2,8352,4652,3700,89,1908,3179,1931,812,433,34,727,1968,1180,439,304,55,1181,1211,751,373,129
2015_1,양재역_1,859,580,279,1,95,235,253,205,70,0,34,127,171,183,65,1,61,108,82,22,5
2015_1,서울 관악구 서울대입구역_2,40,3,37,0,17,5,11,6,1,0,1,1,0,1,0,0,16,4,11,5,1
2015_1,가산디지털단지역_3,28758,17451,11307,149,6463,10478,6976,3406,1286,98,3129,6959,4345,1963,957,51,3334,3519,2631,1443,329
2015_1,구로디지털단지역,2625,1781,844,16,542,893,746,308,120,12,272,608,585,217,87,4,270,285,161,91,33
2015_1,서울 관악구 서울대입구역_1,1854,820,1034,6,382,464,469,278,255,2,89,190,220,147,172,4,293,274,249,131,83
2015_1,관악구 사당역_1,3768,1635,2133,11,386,691,1225,945,510,9,192,360,347,320,407,2,194,331,878,625,103
2015_1,가산디지털단지역_2,56775,34252,22523,2826,16277,19013,11396,4739,2524,1167,7821,12644,7726,2879,2015,1659,8456,6369,3670,1860,509
2015_1,관악구 사당역_2,413,201,212,6,79,94,91,75,68,2,30,43,52,36,38,4,49,51,39,39,30
2015_1,가산디지털단지역_1,24703,16670,8033,223,4567,7866,5845,3657,2545,108,2441,5747,4243,2391,1740,115,2126,2119,1602,1266,805
2015_1,장지역,3724,2353,1371,22,543,1208,988,623,340,14,251,776,680,392,240,8,292,432,308,231,100
2015_1,포이사거리_1,5713,3053,2660,17,887,1787,1839,975,208,6,496,1128,846,443,134,11,391,659,993,532,74
2015_1,포이사거리_2,7681,5038,2643,24,1106,2520,2250,1317,464,12,539,1644,1550,927,366,12,567,876,700,390,98
2015_1,서울 관악구 대학동_1,72,45,27,3,14,15,19,10,11,1,5,8,16,6,9,2,9,7,3,4,2
2015_1,서울 금천구 독산1동_1,2638,1920,718,10,318,670,692,622,326,5,171,475,496,495,278,5,147,195,196,127,48
2015_1,양재 화물트럭터미널앞_2,204,93,111,1,48,85,50,13,7,1,20,27,31,10,4,0,28,58,19,3,3
2015_1,양재 화물트럭터미널앞_1,4406,3418,988,126,1123,1347,837,701,272,58,718,1087,702,607,246,68,405,260,135,94,26
2015_1,서울 금천구 시흥1동_4,914,459,455,14,161,175,198,227,139,9,60,79,92,130,89,5,101,96,106,97,50
2015_1,풍성로37가길,38,18,20,0,1,8,14,10,5,0,1,6,7,2,2,0,0,2,7,8,3
2015_1,천호옛길,559,390,169,2,111,179,137,71,59,1,71,127,99,47,45,1,40,52,38,24,14
2015_1,천호옛14길,597,290,307,22,132,115,139,116,73,7,47,59,81,54,42,15,85,56,58,62,31
2015_1,천호대로219길,872,513,359,3,68,174,266,295,66,1,35,102,153,176,46,2,33,72,113,119,20
2015_1,천호대로197길,22,8,14,0,4,3,7,5,3,0,0,2,2,2,2,0,4,1,5,3,1
2015_1,천호대로187길,781,480,301,0,92,199,231,181,78,0,34,131,146,109,60,0,58,68,85,72,18
2015_1,천호대로170길,385,151,234,0,31,75,137,103,39,0,17,44,44,28,18,0,14,31,93,75,21
2015_1,천호대로162길,913,660,253,6,168,357,209,117,56,2,93,286,154,88,37,4,75,71,55,29,19
2015_1,천중로51길,393,213,180,1,66,94,114,76,42,0,25,54,60,40,34,1,41,40,54,36,8
2015_1,천중로39길,642,238,404,0,50,101,131,172,188,0,18,38,34,64,84,0,32,63,97,108,104
2015_1,진황도로47길,1090,585,505,16,168,176,207,264,259,15,129,112,96,67,166,1,39,64,111,197,93
2015_1,진황도로27길,400,237,163,0,40,138,106,82,34,0,21,91,60,41,24,0,19,47,46,41,10
2015_1,올림픽로98길,34,17,17,0,2,7,14,11,0,0,1,4,7,5,0,0,1,3,7,6,0
2015_1,올림픽로77길,8,4,4,0,0,2,4,0,2,0,0,1,2,0,1,0,0,1,2,0,1
2015_1,올림픽로71길,235,164,71,0,35,57,61,54,28,0,21,40,47,33,23,0,14,17,14,21,5
2015_1,올림픽로48길,5558,3416,2142,11,492,1355,1442,1245,1013,6,191,714,825,906,774,5,301,641,617,339,239
2015_1,양재대로96길,1325,794,531,4,115,207,297,401,301,4,62,123,161,243,201,0,53,84,136,158,100
2015_1,양재대로95길,593,327,266,10,101,129,127,152,74,2,40,74,69,87,55,8,61,55,58,65,19
2015_1,양재대로91길,1017,554,463,1,94,182,257,250,233,1,29,105,144,148,127,0,65,77,113,102,106
2015_1,양재대로133길,257,100,157,1,37,56,65,72,26,0,15,25,32,21,7,1,22,31,33,51,19
2015_1,양재대로124길,554,342,212,2,60,158,115,112,107,2,22,117,58,67,76,0,38,41,57,45,31
2015_1,양재대로116길,196,84,112,0,27,47,72,32,18,0,12,21,28,14,9,0,15,26,44,18,9
2015_1,양재대로101길,1294,750,544,2,136,257,307,297,295,1,33,141,186,169,220,1,103,116,121,128,75
2015_1,암사길,361,153,208,3,33,119,107,80,19,1,6,53,42,38,13,2,27,66,65,42,6
2015_1,성안로3길,1308,768,540,13,240,371,351,245,88,6,100,222,213,155,72,7,140,149,138,90,16
2015_1,성내로5길,952,526,426,1,154,267,269,216,45,0,49,143,169,131,34,1,105,124,100,85,11
2015_1,상일로5길,40,24,16,0,4,4,18,10,4,0,2,2,9,7,4,0,2,2,9,3,0
2015_1,상암로5길,451,215,236,13,88,123,131,65,31,11,25,70,59,34,16,2,63,53,72,31,15
2015_1,상암로51길,704,310,394,0,123,145,166,167,103,0,30,72,81,62,65,0,93,73,85,105,38
2015_1,상암로4길,207,163,44,0,55,56,57,31,8,0,42,39,50,26,6,0,13,17,7,5,2
2015_1,상암로14길,397,233,164,3,49,106,100,89,50,3,17,61,54,64,34,0,32,45,46,25,16
2015_1,명일로13길,120,54,66,0,4,21,29,62,4,0,1,7,11,32,3,0,3,14,18,30,1
2015_1,동남로85길,131,72,59,0,17,27,45,33,9,0,10,16,24,20,2,0,7,11,21,13,7
2015_1,동남로82길,9,4,5,0,0,2,5,2,0,0,0,0,3,1,0,0,0,2,2,1,0
2015_1,동남로65길,85,30,55,0,11,11,28,23,12,0,5,4,9,10,2,0,6,7,19,13,10
2015_1,구천면로42길,359,176,183,0,37,99,99,83,41,0,13,50,51,38,24,0,24,49,48,45,17
2015_1,구천면로41길,577,252,325,1,100,165,164,107,40,1,29,76,82,40,24,0,71,89,82,67,16
2015_1,구천면로36길,36,19,17,1,1,8,11,12,3,0,0,7,4,5,3,1,1,1,7,7,0
2015_1,고덕로25길,4,2,2,0,0,1,3,0,0,0,0,0,2,0,0,0,0,1,1,0,0
2015_1,고덕로10길,152,73,79,0,15,32,42,41,22,0,8,19,19,15,12,0,7,13,23,26,10
2015_1,강동대로53길,805,455,350,2,135,247,213,163,45,1,53,153,122,96,30,1,82,94,91,67,15
2015_1,풍성로25길,1034,390,644,4,192,294,290,172,82,0,42,116,115,75,42,4,150,178,175,97,40
2015_1,오금로46길,1372,708,664,10,243,410,364,275,70,3,76,218,204,157,50,7,167,192,160,118,20
2015_1,오금로36길,1626,1297,329,12,339,543,510,190,32,2,221,437,451,158,28,10,118,106,59,32,4
2015_1,오금로11길,2355,1556,799,12,342,684,491,470,356,6,158,435,338,324,295,6,184,249,153,146,61
2015_1,양재대로72길,626,343,283,2,105,163,155,138,63,1,39,98,76,77,52,1,66,65,79,61,11
2015_1,양재대로71길,1049,657,392,0,192,305,265,171,116,0,69,182,192,126,88,0,123,123,73,45,28
2015_1,양재대로64길,1543,651,892,13,444,586,338,110,52,6,102,238,195,73,37,7,342,348,143,37,15
2015_1,양재대로62길,5347,3258,2089,8,211,462,494,842,3330,5,96,314,273,394,2176,3,115,148,221,448,1154
2015_1,송파대로30길,1618,1041,577,11,252,461,431,314,149,3,132,316,296,193,101,8,120,145,135,121,48
2015_1,송이로36길,1928,1398,530,15,323,462,497,419,212,8,205,325,367,318,175,7,118,137,130,101,37
2015_1,송이로32길,747,412,335,3,82,181,227,177,77,2,34,101,123,97,55,1,48,80,104,80,22
2015_1,송이로23길,1756,991,765,3,240,445,445,333,290,0,105,283,219,162,222,3,135,162,226,171,68
2015_1,삼전로13길,1693,1007,686,6,258,391,446,349,243,5,105,233,259,220,185,1,153,158,187,129,58
2015_1,백제고분로50길,3318,1625,1693,12,517,680,811,986,312,9,239,477,427,344,129,3,278,203,384,642,183
2015_1,백제고분로46길,1576,1014,562,6,213,408,452,311,186,2,109,250,303,215,135,4,104,158,149,96,51
2015_1,백제고분로45길,467,316,151,3,77,142,118,99,28,3,49,91,84,67,22,0,28,51,34,32,6
2015_1,백제고분로42길,214,163,51,1,17,32,41,42,81,0,13,17,29,30,74,1,4,15,12,12,7
2015_1,백제고분로39길,1211,918,293,5,251,585,241,101,28,2,207,501,128,62,18,3,44,84,113,39,10
2015_1,백제고분로34길,1572,1031,541,3,166,418,453,304,228,1,84,282,297,198,169,2,82,136,156,106,59
2015_1,백제고분로33길,807,500,307,2,110,234,232,154,75,2,39,134,159,104,62,0,71,100,73,50,13
2015_1,백제고분로32길,1061,473,588,5,147,254,289,277,89,3,49,128,135,103,55,2,98,126,154,174,34
2015_1,백제고분로31길,298,192,106,0,33,85,102,56,22,0,19,53,67,38,15,0,14,32,35,18,7
2015_1,백제고분로22길,1071,628,443,2,120,259,326,248,116,0,41,163,185,153,86,2,79,96,141,95,30
2015_1,백제고분로21길,200,137,63,0,35,55,49,43,18,0,20,34,31,34,18,0,15,21,18,9,0
2015_1,마천로51길,119,46,73,0,19,21,30,34,15,0,5,9,8,13,11,0,14,12,22,21,4
2015_1,동남로20길,173,95,78,2,14,47,59,38,13,1,5,22,39,23,5,1,9,25,20,15,8
2015_1,거마로20길,361,162,199,1,44,124,110,61,21,0,11,59,54,29,9,1,33,65,56,32,12
2015_1,학동로77길,2908,1547,1361,6,284,674,734,824,386,4,61,252,343,608,279,2,223,422,391,216,107
2015_1,학동로6길,1950,1056,894,7,442,706,444,234,117,1,180,434,251,107,83,6,262,272,193,127,34
2015_1,학동로56길,979,599,380,0,103,285,270,245,76,0,34,154,165,183,63,0,69,131,105,62,13
2015_1,학동로38길,6847,4556,2291,49,1586,2130,1510,983,589,28,662,1464,1184,777,441,21,924,666,326,206,148
2015_1,테헤란로81길,556,131,425,14,221,218,73,16,14,1,44,48,16,11,11,13,177,170,57,5,3
2015_1,일원로9길,491,265,226,3,45,84,114,119,126,2,24,42,59,54,84,1,21,42,55,65,42
2015_1,일원로3길,228,103,125,1,17,50,56,64,40,1,11,32,28,21,10,0,6,18,28,43,30
2015_1,영동대로65길,2938,1785,1153,9,549,1096,682,389,213,2,222,694,484,237,146,7,327,402,198,152,67
2015_1,영동대로112길,648,464,184,7,138,246,135,78,44,2,86,190,110,46,30,5,52,56,25,32,14
2015_1,언주로81길,8337,3850,4487,47,2875,2845,1570,671,329,9,736,1506,959,419,221,38,2139,1339,611,252,108
2015_1,압구정로2길,2863,1599,1264,29,657,1043,682,313,139,4,257,608,426,192,112,25,400,435,256,121,27
2015_1,선릉로18길,512,311,201,2,51,108,132,142,77,1,25,64,79,91,51,1,26,44,53,51,26
2015_1,선릉로146길,1771,962,809,8,430,725,358,177,73,5,175,420,232,83,47,3,255,305,126,94,26
2015_1,선릉로133길,150,80,70,0,22,48,41,21,18,0,4,27,22,12,15,0,18,21,19,9,3
2015_1,선릉로132길,964,506,458,4,195,290,174,185,116,1,50,130,106,127,92,3,145,160,68,58,24
2015_1,선릉로121길,2002,1048,954,3,450,623,398,235,293,2,154,381,219,120,172,1,296,242,179,115,121
2015_1,삼성로75길,2581,1382,1199,19,635,798,557,369,203,4,191,415,367,248,157,15,444,383,190,121,46
2015_1,삼성로69길,261,139,122,1,47,92,69,43,9,0,17,47,43,25,7,1,30,45,26,18,2
2015_1,삼성로64길,563,300,263,2,132,187,131,78,33,2,46,109,84,37,22,0,86,78,47,41,11
2015_1,삼성로63길,157,80,77,0,21,29,55,38,14,0,3,14,30,21,12,0,18,15,25,17,2
2015_1,삼성로57길,892,286,606,2,186,344,195,109,56,1,44,95,72,37,37,1,142,249,123,72,19
2015_1,삼성로147길,973,413,560,4,316,379,151,94,29,0,89,169,81,57,17,4,227,210,70,37,12
2015_1,삼성로115길,323,200,123,3,101,105,66,32,16,0,52,72,45,22,9,3,49,33,21,10,7
2015_1,봉은사로68길,205,98,107,1,56,77,41,21,9,1,17,36,24,14,6,0,39,41,17,7,3
2015_1,봉은사로57길,570,399,171,0,94,195,174,74,33,0,43,131,134,62,29,0,51,64,40,12,4
2015_1,봉은사로43길,980,607,373,0,236,378,217,99,50,0,114,248,156,57,32,0,122,130,61,42,18
2015_1,봉은사로29길,152,106,46,0,49,58,27,10,8,0,32,42,20,8,4,0,17,16,7,2,4
2015_1,봉은사로109길,296,173,123,1,62,79,64,43,47,0,26,52,36,26,33,1,36,27,28,17,14
2015_1,도산대로89길,2362,959,1403,23,732,877,435,196,99,0,184,367,239,110,59,23,548,510,196,86,40
2015_1,도산대로81길,4366,1461,2905,59,1592,1535,775,270,135,12,419,539,284,120,87,47,1173,996,491,150,48
2015_1,도산대로50길,2784,2120,664,38,544,542,638,689,333,30,345,437,547,567,194,8,199,105,91,122,139
2015_1,도산대로38길,183,104,79,2,55,61,32,24,9,0,22,41,19,18,4,2,33,20,13,6,5
2015_1,도산대로30길,2890,1395,1495,4,848,1100,585,262,91,0,289,557,344,141,64,4,559,543,241,121,27
2015_1,도산대로23길,1211,743,468,1,316,382,241,165,106,0,126,218,171,134,94,1,190,164,70,31,12
2015_1,도산대로15길,1941,931,1010,2,615,690,344,186,104,0,201,384,189,87,70,2,414,306,155,99,34
2015_1,도곡로37길,3222,2145,1077,9,584,1222,805,415,187,5,276,829,594,299,142,4,308,393,211,116,45
2015_1,논현로8길,766,411,355,3,134,229,192,167,41,1,67,153,89,74,27,2,67,76,103,93,14
2015_1,논현로63길,9193,2592,6601,129,1406,2042,4062,1364,190,63,588,842,574,363,162,66,818,1200,3488,1001,28
2015_1,논현로28길,12605,9231,3374,33,2796,5558,2719,1112,387,15,1579,4012,2329,951,345,18,1217,1546,390,161,42
2015_1,논현로26길,6233,3911,2322,8,941,1661,1202,941,1480,3,571,1297,898,519,623,5,370,364,304,422,857
2015_1,논현로139길,1814,1058,756,7,438,608,376,191,194,1,186,379,247,99,146,6,252,229,129,92,48
2015_1,논현로123길,104,62,42,1,23,35,24,18,3,1,9,25,15,10,2,0,14,10,9,8,1
2015_1,논현로115길,3447,2020,1427,27,895,1293,654,351,227,6,368,758,471,246,171,21,527,535,183,105,56
2015_1,논현로10길,2254,1448,806,7,244,573,626,453,351,5,121,377,399,284,262,2,123,196,227,169,89
2015_1,논현로106길,2940,1582,1358,4,443,825,834,512,322,3,172,524,423,244,216,1,271,301,411,268,106
2015_1,남부순환로365길,198,151,47,4,30,50,67,27,20,4,18,34,53,24,18,0,12,16,14,3,2
2015_1,개포로28길,315,234,81,0,38,105,83,60,29,0,18,91,61,45,19,0,20,14,22,15,10
2015_1,개포로20길,4241,2386,1855,25,700,1104,1166,806,440,17,246,706,628,453,336,8,454,398,538,353,104
2015_1,개포로17길,3350,2000,1350,13,796,1039,801,486,215,5,316,634,540,338,167,8,480,405,261,148,48
2015_1,강남대로140길,4115,2275,1840,30,848,1264,824,787,362,7,284,724,521,436,303,23,564,540,303,351,59
2015_1,강남대로136길,1242,729,513,3,297,475,283,107,77,2,117,300,183,67,60,1,180,175,100,40,17
2015_1,강남대로118길,591,332,259,1,98,160,120,97,115,1,40,88,75,51,77,0,58,72,45,46,38
2015_1,서초중앙로8길,5997,4563,1434,22,1050,1938,1633,1098,256,8,595,1521,1366,878,195,14,455,417,267,220,61
2015_1,방배중앙로21길,2083,800,1283,4,244,312,612,664,247,2,112,205,189,130,162,2,132,107,423,534,85
2015_1,효령로72길,188,108,80,0,37,42,44,44,21,0,4,24,34,27,19,0,33,18,10,17,2
2015_1,효령로34길,73,26,47,0,7,11,19,33,3,0,5,6,5,8,2,0,2,5,14,25,1
2015_1,효령로31길,1345,842,503,8,256,490,332,188,71,5,113,320,220,128,56,3,143,170,112,60,15
2015_1,효령로23길,678,426,252,4,123,192,193,119,47,1,59,123,130,72,41,3,64,69,63,47,6
2015_1,청두곶길,2049,1471,578,93,522,523,422,256,233,52,330,408,293,178,210,41,192,115,129,78,23
2015_1,주흥길,348,227,121,0,75,120,90,46,17,0,36,75,68,36,12,0,39,45,22,10,5
2015_1,주흥15길,1484,960,524,3,248,455,291,210,277,1,113,333,215,131,167,2,135,122,76,79,110
2015_1,언남길,1943,1442,501,6,292,786,542,215,102,4,160,626,406,159,87,2,132,160,136,56,15
2015_1,신반포로45길,427,276,151,2,87,126,82,49,81,2,27,95,58,39,55,0,60,31,24,10,26
2015_1,서초대로8길,253,168,85,0,25,87,71,44,26,0,15,60,47,28,18,0,10,27,24,16,8
2015_1,서초대로64길,508,348,160,0,93,156,124,76,59,0,42,106,96,59,45,0,51,50,28,17,14
2015_1,서초대로4길,809,582,227,3,136,248,146,104,172,0,82,179,124,61,136,3,54,69,22,43,36
2015_1,서초대로25길,3646,2252,1394,45,770,1114,918,597,202,16,375,691,612,408,150,29,395,423,306,189,52
2015_1,서초대로23길,989,499,490,4,114,216,258,196,201,2,38,136,112,75,136,2,76,80,146,121,65
2015_1,서초대로15길,1085,499,586,9,190,406,273,141,66,4,50,200,138,64,43,5,140,206,135,77,23
2015_1,사평대로57길,201,87,114,1,52,74,40,19,15,1,11,33,28,10,4,0,41,41,12,9,11
2015_1,사평대로26길,15,10,5,0,0,3,6,3,3,0,0,1,5,2,2,0,0,2,1,1,1
2015_1,사평대로22길,1239,691,548,5,301,393,309,151,80,2,119,250,191,86,43,3,182,143,118,65,37
2015_1,사임당로17길,1513,983,530,7,278,595,328,193,112,6,101,418,228,145,85,1,177,177,100,48,27
2015_1,방배로42길,206,105,101,1,60,53,44,27,21,0,10,27,33,19,16,1,50,26,11,8,5
2015_1,방배로35길,2186,1410,776,8,372,599,503,383,321,5,183,394,330,252,246,3,189,205,173,131,75
2015_1,방배로18길,76,39,37,0,20,17,18,12,9,0,9,12,10,3,5,0,11,5,8,9,4
2015_1,반포대로9길,700,494,206,7,139,228,172,92,62,3,83,171,125,68,44,4,56,57,47,24,18
2015_1,바우뫼로39길,3210,2005,1205,8,297,598,484,443,1380,3,144,380,322,263,893,5,153,218,162,180,487
2015_1,마방로2길,3571,2329,1242,32,552,1129,963,707,188,14,250,766,688,475,136,18,302,363,275,232,52
2015_1,방배천로4안길,1687,1015,672,6,364,410,429,355,123,0,87,261,321,265,81,6,277,149,108,90,42
2015_1,동산로19길,1414,968,446,5,198,451,397,239,124,1,103,327,286,176,75,4,95,124,111,63,49
2015_1,동산로10길,2104,1232,872,5,281,521,575,515,207,4,122,345,316,298,147,1,159,176,259,217,60
2015_1,동광로39길,45,27,18,0,8,9,12,5,11,0,8,4,5,3,7,0,0,5,7,2,4
2015_1,동광로1길,1370,791,579,2,150,389,369,263,197,1,66,240,204,149,131,1,84,149,165,114,66
2015_1,동광로12길,704,476,228,1,111,207,194,133,58,1,57,143,136,95,44,0,54,64,58,38,14
2015_1,논현로27길,3580,2596,984,13,567,1014,1059,635,292,6,305,706,831,506,242,7,262,308,228,129,50
2015_1,논현로1길,569,342,227,0,97,162,150,108,52,0,51,102,109,52,28,0,46,60,41,56,24
2015_1,남부순환로339길,11844,5467,6377,213,4240,2614,2422,1664,691,95,1840,1620,888,595,429,118,2400,994,1534,1069,262
2015_1,남부순환로325길,7798,4195,3603,58,1434,2641,2036,1255,374,23,482,1413,1250,721,306,35,952,1228,786,534,68
2015_1,남부순환로317길,1656,1259,397,3,381,662,335,174,101,3,209,556,285,141,65,0,172,106,50,33,36
2015_1,고무래로8길,6372,3495,2877,11,941,2151,1650,989,630,2,291,1102,1058,653,389,9,650,1049,592,336,241
2015_1,강남대로8길,3076,2063,1013,10,321,943,1011,560,231,7,161,665,727,346,157,3,160,278,284,214,74
2015_1,강남대로34길,929,643,286,0,200,390,200,89,50,0,111,261,152,74,45,0,89,129,48,15,5
2015_1,강남대로23길,6442,4856,1586,40,1021,1861,1757,1277,486,37,689,1445,1420,943,322,3,332,416,337,334,164
2015_1,소담길,28,8,20,0,4,7,7,7,3,0,1,1,3,0,3,0,3,6,4,7,0
2015_1,원신길,276,116,160,0,56,75,54,60,31,0,7,36,21,32,20,0,49,39,33,28,11
2015_1,양산길,460,333,127,1,38,55,96,140,130,0,11,28,64,110,120,1,27,27,32,30,10
2015_1,호암로24길,560,216,344,1,69,116,136,155,83,1,20,66,43,41,45,0,49,50,93,114,38
2015_1,호암로20길,41,26,15,0,3,8,11,11,8,0,3,6,6,4,7,0,0,2,5,7,1
2015_1,행운길,87,54,33,1,18,29,15,14,10,1,10,25,9,6,3,0,8,4,6,8,7
2015_1,행운1길,60,40,20,0,4,20,20,9,7,0,1,14,14,4,7,0,3,6,6,5,0
2015_1,청림3길,30,18,12,0,4,13,8,2,3,0,1,9,5,1,2,0,3,4,3,1,1
2015_1,청룡길,141,63,78,0,50,50,25,10,6,0,13,22,19,6,3,0,37,28,6,4,3
2015_1,청룡8길,11,7,4,0,0,3,1,4,3,0,0,2,1,2,2,0,0,1,0,2,1
2015_1,중앙길,303,102,201,2,36,58,81,85,41,0,3,23,32,25,19,2,33,35,49,60,22
2015_1,조원중앙로2길,1108,767,341,2,107,284,351,293,71,0,71,166,264,225,41,2,36,118,87,68,30
2015_1,조원로18길,964,484,480,4,125,227,265,222,121,0,42,125,135,117,65,4,83,102,130,105,56
2015_1,조원로10길,252,116,136,0,46,51,60,53,42,0,12,24,22,30,28,0,34,27,38,23,14
2015_1,장군봉2길,335,136,199,1,36,91,91,89,27,1,10,31,33,42,19,0,26,60,58,47,8
2015_1,장군봉1길,96,15,81,0,13,31,31,18,3,0,3,1,7,2,2,0,10,30,24,16,1
2015_1,인헌길,86,42,44,0,9,21,23,20,13,0,3,14,6,9,10,0,6,7,17,11,3
2015_1,은천로25길,295,104,191,3,67,81,69,40,35,0,9,26,27,20,22,3,58,55,42,20,13
2015_1,양녕로6길,814,515,299,3,106,217,233,153,102,2,48,132,164,106,63,1,58,85,69,47,39
2015_1,신원로3길,15,12,3,0,1,5,6,2,1,0,1,4,6,0,1,0,0,1,0,2,0
2015_1,신사로20길,52,27,25,0,13,10,14,11,4,0,2,8,8,6,3,0,11,2,6,5,1
2015_1,신림로64길,205,113,92,2,23,68,72,27,13,1,13,37,38,14,10,1,10,31,34,13,3
2015_1,신림로48길,82,48,34,0,11,20,28,15,8,0,2,13,17,9,7,0,9,7,11,6,1
2015_1,신림로38길,50,23,27,0,4,15,22,6,3,0,2,8,7,5,1,0,2,7,15,1,2
2015_1,신림로28길,302,211,91,0,18,45,85,99,55,0,2,24,53,81,51,0,16,21,32,18,4
2015_1,신림로11길,458,424,34,0,10,43,182,185,38,0,6,36,168,176,38,0,4,7,14,9,0
2015_1,신림동길,443,271,172,1,52,81,89,82,138,1,23,53,47,41,106,0,29,28,42,41,32
2015_1,승방길,497,317,180,0,58,197,138,70,34,0,26,143,90,37,21,0,32,54,48,33,13
2015_1,서림7길,239,90,149,1,16,74,62,71,15,1,7,26,19,27,10,0,9,48,43,44,5
2015_1,봉천로33길,423,279,144,7,61,109,101,73,72,3,29,72,71,50,54,4,32,37,30,23,18
2015_1,봉천로13길,201,62,139,0,21,57,58,50,15,0,3,14,18,17,10,0,18,43,40,33,5
2015_1,복은길,178,61,117,1,16,35,41,51,34,1,3,11,15,22,9,0,13,24,26,29,25
2015_1,법원단지9길,70,29,41,0,15,18,17,13,7,0,6,12,3,4,4,0,9,6,14,9,3
2015_1,미성5길,51,26,25,0,2,7,17,12,13,0,0,2,6,7,11,0,2,5,11,5,2
2015_1,대학길,59,30,29,0,9,20,8,18,4,0,5,10,3,9,3,0,4,10,5,9,1
2015_1,대학14길,11,2,9,0,0,1,3,1,6,0,0,1,1,0,0,0,0,0,2,1,6
2015_1,당곡길,329,154,175,1,30,81,107,54,56,1,7,33,44,25,44,0,23,48,63,29,12
2015_1,남현길,233,80,153,0,37,61,60,53,22,0,7,18,22,19,14,0,30,43,38,34,8
2015_1,남현3길,600,353,247,0,50,107,121,173,149,0,15,64,78,105,91,0,35,43,43,68,58
2015_1,남부순환로248길,248,125,123,0,38,70,70,55,15,0,11,39,29,38,8,0,27,31,41,17,7
2015_1,남부순환로234길,136,90,46,0,9,34,46,33,14,0,5,26,30,19,10,0,4,8,16,14,4
2015_1,남부순환로172길,1631,911,720,2,186,276,396,409,362,0,42,164,223,246,236,2,144,112,173,163,126
2015_1,남부순환로161길,16,4,12,0,0,2,9,5,0,0,0,0,2,2,0,0,0,2,7,3,0
2015_1,남부순환로151길,169,96,73,0,17,30,34,42,46,0,10,16,20,19,31,0,7,14,14,23,15
2015_1,남부순환로142길,77,28,49,0,3,18,29,17,10,0,1,6,8,9,4,0,2,12,21,8,6
2015_1,난향길,165,43,122,0,24,33,55,39,14,0,3,4,21,5,10,0,21,29,34,34,4
2015_1,난우길,460,204,256,0,54,88,122,115,81,0,22,30,63,46,43,0,32,58,59,69,38
2015_1,난곡로74길,165,65,100,3,44,32,42,23,21,0,10,13,26,7,9,3,34,19,16,16,12
2015_1,난곡로34길,31,11,20,0,8,9,8,3,3,0,1,1,5,2,2,0,7,8,3,1,1
2015_1,난곡로26길,103,55,48,0,8,21,41,19,14,0,2,9,22,10,12,0,6,12,19,9,2
2015_1,난곡로24길,31,15,16,0,2,6,15,6,2,0,0,2,8,4,1,0,2,4,7,2,1
2015_1,낙성대역길,765,490,275,1,78,95,180,230,181,1,20,47,95,172,155,0,58,48,85,58,26
2015_1,국회단지길,499,230,269,5,90,113,159,84,48,2,23,64,90,28,23,3,67,49,69,56,25
2015_1,구암길,71,26,45,1,6,16,30,8,10,0,3,5,7,3,8,1,3,11,23,5,2
2015_1,관천로22길,15,5,10,0,0,8,2,3,2,0,0,3,0,0,2,0,0,5,2,3,0
2015_1,관천로15길,132,73,59,0,15,31,38,32,16,0,5,16,21,17,14,0,10,15,17,15,2
2015_1,관악로30길,186,62,124,1,29,44,45,47,20,0,8,19,12,13,10,1,21,25,33,34,10
2015_1,관악로28길,146,69,77,0,19,18,44,28,37,0,4,4,15,13,33,0,15,14,29,15,4
2015_1,관악로14길,493,280,213,4,80,118,87,94,110,0,25,74,45,49,87,4,55,44,42,45,23
2015_1,관악로10길,256,186,70,0,23,71,88,44,30,0,16,55,65,32,18,0,7,16,23,12,12
2015_1,흑석로9길,169,72,97,2,40,35,40,33,19,0,12,18,22,11,9,2,28,17,18,22,10
2015_1,흑석로13길,165,23,142,0,32,69,45,15,4,0,2,15,3,1,2,0,30,54,42,14,2
2015_1,장승배기로27길,31,17,14,0,1,8,10,9,3,0,0,2,6,7,2,0,1,6,4,2,1
2015_1,장승배기로19길,3,3,0,0,0,1,0,0,2,0,0,1,0,0,2,0,0,0,0,0,0
2015_1,여의대방로46길,356,93,263,0,42,107,101,70,36,0,4,21,27,20,21,0,38,86,74,50,15
2015_1,여의대방로24길,13869,6183,7686,79,2000,2195,2836,4652,2107,29,1305,1635,1016,1325,873,50,695,560,1820,3327,1234
2015_1,여의대방로22카길,261,107,154,0,31,59,79,74,18,0,11,41,32,12,11,0,20,18,47,62,7
2015_1,여의대방로22나길,149,56,93,0,21,42,37,38,11,0,4,15,16,14,7,0,17,27,21,24,4
2015_1,여의대방로22길,235,115,120,0,27,48,59,69,32,0,17,35,24,26,13,0,10,13,35,43,19
2015_1,양녕로26길,127,68,59,0,17,30,31,28,21,0,5,15,17,15,16,0,12,15,14,13,5
2015_1,신대방길,112,70,42,0,10,27,36,25,14,0,7,15,20,15,13,0,3,12,16,10,1
2015_1,성대로1길,365,151,214,0,30,83,114,84,54,0,7,42,50,31,21,0,23,41,64,53,33
2015_1,서달로8가길,194,83,111,0,22,36,57,47,32,0,3,8,23,23,26,0,19,28,34,24,6
2015_1,서달로14길,54,21,33,0,26,7,6,9,6,0,5,3,4,4,5,0,21,4,2,5,1
2015_1,서달로10길,76,33,43,0,0,21,19,32,4,0,0,9,5,17,2,0,0,12,14,15,2
2015_1,상도로62길,182,72,110,0,14,37,61,43,27,0,4,14,18,20,16,0,10,23,43,23,11
2015_1,상도로61길,90,39,51,0,14,12,24,22,18,0,3,4,9,9,14,0,11,8,15,13,4
2015_1,상도로47길,68,47,21,0,14,16,20,14,4,0,8,14,13,10,2,0,6,2,7,4,2
2015_1,상도로37길,1897,980,917,30,318,519,496,387,147,0,95,348,256,204,77,30,223,171,240,183,70
2015_1,상도로15길,301,130,171,0,58,88,80,54,21,0,13,40,43,23,11,0,45,48,37,31,10
2015_1,사당로8길,126,63,63,0,11,32,34,38,11,0,4,14,17,21,7,0,7,18,17,17,4
2015_1,사당로30길,327,221,106,0,29,102,126,45,25,0,7,62,93,36,23,0,22,40,33,9,2
2015_1,사당로2차길,89,55,34,0,27,19,22,7,14,0,16,10,15,5,9,0,11,9,7,2,5
2015_1,사당로29길,17,14,3,0,1,0,3,9,4,0,0,0,1,9,4,0,1,0,2,0,0
2015_1,사당로26길,251,141,110,0,36,58,86,54,17,0,12,38,55,22,14,0,24,20,31,32,3
2015_1,사당로23나길,137,45,92,0,11,38,29,28,31,0,2,5,6,11,21,0,9,33,23,17,10
2015_1,사당로23길,15,10,5,0,0,5,6,2,2,0,0,4,3,2,1,0,0,1,3,0,1
2015_1,사당로20길,160,112,48,0,2,33,74,39,12,0,0,20,54,28,10,0,2,13,20,11,2
2015_1,사당로16길,127,41,86,0,11,31,37,38,10,0,0,8,13,12,8,0,11,23,24,26,2
2015_1,사당로16가길,766,504,262,0,25,69,118,160,394,0,13,48,63,95,285,0,12,21,55,65,109
2015_1,만양로8길,60,24,36,0,14,9,14,14,9,0,2,3,7,5,7,0,12,6,7,9,2
2015_1,만양로14길,438,198,240,1,76,111,103,91,56,1,23,45,52,41,36,0,53,66,51,50,20
2015_1,등용로14길,574,441,133,1,93,233,122,70,55,1,70,186,98,47,39,0,23,47,24,23,16
2015_1,동작대로7길,1613,705,908,18,461,400,362,242,130,4,94,177,204,133,93,14,367,223,158,109,37
2015_1,동작대로35길,265,96,169,0,41,59,89,56,20,0,10,31,23,16,16,0,31,28,66,40,4
2015_1,동작대로33길,102,53,49,0,24,33,28,11,6,0,7,20,15,7,4,0,17,13,13,4,2
2015_1,동작대로29길,39,21,18,0,10,5,15,4,5,0,4,4,7,4,2,0,6,1,8,0,3
2015_1,동작대로17길,1329,741,588,7,259,414,375,187,87,4,62,230,262,122,61,3,197,184,113,65,26
2015_1,대방동2길,461,223,238,1,80,124,132,91,33,0,25,64,74,45,15,1,55,60,58,46,18
2015_1,대방동27길,109,59,50,0,14,23,30,28,14,0,7,12,15,17,8,0,7,11,15,11,6
2015_1,노량진로6길,114,30,84,0,15,22,30,36,11,0,1,7,6,13,3,0,14,15,24,23,8
2015_1,국사봉길,30,1,29,0,4,5,6,8,7,0,0,0,1,0,0,0,4,5,5,8,7
2015_1,국사봉2길,104,70,34,0,15,31,29,23,6,0,6,21,26,12,5,0,9,10,3,11,1
2015_1,국사봉1길,6,1,5,0,1,1,1,1,2,0,0,0,0,0,1,0,1,1,1,1,1
2015_1,영신로9길,236,125,111,1,44,83,54,44,10,0,19,48,29,20,9,1,25,35,25,24,1
2015_1,영등포로84길,313,86,227,1,42,47,52,112,59,0,12,21,22,14,17,1,30,26,30,98,42
2015_1,영등포로80길,69,48,21,0,9,15,14,17,14,0,6,9,11,10,12,0,3,6,3,7,2
2015_1,영등포로62길,2,1,1,0,0,2,0,0,0,0,0,1,0,0,0,0,0,1,0,0,0
2015_1,영등포로35길,63,46,17,0,8,23,19,7,6,0,4,19,13,5,5,0,4,4,6,2,1
2015_1,영등포로27길,348,211,137,0,34,92,114,70,38,0,14,53,70,43,31,0,20,39,44,27,7
2015_1,여의대방로43나길,2367,1826,541,0,50,251,460,1097,509,0,29,210,340,824,423,0,21,41,120,273,86
2015_1,여의대방로39길,14,10,4,0,0,8,4,1,1,0,0,7,2,1,0,0,0,1,2,0,1
2015_1,여의대방로35길,739,397,342,3,84,170,229,176,77,1,23,83,121,107,62,2,61,87,108,69,15
2015_1,양평로28길,667,536,131,2,40,134,202,214,75,1,15,108,177,173,62,1,25,26,25,41,13
2015_1,양평로22라길,43,31,12,1,4,13,19,2,4,1,3,8,14,1,4,0,1,5,5,1,0
2015_1,양평로19길,875,596,279,0,157,299,234,142,43,0,91,183,182,104,36,0,66,116,52,38,7
2015_1,신길로60길,433,184,249,1,43,151,125,79,34,0,8,60,62,37,17,1,35,91,63,42,17
2015_1,신길로42길,398,214,184,2,78,118,95,71,34,0,39,71,48,32,24,2,39,47,47,39,10
2015_1,신길로42가길,93,27,66,0,10,28,27,23,5,0,2,8,7,6,4,0,8,20,20,17,1
2015_1,신길로39길,91,49,42,0,15,17,23,25,11,0,4,8,12,17,8,0,11,9,11,8,3
2015_1,신길로17길,44,30,14,1,1,12,15,13,2,1,1,9,9,8,2,0,0,3,6,5,0
2015_1,선유서로28길,413,215,198,2,63,90,122,98,38,1,18,55,67,47,27,1,45,35,55,51,11
2015_1,선유서로25길,2143,1552,591,4,183,503,547,546,360,2,85,371,468,399,227,2,98,132,79,147,133
2015_1,선유서로24길,176,99,77,0,29,34,55,38,20,0,13,24,29,19,14,0,16,10,26,19,6
2015_1,선유로55길,2190,1390,800,21,444,701,533,338,153,15,200,476,349,231,119,6,244,225,184,107,34
2015_1,디지털로74길,54,34,20,0,4,25,10,12,3,0,2,19,6,6,1,0,2,6,4,6,2
2015_1,디지털로57길,7,1,6,0,3,0,3,0,1,0,0,0,0,0,1,0,3,0,3,0,0
2015_1,디지털로37길,183,82,101,1,32,33,52,48,17,1,10,17,23,21,10,0,22,16,29,27,7
2015_1,도신로62길,198,47,151,0,19,55,67,42,15,0,4,14,15,9,5,0,15,41,52,33,10
2015_1,도신로60길,87,14,73,0,5,9,14,18,41,0,0,2,7,0,5,0,5,7,7,18,36
2015_1,도신로29길,84,44,40,0,3,10,26,32,13,0,3,8,16,15,2,0,0,2,10,17,11
2015_1,도신로15길,94,54,40,1,9,18,16,18,32,0,0,6,8,12,28,1,9,12,8,6,4
2015_1,도림천로21길,112,55,57,2,23,24,18,21,24,0,9,12,7,11,16,2,14,12,11,10,8
2015_1,도림로63길,31,21,10,0,1,8,8,10,4,0,1,5,5,6,4,0,0,3,3,4,0
2015_1,도림로147길,1628,1201,427,6,173,360,524,421,144,2,110,268,373,328,120,4,63,92,151,93,24
2015_1,도림로112길,8,7,1,0,2,0,4,1,1,0,2,0,3,1,1,0,0,0,1,0,0
2015_1,대림로8길,1862,653,1209,4,619,506,392,236,105,2,114,194,167,107,69,2,505,312,225,129,36
2015_1,대림로7길,14,5,9,0,3,1,5,5,0,0,0,1,2,2,0,0,3,0,3,3,0
2015_1,대림로44길,36,21,15,0,4,13,6,8,5,0,1,8,3,6,3,0,3,5,3,2,2
2015_1,대림로34길,190,71,119,0,28,57,54,39,12,0,9,22,20,15,5,0,19,35,34,24,7
2015_1,대림로31길,841,442,399,10,189,177,188,169,108,1,127,106,67,61,80,9,62,71,121,108,28
2015_1,대림로29길,1571,772,799,1,254,391,437,360,128,0,67,144,256,209,96,1,187,247,181,151,32
2015_1,대림로22길,299,164,135,0,28,62,93,83,33,0,12,36,55,38,23,0,16,26,38,45,10
2015_1,당산로46길,3789,2213,1576,18,578,757,1030,781,625,2,127,478,619,484,503,16,451,279,411,297,122
2015_1,당산로38길,330,268,62,1,39,95,83,68,44,0,22,75,67,63,41,1,17,20,16,5,3
2015_1,당산로37길,3452,2170,1282,31,1008,797,678,643,295,19,548,552,429,414,208,12,460,245,249,229,87
2015_1,당산로31길,3959,2257,1702,8,509,1050,1018,1015,359,0,163,556,565,715,258,8,346,494,453,300,101
2015_1,국회대로56길,1633,1056,577,8,121,308,341,360,495,4,68,225,244,263,252,4,53,83,97,97,243
2015_1,경인로90길,312,191,121,4,32,84,80,77,35,2,14,45,47,53,30,2,18,39,33,24,5
2015_1,경인로80길,1632,1195,437,2,159,359,431,444,237,0,79,241,316,355,204,2,80,118,115,89,33
2015_1,경인로77길,572,433,139,1,60,109,168,154,80,0,29,77,132,124,71,1,31,32,36,30,9
2015_1,가마산로61길,199,84,115,0,30,68,63,21,17,0,9,32,23,11,9,0,21,36,40,10,8
2015_1,시흥대로94길,749,410,339,1,93,186,215,176,78,0,32,109,117,93,59,1,61,77,98,83,19
2015_1,시흥대로84길,173,68,105,0,22,34,58,46,13,0,1,12,23,24,8,0,21,22,35,22,5
2015_1,시흥대로68길,396,134,262,0,26,55,74,101,140,0,12,25,22,30,45,0,14,30,52,71,95
2015_1,시흥대로63길,2529,1348,1181,9,403,785,537,603,192,4,166,353,265,440,120,5,237,432,272,163,72
2015_1,시흥대로62가길,427,110,317,0,35,90,115,143,44,0,9,23,29,34,15,0,26,67,86,109,29
2015_1,시흥대로36길,342,227,115,4,52,107,95,69,15,3,22,77,62,53,10,1,30,30,33,16,5
2015_1,시흥대로22길,459,331,128,0,27,82,102,151,97,0,13,55,72,122,69,0,14,27,30,29,28
2015_1,시흥대로153길,655,360,295,3,65,164,204,162,57,3,26,97,109,88,37,0,39,67,95,74,20
2015_1,시흥대로150길,564,274,290,0,67,121,169,136,71,0,19,48,81,75,51,0,48,73,88,61,20
2015_1,시흥대로141길,667,410,257,6,133,198,154,139,37,5,60,142,103,78,22,1,73,56,51,61,15
2015_1,시흥대로138길,14,7,7,0,0,3,6,4,1,0,0,2,2,2,1,0,0,1,4,2,0
2015_1,시흥대로120길,587,398,189,1,131,141,193,95,26,1,97,106,126,52,16,0,34,35,67,43,10
2015_1,벚꽃로56길,1595,1147,448,7,276,699,389,159,65,3,157,521,291,122,53,4,119,178,98,37,12
2015_1,범안로17길,212,113,99,0,11,33,53,57,58,0,5,21,27,29,31,0,6,12,26,28,27
2015_1,범안로11길,1026,838,188,9,154,315,301,192,55,8,119,261,234,169,47,1,35,54,67,23,8
2015_1,문성로5길,162,50,112,0,7,33,34,66,22,0,2,7,10,23,8,0,5,26,24,43,14
2015_1,독산로85길,59,21,38,0,7,9,14,21,8,0,1,3,6,6,5,0,6,6,8,15,3
2015_1,독산로78다길,222,94,128,0,23,44,64,44,47,0,6,11,18,20,39,0,17,33,46,24,8
2015_1,독산로70길,4,3,1,0,1,0,0,0,3,0,1,0,0,0,2,0,0,0,0,0,1
2015_1,독산로64길,149,35,114,0,34,27,52,29,7,0,4,7,16,6,2,0,30,20,36,23,5
2015_1,독산로50길,111,33,78,0,4,32,41,27,7,0,2,6,10,8,7,0,2,26,31,19,0
2015_1,독산로40길,52,19,33,0,1,13,20,15,3,0,1,6,5,5,2,0,0,7,15,10,1
2015_1,독산로108길,784,331,453,2,158,140,205,200,79,1,45,69,77,88,51,1,113,71,128,112,28
2015_1,남부순환로112길,9,4,5,0,0,2,2,3,2,0,0,1,0,1,2,0,0,1,2,2,0
2015_1,금하로24길,167,50,117,4,26,45,40,35,17,1,7,9,9,15,9,3,19,36,31,20,8
2015_1,금하로1길,54,35,19,0,4,6,16,20,8,0,3,5,9,11,7,0,1,1,7,9,1
2015_1,금하로14길,8,4,4,0,0,0,5,3,0,0,0,0,1,3,0,0,0,0,4,0,0
2015_1,가산로5길,520,412,108,16,77,135,145,117,30,15,65,108,107,94,23,1,12,27,38,23,7
2015_1,가산로3길,2491,1940,551,19,294,585,626,701,266,17,224,503,473,503,220,2,70,82,153,198,46
2015_1,중앙로1길,1356,983,373,5,113,293,276,259,410,1,58,192,202,172,358,4,55,101,74,87,52
2015_1,중앙로15길,185,59,126,0,18,47,55,51,14,0,5,13,11,22,8,0,13,34,44,29,6
2015_1,우마길,22,14,8,0,3,11,4,4,0,0,1,7,4,2,0,0,2,4,0,2,0
2015_1,오류로8길,238,110,128,0,40,60,74,43,21,0,7,33,37,18,15,0,33,27,37,25,6
2015_1,신도림로13길,644,499,145,0,60,124,185,211,64,0,43,98,132,170,56,0,17,26,53,41,8
2015_1,새말로18길,1144,441,703,8,554,343,117,89,33,2,152,177,51,40,19,6,402,166,66,49,14
2015_1,부일로1길,735,597,138,4,31,81,186,275,158,4,12,56,143,233,149,0,19,25,43,42,9
2015_1,부일로15길,187,168,19,0,8,11,34,81,53,0,6,9,30,73,50,0,2,2,4,8,3
2015_1,부일로11길,24,8,16,0,8,0,8,7,1,0,1,0,4,2,1,0,7,0,4,5,0
2015_1,디지털로32길,1243,689,554,3,360,422,201,143,114,2,142,245,121,91,88,1,218,177,80,52,26
2015_1,디지털로32가길,7048,5058,1990,21,1666,2903,1559,630,269,12,927,2188,1235,482,214,9,739,715,324,148,55
2015_1,디지털로27길,410,261,149,3,32,82,130,127,36,2,11,45,78,94,31,1,21,37,52,33,5
2015_1,도림로6길,117,52,65,0,30,42,31,7,7,0,11,17,17,3,4,0,19,25,14,4,3
2015_1,도림로12길,93,39,54,0,19,20,20,30,4,0,1,9,11,14,4,0,18,11,9,16,0
2015_1,남부순환로97길,247,73,174,0,52,72,65,36,22,0,3,16,20,20,14,0,49,56,45,16,8
2015_1,구로중앙로8길,242,100,142,1,34,52,69,58,28,0,5,15,30,30,20,1,29,37,39,28,8
2015_1,구로중앙로7길,180,70,110,0,30,45,48,30,27,0,2,10,22,14,22,0,28,35,26,16,5
2015_1,구로중앙로42길,730,580,150,5,67,142,242,199,75,5,49,109,186,166,65,0,18,33,56,33,10
2015_1,구로중앙로34길,566,316,250,1,49,116,166,168,66,1,20,60,99,96,40,0,29,56,67,72,26
2015_1,구로중앙로28길,2864,1366,1498,3,217,456,622,649,917,1,96,245,394,350,280,2,121,211,228,299,637
2015_1,구로중앙로19길,19,9,10,0,1,4,7,2,5,0,1,2,2,1,3,0,0,2,5,1,2
2015_1,구로동로8길,152,52,100,0,16,37,51,23,25,0,2,14,18,7,11,0,14,23,33,16,14
2015_1,구로동로7길,162,63,99,0,22,41,43,38,18,0,4,9,15,21,14,0,18,32,28,17,4
2015_1,구로동로42길,24,17,7,0,1,5,10,6,2,0,0,4,6,5,2,0,1,1,4,1,0
2015_1,구로동로41길,454,275,179,0,75,131,130,85,33,0,49,77,79,47,23,0,26,54,51,38,10
2015_1,구로동로38길,56,27,29,0,11,11,17,7,10,0,2,6,9,3,7,0,9,5,8,4,3
2015_1,구로동로28길,185,77,108,0,19,43,66,27,30,0,3,22,23,8,21,0,16,21,43,19,9
2015_1,구로동로15길,22,2,20,0,7,9,4,2,0,0,0,1,0,1,0,0,7,8,4,1,0
2015_1,공원로6가길,261,200,61,5,54,74,68,43,17,5,44,58,49,30,14,0,10,16,19,13,3
2015_1,고척로52길,250,64,186,0,17,37,67,111,18,0,3,11,26,14,10,0,14,26,41,97,8
2015_1,고척로27다길,213,87,126,0,21,50,69,50,23,0,5,13,28,25,16,0,16,37,41,25,7
2015_1,고척로27길,247,107,140,0,30,58,77,68,14,0,8,27,34,34,4,0,22,31,43,34,10
2015_1,고척로21나길,250,57,193,1,33,30,65,78,43,0,6,12,10,11,18,1,27,18,55,67,25
2015_1,경인로47길,788,437,351,3,72,123,237,255,98,1,35,59,130,143,69,2,37,64,107,112,29
2015_1,경인로35길,277,119,158,0,21,53,89,86,28,0,8,18,35,36,22,0,13,35,54,50,6
2015_1,경인로31길,48,11,37,0,4,10,24,9,1,0,1,2,4,3,1,0,3,8,20,6,0
2015_1,경인로15길,96,47,49,0,11,46,18,15,6,0,3,24,8,8,4,0,8,22,10,7,2
2015_1,개봉로3길,292,170,122,1,109,53,61,40,28,0,63,28,28,27,24,1,46,25,33,13,4
2015_1,개봉로2길,484,130,354,2,87,138,136,87,34,1,12,33,42,22,20,1,75,105,94,65,14
2015_1,개봉로23가길,852,503,349,1,90,177,222,231,131,1,31,104,125,150,92,0,59,73,97,81,39
2015_1,개봉로20길,115,67,48,0,11,35,43,19,7,0,2,24,23,11,7,0,9,11,20,8,0
2015_1,개봉로1길,37,20,17,0,3,10,13,7,4,0,1,8,4,3,4,0,2,2,9,4,0
2015_1,개봉로17다길,126,59,67,0,4,22,44,41,15,0,1,5,17,25,11,0,3,17,27,16,4
2015_1,개봉로17길,838,395,443,2,98,178,251,214,95,1,31,114,127,73,49,1,67,64,124,141,46
2015_1,개봉로11길,56,14,42,0,13,16,17,9,1,0,0,7,3,4,0,0,13,9,14,5,1
2015_1,화곡로64길,2470,1254,1216,10,594,792,565,342,167,2,154,474,386,172,66,8,440,318,179,170,101
2015_1,화곡로59길,499,197,302,1,103,169,133,74,19,0,22,65,46,47,17,1,81,104,87,27,2
2015_1,화곡로44나길,883,748,135,0,41,88,200,347,207,0,16,65,169,310,188,0,25,23,31,37,19
2015_1,화곡로31길,1306,545,761,2,208,294,339,309,154,1,39,101,135,157,112,1,169,193,204,152,42
2015_1,화곡로20길,488,316,172,0,25,71,141,163,88,0,11,31,84,113,77,0,14,40,57,50,11
2015_1,화곡로13길,260,85,175,2,27,55,90,83,3,2,5,13,31,33,1,0,22,42,59,50,2
2015_1,초원로16길,409,210,199,2,30,66,79,87,145,1,21,45,46,49,48,1,9,21,33,38,97
2015_1,초록마을로8길,187,25,162,0,34,43,50,44,16,0,2,6,6,6,5,0,32,37,44,38,11
2015_1,초록마을로3길,41,21,20,0,7,12,6,8,8,0,0,6,4,4,7,0,7,6,2,4,1
2015_1,월정로20길,7,4,3,0,1,4,1,1,0,0,0,3,0,1,0,0,1,1,1,0,0
2015_1,우장산로6길,339,203,136,0,29,58,103,113,36,0,12,37,60,67,27,0,17,21,43,46,9
2015_1,양천로73가길,1399,918,481,3,109,291,418,387,191,2,41,179,267,268,161,1,68,112,151,119,30
2015_1,양천로71길,216,124,92,0,29,83,49,34,21,0,11,51,25,20,17,0,18,32,24,14,4
2015_1,양천로49길,804,634,170,1,39,142,203,272,147,0,23,97,156,224,134,1,16,45,47,48,13
2015_1,양천로26길,107,48,59,0,11,18,38,26,14,0,4,3,16,13,12,0,7,15,22,13,2
2015_1,양천로24길,220,112,108,0,20,54,67,52,27,0,9,28,35,18,22,0,11,26,32,34,5
2015_1,양천로24가길,671,290,381,3,76,146,172,190,84,1,22,70,68,89,40,2,54,76,104,101,44
2015_1,양천로14길,415,288,127,0,27,87,85,157,59,0,17,71,50,110,40,0,10,16,35,47,19
2015_1,방화대로6라길,748,513,235,4,68,213,288,128,47,3,32,149,207,93,29,1,36,64,81,35,18
2015_1,방화대로21길,726,425,301,3,87,193,195,165,83,1,35,99,112,109,69,2,52,94,83,56,14
2015_1,등촌로5길,10,2,8,0,1,2,6,1,0,0,0,0,2,0,0,0,1,2,4,1,0
2015_1,등촌로55길,455,334,121,0,28,63,94,144,126,0,9,37,64,110,114,0,19,26,30,34,12
2015_1,등촌로51길,10,10,0,0,0,2,7,1,0,0,0,2,7,1,0,0,0,0,0,0,0
2015_1,등촌로39길,46,17,29,0,4,9,20,9,4,0,3,1,5,5,3,0,1,8,15,4,1
2015_1,등촌로13길,225,112,113,1,23,43,81,59,18,0,9,22,28,41,12,1,14,21,53,18,6
2015_1,남부순환로11길,414,304,110,0,57,129,135,65,28,0,35,96,99,50,24,0,22,33,36,15,4
2015_1,까치산로4길,127,49,78,0,10,25,32,34,26,0,2,12,12,15,8,0,8,13,20,19,18
2015_1,국회대로7길,352,220,132,0,49,98,106,72,27,0,26,62,66,45,21,0,23,36,40,27,6
2015_1,공항대로8길,230,128,102,1,15,59,80,56,19,0,4,41,48,27,8,1,11,18,32,29,11
2015_1,공항대로61길,225,146,79,3,41,93,58,21,9,3,18,62,37,18,8,0,23,31,21,3,1
2015_1,공항대로59다길,826,603,223,5,115,239,172,160,135,1,64,191,135,117,95,4,51,48,37,43,40
2015_1,공항대로59길,1169,791,378,2,126,246,328,286,181,1,53,149,227,207,154,1,73,97,101,79,27
2015_1,공항대로55길,731,536,195,2,163,267,157,89,53,0,94,198,133,73,38,2,69,69,24,16,15
2015_1,공항대로42길,11,7,4,0,0,2,3,4,2,0,0,2,2,1,2,0,0,0,1,3,0
2015_1,공항대로38길,235,119,116,0,36,47,66,57,29,0,10,23,37,28,21,0,26,24,29,29,8
2015_1,곰달래로60길,546,281,265,0,72,138,130,131,75,0,19,90,71,54,47,0,53,48,59,77,28
2015_1,곰달래로53길,61,14,47,0,15,15,19,9,3,0,1,4,4,3,2,0,14,11,15,6,1
2015_1,곰달래로47길,39,14,25,0,7,13,11,6,2,0,0,6,3,4,1,0,7,7,8,2,1
2015_1,곰달래로31길,13,11,2,0,0,2,7,1,3,0,0,2,6,1,2,0,0,0,1,0,1
2015_1,곰달래로25길,512,205,307,2,65,121,129,105,90,0,10,41,51,40,63,2,55,80,78,65,27
2015_1,개화동로25길,632,436,196,0,51,133,130,182,136,0,25,77,84,137,113,0,26,56,46,45,23
2015_1,개화동로23길,101,60,41,1,18,22,27,23,10,0,8,12,17,16,7,1,10,10,10,7,3
2015_1,강서로8길,118,73,45,1,22,36,28,25,6,0,14,25,16,16,2,1,8,11,12,9,4
2015_1,강서로5라길,252,146,106,2,24,68,83,56,19,1,10,46,43,32,14,1,14,22,40,24,5
2015_1,강서로5나길,105,64,41,0,15,27,25,20,18,0,7,18,17,10,12,0,8,9,8,10,6
2015_1,강서로5가길,39,23,16,0,1,12,5,14,7,0,1,11,2,6,3,0,0,1,3,8,4
2015_1,강서로47라길,64,39,25,0,6,20,21,11,6,0,2,14,13,5,5,0,4,6,8,6,1
2015_1,강서로47길,394,194,200,0,28,74,117,160,15,0,3,38,48,97,8,0,25,36,69,63,7
2015_1,강서로45다길,576,187,389,3,174,138,136,95,30,0,38,52,46,31,20,3,136,86,90,64,10
2015_1,강서로45길,99,50,49,0,18,18,18,24,21,0,4,10,9,11,16,0,14,8,9,13,5
2015_1,강서로35길,146,90,56,0,25,30,39,34,18,0,14,19,24,20,13,0,11,11,15,14,5
2015_1,강서로29길,283,160,123,0,27,69,88,73,26,0,8,50,50,40,12,0,19,19,38,33,14
2015_1,강서로18길,28,9,19,3,3,3,13,6,0,0,0,1,6,2,0,3,3,2,7,4,0
2015_1,강서로17가길,103,42,61,0,15,38,33,12,5,0,4,17,14,5,2,0,11,21,19,7,3
2015_1,강서로15길,290,159,131,1,26,66,95,70,32,1,9,41,47,38,23,0,17,25,48,32,9
2015_1,가로공원로80길,125,69,56,0,10,33,33,28,21,0,5,20,19,15,10,0,5,13,14,13,11
2015_1,가로공원로76가길,16,8,8,0,1,2,8,3,2,0,0,2,6,0,0,0,1,0,2,3,2
2015_1,화곡로4길,295,120,175,1,54,88,89,48,15,0,10,45,30,25,10,1,44,43,59,23,5
2015_1,화곡로3길,164,54,110,0,18,26,54,63,3,0,3,5,15,29,2,0,15,21,39,34,1
2015_1,지양로7길,223,71,152,1,33,61,64,56,8,0,7,18,18,24,4,1,26,43,46,32,4
2015_1,중앙로55길,368,194,174,1,34,96,122,94,21,1,12,47,62,55,17,0,22,49,60,39,4
2015_1,중앙로51길,125,65,60,0,9,20,39,35,22,0,3,9,20,23,10,0,6,11,19,12,12
2015_1,중앙로47길,90,18,72,0,14,12,17,28,19,0,1,6,4,4,3,0,13,6,13,24,16
2015_1,중앙로45길,158,59,99,0,16,30,45,47,20,0,4,14,12,19,10,0,12,16,33,28,10
2015_1,중앙로36길,2,2,0,0,0,0,0,0,2,0,0,0,0,0,2,0,0,0,0,0,0
2015_1,중앙로32길,470,231,239,1,77,117,105,96,74,1,32,72,45,38,43,0,45,45,60,58,31
2015_1,중앙로25길,264,76,188,1,29,64,83,80,7,1,8,17,19,26,5,0,21,47,64,54,2
2015_1,은행정로7길,453,153,300,1,60,68,91,148,85,1,17,35,35,39,26,0,43,33,56,109,59
2015_1,오목로5길,278,151,127,0,35,80,80,56,27,0,16,43,39,30,23,0,19,37,41,26,4
2015_1,오목로3길,468,435,33,1,7,29,81,220,130,1,5,24,66,211,128,0,2,5,15,9,2
2015_1,오목로30길,150,78,72,1,19,24,54,41,11,0,4,11,31,23,9,1,15,13,23,18,2
2015_1,오목로23길,686,353,333,2,93,191,187,140,73,2,38,104,98,67,44,0,55,87,89,73,29
2015_1,신월로20길,210,87,123,4,23,37,55,65,26,1,5,17,23,24,17,3,18,20,32,41,9
2015_1,신월로15길,760,361,399,1,117,172,218,153,99,0,38,85,91,74,73,1,79,87,127,79,26
2015_1,신목로6길,253,132,121,1,28,60,65,67,32,1,12,30,35,41,13,0,16,30,30,26,19
2015_1,신목로5길,910,344,566,0,96,185,331,201,97,0,23,83,102,77,59,0,73,102,229,124,38
2015_1,신목로2길,106,45,61,0,23,23,20,20,20,0,5,9,10,5,16,0,18,14,10,15,4
2015_1,목동중앙서로8가길,202,109,93,1,11,21,51,81,37,0,3,9,34,40,23,1,8,12,17,41,14
2015_1,목동중앙서로7길,207,76,131,2,22,39,43,62,39,2,6,17,17,20,14,0,16,22,26,42,25
2015_1,목동중앙북로8길,450,197,253,0,2,23,35,92,298,0,1,8,17,26,145,0,1,15,18,66,153
2015_1,목동중앙북로16길,246,73,173,1,33,69,73,53,17,1,3,17,26,16,10,0,30,52,47,37,7
2015_1,목동중앙본로7길,90,34,56,0,20,21,27,18,4,0,3,9,9,10,3,0,17,12,18,8,1
2015_1,목동중앙로3길,103,54,49,0,3,17,22,27,34,0,1,7,7,13,26,0,2,10,15,14,8
2015_1,목동중앙로13나길,246,165,81,1,39,108,53,37,8,0,18,78,39,23,7,1,21,30,14,14,1
2015_1,목동중앙남로3가길,575,399,176,1,53,119,142,198,62,1,25,73,88,162,50,0,28,46,54,36,12
2015_1,목동로9길,2250,1516,734,0,182,519,614,479,456,0,41,244,432,365,434,0,141,275,182,114,22
2015_1,목동로19길,959,397,562,1,138,221,261,249,89,0,39,101,102,101,54,1,99,120,159,148,35
2015_1,목동동로12길,409,169,240,3,63,92,110,105,36,1,13,45,38,42,30,2,50,47,72,63,6
2015_1,목동남로4길,10,5,5,0,0,0,5,4,1,0,0,0,1,3,1,0,0,0,4,1,0
2015_1,남부순환로88길,303,118,185,1,33,56,126,64,23,1,7,21,42,30,17,0,26,35,84,34,6
2015_1,남부순환로79길,538,385,153,2,31,59,164,191,91,0,15,34,107,149,80,2,16,25,57,42,11
2015_1,남부순환로70길,631,445,186,2,37,75,158,187,172,2,9,34,105,140,155,0,28,41,53,47,17
2015_1,남부순환로58길,145,73,72,0,15,33,39,41,17,0,7,19,13,19,15,0,8,14,26,22,2
2015_1,남부순환로40길,23,13,10,0,2,6,10,2,3,0,1,3,6,1,2,0,1,3,4,1,1
2015_1,남부순환로33길,1244,1015,229,0,36,78,113,155,862,0,15,46,39,86,829,0,21,32,74,69,33
2015_1,곰달래로5길,43,22,21,1,3,11,10,13,5,1,2,6,5,4,4,0,1,5,5,9,1
2015_1,곰달래로3길,398,214,184,1,18,72,163,113,31,0,8,42,83,56,25,1,10,30,80,57,6
2015_1,곰달래로2길,302,184,118,4,60,96,67,53,22,3,28,76,40,28,9,1,32,20,27,25,13
2015_1,곰달래로10길,393,308,85,1,19,53,87,133,100,0,9,33,55,114,97,1,10,20,32,19,3
2015_1,가로공원로58길,94,19,75,0,19,25,26,19,5,0,3,4,5,3,4,0,16,21,21,16,1
2015_1,효창원로93길,99,53,46,0,17,33,39,5,5,0,9,17,24,1,2,0,8,16,15,4,3
2015_1,토정로37길,144,60,84,0,27,29,39,28,21,0,10,10,19,8,13,0,17,19,20,20,8
2015_1,월드컵로8길,1641,935,706,4,242,464,335,204,392,0,67,230,192,112,334,4,175,234,143,92,58
2015_1,월드컵로7길,4,2,2,0,1,1,1,0,1,0,0,0,1,0,1,0,1,1,0,0,0
2015_1,월드컵로36길,113,32,81,0,20,18,23,31,21,0,1,3,7,12,9,0,19,15,16,19,12
2015_1,월드컵로25길,271,148,123,0,36,81,87,42,25,0,16,55,36,20,21,0,20,26,51,22,4
2015_1,월드컵로19길,376,149,227,0,62,97,82,77,58,0,15,45,43,25,21,0,47,52,39,52,37
2015_1,월드컵로16길,2191,1338,853,6,334,583,441,293,534,4,106,332,249,175,472,2,228,251,192,118,62
2015_1,월드컵로11길,217,81,136,2,66,51,59,24,15,1,18,19,25,11,7,1,48,32,34,13,8
2015_1,월드컵로10길,1672,906,766,9,444,520,331,270,98,2,141,299,232,172,60,7,303,221,99,98,38
2015_1,와우산로3길,177,105,72,2,33,68,47,24,3,1,14,38,37,12,3,1,19,30,10,12,0
2015_1,와우산로29길,133,61,72,2,38,44,32,6,11,1,14,22,16,3,5,1,24,22,16,3,6
2015_1,와우산로29가길,10,4,6,0,2,3,5,0,0,0,0,1,3,0,0,0,2,2,2,0,0
2015_1,양화진길,481,338,143,0,82,145,117,111,26,0,29,105,88,95,21,0,53,40,29,16,5
2015_1,양화로1길,4373,2281,2092,32,983,1894,994,365,105,3,259,1057,684,227,51,29,724,837,310,138,54
2015_1,양화로11길,452,298,154,0,84,164,129,43,32,0,31,114,103,30,20,0,53,50,26,13,12
2015_1,신촌로30길,25,12,13,2,0,5,12,4,2,2,0,3,5,0,2,0,0,2,7,4,0
2015_1,신촌로28가길,121,49,72,0,17,33,29,22,20,0,4,10,10,10,15,0,13,23,19,12,5
2015_1,신촌로12길,1185,569,616,7,364,290,261,178,85,5,222,158,86,48,50,2,142,132,175,130,35
2015_1,숭문길,714,403,311,1,134,224,189,111,55,0,64,141,109,51,38,1,70,83,80,60,17
2015_1,숭문8길,118,71,47,0,13,26,40,35,4,0,1,13,29,26,2,0,12,13,11,9,2
2015_1,성지3길,474,250,224,1,106,163,125,56,23,0,30,87,80,38,15,1,76,76,45,18,8
2015_1,성산로4길,2524,1667,857,26,537,693,552,439,277,20,270,487,393,278,219,6,267,206,159,161,58
2015_1,성미산로32길,322,192,130,2,62,105,81,52,20,2,27,70,54,32,7,0,35,35,27,20,13
2015_1,성미산로1길,565,443,122,3,74,158,119,94,117,2,34,115,91,87,114,1,40,43,28,7,3
2015_1,성미산로11길,904,600,304,5,152,303,218,157,69,3,64,190,163,125,55,2,88,113,55,32,14
2015_1,백범로16길,526,294,232,49,170,122,84,72,29,23,76,64,57,55,19,26,94,58,27,17,10
2015_1,방울내로9안길,334,205,129,0,36,80,108,78,32,0,9,43,69,56,28,0,27,37,39,22,4
2015_1,모래내로7길,245,124,121,1,30,53,82,57,22,0,12,25,43,29,15,1,18,28,39,28,7
2015_1,매봉산로2길,2265,1514,751,10,737,870,414,207,27,2,399,619,318,162,14,8,338,251,96,45,13
2015_1,망원로2길,195,122,73,0,17,61,68,37,12,0,4,38,43,28,9,0,13,23,25,9,3
2015_1,망원로11길,810,437,373,0,99,243,240,144,84,0,32,144,141,69,51,0,67,99,99,75,33
2015_1,만리재옛길,1166,488,678,25,509,300,165,99,68,9,192,151,55,46,35,16,317,149,110,53,33
2015_1,마포대로4길,346,143,203,4,12,44,103,102,81,3,6,27,25,23,59,1,6,17,78,79,22
2015_1,마포대로20길,1239,652,587,3,264,368,308,200,96,1,83,190,192,131,55,2,181,178,116,69,41
2015_1,마포대로12길,69,37,32,0,2,11,28,18,10,0,2,4,13,9,9,0,0,7,15,9,1
2015_1,동교로38길,172,76,96,0,47,58,47,16,4,0,18,24,21,9,4,0,29,34,26,7,0
2015_1,동교로27길,3135,1498,1637,9,695,1043,584,589,215,2,230,616,362,176,112,7,465,427,222,413,103
2015_1,동교로25길,827,411,416,0,114,305,262,117,29,0,40,179,124,45,23,0,74,126,138,72,6
2015_1,동교로19길,4276,2553,1723,13,704,1025,991,1010,533,2,216,659,695,608,373,11,488,366,296,402,160
2015_1,동교로17길,799,416,383,0,131,271,227,125,45,0,48,138,144,62,24,0,83,133,83,63,21
2015_1,독막로8길,386,187,199,0,81,120,105,60,20,0,30,58,56,28,15,0,51,62,49,32,5
2015_1,독막로32길,488,207,281,0,79,142,149,76,42,0,20,70,60,27,30,0,59,72,89,49,12
2015_1,독막로22길,70,39,31,0,11,18,16,22,3,0,2,10,9,15,3,0,9,8,7,7,0
2015_1,도화길,1107,580,527,13,197,287,258,206,146,4,52,167,159,107,91,9,145,120,99,99,55
2015_1,도화4길,363,128,235,1,56,80,91,79,56,1,7,21,32,28,39,0,49,59,59,51,17
2015_1,대흥로28길,71,57,14,0,7,39,17,8,0,0,4,36,12,5,0,0,3,3,5,3,0
2015_1,대흥로21길,581,120,461,2,91,161,205,68,54,0,28,37,26,13,16,2,63,124,179,55,38
2015_1,광성로6길,110,79,31,0,16,26,32,16,20,0,10,21,20,12,16,0,6,5,12,4,4
2015_1,홍제내길,96,60,36,0,13,31,24,19,9,0,4,22,19,8,7,0,9,9,5,11,2
2015_1,홍연길,77,46,31,0,4,18,23,17,15,0,2,15,12,9,8,0,2,3,11,8,7
2015_1,통일로39길,9,8,1,0,0,2,4,2,1,0,0,2,3,2,1,0,0,0,1,0,0
2015_1,통일로37길,370,139,231,1,50,89,100,80,50,1,10,31,46,24,27,0,40,58,54,56,23
2015_1,통일로11길,13,9,4,0,0,6,5,2,0,0,0,4,4,1,0,0,0,2,1,1,0
2015_1,충정로6길,12112,6687,5425,32,1959,4563,3724,1526,308,17,598,2176,2510,1143,243,15,1361,2387,1214,383,65
2015_1,충정로4길,2798,1879,919,5,520,1285,727,211,50,1,192,857,584,199,46,4,328,428,143,12,4
2015_1,증가로6길,254,93,161,0,40,70,53,57,34,0,10,39,21,17,6,0,30,31,32,40,28
2015_1,증가로23나길,395,187,208,4,88,138,80,59,26,3,40,64,32,27,21,1,48,74,48,32,5
2015_1,증가로20가길,281,97,184,0,37,54,83,81,26,0,7,17,29,29,15,0,30,37,54,52,11
2015_1,증가로10길,173,90,83,0,16,37,42,51,27,0,3,12,19,34,22,0,13,25,23,17,5
2015_1,응암로1길,335,244,91,0,12,45,92,130,56,0,5,28,70,101,40,0,7,17,22,29,16
2015_1,연희로10길,96,65,31,0,9,18,33,24,12,0,4,8,24,20,9,0,5,10,9,4,3
2015_1,신촌로37길,156,67,89,0,22,31,40,38,25,0,3,15,16,19,14,0,19,16,24,19,11
2015_1,수색로8길,1584,1456,128,0,8,13,30,124,1409,0,3,4,15,74,1360,0,5,9,15,50,49
2015_1,세무서길,341,129,212,0,57,85,98,64,37,0,14,31,39,24,21,0,43,54,59,40,16
2015_1,세검정로1길,243,142,101,0,37,74,66,46,20,0,14,45,45,23,15,0,23,29,21,23,5
2015_1,북아현로4길,373,98,275,0,45,60,101,113,54,0,9,22,22,28,17,0,36,38,79,85,37
2015_1,모래내로15길,89,31,58,0,9,12,29,21,18,0,2,1,7,8,13,0,7,11,22,13,5
2015_1,명지대길,340,248,92,1,27,44,82,108,78,0,9,25,56,88,70,1,18,19,26,20,8
2015_1,독립문로8길,716,277,439,0,166,196,149,136,69,0,36,74,78,50,39,0,130,122,71,86,30
2015_1,가재울로6길,16,9,7,0,1,5,6,2,2,0,0,5,3,0,1,0,1,0,3,2,1
2015_1,통일로92길,65,31,34,4,10,11,18,14,8,4,5,5,3,8,6,0,5,6,15,6,2
2015_1,통일로87길,198,84,114,0,30,52,49,46,21,0,6,29,19,19,11,0,24,23,30,27,10
2015_1,통일로78길,194,68,126,0,19,55,41,48,31,0,4,22,16,10,16,0,15,33,25,38,15
2015_1,진흥로1길,516,170,346,0,77,162,177,80,20,0,28,57,44,25,16,0,49,105,133,55,4
2015_1,진흥로12길,371,157,214,2,53,92,121,72,31,1,11,41,53,30,21,1,42,51,68,42,10
2015_1,증산서길,359,275,84,1,20,47,74,98,119,0,7,20,49,88,111,1,13,27,25,10,8
2015_1,증산로9길,84,31,53,0,9,19,27,28,1,0,3,8,10,9,1,0,6,11,17,19,0
2015_1,증산로5길,707,362,345,2,56,131,212,212,94,0,15,45,91,139,72,2,41,86,121,73,22
2015_1,증산로21길,239,159,80,0,22,42,45,72,58,0,4,17,27,60,51,0,18,25,18,12,7
2015_1,증산로17길,568,340,228,0,45,109,178,144,92,0,13,53,99,94,81,0,32,56,79,50,11
2015_1,증산로15길,178,65,113,1,22,34,37,61,23,0,2,15,9,26,13,1,20,19,28,35,10
2015_1,증산로13길,55,31,24,0,3,15,19,13,5,0,1,12,11,3,4,0,2,3,8,10,1
2015_1,응암로34길,80,45,35,0,12,16,29,12,11,0,9,9,9,9,9,0,3,7,20,3,2
2015_1,응암로22길,165,58,107,0,21,31,35,47,31,0,5,13,15,9,16,0,16,18,20,38,15
2015_1,응암로14길,307,83,224,2,55,73,100,58,19,0,9,13,32,16,13,2,46,60,68,42,6
2015_1,응암로13길,234,90,144,1,35,59,73,40,26,0,6,24,28,21,11,1,29,35,45,19,15
2015_1,응암로12길,198,87,111,0,33,51,62,37,15,0,9,25,25,19,9,0,24,26,37,18,6
2015_1,은평로8길,258,144,114,0,47,51,64,73,23,0,28,24,41,39,12,0,19,27,23,34,11
2015_1,은평로3길,298,94,204,0,46,77,96,50,29,0,8,27,25,17,17,0,38,50,71,33,12
2015_1,은평로20길,26,10,16,0,3,6,13,4,0,0,1,1,5,3,0,0,2,5,8,1,0
2015_1,은평로13길,574,378,196,0,50,129,154,163,78,0,21,67,104,119,67,0,29,62,50,44,11
2015_1,은평로10길,303,190,113,4,33,104,71,57,34,2,18,70,36,36,28,2,15,34,35,21,6
2015_1,연서로5길,48,14,34,0,3,16,19,8,2,0,0,8,5,1,0,0,3,8,14,7,2
2015_1,연서로41길,209,63,146,0,22,45,72,55,15,0,4,7,17,26,9,0,18,38,55,29,6
2015_1,연서로3길,106,47,59,0,9,21,30,34,12,0,6,10,13,11,7,0,3,11,17,23,5
2015_1,연서로34길,117,36,81,0,21,34,29,24,9,0,4,11,7,9,5,0,17,23,22,15,4
2015_1,연서로33길,20,6,14,0,3,7,5,5,0,0,0,1,2,3,0,0,3,6,3,2,0
2015_1,연서로29길,297,104,193,2,30,60,91,91,23,2,10,20,34,27,11,0,20,40,57,64,12
2015_1,연서로28길,750,375,375,4,80,163,186,179,138,4,22,89,96,83,81,0,58,74,90,96,57
2015_1,연서로27길,64,31,33,0,12,11,20,15,6,0,0,5,12,10,4,0,12,6,8,5,2
2015_1,연서로21길,283,152,131,1,31,81,106,47,17,1,7,51,53,26,14,0,24,30,53,21,3
2015_1,연서로17길,1010,382,628,4,143,219,274,260,110,2,52,115,92,74,47,2,91,104,182,186,63
2015_1,연서로16길,310,114,196,0,81,86,63,54,26,0,28,30,19,22,15,0,53,56,44,32,11
2015_1,연서로13길,705,227,478,10,114,165,217,165,34,1,36,69,69,33,19,9,78,96,148,132,15
2015_1,연서로11길,170,88,82,0,15,51,52,41,11,0,3,33,29,19,4,0,12,18,23,22,7
2015_1,역말로9길,19,15,4,0,1,8,4,6,0,0,1,7,3,4,0,0,0,1,1,2,0
2015_1,수색로18길,675,558,117,0,1,235,248,179,12,0,1,197,206,146,8,0,0,38,42,33,4
2015_1,서오릉로8길,19,11,8,0,1,9,2,5,2,0,0,5,1,4,1,0,1,4,1,1,1
2015_1,서오릉로21길,437,140,297,0,40,81,95,79,142,0,11,24,28,29,48,0,29,57,67,50,94
2015_1,불광천길,159,82,77,0,19,34,42,46,18,0,9,19,21,22,11,0,10,15,21,24,7
2015_1,갈현로7길,951,263,688,0,194,253,210,231,63,0,57,89,53,44,20,0,137,164,157,187,43
2015_1,갈현로41길,88,30,58,0,9,28,20,21,10,0,6,11,5,7,1,0,3,17,15,14,9
2015_1,갈현로33길,30,8,22,1,7,8,8,4,2,0,3,2,1,1,1,1,4,6,7,3,1
2015_1,갈현로1길,100,40,60,0,4,18,25,34,19,0,2,11,5,7,15,0,2,7,20,27,4
2015_1,가좌로7길,52,24,28,0,6,10,18,5,13,0,0,3,5,4,12,0,6,7,13,1,1
2015_1,한글비석로44길,485,260,225,0,38,77,118,162,90,0,16,36,48,92,68,0,22,41,70,70,22
2015_1,한글비석로24길,345,136,209,0,25,39,87,128,66,0,3,18,43,46,26,0,22,21,44,82,40
2015_1,한글비석로22길,595,259,336,1,72,135,157,172,58,1,19,69,61,69,40,0,53,66,96,103,18
2015_1,석계로1길,109,68,41,0,9,22,40,31,7,0,5,10,24,23,6,0,4,12,16,8,1
2015_1,상계로9가길,255,100,155,0,23,46,72,72,42,0,12,22,21,23,22,0,11,24,51,49,20
2015_1,상계로12길,15,10,5,0,1,2,5,7,0,0,0,2,4,4,0,0,1,0,1,3,0
2015_1,동일로242길,569,433,136,0,15,57,132,92,273,0,7,39,79,68,240,0,8,18,53,24,33
2015_1,동일로192길,437,231,206,3,46,65,127,120,76,0,20,42,67,58,44,3,26,23,60,62,32
2015_1,동일로173가길,2265,1271,994,10,305,487,636,517,310,7,127,335,343,219,240,3,178,152,293,298,70
2015_1,공릉로58길,93,32,61,1,4,12,26,34,16,1,2,6,9,7,7,0,2,6,17,27,9
2015_1,해등로16길,64,51,13,1,5,24,23,8,3,1,1,21,19,6,3,0,4,3,4,2,0
2015_1,우이천로4다길,181,106,75,4,18,28,63,48,20,4,9,14,32,32,15,0,9,14,31,16,5
2015_1,우이천로32길,105,49,56,0,16,26,38,18,7,0,5,15,14,9,6,0,11,11,24,9,1
2015_1,시루봉로23길,37,15,22,0,8,7,12,7,3,0,2,1,5,5,2,0,6,6,7,2,1
2015_1,삼양로144길,60,46,14,0,5,18,18,11,8,0,5,12,15,6,8,0,0,6,3,5,0
2015_1,방학로6가길,158,84,74,1,20,34,52,35,16,1,8,20,22,20,13,0,12,14,30,15,3
2015_1,방학로5길,154,82,72,2,15,27,50,40,20,2,4,15,31,17,13,0,11,12,19,23,7
2015_1,방학로15길,331,229,102,0,15,28,70,140,78,0,6,12,42,98,71,0,9,16,28,42,7
2015_1,방학로10길,109,65,44,0,10,8,17,34,40,0,4,4,5,15,37,0,6,4,12,19,3
2015_1,도봉산4길,303,271,32,0,7,24,95,140,37,0,4,21,87,123,36,0,3,3,8,17,1
2015_1,도봉로181길,250,119,131,0,20,36,63,54,77,0,5,17,30,26,41,0,15,19,33,28,36
2015_1,도봉로169나길,232,115,117,2,25,45,63,58,39,1,7,21,39,28,19,1,18,24,24,30,20
2015_1,도봉로156길,358,159,199,0,41,89,112,85,31,0,23,38,45,35,18,0,18,51,67,50,13
2015_1,도봉로152가길,438,389,49,0,14,43,104,170,107,0,8,31,90,160,100,0,6,12,14,10,7
2015_1,도봉로147길,604,348,256,0,61,120,188,182,53,0,33,81,119,93,22,0,28,39,69,89,31
2015_1,도봉로114길,442,143,299,0,96,112,109,93,32,0,14,41,41,32,15,0,82,71,68,61,17
2015_1,도봉로109길,16,6,10,0,5,5,2,1,3,0,0,3,0,0,3,0,5,2,2,1,0
2015_1,도당로29길,891,539,352,18,177,228,195,208,65,17,78,146,101,141,56,1,99,82,94,67,9
2015_1,도당로19길,157,72,85,0,10,36,67,35,9,0,3,17,27,19,6,0,7,19,40,16,3
2015_1,도당로13바길,206,72,134,1,27,36,69,49,24,0,9,17,19,17,10,1,18,19,50,32,14
2015_1,도당로13가길,136,59,77,4,11,30,52,24,15,4,1,16,21,9,8,0,10,14,31,15,7
2015_1,덕릉로60길,60,32,28,0,4,12,27,10,7,0,1,5,17,6,3,0,3,7,10,4,4
2015_1,노해로63다길,466,219,247,2,75,127,130,94,38,2,22,68,62,42,23,0,53,59,68,52,15
2015_1,노해로60길,282,131,151,0,46,66,78,77,15,0,13,35,30,44,9,0,33,31,48,33,6
2015_1,한천로140길,118,70,48,1,8,16,39,27,27,0,3,9,24,18,16,1,5,7,15,9,11
2015_1,한천로139가길,55,33,22,0,7,18,19,9,2,0,4,11,11,6,1,0,3,7,8,3,1
2015_1,한천로132길,306,112,194,6,51,69,77,70,33,1,10,33,27,27,14,5,41,36,50,43,19
2015_1,한천로130길,271,108,163,0,33,75,92,60,11,0,7,31,43,20,7,0,26,44,49,40,4
2015_1,한천로124나길,94,44,50,0,3,26,30,25,10,0,2,10,13,12,7,0,1,16,17,13,3
2015_1,한천로109길,601,282,319,8,96,138,163,145,51,7,32,70,79,63,31,1,64,68,84,82,20
2015_1,인수봉로79길,175,44,131,0,28,52,41,44,10,0,5,11,7,15,6,0,23,41,34,29,4
2015_1,인수봉로72길,81,36,45,0,11,18,15,23,14,0,3,10,5,9,9,0,8,8,10,14,5
2015_1,인수봉로56길,11,1,10,0,2,7,1,1,0,0,0,1,0,0,0,0,2,6,1,1,0
2015_1,오패산로67길,455,245,210,4,60,90,117,113,71,2,27,51,63,60,42,2,33,39,54,53,29
2015_1,오패산로52길,82,28,54,0,15,15,28,17,7,0,4,4,8,6,6,0,11,11,20,11,1
2015_1,수유로12길,237,155,82,2,38,58,62,47,30,2,21,39,40,28,25,0,17,19,22,19,5
2015_1,솔샘로65길,523,232,291,2,58,129,164,121,49,0,8,44,72,68,40,2,50,85,92,53,9
2015_1,솔매로50길,694,286,408,0,115,185,207,143,44,0,35,60,81,74,36,0,80,125,126,69,8
2015_1,솔매로45길,245,92,153,1,26,50,67,77,24,1,3,19,28,29,12,0,23,31,39,48,12
2015_1,솔매로41길,80,21,59,0,11,18,26,19,6,0,1,4,7,5,4,0,10,14,19,14,2
2015_1,삼양로93길,16,4,12,0,0,2,8,6,0,0,0,0,2,2,0,0,0,2,6,4,0
2015_1,삼양로77길,377,134,243,1,42,84,112,82,56,1,16,38,41,20,18,0,26,46,71,62,38
2015_1,삼양로54길,4,2,2,0,0,2,2,0,0,0,0,1,1,0,0,0,0,1,1,0,0
2015_1,삼양로41길,338,160,178,1,36,80,122,75,24,1,15,40,60,32,12,0,21,40,62,43,12
2015_1,삼양로24길,88,37,51,0,12,11,28,19,18,0,3,4,14,6,10,0,9,7,14,13,8
2015_1,삼양로20길,125,42,83,0,16,29,41,29,10,0,3,9,10,11,9,0,13,20,31,18,1
2015_1,삼각산로28길,669,388,281,3,73,126,133,205,129,1,28,56,66,136,101,2,45,70,67,69,28
2015_1,도봉로99길,171,94,77,1,18,42,57,33,20,1,6,24,38,16,9,0,12,18,19,17,11
2015_1,도봉로8길,271,192,79,1,43,84,68,52,23,1,35,70,44,28,14,0,8,14,24,24,9
2015_1,도봉로76길,322,164,158,0,17,35,73,83,114,0,2,19,37,43,63,0,15,16,36,40,51
2015_1,도봉로67길,8,4,4,0,0,0,6,2,0,0,0,0,2,2,0,0,0,0,4,0,0
2015_1,도봉로45길,154,88,66,0,16,31,35,42,30,0,8,16,22,21,21,0,8,15,13,21,9
2015_1,도봉로18길,537,253,284,1,52,116,161,138,69,0,24,69,69,54,37,1,28,47,92,84,32
2015_1,도봉로13길,36,18,18,0,2,5,10,14,5,0,1,0,6,6,5,0,1,5,4,8,0
2015_1,덕릉로41길,681,584,97,0,62,174,238,205,2,0,43,139,214,188,0,0,19,35,24,17,2
2015_1,덕릉로40길,871,696,175,3,63,127,281,294,103,3,34,92,228,249,90,0,29,35,53,45,13
2015_1,노해로33길,27,10,17,0,10,4,1,8,4,0,1,2,0,4,3,0,9,2,1,4,1
2015_1,노해로17길,189,89,100,1,24,48,44,50,22,0,6,34,28,14,7,1,18,14,16,36,15
2015_1,화랑로40길,117,63,54,0,12,29,37,28,11,0,3,14,21,16,9,0,9,15,16,12,2
2015_1,화랑로32길,395,292,103,5,65,161,106,52,6,0,21,136,85,45,5,5,44,25,21,7,1
2015_1,화랑로1길,185,100,85,0,19,33,40,71,22,0,9,12,24,48,7,0,10,21,16,23,15
2015_1,화랑로19길,425,220,205,0,50,124,137,85,29,0,18,61,79,44,18,0,32,63,58,41,11
2015_1,화랑로14길,36,19,17,0,1,9,16,6,4,0,1,4,9,2,3,0,0,5,7,4,1
2015_1,화랑로13길,89,40,49,0,23,17,35,12,2,0,6,9,16,7,2,0,17,8,19,5,0
2015_1,한천로76길,111,68,43,1,1,13,42,34,20,1,1,12,27,17,10,0,0,1,15,17,10
2015_1,한천로101가길,61,35,26,3,8,12,20,15,3,1,3,9,13,8,1,2,5,3,7,7,2
2015_1,창경궁로43길,22,16,6,0,3,5,7,5,2,0,3,3,6,3,1,0,0,2,1,2,1
2015_1,지봉로20길,172,115,57,0,18,48,48,42,16,0,9,27,36,29,14,0,9,21,12,13,2
2015_1,종암로5길,106,76,30,0,11,36,37,14,8,0,9,30,26,6,5,0,2,6,11,8,3
2015_1,종암로24가길,270,135,135,1,48,71,80,49,21,0,16,29,41,31,18,1,32,42,39,18,3
2015_1,종암로21길,113,42,71,2,15,24,45,20,7,0,1,7,20,9,5,2,14,17,25,11,2
2015_1,종암로19길,390,112,278,0,86,71,103,93,37,0,15,29,31,18,19,0,71,42,72,75,18
2015_1,종암로16길,58,23,35,0,7,5,22,15,9,0,0,0,10,6,7,0,7,5,12,9,2
2015_1,정릉로8길,198,118,80,1,37,57,52,28,23,1,13,34,29,20,21,0,24,23,23,8,2
2015_1,정릉로27길,229,110,119,4,37,63,54,44,27,3,9,28,36,16,18,1,28,35,18,28,9
2015_1,장위로50길,1011,558,453,6,106,179,244,266,210,3,46,109,128,146,126,3,60,70,116,120,84
2015_1,장월로1길,384,152,232,6,55,69,124,84,46,5,24,39,41,22,21,1,31,30,83,62,25
2015_1,인촌로6길,1921,1003,918,2,218,346,484,437,434,0,81,207,194,230,291,2,137,139,290,207,143
2015_1,인촌로5길,28,4,24,0,2,4,11,10,1,0,0,0,3,1,0,0,2,4,8,9,1
2015_1,인촌로24길,293,138,155,0,70,133,56,24,10,0,28,61,35,9,5,0,42,72,21,15,5
2015_1,개운사길,2710,1782,928,1,264,725,857,668,195,0,85,405,624,511,157,1,179,320,233,157,38
2015_1,인촌로1길,147,98,49,1,22,49,40,24,11,0,10,32,29,17,10,1,12,17,11,7,1
2015_1,인촌로17가길,2911,1191,1720,0,849,980,677,336,69,0,178,380,352,217,64,0,671,600,325,119,5
2015_1,오패산로4길,470,173,297,5,87,111,115,90,62,3,28,44,41,32,25,2,59,67,74,58,37
2015_1,오패산로3길,1264,706,558,4,222,296,324,228,190,2,110,183,212,123,76,2,112,113,112,105,114
2015_1,오패산로19길,33,19,14,0,2,14,12,3,2,0,1,10,6,1,1,0,1,4,6,2,1
2015_1,안암로5길,608,388,220,2,101,165,156,125,59,0,34,107,105,91,51,2,67,58,51,34,8
2015_1,아리랑로4길,721,249,472,1,66,118,221,212,103,0,21,49,72,59,48,1,45,69,149,153,55
2015_1,솔샘로6길,118,61,57,1,25,28,33,24,7,1,9,19,14,14,4,0,16,9,19,10,3
2015_1,성북로8길,53,26,27,0,14,23,11,2,3,0,3,11,10,0,2,0,11,12,1,2,1
2015_1,삼양로8길,72,49,23,4,20,21,16,8,3,3,12,15,11,5,3,1,8,6,5,3,0
2015_1,삼선교로16가길,653,365,288,1,176,97,163,174,42,1,60,49,113,118,24,0,116,48,50,56,18
2015_1,삼선교로10다길,101,36,65,1,13,13,26,28,20,0,3,10,12,8,3,1,10,3,14,20,17
2015_1,삼선교로10길,230,101,129,1,37,61,79,39,13,0,8,20,36,26,11,1,29,41,43,13,2
2015_1,보문로32길,938,408,530,0,246,210,241,179,62,0,20,105,141,103,39,0,226,105,100,76,23
2015_1,보문로31길,892,359,533,2,195,192,205,198,100,2,67,93,74,61,62,0,128,99,131,137,38
2015_1,보문로13길,605,369,236,0,2,28,48,94,433,0,0,13,26,47,283,0,2,15,22,47,150
2015_1,보국문로16길,261,178,83,0,12,31,58,124,36,0,2,13,42,99,22,0,10,18,16,25,14
2015_1,동소문로26가길,234,136,98,1,50,71,52,31,29,0,26,47,36,12,15,1,24,24,16,19,14
2015_1,동소문로15길,61,24,37,1,10,14,22,9,5,1,1,7,9,2,4,0,9,7,13,7,1
2015_1,동소문로13길,881,492,389,2,81,147,174,249,228,1,27,92,110,142,120,1,54,55,64,107,108
2015_1,돌곶이로8길,197,111,86,2,26,61,43,49,16,0,7,28,27,37,12,2,19,33,16,12,4
2015_1,돌곶이로41길,32,14,18,0,5,7,9,8,3,0,1,3,4,4,2,0,4,4,5,4,1
2015_1,돌곶이로28길,153,81,72,0,26,40,45,29,13,0,14,20,26,15,6,0,12,20,19,14,7
2015_1,돌곶이로27길,50,31,19,0,7,13,13,13,4,0,3,10,7,7,4,0,4,3,6,6,0
2015_1,돌곶이로22길,97,52,45,0,16,27,33,14,7,0,7,15,17,9,4,0,9,12,16,5,3
2015_1,길음로7길,12,8,4,0,1,5,3,1,2,0,0,5,2,0,1,0,1,0,1,1,1
2015_1,중랑천로10길,633,344,289,11,152,143,185,117,25,6,67,81,100,71,19,5,85,62,85,46,6
2015_1,용마산로94길,428,269,159,0,76,51,146,117,38,0,35,34,86,82,32,0,41,17,60,35,6
2015_1,용마산로118길,517,219,298,2,77,134,142,99,63,0,19,54,58,46,42,2,58,80,84,53,21
2015_1,용마산로112길,249,116,133,0,34,63,55,61,36,0,10,31,21,26,28,0,24,32,34,35,8
2015_1,용마산로100길,495,351,144,0,41,56,92,183,123,0,7,26,56,149,113,0,34,30,36,34,10
2015_1,신내로7가길,300,76,224,0,32,71,93,74,30,0,4,20,28,14,10,0,28,51,65,60,20
2015_1,사가정로54길,92,33,59,0,26,17,23,22,4,0,2,7,8,12,4,0,24,10,15,10,0
2015_1,사가정로42길,66,21,45,0,5,17,19,18,7,0,1,5,8,4,3,0,4,12,11,14,4
2015_1,봉화산로56길,558,150,408,1,76,87,142,195,57,1,30,39,38,34,8,0,46,48,104,161,49
2015_1,봉화산로4길,303,122,181,0,25,50,96,89,43,0,2,20,39,32,29,0,23,30,57,57,14
2015_1,봉화산로30길,365,247,118,0,37,61,106,129,32,0,13,33,71,102,28,0,24,28,35,27,4
2015_1,봉우재로33길,58,24,34,0,8,7,20,14,9,0,4,4,7,2,7,0,4,3,13,12,2
2015_1,면목로78길,247,139,108,1,25,51,76,60,34,0,11,26,45,33,24,1,14,25,31,27,10
2015_1,면목로56길,234,188,46,0,12,27,72,85,38,0,1,16,55,81,35,0,11,11,17,4,3
2015_1,면목로55길,421,124,297,0,41,82,126,117,55,0,6,31,35,28,24,0,35,51,91,89,31
2015_1,면목로49길,509,169,340,1,195,195,74,32,12,0,25,83,35,17,9,1,170,112,39,15,3
2015_1,면목로48길,97,53,44,0,10,32,34,16,5,0,4,21,17,7,4,0,6,11,17,9,1
2015_1,면목로45길,83,39,44,1,11,25,22,14,10,1,2,10,10,10,6,0,9,15,12,4,4
2015_1,면목로33길,431,165,266,2,51,93,124,111,50,2,13,29,53,38,30,0,38,64,71,73,20
2015_1,면목로21길,28,18,10,0,3,5,12,7,1,0,2,3,7,6,0,0,1,2,5,1,1
2015_1,망우로73길,7,3,4,0,0,0,4,2,1,0,0,0,1,1,1,0,0,0,3,1,0
2015_1,망우로68길,76,31,45,1,18,16,18,15,8,0,5,4,5,11,6,1,13,12,13,4,2
2015_1,동일로163길,104,71,33,0,11,27,39,20,7,0,7,22,22,16,4,0,4,5,17,4,3
2015_1,동일로157길,175,90,85,0,35,49,42,28,21,0,7,29,26,13,15,0,28,20,16,15,6
2015_1,동일로149길,1098,813,285,0,123,291,340,306,38,0,72,197,276,239,29,0,51,94,64,67,9
2015_1,동일로140길,223,84,139,0,26,51,69,61,16,0,7,20,28,21,8,0,19,31,41,40,8
2015_1,동일로139길,75,48,27,0,2,18,32,16,7,0,0,13,21,10,4,0,2,5,11,6,3
2015_1,동일로139가길,994,600,394,2,95,219,207,148,323,1,37,137,107,74,244,1,58,82,100,74,79
2015_1,동일로130길,96,26,70,0,14,19,37,15,11,0,7,3,6,2,8,0,7,16,31,13,3
2015_1,동일로123길,178,98,80,0,26,44,54,29,25,0,10,25,30,15,18,0,16,19,24,14,7
2015_1,동일로112길,199,78,121,1,23,29,59,64,23,0,6,13,16,30,13,1,17,16,43,34,10
2015_1,동일로101길,315,127,188,1,40,63,87,95,29,0,10,29,38,31,19,1,30,34,49,64,10
2015_1,동일로100길,34,14,20,1,6,7,8,9,3,1,0,4,3,5,1,0,6,3,5,4,2
2015_1,답십리로75길,82,44,38,0,6,21,28,17,10,0,1,9,14,12,8,0,5,12,14,5,2
2015_1,공릉로2길,548,272,276,2,78,145,159,114,50,1,20,75,82,58,36,1,58,70,77,56,14
2015_1,공릉로12가길,45,31,14,0,5,7,17,10,6,0,1,5,13,8,4,0,4,2,4,2,2
2015_1,겸재로54길,98,54,44,0,11,20,26,26,15,0,9,11,12,15,7,0,2,9,14,11,8
2015_1,겸재로36길,305,246,59,0,18,36,74,118,59,0,6,26,57,99,58,0,12,10,17,19,1
2015_1,겸재로29길,443,202,241,0,34,109,131,109,60,0,9,42,64,48,39,0,25,67,67,61,21
2015_1,휘경로3길,176,92,84,0,42,47,46,25,16,0,14,26,27,15,10,0,28,21,19,10,6
2015_1,휘경로2길,7,2,5,0,2,3,1,1,0,0,0,0,1,1,0,0,2,3,0,0,0
2015_1,휘경로23길,16,0,16,0,1,1,10,4,0,0,0,0,0,0,0,0,1,1,10,4,0
2015_1,휘경로14길,81,37,44,0,7,9,24,16,25,0,3,6,15,6,7,0,4,3,9,10,18
2015_1,한천로46길,376,127,249,0,45,79,133,89,30,0,11,26,42,34,14,0,34,53,91,55,16
2015_1,한천로40길,308,166,142,0,25,73,100,85,25,0,12,38,48,54,14,0,13,35,52,31,11
2015_1,한천로33길,85,35,50,0,21,19,8,18,19,0,7,12,4,8,4,0,14,7,4,10,15
2015_1,한천로14길,565,345,220,1,52,156,171,131,54,0,23,109,107,72,34,1,29,47,64,59,20
2015_1,천호대로97길,323,208,115,2,46,84,84,73,34,0,19,60,54,48,27,2,27,24,30,25,7
2015_1,천호대로77길,2079,1162,917,9,283,429,445,472,441,5,170,260,283,214,230,4,113,169,162,258,211
2015_1,천호대로45길,177,113,64,0,8,27,51,43,48,0,3,16,28,29,37,0,5,11,23,14,11
2015_1,천호대로17길,1948,1233,715,9,277,430,385,385,462,5,112,247,248,256,365,4,165,183,137,129,97
2015_1,천호대로12길,804,556,248,8,154,217,219,158,48,2,89,156,159,116,34,6,65,61,60,42,14
2015_1,천장산로7길,1329,845,484,0,109,358,416,359,87,0,42,179,280,270,74,0,67,179,136,89,13
2015_1,제기로5길,197,108,89,0,19,39,57,60,22,0,13,33,31,23,8,0,6,6,26,37,14
2015_1,제기로21길,217,139,78,3,22,47,70,53,22,0,7,26,53,41,12,3,15,21,17,12,10
2015_1,전농로4길,658,429,229,1,84,191,197,133,52,1,43,138,130,81,36,0,41,53,67,52,16
2015_1,전농로3길,108,44,64,0,19,26,33,21,9,0,6,13,15,5,5,0,13,13,18,16,4
2015_1,전농로29길,278,117,161,2,32,89,91,50,14,2,10,39,35,22,9,0,22,50,56,28,5
2015_1,장한로8길,726,416,310,1,92,161,207,187,78,1,24,89,112,122,68,0,68,72,95,65,10
2015_1,장한로5길,3252,2173,1079,45,775,976,771,527,158,10,389,636,595,412,131,35,386,340,176,115,27
2015_1,장한로27길,158,49,109,1,45,55,25,23,9,1,8,21,12,3,4,0,37,34,13,20,5
2015_1,장한로27가길,372,185,187,0,24,78,110,126,34,0,9,41,58,59,18,0,15,37,52,67,16
2015_1,장한로26길,533,265,268,2,86,136,128,118,63,0,22,72,63,61,47,2,64,64,65,57,16
2015_1,장한로26가길,327,170,157,0,34,51,49,96,97,0,11,26,20,58,55,0,23,25,29,38,42
2015_1,장한로25길,993,463,530,6,151,286,280,201,69,1,39,134,147,102,40,5,112,152,133,99,29
2015_1,장한로14길,193,165,28,1,3,17,58,79,35,0,0,11,46,74,34,1,3,6,12,5,1
2015_1,이문로42길,223,83,140,0,41,45,63,59,15,0,7,8,33,24,11,0,34,37,30,35,4
2015_1,왕산로43길,972,484,488,2,208,281,231,167,83,1,58,162,119,81,63,1,150,119,112,86,20
2015_1,왕산로33길,178,118,60,0,11,27,58,50,32,0,9,18,45,24,22,0,2,9,13,26,10
2015_1,왕산로32길,10,6,4,0,0,2,4,3,1,0,0,1,2,3,0,0,0,1,2,0,1
2015_1,약령시로17길,249,139,110,1,36,48,64,67,33,0,23,29,32,39,16,1,13,19,32,28,17
2015_1,서울시립대로4길,774,508,266,9,137,203,201,163,61,7,69,145,144,102,41,2,68,58,57,61,20
2015_1,서울시립대로29길,190,111,79,1,24,47,54,38,26,1,10,36,27,18,19,0,14,11,27,20,7
2015_1,서울시립대로16길,110,31,79,0,14,30,33,22,11,0,4,8,12,4,3,0,10,22,21,18,8
2015_1,사가정로2길,130,93,37,0,16,35,36,19,24,0,11,27,25,14,16,0,5,8,11,5,8
2015_1,사가정로23가길,91,61,30,0,13,35,16,17,10,0,7,28,5,12,9,0,6,7,11,5,1
2015_1,사가정로13길,294,113,181,1,49,90,77,58,19,0,11,33,32,22,15,1,38,57,45,36,4
2015_1,무학로45길,364,196,168,1,76,105,85,61,36,0,27,57,52,39,21,1,49,48,33,22,15
2015_1,무학로16길,1050,920,130,0,46,311,352,229,112,0,20,263,305,221,111,0,26,48,47,8,1
2015_1,망우로21길,178,101,77,1,21,35,36,50,35,1,5,15,19,31,30,0,16,20,17,19,5
2015_1,망우로18길,551,250,301,0,144,171,147,64,25,0,50,72,85,32,11,0,94,99,62,32,14
2015_1,망우로18가길,73,27,46,0,12,22,21,11,7,0,2,10,9,3,3,0,10,12,12,8,4
2015_1,답십리로72길,8,7,1,0,0,2,2,4,0,0,0,1,2,4,0,0,0,1,0,0,0
2015_1,답십리로69길,758,337,421,3,121,201,198,167,68,2,32,95,98,63,47,1,89,106,100,104,21
2015_1,답십리로68길,165,108,57,1,18,27,49,51,19,0,12,20,30,33,13,1,6,7,19,18,6
2015_1,답십리로64길,358,198,160,0,75,96,86,75,26,0,30,60,60,33,15,0,45,36,26,42,11
2015_1,답십리로63길,87,56,31,0,7,15,37,24,4,0,2,9,27,15,3,0,5,6,10,9,1
2015_1,답십리로60길,12,6,6,0,1,1,7,2,1,0,0,1,3,2,0,0,1,0,4,0,1
2015_1,답십리로56길,8,6,2,0,0,3,5,0,0,0,0,3,3,0,0,0,0,0,2,0,0
2015_1,답십리로23길,2,2,0,0,0,0,2,0,0,0,0,0,2,0,0,0,0,0,0,0,0
2015_1,난계로30길,216,170,46,1,15,35,46,78,41,0,11,23,38,63,35,1,4,12,8,15,6
2015_1,경희대로3길,255,158,97,0,73,86,52,38,6,0,26,48,43,35,6,0,47,38,9,3,0
2015_1,천호대로129길,185,62,123,0,26,34,67,42,16,0,5,9,20,19,9,0,21,25,47,23,7
2015_1,천호대로123길,363,154,209,0,62,85,109,86,21,0,9,38,53,40,14,0,53,47,56,46,7
2015_1,천호대로109길,1371,820,551,7,172,355,392,326,119,4,59,199,243,225,90,3,113,156,149,101,29
2015_1,자양번영로3길,92,41,51,0,8,8,33,32,11,0,0,3,15,16,7,0,8,5,18,16,4
2015_1,자양로50길,22,7,15,0,6,7,3,3,3,0,1,3,0,1,2,0,5,4,3,2,1
2015_1,자양로45길,517,282,235,4,95,139,152,85,42,1,39,86,90,45,21,3,56,53,62,40,21
2015_1,자양로26길,324,114,210,0,38,73,103,83,27,0,5,21,46,28,14,0,33,52,57,55,13
2015_1,자양로15길,372,222,150,0,21,86,85,103,77,0,6,43,55,60,58,0,15,43,30,43,19
2015_1,자양로11길,1261,630,631,20,249,290,321,234,147,9,53,154,194,133,87,11,196,136,127,101,60
2015_1,용마산로3길,871,487,384,2,137,230,232,171,99,1,61,143,108,96,78,1,76,87,124,75,21
2015_1,용마산로21길,150,69,81,0,19,34,50,36,11,0,5,13,26,17,8,0,14,21,24,19,3
2015_1,아차산로78길,1723,1079,644,35,211,429,451,383,214,21,117,302,277,227,135,14,94,127,174,156,79
2015_1,아차산로65길,649,446,203,1,107,187,186,134,34,1,55,131,136,97,26,0,52,56,50,37,8
2015_1,아차산로55길,536,260,276,2,130,146,116,94,48,1,33,81,72,44,29,1,97,65,44,50,19
2015_1,아차산로51길,229,131,98,0,27,56,66,55,25,0,9,36,36,34,16,0,18,20,30,21,9
2015_1,아차산로40길,516,304,212,2,68,127,145,105,69,2,30,67,81,63,61,0,38,60,64,42,8
2015_1,면목로17길,223,139,84,1,34,45,59,50,34,1,11,29,34,40,24,0,23,16,25,10,10
2015_1,뚝섬로64길,359,198,161,0,42,69,96,78,74,0,13,36,49,39,61,0,29,33,47,39,13
2015_1,뚝섬로58길,203,89,114,0,24,51,58,59,11,0,12,17,24,28,8,0,12,34,34,31,3
2015_1,뚝섬로54길,139,80,59,0,17,37,48,25,12,0,7,23,22,18,10,0,10,14,26,7,2
2015_1,뚝섬로48길,744,355,389,3,106,166,217,180,72,3,42,85,105,78,42,0,64,81,112,102,30
2015_1,뚝섬로24길,111,40,71,0,15,21,28,40,7,0,3,6,9,17,5,0,12,15,19,23,2
2015_1,뚝섬로23길,90,61,29,0,9,24,27,15,15,0,4,16,13,14,14,0,5,8,14,1,1
2015_1,동일로24길,9,4,5,0,1,1,2,5,0,0,1,0,1,2,0,0,0,1,1,3,0
2015_1,동일로18길,135,64,71,0,26,34,39,26,10,0,10,16,23,8,7,0,16,18,16,18,3
2015_1,능동로4길,206,81,125,0,36,58,49,43,20,0,9,18,18,24,12,0,27,40,31,19,8
2015_1,능동로3길,184,80,104,0,18,29,48,50,39,0,3,6,22,24,25,0,15,23,26,26,14
2015_1,능동로34길,707,425,282,2,106,160,180,149,110,1,39,81,113,99,92,1,67,79,67,50,18
2015_1,능동로19길,351,230,121,2,65,95,81,74,34,2,35,65,51,47,30,0,30,30,30,27,4
2015_1,능동로13길,300,96,204,2,36,49,66,95,52,1,7,22,23,26,17,1,29,27,43,69,35
2015_1,긴고랑로9길,70,31,39,1,6,23,26,7,7,0,1,14,10,3,3,1,5,9,16,4,4
2015_1,긴고랑로8길,238,210,28,0,7,27,60,93,51,0,3,21,49,86,51,0,4,6,11,7,0
2015_1,긴고랑로7길,454,225,229,0,50,112,150,107,35,0,18,58,73,49,27,0,32,54,77,58,8
2015_1,긴고랑로20길,524,237,287,2,65,128,157,122,50,0,21,59,76,55,26,2,44,69,81,67,24
2015_1,광나루로52길,1585,802,783,13,167,275,250,413,467,6,92,170,152,187,195,7,75,105,98,226,272
2015_1,광나루로40길,78,34,44,1,21,19,16,15,6,0,2,9,9,11,3,1,19,10,7,4,3
2015_1,광나루로37길,275,168,107,0,42,99,68,45,21,0,15,65,41,33,14,0,27,34,27,12,7
2015_1,광나루로36길,30,18,12,0,4,8,8,8,2,0,3,6,4,5,0,0,1,2,4,3,2
2015_1,광나루로24길,105,59,46,0,38,29,20,10,8,0,19,21,9,4,6,0,19,8,11,6,2
2015_1,광나루로12길,876,549,327,2,171,269,225,153,56,1,84,180,141,99,44,1,87,89,84,54,12
2015_1,한림말길,93,61,32,0,6,28,34,16,9,0,0,16,24,14,7,0,6,12,10,2,2
2015_1,청계천로10나길,1770,1009,761,4,284,548,389,346,199,2,128,369,226,157,127,2,156,179,163,189,72
2015_1,장터길,34,11,23,0,7,9,8,7,3,0,1,2,4,3,1,0,6,7,4,4,2
2015_1,용답중앙길,92,49,43,0,9,20,27,23,13,0,4,12,19,9,5,0,5,8,8,14,8
2015_1,용답29길,1814,901,913,10,229,376,544,416,239,5,143,186,187,199,181,5,86,190,357,217,58
2015_1,왕십리로6길,1324,762,562,6,187,368,371,298,94,5,77,226,210,176,68,1,110,142,161,122,26
2015_1,왕십리로31길,135,62,73,0,19,34,44,21,17,0,5,9,21,13,14,0,14,25,23,8,3
2015_1,왕십리로26길,3975,2177,1798,18,669,981,1279,691,337,12,242,604,650,442,227,6,427,377,629,249,110
2015_1,왕십리로21길,138,39,99,1,21,35,40,30,11,0,2,8,11,13,5,1,19,27,29,17,6
2015_1,왕십리로14길,1896,1523,373,1,185,401,496,518,295,0,112,309,396,447,259,1,73,92,100,71,36
2015_1,아차산로5길,2105,1449,656,30,287,490,652,488,158,24,175,345,439,332,134,6,112,145,213,156,24
2015_1,아차산로15길,3620,2630,990,23,493,1144,1043,641,276,7,271,851,765,492,244,16,222,293,278,149,32
2015_1,아차산로11길,3282,2095,1187,16,530,912,962,614,248,4,221,636,663,383,188,12,309,276,299,231,60
2015_1,송정4가길,1143,585,558,2,184,449,295,129,84,1,67,239,150,66,62,1,117,210,145,63,22
2015_1,송정12라길,223,162,61,0,24,65,63,46,25,0,11,46,43,40,22,0,13,19,20,6,3
2015_1,성수일로6길,3109,1744,1365,9,417,811,762,485,625,7,205,492,422,301,317,2,212,319,340,184,308
2015_1,성수이로7길,578,320,258,0,65,138,190,145,40,0,30,81,97,83,29,0,35,57,93,62,11
2015_1,성수이로18길,2126,1519,607,18,274,655,625,429,125,10,153,462,467,320,107,8,121,193,158,109,18
2015_1,성덕정길,595,369,226,1,52,147,187,163,45,1,22,96,113,103,34,0,30,51,74,60,11
2015_1,성덕정17길,205,113,92,0,27,47,58,52,21,0,8,21,36,36,12,0,19,26,22,16,9
2015_1,서울숲2길,1676,899,777,3,113,273,360,551,376,1,45,152,199,243,259,2,68,121,161,308,117
2015_1,상원길,1519,1004,515,4,257,523,406,241,88,3,125,363,282,160,71,1,132,160,124,81,17
2015_1,상원12길,140,86,54,0,27,36,45,22,10,0,11,23,28,16,8,0,16,13,17,6,2
2015_1,사근동길,26,16,10,0,1,12,9,1,3,0,1,6,6,1,2,0,0,6,3,0,1
2015_1,무학봉길,8,7,1,0,0,1,1,2,4,0,0,0,1,2,4,0,0,1,0,0,0
2015_1,무학봉28길,169,74,95,0,28,43,50,34,14,0,7,18,23,16,10,0,21,25,27,18,4
2015_1,무학로6길,350,204,146,1,37,92,81,84,55,0,19,60,42,54,29,1,18,32,39,30,26
2015_1,무수막길,102,51,51,0,13,25,33,21,10,0,6,13,16,8,8,0,7,12,17,13,2
2015_1,매봉길,27,16,11,0,1,10,5,6,5,0,1,7,2,3,3,0,0,3,3,3,2
2015_1,마조로1길,169,68,101,0,17,37,66,42,7,0,5,14,25,18,6,0,12,23,41,24,1
2015_1,마조로16길,806,550,256,1,68,158,235,229,115,1,26,98,168,159,98,0,42,60,67,70,17
2015_1,마장로39길,15,11,4,0,0,2,4,6,3,0,0,2,3,4,2,0,0,0,1,2,1
2015_1,마장로27길,104,38,66,0,14,36,33,16,5,0,6,11,12,6,3,0,8,25,21,10,2
2015_1,둘레9길,396,237,159,0,41,100,120,99,36,0,20,56,77,58,26,0,21,44,43,41,10
2015_1,금호산길,373,134,239,5,53,89,112,89,25,1,10,27,37,42,17,4,43,62,75,47,8
2015_1,금호산2길,32,13,19,0,4,9,10,4,5,0,0,3,4,2,4,0,4,6,6,2,1
2015_1,고산자로6길,15962,6588,9374,288,2553,4797,4998,2993,333,56,1076,2652,1667,862,275,232,1477,2145,3331,2131,58
2015_1,후암로28길,176,69,107,0,45,45,40,36,10,0,8,17,22,13,9,0,37,28,18,23,1
2015_1,효창원로39길,53,33,20,0,2,25,19,7,0,0,1,18,11,3,0,0,1,7,8,4,0
2015_1,회나무로13길,41,23,18,0,12,11,6,9,3,0,4,8,4,4,3,0,8,3,2,5,0
2015_1,한남대로20길,832,504,328,0,207,334,182,56,53,0,100,199,122,39,44,0,107,135,60,17,9
2015_1,한강대로7길,382,271,111,3,66,109,83,60,61,3,42,87,62,41,36,0,24,22,21,19,25
2015_1,한강대로62길,663,455,208,1,134,153,159,128,88,1,86,112,119,78,59,0,48,41,40,50,29
2015_1,한강대로52길,6319,2010,4309,69,2141,2708,1143,185,73,29,703,834,274,114,56,40,1438,1874,869,71,17
2015_1,한강대로43길,4686,3077,1609,12,688,1457,1250,871,408,6,356,994,897,571,253,6,332,463,353,300,155
2015_1,한강대로15길,1905,429,1476,24,953,631,189,65,43,1,70,145,131,50,32,23,883,486,58,15,11
2015_1,한강대로104길,4794,3508,1286,27,746,1638,1457,759,167,3,324,1183,1212,653,133,24,422,455,245,106,34
2015_1,청파로73길,1414,815,599,0,215,398,361,277,163,0,87,182,182,218,146,0,128,216,179,59,17
2015_1,청파로71길,257,136,121,0,33,78,62,65,19,0,6,38,27,51,14,0,27,40,35,14,5
2015_1,청파로47나길,116,83,33,0,16,24,28,28,20,0,9,20,20,21,13,0,7,4,8,7,7
2015_1,청파로47길,809,375,434,6,113,238,204,170,78,1,38,112,104,76,44,5,75,126,100,94,34
2015_1,장문로45길,86,8,78,0,9,12,18,30,17,0,0,1,1,4,2,0,9,11,17,26,15
2015_1,이태원로54길,2263,1575,688,3,646,652,513,392,57,2,349,498,412,286,28,1,297,154,101,106,29
2015_1,이태원로27길,476,289,187,8,161,141,92,42,32,3,95,90,58,25,18,5,66,51,34,17,14
2015_1,이촌로22길,195,111,84,0,15,37,68,47,28,0,1,19,46,24,21,0,14,18,22,23,7
2015_1,원효로89길,909,739,170,0,137,336,237,163,36,0,96,262,212,140,29,0,41,74,25,23,7
2015_1,원효로53길,696,434,262,3,111,221,191,115,55,3,45,154,130,68,34,0,66,67,61,47,21
2015_1,원효로41길,2831,2036,795,22,285,822,578,836,288,12,165,622,462,579,196,10,120,200,116,257,92
2015_1,원효로19길,913,669,244,1,115,378,236,117,66,0,57,297,180,85,50,1,58,81,56,32,16
2015_1,우사단로4길,156,116,40,0,16,28,28,59,25,0,4,17,18,52,25,0,12,11,10,7,0
2015_1,우사단로14길,1735,970,765,5,379,862,394,73,22,1,125,471,296,60,17,4,254,391,98,13,5
2015_1,우사단로10길,58,29,29,0,10,11,25,8,4,0,1,3,14,7,4,0,9,8,11,1,0
2015_1,신흥로20길,214,107,107,0,41,55,64,33,21,0,12,24,37,19,15,0,29,31,27,14,6
2015_1,소월로20길,126,43,83,0,26,33,26,27,14,0,6,7,8,14,8,0,20,26,18,13,6
2015_1,서빙고로71길,466,277,189,0,42,149,125,100,50,0,15,66,70,86,40,0,27,83,55,14,10
2015_1,백범로90길,262,158,104,1,40,64,71,51,35,0,19,40,45,32,22,1,21,24,26,19,13
2015_1,백범로79길,929,585,344,4,124,282,202,239,78,0,44,172,149,162,58,4,80,110,53,77,20
2015_1,두텁바위로1길,2520,1458,1062,9,457,743,590,410,311,4,138,432,391,293,200,5,319,311,199,117,111
2015_1,대사관로34길,295,167,128,0,29,85,73,65,43,0,11,53,38,37,28,0,18,32,35,28,15
2015_1,녹사평대로46길,25,17,8,0,7,12,3,1,2,0,6,6,2,1,2,0,1,6,1,0,0
2015_1,녹사평대로40나길,21,9,12,1,6,4,2,4,4,1,1,2,0,2,3,0,5,2,2,2,1
2015_1,녹사평대로32길,334,176,158,0,74,79,86,45,50,0,27,42,46,24,37,0,47,37,40,21,13
2015_1,녹사평대로26길,2210,1334,876,0,158,650,625,594,183,0,70,326,358,453,127,0,88,324,267,141,56
2015_1,녹사평대로11길,271,175,96,0,35,75,92,47,22,0,20,43,61,33,18,0,15,32,31,14,4
2015_1,퇴계로90길,460,193,267,1,72,119,125,102,41,0,14,48,47,55,29,1,58,71,78,47,12
2015_1,퇴계로8길,2235,1321,914,9,432,734,516,301,243,0,132,465,350,190,184,9,300,269,166,111,59
2015_1,퇴계로56길,864,659,205,1,94,318,281,120,50,1,54,245,240,89,30,0,40,73,41,31,20
2015_1,퇴계로46길,1866,721,1145,5,330,623,468,338,102,4,48,183,209,198,79,1,282,440,259,140,23
2015_1,퇴계로18길,2828,1335,1493,10,590,853,707,451,217,0,171,468,350,208,138,10,419,385,357,243,79
2015_1,퇴계로12길,1007,455,552,2,215,237,211,248,94,0,45,97,113,138,62,2,170,140,98,110,32
2015_1,청구로1길,213,106,107,0,52,42,46,48,25,0,14,20,22,31,19,0,38,22,24,17,6
2015_1,청구로17길,1657,765,892,10,453,624,314,189,67,1,75,294,195,148,52,9,378,330,119,41,15
2015_1,장충단로8길,3994,1255,2739,90,1524,871,876,462,171,32,381,364,233,149,96,58,1143,507,643,313,75
2015_1,삼일대로4길,1356,977,379,1,167,375,406,303,104,0,72,254,327,251,73,1,95,121,79,52,31
2015_1,명동길,34339,17638,16701,274,6780,12109,10175,4122,879,91,2098,5678,6212,2941,618,183,4682,6431,3963,1181,261
2015_1,동호로20길,940,423,517,2,286,294,183,124,51,0,82,133,97,79,32,2,204,161,86,45,19
2015_1,동호로15길,4452,2435,2017,47,1893,1486,680,264,82,18,736,935,498,183,65,29,1157,551,182,81,17
2015_1,동호로11길,11,9,2,0,0,1,5,4,1,0,0,1,5,3,0,0,0,0,0,1,1
2015_1,동호로10길,4334,2316,2018,21,621,885,811,1079,917,15,275,605,539,479,403,6,346,280,272,600,514
2015_1,다산로39길,924,570,354,5,120,257,260,215,67,3,44,157,187,132,47,2,76,100,73,83,20
2015_1,다산로38길,1309,727,582,8,267,367,307,252,108,7,98,189,192,160,81,1,169,178,115,92,27
2015_1,다산로36길,46,26,20,0,9,16,9,9,3,0,2,9,6,7,2,0,7,7,3,2,1
2015_1,다산로33길,367,193,174,1,48,84,106,93,35,0,24,49,51,45,24,1,24,35,55,48,11
2015_1,난계로21길,176,117,59,0,23,43,69,39,2,0,11,25,50,29,2,0,12,18,19,10,0
2015_1,난계로11길,1453,861,592,6,322,337,291,309,188,0,127,221,193,202,118,6,195,116,98,107,70
2015_1,평창길,172,72,100,1,36,30,47,42,16,0,7,14,24,15,12,1,29,16,23,27,4
2015_1,통일로12길,130,42,88,0,15,22,57,29,7,0,4,10,18,6,4,0,11,12,39,23,3
2015_1,창신길,251,72,179,0,34,38,57,85,37,0,10,18,15,15,14,0,24,20,42,70,23
2015_1,창신5길,7,4,3,0,1,2,0,3,1,0,1,1,0,2,0,0,0,1,0,1,1
2015_1,창신2길,41,24,17,0,0,4,12,21,4,0,0,3,7,11,3,0,0,1,5,10,1
2015_1,창경궁로35길,1281,361,920,31,323,378,395,111,43,0,27,124,135,46,29,31,296,254,260,65,14
2015_1,지봉로8길,145,71,74,0,21,34,50,36,4,0,9,17,21,22,2,0,12,17,29,14,2
2015_1,종로65길,560,284,276,1,68,149,127,100,115,1,24,62,69,47,81,0,44,87,58,53,34
2015_1,자하문로7길,472,278,194,3,81,139,140,72,37,2,34,83,91,38,30,1,47,56,49,34,7
2015_1,이화장길,2075,1037,1038,9,370,554,615,438,89,3,113,227,329,303,62,6,257,327,286,135,27
2015_1,율곡로16길,58,20,38,0,22,29,3,4,0,0,0,16,2,2,0,0,22,13,1,2,0
2015_1,율곡로10길,2193,1624,569,5,331,726,619,334,178,1,206,554,479,239,145,4,125,172,140,95,33
2015_1,옥인길,476,224,252,2,69,126,133,122,24,2,11,71,68,63,9,0,58,55,65,59,15
2015_1,숭인동길,16,6,10,0,3,1,5,6,1,0,0,1,1,3,1,0,3,0,4,3,0
2015_1,성균관로5길,107,61,46,0,8,3,6,20,70,0,3,1,3,12,42,0,5,2,3,8,28
2015_1,삼청로5길,447,180,267,4,123,129,93,66,32,2,38,55,40,29,16,2,85,74,53,37,16
2015_1,북촌로5나길,1502,1054,448,1,119,531,499,319,33,1,53,331,393,258,18,0,66,200,106,61,15
2015_1,북촌로5길,43,20,23,0,5,15,7,10,6,0,0,9,5,3,3,0,5,6,2,7,3
2015_1,북촌로11길,17,9,8,0,1,6,3,3,4,0,0,2,2,1,4,0,1,4,1,2,0
2015_1,백석동길,83,42,41,0,11,14,24,18,16,0,4,6,11,11,10,0,7,8,13,7,6
2015_1,명륜길,10,7,3,0,1,3,2,3,1,0,1,2,2,1,1,0,0,1,0,2,0
2015_1,돈화문로11가길,1092,600,492,2,144,315,261,206,164,0,48,156,157,124,115,2,96,159,104,82,49
2015_1,계동길,780,367,413,7,167,236,193,131,46,5,47,89,109,82,35,2,120,147,84,49,11
