Date,상권_코드_명,총_상주인구_수,남성_상주인구_수,여성_상주인구_수,연령대_10_상주인구_수,연령대_20_상주인구_수,연령대_30_상주인구_수,연령대_40_상주인구_수,연령대_50_상주인구_수,연령대_60_이상_상주인구_수,남성연령대_10_상주인구_수,남성연령대_20_상주인구_수,남성연령대_30_상주인구_수,남성연령대_40_상주인구_수,남성연령대_50_상주인구_수,남성연령대_60_이상_상주인구_수,여성연령대_10_상주인구_수,여성연령대_20_상주인구_수,여성연령대_30_상주인구_수,여성연령대_40_상주인구_수,여성연령대_50_상주인구_수,여성연령대_60_이상_상주인구_수
2019_1,강남 마이스 관광특구,26,17,9,7,2,2,5,5,5,5,1,1,2,4,4,2,1,1,3,1,1
2019_1,잠실 관광특구,7083,3291,3792,734,1228,1752,992,963,1414,376,500,771,488,467,689,358,728,981,504,496,725
2019_1,종로·청계 관광특구,1930,1293,637,51,209,197,221,456,796,26,146,144,155,323,499,25,63,53,66,133,297
2019_1,동대문패션타운 관광특구,2012,1008,1004,177,345,404,283,363,440,84,147,216,145,179,237,93,198,188,138,184,203
2019_1,명동 남대문 북창동 다동 무교동 관광특구,1118,404,714,15,60,121,202,242,478,4,26,61,66,100,147,11,34,60,136,142,331
2019_1,이태원 관광특구,5396,2573,2823,395,750,1017,824,856,1554,202,372,535,429,408,627,193,378,482,395,448,927
2019_1,길동복조리시장,3178,1582,1596,463,387,486,488,510,844,266,198,250,258,225,385,197,189,236,230,285,459
2019_1,둔촌역전통시장,613,311,302,98,88,73,102,118,134,50,51,33,49,68,60,48,37,40,53,50,74
2019_1,성내골목시장,954,498,456,96,131,163,145,168,251,39,65,96,78,88,132,57,66,67,67,80,119
2019_1,천호시장,139,71,68,3,9,16,25,35,51,1,5,4,15,21,25,2,4,12,10,14,26
2019_1,동서울시장,180,89,91,11,12,18,33,40,66,4,5,13,19,24,24,7,7,5,14,16,42
2019_1,고분다리골목시장,351,183,168,33,63,38,38,85,94,13,39,24,25,41,41,20,24,14,13,44,53
2019_1,양지골목시장,843,427,416,144,119,173,144,120,143,69,71,93,75,51,68,75,48,80,69,69,75
2019_1,암사종합시장,887,460,427,72,163,167,151,139,195,42,76,93,88,66,95,30,87,74,63,73,100
2019_1,고덕전통시장,316,162,154,34,36,37,48,72,89,26,21,18,26,37,34,8,15,19,22,35,55
2019_1,명일골목시장,2011,1000,1011,419,246,273,367,312,394,207,135,126,194,146,192,212,111,147,173,166,202
2019_1,새마을시장,2387,1162,1225,211,392,534,325,350,575,116,193,255,168,170,260,95,199,279,157,180,315
2019_1,석촌시장,839,421,418,101,136,132,137,158,175,46,69,64,74,86,82,55,67,68,63,72,93
2019_1,방이시장,5244,2503,2741,652,886,1102,747,826,1031,348,422,543,366,363,461,304,464,559,381,463,570
2019_1,마천시장,958,502,456,109,109,103,138,189,310,42,66,61,79,106,148,67,43,42,59,83,162
2019_1,풍납시장,2267,1126,1141,226,281,314,354,413,679,117,149,176,182,205,297,109,132,138,172,208,382
2019_1,강남개포시장,8,4,4,2,3,0,1,0,2,1,2,0,0,0,1,1,1,0,1,0,1
2019_1,도곡시장,235,109,126,61,22,40,54,35,23,37,6,16,24,16,10,24,16,24,30,19,13
2019_1,청담삼익시장,167,82,85,28,20,24,16,27,52,17,8,11,9,11,26,11,12,13,7,16,26
2019_1,논현종합시장,85,38,47,11,3,15,18,7,31,4,1,6,8,5,14,7,2,9,10,2,17
2019_1,영동전통시장,1171,547,624,93,223,302,191,150,212,42,102,140,93,75,95,51,121,162,98,75,117
2019_1,강남시장_강남,287,131,156,39,35,52,45,34,82,21,14,25,21,16,34,18,21,27,24,18,48
2019_1,양재시장,94,54,40,6,16,20,16,14,22,5,11,10,9,9,10,1,5,10,7,5,12
2019_1,남부종합시장,177,86,91,35,26,14,36,27,39,19,12,6,16,13,20,16,14,8,20,14,19
2019_1,우림시장,75,32,43,13,4,17,9,9,23,5,3,5,3,6,10,8,1,12,6,3,13
2019_1,미성동도깨비시장,649,305,344,56,96,76,93,102,226,28,42,38,46,56,95,28,54,38,47,46,131
2019_1,신신림시장,49,22,27,4,6,3,6,6,24,2,2,0,4,5,9,2,4,3,2,1,15
2019_1,삼성동시장,174,105,69,8,17,16,21,36,76,5,13,9,14,20,44,3,4,7,7,16,32
2019_1,신림중앙시장,53,31,22,4,17,14,4,3,11,2,5,11,4,1,8,2,12,3,0,2,3
2019_1,강남골목시장,587,304,283,38,137,133,64,94,121,13,73,77,33,48,60,25,64,56,31,46,61
2019_1,신림종합시장,3,2,1,0,0,0,2,0,1,0,0,0,1,0,1,0,0,0,1,0,0
2019_1,관악신사시장,2249,1123,1126,222,454,392,345,344,492,120,208,211,181,181,222,102,246,181,164,163,270
2019_1,신원시장,418,243,175,36,78,53,54,76,121,19,41,32,34,47,70,17,37,21,20,29,51
2019_1,인헌시장,1476,720,756,107,298,304,207,222,338,62,122,162,102,122,150,45,176,142,105,100,188
2019_1,봉천중앙시장,449,214,235,21,197,112,46,39,34,5,87,59,25,20,18,16,110,53,21,19,16
2019_1,봉천현대시장,13,5,8,1,3,0,2,4,3,1,1,0,1,2,0,0,2,0,1,2,3
2019_1,봉일시장,100,50,50,1,44,22,4,8,21,0,21,13,2,4,10,1,23,9,2,4,11
2019_1,봉천제일종합시장,427,192,235,12,166,67,37,62,83,6,55,37,19,41,34,6,111,30,18,21,49
2019_1,낙성대시장,613,289,324,37,252,140,58,51,75,21,98,78,32,22,38,16,154,62,26,29,37
2019_1,중부시장,649,301,348,49,188,136,70,63,143,24,64,77,38,36,62,25,124,59,32,27,81
2019_1,사당시장,7,4,3,0,3,0,0,3,1,0,2,0,0,1,1,0,1,0,0,2,0
2019_1,남성역골목시장,563,240,323,46,114,81,74,78,170,24,44,36,31,39,66,22,70,45,43,39,104
2019_1,남성사계시장,572,275,297,35,96,97,77,85,182,16,43,48,45,45,78,19,53,49,32,40,104
2019_1,흑석시장,1055,492,563,155,159,127,168,170,276,80,82,60,82,85,103,75,77,67,86,85,173
2019_1,상도4동도깨비골목시장,1920,939,981,153,280,299,263,308,617,80,143,171,139,141,265,73,137,128,124,167,352
2019_1,성대시장,178,84,94,11,62,30,20,34,21,6,19,19,8,19,13,5,43,11,12,15,8
2019_1,영도시장,56,26,30,1,8,6,9,13,19,0,5,3,6,5,7,1,3,3,3,8,12
2019_1,상도전통시장,1623,780,843,130,333,240,214,237,469,75,169,127,99,121,189,55,164,113,115,116,280
2019_1,강남시장_동작,120,46,74,7,25,22,17,9,40,4,7,9,7,2,17,3,18,13,10,7,23
2019_1,신노량진시장,16,8,8,0,4,1,3,5,3,0,1,1,1,3,2,0,3,0,2,2,1
2019_1,본동인정시장,442,241,201,33,85,65,70,77,112,18,55,38,45,40,45,15,30,27,25,37,67
2019_1,노량진중앙시장,165,100,65,7,64,40,11,15,28,2,37,32,8,11,10,5,27,8,3,4,18
2019_1,대림중앙시장,402,197,205,30,48,48,59,79,138,17,27,30,28,35,60,13,21,18,31,44,78
2019_1,우리시장,333,164,169,29,36,43,37,63,125,16,20,22,19,33,54,13,16,21,18,30,71
2019_1,영진시장A동,123,60,63,17,19,12,17,20,38,8,7,6,6,10,23,9,12,6,11,10,15
2019_1,사러가시장,91,40,51,12,10,2,21,15,31,8,4,0,10,5,13,4,6,2,11,10,18
2019_1,대신시장,107,51,56,8,11,10,18,14,46,4,7,4,8,6,22,4,4,6,10,8,24
2019_1,영일시장,721,373,348,74,119,144,108,91,185,41,58,85,60,55,74,33,61,59,48,36,111
2019_1,도림시장,67,32,35,5,31,7,4,7,13,2,15,6,2,3,4,3,16,1,2,4,9
2019_1,영등포청과시장,287,155,132,23,44,40,44,46,90,14,19,26,27,27,42,9,25,14,17,19,48
2019_1,영등포전통시장,2332,1456,876,81,323,436,361,431,700,51,144,271,255,321,414,30,179,165,106,110,286
2019_1,은행나무시장,403,199,204,44,42,61,71,61,124,23,22,38,38,33,45,21,20,23,33,28,79
2019_1,박미시장,287,150,137,20,29,27,60,48,103,15,14,14,27,28,52,5,15,13,33,20,51
2019_1,현대시장,2195,1058,1137,203,312,278,289,455,658,103,153,151,135,225,291,100,159,127,154,230,367
2019_1,대명시장,10,5,5,0,2,1,0,2,5,0,1,0,0,2,2,0,1,1,0,0,3
2019_1,푸른터시장,43,24,19,6,1,14,6,4,12,4,0,9,3,2,6,2,1,5,3,2,6
2019_1,남문시장,1682,834,848,179,228,183,247,416,429,87,111,98,116,229,193,92,117,85,131,187,236
2019_1,독산동 우시장,86,47,39,0,31,18,15,11,11,0,5,14,12,9,7,0,26,4,3,2,4
2019_1,오류시장,159,85,74,10,14,19,17,34,65,5,9,11,13,20,27,5,5,8,4,14,38
2019_1,개봉중앙시장,370,170,200,48,61,52,62,66,81,21,27,34,25,30,33,27,34,18,37,36,48
2019_1,고척근린시장,611,303,308,73,67,74,92,108,197,38,27,45,47,58,88,35,40,29,45,50,109
2019_1,가리봉시장,256,133,123,25,29,22,34,58,88,11,13,15,17,36,41,14,16,7,17,22,47
2019_1,남구로시장,657,364,293,66,46,66,108,147,224,25,24,37,69,95,114,41,22,29,39,52,110
2019_1,구로시장,123,64,59,12,11,13,16,32,39,3,6,7,10,20,18,9,5,6,6,12,21
2019_1,공항시장,172,80,92,2,85,41,20,10,14,2,23,22,14,8,11,0,62,19,6,2,3
2019_1,방신전통시장,588,291,297,72,81,76,94,106,159,33,41,37,53,57,70,39,40,39,41,49,89
2019_1,송화골목시장,522,257,265,90,73,78,84,93,104,46,33,37,33,57,51,44,40,41,51,36,53
2019_1,까치산시장,1150,530,620,141,166,231,163,161,288,70,70,119,82,73,116,71,96,112,81,88,172
2019_1,화곡본동시장,353,158,195,43,44,76,55,40,95,20,16,37,25,15,45,23,28,39,30,25,50
2019_1,남부골목시장,1877,904,973,197,243,286,271,345,535,103,131,141,138,168,223,94,112,145,133,177,312
2019_1,화곡중앙골목시장,1056,514,542,183,133,189,158,176,217,80,60,108,84,78,104,103,73,81,74,98,113
2019_1,신월중앙시장,70,40,30,12,13,14,10,6,15,5,10,8,6,4,7,7,3,6,4,2,8
2019_1,등마루시장,4,3,1,0,1,0,0,2,1,0,1,0,0,2,0,0,0,0,0,0,1
2019_1,신정3동골목시장,263,161,102,27,23,28,42,65,78,13,12,16,33,49,38,14,11,12,9,16,40
2019_1,신정2동골목시장,473,235,238,62,55,70,90,65,131,32,24,41,44,35,59,30,31,29,46,30,72
2019_1,신정제일시장,169,71,98,20,17,16,23,34,59,6,4,9,11,16,25,14,13,7,12,18,34
2019_1,신월7동골목시장,127,61,66,13,24,15,18,23,34,5,12,8,12,10,14,8,12,7,6,13,20
2019_1,신월6동골목시장,168,93,75,16,21,16,24,36,55,10,16,10,13,20,24,6,5,6,11,16,31
2019_1,신곡종합시장,62,30,32,16,4,16,15,4,7,9,2,5,8,3,3,7,2,11,7,1,4
2019_1,신월3동골목시장,342,187,155,31,43,26,53,77,112,17,21,14,32,47,56,14,22,12,21,30,56
2019_1,경창시장,365,171,194,68,36,49,57,52,103,33,18,23,29,25,43,35,18,26,28,27,60
2019_1,월정로시장,1666,840,826,215,194,218,247,330,462,116,97,118,117,175,217,99,97,100,130,155,245
2019_1,신영시장,1199,589,610,170,155,138,210,225,301,79,83,62,121,109,135,91,72,76,89,116,166
2019_1,목4동시장,1159,583,576,162,210,124,180,235,248,95,129,54,79,112,114,67,81,70,101,123,134
2019_1,목3동시장,1169,585,584,142,188,243,186,171,239,68,82,142,106,81,106,74,106,101,80,90,133
2019_1,목2동시장,1213,615,598,101,181,250,154,193,334,48,86,139,80,98,164,53,95,111,74,95,170
2019_1,동진시장,36,20,16,4,6,7,5,4,10,3,3,2,4,2,6,1,3,5,1,2,4
2019_1,망원월드컵시장,807,365,442,129,114,143,137,105,179,63,45,63,67,46,81,66,69,80,70,59,98
2019_1,망원시장,1975,936,1039,225,264,380,327,291,488,123,131,182,158,138,204,102,133,198,169,153,284
2019_1,합정시장,87,35,52,7,15,27,10,11,17,4,7,11,4,5,4,3,8,16,6,6,13
2019_1,영진시장,250,108,142,36,33,60,31,34,56,17,14,25,16,13,23,19,19,35,15,21,33
2019_1,서교시장,25,18,7,1,4,10,1,2,7,1,3,7,1,2,4,0,1,3,0,0,3
2019_1,신수시장,68,29,39,7,7,16,9,8,21,3,5,7,4,3,7,4,2,9,5,5,14
2019_1,아현시장,406,191,215,50,58,40,72,53,133,30,25,21,35,25,55,20,33,19,37,28,78
2019_1,마포시장,9,3,6,3,0,0,0,1,5,1,0,0,0,1,1,2,0,0,0,0,4
2019_1,공덕시장,12,7,5,0,3,1,1,5,2,0,2,0,1,3,1,0,1,1,0,2,1
2019_1,백련시장,155,70,85,14,16,27,22,25,51,9,9,7,13,12,20,5,7,20,9,13,31
2019_1,모래내시장,384,195,189,20,39,32,42,75,176,9,19,19,26,46,76,11,20,13,16,29,100
2019_1,포방터시장,510,255,255,61,65,63,79,91,151,30,39,34,40,51,61,31,26,29,39,40,90
2019_1,인왕시장,308,153,155,27,39,33,45,65,99,16,14,22,24,36,41,11,25,11,21,29,58
2019_1,아현가구거리상점가,128,69,59,5,26,14,17,26,40,4,17,9,8,12,19,1,9,5,9,14,21
2019_1,영천시장,360,186,174,27,48,36,64,73,112,13,26,22,41,37,47,14,22,14,23,36,65
2019_1,수일시장,114,53,61,4,10,11,10,22,57,1,5,8,5,10,24,3,5,3,5,12,33
2019_1,증산종합시장,164,72,92,28,19,22,22,35,38,14,6,11,12,14,15,14,13,11,10,21,23
2019_1,대림골목시장,606,300,306,67,64,80,80,115,200,34,40,38,44,66,78,33,24,42,36,49,122
2019_1,신응암시장,210,108,102,40,26,31,37,29,47,20,13,17,20,17,21,20,13,14,17,12,26
2019_1,녹번시장,15,10,5,3,2,0,3,2,5,3,1,0,1,2,3,0,1,0,2,0,2
2019_1,대조시장,482,239,243,62,69,78,86,70,117,30,38,41,46,37,47,32,31,37,40,33,70
2019_1,역촌중앙시장,11,8,3,0,0,0,2,5,4,0,0,0,0,5,3,0,0,0,2,0,1
2019_1,갈현시장,177,87,90,10,65,51,16,12,23,4,28,26,13,5,11,6,37,25,3,7,12
2019_1,연서시장,256,125,131,21,27,34,33,43,98,12,13,21,19,19,41,9,14,13,14,24,57
2019_1,상계중앙시장,1972,961,1011,246,336,182,330,361,517,118,169,101,170,176,227,128,167,81,160,185,290
2019_1,공릉동도깨비시장,1582,788,794,166,343,302,184,240,347,71,162,164,98,121,172,95,181,138,86,119,175
2019_1,방학동도깨비시장,1000,502,498,104,156,103,154,193,290,56,95,53,77,94,127,48,61,50,77,99,163
2019_1,쌍문역골목시장,763,366,397,68,142,109,109,100,235,33,64,61,52,43,113,35,78,48,57,57,122
2019_1,백운시장,374,176,198,48,60,47,63,54,102,23,28,22,32,26,45,25,32,25,31,28,57
2019_1,신도봉시장,174,89,85,9,35,18,24,39,49,1,20,13,8,23,24,8,15,5,16,16,25
2019_1,창동골목시장,1245,605,640,136,162,155,187,230,375,68,82,82,92,121,160,68,80,73,95,109,215
2019_1,창동신창시장,2295,1126,1169,303,338,350,364,424,516,143,173,177,194,197,242,160,165,173,170,227,274
2019_1,수유북부시장,63,33,30,4,7,5,11,6,30,3,4,2,8,2,14,1,3,3,3,4,16
2019_1,장미원골목시장,1479,719,760,215,210,232,208,243,371,117,107,131,92,126,146,98,103,101,116,117,225
2019_1,수유중앙시장,49,29,20,6,11,4,8,12,8,5,7,2,6,7,2,1,4,2,2,5,6
2019_1,강북종합시장,734,381,353,57,121,106,99,154,197,30,51,59,61,86,94,27,70,47,38,68,103
2019_1,우이시장,1669,821,848,232,225,199,275,299,439,114,123,117,135,147,185,118,102,82,140,152,254
2019_1,수유전통시장,628,306,322,59,103,85,93,110,178,28,50,43,48,55,82,31,53,42,45,55,96
2019_1,번동북부골목시장,1164,575,589,155,181,190,208,169,261,78,91,96,110,83,117,77,90,94,98,86,144
2019_1,솔샘시장,138,68,70,10,20,16,19,25,48,4,10,10,10,12,22,6,10,6,9,13,26
2019_1,숭인시장,232,124,108,19,22,34,44,52,61,8,10,16,28,33,29,11,12,18,16,19,32
2019_1,방천골목시장,1530,760,770,131,278,191,242,272,416,72,133,107,126,127,195,59,145,84,116,145,221
2019_1,동북시장,30,15,15,5,2,3,3,3,14,2,2,1,2,1,7,3,0,2,1,2,7
2019_1,석관황금시장,1847,959,888,194,250,224,291,345,543,95,145,130,158,188,243,99,105,94,133,157,300
2019_1,석관시장,158,88,70,17,23,17,29,28,44,10,13,10,21,15,19,7,10,7,8,13,25
2019_1,새석관시장,80,42,38,5,10,9,9,18,29,4,4,5,7,10,12,1,6,4,2,8,17
2019_1,번동시장,30,16,14,7,3,2,5,6,7,5,1,1,2,3,4,2,2,1,3,3,3
2019_1,장위전통시장,1115,542,573,139,123,125,163,214,351,69,66,65,93,98,151,70,57,60,70,116,200
2019_1,밤나무골시장,236,114,122,34,20,37,31,42,72,20,8,21,16,20,29,14,12,16,15,22,43
2019_1,길음시장,17,13,4,0,2,2,4,4,5,0,2,1,4,2,4,0,0,1,0,2,1
2019_1,정릉시장,1419,730,689,167,261,202,189,215,385,90,148,115,103,99,175,77,113,87,86,116,210
2019_1,정릉아리랑시장,1058,517,541,185,133,158,208,153,221,98,62,91,104,73,89,87,71,67,104,80,132
2019_1,돈암제일시장,218,96,122,22,30,37,19,27,83,9,12,22,12,10,31,13,18,15,7,17,52
2019_1,유영시장,116,60,56,18,13,11,26,21,27,9,9,6,12,11,13,9,4,5,14,10,14
2019_1,우림골목시장,2088,1079,1009,222,258,284,288,426,610,112,133,165,161,223,285,110,125,119,127,203,325
2019_1,묵1동도깨비시장,1448,727,721,254,165,266,240,192,331,126,89,134,137,86,155,128,76,132,103,106,176
2019_1,태능시장,967,496,471,114,131,132,121,207,262,57,70,73,59,107,130,57,61,59,62,100,132
2019_1,중화제일시장,1890,949,941,226,294,254,315,350,451,123,145,140,157,173,211,103,149,114,158,177,240
2019_1,사가정시장,1864,929,935,156,307,279,262,331,529,77,166,162,129,156,239,79,141,117,133,175,290
2019_1,면목골목시장,1289,672,617,174,179,171,220,226,319,97,98,89,122,117,149,77,81,82,98,109,170
2019_1,동원시장,2118,1046,1072,233,308,295,294,393,595,114,158,164,158,193,259,119,150,131,136,200,336
2019_1,동부골목시장,1529,789,740,143,268,322,217,252,327,72,126,183,113,140,155,71,142,139,104,112,172
2019_1,이문제일시장,73,33,40,13,10,4,12,18,16,4,5,2,5,10,7,9,5,2,7,8,9
2019_1,이경시장,235,122,113,15,29,22,32,46,91,10,15,9,18,28,42,5,14,13,14,18,49
2019_1,회기시장,1222,527,695,81,519,204,104,104,210,25,225,97,44,47,89,56,294,107,60,57,121
2019_1,청량리청과물시장,58,41,17,2,5,5,9,15,22,1,1,5,7,12,15,1,4,0,2,3,7
2019_1,전곡시장,237,114,123,36,19,24,51,34,73,17,9,16,24,12,36,19,10,8,27,22,37
2019_1,답십리시장,438,204,234,52,58,66,66,74,122,20,27,31,33,36,57,32,31,35,33,38,65
2019_1,답십리현대시장,322,164,158,32,32,33,43,60,122,19,14,23,28,35,45,13,18,10,15,25,77
2019_1,전농로터리시장,92,56,36,3,12,7,16,22,32,2,10,5,11,11,17,1,2,2,5,11,15
2019_1,청량리종합시장,96,53,43,0,8,12,12,15,49,0,4,6,10,9,24,0,4,6,2,6,25
2019_1,청량리전통시장,167,130,37,1,7,11,17,45,86,1,5,8,16,37,63,0,2,3,1,8,23
2019_1,청량리농수산물시장,177,86,91,27,30,18,19,42,41,20,16,10,8,13,19,7,14,8,11,29,22
2019_1,서울약령시장,2074,1106,968,125,249,270,299,378,753,73,132,154,178,211,358,52,117,116,121,167,395
2019_1,동서시장,3,3,0,0,0,0,0,3,0,0,0,0,0,3,0,0,0,0,0,0,0
2019_1,경동시장,8,4,4,0,0,0,1,1,6,0,0,0,1,1,2,0,0,0,0,0,4
2019_1,청량리수산시장,479,257,222,34,79,93,69,62,142,20,37,53,44,34,69,14,42,40,25,28,73
2019_1,용두시장,22,15,7,1,1,1,3,5,11,0,1,1,2,4,7,1,0,0,1,1,4
2019_1,구의시장,158,78,80,23,32,26,19,20,38,10,15,16,8,12,17,13,17,10,11,8,21
2019_1,조양시장,78,36,42,3,28,15,6,7,19,2,13,7,1,6,7,1,15,8,5,1,12
2019_1,영동교골목시장,954,476,478,73,141,111,137,188,304,40,69,59,79,98,131,33,72,52,58,90,173
2019_1,능동로골목시장,368,197,171,35,50,49,41,75,118,18,28,24,23,42,62,17,22,25,18,33,56
2019_1,노룬산골목시장,194,95,99,10,19,35,23,37,70,7,12,19,12,21,24,3,7,16,11,16,46
2019_1,자양종합시장,59,31,28,13,7,13,9,11,6,6,3,8,5,5,4,7,4,5,4,6,2
2019_1,자양골목시장,2013,972,1041,265,332,387,283,317,429,151,167,191,143,140,180,114,165,196,140,177,249
2019_1,신성골목시장,99,47,52,12,14,13,12,19,29,7,6,9,6,7,12,5,8,4,6,12,17
2019_1,면곡골목시장,452,237,215,45,73,72,66,102,94,28,35,35,37,57,45,17,38,37,29,45,49
2019_1,중곡제일시장,802,411,391,116,118,111,114,165,178,59,61,70,53,80,88,57,57,41,61,85,90
2019_1,화양제일골목시장,928,401,527,49,375,196,99,76,133,27,127,102,48,39,58,22,248,94,51,37,75
2019_1,한아름시장,12,10,2,0,6,2,1,1,2,0,4,2,1,1,2,0,2,0,0,0,0
2019_1,성동용답상가시장,1990,1009,981,217,285,267,316,382,523,117,146,145,156,197,248,100,139,122,160,185,275
2019_1,뚝도시장,572,315,257,52,83,67,80,130,160,28,52,43,48,67,77,24,31,24,32,63,83
2019_1,금남시장,255,130,125,19,24,31,45,47,89,12,12,17,27,27,35,7,12,14,18,20,54
2019_1,행당시장,1537,764,773,148,348,226,216,275,324,79,156,128,106,138,157,69,192,98,110,137,167
2019_1,마장축산물시장,335,184,151,41,41,36,60,50,107,25,24,19,37,30,49,16,17,17,23,20,58
2019_1,보광시장,4,1,3,0,0,0,1,0,3,0,0,0,0,0,1,0,0,0,1,0,2
2019_1,이태원제일시장,45,20,25,4,4,9,9,4,15,3,2,3,7,0,5,1,2,6,2,4,10
2019_1,이태원시장,63,30,33,7,6,12,7,15,16,4,2,6,6,7,5,3,4,6,1,8,11
2019_1,이촌종합시장,99,56,43,9,14,10,18,22,26,2,11,6,10,13,14,7,3,4,8,9,12
2019_1,용문전통시장,466,239,227,51,70,90,62,63,130,23,39,62,32,33,50,28,31,28,30,30,80
2019_1,만리시장,32,19,13,2,2,0,3,7,18,1,2,0,2,5,9,1,0,0,1,2,9
2019_1,신흥시장,97,54,43,6,8,22,8,19,34,0,7,14,5,13,15,6,1,8,3,6,19
2019_1,후암시장,285,148,137,23,44,46,32,65,75,8,27,26,20,34,33,15,17,20,12,31,42
2019_1,합동(새벽)시장,93,74,19,6,5,9,16,23,34,3,4,5,13,22,27,3,1,4,3,1,7
2019_1,서울중앙시장,1014,543,471,75,120,116,128,200,375,44,70,71,67,113,178,31,50,45,61,87,197
2019_1,백학시장,829,444,385,79,103,100,122,182,243,40,69,55,73,93,114,39,34,45,49,89,129
2019_1,약수시장,927,432,495,117,141,127,134,146,262,65,61,52,69,73,112,52,80,75,65,73,150
2019_1,청평화시장,1,1,0,0,0,0,1,0,0,0,0,0,1,0,0,0,0,0,0,0,0
2019_1,동평화시장,54,24,30,3,5,7,2,19,18,3,3,1,1,8,8,0,2,6,1,11,10
2019_1,방산종합시장,289,195,94,9,36,35,28,65,116,7,22,21,20,48,77,2,14,14,8,17,39
2019_1,평화시장,5,4,1,0,0,2,1,0,2,0,0,2,0,0,2,0,0,0,1,0,0
2019_1,인현시장,143,81,62,10,16,12,17,32,56,7,7,6,12,22,27,3,9,6,5,10,29
2019_1,신중부시장,272,190,82,7,17,24,31,75,118,6,11,15,23,59,76,1,6,9,8,16,42
2019_1,남대문시장,79,49,30,0,3,7,14,22,33,0,1,6,9,15,18,0,2,1,5,7,15
2019_1,신설종합시장,13,11,2,0,1,2,1,5,4,0,1,2,1,4,3,0,0,0,0,1,1
2019_1,동묘시장,781,433,348,29,202,131,94,114,211,15,94,67,57,76,124,14,108,64,37,38,87
2019_1,창신골목시장,372,187,185,27,37,34,59,64,151,8,22,23,34,39,61,19,15,11,25,25,90
2019_1,동문시장,63,33,30,4,8,8,11,9,23,2,4,7,2,6,12,2,4,1,9,3,11
2019_1,충신시장,171,89,82,17,21,14,30,34,55,8,13,11,14,17,26,9,8,3,16,17,29
2019_1,종로신진시장,110,76,34,1,7,8,15,32,47,1,2,5,14,21,33,0,5,3,1,11,14
2019_1,동대문종합시장,2,2,0,0,0,0,1,1,0,0,0,0,1,1,0,0,0,0,0,0,0
2019_1,광장시장,61,30,31,1,9,2,5,21,23,1,6,0,2,12,9,0,3,2,3,9,14
2019_1,통인시장,688,305,383,89,90,89,114,109,197,41,36,39,52,56,81,48,54,50,62,53,116
2019_1,서울 노원구 노원역_3,258,164,94,5,49,37,41,48,78,2,20,23,25,36,58,3,29,14,16,12,20
2019_1,서울 노원구 노원역_2,18,15,3,0,1,1,3,4,9,0,1,1,3,4,6,0,0,0,0,0,3
2019_1,서울 노원구 노원역_1,690,309,381,112,90,94,100,143,151,47,43,42,45,65,67,65,47,52,55,78,84
2019_1,창동역,627,377,250,46,105,105,128,124,119,19,47,65,84,87,75,27,58,40,44,37,44
2019_1,서울 강북구 수유역_3,730,427,303,47,160,110,103,127,183,22,85,58,65,85,112,25,75,52,38,42,71
2019_1,등나무근린공원 주변,191,81,110,27,22,48,53,25,16,10,9,21,25,10,6,17,13,27,28,15,10
2019_1,서울 강북구 수유역_2,2128,1050,1078,124,364,409,350,374,507,58,155,220,189,198,230,66,209,189,161,176,277
2019_1,서울 강북구 수유역_1,795,394,401,59,176,157,122,124,157,31,76,83,66,61,77,28,100,74,56,63,80
2019_1,서울 은평구 연신내역_3,112,59,53,3,27,15,23,22,22,2,10,5,14,12,16,1,17,10,9,10,6
2019_1,서울 은평구 연신내역_2,1059,520,539,88,218,188,169,169,227,44,98,98,93,89,98,44,120,90,76,80,129
2019_1,서울 은평구 연신내역_1,221,95,126,17,56,39,39,29,41,11,22,16,15,10,21,6,34,23,24,19,20
2019_1,서울 성북구 미아삼거리역_2,452,248,204,28,70,64,57,91,142,14,39,38,28,53,76,14,31,26,29,38,66
2019_1,서울 강북구 미아삼거리역_1,368,201,167,24,41,48,65,64,126,17,25,25,39,33,62,7,16,23,26,31,64
2019_1,서울 은평구 불광역_3,775,334,441,54,245,250,79,67,80,20,79,124,37,34,40,34,166,126,42,33,40
2019_1,서울 은평구 불광역_2,668,328,340,38,178,139,93,82,138,17,87,71,44,41,68,21,91,68,49,41,70
2019_1,서울 은평구 불광역_1,537,268,269,35,98,99,58,92,155,22,46,49,31,48,72,13,52,50,27,44,83
2019_1,미아사거리_2,90,44,46,8,8,13,12,16,33,3,7,5,7,7,15,5,1,8,5,9,18
2019_1,미아사거리_1,914,438,476,144,165,139,157,144,165,81,64,65,78,65,85,63,101,74,79,79,80
2019_1,서울 성북구 성신여대입구역,1091,500,591,72,272,238,148,157,204,35,103,108,73,88,93,37,169,130,75,69,111
2019_1,경희대학교,370,160,210,33,137,53,39,30,78,10,49,26,24,15,36,23,88,27,15,15,42
2019_1,서울 성북구 안암역,371,183,188,25,174,50,25,34,63,15,79,28,16,19,26,10,95,22,9,15,37
2019_1,혜화역 대학로_3,628,298,330,35,208,112,64,82,127,18,92,52,35,44,57,17,116,60,29,38,70
2019_1,혜화역 대학로_2,804,396,408,66,313,135,76,94,120,36,148,74,44,41,53,30,165,61,32,53,67
2019_1,혜화역 대학로_1,486,236,250,47,112,87,65,63,112,27,57,41,35,32,44,20,55,46,30,31,68
2019_1,디지털미디어시티,1576,707,869,216,459,356,303,158,84,106,164,161,155,84,37,110,295,195,148,74,47
2019_1,서울 동대문구 청량리역,2803,1414,1389,280,392,351,344,541,895,125,176,183,181,292,457,155,216,168,163,249,438
2019_1,서울 종로구 경복궁역_2,308,140,168,32,53,66,50,42,65,18,28,35,18,12,29,14,25,31,32,30,36
2019_1,서울 종로구 안국역_2,280,130,150,28,36,33,36,55,92,16,20,15,13,27,39,12,16,18,23,28,53
2019_1,서울 종로구 안국역_1,116,47,69,13,10,15,23,15,40,6,4,4,11,9,13,7,6,11,12,6,27
2019_1,서울 종로구 경복궁역_1,582,283,299,55,71,84,95,96,181,29,37,48,46,43,80,26,34,36,49,53,101
2019_1,서울 종로구 종로3가역_3,147,118,29,6,11,10,17,45,58,2,8,9,14,38,47,4,3,1,3,7,11
2019_1,서울 종로구 종로3가역_2,2251,1543,708,41,83,125,234,567,1201,23,54,74,173,443,776,18,29,51,61,124,425
2019_1,서울 동대문구 신설동역_2,418,256,162,16,97,92,55,70,88,7,45,52,42,51,59,9,52,40,13,19,29
2019_1,인사동,769,410,359,64,78,98,110,120,299,44,41,44,61,69,151,20,37,54,49,51,148
2019_1,서울 종로구 종로5가역_4,290,171,119,18,45,35,38,53,101,10,30,22,25,38,46,8,15,13,13,15,55
2019_1,서울 종로구 종로5가역_3,715,432,283,45,40,63,110,158,299,25,26,40,71,102,168,20,14,23,39,56,131
2019_1,종로구청,550,310,240,42,76,77,89,111,155,26,42,45,43,65,89,16,34,32,46,46,66
2019_1,서울 종로구 종로5가역_2,2044,1021,1023,196,523,414,227,284,400,91,247,207,119,145,212,105,276,207,108,139,188
2019_1,신설동역,424,261,163,11,121,88,52,73,79,7,47,54,35,58,60,4,74,34,17,15,19
2019_1,서울 동대문구 신설동역_1,306,180,126,13,79,58,42,50,64,5,31,31,27,39,47,8,48,27,15,11,17
2019_1,서울 종로구 광화문역_2,2467,1088,1379,352,303,447,410,346,609,175,137,182,162,163,269,177,166,265,248,183,340
2019_1,동묘앞역,873,424,449,114,130,109,120,158,242,55,72,62,61,73,101,59,58,47,59,85,141
2019_1,장안동사거리,4026,1984,2042,462,788,955,680,517,624,246,330,504,355,253,296,216,458,451,325,264,328
2019_1,서울 종로구 동대문역_2,584,392,192,15,44,61,55,142,267,9,24,44,38,107,170,6,20,17,17,35,97
2019_1,서울 종로구 동대문역_1,124,64,60,10,19,11,13,28,43,3,11,3,7,16,24,7,8,8,6,12,19
2019_1,동대문시장_2,27,14,13,2,1,3,4,4,13,1,0,2,2,2,7,1,1,1,2,2,6
2019_1,서울 종로구 종로5가역_1,23,5,18,0,1,1,1,5,15,0,1,0,0,1,3,0,0,1,1,4,12
2019_1,서울 종로구 종로3가역_1,193,155,38,6,39,22,25,49,52,3,31,17,19,43,42,3,8,5,6,6,10
2019_1,서울 종로구 광화문역_1,12,7,5,1,1,0,2,5,3,0,0,0,1,4,2,1,1,0,1,1,1
2019_1,종각역,3,2,1,0,0,1,1,1,0,0,0,0,1,1,0,0,0,1,0,0,0
2019_1,종각역 젊음의 거리,164,120,44,4,53,33,23,21,30,2,39,25,16,15,23,2,14,8,7,6,7
2019_1,서대문구 서대문역_1,1425,695,730,332,128,310,264,176,215,162,53,133,148,96,103,170,75,177,116,80,112
2019_1,동대문시장_1,32,16,16,0,7,10,2,6,7,0,0,8,1,4,3,0,7,2,1,2,4
2019_1,시청역_2,289,131,158,53,24,92,59,26,35,20,8,49,26,14,14,33,16,43,33,12,21
2019_1,서울시청,73,45,28,6,0,7,10,18,32,2,0,5,6,10,22,4,0,2,4,8,10
2019_1,서울 중구 을지로3가역_2,487,305,182,5,34,28,59,115,246,2,17,16,45,83,142,3,17,12,14,32,104
2019_1,서울 중구 신당역_2,286,143,143,14,59,63,37,50,63,8,19,33,21,26,36,6,40,30,16,24,27
2019_1,서대문구 서대문역_2,878,434,444,63,207,201,107,139,161,32,81,108,57,72,84,31,126,93,50,67,77
2019_1,동대문역사문화공원역,433,265,168,12,48,55,51,102,165,4,25,39,28,70,99,8,23,16,23,32,66
2019_1,서울 중구 을지로3가역_1,325,191,134,6,67,54,39,53,106,1,26,29,24,38,73,5,41,25,15,15,33
2019_1,명동거리,139,81,58,6,17,19,26,34,37,2,7,13,16,20,23,4,10,6,10,14,14
2019_1,서울 중구 신당역_1,870,482,388,77,106,107,132,201,247,32,60,64,78,119,129,45,46,43,54,82,118
2019_1,북창동,250,158,92,3,24,37,36,51,99,0,12,30,24,30,62,3,12,7,12,21,37
2019_1,서울 중구 충무로역_2,1434,757,677,132,184,182,181,263,492,70,88,94,108,152,245,62,96,88,73,111,247
2019_1,서울 강서구 송정역,2167,1074,1093,147,446,398,250,363,563,76,221,202,131,179,265,71,225,196,119,184,298
2019_1,장한평역_2,1406,735,671,128,254,312,218,226,268,68,102,165,122,132,146,60,152,147,96,94,122
2019_1,시청역_1,360,188,172,57,32,87,74,43,67,34,14,39,46,22,33,23,18,48,28,21,34
2019_1,왕십리역_2,531,252,279,41,164,86,68,72,100,15,73,41,41,38,44,26,91,45,27,34,56
2019_1,서울 강서구 발산역,107,57,50,2,24,34,21,17,9,2,11,19,12,7,6,0,13,15,9,10,3
2019_1,장한평역_1,206,142,64,10,25,26,37,64,44,7,13,17,32,48,25,3,12,9,5,16,19
2019_1,서울 중구 충무로역_1,773,383,390,40,127,119,93,134,260,18,52,67,59,71,116,22,75,52,34,63,144
2019_1,장한평역,1232,884,348,38,215,254,257,285,183,19,89,164,210,253,149,19,126,90,47,32,34
2019_1,서울 중구 명동역,1257,601,656,120,140,170,199,215,413,59,61,77,102,111,191,61,79,93,97,104,222
2019_1,장충동 족발거리,298,154,144,41,74,35,41,32,75,19,38,18,25,22,32,22,36,17,16,10,43
2019_1,한양시장,1037,484,553,45,601,164,53,45,129,14,269,91,32,24,54,31,332,73,21,21,75
2019_1,서울 서대문구 이대역,1753,548,1205,63,770,222,184,179,335,20,124,90,92,85,137,43,646,132,92,94,198
2019_1,서울 서대문구 신촌역,2715,1395,1320,119,1165,466,243,268,454,59,570,270,129,156,211,60,595,196,114,112,243
2019_1,서울 마포구 홍대입구역_3,191,88,103,12,40,53,38,28,20,6,17,24,19,13,9,6,23,29,19,15,11
2019_1,서울 마포구 홍대입구역_2,504,246,258,61,86,107,72,52,126,33,47,47,41,20,58,28,39,60,31,32,68
2019_1,홍익대학교 주변,4775,2278,2497,387,1239,1099,650,488,912,205,561,531,334,237,410,182,678,568,316,251,502
2019_1,서울 광진구 군자역,1740,794,946,131,499,407,178,213,312,69,204,185,86,107,143,62,295,222,92,106,169
2019_1,신촌역,1175,607,568,65,379,255,141,102,233,35,175,139,82,61,115,30,204,116,59,41,118
2019_1,강서구청,2954,1456,1498,318,626,691,440,406,473,163,251,353,250,216,223,155,375,338,190,190,250
2019_1,서울 마포구 홍대입구역_1,657,317,340,63,131,141,106,71,145,36,53,75,52,34,67,27,78,66,54,37,78
2019_1,서울 중구 약수역_2,53,28,25,6,6,7,12,4,18,5,2,2,9,2,8,1,4,5,3,2,10
2019_1,서울 중구 약수역_1,10,6,4,0,0,3,2,1,4,0,0,2,1,1,2,0,0,1,1,0,2
2019_1,서울 강동구 고덕역,2715,1358,1357,585,394,315,503,497,421,329,211,147,216,246,209,256,183,168,287,251,212
2019_1,등촌역,1292,580,712,108,275,455,160,130,164,55,90,224,83,63,65,53,185,231,77,67,99
2019_1,서울 강동구 명일역,1999,992,1007,289,267,284,355,311,493,146,135,150,169,151,241,143,132,134,186,160,252
2019_1,어린이대공원역,537,309,228,60,112,79,79,99,108,36,63,42,47,62,59,24,49,37,32,37,49
2019_1,서울 마포구 공덕역_2,22,11,11,1,3,0,3,8,7,0,1,0,3,4,3,1,2,0,0,4,4
2019_1,공덕역,43,32,11,0,2,4,12,12,13,0,2,1,10,9,10,0,0,3,2,3,3
2019_1,서울 용산구 숙대입구역,487,278,209,35,72,55,92,96,137,20,37,33,62,62,64,15,35,22,30,34,73
2019_1,남영역,238,103,135,8,76,75,32,23,24,4,19,36,19,16,9,4,57,39,13,7,15
2019_1,서울 마포구 공덕역_1,599,279,320,80,121,87,99,129,83,39,60,40,38,61,41,41,61,47,61,68,42
2019_1,서울 마포구 마포역_2,3534,1619,1915,511,450,919,730,457,467,249,175,438,321,225,211,262,275,481,409,232,256
2019_1,서울 광진구 건대입구역_2,2009,905,1104,98,796,404,205,171,335,43,326,188,106,88,154,55,470,216,99,83,181
2019_1,서울 마포구 마포역_1,844,445,399,73,125,151,143,127,225,42,68,79,75,72,109,31,57,72,68,55,116
2019_1,서울 강동구 천호역_2,4607,2227,2380,311,814,1123,724,742,893,156,322,530,394,415,410,155,492,593,330,327,483
2019_1,서울 광진구 건대입구역_1,1027,491,536,66,230,179,133,167,252,30,95,87,72,83,124,36,135,92,61,84,128
2019_1,건대입구역,530,224,306,21,12,9,25,25,438,12,4,1,10,11,186,9,8,8,15,14,252
2019_1,서울 광진구 구의역,1871,844,1027,106,479,468,271,245,302,51,174,223,143,113,140,55,305,245,128,132,162
2019_1,서울 강동구 천호역,279,133,146,19,44,58,45,39,74,7,18,33,24,15,36,12,26,25,21,24,38
2019_1,당산역_2,723,310,413,23,304,218,68,43,67,16,84,116,38,23,33,7,220,102,30,20,34
2019_1,서울 강동구 천호역_1,388,199,189,22,82,73,63,69,79,8,42,47,33,34,35,14,40,26,30,35,44
2019_1,서울 강동구 길동역,3041,1468,1573,144,869,739,417,433,439,64,305,381,243,231,244,80,564,358,174,202,195
2019_1,용산 전자상가_5,629,367,262,37,101,163,105,70,153,16,63,102,70,42,74,21,38,61,35,28,79
2019_1,용산 전자상가_4,346,182,164,65,35,69,64,41,72,31,19,39,40,26,27,34,16,30,24,15,45
2019_1,당산역_1,1061,475,586,64,310,350,108,109,120,29,112,169,53,54,58,35,198,181,55,55,62
2019_1,서울 광진구 강변역,198,89,109,27,24,29,14,31,73,13,11,8,6,14,37,14,13,21,8,17,36
2019_1,용산 전자상가_3,249,122,127,21,34,65,24,41,64,9,18,35,15,19,26,12,16,30,9,22,38
2019_1,서울 용산구 이태원역,876,482,394,54,172,152,138,152,208,32,102,83,74,86,105,22,70,69,64,66,103
2019_1,한남오거리,157,79,78,9,28,18,24,20,58,5,17,8,12,11,26,4,11,10,12,9,32
2019_1,목동사거리,59,35,24,2,11,16,11,8,11,0,3,6,10,6,10,2,8,10,1,2,1
2019_1,용산 전자상가_2,178,98,80,29,24,34,26,31,34,21,14,15,15,17,16,8,10,19,11,14,18
2019_1,용산구청,107,47,60,11,14,21,20,10,31,3,7,6,14,2,15,8,7,15,6,8,16
2019_1,용산 전자상가_1,1447,671,776,127,304,418,251,207,140,57,122,193,132,94,73,70,182,225,119,113,67
2019_1,국회의사당역_2,721,368,353,25,128,233,138,96,101,13,61,116,69,56,53,12,67,117,69,40,48
2019_1,서울 용산구 신용산역,390,195,195,29,26,51,58,79,147,15,14,32,40,39,55,14,12,19,18,40,92
2019_1,국회의사당역_1,145,80,65,2,51,64,18,6,4,2,29,34,10,4,1,0,22,30,8,2,3
2019_1,압구정 로데오거리_2,1313,635,678,191,153,255,259,165,290,89,68,134,135,83,126,102,85,121,124,82,164
2019_1,서울 강남구 압구정역,1865,851,1014,237,292,360,339,225,412,121,145,142,155,106,182,116,147,218,184,119,230
2019_1,서울 영등포구 영등포구청역,1287,666,621,68,249,252,182,200,336,33,120,131,102,119,161,35,129,121,80,81,175
2019_1,압구정 로데오거리_1,604,280,324,92,73,83,95,75,186,41,38,36,45,33,87,51,35,47,50,42,99
2019_1,서울 강동구 둔촌동역,800,425,375,98,121,109,132,136,204,61,68,56,67,72,101,37,53,53,65,64,103
2019_1,오목교역,869,429,440,220,94,109,197,119,130,117,44,45,103,52,68,103,50,64,94,67,62
2019_1,신사동 가로수길,3852,1799,2053,468,632,775,700,495,782,244,283,342,352,247,331,224,349,433,348,248,451
2019_1,서울 영등포구 여의도역_2,18,15,3,1,2,3,3,7,2,0,2,3,3,5,2,1,0,0,0,2,0
2019_1,청담사거리_3,922,426,496,61,75,111,170,156,349,26,40,52,84,75,149,35,35,59,86,81,200
2019_1,영등포유통상가,518,283,235,32,119,94,71,69,133,16,59,61,45,40,62,16,60,33,26,29,71
2019_1,청담역_2,1060,495,565,171,150,234,190,155,160,93,65,100,88,76,73,78,85,134,102,79,87
2019_1,청담역_1,213,101,112,35,25,37,28,32,56,13,17,14,13,15,29,22,8,23,15,17,27
2019_1,청담사거리_2,373,181,192,56,50,61,63,49,94,23,28,29,32,22,47,33,22,32,31,27,47
2019_1,청담사거리_1,255,114,141,36,32,50,65,32,40,16,11,20,32,16,19,20,21,30,33,16,21
2019_1,서울 영등포구 여의도역_1,1359,655,704,246,147,187,225,219,335,130,65,78,103,117,162,116,82,109,122,102,173
2019_1,서울 양천구 신정네거리역_2,288,146,142,26,51,35,47,48,81,17,27,20,26,24,32,9,24,15,21,24,49
2019_1,학동사거리_2,447,221,226,72,65,67,84,70,89,44,32,34,36,36,39,28,33,33,48,34,50
2019_1,서울 영등포구 영등포시장역,1593,1023,570,49,152,179,229,399,585,24,74,117,159,304,345,25,78,62,70,95,240
2019_1,학동사거리_1,415,205,210,40,69,84,81,49,92,23,26,41,45,28,42,17,43,43,36,21,50
2019_1,여의도 시범아파트앞,1445,685,760,216,159,189,224,239,418,113,77,82,108,115,190,103,82,107,116,124,228
2019_1,영등포역_3,484,292,192,12,136,99,70,83,84,8,57,57,46,64,60,4,79,42,24,19,24
2019_1,도산공원사거리_1,274,129,145,20,60,86,36,21,51,11,30,43,16,9,20,9,30,43,20,12,31
2019_1,영등포역_2,789,577,212,19,155,112,139,199,165,10,62,80,124,175,126,9,93,32,15,24,39
2019_1,문래동 주민센터,1488,735,753,221,145,224,225,257,416,112,74,110,112,131,196,109,71,114,113,126,220
2019_1,강남구 신사역_2,1041,451,590,73,201,286,166,117,198,33,74,118,85,52,89,40,127,168,81,65,109
2019_1,영등포역_1,323,178,145,10,130,96,33,33,21,6,51,59,23,23,16,4,79,37,10,10,5
2019_1,서울 강남구 강남구청역_2,757,377,380,31,61,143,178,130,214,15,22,73,91,82,94,16,39,70,87,48,120
2019_1,강남구 신사역_1,766,411,355,40,159,175,134,111,147,23,74,94,82,63,75,17,85,81,52,48,72
2019_1,서울 동작구 노량진1동_1,12,8,4,1,1,3,2,2,3,1,0,3,2,2,0,0,1,0,0,0,3
2019_1,서울 강남구 학동역_3,113,64,49,3,28,29,21,16,16,3,13,15,13,10,10,0,15,14,8,6,6
2019_1,서울 강남구 강남구청역_1,565,285,280,44,118,146,101,76,80,23,57,67,47,46,45,21,61,79,54,30,35
2019_1,잠실역,1787,838,949,248,243,243,215,306,532,126,117,99,85,144,267,122,126,144,130,162,265
2019_1,강남구 논현역_4,1932,971,961,154,355,479,361,261,322,81,163,232,185,149,161,73,192,247,176,112,161
2019_1,학동역,532,220,312,36,96,169,92,70,69,18,38,71,31,32,30,18,58,98,61,38,39
2019_1,방이동 먹자골목,1418,759,659,89,275,347,214,230,263,44,137,184,129,123,142,45,138,163,85,107,121
2019_1,서울 강남구 학동역_2,105,49,56,4,19,39,23,11,9,2,6,19,11,7,4,2,13,20,12,4,5
2019_1,서울 동작구 노량진역,1129,564,565,50,578,214,101,72,114,21,253,143,59,37,51,29,325,71,42,35,63
2019_1,삼성역_3,65,49,16,0,11,17,6,13,18,0,10,12,6,6,15,0,1,5,0,7,3
2019_1,코엑스,26,17,9,7,2,2,5,5,5,5,1,1,2,4,4,2,1,1,3,1,1
2019_1,서울 강남구 학동역_1,896,424,472,70,189,230,155,93,159,30,90,113,71,51,69,40,99,117,84,42,90
2019_1,선정릉역_2,3129,1429,1700,380,497,705,605,403,539,193,223,305,286,198,224,187,274,400,319,205,315
2019_1,강남구 논현역_3,78,28,50,7,14,16,13,13,15,2,4,3,7,6,6,5,10,13,6,7,9
2019_1,포스코사거리_2,700,363,337,70,143,158,112,110,107,35,76,86,54,63,49,35,67,72,58,47,58
2019_1,포스코사거리_1,2118,1036,1082,219,364,471,381,301,382,120,178,206,205,151,176,99,186,265,176,150,206
2019_1,신도림역,3227,1551,1676,601,425,687,528,518,468,285,200,341,255,238,232,316,225,346,273,280,236
2019_1,강남구 논현역_2,3931,1886,2045,253,865,1063,622,444,684,133,385,503,326,225,314,120,480,560,296,219,370
2019_1,선정릉역_1,643,281,362,83,124,142,112,86,96,39,51,56,50,36,49,44,73,86,62,50,47
2019_1,신천역,2803,1369,1434,251,483,671,463,400,535,130,220,333,240,193,253,121,263,338,223,207,282
2019_1,강남구 논현역_1,1973,1023,950,97,408,473,337,295,363,52,187,231,204,174,175,45,221,242,133,121,188
2019_1,삼성역_2,9,6,3,0,1,2,1,1,4,0,0,2,1,0,3,0,1,0,0,1,1
2019_1,삼정역_2,686,332,354,56,113,182,112,96,127,31,54,82,57,45,63,25,59,100,55,51,64
2019_1,삼정역_1,86,37,49,6,14,18,11,15,22,3,4,11,3,6,10,3,10,7,8,9,12
2019_1,삼성역_1,1511,740,771,213,298,354,260,193,193,125,119,164,130,103,99,88,179,190,130,90,94
2019_1,서울 강남구 선릉역_2,2167,1065,1102,130,457,630,359,259,332,63,205,314,204,125,154,67,252,316,155,134,178
2019_1,서울 서초구 강남역,3214,1631,1583,187,799,943,458,379,448,90,364,489,255,209,224,97,435,454,203,170,224
2019_1,서울 강남구 선릉역_1,676,329,347,40,92,207,163,86,88,24,44,93,77,49,42,16,48,114,86,37,46
2019_1,서울 송파구 석촌역_2,594,295,299,81,85,156,89,71,112,45,40,72,40,39,59,36,45,84,49,32,53
2019_1,선릉역_2,4251,1937,2314,445,785,1173,870,500,478,213,311,493,413,278,229,232,474,680,457,222,249
2019_1,서울 강남구 역삼역_2,1035,519,516,74,244,266,141,148,162,39,118,131,74,75,82,35,126,135,67,73,80
2019_1,서울 송파구 석촌역_1,201,87,114,20,40,44,42,25,30,12,10,20,21,9,15,8,30,24,21,16,15
2019_1,석촌역,3,2,1,0,0,1,0,1,1,0,0,1,0,1,0,0,0,0,0,0,1
2019_1,서울 강남구 강남역_2,3089,1390,1699,346,574,593,596,419,561,156,216,262,286,216,254,190,358,331,310,203,307
2019_1,선릉역_1,1337,590,747,291,155,255,352,142,142,118,65,100,158,84,65,173,90,155,194,58,77
2019_1,구로역,690,332,358,106,107,170,109,98,100,57,37,84,62,48,44,49,70,86,47,50,56
2019_1,역삼역_2,393,265,128,289,23,43,15,12,11,203,10,26,8,11,7,86,13,17,7,1,4
2019_1,대림역_2,2626,1238,1388,254,707,696,433,296,240,132,246,329,242,176,113,122,461,367,191,120,127
2019_1,서울 강남구 역삼역_1,5470,2800,2670,332,1124,1460,970,726,858,176,483,767,541,428,405,156,641,693,429,298,453
2019_1,신대방삼거리역,1243,590,653,113,271,286,183,151,239,53,91,136,107,85,118,60,180,150,76,66,121
2019_1,서울 강남구 한티역,2102,994,1108,398,328,272,429,349,326,209,153,130,186,171,145,189,175,142,243,178,181
2019_1,은마아파트입구사거리_4,370,195,175,95,40,36,97,62,40,66,21,16,40,35,17,29,19,20,57,27,23
2019_1,은마아파트입구사거리_3,303,152,151,49,53,35,55,55,56,24,25,22,20,31,30,25,28,13,35,24,26
2019_1,은마아파트입구사거리_2,17,9,8,0,3,1,2,6,5,0,1,0,2,2,4,0,2,1,0,4,1
2019_1,오류동역,3851,1843,2008,244,973,1113,587,374,560,117,347,579,333,198,269,127,626,534,254,176,291
2019_1,서울 강남구 강남역,2548,1191,1357,266,688,710,353,263,268,132,292,326,184,131,126,134,396,384,169,132,142
2019_1,은마아파트입구사거리_1,188,97,91,39,32,16,36,43,22,22,18,11,18,21,7,17,14,5,18,22,15
2019_1,대림역_1,1754,788,966,74,656,570,231,122,101,38,204,291,126,84,45,36,452,279,105,38,56
2019_1,교대역_4,1002,499,503,225,154,114,215,149,145,118,76,54,94,89,68,107,78,60,121,60,77
2019_1,서울 강남구 강남역_1,3012,1440,1572,559,406,676,537,384,450,264,204,304,273,184,211,295,202,372,264,200,239
2019_1,방배동카페골목,2604,1234,1370,622,270,368,560,349,435,308,128,161,262,184,191,314,142,207,298,165,244
2019_1,교대역_3,24,11,13,4,2,6,3,6,3,1,2,2,0,4,2,3,0,4,3,2,1
2019_1,역삼역_1,2795,1349,1446,296,547,779,449,338,386,141,260,387,227,147,187,155,287,392,222,191,199
2019_1,교대역_2,1758,850,908,224,341,384,292,239,278,119,176,172,150,106,127,105,165,212,142,133,151
2019_1,서울 송파구 가락시장역,570,301,269,38,83,130,97,104,118,16,32,59,55,74,65,22,51,71,42,30,53
2019_1,서울 서초구 서초역,55,31,24,6,11,7,3,14,14,4,9,3,1,6,8,2,2,4,2,8,6
2019_1,서울 강남구 대치역_2,642,306,336,208,67,63,145,97,62,99,35,25,63,53,31,109,32,38,82,44,31
2019_1,서울 강남구 대치역_1,519,260,259,165,53,33,148,66,54,84,28,13,70,40,25,81,25,20,78,26,29
2019_1,뱅뱅사거리_2,2197,964,1233,136,570,709,342,221,219,74,225,318,148,105,94,62,345,391,194,116,125
2019_1,보라매공원,5095,2411,2684,887,614,808,839,595,1352,440,288,370,406,285,622,447,326,438,433,310,730
2019_1,교대역_1,2611,1321,1290,265,521,521,354,438,512,141,263,249,189,218,261,124,258,272,165,220,251
2019_1,개봉동 현대아파트 인근,2655,1325,1330,309,345,362,371,516,752,161,188,197,190,251,338,148,157,165,181,265,414
2019_1,뱅뱅사거리,1759,755,1004,97,517,652,261,123,109,51,163,312,118,54,57,46,354,340,143,69,52
2019_1,뱅뱅사거리_1,1069,546,523,118,221,308,158,120,144,58,99,163,91,65,70,60,122,145,67,55,74
2019_1,서울 관악구 신림역_4,3147,1589,1558,118,1258,928,365,223,255,71,548,510,216,110,134,47,710,418,149,113,121
2019_1,동작구 총신대입구역_1,1176,554,622,91,239,214,164,174,294,44,111,103,85,81,130,47,128,111,79,93,164
2019_1,양재역_3,1858,886,972,223,306,447,311,235,336,103,146,216,142,119,160,120,160,231,169,116,176
2019_1,동작구 총신대입구역_2,1812,779,1033,353,272,328,415,247,197,150,94,139,181,129,86,203,178,189,234,118,111
2019_1,서울 서초구 남부터미널역_3,575,249,326,64,112,135,106,53,105,29,37,59,55,25,44,35,75,76,51,28,61
2019_1,서울 강남구 수서역,1480,683,797,99,134,229,220,227,571,44,56,106,126,128,223,55,78,123,94,99,348
2019_1,서울 관악구 신림역_3,1168,634,534,23,512,340,109,86,98,11,234,203,76,54,56,12,278,137,33,32,42
2019_1,서울 서초구 남부터미널역_2,1764,868,896,99,373,519,327,261,185,55,121,251,172,164,105,44,252,268,155,97,80
2019_1,구로디지탈1단지,125,68,57,10,8,23,14,28,42,4,6,11,10,17,20,6,2,12,4,11,22
2019_1,양재역,1698,762,936,237,334,338,309,234,246,106,139,149,151,107,110,131,195,189,158,127,136
2019_1,문정역,406,223,183,58,74,77,72,59,66,35,43,45,39,29,32,23,31,32,33,30,34
2019_1,매봉역,572,290,282,78,114,93,88,91,108,46,48,46,49,45,56,32,66,47,39,46,52
2019_1,서울 서초구 방배역,1227,583,644,165,175,258,231,169,229,88,76,122,118,78,101,77,99,136,113,91,128
2019_1,서울 서초구 남부터미널역_1,1204,578,626,194,170,202,191,218,229,107,86,84,91,97,113,87,84,118,100,121,116
2019_1,서울 관악구 신림역_2,1647,858,789,82,620,365,169,159,252,50,318,212,90,63,125,32,302,153,79,96,127
2019_1,서울 관악구 신림역_1,687,300,387,21,311,190,71,47,47,10,106,93,41,24,26,11,205,97,30,23,21
2019_1,양재역_2,910,425,485,100,168,198,148,133,163,48,70,99,72,64,72,52,98,99,76,69,91
2019_1,양재역_1,8,5,3,0,2,0,0,5,1,0,2,0,0,3,0,0,0,0,0,2,1
2019_1,서울 관악구 서울대입구역_2,560,293,267,17,235,141,59,42,66,10,113,75,41,21,33,7,122,66,18,21,33
2019_1,가산디지털단지역_3,1748,971,777,30,526,416,263,276,237,13,189,238,179,209,143,17,337,178,84,67,94
2019_1,구로디지털단지역,358,206,152,20,49,32,52,94,111,14,28,22,29,63,50,6,21,10,23,31,61
2019_1,서울 관악구 서울대입구역_1,6715,3076,3639,256,3162,1591,588,514,604,119,1250,791,311,279,326,137,1912,800,277,235,278
2019_1,관악구 사당역_1,929,446,483,147,161,143,165,147,166,71,73,68,77,68,89,76,88,75,88,79,77
2019_1,가산디지털단지역_2,681,362,319,48,173,163,93,72,132,23,82,94,57,46,60,25,91,69,36,26,72
2019_1,관악구 사당역_2,924,440,484,34,250,207,101,119,213,18,97,106,49,63,107,16,153,101,52,56,106
2019_1,가산디지털단지역_1,27,16,11,0,6,6,4,5,6,0,1,2,3,5,5,0,5,4,1,0,1
2019_1,포이사거리_1,93,51,42,8,17,35,18,9,6,3,11,18,12,4,3,5,6,17,6,5,3
2019_1,포이사거리_2,1856,1011,845,172,317,458,317,290,302,90,155,253,186,164,163,82,162,205,131,126,139
2019_1,관악구 사당역_3,307,148,159,12,83,100,37,25,50,6,25,61,20,7,29,6,58,39,17,18,21
2019_1,서울 관악구 대학동_1,1689,1025,664,100,726,339,189,130,205,55,444,236,127,72,91,45,282,103,62,58,114
2019_1,서울 금천구 독산1동_1,1199,658,541,54,233,323,205,188,196,24,118,197,118,114,87,30,115,126,87,74,109
2019_1,양재 화물트럭터미널앞_2,1656,813,843,462,164,243,333,198,256,256,77,109,174,90,107,206,87,134,159,108,149
2019_1,양재 화물트럭터미널앞_1,2,2,0,0,0,0,0,1,1,0,0,0,0,1,1,0,0,0,0,0,0
2019_1,서울 금천구 시흥1동_4,1566,815,751,107,183,218,240,305,513,56,87,119,141,178,234,51,96,99,99,127,279
2019_1,풍성로37가길,3088,1526,1562,332,420,519,498,575,744,173,209,276,256,278,334,159,211,243,242,297,410
2019_1,천호옛길,4032,2056,1976,414,590,703,599,703,1023,217,280,392,330,355,482,197,310,311,269,348,541
2019_1,천호옛14길,2323,1114,1209,188,454,481,316,358,526,95,191,269,156,164,239,93,263,212,160,194,287
2019_1,천호대로219길,2208,1105,1103,308,303,273,329,434,561,157,156,143,169,227,253,151,147,130,160,207,308
2019_1,천호대로197길,4523,2227,2296,739,653,692,673,818,948,383,332,347,333,378,454,356,321,345,340,440,494
2019_1,천호대로187길,2777,1375,1402,366,371,500,405,468,667,185,194,273,194,222,307,181,177,227,211,246,360
2019_1,천호대로170길,4152,2078,2074,504,637,844,622,689,856,258,315,449,324,321,411,246,322,395,298,368,445
2019_1,천호대로162길,2704,1346,1358,364,407,470,391,459,613,184,208,227,215,215,297,180,199,243,176,244,316
2019_1,천중로51길,4505,2182,2323,629,674,702,665,760,1075,327,325,360,335,351,484,302,349,342,330,409,591
2019_1,천중로39길,6690,3286,3404,969,974,1105,1024,1097,1521,501,475,591,508,487,724,468,499,514,516,610,797
2019_1,진황도로47길,1801,887,914,187,274,363,256,313,408,108,126,187,141,132,193,79,148,176,115,181,215
2019_1,진황도로27길,7755,3899,3856,826,1139,1570,1085,1226,1909,415,549,817,600,601,917,411,590,753,485,625,992
2019_1,올림픽로98길,3215,1576,1639,341,438,599,464,585,788,173,215,319,240,287,342,168,223,280,224,298,446
2019_1,올림픽로80길,2047,1053,994,215,250,258,316,406,602,121,128,142,179,212,271,94,122,116,137,194,331
2019_1,올림픽로78길,1738,905,833,120,176,205,276,399,562,59,89,117,149,231,260,61,87,88,127,168,302
2019_1,올림픽로77길,2618,1338,1280,276,367,530,373,457,615,138,174,299,206,227,294,138,193,231,167,230,321
2019_1,올림픽로71길,2561,1321,1240,210,368,425,341,494,723,114,196,236,188,254,333,96,172,189,153,240,390
2019_1,올림픽로48길,1562,752,810,258,194,300,258,210,342,133,93,135,126,108,157,125,101,165,132,102,185
2019_1,양재대로96길,3526,1756,1770,706,429,565,600,487,739,377,213,288,295,239,344,329,216,277,305,248,395
2019_1,양재대로95길,3619,1783,1836,507,559,614,550,639,750,291,293,319,264,295,321,216,266,295,286,344,429
2019_1,양재대로91길,4192,2055,2137,668,634,596,665,739,890,368,339,304,325,354,365,300,295,292,340,385,525
2019_1,양재대로133길,4987,2457,2530,679,751,783,679,902,1193,337,387,410,354,417,552,342,364,373,325,485,641
2019_1,양재대로124길,4519,2261,2258,586,674,694,707,803,1055,305,365,374,338,386,493,281,309,320,369,417,562
2019_1,양재대로116길,1521,733,788,204,251,257,213,257,339,107,111,133,112,120,150,97,140,124,101,137,189
2019_1,양재대로101길,4732,2277,2455,526,784,1065,668,751,938,267,380,530,344,317,439,259,404,535,324,434,499
2019_1,암사길,7132,3599,3533,995,1020,1192,1086,1242,1597,516,540,626,562,624,731,479,480,566,524,618,866
2019_1,성안로3길,4757,2342,2415,810,662,763,832,765,925,452,327,381,396,360,426,358,335,382,436,405,499
2019_1,성내로5길,3614,1751,1863,696,488,562,599,550,719,344,248,261,314,252,332,352,240,301,285,298,387
2019_1,상일로5길,1274,643,631,196,205,166,174,275,258,100,119,81,86,133,124,96,86,85,88,142,134
2019_1,상암로5길,1937,966,971,251,263,365,317,263,478,130,137,193,157,129,220,121,126,172,160,134,258
2019_1,상암로51길,3008,1447,1561,472,418,431,475,510,702,238,214,220,232,225,318,234,204,211,243,285,384
2019_1,상암로4길,3269,1651,1618,425,473,693,509,545,624,211,229,354,270,278,309,214,244,339,239,267,315
2019_1,상암로14길,3651,1791,1860,490,514,666,551,621,809,254,258,337,265,298,379,236,256,329,286,323,430
2019_1,명일로13길,2767,1379,1388,410,436,410,424,476,611,226,222,214,213,240,264,184,214,196,211,236,347
2019_1,동남로85길,2914,1498,1416,416,418,342,440,577,721,221,229,187,226,297,338,195,189,155,214,280,383
2019_1,동남로82길,1694,915,779,192,238,201,235,380,448,106,140,120,123,205,221,86,98,81,112,175,227
2019_1,동남로65길,2695,1318,1377,569,345,307,484,462,528,305,185,160,220,231,217,264,160,147,264,231,311
2019_1,구천면로42길,4286,2169,2117,504,585,646,680,836,1035,259,304,346,369,409,482,245,281,300,311,427,553
2019_1,구천면로41길,5439,2715,2724,697,752,888,815,988,1299,365,393,471,431,461,594,332,359,417,384,527,705
2019_1,구천면로36길,2602,1347,1255,314,382,347,380,531,648,172,184,196,201,284,310,142,198,151,179,247,338
2019_1,고덕로61길,1602,821,781,315,201,256,278,245,307,166,112,128,149,129,137,149,89,128,129,116,170
2019_1,고덕로25길,1531,763,768,302,180,264,219,240,326,149,105,131,117,112,149,153,75,133,102,128,177
2019_1,고덕로10길,2111,1053,1058,307,314,363,352,345,430,166,154,196,179,160,198,141,160,167,173,185,232
2019_1,강동대로53길,4215,2140,2075,787,587,582,715,722,822,482,315,301,344,327,371,305,272,281,371,395,451
2019_1,풍성로25길,1920,941,979,215,223,293,265,341,583,116,115,165,141,143,261,99,108,128,124,198,322
2019_1,오금로46길,2594,1296,1298,503,393,383,412,427,476,262,205,197,202,201,229,241,188,186,210,226,247
2019_1,오금로36길,2964,1456,1508,389,558,606,432,453,526,207,270,329,198,202,250,182,288,277,234,251,276
2019_1,오금로11길,4808,2327,2481,504,807,1152,681,705,959,262,394,602,352,289,428,242,413,550,329,416,531
2019_1,양재대로72길,2715,1321,1394,434,431,340,428,518,564,224,226,162,196,248,265,210,205,178,232,270,299
2019_1,양재대로71길,1517,720,797,253,232,243,241,261,287,127,107,120,113,116,137,126,125,123,128,145,150
2019_1,양재대로64길,3669,1878,1791,522,584,651,562,679,671,267,313,322,293,346,337,255,271,329,269,333,334
2019_1,양재대로62길,1587,822,765,231,207,345,266,241,297,131,104,181,139,127,140,100,103,164,127,114,157
2019_1,송파대로30길,1584,867,717,136,234,262,272,326,354,74,118,150,153,184,188,62,116,112,119,142,166
2019_1,송이로36길,3364,1702,1662,497,537,748,502,512,568,271,279,395,257,237,263,226,258,353,245,275,305
2019_1,송이로32길,5600,2803,2797,829,963,1171,853,934,850,421,484,633,431,443,391,408,479,538,422,491,459
2019_1,송이로23길,4454,2183,2271,600,753,910,684,669,838,323,377,448,338,311,386,277,376,462,346,358,452
2019_1,삼전로13길,6562,3101,3461,750,1248,1568,1019,923,1054,405,540,753,498,422,483,345,708,815,521,501,571
2019_1,백제고분로50길,8436,4124,4312,1245,1309,1609,1261,1357,1655,688,643,812,615,604,762,557,666,797,646,753,893
2019_1,백제고분로46길,3217,1520,1697,427,559,718,457,504,552,208,273,352,210,223,254,219,286,366,247,281,298
2019_1,백제고분로45길,4794,2292,2502,614,835,1175,666,690,814,296,385,561,343,311,396,318,450,614,323,379,418
2019_1,백제고분로42길,4194,2011,2183,480,802,1058,577,610,667,261,374,504,272,292,308,219,428,554,305,318,359
2019_1,백제고분로39길,3380,1551,1829,361,671,838,475,466,569,200,257,397,241,197,259,161,414,441,234,269,310
2019_1,백제고분로34길,7777,3812,3965,1047,1197,1744,1243,1126,1420,567,581,892,605,532,635,480,616,852,638,594,785
2019_1,백제고분로33길,6311,2980,3331,682,1163,1652,963,846,1005,334,503,802,493,394,454,348,660,850,470,452,551
2019_1,백제고분로32길,6454,3067,3387,998,950,1415,1106,892,1093,518,449,684,539,387,490,480,501,731,567,505,603
2019_1,백제고분로31길,6266,2886,3380,842,1003,1399,1053,889,1080,409,448,650,514,396,469,433,555,749,539,493,611
2019_1,백제고분로22길,6884,3301,3583,909,1117,1607,1125,1041,1085,471,525,784,565,458,498,438,592,823,560,583,587
2019_1,백제고분로21길,2499,1241,1258,251,442,625,422,370,389,136,207,300,220,205,173,115,235,325,202,165,216
2019_1,마천로51길,3999,2059,1940,537,448,502,640,756,1116,272,248,273,345,405,516,265,200,229,295,351,600
2019_1,동남로20길,3571,1709,1862,630,545,555,614,595,632,319,257,280,279,290,284,311,288,275,335,305,348
2019_1,거마로20길,3303,1666,1637,426,350,387,553,631,956,205,205,206,299,332,419,221,145,181,254,299,537
2019_1,학동로77길,3038,1440,1598,624,356,582,615,347,514,378,158,228,275,169,232,246,198,354,340,178,282
2019_1,학동로6길,1604,734,870,133,343,427,272,164,265,73,150,196,127,75,113,60,193,231,145,89,152
2019_1,학동로56길,1007,465,542,171,154,182,181,135,184,71,82,83,77,64,88,100,72,99,104,71,96
2019_1,학동로38길,1519,705,814,166,297,413,250,162,231,74,135,200,130,71,95,92,162,213,120,91,136
2019_1,테헤란로81길,415,202,213,35,67,95,53,52,113,26,33,47,27,22,47,9,34,48,26,30,66
2019_1,일원로9길,3439,1654,1785,555,650,542,526,538,628,295,321,254,255,244,285,260,329,288,271,294,343
2019_1,일원로3길,2386,1193,1193,446,387,362,390,366,435,246,204,184,183,174,202,200,183,178,207,192,233
2019_1,영동대로65길,2065,1041,1024,302,305,247,348,350,513,178,182,123,154,176,228,124,123,124,194,174,285
2019_1,영동대로112길,2663,1315,1348,466,381,457,487,390,482,278,205,220,214,178,220,188,176,237,273,212,262
2019_1,언주로81길,3491,1735,1756,354,655,917,627,475,463,177,297,464,333,257,207,177,358,453,294,218,256
2019_1,압구정로2길,1001,467,534,149,155,224,189,121,163,81,67,95,94,60,70,68,88,129,95,61,93
2019_1,선릉로18길,1733,865,868,272,229,220,275,315,422,145,128,119,123,161,189,127,101,101,152,154,233
2019_1,선릉로146길,2058,912,1146,254,382,434,358,276,354,122,141,188,181,128,152,132,241,246,177,148,202
2019_1,선릉로133길,1549,668,881,183,290,342,260,187,287,96,101,146,123,86,116,87,189,196,137,101,171
2019_1,선릉로132길,2042,937,1105,400,311,372,370,278,311,209,123,150,172,143,140,191,188,222,198,135,171
2019_1,선릉로121길,846,396,450,82,136,214,161,114,139,45,69,94,78,53,57,37,67,120,83,61,82
2019_1,삼성로75길,2533,1236,1297,447,410,453,513,368,342,249,203,218,216,192,158,198,207,235,297,176,184
2019_1,삼성로69길,3460,1699,1761,680,591,523,724,489,453,401,294,260,317,233,194,279,297,263,407,256,259
2019_1,삼성로64길,2924,1554,1370,820,349,162,814,498,281,543,191,74,348,269,129,277,158,88,466,229,152
2019_1,삼성로63길,4355,2070,2285,773,755,631,889,758,549,437,358,297,377,362,239,336,397,334,512,396,310
2019_1,삼성로57길,1730,904,826,506,216,102,447,308,151,317,104,47,188,177,71,189,112,55,259,131,80
2019_1,삼성로147길,1246,554,692,173,253,269,188,162,201,85,113,105,92,77,82,88,140,164,96,85,119
2019_1,삼성로115길,2821,1312,1509,548,380,595,558,320,420,312,191,239,247,150,173,236,189,356,311,170,247
2019_1,봉은사로68길,1490,697,793,156,255,419,283,145,232,85,116,177,146,78,95,71,139,242,137,67,137
2019_1,봉은사로57길,1646,735,911,240,305,358,310,186,247,135,126,152,128,97,97,105,179,206,182,89,150
2019_1,봉은사로43길,3259,1536,1723,500,474,708,594,404,579,263,227,322,275,192,257,237,247,386,319,212,322
2019_1,봉은사로29길,1239,581,658,111,234,351,223,139,181,51,110,157,114,64,85,60,124,194,109,75,96
2019_1,봉은사로109길,2173,1037,1136,416,300,343,369,324,421,210,159,153,172,150,193,206,141,190,197,174,228
2019_1,도산대로89길,1944,895,1049,281,316,351,347,307,342,155,136,168,154,134,148,126,180,183,193,173,194
2019_1,도산대로81길,941,419,522,159,142,133,152,134,221,72,62,55,68,59,103,87,80,78,84,75,118
2019_1,도산대로50길,2275,1052,1223,323,314,466,358,290,524,170,146,195,182,133,226,153,168,271,176,157,298
2019_1,도산대로38길,1051,484,567,91,203,315,169,110,163,50,87,149,90,43,65,41,116,166,79,67,98
2019_1,도산대로30길,905,420,485,64,180,219,164,97,181,29,72,109,80,43,87,35,108,110,84,54,94
2019_1,도산대로23길,1506,661,845,175,284,349,261,180,257,90,116,152,123,69,111,85,168,197,138,111,146
2019_1,도산대로15길,694,309,385,79,143,154,119,73,126,34,53,72,54,36,60,45,90,82,65,37,66
2019_1,도곡로37길,6062,2806,3256,750,1068,1396,1028,788,1032,371,472,642,484,376,461,379,596,754,544,412,571
2019_1,논현로8길,3622,1776,1846,584,544,631,628,602,633,307,279,327,293,296,274,277,265,304,335,306,359
2019_1,논현로63길,2571,1243,1328,324,424,593,431,353,446,164,205,270,223,173,208,160,219,323,208,180,238
2019_1,논현로28길,77,46,31,10,8,12,7,12,28,7,5,7,4,5,18,3,3,5,3,7,10
2019_1,논현로26길,1247,570,677,133,210,194,208,206,296,68,99,79,102,88,134,65,111,115,106,118,162
2019_1,논현로159길,423,186,237,54,68,100,67,54,80,27,25,43,32,23,36,27,43,57,35,31,44
2019_1,논현로139길,1378,655,723,149,206,320,221,186,296,78,88,147,115,86,141,71,118,173,106,100,155
2019_1,논현로123길,2084,990,1094,126,388,531,441,278,320,68,185,239,213,154,131,58,203,292,228,124,189
2019_1,논현로115길,3224,1527,1697,245,720,897,483,385,494,106,333,419,260,185,224,139,387,478,223,200,270
2019_1,논현로10길,1575,786,789,275,208,272,305,258,257,148,111,136,140,131,120,127,97,136,165,127,137
2019_1,논현로106길,2107,924,1183,147,418,724,333,206,279,62,168,310,163,93,128,85,250,414,170,113,151
2019_1,남부순환로365길,2859,1378,1481,621,337,483,575,416,427,298,171,241,275,203,190,323,166,242,300,213,237
2019_1,개포로82길,28,18,10,0,4,2,3,6,13,0,2,2,3,4,7,0,2,0,0,2,6
2019_1,개포로28길,2068,994,1074,370,329,314,395,352,308,183,166,159,179,171,136,187,163,155,216,181,172
2019_1,개포로20길,2405,1170,1235,331,409,452,379,415,419,162,195,235,203,179,196,169,214,217,176,236,223
2019_1,개포로17길,3678,1792,1886,594,537,600,641,613,693,313,267,296,305,301,310,281,270,304,336,312,383
2019_1,강남대로140길,1863,846,1017,185,311,453,272,294,348,98,129,212,128,127,152,87,182,241,144,167,196
2019_1,강남대로136길,1263,572,691,148,183,247,212,175,298,66,80,104,97,75,150,82,103,143,115,100,148
2019_1,강남대로118길,1463,630,833,110,333,412,241,147,220,61,129,170,124,56,90,49,204,242,117,91,130
2019_1,서초중앙로8길,2653,1312,1341,451,364,492,474,342,530,234,189,236,237,161,255,217,175,256,237,181,275
2019_1,방배중앙로21길,2768,1261,1507,564,392,350,510,481,471,242,180,151,223,243,222,322,212,199,287,238,249
2019_1,효령로72길,2091,1023,1068,396,254,414,394,290,343,212,118,178,210,145,160,184,136,236,184,145,183
2019_1,효령로34길,1562,747,815,266,198,285,253,241,319,146,95,135,118,114,139,120,103,150,135,127,180
2019_1,효령로31길,1842,861,981,237,260,364,317,258,406,120,123,176,144,121,177,117,137,188,173,137,229
2019_1,효령로23길,4664,2146,2518,710,786,893,771,653,851,380,350,404,350,289,373,330,436,489,421,364,478
2019_1,청두곶길,3991,1881,2110,603,605,689,639,565,890,319,270,330,303,254,405,284,335,359,336,311,485
2019_1,주흥길,3994,1942,2052,218,925,1170,643,458,580,112,413,567,357,238,255,106,512,603,286,220,325
2019_1,주흥15길,2694,1241,1453,203,530,734,477,283,467,99,226,332,255,141,188,104,304,402,222,142,279
2019_1,언남길,2091,1054,1037,275,335,459,359,316,347,142,170,231,188,159,164,133,165,228,171,157,183
2019_1,신반포로45길,2627,1270,1357,325,467,563,426,345,501,165,228,277,207,170,223,160,239,286,219,175,278
2019_1,서초대로8길,1545,766,779,189,196,224,215,227,494,107,87,118,118,102,234,82,109,106,97,125,260
2019_1,서초대로64길,1759,848,911,389,219,267,362,259,263,199,109,112,180,126,122,190,110,155,182,133,141
2019_1,서초대로4길,3519,1586,1933,548,521,605,546,524,775,255,243,277,239,237,335,293,278,328,307,287,440
2019_1,서초대로25길,1261,597,664,195,196,250,195,191,234,101,87,120,95,81,113,94,109,130,100,110,121
2019_1,서초대로23길,2408,1149,1259,346,304,435,449,354,520,181,150,200,227,170,221,165,154,235,222,184,299
2019_1,서초대로15길,2418,1099,1319,379,363,523,420,304,429,184,162,230,188,150,185,195,201,293,232,154,244
2019_1,사평대로57길,1219,542,677,51,295,329,188,139,217,25,124,143,96,62,92,26,171,186,92,77,125
2019_1,사평대로26길,173,71,102,24,40,17,24,24,44,10,17,7,8,9,20,14,23,10,16,15,24
2019_1,사평대로22길,1568,713,855,325,199,229,311,231,273,174,86,95,134,103,121,151,113,134,177,128,152
2019_1,사임당로17길,1089,536,553,160,194,217,160,155,203,84,103,111,83,68,87,76,91,106,77,87,116
2019_1,방배로42길,1130,528,602,275,135,158,224,159,179,132,73,75,107,67,74,143,62,83,117,92,105
2019_1,방배로35길,1599,754,845,314,212,213,311,237,312,153,103,88,143,122,145,161,109,125,168,115,167
2019_1,방배로18길,1646,762,884,204,290,409,236,201,306,115,117,194,108,82,146,89,173,215,128,119,160
2019_1,반포대로9길,1630,786,844,267,260,235,264,280,324,146,134,123,117,132,134,121,126,112,147,148,190
2019_1,바우뫼로39길,2791,1339,1452,332,457,582,395,418,607,170,221,307,176,190,275,162,236,275,219,228,332
2019_1,마방로2길,1505,750,755,219,215,325,262,201,283,113,110,172,142,90,123,106,105,153,120,111,160
2019_1,방배천로4안길,1197,528,669,166,215,232,191,175,218,81,70,102,104,66,105,85,145,130,87,109,113
2019_1,동산로19길,2075,1047,1028,305,303,487,372,276,332,152,159,257,191,133,155,153,144,230,181,143,177
2019_1,동산로10길,3519,1748,1771,552,517,723,567,536,624,304,259,366,285,254,280,248,258,357,282,282,344
2019_1,동광로39길,1674,754,920,295,205,271,302,252,349,150,89,117,130,125,143,145,116,154,172,127,206
2019_1,동광로1길,3406,1575,1831,601,515,556,647,544,543,298,245,269,284,249,230,303,270,287,363,295,313
2019_1,동광로12길,1371,630,741,255,190,189,259,192,286,107,85,91,124,96,127,148,105,98,135,96,159
2019_1,논현로27길,1813,866,947,168,275,378,346,265,381,87,142,180,166,125,166,81,133,198,180,140,215
2019_1,논현로1길,3209,1549,1660,535,455,671,593,494,461,263,226,338,286,242,194,272,229,333,307,252,267
2019_1,남부순환로339길,1541,764,777,272,194,336,287,201,251,134,95,171,144,103,117,138,99,165,143,98,134
2019_1,남부순환로325길,2444,1203,1241,339,369,342,388,440,566,184,188,168,185,219,259,155,181,174,203,221,307
2019_1,남부순환로317길,1741,848,893,349,269,273,310,266,274,190,135,125,149,119,130,159,134,148,161,147,144
2019_1,고무래로8길,1968,925,1043,425,218,308,352,267,398,216,103,139,165,127,175,209,115,169,187,140,223
2019_1,강남대로8길,3665,1843,1822,469,618,856,552,520,650,237,314,450,288,245,309,232,304,406,264,275,341
2019_1,강남대로34길,2613,1245,1368,262,442,679,343,367,520,134,203,364,159,166,219,128,239,315,184,201,301
2019_1,강남대로23길,1101,545,556,126,176,252,151,152,244,70,83,123,86,62,121,56,93,129,65,90,123
2019_1,소담길,709,385,324,31,61,85,141,148,243,22,25,47,82,95,114,9,36,38,59,53,129
2019_1,원신길,1352,684,668,154,153,193,188,255,409,77,74,116,110,128,179,77,79,77,78,127,230
2019_1,양지길,1787,894,893,183,198,214,262,337,593,89,107,136,143,176,243,94,91,78,119,161,350
2019_1,양산길,1578,809,769,126,274,301,252,239,386,65,147,182,146,106,163,61,127,119,106,133,223
2019_1,호암로24길,2712,1682,1030,93,892,697,412,266,352,42,505,486,302,186,161,51,387,211,110,80,191
2019_1,호암로20길,3095,1978,1117,145,966,726,495,345,418,80,587,510,386,209,206,65,379,216,109,136,212
2019_1,행운길,4876,2395,2481,320,1594,1229,563,449,721,162,730,664,307,209,323,158,864,565,256,240,398
2019_1,행운1길,3312,1668,1644,276,758,635,394,438,811,150,349,341,212,233,383,126,409,294,182,205,428
2019_1,청림3길,4202,2075,2127,513,526,568,620,703,1272,264,299,306,338,343,525,249,227,262,282,360,747
2019_1,청룡길,3526,1673,1853,208,1296,757,353,351,561,103,531,412,189,160,278,105,765,345,164,191,283
2019_1,청룡8길,1945,939,1006,193,597,383,231,191,350,97,256,211,123,90,162,96,341,172,108,101,188
2019_1,중앙길,3241,1602,1639,305,760,605,432,397,742,160,366,320,238,207,311,145,394,285,194,190,431
2019_1,조원중앙로2길,4364,2209,2155,492,755,748,633,742,994,259,343,422,332,387,466,233,412,326,301,355,528
2019_1,조원로18길,1778,888,890,135,508,412,216,193,314,69,220,233,128,94,144,66,288,179,88,99,170
2019_1,조원로10길,1754,907,847,160,295,331,249,291,428,87,134,182,144,159,201,73,161,149,105,132,227
2019_1,장군봉2길,1757,873,884,144,465,380,207,182,379,76,215,208,119,89,166,68,250,172,88,93,213
2019_1,장군봉1길,857,403,454,86,134,133,96,131,277,49,55,64,53,67,115,37,79,69,43,64,162
2019_1,인헌길,3008,1435,1573,358,492,563,481,442,672,175,237,278,238,215,292,183,255,285,243,227,380
2019_1,은천로25길,1485,726,759,278,170,258,255,203,321,134,92,125,138,103,134,144,78,133,117,100,187
2019_1,양녕로6길,4600,2233,2367,358,1190,898,526,610,1018,198,510,482,282,294,467,160,680,416,244,316,551
2019_1,신원로3길,2830,1390,1440,207,630,531,351,388,723,98,291,315,204,170,312,109,339,216,147,218,411
2019_1,신사로20길,1872,952,920,143,494,410,253,207,365,85,227,225,132,111,172,58,267,185,121,96,193
2019_1,신림로65길,1967,941,1026,56,899,509,178,137,188,28,395,277,91,69,81,28,504,232,87,68,107
2019_1,신림로64길,1651,887,764,56,620,466,189,154,166,35,276,269,120,100,87,21,344,197,69,54,79
2019_1,신림로48길,2604,1367,1237,211,674,536,328,386,469,117,350,329,179,181,211,94,324,207,149,205,258
2019_1,신림로38길,2009,1048,961,187,463,376,287,285,411,100,243,215,170,137,183,87,220,161,117,148,228
2019_1,신림로28길,2973,1751,1222,244,825,666,428,358,452,131,468,443,275,216,218,113,357,223,153,142,234
2019_1,신림로11길,4647,2745,1902,335,1310,984,643,607,768,169,775,660,429,355,357,166,535,324,214,252,411
2019_1,신림동길,4207,2164,2043,134,1607,1235,494,298,439,65,761,684,301,164,189,69,846,551,193,134,250
2019_1,승방길,3158,1503,1655,218,860,864,322,402,492,110,362,455,165,163,248,108,498,409,157,239,244
2019_1,서림7길,4104,2699,1405,220,1467,1036,544,347,490,130,963,737,410,230,229,90,504,299,134,117,261
2019_1,봉천로33길,3995,1966,2029,422,745,740,556,544,988,221,352,389,307,258,439,201,393,351,249,286,549
2019_1,봉천로13길,3807,1892,1915,513,706,638,534,525,891,285,360,341,270,249,387,228,346,297,264,276,504
2019_1,복은길,4138,2249,1889,394,1011,819,566,555,793,198,557,511,329,289,365,196,454,308,237,266,428
2019_1,법원단지길,1325,638,687,196,204,163,205,246,311,96,98,93,98,115,138,100,106,70,107,131,173
2019_1,법원단지9길,5210,2605,2605,764,810,673,841,951,1171,415,424,356,423,447,540,349,386,317,418,504,631
2019_1,미성5길,4365,2147,2218,608,685,609,670,773,1020,310,337,324,337,363,476,298,348,285,333,410,544
2019_1,대학길,1773,1108,665,102,589,360,259,185,278,49,373,252,189,121,124,53,216,108,70,64,154
2019_1,대학14길,2996,2075,921,176,876,602,537,396,409,94,590,445,413,307,226,82,286,157,124,89,183
2019_1,당곡길,1818,881,937,189,351,288,290,282,418,95,156,159,135,139,197,94,195,129,155,143,221
2019_1,남현길,1976,922,1054,240,396,390,269,261,420,111,178,200,126,118,189,129,218,190,143,143,231
2019_1,남현3길,1610,750,860,113,376,415,198,193,315,56,161,203,100,86,144,57,215,212,98,107,171
2019_1,남현2길,2797,1324,1473,241,612,638,350,385,571,126,259,336,188,165,250,115,353,302,162,220,321
2019_1,남부순환로248길,1646,769,877,159,373,298,228,226,362,76,172,143,114,109,155,83,201,155,114,117,207
2019_1,남부순환로234길,1832,920,912,170,458,384,250,188,382,82,232,211,134,89,172,88,226,173,116,99,210
2019_1,남부순환로172길,2670,1327,1343,288,625,459,388,400,510,144,313,252,188,192,238,144,312,207,200,208,272
2019_1,남부순환로161길,3899,1968,1931,428,813,673,582,657,746,227,400,378,290,335,338,201,413,295,292,322,408
2019_1,남부순환로151길,3382,1677,1705,336,804,653,494,481,614,176,380,360,251,224,286,160,424,293,243,257,328
2019_1,남부순환로142길,3445,1702,1743,402,672,692,485,507,687,187,315,384,258,254,304,215,357,308,227,253,383
2019_1,난향길,2621,1375,1246,302,309,269,452,441,848,156,174,157,247,239,402,146,135,112,205,202,446
2019_1,난우길,2409,1190,1219,394,322,322,384,408,579,188,162,171,192,206,271,206,160,151,192,202,308
2019_1,난곡로74길,1853,871,982,146,485,397,232,221,372,78,198,210,117,101,167,68,287,187,115,120,205
2019_1,난곡로34길,2567,1303,1264,334,376,396,387,495,579,187,186,207,206,244,273,147,190,189,181,251,306
2019_1,난곡로26길,3307,1680,1627,378,506,401,509,646,867,198,253,242,281,325,381,180,253,159,228,321,486
2019_1,난곡로24길,2463,1296,1167,304,285,323,375,427,749,161,171,179,215,224,346,143,114,144,160,203,403
2019_1,낙성대역길,5278,2608,2670,523,1592,1218,664,491,790,250,741,666,362,232,357,273,851,552,302,259,433
2019_1,국회단지길,5533,2762,2771,817,760,880,905,882,1289,418,403,466,484,405,586,399,357,414,421,477,703
2019_1,구암길,2935,1465,1470,430,316,304,514,480,891,228,164,153,280,240,400,202,152,151,234,240,491
2019_1,관천로22길,4339,2127,2212,386,1119,962,549,494,829,180,556,503,296,225,367,206,563,459,253,269,462
2019_1,관천로15길,4588,2312,2276,549,991,814,677,694,863,280,490,463,360,326,393,269,501,351,317,368,470
2019_1,관악로30길,2739,1365,1374,440,407,432,420,420,620,220,220,223,205,212,285,220,187,209,215,208,335
2019_1,관악로28길,3096,1532,1564,500,434,453,505,505,699,254,228,225,253,243,329,246,206,228,252,262,370
2019_1,관악로14길,1415,670,745,104,545,283,138,116,229,53,241,143,74,61,98,51,304,140,64,55,131
2019_1,관악로10길,4471,2220,2251,505,1331,875,581,469,710,258,612,502,316,222,310,247,719,373,265,247,400
2019_1,흑석로9길,2030,1033,997,195,647,302,228,248,410,101,372,159,114,116,171,94,275,143,114,132,239
2019_1,흑석로13길,655,331,324,77,150,96,82,108,142,33,75,64,42,55,62,44,75,32,40,53,80
2019_1,장승배기로27길,2335,1233,1102,162,462,364,300,412,635,96,252,221,179,205,280,66,210,143,121,207,355
2019_1,장승배기로19길,2448,1242,1206,193,344,346,326,470,769,95,178,205,173,245,346,98,166,141,153,225,423
2019_1,장승배기로10길,383,206,177,36,75,44,54,73,101,19,41,29,25,41,51,17,34,15,29,32,50
2019_1,여의대방로46길,2872,1334,1538,686,436,369,625,397,359,291,188,181,303,209,162,395,248,188,322,188,197
2019_1,여의대방로24길,2873,1347,1526,391,520,553,467,407,535,194,223,265,219,202,244,197,297,288,248,205,291
2019_1,여의대방로22카길,3185,1556,1629,354,754,602,460,426,589,191,342,311,217,219,276,163,412,291,243,207,313
2019_1,여의대방로22나길,2494,1200,1294,377,350,430,417,367,553,195,169,208,211,181,236,182,181,222,206,186,317
2019_1,여의대방로22길,2387,1170,1217,280,468,468,360,352,459,153,217,241,187,167,205,127,251,227,173,185,254
2019_1,양녕로26길,1926,934,992,320,264,297,328,313,404,172,123,147,164,143,185,148,141,150,164,170,219
2019_1,신대방길,3860,1858,2002,428,560,567,603,657,1045,224,277,296,285,327,449,204,283,271,318,330,596
2019_1,성대로29길,2051,988,1063,266,341,325,330,311,478,139,180,162,166,151,190,127,161,163,164,160,288
2019_1,성대로1길,1125,554,571,95,247,250,127,174,232,46,115,121,69,99,104,49,132,129,58,75,128
2019_1,서달로8가길,630,305,325,68,106,61,85,111,199,31,57,33,44,61,79,37,49,28,41,50,120
2019_1,서달로15길,363,191,172,31,54,53,43,57,125,14,30,32,30,31,54,17,24,21,13,26,71
2019_1,서달로14길,380,176,204,37,65,47,36,77,118,16,33,22,22,35,48,21,32,25,14,42,70
2019_1,서달로10길,1747,829,918,183,273,237,251,310,493,93,133,118,137,152,196,90,140,119,114,158,297
2019_1,상도로62길,2947,1430,1517,363,909,561,376,288,450,178,446,267,192,141,206,185,463,294,184,147,244
2019_1,상도로61길,2305,1191,1114,234,724,385,278,267,417,121,421,200,140,117,192,113,303,185,138,150,225
2019_1,상도로47길,3944,1988,1956,488,1231,559,485,440,741,242,710,286,228,198,324,246,521,273,257,242,417
2019_1,상도로37길,1330,639,691,176,362,241,160,146,245,81,175,127,84,66,106,95,187,114,76,80,139
2019_1,상도로15길,3901,1890,2011,356,881,804,504,548,808,175,431,412,259,268,345,181,450,392,245,280,463
2019_1,사당로8길,2608,1233,1375,258,488,514,378,397,573,134,222,261,192,185,239,124,266,253,186,212,334
2019_1,사당로30길,1022,484,538,60,231,247,131,115,238,39,107,122,73,46,97,21,124,125,58,69,141
2019_1,사당로2차길,3211,1554,1657,471,505,553,518,465,699,261,232,276,254,213,318,210,273,277,264,252,381
2019_1,사당로29길,2570,1227,1343,239,508,453,350,441,579,115,255,223,173,218,243,124,253,230,177,223,336
2019_1,사당로26길,2886,1392,1494,274,630,638,343,391,610,146,298,334,159,184,271,128,332,304,184,207,339
2019_1,사당로23나길,1000,497,503,113,143,145,157,165,277,59,72,82,86,78,120,54,71,63,71,87,157
2019_1,사당로23길,1509,721,788,307,178,281,242,224,277,162,74,126,125,107,127,145,104,155,117,117,150
2019_1,사당로20길,2722,1296,1426,258,575,563,377,367,582,122,267,301,194,158,254,136,308,262,183,209,328
2019_1,사당로16길,3461,1649,1812,378,499,584,552,490,958,182,237,307,293,221,409,196,262,277,259,269,549
2019_1,사당로16가길,2263,1079,1184,237,475,404,318,310,519,113,214,208,168,147,229,124,261,196,150,163,290
2019_1,만양로8길,3617,1847,1770,520,711,639,463,486,798,270,405,368,240,208,356,250,306,271,223,278,442
2019_1,만양로14길,921,559,362,38,379,201,87,70,146,22,247,141,63,32,54,16,132,60,24,38,92
2019_1,등용로14길,1918,967,951,195,332,325,245,328,493,105,181,176,131,160,214,90,151,149,114,168,279
2019_1,동작대로7길,3443,1644,1799,216,893,745,384,474,731,117,389,364,208,227,339,99,504,381,176,247,392
2019_1,동작대로35길,2600,1304,1296,315,344,433,391,418,699,170,177,234,208,197,318,145,167,199,183,221,381
2019_1,동작대로33길,2635,1255,1380,229,422,456,387,394,747,125,203,227,190,170,340,104,219,229,197,224,407
2019_1,동작대로29길,860,427,433,98,144,136,106,128,248,52,80,71,53,58,113,46,64,65,53,70,135
2019_1,동작대로17길,2411,1122,1289,177,471,505,343,336,579,89,199,223,182,153,276,88,272,282,161,183,303
2019_1,대방동2길,3564,1596,1968,476,847,672,520,469,580,257,336,281,249,213,260,219,511,391,271,256,320
2019_1,대방동27길,4113,2061,2052,749,746,692,757,564,605,409,360,354,376,293,269,340,386,338,381,271,336
2019_1,노량진로6길,3231,1625,1606,311,547,442,445,676,810,163,273,257,238,324,370,148,274,185,207,352,440
2019_1,국사봉길,3937,1880,2057,511,716,792,552,522,844,249,326,410,292,241,362,262,390,382,260,281,482
2019_1,국사봉2길,1413,632,781,140,366,324,194,151,238,79,137,145,84,77,110,61,229,179,110,74,128
2019_1,국사봉1길,3340,1573,1767,321,591,624,503,505,796,158,263,322,247,234,349,163,328,302,256,271,447
2019_1,영신로9길,2590,1342,1248,219,339,442,347,502,741,109,191,236,184,257,365,110,148,206,163,245,376
2019_1,영등포로84길,2665,1348,1317,191,570,496,394,405,609,95,259,285,215,220,274,96,311,211,179,185,335
2019_1,영등포로80길,2232,1160,1072,209,377,353,324,382,587,117,185,212,183,210,253,92,192,141,141,172,334
2019_1,영등포로62길,1623,849,774,134,266,341,236,240,406,62,147,198,135,120,187,72,119,143,101,120,219
2019_1,영등포로35길,1332,764,568,76,323,285,167,197,284,40,159,169,107,128,161,36,164,116,60,69,123
2019_1,영등포로27길,1825,1003,822,147,327,373,254,299,425,74,165,233,152,173,206,73,162,140,102,126,219
2019_1,영등포로25길,1829,930,899,131,394,370,229,283,422,63,191,201,138,144,193,68,203,169,91,139,229
2019_1,여의대방로61길,2311,1165,1146,219,324,444,362,376,586,104,160,259,182,200,260,115,164,185,180,176,326
2019_1,여의대방로43나길,3542,1773,1769,436,514,519,530,641,902,241,264,280,272,313,403,195,250,239,258,328,499
2019_1,여의대방로39길,371,173,198,28,74,64,43,61,101,15,29,30,21,31,47,13,45,34,22,30,54
2019_1,여의대방로35길,1533,795,738,173,242,218,241,243,416,90,123,119,130,128,205,83,119,99,111,115,211
2019_1,양평로28길,4135,2106,2029,593,690,1103,610,509,630,310,323,602,315,250,306,283,367,501,295,259,324
2019_1,양평로22라길,1552,760,792,204,265,486,245,154,198,117,98,257,133,75,80,87,167,229,112,79,118
2019_1,양평로19길,3234,1627,1607,567,466,620,530,455,596,297,229,324,278,230,269,270,237,296,252,225,327
2019_1,신길로60길,2997,1487,1510,318,364,403,449,532,931,166,173,216,231,275,426,152,191,187,218,257,505
2019_1,신길로42길,2737,1382,1355,297,366,304,418,536,816,152,192,175,227,278,358,145,174,129,191,258,458
2019_1,신길로42가길,3964,1929,2035,503,539,445,642,732,1103,265,280,243,320,348,473,238,259,202,322,384,630
2019_1,신길로39길,1984,1008,976,236,257,213,318,396,564,125,147,119,167,201,249,111,110,94,151,195,315
2019_1,신길로17길,2428,1173,1255,211,383,315,344,458,717,106,210,176,162,213,306,105,173,139,182,245,411
2019_1,선유서로28길,982,506,476,130,117,158,150,150,277,73,60,87,87,70,129,57,57,71,63,80,148
2019_1,선유서로25길,3395,1761,1634,385,556,817,519,457,661,202,271,450,293,251,294,183,285,367,226,206,367
2019_1,선유서로24길,1294,670,624,114,134,148,175,237,486,58,87,93,101,127,204,56,47,55,74,110,282
2019_1,선유로55길,2921,1438,1483,208,719,756,357,354,527,107,282,400,193,206,250,101,437,356,164,148,277
2019_1,디지털로74길,81,74,7,61,4,4,5,2,5,60,3,3,4,0,4,1,1,1,1,2,1
2019_1,디지털로57길,1463,703,760,133,143,165,256,276,490,73,72,80,125,146,207,60,71,85,131,130,283
2019_1,디지털로37길,1343,649,694,141,121,128,218,244,491,72,65,63,105,123,221,69,56,65,113,121,270
2019_1,도신로62길,1876,927,949,231,278,270,288,291,518,115,154,148,141,136,233,116,124,122,147,155,285
2019_1,도신로60길,800,408,392,87,118,108,108,131,248,46,65,60,57,61,119,41,53,48,51,70,129
2019_1,도신로29길,1619,818,801,205,217,243,265,292,397,118,109,132,129,154,176,87,108,111,136,138,221
2019_1,도신로15길,3610,1795,1815,332,680,728,514,567,789,180,304,379,275,290,367,152,376,349,239,277,422
2019_1,도림천로21길,2485,1224,1261,244,434,466,338,403,600,107,216,259,163,197,282,137,218,207,175,206,318
2019_1,도림로63길,602,306,296,89,76,80,98,115,144,39,43,44,50,58,72,50,33,36,48,57,72
2019_1,도림로147길,341,187,154,15,42,50,34,58,142,9,25,23,26,34,70,6,17,27,8,24,72
2019_1,도림로112길,2249,1171,1078,233,271,307,355,431,652,127,150,165,195,236,298,106,121,142,160,195,354
2019_1,대림로8길,3025,1503,1522,299,492,388,464,496,886,159,235,212,234,258,405,140,257,176,230,238,481
2019_1,대림로7길,1057,512,545,100,140,130,149,211,327,53,61,76,68,104,150,47,79,54,81,107,177
2019_1,대림로44길,2339,1224,1115,338,341,292,402,473,493,185,187,161,206,251,234,153,154,131,196,222,259
2019_1,대림로34길,2843,1458,1385,418,404,320,451,560,690,221,216,184,224,285,328,197,188,136,227,275,362
2019_1,대림로31길,2369,1214,1155,242,282,317,421,467,640,133,130,175,233,250,293,109,152,142,188,217,347
2019_1,대림로29길,1876,974,902,156,243,257,310,358,552,82,130,148,169,200,245,74,113,109,141,158,307
2019_1,대림로22길,4346,2194,2152,522,626,482,676,846,1194,274,336,261,336,440,547,248,290,221,340,406,647
2019_1,당산로46길,2217,1111,1106,143,580,510,261,288,435,70,261,288,140,153,199,73,319,222,121,135,236
2019_1,당산로38길,1801,818,983,134,603,491,196,175,202,57,231,272,93,75,90,77,372,219,103,100,112
2019_1,당산로37길,1331,628,703,130,177,244,183,214,383,62,78,118,100,116,154,68,99,126,83,98,229
2019_1,당산로31길,981,503,478,99,196,236,130,129,191,57,91,120,72,71,92,42,105,116,58,58,99
2019_1,국회대로56길,2712,1612,1100,108,839,947,298,212,308,53,431,632,200,139,157,55,408,315,98,73,151
2019_1,경인로90길,141,108,33,1,7,8,19,37,69,0,4,5,18,30,51,1,3,3,1,7,18
2019_1,경인로80길,152,88,64,6,11,25,24,28,58,2,8,19,18,16,25,4,3,6,6,12,33
2019_1,경인로77길,269,163,106,7,48,47,28,52,87,3,32,30,20,34,44,4,16,17,8,18,43
2019_1,가마산로61길,1912,971,941,218,275,207,292,377,543,118,147,114,152,196,244,100,128,93,140,181,299
2019_1,시흥대로94길,3748,1915,1833,459,598,567,539,733,852,230,324,323,261,367,410,229,274,244,278,366,442
2019_1,시흥대로84길,5951,3031,2920,717,908,828,867,1225,1406,399,483,445,438,599,667,318,425,383,429,626,739
2019_1,시흥대로68길,2653,1364,1289,313,374,341,405,525,695,172,201,197,216,263,315,141,173,144,189,262,380
2019_1,시흥대로63길,1584,783,801,176,219,273,239,296,381,84,111,141,125,141,181,92,108,132,114,155,200
2019_1,시흥대로62가길,3026,1521,1505,374,411,386,471,611,773,196,231,212,240,300,342,178,180,174,231,311,431
2019_1,시흥대로36길,1984,1017,967,280,253,299,299,368,485,141,134,169,165,188,220,139,119,130,134,180,265
2019_1,시흥대로22길,3530,1762,1768,503,477,509,521,598,922,251,250,285,270,286,420,252,227,224,251,312,502
2019_1,시흥대로153길,1824,1020,804,144,418,407,209,303,343,76,233,250,121,164,176,68,185,157,88,139,167
2019_1,시흥대로150길,4814,2437,2377,574,731,777,701,866,1165,297,372,423,355,444,546,277,359,354,346,422,619
2019_1,시흥대로141길,2252,1241,1011,148,533,427,288,398,458,70,267,255,171,235,243,78,266,172,117,163,215
2019_1,시흥대로138길,576,310,266,61,55,78,86,118,178,35,35,49,41,60,90,26,20,29,45,58,88
2019_1,시흥대로120길,3305,1662,1643,371,512,447,485,698,792,195,258,239,247,357,366,176,254,208,238,341,426
2019_1,벚꽃로56길,1055,573,482,73,152,176,150,209,295,41,83,106,86,118,139,32,69,70,64,91,156
2019_1,범안로17길,1258,674,584,118,229,270,211,193,237,62,115,164,118,101,114,56,114,106,93,92,123
2019_1,범안로11길,1269,724,545,73,392,425,157,104,118,31,203,266,101,61,62,42,189,159,56,43,56
2019_1,문성로5길,3269,1649,1620,333,519,506,488,622,801,160,262,282,267,297,381,173,257,224,221,325,420
2019_1,독산로85길,649,318,331,80,89,86,107,140,147,35,53,46,55,69,60,45,36,40,52,71,87
2019_1,독산로78다길,3279,1656,1623,426,479,410,493,648,823,212,259,226,244,327,388,214,220,184,249,321,435
2019_1,독산로70길,2598,1316,1282,261,317,300,450,601,669,128,159,168,221,338,302,133,158,132,229,263,367
2019_1,독산로64길,2243,1139,1104,263,317,281,350,489,543,135,177,149,184,252,242,128,140,132,166,237,301
2019_1,독산로50길,2130,1070,1060,323,315,278,317,384,513,173,165,141,156,185,250,150,150,137,161,199,263
2019_1,독산로40길,2632,1302,1330,393,321,385,408,486,639,191,180,209,207,224,291,202,141,176,201,262,348
2019_1,독산로108길,1910,988,922,190,322,300,305,392,401,101,156,182,148,210,191,89,166,118,157,182,210
2019_1,남부순환로112길,2288,1372,916,96,694,499,290,355,354,42,377,331,199,219,204,54,317,168,91,136,150
2019_1,금하로24길,4338,2190,2148,574,576,463,696,828,1201,287,318,257,361,430,537,287,258,206,335,398,664
2019_1,금하로1길,1965,991,974,272,273,245,345,360,470,133,138,147,171,184,218,139,135,98,174,176,252
2019_1,금하로14길,1753,865,888,215,264,249,262,311,452,97,131,139,129,157,212,118,133,110,133,154,240
2019_1,가산로5길,3281,1909,1372,275,846,886,422,391,461,148,460,564,265,230,242,127,386,322,157,161,219
2019_1,가산로3길,1060,668,392,62,287,322,146,133,110,27,168,227,108,82,56,35,119,95,38,51,54
2019_1,중앙로1길,1102,568,534,156,184,168,159,180,255,88,99,87,88,88,118,68,85,81,71,92,137
2019_1,중앙로15길,1606,819,787,241,211,251,224,263,416,123,124,132,131,123,186,118,87,119,93,140,230
2019_1,우마길,830,469,361,50,102,67,105,242,264,24,57,37,67,141,143,26,45,30,38,101,121
2019_1,오류로8길,2099,1053,1046,257,281,261,293,332,675,142,151,155,152,171,282,115,130,106,141,161,393
2019_1,신도림로13길,517,258,259,50,64,54,72,107,170,15,37,26,41,57,82,35,27,28,31,50,88
2019_1,새말로18길,2823,1373,1450,358,436,608,374,402,645,184,200,299,190,191,309,174,236,309,184,211,336
2019_1,부일로1길,1428,716,712,188,166,266,219,206,383,110,76,126,126,103,175,78,90,140,93,103,208
2019_1,부일로15길,1686,825,861,265,225,223,301,262,410,130,117,105,162,130,181,135,108,118,139,132,229
2019_1,부일로11길,2639,1349,1290,411,374,333,433,474,614,234,211,176,201,229,298,177,163,157,232,245,316
2019_1,디지털로32길,1500,822,678,40,482,527,207,131,113,19,203,323,129,85,63,21,279,204,78,46,50
2019_1,디지털로32가길,4723,2583,2140,107,1823,1708,499,266,320,54,850,1026,331,161,161,53,973,682,168,105,159
2019_1,디지털로27길,1190,637,553,128,108,140,191,231,392,59,57,81,113,141,186,69,51,59,78,90,206
2019_1,도림로6길,1410,727,683,154,166,170,218,281,421,79,91,99,128,148,182,75,75,71,90,133,239
2019_1,도림로12길,2165,1027,1138,279,258,287,344,379,618,141,133,142,175,177,259,138,125,145,169,202,359
2019_1,남부순환로97길,1287,608,679,206,126,220,175,163,397,95,64,110,87,60,192,111,62,110,88,103,205
2019_1,구로중앙로8길,2694,1307,1387,274,311,345,392,530,842,137,155,173,198,246,398,137,156,172,194,284,444
2019_1,구로중앙로7길,673,350,323,63,47,76,96,123,268,38,25,37,58,64,128,25,22,39,38,59,140
2019_1,구로중앙로42길,922,500,422,113,123,127,147,158,254,53,79,77,86,87,118,60,44,50,61,71,136
2019_1,구로중앙로34길,1131,586,545,115,166,133,167,226,324,56,97,88,80,116,149,59,69,45,87,110,175
2019_1,구로중앙로28길,3257,1612,1645,387,503,555,523,574,715,176,213,299,281,307,336,211,290,256,242,267,379
2019_1,구로중앙로19길,870,412,458,107,96,107,135,168,257,53,40,56,65,88,110,54,56,51,70,80,147
2019_1,구로동로8길,6114,3070,3044,690,804,691,945,1179,1805,364,491,376,478,550,811,326,313,315,467,629,994
2019_1,구로동로7길,2646,1414,1232,264,330,290,408,537,817,150,203,161,227,295,378,114,127,129,181,242,439
2019_1,구로동로42길,1936,948,988,238,229,204,324,364,577,119,109,101,171,201,247,119,120,103,153,163,330
2019_1,구로동로41길,2508,1301,1207,319,315,309,407,486,672,162,172,174,220,265,308,157,143,135,187,221,364
2019_1,구로동로38길,1903,940,963,215,224,191,282,388,603,100,125,102,146,208,259,115,99,89,136,180,344
2019_1,구로동로28길,2031,1023,1008,221,238,210,350,377,635,115,121,113,175,208,291,106,117,97,175,169,344
2019_1,구로동로15길,982,507,475,96,110,99,126,215,336,48,69,59,62,112,157,48,41,40,64,103,179
2019_1,공원로6가길,2119,931,1188,187,637,521,254,224,296,89,204,252,133,115,138,98,433,269,121,109,158
2019_1,고척로52길,3170,1579,1591,527,412,471,513,551,696,263,217,245,259,270,325,264,195,226,254,281,371
2019_1,고척로27다길,4462,2211,2251,646,659,534,708,855,1060,323,356,267,345,424,496,323,303,267,363,431,564
2019_1,고척로27길,2513,1286,1227,341,353,332,384,460,643,171,197,172,197,246,303,170,156,160,187,214,340
2019_1,고척로21나길,2594,1345,1249,364,324,332,423,467,684,190,185,182,231,242,315,174,139,150,192,225,369
2019_1,경인로47길,2030,1002,1028,288,311,270,301,358,502,126,160,138,161,179,238,162,151,132,140,179,264
2019_1,경인로35길,3027,1562,1465,321,395,337,423,599,952,167,199,185,237,307,467,154,196,152,186,292,485
2019_1,경인로31길,1833,957,876,167,229,217,284,403,533,76,125,119,175,217,245,91,104,98,109,186,288
2019_1,경인로15길,3435,1716,1719,439,457,492,529,576,942,215,241,259,284,273,444,224,216,233,245,303,498
2019_1,개봉로3길,2996,1467,1529,421,405,479,494,497,700,206,209,261,252,238,301,215,196,218,242,259,399
2019_1,개봉로2길,2287,1086,1201,367,286,409,363,339,523,175,138,211,175,158,229,192,148,198,188,181,294
2019_1,개봉로23가길,2487,1224,1263,308,278,485,377,352,687,139,134,258,211,163,319,169,144,227,166,189,368
2019_1,개봉로20길,3693,1760,1933,623,450,610,543,556,911,309,215,277,280,244,435,314,235,333,263,312,476
2019_1,개봉로1길,2206,1109,1097,312,291,372,364,338,529,160,152,204,183,168,242,152,139,168,181,170,287
2019_1,개봉로17다길,3350,1670,1680,449,478,533,497,561,832,220,270,262,254,281,383,229,208,271,243,280,449
2019_1,개봉로17길,5679,2781,2898,868,820,860,916,999,1216,463,419,427,470,474,528,405,401,433,446,525,688
2019_1,개봉로11길,5293,2602,2691,775,757,767,834,896,1264,399,388,393,420,421,581,376,369,374,414,475,683
2019_1,화곡로64길,4287,2046,2241,510,917,1060,596,532,672,288,339,533,299,273,314,222,578,527,297,259,358
2019_1,화곡로59길,2633,1276,1357,406,414,437,410,496,470,214,220,206,185,239,212,192,194,231,225,257,258
2019_1,화곡로44나길,3088,1543,1545,439,473,607,490,484,595,235,222,330,253,215,288,204,251,277,237,269,307
2019_1,화곡로31길,3946,1901,2045,392,641,719,520,643,1031,202,324,375,245,285,470,190,317,344,275,358,561
2019_1,화곡로20길,3353,1684,1669,476,455,613,506,532,771,247,230,318,284,244,361,229,225,295,222,288,410
2019_1,화곡로13길,3440,1659,1781,545,499,549,584,535,728,287,250,273,277,256,316,258,249,276,307,279,412
2019_1,초원로16길,3533,1798,1735,422,522,489,474,634,992,225,272,273,256,299,473,197,250,216,218,335,519
2019_1,초록마을로8길,4948,2440,2508,934,700,948,863,686,817,498,356,496,434,307,349,436,344,452,429,379,468
2019_1,초록마을로3길,2874,1476,1398,219,627,772,474,330,452,101,305,440,264,171,195,118,322,332,210,159,257
2019_1,월정로20길,2545,1333,1212,175,526,720,375,331,418,78,246,408,229,170,202,97,280,312,146,161,216
2019_1,우장산로6길,5368,2557,2811,1272,714,690,1117,795,780,596,346,326,523,399,367,676,368,364,594,396,413
2019_1,양천로73가길,2749,1426,1323,708,319,493,583,331,315,400,156,244,295,178,153,308,163,249,288,153,162
2019_1,양천로71길,6658,3249,3409,1750,753,928,1430,919,878,852,398,418,720,451,410,898,355,510,710,468,468
2019_1,양천로49길,1311,677,634,152,246,346,172,173,222,88,100,205,97,84,103,64,146,141,75,89,119
2019_1,양천로26길,2015,967,1048,417,217,355,354,294,378,203,116,165,173,149,161,214,101,190,181,145,217
2019_1,양천로24길,3790,1931,1859,574,497,680,529,567,943,327,260,348,289,263,444,247,237,332,240,304,499
2019_1,양천로24가길,2885,1440,1445,480,367,455,491,460,632,244,191,237,249,231,288,236,176,218,242,229,344
2019_1,양천로14길,4264,2097,2167,743,567,648,638,696,972,386,290,335,333,310,443,357,277,313,305,386,529
2019_1,방화대로6라길,2362,1221,1141,305,304,369,457,383,544,168,143,204,253,207,246,137,161,165,204,176,298
2019_1,방화대로21길,2475,1257,1218,308,395,397,317,432,626,160,192,242,160,214,289,148,203,155,157,218,337
2019_1,등촌로5길,1439,677,762,173,214,267,194,242,349,90,104,130,97,102,154,83,110,137,97,140,195
2019_1,등촌로55길,2958,1423,1535,419,505,740,445,379,470,219,230,386,213,160,215,200,275,354,232,219,255
2019_1,등촌로51길,2072,1030,1042,310,345,310,283,356,468,160,197,150,135,164,224,150,148,160,148,192,244
2019_1,등촌로39길,3389,1696,1693,565,519,620,509,554,622,297,263,335,255,270,276,268,256,285,254,284,346
2019_1,등촌로13길,3936,1944,1992,554,553,787,609,636,797,290,280,424,292,300,358,264,273,363,317,336,439
2019_1,남부순환로11길,4071,2135,1936,607,537,820,694,630,783,320,273,454,387,338,363,287,264,366,307,292,420
2019_1,까치산로4길,4286,2071,2215,767,585,789,753,590,802,403,280,411,376,268,333,364,305,378,377,322,469
2019_1,국회대로7길,2331,1124,1207,249,310,433,325,402,612,108,176,230,168,175,267,141,134,203,157,227,345
2019_1,공항대로8길,3118,1603,1515,360,559,549,451,451,748,184,295,303,255,212,354,176,264,246,196,239,394
2019_1,공항대로61길,2010,994,1016,377,275,395,375,266,322,191,141,193,193,130,146,186,134,202,182,136,176
2019_1,공항대로59다길,3109,1524,1585,499,516,579,470,484,561,274,247,277,221,238,267,225,269,302,249,246,294
2019_1,공항대로59길,2216,1033,1183,175,502,586,311,295,347,88,195,282,161,147,160,87,307,304,150,148,187
2019_1,공항대로55길,1756,879,877,274,274,323,244,285,356,151,133,176,119,139,161,123,141,147,125,146,195
2019_1,공항대로42길,1139,564,575,236,143,173,229,177,181,118,75,94,100,93,84,118,68,79,129,84,97
2019_1,공항대로38길,382,182,200,63,61,80,62,63,53,32,28,41,32,29,20,31,33,39,30,34,33
2019_1,곰달래로60길,1988,980,1008,177,303,406,274,333,495,96,165,207,140,144,228,81,138,199,134,189,267
2019_1,곰달래로53길,3732,1840,1892,605,508,583,673,591,772,306,263,317,324,296,334,299,245,266,349,295,438
2019_1,곰달래로47길,4075,1989,2086,714,552,712,733,626,738,336,295,373,363,290,332,378,257,339,370,336,406
2019_1,곰달래로31길,3131,1483,1648,646,406,582,556,398,543,336,196,266,274,167,244,310,210,316,282,231,299
2019_1,곰달래로25길,2962,1390,1572,398,384,526,490,461,703,190,183,253,255,202,307,208,201,273,235,259,396
2019_1,개화동로25길,2386,1207,1179,186,657,467,301,317,458,90,293,277,171,164,212,96,364,190,130,153,246
2019_1,개화동로23길,3884,1937,1947,451,452,507,583,745,1146,232,236,274,298,369,528,219,216,233,285,376,618
2019_1,강서로8길,3410,1686,1724,445,447,633,543,471,871,226,209,347,281,213,410,219,238,286,262,258,461
2019_1,강서로5라길,2805,1383,1422,419,358,529,438,439,622,215,175,288,231,200,274,204,183,241,207,239,348
2019_1,강서로5나길,2911,1452,1459,208,681,783,379,328,532,101,300,428,213,154,256,107,381,355,166,174,276
2019_1,강서로5가길,2094,1055,1039,167,396,517,307,268,439,90,167,281,172,126,219,77,229,236,135,142,220
2019_1,강서로47라길,3802,1771,2031,866,564,458,734,634,546,389,266,231,340,309,236,477,298,227,394,325,310
2019_1,강서로47길,4329,2077,2252,953,576,547,868,702,683,436,286,276,414,373,292,517,290,271,454,329,391
2019_1,강서로45다길,2720,1321,1399,422,396,468,435,398,601,216,191,241,224,179,270,206,205,227,211,219,331
2019_1,강서로45길,908,437,471,172,121,135,164,126,190,75,49,71,81,59,102,97,72,64,83,67,88
2019_1,강서로35길,3923,1880,2043,451,610,708,552,704,898,223,277,369,272,326,413,228,333,339,280,378,485
2019_1,강서로29길,3091,1503,1588,386,503,762,431,438,571,194,231,400,219,191,268,192,272,362,212,247,303
2019_1,강서로18길,6868,3311,3557,970,999,1348,1055,1012,1484,495,472,708,526,466,644,475,527,640,529,546,840
2019_1,강서로17가길,3205,1609,1596,357,508,675,440,513,712,188,266,354,241,227,333,169,242,321,199,286,379
2019_1,강서로15길,5446,2684,2762,562,774,1063,813,945,1289,271,395,566,425,486,541,291,379,497,388,459,748
2019_1,가로공원로80길,2881,1451,1430,420,409,527,451,457,617,224,211,279,239,211,287,196,198,248,212,246,330
2019_1,가로공원로76가길,3221,1551,1670,427,456,652,509,473,704,207,228,344,247,212,313,220,228,308,262,261,391
2019_1,화곡로4길,1593,793,800,212,191,219,237,311,423,109,99,122,107,151,205,103,92,97,130,160,218
2019_1,화곡로3길,3208,1599,1609,632,437,493,501,550,595,344,235,237,243,267,273,288,202,256,258,283,322
2019_1,지양로7길,3276,1616,1660,425,407,443,453,583,965,208,224,253,234,267,430,217,183,190,219,316,535
2019_1,중앙로55길,3733,1841,1892,578,470,534,581,643,927,309,240,276,276,312,428,269,230,258,305,331,499
2019_1,중앙로51길,4174,2059,2115,743,532,650,648,637,964,349,285,346,317,319,443,394,247,304,331,318,521
2019_1,중앙로47길,1901,982,919,211,226,225,306,393,540,114,126,128,163,190,261,97,100,97,143,203,279
2019_1,중앙로45길,1960,953,1007,279,268,274,310,337,492,149,130,138,161,151,224,130,138,136,149,186,268
2019_1,중앙로36길,914,452,462,168,101,108,177,129,231,97,46,57,81,73,98,71,55,51,96,56,133
2019_1,중앙로32길,1107,543,564,241,135,120,223,182,206,120,74,61,101,101,86,121,61,59,122,81,120
2019_1,중앙로25길,1915,1019,896,186,204,257,326,381,561,99,117,154,183,209,257,87,87,103,143,172,304
2019_1,은행정로7길,3339,1641,1698,513,455,514,547,528,782,260,232,257,281,248,363,253,223,257,266,280,419
2019_1,은행정로5길,793,430,363,124,83,93,129,146,218,63,46,56,65,89,111,61,37,37,64,57,107
2019_1,오목로5길,4021,1969,2052,796,434,650,635,635,871,411,223,297,324,317,397,385,211,353,311,318,474
2019_1,오목로3길,3610,1805,1805,737,402,587,629,545,710,380,215,289,325,264,332,357,187,298,304,281,378
2019_1,오목로30길,3628,1785,1843,393,581,571,560,620,903,215,276,310,274,294,416,178,305,261,286,326,487
2019_1,오목로23길,4491,2264,2227,632,691,860,718,668,922,322,355,457,366,321,443,310,336,403,352,347,479
2019_1,신월로20길,1968,995,973,391,215,354,328,280,400,204,121,181,162,129,198,187,94,173,166,151,202
2019_1,신월로15길,5742,2847,2895,987,749,757,935,970,1344,532,390,376,464,478,607,455,359,381,471,492,737
2019_1,신목로6길,2411,1160,1251,441,354,310,451,386,469,230,189,143,203,197,198,211,165,167,248,189,271
2019_1,신목로5길,2171,1073,1098,541,311,202,463,367,287,274,165,89,217,199,129,267,146,113,246,168,158
2019_1,신목로2길,2072,1020,1052,375,354,185,350,440,368,196,190,95,158,216,165,179,164,90,192,224,203
2019_1,목동중앙서로8가길,1394,677,717,192,218,250,193,223,318,109,108,125,99,102,134,83,110,125,94,121,184
2019_1,목동중앙서로7길,3793,1848,1945,605,601,621,647,617,702,325,298,326,305,291,303,280,303,295,342,326,399
2019_1,목동중앙북로8길,2135,973,1162,246,335,413,298,343,500,128,163,205,138,144,195,118,172,208,160,199,305
2019_1,목동중앙북로16길,3495,1690,1805,422,601,910,467,458,637,221,255,467,240,212,295,201,346,443,227,246,342
2019_1,목동중앙본로7길,2932,1476,1456,504,460,419,461,534,554,298,255,211,201,262,249,206,205,208,260,272,305
2019_1,목동중앙로3길,2412,1162,1250,533,354,284,445,410,386,260,182,136,201,215,168,273,172,148,244,195,218
2019_1,목동중앙로13나길,1074,557,517,170,161,257,157,154,175,92,68,140,79,89,89,78,93,117,78,65,86
2019_1,목동중앙남로3가길,2743,1374,1369,498,434,432,447,459,473,283,240,204,212,218,217,215,194,228,235,241,256
2019_1,목동로9길,3483,1659,1824,561,578,540,582,587,635,287,279,248,285,254,306,274,299,292,297,333,329
2019_1,목동로19길,2288,1072,1216,355,347,357,369,390,470,175,169,164,169,185,210,180,178,193,200,205,260
2019_1,목동동로8길,1574,757,817,397,195,159,367,265,191,197,95,75,174,136,80,200,100,84,193,129,111
2019_1,목동동로12길,2273,1083,1190,502,312,242,449,371,397,258,147,110,199,195,174,244,165,132,250,176,223
2019_1,목동남로4길,1263,604,659,277,175,161,236,180,234,129,83,81,109,99,103,148,92,80,127,81,131
2019_1,남부순환로88길,1859,905,954,494,203,229,405,265,263,244,96,111,189,139,126,250,107,118,216,126,137
2019_1,남부순환로79길,710,358,352,86,78,93,90,154,209,45,45,55,38,78,97,41,33,38,52,76,112
2019_1,남부순환로70길,4823,2378,2445,560,681,566,713,901,1402,270,367,297,379,457,608,290,314,269,334,444,794
2019_1,남부순환로58길,2060,1059,1001,289,287,302,298,372,512,158,144,174,157,188,238,131,143,128,141,184,274
2019_1,남부순환로40길,2424,1333,1091,219,280,304,388,512,721,104,147,189,238,295,360,115,133,115,150,217,361
2019_1,남부순환로33길,3691,1808,1883,452,531,562,533,691,922,215,270,308,256,327,432,237,261,254,277,364,490
2019_1,곰달래로5길,3724,1921,1803,389,565,477,536,741,1016,204,297,264,283,383,490,185,268,213,253,358,526
2019_1,곰달래로3길,3853,2012,1841,485,497,497,637,769,968,258,282,272,330,418,452,227,215,225,307,351,516
2019_1,곰달래로2길,3492,1787,1705,514,465,524,545,651,793,263,234,290,289,335,376,251,231,234,256,316,417
2019_1,곰달래로10길,3379,1747,1632,451,410,580,548,579,811,228,235,305,290,298,391,223,175,275,258,281,420
2019_1,가로공원로58길,2349,1297,1052,208,304,228,388,508,713,106,165,135,235,304,352,102,139,93,153,204,361
2019_1,효창원로93길,2764,1320,1444,328,452,374,457,524,629,152,223,196,211,252,286,176,229,178,246,272,343
2019_1,토정로37길,2607,1255,1352,646,257,398,617,335,354,315,121,173,319,171,156,331,136,225,298,164,198
2019_1,월드컵로8길,1609,721,888,150,304,370,271,201,313,77,133,161,127,90,133,73,171,209,144,111,180
2019_1,월드컵로7길,1873,854,1019,213,360,439,271,258,332,110,153,200,123,122,146,103,207,239,148,136,186
2019_1,월드컵로36길,3832,1709,2123,443,782,753,635,516,703,218,286,330,317,247,311,225,496,423,318,269,392
2019_1,월드컵로25길,3070,1483,1587,493,463,535,553,422,604,250,228,259,276,216,254,243,235,276,277,206,350
2019_1,월드컵로19길,1615,748,867,164,307,291,260,213,380,82,143,146,129,103,145,82,164,145,131,110,235
2019_1,월드컵로16길,2463,1144,1319,307,458,519,397,336,446,159,202,236,182,171,194,148,256,283,215,165,252
2019_1,월드컵로11길,2423,1122,1301,271,429,552,370,304,497,135,185,257,187,151,207,136,244,295,183,153,290
2019_1,월드컵로10길,2393,1111,1282,219,357,481,426,331,579,114,137,220,207,171,262,105,220,261,219,160,317
2019_1,와우산로3길,1757,828,929,153,366,414,238,254,332,76,165,207,119,122,139,77,201,207,119,132,193
2019_1,와우산로29길,786,367,419,72,146,177,131,95,165,38,62,86,68,40,73,34,84,91,63,55,92
2019_1,와우산로29가길,502,229,273,28,195,122,46,40,71,15,87,57,20,20,30,13,108,65,26,20,41
2019_1,양화진길,1294,593,701,119,201,299,191,182,302,73,84,149,98,73,116,46,117,150,93,109,186
2019_1,양화로1길,2663,1208,1455,317,498,549,429,340,530,150,212,254,212,153,227,167,286,295,217,187,303
2019_1,양화로11길,759,327,432,80,152,173,120,81,153,41,63,73,50,34,66,39,89,100,70,47,87
2019_1,신촌로30길,515,256,259,39,55,59,64,94,204,19,28,35,41,47,86,20,27,24,23,47,118
2019_1,신촌로28가길,190,100,90,11,15,23,26,50,65,1,7,13,16,31,32,10,8,10,10,19,33
2019_1,신촌로12길,1917,931,986,112,565,433,230,219,358,62,286,219,112,100,152,50,279,214,118,119,206
2019_1,숭문길,2779,1377,1402,331,417,314,428,489,800,176,215,171,220,252,343,155,202,143,208,237,457
2019_1,숭문8길,790,376,414,143,85,171,128,105,158,64,42,88,72,43,67,79,43,83,56,62,91
2019_1,성지3길,1008,463,545,100,198,230,124,144,212,52,80,118,65,66,82,48,118,112,59,78,130
2019_1,성산로4길,3416,1678,1738,454,518,571,578,530,765,237,247,286,293,268,347,217,271,285,285,262,418
2019_1,성미산로32길,1174,534,640,86,257,308,156,164,203,46,107,140,77,81,83,40,150,168,79,83,120
2019_1,성미산로1길,3142,1469,1673,471,471,596,604,412,588,255,218,274,271,196,255,216,253,322,333,216,333
2019_1,성미산로11길,3658,1734,1924,507,554,700,661,507,729,272,264,343,305,242,308,235,290,357,356,265,421
2019_1,백범로16길,1705,824,881,244,238,304,297,227,395,124,109,144,159,115,173,120,129,160,138,112,222
2019_1,방울내로9안길,5548,2681,2867,931,748,985,967,818,1099,453,375,454,501,407,491,478,373,531,466,411,608
2019_1,모래내로7길,2027,1005,1022,294,326,306,351,310,440,163,164,160,181,151,186,131,162,146,170,159,254
2019_1,매봉산로2길,2835,1443,1392,351,544,564,418,375,583,182,244,313,235,206,263,169,300,251,183,169,320
2019_1,망원로2길,4381,2081,2300,591,684,891,708,629,878,302,328,419,353,301,378,289,356,472,355,328,500
2019_1,망원로11길,2171,1020,1151,323,316,322,395,322,493,152,142,168,199,161,198,171,174,154,196,161,295
2019_1,만리재옛길,3048,1452,1596,353,513,522,484,473,703,176,218,269,248,238,303,177,295,253,236,235,400
2019_1,마포대로4길,836,392,444,94,144,187,113,122,176,50,74,90,57,55,66,44,70,97,56,67,110
2019_1,마포대로20길,2121,1015,1106,271,353,456,349,320,372,134,157,208,182,165,169,137,196,248,167,155,203
2019_1,마포대로12길,860,387,473,69,172,273,121,87,138,38,61,124,58,45,61,31,111,149,63,42,77
2019_1,동교로38길,1141,574,567,68,295,283,145,125,225,42,143,143,87,72,87,26,152,140,58,53,138
2019_1,동교로27길,2480,1133,1347,257,552,572,376,254,469,116,264,252,171,117,213,141,288,320,205,137,256
2019_1,동교로25길,1292,565,727,108,305,297,175,177,230,43,126,124,88,79,105,65,179,173,87,98,125
2019_1,동교로19길,1803,841,962,202,288,402,353,260,298,97,138,194,168,124,120,105,150,208,185,136,178
2019_1,동교로17길,1852,861,991,220,367,402,334,229,300,117,161,181,169,105,128,103,206,221,165,124,172
2019_1,독막로8길,1353,626,727,141,276,322,188,183,243,76,118,146,93,86,107,65,158,176,95,97,136
2019_1,독막로32길,2812,1385,1427,369,397,449,446,449,702,188,212,228,225,229,303,181,185,221,221,220,399
2019_1,독막로22길,1024,476,548,169,142,196,189,129,199,89,67,83,83,62,92,80,75,113,106,67,107
2019_1,도화길,1081,462,619,123,223,252,156,138,189,58,72,107,72,77,76,65,151,145,84,61,113
2019_1,도화4길,3546,1677,1869,568,381,572,570,592,863,282,191,270,292,283,359,286,190,302,278,309,504
2019_1,대흥로28길,1418,687,731,80,418,177,174,228,341,34,193,83,93,123,161,46,225,94,81,105,180
2019_1,대흥로21길,3399,1760,1639,268,808,507,454,516,846,150,447,276,245,288,354,118,361,231,209,228,492
2019_1,광성로6길,2022,1087,935,230,540,263,306,290,393,128,336,150,154,154,165,102,204,113,152,136,228
2019_1,홍제내길,3308,1536,1772,488,419,442,557,503,899,238,210,221,264,242,361,250,209,221,293,261,538
2019_1,홍연길,1084,563,521,123,141,143,145,187,345,67,79,78,84,100,155,56,62,65,61,87,190
2019_1,통일로39길,1597,791,806,192,229,180,241,283,472,111,109,95,135,125,216,81,120,85,106,158,256
2019_1,통일로37길,1624,739,885,151,191,209,240,310,523,72,93,103,117,136,218,79,98,106,123,174,305
2019_1,통일로11길,288,158,130,20,39,39,29,41,120,11,24,19,18,28,58,9,15,20,11,13,62
2019_1,충정로6길,688,362,326,35,116,171,83,108,175,20,58,84,53,64,83,15,58,87,30,44,92
2019_1,충정로4길,499,248,251,30,84,125,69,61,130,13,43,59,39,32,62,17,41,66,30,29,68
2019_1,증가로6길,3064,1515,1549,371,518,446,464,488,777,192,265,241,242,239,336,179,253,205,222,249,441
2019_1,증가로23나길,5204,2497,2707,724,735,760,818,874,1293,353,358,391,400,422,573,371,377,369,418,452,720
2019_1,증가로20가길,3592,1793,1799,590,644,461,627,573,697,305,345,246,312,274,311,285,299,215,315,299,386
2019_1,증가로10길,3875,1875,2000,392,748,509,578,636,1012,195,347,278,293,305,457,197,401,231,285,331,555
2019_1,응암로1길,3845,1875,1970,472,480,634,619,607,1033,241,235,319,321,278,481,231,245,315,298,329,552
2019_1,연희로10길,3359,1842,1517,269,1414,618,333,285,440,151,860,347,160,130,194,118,554,271,173,155,246
2019_1,신촌로37길,795,449,346,57,123,108,123,166,218,31,68,63,72,99,116,26,55,45,51,67,102
2019_1,수색로8길,3660,1779,1881,522,446,592,528,589,983,253,231,304,270,282,439,269,215,288,258,307,544
2019_1,세무서길,2406,1168,1238,247,347,301,333,422,756,130,183,159,175,210,311,117,164,142,158,212,445
2019_1,세무서2길,1455,706,749,157,204,191,232,228,443,79,106,102,120,122,177,78,98,89,112,106,266
2019_1,세검정로1길,1162,558,604,165,126,133,185,178,375,85,57,60,95,103,158,80,69,73,90,75,217
2019_1,북아현로4길,3522,1692,1830,323,527,456,559,639,1018,167,260,264,265,314,422,156,267,192,294,325,596
2019_1,모래내로15길,10755,5182,5573,2518,1112,1616,2066,1456,1987,1242,569,710,1070,718,873,1276,543,906,996,738,1114
2019_1,명지대길,2429,1168,1261,309,574,365,328,343,510,161,276,180,155,167,229,148,298,185,173,176,281
2019_1,독립문로8길,4172,1958,2214,676,552,614,709,582,1039,330,254,323,351,289,411,346,298,291,358,293,628
2019_1,가재울로6길,2757,1351,1406,367,370,387,454,402,777,187,179,190,244,216,335,180,191,197,210,186,442
2019_1,통일로92길,5780,2880,2900,678,947,953,803,1050,1349,354,481,532,415,484,614,324,466,421,388,566,735
2019_1,통일로87길,1816,873,943,236,292,318,291,243,436,115,135,173,148,114,188,121,157,145,143,129,248
2019_1,통일로78길,4505,2164,2341,553,702,716,667,760,1107,285,368,373,309,346,483,268,334,343,358,414,624
2019_1,통일로69길,1750,845,905,225,238,264,273,282,468,116,115,139,140,133,202,109,123,125,133,149,266
2019_1,진흥로1길,4156,1998,2158,689,547,647,706,672,895,352,271,310,356,315,394,337,276,337,350,357,501
2019_1,진흥로12길,5827,2861,2966,694,800,906,907,977,1543,353,410,483,484,470,661,341,390,423,423,507,882
2019_1,증산서길,820,426,394,123,100,117,125,131,224,64,58,62,74,66,102,59,42,55,51,65,122
2019_1,증산로9길,2718,1329,1389,369,359,393,416,456,725,187,179,208,208,215,332,182,180,185,208,241,393
2019_1,증산로5길,2741,1332,1409,373,342,325,417,467,817,189,184,160,198,223,378,184,158,165,219,244,439
2019_1,증산로21길,5296,2567,2729,723,780,880,828,832,1253,361,400,463,412,380,551,362,380,417,416,452,702
2019_1,증산로17길,2058,984,1074,267,287,308,311,322,563,134,134,161,157,152,246,133,153,147,154,170,317
2019_1,증산로15길,2500,1250,1250,314,302,354,412,427,691,164,154,181,227,216,308,150,148,173,185,211,383
2019_1,증산로13길,1994,1013,981,208,268,226,283,418,591,107,136,121,150,215,284,101,132,105,133,203,307
2019_1,응암로34길,2889,1410,1479,504,354,424,515,446,646,268,174,202,267,214,285,236,180,222,248,232,361
2019_1,응암로22길,1922,935,987,228,238,227,287,343,599,114,137,113,154,168,249,114,101,114,133,175,350
2019_1,응암로14길,2596,1320,1276,361,296,405,444,414,676,189,166,210,236,233,286,172,130,195,208,181,390
2019_1,응암로13길,1836,895,941,186,278,324,285,273,490,99,135,172,134,138,217,87,143,152,151,135,273
2019_1,응암로12길,1496,753,743,183,193,135,218,280,487,101,106,77,117,130,222,82,87,58,101,150,265
2019_1,은평로8길,3512,1689,1823,629,450,679,620,446,688,329,219,321,311,205,304,300,231,358,309,241,384
2019_1,은평로3길,2300,1073,1227,364,305,371,382,359,519,185,144,183,187,163,211,179,161,188,195,196,308
2019_1,은평로20길,295,141,154,28,39,35,48,63,82,17,24,15,22,30,33,11,15,20,26,33,49
2019_1,은평로13길,3276,1560,1716,512,371,496,559,523,815,251,185,247,258,250,369,261,186,249,301,273,446
2019_1,은평로10길,2950,1467,1483,476,358,412,508,494,702,268,189,218,253,238,301,208,169,194,255,256,401
2019_1,연서로5길,2643,1234,1409,427,368,413,452,428,555,206,160,214,208,203,243,221,208,199,244,225,312
2019_1,연서로41길,3959,1922,2037,493,489,527,670,689,1091,247,248,269,351,322,485,246,241,258,319,367,606
2019_1,연서로3길,3678,1723,1955,636,509,639,585,550,759,305,249,298,298,250,323,331,260,341,287,300,436
2019_1,연서로34길,3000,1421,1579,392,395,487,420,488,818,188,199,260,211,220,343,204,196,227,209,268,475
2019_1,연서로33길,2073,1005,1068,209,282,264,287,339,692,109,144,149,139,160,304,100,138,115,148,179,388
2019_1,연서로29길,1065,498,567,128,180,216,160,151,230,71,69,112,74,70,102,57,111,104,86,81,128
2019_1,연서로28길,3669,1727,1942,380,664,648,534,566,877,174,320,326,258,262,387,206,344,322,276,304,490
2019_1,연서로27길,2937,1375,1562,338,446,463,488,496,706,164,200,244,230,231,306,174,246,219,258,265,400
2019_1,연서로21길,4250,2017,2233,703,601,692,734,627,893,351,283,355,351,279,398,352,318,337,383,348,495
2019_1,연서로17길,2252,1068,1184,315,325,334,372,402,504,152,152,172,175,192,225,163,173,162,197,210,279
2019_1,연서로16길,4663,2203,2460,698,632,684,786,772,1091,344,307,333,388,349,482,354,325,351,398,423,609
2019_1,연서로13길,3952,1860,2092,621,583,589,663,642,854,307,275,297,309,300,372,314,308,292,354,342,482
2019_1,연서로11길,3920,1858,2062,664,561,654,630,618,793,330,262,328,285,294,359,334,299,326,345,324,434
2019_1,역말로9길,5545,2660,2885,789,727,864,932,901,1332,383,356,442,473,430,576,406,371,422,459,471,756
2019_1,수색로18길,1060,528,532,106,135,108,164,202,345,62,69,62,86,106,143,44,66,46,78,96,202
2019_1,서오릉로8길,2650,1243,1407,296,381,388,396,451,738,143,185,186,201,227,301,153,196,202,195,224,437
2019_1,서오릉로21길,3994,1908,2086,617,536,572,635,650,984,301,273,299,306,290,439,316,263,273,329,360,545
2019_1,불광천길,5214,2531,2683,623,700,775,850,858,1408,301,361,417,442,426,584,322,339,358,408,432,824
2019_1,갈현로7길,2471,1196,1275,379,312,371,416,408,585,205,164,174,207,180,266,174,148,197,209,228,319
2019_1,갈현로41길,3187,1564,1623,354,443,386,493,598,913,186,249,201,240,290,398,168,194,185,253,308,515
2019_1,갈현로33길,3678,1769,1909,620,571,520,596,614,757,317,292,271,267,278,344,303,279,249,329,336,413
2019_1,갈현로1길,2845,1379,1466,507,380,518,481,433,526,265,173,268,227,220,226,242,207,250,254,213,300
2019_1,가좌로7길,3671,1824,1847,496,501,450,548,678,998,270,264,252,262,339,437,226,237,198,286,339,561
2019_1,한글비석로44길,3932,1969,1963,500,524,429,664,658,1157,247,286,243,339,329,525,253,238,186,325,329,632
2019_1,한글비석로24길,2465,1255,1210,273,353,304,317,464,754,143,196,180,158,237,341,130,157,124,159,227,413
2019_1,한글비석로22길,1815,926,889,327,251,193,304,328,412,164,135,92,155,173,207,163,116,101,149,155,205
2019_1,석계로1길,2084,1078,1006,244,259,262,343,331,645,126,144,152,177,179,300,118,115,110,166,152,345
2019_1,상계로9가길,2597,1341,1256,295,362,324,394,466,756,166,177,189,210,245,354,129,185,135,184,221,402
2019_1,상계로1길,1199,608,591,205,180,178,201,204,231,108,97,91,101,95,116,97,83,87,100,109,115
2019_1,상계로12길,3570,1774,1796,423,631,408,539,660,909,217,313,236,285,322,401,206,318,172,254,338,508
2019_1,동일로242길,2506,1237,1269,315,413,306,318,456,698,169,218,155,156,220,319,146,195,151,162,236,379
2019_1,동일로192길,2866,1493,1373,276,924,385,300,384,597,136,495,208,165,200,289,140,429,177,135,184,308
2019_1,동일로173가길,3676,1852,1824,550,553,586,536,591,860,290,281,303,291,272,415,260,272,283,245,319,445
2019_1,공릉로58길,1523,759,764,258,330,161,227,264,283,145,171,83,98,123,139,113,159,78,129,141,144
2019_1,해등로16길,2245,1084,1161,316,356,296,342,445,490,165,181,150,154,203,231,151,175,146,188,242,259
2019_1,우이천로4다길,2296,1156,1140,327,325,277,334,436,597,179,177,147,155,232,266,148,148,130,179,204,331
2019_1,우이천로32길,3035,1444,1591,497,404,413,517,469,735,244,201,202,252,224,321,253,203,211,265,245,414
2019_1,시루봉로23길,3560,1846,1714,381,484,393,549,700,1053,215,259,221,296,351,504,166,225,172,253,349,549
2019_1,삼양로144길,972,455,517,130,192,126,143,133,248,77,56,64,74,69,115,53,136,62,69,64,133
2019_1,방학로6가길,2117,1059,1058,230,298,248,320,450,571,111,154,134,170,234,256,119,144,114,150,216,315
2019_1,방학로5길,3932,1979,1953,546,526,584,538,694,1044,297,265,324,287,336,470,249,261,260,251,358,574
2019_1,방학로15길,3828,1896,1932,812,502,435,704,671,704,409,272,217,322,332,344,403,230,218,382,339,360
2019_1,방학로10길,1970,964,1006,288,265,256,314,363,484,148,139,138,152,174,213,140,126,118,162,189,271
2019_1,도봉산길,1714,880,834,171,223,202,252,321,545,85,124,108,141,168,254,86,99,94,111,153,291
2019_1,도봉산4길,373,197,176,20,45,54,49,83,122,11,24,33,30,49,50,9,21,21,19,34,72
2019_1,도봉로181길,1957,995,962,236,239,229,270,353,630,121,136,138,142,174,284,115,103,91,128,179,346
2019_1,도봉로169나길,3054,1550,1504,311,319,440,444,535,1005,166,152,245,243,259,485,145,167,195,201,276,520
2019_1,도봉로156길,1411,761,650,144,169,153,207,294,444,62,89,91,128,169,222,82,80,62,79,125,222
2019_1,도봉로152가길,692,370,322,47,88,80,65,166,246,24,57,50,38,90,111,23,31,30,27,76,135
2019_1,도봉로147길,3517,1732,1785,400,489,420,492,686,1030,193,248,207,267,358,459,207,241,213,225,328,571
2019_1,도봉로143길,1867,926,941,202,276,216,266,375,532,111,137,113,134,183,248,91,139,103,132,192,284
2019_1,도봉로114길,4840,2323,2517,439,794,715,739,890,1263,205,389,360,380,433,556,234,405,355,359,457,707
2019_1,도봉로109길,2315,1125,1190,274,353,391,340,349,608,134,182,197,174,163,275,140,171,194,166,186,333
2019_1,도당로29길,2901,1461,1440,298,396,353,455,511,888,144,207,186,237,265,422,154,189,167,218,246,466
2019_1,도당로19길,3890,2034,1856,480,524,416,628,697,1145,263,292,226,332,392,529,217,232,190,296,305,616
2019_1,도당로13바길,3472,1750,1722,507,497,432,544,652,840,271,263,241,266,332,377,236,234,191,278,320,463
2019_1,도당로13가길,1613,835,778,160,209,186,256,330,472,89,108,111,135,166,226,71,101,75,121,164,246
2019_1,덕릉로60길,2419,1196,1223,338,349,343,343,431,615,170,179,189,179,202,277,168,170,154,164,229,338
2019_1,노해로63다길,1912,949,963,276,259,278,285,337,477,152,122,141,146,155,233,124,137,137,139,182,244
2019_1,노해로60길,1796,871,925,151,338,336,254,303,414,80,140,172,134,143,202,71,198,164,120,160,212
2019_1,한천로140길,1767,867,900,144,369,307,234,300,413,84,173,172,118,149,171,60,196,135,116,151,242
2019_1,한천로139가길,1543,733,810,133,287,246,205,255,417,62,132,129,111,112,187,71,155,117,94,143,230
2019_1,한천로132길,1823,897,926,186,356,322,281,252,426,95,167,173,137,119,206,91,189,149,144,133,220
2019_1,한천로130길,3203,1627,1576,379,527,464,525,555,753,224,278,236,266,293,330,155,249,228,259,262,423
2019_1,한천로124나길,1841,905,936,220,315,301,271,286,448,111,146,168,150,150,180,109,169,133,121,136,268
2019_1,한천로109길,2984,1438,1546,541,402,372,513,491,665,278,205,182,244,213,316,263,197,190,269,278,349
2019_1,인수봉로79길,2696,1361,1335,368,330,311,435,509,743,191,168,173,225,254,350,177,162,138,210,255,393
2019_1,인수봉로72길,3721,1786,1935,528,495,518,506,628,1046,255,253,281,240,296,461,273,242,237,266,332,585
2019_1,인수봉로56길,1885,899,986,272,274,238,304,316,481,139,138,127,158,135,202,133,136,111,146,181,279
2019_1,오패산로67길,2046,1008,1038,174,343,391,344,346,448,86,149,209,178,178,208,88,194,182,166,168,240
2019_1,오패산로52길,2884,1425,1459,358,402,367,425,489,843,190,220,203,227,221,364,168,182,164,198,268,479
2019_1,오패산로30길,1428,700,728,197,228,187,228,217,371,105,112,99,120,103,161,92,116,88,108,114,210
2019_1,수유로12길,3271,1596,1675,319,613,532,468,508,831,161,272,291,254,244,374,158,341,241,214,264,457
2019_1,솔샘로65길,2984,1461,1523,376,442,424,443,547,752,189,214,223,223,264,348,187,228,201,220,283,404
2019_1,솔매로50길,2334,1086,1248,279,344,338,391,418,564,147,158,184,188,170,239,132,186,154,203,248,325
2019_1,솔매로45길,2059,998,1061,213,334,269,294,382,567,126,143,137,148,185,259,87,191,132,146,197,308
2019_1,솔매로41길,3089,1494,1595,338,482,430,439,557,843,179,233,237,219,262,364,159,249,193,220,295,479
2019_1,삼양로93길,3209,1594,1615,457,422,403,492,563,872,249,213,222,248,266,396,208,209,181,244,297,476
2019_1,삼양로77길,3122,1597,1525,407,406,445,440,523,901,217,237,239,235,260,409,190,169,206,205,263,492
2019_1,삼양로54길,3768,1866,1902,431,513,559,563,701,1001,229,254,290,294,356,443,202,259,269,269,345,558
2019_1,삼양로41길,4172,2091,2081,438,538,465,600,824,1307,222,279,260,323,441,566,216,259,205,277,383,741
2019_1,삼양로27길,1343,656,687,309,129,219,295,186,205,158,64,101,148,94,91,151,65,118,147,92,114
2019_1,삼양로24길,3069,1535,1534,285,344,369,408,589,1074,141,178,210,214,300,492,144,166,159,194,289,582
2019_1,삼양로20길,2128,1084,1044,243,315,220,319,426,605,129,183,125,167,211,269,114,132,95,152,215,336
2019_1,삼각산로28길,3869,1859,2010,406,691,645,543,650,934,205,335,340,270,300,409,201,356,305,273,350,525
2019_1,도봉로99길,2302,1140,1162,214,429,355,336,414,554,108,223,198,171,204,236,106,206,157,165,210,318
2019_1,도봉로8길,250,126,124,17,28,42,50,48,65,8,16,25,29,26,22,9,12,17,21,22,43
2019_1,도봉로76길,3459,1559,1900,307,734,542,468,552,856,132,237,292,239,271,388,175,497,250,229,281,468
2019_1,도봉로67길,1692,823,869,182,239,246,222,285,518,97,113,134,114,136,229,85,126,112,108,149,289
2019_1,도봉로45길,3419,1668,1751,378,543,522,558,571,847,186,254,282,290,259,397,192,289,240,268,312,450
2019_1,도봉로18길,2954,1458,1496,342,368,411,448,550,835,171,183,243,228,267,366,171,185,168,220,283,469
2019_1,도봉로13길,1658,830,828,173,243,203,226,314,499,86,141,118,115,156,214,87,102,85,111,158,285
2019_1,덕릉로41길,2702,1312,1390,185,536,427,425,436,693,91,235,224,227,221,314,94,301,203,198,215,379
2019_1,덕릉로40길,2213,1098,1115,323,321,311,366,380,512,181,145,148,202,188,234,142,176,163,164,192,278
2019_1,노해로33길,2646,1298,1348,334,355,384,401,450,722,177,198,201,200,215,307,157,157,183,201,235,415
2019_1,노해로23길,1392,674,718,199,193,200,232,241,327,99,100,106,121,96,152,100,93,94,111,145,175
2019_1,노해로17길,2608,1309,1299,292,421,356,402,476,661,146,215,199,212,239,298,146,206,157,190,237,363
2019_1,화랑로40길,2099,1076,1023,246,279,306,367,397,504,126,141,168,190,209,242,120,138,138,177,188,262
2019_1,화랑로32길,3330,1655,1675,366,526,414,515,592,917,204,268,211,272,291,409,162,258,203,243,301,508
2019_1,화랑로1길,2928,1490,1438,366,365,421,481,482,813,201,174,228,265,251,371,165,191,193,216,231,442
2019_1,화랑로19길,2315,1175,1140,288,287,269,350,445,676,148,156,142,182,230,317,140,131,127,168,215,359
2019_1,화랑로14길,1356,692,664,131,318,201,191,214,301,64,172,115,112,104,125,67,146,86,79,110,176
2019_1,화랑로13길,1269,550,719,128,342,189,148,184,278,62,105,95,70,89,129,66,237,94,78,95,149
2019_1,한천로76길,2191,1065,1126,266,327,305,317,419,557,132,163,153,164,194,259,134,164,152,153,225,298
2019_1,한천로101가길,1210,609,601,264,133,152,233,204,224,122,76,77,116,112,106,142,57,75,117,92,118
2019_1,창경궁로43길,1304,587,717,131,326,250,168,186,243,61,151,110,82,87,96,70,175,140,86,99,147
2019_1,지봉로20길,2763,1395,1368,290,507,447,424,458,637,152,254,250,224,230,285,138,253,197,200,228,352
2019_1,종암로5길,2400,1321,1079,247,784,403,264,261,441,119,486,238,141,144,193,128,298,165,123,117,248
2019_1,종암로24가길,2236,1105,1131,386,248,402,356,329,515,196,140,198,182,169,220,190,108,204,174,160,295
2019_1,종암로21길,1689,831,858,293,260,268,289,245,334,147,130,131,154,120,149,146,130,137,135,125,185
2019_1,종암로19길,1938,949,989,271,277,291,301,322,476,130,148,152,145,161,213,141,129,139,156,161,263
2019_1,종암로16길,3335,1600,1735,368,409,403,477,572,1106,223,201,206,224,285,461,145,208,197,253,287,645
2019_1,정릉로8길,1799,950,849,204,393,249,218,258,477,115,235,144,118,138,200,89,158,105,100,120,277
2019_1,정릉로27길,3472,1704,1768,541,448,482,542,536,923,294,235,253,253,271,398,247,213,229,289,265,525
2019_1,정릉로26길,1872,913,959,289,189,228,343,286,537,144,102,114,171,144,238,145,87,114,172,142,299
2019_1,장위로50길,267,142,125,30,28,28,49,55,77,13,12,15,29,33,40,17,16,13,20,22,37
2019_1,장월로1길,2053,952,1101,229,459,266,261,305,533,106,170,144,142,158,232,123,289,122,119,147,301
2019_1,인촌로6길,987,496,491,155,145,157,184,138,208,80,81,78,93,69,95,75,64,79,91,69,113
2019_1,인촌로5길,1509,668,841,126,522,245,171,163,282,62,199,122,81,82,122,64,323,123,90,81,160
2019_1,인촌로24길,701,410,291,49,285,104,73,70,120,24,173,68,46,40,59,25,112,36,27,30,61
2019_1,개운사길,1012,491,521,74,554,123,68,62,131,39,268,73,31,31,49,35,286,50,37,31,82
2019_1,인촌로1길,991,477,514,78,229,160,135,154,235,37,99,79,79,81,102,41,130,81,56,73,133
2019_1,인촌로17가길,1621,824,797,155,541,232,216,185,292,84,300,113,108,92,127,71,241,119,108,93,165
2019_1,오패산로4길,3008,1454,1554,341,607,377,430,490,763,154,264,205,237,251,343,187,343,172,193,239,420
2019_1,오패산로3길,3327,1631,1696,454,392,436,470,556,1019,215,204,241,257,253,461,239,188,195,213,303,558
2019_1,오패산로19길,1677,834,843,164,217,198,265,304,529,83,116,101,136,159,239,81,101,97,129,145,290
2019_1,안암로5길,2233,1124,1109,248,450,390,358,340,447,133,242,210,185,169,185,115,208,180,173,171,262
2019_1,아리랑로4길,3084,1370,1714,267,833,610,374,364,636,135,323,289,174,175,274,132,510,321,200,189,362
2019_1,솔샘로6길,1989,988,1001,263,340,259,276,298,553,141,182,136,133,159,237,122,158,123,143,139,316
2019_1,성북로8길,1640,802,838,283,234,257,279,266,321,151,119,126,134,133,139,132,115,131,145,133,182
2019_1,삼양로8길,742,349,393,83,86,97,115,122,239,40,41,48,59,64,97,43,45,49,56,58,142
2019_1,삼선교로16가길,1760,890,870,237,267,236,264,302,454,123,150,133,136,152,196,114,117,103,128,150,258
2019_1,삼선교로10다길,2290,1144,1146,234,422,352,340,361,581,118,227,192,177,169,261,116,195,160,163,192,320
2019_1,삼선교로10길,2342,1083,1259,260,486,378,328,327,563,129,234,181,156,138,245,131,252,197,172,189,318
2019_1,보문로32길,1295,433,862,71,515,294,128,107,180,26,104,128,57,44,74,45,411,166,71,63,106
2019_1,보문로31길,2921,1328,1593,358,647,518,414,392,592,183,280,244,195,182,244,175,367,274,219,210,348
2019_1,보문로26길,1517,731,786,125,403,235,181,223,350,69,191,121,93,118,139,56,212,114,88,105,211
2019_1,보문로13길,2355,1144,1211,213,392,365,372,401,612,113,193,200,185,180,273,100,199,165,187,221,339
2019_1,보국문로16길,2961,1468,1493,437,423,421,459,482,739,234,221,218,245,231,319,203,202,203,214,251,420
2019_1,동소문로6길,278,131,147,27,35,36,35,52,93,15,18,18,16,27,37,12,17,18,19,25,56
2019_1,동소문로2길,374,195,179,35,58,43,58,63,117,21,31,24,32,31,56,14,27,19,26,32,61
2019_1,동소문로26가길,2278,897,1381,149,708,385,299,233,504,61,198,170,142,108,218,88,510,215,157,125,286
2019_1,동소문로15길,1084,460,624,127,293,190,146,132,196,68,100,88,66,61,77,59,193,102,80,71,119
2019_1,동소문로13길,2936,1331,1605,495,556,412,455,434,584,244,233,195,207,203,249,251,323,217,248,231,335
2019_1,돌곶이로8길,1332,676,656,144,162,159,165,267,435,76,87,83,95,133,202,68,75,76,70,134,233
2019_1,돌곶이로41길,1915,957,958,263,243,270,293,339,507,142,127,154,141,171,222,121,116,116,152,168,285
2019_1,돌곶이로28길,1015,553,462,120,128,118,166,210,273,67,64,60,91,124,147,53,64,58,75,86,126
2019_1,돌곶이로27길,2740,1388,1352,303,334,311,437,513,842,157,189,168,227,264,383,146,145,143,210,249,459
2019_1,돌곶이로22길,1179,587,592,144,186,160,181,210,298,66,89,91,87,103,151,78,97,69,94,107,147
2019_1,돌곶이로14길,1295,651,644,155,170,150,201,241,378,92,74,76,108,126,175,63,96,74,93,115,203
2019_1,길음로7길,275,139,136,15,22,25,33,44,136,8,11,14,19,25,62,7,11,11,14,19,74
2019_1,중랑천로10길,2611,1315,1296,312,353,380,428,494,644,155,177,206,226,251,300,157,176,174,202,243,344
2019_1,용마산로94길,3451,1778,1673,438,492,447,501,693,880,213,273,254,273,340,425,225,219,193,228,353,455
2019_1,용마산로118길,1978,1036,942,171,228,225,283,439,632,84,115,132,153,245,307,87,113,93,130,194,325
2019_1,용마산로112길,2287,1161,1126,272,321,270,316,455,653,127,171,148,163,240,312,145,150,122,153,215,341
2019_1,용마산로100길,3066,1549,1517,456,421,417,494,553,725,229,224,216,235,310,335,227,197,201,259,243,390
2019_1,신내로7가길,3756,1826,1930,777,521,571,508,645,734,399,263,260,276,295,333,378,258,311,232,350,401
2019_1,사가정로54길,3180,1581,1599,304,505,551,501,525,794,174,245,291,278,244,349,130,260,260,223,281,445
2019_1,사가정로42길,3131,1534,1597,426,438,452,456,567,792,203,228,219,235,261,388,223,210,233,221,306,404
2019_1,봉화산로56길,3893,1907,1986,691,512,557,632,676,825,348,274,291,312,320,362,343,238,266,320,356,463
2019_1,봉화산로4길,4652,2474,2178,442,613,687,707,954,1249,246,322,380,395,523,608,196,291,307,312,431,641
2019_1,봉화산로30길,3219,1629,1590,421,522,547,453,555,721,228,257,291,237,286,330,193,265,256,216,269,391
2019_1,봉우재로33길,2159,1037,1122,174,454,511,272,324,424,81,188,275,140,151,202,93,266,236,132,173,222
2019_1,면목로78길,5399,2673,2726,648,808,814,790,1001,1338,320,404,456,408,495,590,328,404,358,382,506,748
2019_1,면목로56길,2848,1448,1400,324,429,391,428,609,667,171,238,218,214,295,312,153,191,173,214,314,355
2019_1,면목로55길,1994,1014,980,298,283,301,339,366,407,151,143,151,185,190,194,147,140,150,154,176,213
2019_1,면목로49길,2887,1455,1432,284,353,503,467,509,771,166,157,277,257,244,354,118,196,226,210,265,417
2019_1,면목로48길,3095,1490,1605,373,485,551,473,531,682,187,222,288,243,247,303,186,263,263,230,284,379
2019_1,면목로45길,1356,684,672,114,224,190,217,251,360,55,117,95,119,136,162,59,107,95,98,115,198
2019_1,면목로33길,2668,1356,1312,410,357,381,451,447,622,220,181,199,233,248,275,190,176,182,218,199,347
2019_1,면목로21길,1920,971,949,252,271,295,327,334,441,132,146,151,179,167,196,120,125,144,148,167,245
2019_1,망우로73길,1447,780,667,170,186,154,222,292,423,86,114,87,123,153,217,84,72,67,99,139,206
2019_1,망우로68길,2371,1219,1152,289,355,339,325,473,590,151,194,186,163,232,293,138,161,153,162,241,297
2019_1,동일로163길,3673,1839,1834,480,528,698,535,636,796,239,254,392,263,324,367,241,274,306,272,312,429
2019_1,동일로157길,2697,1341,1356,261,467,500,392,460,617,132,212,277,212,237,271,129,255,223,180,223,346
2019_1,동일로149길,3015,1486,1529,438,446,512,465,506,648,229,224,268,232,247,286,209,222,244,233,259,362
2019_1,동일로140길,2426,1269,1157,322,354,421,330,428,571,189,198,219,187,219,257,133,156,202,143,209,314
2019_1,동일로139길,2839,1444,1395,232,365,386,414,618,824,115,182,209,216,326,396,117,183,177,198,292,428
2019_1,동일로139가길,1752,897,855,222,264,259,234,354,419,115,135,139,123,179,206,107,129,120,111,175,213
2019_1,동일로130길,3433,1649,1784,480,552,547,471,635,748,228,282,271,240,297,331,252,270,276,231,338,417
2019_1,동일로123길,2694,1353,1341,263,400,376,379,581,695,151,200,195,189,297,321,112,200,181,190,284,374
2019_1,동일로112길,4319,2131,2188,389,786,836,615,784,909,212,373,420,323,377,426,177,413,416,292,407,483
2019_1,동일로101길,3029,1496,1533,460,401,365,534,574,695,204,201,197,276,298,320,256,200,168,258,276,375
2019_1,동일로100길,5044,2557,2487,612,787,762,699,988,1196,316,393,422,357,497,572,296,394,340,342,491,624
2019_1,답십리로75길,1960,969,991,258,288,302,301,386,425,132,136,166,146,198,191,126,152,136,155,188,234
2019_1,공릉로2길,4220,2043,2177,503,624,775,642,624,1052,259,307,384,327,289,477,244,317,391,315,335,575
2019_1,공릉로12가길,1419,708,711,298,183,201,249,213,275,155,106,102,122,101,122,143,77,99,127,112,153
2019_1,겸재로54길,5220,2623,2597,671,823,877,792,967,1090,342,434,459,409,479,500,329,389,418,383,488,590
2019_1,겸재로36길,4285,2092,2193,450,633,660,709,793,1040,228,291,340,352,398,483,222,342,320,357,395,557
2019_1,겸재로29길,2290,1175,1115,233,356,368,343,430,560,121,184,195,192,224,259,112,172,173,151,206,301
2019_1,휘경로3길,2597,1285,1312,231,463,392,383,468,660,115,230,208,211,246,275,116,233,184,172,222,385
2019_1,휘경로2길,1304,673,631,113,374,206,162,174,275,52,187,129,94,88,123,61,187,77,68,86,152
2019_1,휘경로23길,2534,1247,1287,222,310,350,436,414,802,106,171,190,237,222,321,116,139,160,199,192,481
2019_1,휘경로14길,1974,1025,949,151,299,253,313,382,576,78,164,140,181,198,264,73,135,113,132,184,312
2019_1,한천로46길,2386,1150,1236,429,278,315,429,391,544,213,127,175,193,195,247,216,151,140,236,196,297
2019_1,한천로40길,1844,926,918,187,240,208,293,348,568,90,130,110,155,185,256,97,110,98,138,163,312
2019_1,한천로33길,872,424,448,123,122,121,153,161,192,64,54,55,83,78,90,59,68,66,70,83,102
2019_1,한천로14길,3130,1634,1496,318,368,415,493,649,887,170,191,221,275,354,423,148,177,194,218,295,464
2019_1,천호대로97길,2761,1420,1341,409,429,507,470,393,553,216,216,270,251,190,277,193,213,237,219,203,276
2019_1,천호대로77길,2360,1225,1135,288,356,379,364,423,550,149,195,212,184,203,282,139,161,167,180,220,268
2019_1,천호대로45길,2583,1359,1224,240,398,389,337,421,798,124,217,223,196,219,380,116,181,166,141,202,418
2019_1,천호대로17길,2859,1413,1446,243,606,564,416,433,597,130,274,303,222,229,255,113,332,261,194,204,342
2019_1,천호대로12길,207,117,90,26,25,23,37,45,51,13,14,13,25,25,27,13,11,10,12,20,24
2019_1,천장산로7길,1387,700,687,131,764,146,92,83,171,53,403,82,46,37,79,78,361,64,46,46,92
2019_1,제기로5길,1016,559,457,62,214,155,140,155,290,35,122,97,85,90,130,27,92,58,55,65,160
2019_1,제기로21길,3144,1599,1545,279,310,330,409,546,1270,137,172,201,219,287,583,142,138,129,190,259,687
2019_1,전농로4길,1473,768,705,119,183,145,242,322,462,68,103,76,134,176,211,51,80,69,108,146,251
2019_1,전농로3길,1649,830,819,212,244,172,263,311,447,116,129,94,126,155,210,96,115,78,137,156,237
2019_1,전농로29길,1970,978,992,231,278,225,284,379,573,116,162,129,142,186,243,115,116,96,142,193,330
2019_1,장한로8길,2291,1145,1146,320,334,400,336,398,503,170,171,201,163,191,249,150,163,199,173,207,254
2019_1,장한로5길,2085,1041,1044,298,304,349,309,357,468,161,147,185,164,171,213,137,157,164,145,186,255
2019_1,장한로27길,932,501,431,101,110,146,155,187,233,55,62,78,87,100,119,46,48,68,68,87,114
2019_1,장한로27가길,974,476,498,121,131,124,152,173,273,55,71,59,76,92,123,66,60,65,76,81,150
2019_1,장한로26길,2624,1290,1334,505,287,371,512,359,590,258,145,165,272,175,275,247,142,206,240,184,315
2019_1,장한로26가길,1417,703,714,203,210,298,221,200,285,97,93,156,120,93,144,106,117,142,101,107,141
2019_1,장한로25길,602,307,295,77,80,113,77,114,141,42,46,64,39,53,63,35,34,49,38,61,78
2019_1,장한로14길,1457,746,711,252,168,233,243,199,362,135,90,120,134,97,170,117,78,113,109,102,192
2019_1,이문로42길,3339,1700,1639,384,552,453,488,549,913,208,275,263,254,283,417,176,277,190,234,266,496
2019_1,왕산로43길,3473,1786,1687,360,398,457,521,666,1071,187,224,243,296,365,471,173,174,214,225,301,600
2019_1,왕산로33길,627,313,314,40,65,67,73,105,277,17,32,37,39,57,131,23,33,30,34,48,146
2019_1,왕산로32길,1076,566,510,68,185,160,138,188,337,31,98,86,87,107,157,37,87,74,51,81,180
2019_1,약령시로17길,1564,820,744,98,183,173,197,286,627,54,97,100,124,168,277,44,86,73,73,118,350
2019_1,서울시립대로4길,2393,1211,1182,384,303,428,402,348,528,208,142,223,213,184,241,176,161,205,189,164,287
2019_1,서울시립대로29길,4149,2109,2040,425,1124,622,440,551,987,228,601,359,248,254,419,197,523,263,192,297,568
2019_1,서울시립대로16길,3392,1662,1730,413,561,382,501,667,868,208,284,217,258,316,379,205,277,165,243,351,489
2019_1,사가정로2길,1821,891,930,249,253,282,293,316,428,123,139,137,148,160,184,126,114,145,145,156,244
2019_1,사가정로23가길,2021,977,1044,318,282,272,324,352,473,156,145,143,155,159,219,162,137,129,169,193,254
2019_1,사가정로13길,2001,978,1023,205,275,252,254,405,610,98,148,136,129,202,265,107,127,116,125,203,345
2019_1,무학로45길,1054,620,434,94,326,178,117,135,204,46,219,118,66,76,95,48,107,60,51,59,109
2019_1,무학로16길,1368,702,666,158,184,186,205,267,368,76,112,105,112,125,172,82,72,81,93,142,196
2019_1,망우로21길,559,285,274,76,87,73,72,90,161,39,41,43,35,43,84,37,46,30,37,47,77
2019_1,망우로18길,1556,765,791,163,550,216,187,163,277,78,270,115,100,80,122,85,280,101,87,83,155
2019_1,망우로18가길,2586,1346,1240,228,890,331,256,317,564,115,504,195,137,140,255,113,386,136,119,177,309
2019_1,답십리로72길,1142,558,584,156,161,223,168,192,242,76,82,106,89,90,115,80,79,117,79,102,127
2019_1,답십리로69길,1795,946,849,309,195,314,292,275,410,172,107,165,157,136,209,137,88,149,135,139,201
2019_1,답십리로68길,3318,1714,1604,385,485,730,579,557,582,223,246,400,304,276,265,162,239,330,275,281,317
2019_1,답십리로64길,2831,1412,1419,352,366,449,451,538,675,178,185,249,236,270,294,174,181,200,215,268,381
2019_1,답십리로63길,1374,706,668,153,191,188,217,248,377,70,103,115,115,125,178,83,88,73,102,123,199
2019_1,답십리로60길,1715,880,835,203,233,225,246,332,476,104,122,127,133,167,227,99,111,98,113,165,249
2019_1,답십리로56길,3636,1799,1837,416,455,466,574,670,1055,201,249,253,299,332,465,215,206,213,275,338,590
2019_1,답십리로23길,2334,1151,1183,300,366,335,344,407,582,172,178,163,182,196,260,128,188,172,162,211,322
2019_1,난계로30길,214,127,87,20,29,32,35,31,67,13,15,20,20,18,41,7,14,12,15,13,26
2019_1,경희대로4길,1245,634,611,119,429,169,155,142,231,55,228,97,79,70,105,64,201,72,76,72,126
2019_1,경희대로3길,601,283,318,42,228,108,61,57,105,19,99,56,28,34,47,23,129,52,33,23,58
2019_1,천호대로129길,3330,1600,1730,485,503,549,513,558,722,247,246,275,255,254,323,238,257,274,258,304,399
2019_1,천호대로123길,3065,1474,1591,454,489,536,460,545,581,241,233,262,227,248,263,213,256,274,233,297,318
2019_1,천호대로109길,3559,1663,1896,408,688,729,502,554,678,207,281,344,242,267,322,201,407,385,260,287,356
2019_1,자양번영로3길,3711,1870,1841,552,549,513,597,693,807,285,305,247,310,350,373,267,244,266,287,343,434
2019_1,자양로53길,2772,1340,1432,397,374,457,386,508,650,208,174,222,187,246,303,189,200,235,199,262,347
2019_1,자양로50길,4521,2199,2322,666,621,696,697,763,1078,356,330,356,337,344,476,310,291,340,360,419,602
2019_1,자양로45길,2530,1204,1326,283,406,431,387,465,558,155,190,196,193,215,255,128,216,235,194,250,303
2019_1,자양로26길,3052,1455,1597,365,626,550,494,495,522,187,277,273,239,239,240,178,349,277,255,256,282
2019_1,자양로15길,1886,846,1040,209,351,316,269,301,440,106,151,133,118,145,193,103,200,183,151,156,247
2019_1,자양로11길,3832,1873,1959,399,619,701,552,671,890,194,309,369,279,321,401,205,310,332,273,350,489
2019_1,용마산로3길,3903,1902,2001,642,619,773,592,583,694,357,305,366,291,271,312,285,314,407,301,312,382
2019_1,용마산로21길,5416,2681,2735,701,879,989,772,981,1094,349,438,525,376,484,509,352,441,464,396,497,585
2019_1,아차산로78길,1476,708,768,215,198,331,216,211,305,112,95,151,109,98,143,103,103,180,107,113,162
2019_1,아차산로65길,3001,1415,1586,593,445,457,541,433,532,274,220,217,255,207,242,319,225,240,286,226,290
2019_1,아차산로55길,2877,1344,1533,248,639,636,387,403,564,132,305,310,198,160,239,116,334,326,189,243,325
2019_1,아차산로51길,1779,832,947,167,472,396,216,257,271,85,199,192,101,131,124,82,273,204,115,126,147
2019_1,아차산로40길,3042,1494,1548,398,561,533,444,493,613,206,274,263,226,252,273,192,287,270,218,241,340
2019_1,면목로17길,4210,2099,2111,429,614,743,598,799,1027,215,321,401,297,390,475,214,293,342,301,409,552
2019_1,뚝섬로64길,2935,1471,1464,407,507,475,435,503,608,223,251,252,208,241,296,184,256,223,227,262,312
2019_1,뚝섬로58길,3603,1730,1873,609,532,642,592,538,690,311,254,324,271,256,314,298,278,318,321,282,376
2019_1,뚝섬로54길,3665,1805,1860,664,526,665,665,567,578,344,270,337,313,273,268,320,256,328,352,294,310
2019_1,뚝섬로48길,3659,1781,1878,475,580,718,589,582,715,244,281,352,299,279,326,231,299,366,290,303,389
2019_1,뚝섬로24길,2990,1508,1482,328,419,489,451,564,739,165,216,275,223,288,341,163,203,214,228,276,398
2019_1,뚝섬로23길,1914,941,973,218,264,295,286,354,497,103,133,154,156,179,216,115,131,141,130,175,281
2019_1,동일로24길,2973,1440,1533,233,928,608,354,348,502,124,399,319,196,171,231,109,529,289,158,177,271
2019_1,동일로18길,1845,958,887,154,326,320,267,335,443,77,165,177,144,191,204,77,161,143,123,144,239
2019_1,능동로4길,3013,1483,1530,639,399,471,543,502,459,329,199,218,267,246,224,310,200,253,276,256,235
2019_1,능동로3길,3639,1812,1827,348,460,523,516,724,1068,167,242,263,278,367,495,181,218,260,238,357,573
2019_1,능동로34길,5108,2347,2761,579,941,1245,747,653,943,301,388,563,374,303,418,278,553,682,373,350,525
2019_1,능동로19길,2317,1125,1192,96,887,399,241,274,420,35,383,208,142,168,189,61,504,191,99,106,231
2019_1,능동로13길,3647,1728,1919,217,1418,717,352,387,556,112,615,373,186,201,241,105,803,344,166,186,315
2019_1,긴고랑로9길,2083,1048,1035,246,339,368,305,354,471,133,161,197,161,175,221,113,178,171,144,179,250
2019_1,긴고랑로8길,4150,2091,2059,408,684,870,596,695,897,236,327,455,315,334,424,172,357,415,281,361,473
2019_1,긴고랑로7길,4756,2316,2440,668,701,723,794,837,1033,338,338,365,398,407,470,330,363,358,396,430,563
2019_1,긴고랑로20길,4137,1973,2164,518,675,736,620,707,881,272,316,359,304,320,402,246,359,377,316,387,479
2019_1,광나루로52길,4356,2072,2284,586,734,831,712,661,832,275,361,408,353,312,363,311,373,423,359,349,469
2019_1,광나루로40길,3897,1941,1956,425,700,802,612,532,826,205,343,429,317,283,364,220,357,373,295,249,462
2019_1,광나루로37길,679,329,350,104,100,102,96,118,159,52,48,51,50,62,66,52,52,51,46,56,93
2019_1,광나루로36길,2665,1284,1381,340,423,487,420,420,575,155,212,233,221,212,251,185,211,254,199,208,324
2019_1,광나루로24길,1289,684,605,89,439,213,151,157,240,44,246,120,91,77,106,45,193,93,60,80,134
2019_1,광나루로12길,2765,1353,1412,128,1460,607,220,167,183,57,636,338,132,95,95,71,824,269,88,72,88
2019_1,한림말길,2107,976,1131,203,278,352,306,387,581,89,123,172,154,203,235,114,155,180,152,184,346
2019_1,한림말3길,922,437,485,117,133,175,149,119,229,58,58,84,77,58,102,59,75,91,72,61,127
2019_1,청계천로10나길,2624,1338,1286,307,419,356,393,498,651,163,227,193,199,263,293,144,192,163,194,235,358
2019_1,장터길,1949,943,1006,199,255,293,307,319,576,109,129,148,157,154,246,90,126,145,150,165,330
2019_1,용답중앙길,2613,1350,1263,295,419,327,429,477,666,157,222,180,228,243,320,138,197,147,201,234,346
2019_1,용답29길,3063,1536,1527,313,478,453,476,571,772,155,228,239,252,308,354,158,250,214,224,263,418
2019_1,왕십리로6길,2259,1143,1116,310,344,385,405,315,500,173,174,192,202,159,243,137,170,193,203,156,257
2019_1,왕십리로31길,2870,1363,1507,319,528,488,446,421,668,149,231,249,233,209,292,170,297,239,213,212,376
2019_1,왕십리로26길,2882,1438,1444,353,591,427,446,498,567,184,273,220,232,273,256,169,318,207,214,225,311
2019_1,왕십리로21길,2417,1131,1286,306,478,368,398,380,487,150,216,188,194,178,205,156,262,180,204,202,282
2019_1,왕십리로14길,1831,945,886,216,331,298,273,316,397,123,165,144,138,167,208,93,166,154,135,149,189
2019_1,아차산로5길,1820,953,867,184,384,341,259,315,337,109,187,190,138,170,159,75,197,151,121,145,178
2019_1,아차산로15길,429,249,180,7,149,161,52,31,29,3,56,104,43,24,19,4,93,57,9,7,10
2019_1,아차산로11길,355,206,149,38,47,62,71,72,65,18,24,33,45,44,42,20,23,29,26,28,23
2019_1,송정4가길,2678,1440,1238,276,473,382,368,553,626,140,256,207,213,311,313,136,217,175,155,242,313
2019_1,송정12라길,1292,693,599,151,200,187,194,242,318,85,109,100,115,132,152,66,91,87,79,110,166
2019_1,성수일로6길,624,355,269,69,120,84,110,127,114,32,64,45,63,84,67,37,56,39,47,43,47
2019_1,성수이로7길,1289,695,594,107,300,236,172,223,251,56,137,141,98,128,135,51,163,95,74,95,116
2019_1,성수이로18길,259,150,109,31,36,25,51,61,55,15,18,18,33,42,24,16,18,7,18,19,31
2019_1,성덕정길,3209,1669,1540,390,540,417,491,702,669,203,299,232,243,397,295,187,241,185,248,305,374
2019_1,성덕정17길,3526,1880,1646,377,481,476,528,762,902,194,255,259,297,445,430,183,226,217,231,317,472
2019_1,서울숲2길,1793,895,898,233,287,355,286,278,354,113,158,181,152,137,154,120,129,174,134,141,200
2019_1,상원길,1128,576,552,131,206,217,195,176,203,64,102,113,105,97,95,67,104,104,90,79,108
2019_1,상원12길,2392,1211,1181,331,415,440,362,401,443,170,205,234,197,204,201,161,210,206,165,197,242
2019_1,사근동길,2405,1346,1059,169,967,304,213,252,500,82,614,185,119,124,222,87,353,119,94,128,278
2019_1,무학봉길,2274,1137,1137,364,385,330,371,368,456,195,205,170,180,181,206,169,180,160,191,187,250
2019_1,무학봉28길,1004,463,541,77,225,158,145,177,222,35,96,77,76,92,87,42,129,81,69,85,135
2019_1,무학로6길,1814,892,922,191,322,313,280,302,406,103,151,154,151,153,180,88,171,159,129,149,226
2019_1,무수막길,2199,1053,1146,265,263,325,383,376,587,127,117,165,202,193,249,138,146,160,181,183,338
2019_1,매봉길,5859,2768,3091,976,726,1508,953,808,888,501,353,675,475,368,396,475,373,833,478,440,492
2019_1,마조로1길,1219,570,649,76,587,208,78,109,161,37,266,99,36,53,79,39,321,109,42,56,82
2019_1,마조로16길,2709,1352,1357,317,409,336,395,462,790,169,195,169,211,241,367,148,214,167,184,221,423
2019_1,마장로39길,1329,653,676,238,197,199,238,217,240,124,97,105,113,100,114,114,100,94,125,117,126
2019_1,마장로27길,1827,916,911,230,300,288,254,302,453,131,152,143,141,146,203,99,148,145,113,156,250
2019_1,뚝섬로5길,1831,889,942,266,286,351,301,304,323,119,141,166,145,175,143,147,145,185,156,129,180
2019_1,둘레9길,2877,1548,1329,301,445,379,439,644,669,154,243,218,241,371,321,147,202,161,198,273,348
2019_1,금호산길,3321,1647,1674,443,464,443,516,593,862,248,237,235,256,296,375,195,227,208,260,297,487
2019_1,금호산2길,2321,1168,1153,291,363,320,326,401,620,162,207,173,165,196,265,129,156,147,161,205,355
2019_1,고산자로6길,4112,1971,2141,235,687,841,381,1008,960,124,481,322,203,384,457,111,206,519,178,624,503
2019_1,후암로28길,5621,2687,2934,873,785,927,950,868,1218,461,392,449,470,401,514,412,393,478,480,467,704
2019_1,효창원로39길,3151,1495,1656,442,475,568,489,460,717,223,232,292,230,226,292,219,243,276,259,234,425
2019_1,회나무로13길,2228,987,1241,189,272,337,351,353,726,96,144,155,165,152,275,93,128,182,186,201,451
2019_1,한남대로20길,566,257,309,42,94,130,88,73,139,20,32,68,42,36,59,22,62,62,46,37,80
2019_1,한강대로88길,109,84,25,3,6,11,24,28,37,2,4,8,17,26,27,1,2,3,7,2,10
2019_1,한강대로7길,751,407,344,59,66,105,101,134,286,38,38,58,62,78,133,21,28,47,39,56,153
2019_1,한강대로62길,901,457,444,81,123,148,111,167,271,49,64,80,58,87,119,32,59,68,53,80,152
2019_1,한강대로52길,666,337,329,33,99,147,99,71,217,18,56,82,50,50,81,15,43,65,49,21,136
2019_1,한강대로43길,1590,753,837,115,295,507,227,197,249,63,113,228,116,102,131,52,182,279,111,95,118
2019_1,한강대로15길,474,253,221,32,55,68,78,84,157,16,35,45,47,43,67,16,20,23,31,41,90
2019_1,한강대로104길,2701,1474,1227,277,363,408,431,539,683,155,176,200,263,338,342,122,187,208,168,201,341
2019_1,청파로73길,2495,1272,1223,264,418,360,401,453,599,148,235,200,208,226,255,116,183,160,193,227,344
2019_1,청파로71길,4221,2138,2083,546,753,693,671,687,871,286,407,393,337,329,386,260,346,300,334,358,485
2019_1,청파로47나길,3109,1469,1640,374,729,651,451,391,513,204,266,342,225,196,236,170,463,309,226,195,277
2019_1,청파로47길,1678,654,1024,146,580,272,198,170,312,69,153,122,81,89,140,77,427,150,117,81,172
2019_1,장문로45길,2928,1394,1534,306,451,472,444,494,761,167,231,247,217,214,318,139,220,225,227,280,443
2019_1,이태원로54길,2351,1033,1318,135,256,420,386,389,765,69,93,210,200,180,281,66,163,210,186,209,484
2019_1,이태원로27길,636,314,322,52,106,125,93,81,179,24,53,75,48,40,74,28,53,50,45,41,105
2019_1,이촌로22길,1812,866,946,180,178,224,276,333,621,100,91,125,149,164,237,80,87,99,127,169,384
2019_1,원효로89길,1019,493,526,81,190,187,174,153,234,42,67,101,92,84,107,39,123,86,82,69,127
2019_1,원효로53길,2331,1166,1165,238,398,489,325,333,548,122,203,266,179,167,229,116,195,223,146,166,319
2019_1,원효로41길,1491,724,767,219,183,198,263,219,409,95,102,109,143,101,174,124,81,89,120,118,235
2019_1,원효로19길,1866,903,963,256,325,312,287,283,403,130,158,155,143,136,181,126,167,157,144,147,222
2019_1,우사단로4길,2302,1154,1148,220,412,373,338,380,579,119,241,205,168,176,245,101,171,168,170,204,334
2019_1,우사단로14길,1235,631,604,111,162,273,210,183,296,58,84,153,115,86,135,53,78,120,95,97,161
2019_1,우사단로10길,2666,1423,1243,223,429,492,409,451,662,126,264,290,224,244,275,97,165,202,185,207,387
2019_1,신흥로20길,2708,1319,1389,379,376,446,419,397,691,202,192,239,212,181,293,177,184,207,207,216,398
2019_1,소월로20길,2227,1069,1158,233,328,428,298,346,594,117,173,223,135,159,262,116,155,205,163,187,332
2019_1,서빙고로71길,2522,1200,1322,284,318,286,391,460,783,141,154,150,201,235,319,143,164,136,190,225,464
2019_1,백범로90길,4152,1979,2173,619,630,1076,694,530,603,314,237,505,361,252,310,305,393,571,333,278,293
2019_1,백범로79길,4401,2058,2343,595,778,888,674,639,827,305,329,458,327,299,340,290,449,430,347,340,487
2019_1,두텁바위로1길,3185,1705,1480,283,439,435,480,565,983,148,243,230,263,334,487,135,196,205,217,231,496
2019_1,대사관로34길,1423,684,739,141,273,264,179,232,334,70,140,135,88,108,143,71,133,129,91,124,191
2019_1,녹사평대로46길,850,432,418,99,151,166,128,102,204,52,96,80,65,52,87,47,55,86,63,50,117
2019_1,녹사평대로40나길,771,358,413,101,125,144,121,89,191,41,55,76,64,41,81,60,70,68,57,48,110
2019_1,녹사평대로32길,534,272,262,49,81,123,74,61,146,30,45,63,42,27,65,19,36,60,32,34,81
2019_1,녹사평대로26길,955,449,506,82,161,199,127,145,241,45,84,107,54,69,90,37,77,92,73,76,151
2019_1,녹사평대로11길,418,204,214,44,51,79,72,58,114,23,26,39,33,38,45,21,25,40,39,20,69
2019_1,퇴계로90길,3440,1717,1723,355,546,411,584,661,883,184,269,207,308,362,387,171,277,204,276,299,496
2019_1,퇴계로8길,1491,762,729,83,142,145,190,245,686,34,60,88,94,133,353,49,82,57,96,112,333
2019_1,퇴계로56길,1130,580,550,92,182,132,157,199,368,50,104,74,90,101,161,42,78,58,67,98,207
2019_1,퇴계로46길,618,322,296,84,136,108,79,63,148,46,64,59,48,34,71,38,72,49,31,29,77
2019_1,퇴계로18길,706,350,356,93,94,126,113,87,193,46,55,69,55,42,83,47,39,57,58,45,110
2019_1,퇴계로12길,935,457,478,83,111,119,153,149,320,50,58,67,87,73,122,33,53,52,66,76,198
2019_1,청구로1길,2037,952,1085,221,286,247,328,392,563,103,134,136,162,203,214,118,152,111,166,189,349
2019_1,청구로17길,1792,890,902,206,311,272,257,311,435,108,146,152,125,157,202,98,165,120,132,154,233
2019_1,장충단로8길,1480,746,734,143,279,234,227,235,362,73,145,122,125,115,166,70,134,112,102,120,196
2019_1,삼일대로4길,107,63,44,29,10,28,16,13,11,19,5,16,8,8,7,10,5,12,8,5,4
2019_1,명동길,531,36,495,0,9,48,113,104,257,0,1,4,9,14,8,0,8,44,104,90,249
2019_1,동호로8길,697,329,368,93,132,128,107,85,152,45,62,64,54,45,59,48,70,64,53,40,93
2019_1,동호로20길,2114,1003,1111,288,359,345,341,328,453,149,174,179,157,148,196,139,185,166,184,180,257
2019_1,동호로15길,1877,906,971,175,274,229,303,320,576,96,132,116,150,177,235,79,142,113,153,143,341
2019_1,동호로11길,4601,2259,2342,526,730,741,757,731,1116,291,381,392,371,349,475,235,349,349,386,382,641
2019_1,동호로10길,2072,986,1086,234,417,445,289,303,384,119,188,208,143,149,179,115,229,237,146,154,205
2019_1,다산로39길,875,492,383,45,102,87,129,221,291,17,56,48,85,125,161,28,46,39,44,96,130
2019_1,다산로38길,1436,685,751,205,232,221,228,232,318,96,112,100,120,119,138,109,120,121,108,113,180
2019_1,다산로36길,2022,993,1029,222,283,243,344,401,529,115,141,129,185,202,221,107,142,114,159,199,308
2019_1,다산로33길,3551,1783,1768,343,606,483,566,662,891,177,311,282,300,331,382,166,295,201,266,331,509
2019_1,난계로21길,1076,531,545,77,251,308,132,133,175,42,118,150,72,74,75,35,133,158,60,59,100
2019_1,난계로11길,3351,1566,1785,285,736,710,493,508,619,135,279,339,253,263,297,150,457,371,240,245,322
2019_1,필운대로1길,722,323,399,137,84,89,160,93,159,62,44,41,66,47,63,75,40,48,94,46,96
2019_1,평창길,1787,882,905,307,366,173,224,264,453,182,190,85,101,120,204,125,176,88,123,144,249
2019_1,통일로12길,925,433,492,127,102,97,200,128,271,68,42,49,99,62,113,59,60,48,101,66,158
2019_1,창신길,2347,1180,1167,281,364,251,379,512,560,133,190,139,192,267,259,148,174,112,187,245,301
2019_1,창신5길,1293,695,598,93,153,122,183,309,433,48,96,73,91,177,210,45,57,49,92,132,223
2019_1,창신2길,802,414,388,69,105,83,114,188,243,32,58,49,68,93,114,37,47,34,46,95,129
2019_1,창경궁로35길,924,413,511,65,196,114,151,128,270,29,95,55,72,56,106,36,101,59,79,72,164
2019_1,지봉로8길,2307,1163,1144,231,307,283,368,452,666,122,161,162,202,224,292,109,146,121,166,228,374
2019_1,종로65길,3627,1873,1754,313,502,456,538,806,1012,165,242,260,279,434,493,148,260,196,259,372,519
2019_1,종로58가길,461,246,215,19,130,122,56,58,76,5,58,71,35,34,43,14,72,51,21,24,33
2019_1,종로24길,45,32,13,2,1,4,7,10,21,0,1,3,7,7,14,2,0,1,0,3,7
2019_1,자하문로7길,699,319,380,115,80,103,114,85,202,61,39,46,53,36,84,54,41,57,61,49,118
2019_1,이화장길,1644,801,843,197,356,299,217,233,342,98,167,150,102,120,164,99,189,149,115,113,178
2019_1,율곡로16길,469,251,218,44,74,80,69,88,114,29,39,48,39,43,53,15,35,32,30,45,61
2019_1,율곡로10길,249,147,102,8,23,30,36,51,101,5,13,19,27,32,51,3,10,11,9,19,50
2019_1,옥인길,2586,1163,1423,468,281,429,517,380,511,223,128,198,231,167,216,245,153,231,286,213,295
2019_1,숭인동길,1770,886,884,169,285,262,273,334,447,90,150,133,138,170,205,79,135,129,135,164,242
2019_1,성균관로5길,947,458,489,84,329,145,110,109,170,42,165,77,57,46,71,42,164,68,53,63,99
2019_1,삼청로5길,759,340,419,69,73,116,91,124,286,32,33,53,48,52,122,37,40,63,43,72,164
2019_1,북촌로5나길,682,324,358,104,84,110,115,104,165,61,39,55,60,42,67,43,45,55,55,62,98
2019_1,북촌로5길,451,209,242,60,60,59,55,69,148,37,23,26,29,33,61,23,37,33,26,36,87
2019_1,북촌로11길,663,301,362,59,64,75,101,132,232,30,35,35,52,62,87,29,29,40,49,70,145
2019_1,백석동길,1694,826,868,239,238,249,292,301,375,128,141,111,136,135,175,111,97,138,156,166,200
2019_1,명륜길,1453,711,742,149,482,186,149,161,326,67,241,114,81,67,141,82,241,72,68,94,185
2019_1,돈화문로11가길,1214,682,532,110,178,204,222,190,310,56,102,131,123,116,154,54,76,73,99,74,156
2019_1,난계로27길,841,383,458,19,369,234,82,54,83,11,111,110,50,43,58,8,258,124,32,11,25
2019_1,계동길,1806,851,955,257,203,238,341,276,491,126,98,114,157,135,221,131,105,124,184,141,270
2018_4,강남 마이스 관광특구,26,17,9,7,2,2,5,5,5,5,1,1,2,4,4,2,1,1,3,1,1
2018_4,잠실 관광특구,7083,3291,3792,734,1228,1752,992,963,1414,376,500,771,488,467,689,358,728,981,504,496,725
2018_4,종로·청계 관광특구,1930,1293,637,51,209,197,221,456,796,26,146,144,155,323,499,25,63,53,66,133,297
2018_4,동대문패션타운 관광특구,2012,1008,1004,177,345,404,283,363,440,84,147,216,145,179,237,93,198,188,138,184,203
2018_4,명동 남대문 북창동 다동 무교동 관광특구,1118,404,714,15,60,121,202,242,478,4,26,61,66,100,147,11,34,60,136,142,331
2018_4,이태원 관광특구,5396,2573,2823,395,750,1017,824,856,1554,202,372,535,429,408,627,193,378,482,395,448,927
2018_4,길동복조리시장,3178,1582,1596,463,387,486,488,510,844,266,198,250,258,225,385,197,189,236,230,285,459
2018_4,둔촌역전통시장,613,311,302,98,88,73,102,118,134,50,51,33,49,68,60,48,37,40,53,50,74
2018_4,성내골목시장,954,498,456,96,131,163,145,168,251,39,65,96,78,88,132,57,66,67,67,80,119
2018_4,천호시장,139,71,68,3,9,16,25,35,51,1,5,4,15,21,25,2,4,12,10,14,26
2018_4,동서울시장,180,89,91,11,12,18,33,40,66,4,5,13,19,24,24,7,7,5,14,16,42
2018_4,고분다리골목시장,351,183,168,33,63,38,38,85,94,13,39,24,25,41,41,20,24,14,13,44,53
2018_4,양지골목시장,843,427,416,144,119,173,144,120,143,69,71,93,75,51,68,75,48,80,69,69,75
2018_4,암사종합시장,887,460,427,72,163,167,151,139,195,42,76,93,88,66,95,30,87,74,63,73,100
2018_4,고덕전통시장,316,162,154,34,36,37,48,72,89,26,21,18,26,37,34,8,15,19,22,35,55
2018_4,명일골목시장,2011,1000,1011,419,246,273,367,312,394,207,135,126,194,146,192,212,111,147,173,166,202
2018_4,새마을시장,2387,1162,1225,211,392,534,325,350,575,116,193,255,168,170,260,95,199,279,157,180,315
2018_4,석촌시장,839,421,418,101,136,132,137,158,175,46,69,64,74,86,82,55,67,68,63,72,93
2018_4,방이시장,5244,2503,2741,652,886,1102,747,826,1031,348,422,543,366,363,461,304,464,559,381,463,570
2018_4,마천시장,958,502,456,109,109,103,138,189,310,42,66,61,79,106,148,67,43,42,59,83,162
2018_4,풍납시장,2267,1126,1141,226,281,314,354,413,679,117,149,176,182,205,297,109,132,138,172,208,382
2018_4,강남개포시장,8,4,4,2,3,0,1,0,2,1,2,0,0,0,1,1,1,0,1,0,1
2018_4,도곡시장,235,109,126,61,22,40,54,35,23,37,6,16,24,16,10,24,16,24,30,19,13
2018_4,청담삼익시장,167,82,85,28,20,24,16,27,52,17,8,11,9,11,26,11,12,13,7,16,26
2018_4,논현종합시장,85,38,47,11,3,15,18,7,31,4,1,6,8,5,14,7,2,9,10,2,17
2018_4,영동전통시장,1171,547,624,93,223,302,191,150,212,42,102,140,93,75,95,51,121,162,98,75,117
2018_4,강남시장_강남,287,131,156,39,35,52,45,34,82,21,14,25,21,16,34,18,21,27,24,18,48
2018_4,양재시장,94,54,40,6,16,20,16,14,22,5,11,10,9,9,10,1,5,10,7,5,12
2018_4,남부종합시장,177,86,91,35,26,14,36,27,39,19,12,6,16,13,20,16,14,8,20,14,19
2018_4,우림시장,75,32,43,13,4,17,9,9,23,5,3,5,3,6,10,8,1,12,6,3,13
2018_4,미성동도깨비시장,649,305,344,56,96,76,93,102,226,28,42,38,46,56,95,28,54,38,47,46,131
2018_4,신신림시장,49,22,27,4,6,3,6,6,24,2,2,0,4,5,9,2,4,3,2,1,15
2018_4,삼성동시장,174,105,69,8,17,16,21,36,76,5,13,9,14,20,44,3,4,7,7,16,32
2018_4,신림중앙시장,53,31,22,4,17,14,4,3,11,2,5,11,4,1,8,2,12,3,0,2,3
2018_4,강남골목시장,587,304,283,38,137,133,64,94,121,13,73,77,33,48,60,25,64,56,31,46,61
2018_4,신림종합시장,3,2,1,0,0,0,2,0,1,0,0,0,1,0,1,0,0,0,1,0,0
2018_4,관악신사시장,2249,1123,1126,222,454,392,345,344,492,120,208,211,181,181,222,102,246,181,164,163,270
2018_4,신원시장,418,243,175,36,78,53,54,76,121,19,41,32,34,47,70,17,37,21,20,29,51
2018_4,인헌시장,1476,720,756,107,298,304,207,222,338,62,122,162,102,122,150,45,176,142,105,100,188
2018_4,봉천중앙시장,449,214,235,21,197,112,46,39,34,5,87,59,25,20,18,16,110,53,21,19,16
2018_4,봉천현대시장,13,5,8,1,3,0,2,4,3,1,1,0,1,2,0,0,2,0,1,2,3
2018_4,봉일시장,100,50,50,1,44,22,4,8,21,0,21,13,2,4,10,1,23,9,2,4,11
2018_4,봉천제일종합시장,427,192,235,12,166,67,37,62,83,6,55,37,19,41,34,6,111,30,18,21,49
2018_4,낙성대시장,613,289,324,37,252,140,58,51,75,21,98,78,32,22,38,16,154,62,26,29,37
2018_4,중부시장,649,301,348,49,188,136,70,63,143,24,64,77,38,36,62,25,124,59,32,27,81
2018_4,사당시장,7,4,3,0,3,0,0,3,1,0,2,0,0,1,1,0,1,0,0,2,0
2018_4,남성역골목시장,563,240,323,46,114,81,74,78,170,24,44,36,31,39,66,22,70,45,43,39,104
2018_4,남성사계시장,572,275,297,35,96,97,77,85,182,16,43,48,45,45,78,19,53,49,32,40,104
2018_4,흑석시장,1055,492,563,155,159,127,168,170,276,80,82,60,82,85,103,75,77,67,86,85,173
2018_4,상도4동도깨비골목시장,1920,939,981,153,280,299,263,308,617,80,143,171,139,141,265,73,137,128,124,167,352
2018_4,성대시장,178,84,94,11,62,30,20,34,21,6,19,19,8,19,13,5,43,11,12,15,8
2018_4,영도시장,56,26,30,1,8,6,9,13,19,0,5,3,6,5,7,1,3,3,3,8,12
2018_4,상도전통시장,1623,780,843,130,333,240,214,237,469,75,169,127,99,121,189,55,164,113,115,116,280
2018_4,강남시장_동작,120,46,74,7,25,22,17,9,40,4,7,9,7,2,17,3,18,13,10,7,23
2018_4,신노량진시장,16,8,8,0,4,1,3,5,3,0,1,1,1,3,2,0,3,0,2,2,1
2018_4,본동인정시장,442,241,201,33,85,65,70,77,112,18,55,38,45,40,45,15,30,27,25,37,67
2018_4,노량진중앙시장,165,100,65,7,64,40,11,15,28,2,37,32,8,11,10,5,27,8,3,4,18
2018_4,대림중앙시장,402,197,205,30,48,48,59,79,138,17,27,30,28,35,60,13,21,18,31,44,78
2018_4,우리시장,333,164,169,29,36,43,37,63,125,16,20,22,19,33,54,13,16,21,18,30,71
2018_4,영진시장A동,123,60,63,17,19,12,17,20,38,8,7,6,6,10,23,9,12,6,11,10,15
2018_4,사러가시장,91,40,51,12,10,2,21,15,31,8,4,0,10,5,13,4,6,2,11,10,18
2018_4,대신시장,107,51,56,8,11,10,18,14,46,4,7,4,8,6,22,4,4,6,10,8,24
2018_4,영일시장,721,373,348,74,119,144,108,91,185,41,58,85,60,55,74,33,61,59,48,36,111
2018_4,도림시장,67,32,35,5,31,7,4,7,13,2,15,6,2,3,4,3,16,1,2,4,9
2018_4,영등포청과시장,287,155,132,23,44,40,44,46,90,14,19,26,27,27,42,9,25,14,17,19,48
2018_4,영등포전통시장,2332,1456,876,81,323,436,361,431,700,51,144,271,255,321,414,30,179,165,106,110,286
2018_4,은행나무시장,403,199,204,44,42,61,71,61,124,23,22,38,38,33,45,21,20,23,33,28,79
2018_4,박미시장,287,150,137,20,29,27,60,48,103,15,14,14,27,28,52,5,15,13,33,20,51
2018_4,현대시장,2195,1058,1137,203,312,278,289,455,658,103,153,151,135,225,291,100,159,127,154,230,367
2018_4,대명시장,10,5,5,0,2,1,0,2,5,0,1,0,0,2,2,0,1,1,0,0,3
2018_4,푸른터시장,43,24,19,6,1,14,6,4,12,4,0,9,3,2,6,2,1,5,3,2,6
2018_4,남문시장,1682,834,848,179,228,183,247,416,429,87,111,98,116,229,193,92,117,85,131,187,236
2018_4,독산동 우시장,86,47,39,0,31,18,15,11,11,0,5,14,12,9,7,0,26,4,3,2,4
2018_4,오류시장,159,85,74,10,14,19,17,34,65,5,9,11,13,20,27,5,5,8,4,14,38
2018_4,개봉중앙시장,370,170,200,48,61,52,62,66,81,21,27,34,25,30,33,27,34,18,37,36,48
2018_4,고척근린시장,611,303,308,73,67,74,92,108,197,38,27,45,47,58,88,35,40,29,45,50,109
2018_4,가리봉시장,256,133,123,25,29,22,34,58,88,11,13,15,17,36,41,14,16,7,17,22,47
2018_4,남구로시장,657,364,293,66,46,66,108,147,224,25,24,37,69,95,114,41,22,29,39,52,110
2018_4,구로시장,123,64,59,12,11,13,16,32,39,3,6,7,10,20,18,9,5,6,6,12,21
2018_4,공항시장,172,80,92,2,85,41,20,10,14,2,23,22,14,8,11,0,62,19,6,2,3
2018_4,방신전통시장,588,291,297,72,81,76,94,106,159,33,41,37,53,57,70,39,40,39,41,49,89
2018_4,송화골목시장,522,257,265,90,73,78,84,93,104,46,33,37,33,57,51,44,40,41,51,36,53
2018_4,까치산시장,1150,530,620,141,166,231,163,161,288,70,70,119,82,73,116,71,96,112,81,88,172
2018_4,화곡본동시장,353,158,195,43,44,76,55,40,95,20,16,37,25,15,45,23,28,39,30,25,50
2018_4,남부골목시장,1877,904,973,197,243,286,271,345,535,103,131,141,138,168,223,94,112,145,133,177,312
2018_4,화곡중앙골목시장,1056,514,542,183,133,189,158,176,217,80,60,108,84,78,104,103,73,81,74,98,113
2018_4,신월중앙시장,70,40,30,12,13,14,10,6,15,5,10,8,6,4,7,7,3,6,4,2,8
2018_4,등마루시장,4,3,1,0,1,0,0,2,1,0,1,0,0,2,0,0,0,0,0,0,1
2018_4,신정3동골목시장,263,161,102,27,23,28,42,65,78,13,12,16,33,49,38,14,11,12,9,16,40
2018_4,신정2동골목시장,473,235,238,62,55,70,90,65,131,32,24,41,44,35,59,30,31,29,46,30,72
2018_4,신정제일시장,169,71,98,20,17,16,23,34,59,6,4,9,11,16,25,14,13,7,12,18,34
2018_4,신월7동골목시장,127,61,66,13,24,15,18,23,34,5,12,8,12,10,14,8,12,7,6,13,20
2018_4,신월6동골목시장,168,93,75,16,21,16,24,36,55,10,16,10,13,20,24,6,5,6,11,16,31
2018_4,신곡종합시장,62,30,32,16,4,16,15,4,7,9,2,5,8,3,3,7,2,11,7,1,4
2018_4,신월3동골목시장,342,187,155,31,43,26,53,77,112,17,21,14,32,47,56,14,22,12,21,30,56
2018_4,경창시장,365,171,194,68,36,49,57,52,103,33,18,23,29,25,43,35,18,26,28,27,60
2018_4,월정로시장,1666,840,826,215,194,218,247,330,462,116,97,118,117,175,217,99,97,100,130,155,245
2018_4,신영시장,1199,589,610,170,155,138,210,225,301,79,83,62,121,109,135,91,72,76,89,116,166
2018_4,목4동시장,1159,583,576,162,210,124,180,235,248,95,129,54,79,112,114,67,81,70,101,123,134
2018_4,목3동시장,1169,585,584,142,188,243,186,171,239,68,82,142,106,81,106,74,106,101,80,90,133
2018_4,목2동시장,1213,615,598,101,181,250,154,193,334,48,86,139,80,98,164,53,95,111,74,95,170
2018_4,동진시장,36,20,16,4,6,7,5,4,10,3,3,2,4,2,6,1,3,5,1,2,4
2018_4,망원월드컵시장,807,365,442,129,114,143,137,105,179,63,45,63,67,46,81,66,69,80,70,59,98
2018_4,망원시장,1975,936,1039,225,264,380,327,291,488,123,131,182,158,138,204,102,133,198,169,153,284
2018_4,합정시장,87,35,52,7,15,27,10,11,17,4,7,11,4,5,4,3,8,16,6,6,13
2018_4,영진시장,250,108,142,36,33,60,31,34,56,17,14,25,16,13,23,19,19,35,15,21,33
2018_4,서교시장,25,18,7,1,4,10,1,2,7,1,3,7,1,2,4,0,1,3,0,0,3
2018_4,신수시장,68,29,39,7,7,16,9,8,21,3,5,7,4,3,7,4,2,9,5,5,14
2018_4,아현시장,406,191,215,50,58,40,72,53,133,30,25,21,35,25,55,20,33,19,37,28,78
2018_4,마포시장,9,3,6,3,0,0,0,1,5,1,0,0,0,1,1,2,0,0,0,0,4
2018_4,공덕시장,12,7,5,0,3,1,1,5,2,0,2,0,1,3,1,0,1,1,0,2,1
2018_4,백련시장,155,70,85,14,16,27,22,25,51,9,9,7,13,12,20,5,7,20,9,13,31
2018_4,모래내시장,384,195,189,20,39,32,42,75,176,9,19,19,26,46,76,11,20,13,16,29,100
2018_4,포방터시장,510,255,255,61,65,63,79,91,151,30,39,34,40,51,61,31,26,29,39,40,90
2018_4,인왕시장,308,153,155,27,39,33,45,65,99,16,14,22,24,36,41,11,25,11,21,29,58
2018_4,아현가구거리상점가,128,69,59,5,26,14,17,26,40,4,17,9,8,12,19,1,9,5,9,14,21
2018_4,영천시장,360,186,174,27,48,36,64,73,112,13,26,22,41,37,47,14,22,14,23,36,65
2018_4,수일시장,114,53,61,4,10,11,10,22,57,1,5,8,5,10,24,3,5,3,5,12,33
2018_4,증산종합시장,164,72,92,28,19,22,22,35,38,14,6,11,12,14,15,14,13,11,10,21,23
2018_4,대림골목시장,606,300,306,67,64,80,80,115,200,34,40,38,44,66,78,33,24,42,36,49,122
2018_4,신응암시장,210,108,102,40,26,31,37,29,47,20,13,17,20,17,21,20,13,14,17,12,26
2018_4,녹번시장,15,10,5,3,2,0,3,2,5,3,1,0,1,2,3,0,1,0,2,0,2
2018_4,대조시장,482,239,243,62,69,78,86,70,117,30,38,41,46,37,47,32,31,37,40,33,70
2018_4,역촌중앙시장,11,8,3,0,0,0,2,5,4,0,0,0,0,5,3,0,0,0,2,0,1
2018_4,갈현시장,177,87,90,10,65,51,16,12,23,4,28,26,13,5,11,6,37,25,3,7,12
2018_4,연서시장,256,125,131,21,27,34,33,43,98,12,13,21,19,19,41,9,14,13,14,24,57
2018_4,상계중앙시장,1972,961,1011,246,336,182,330,361,517,118,169,101,170,176,227,128,167,81,160,185,290
2018_4,공릉동도깨비시장,1582,788,794,166,343,302,184,240,347,71,162,164,98,121,172,95,181,138,86,119,175
2018_4,방학동도깨비시장,1000,502,498,104,156,103,154,193,290,56,95,53,77,94,127,48,61,50,77,99,163
2018_4,쌍문역골목시장,763,366,397,68,142,109,109,100,235,33,64,61,52,43,113,35,78,48,57,57,122
2018_4,백운시장,374,176,198,48,60,47,63,54,102,23,28,22,32,26,45,25,32,25,31,28,57
2018_4,신도봉시장,174,89,85,9,35,18,24,39,49,1,20,13,8,23,24,8,15,5,16,16,25
2018_4,창동골목시장,1245,605,640,136,162,155,187,230,375,68,82,82,92,121,160,68,80,73,95,109,215
2018_4,창동신창시장,2295,1126,1169,303,338,350,364,424,516,143,173,177,194,197,242,160,165,173,170,227,274
2018_4,수유북부시장,63,33,30,4,7,5,11,6,30,3,4,2,8,2,14,1,3,3,3,4,16
2018_4,장미원골목시장,1479,719,760,215,210,232,208,243,371,117,107,131,92,126,146,98,103,101,116,117,225
2018_4,수유중앙시장,49,29,20,6,11,4,8,12,8,5,7,2,6,7,2,1,4,2,2,5,6
2018_4,강북종합시장,734,381,353,57,121,106,99,154,197,30,51,59,61,86,94,27,70,47,38,68,103
2018_4,우이시장,1669,821,848,232,225,199,275,299,439,114,123,117,135,147,185,118,102,82,140,152,254
2018_4,수유전통시장,628,306,322,59,103,85,93,110,178,28,50,43,48,55,82,31,53,42,45,55,96
2018_4,번동북부골목시장,1164,575,589,155,181,190,208,169,261,78,91,96,110,83,117,77,90,94,98,86,144
2018_4,솔샘시장,138,68,70,10,20,16,19,25,48,4,10,10,10,12,22,6,10,6,9,13,26
2018_4,숭인시장,232,124,108,19,22,34,44,52,61,8,10,16,28,33,29,11,12,18,16,19,32
2018_4,방천골목시장,1530,760,770,131,278,191,242,272,416,72,133,107,126,127,195,59,145,84,116,145,221
2018_4,동북시장,30,15,15,5,2,3,3,3,14,2,2,1,2,1,7,3,0,2,1,2,7
2018_4,석관황금시장,1847,959,888,194,250,224,291,345,543,95,145,130,158,188,243,99,105,94,133,157,300
2018_4,석관시장,158,88,70,17,23,17,29,28,44,10,13,10,21,15,19,7,10,7,8,13,25
2018_4,새석관시장,80,42,38,5,10,9,9,18,29,4,4,5,7,10,12,1,6,4,2,8,17
2018_4,번동시장,30,16,14,7,3,2,5,6,7,5,1,1,2,3,4,2,2,1,3,3,3
2018_4,장위전통시장,1115,542,573,139,123,125,163,214,351,69,66,65,93,98,151,70,57,60,70,116,200
2018_4,밤나무골시장,236,114,122,34,20,37,31,42,72,20,8,21,16,20,29,14,12,16,15,22,43
2018_4,길음시장,17,13,4,0,2,2,4,4,5,0,2,1,4,2,4,0,0,1,0,2,1
2018_4,정릉시장,1419,730,689,167,261,202,189,215,385,90,148,115,103,99,175,77,113,87,86,116,210
2018_4,정릉아리랑시장,1058,517,541,185,133,158,208,153,221,98,62,91,104,73,89,87,71,67,104,80,132
2018_4,돈암제일시장,218,96,122,22,30,37,19,27,83,9,12,22,12,10,31,13,18,15,7,17,52
2018_4,유영시장,116,60,56,18,13,11,26,21,27,9,9,6,12,11,13,9,4,5,14,10,14
2018_4,우림골목시장,2088,1079,1009,222,258,284,288,426,610,112,133,165,161,223,285,110,125,119,127,203,325
2018_4,묵1동도깨비시장,1448,727,721,254,165,266,240,192,331,126,89,134,137,86,155,128,76,132,103,106,176
2018_4,태능시장,967,496,471,114,131,132,121,207,262,57,70,73,59,107,130,57,61,59,62,100,132
2018_4,중화제일시장,1890,949,941,226,294,254,315,350,451,123,145,140,157,173,211,103,149,114,158,177,240
2018_4,사가정시장,1864,929,935,156,307,279,262,331,529,77,166,162,129,156,239,79,141,117,133,175,290
2018_4,면목골목시장,1289,672,617,174,179,171,220,226,319,97,98,89,122,117,149,77,81,82,98,109,170
2018_4,동원시장,2118,1046,1072,233,308,295,294,393,595,114,158,164,158,193,259,119,150,131,136,200,336
2018_4,동부골목시장,1529,789,740,143,268,322,217,252,327,72,126,183,113,140,155,71,142,139,104,112,172
2018_4,이문제일시장,73,33,40,13,10,4,12,18,16,4,5,2,5,10,7,9,5,2,7,8,9
2018_4,이경시장,235,122,113,15,29,22,32,46,91,10,15,9,18,28,42,5,14,13,14,18,49
2018_4,회기시장,1222,527,695,81,519,204,104,104,210,25,225,97,44,47,89,56,294,107,60,57,121
2018_4,청량리청과물시장,58,41,17,2,5,5,9,15,22,1,1,5,7,12,15,1,4,0,2,3,7
2018_4,전곡시장,237,114,123,36,19,24,51,34,73,17,9,16,24,12,36,19,10,8,27,22,37
2018_4,답십리시장,438,204,234,52,58,66,66,74,122,20,27,31,33,36,57,32,31,35,33,38,65
2018_4,답십리현대시장,322,164,158,32,32,33,43,60,122,19,14,23,28,35,45,13,18,10,15,25,77
2018_4,전농로터리시장,92,56,36,3,12,7,16,22,32,2,10,5,11,11,17,1,2,2,5,11,15
2018_4,청량리종합시장,96,53,43,0,8,12,12,15,49,0,4,6,10,9,24,0,4,6,2,6,25
2018_4,청량리전통시장,167,130,37,1,7,11,17,45,86,1,5,8,16,37,63,0,2,3,1,8,23
2018_4,청량리농수산물시장,177,86,91,27,30,18,19,42,41,20,16,10,8,13,19,7,14,8,11,29,22
2018_4,서울약령시장,2074,1106,968,125,249,270,299,378,753,73,132,154,178,211,358,52,117,116,121,167,395
2018_4,동서시장,3,3,0,0,0,0,0,3,0,0,0,0,0,3,0,0,0,0,0,0,0
2018_4,경동시장,8,4,4,0,0,0,1,1,6,0,0,0,1,1,2,0,0,0,0,0,4
2018_4,청량리수산시장,479,257,222,34,79,93,69,62,142,20,37,53,44,34,69,14,42,40,25,28,73
2018_4,용두시장,22,15,7,1,1,1,3,5,11,0,1,1,2,4,7,1,0,0,1,1,4
2018_4,구의시장,158,78,80,23,32,26,19,20,38,10,15,16,8,12,17,13,17,10,11,8,21
2018_4,조양시장,78,36,42,3,28,15,6,7,19,2,13,7,1,6,7,1,15,8,5,1,12
2018_4,영동교골목시장,954,476,478,73,141,111,137,188,304,40,69,59,79,98,131,33,72,52,58,90,173
2018_4,능동로골목시장,368,197,171,35,50,49,41,75,118,18,28,24,23,42,62,17,22,25,18,33,56
2018_4,노룬산골목시장,194,95,99,10,19,35,23,37,70,7,12,19,12,21,24,3,7,16,11,16,46
2018_4,자양종합시장,59,31,28,13,7,13,9,11,6,6,3,8,5,5,4,7,4,5,4,6,2
2018_4,자양골목시장,2013,972,1041,265,332,387,283,317,429,151,167,191,143,140,180,114,165,196,140,177,249
2018_4,신성골목시장,99,47,52,12,14,13,12,19,29,7,6,9,6,7,12,5,8,4,6,12,17
2018_4,면곡골목시장,452,237,215,45,73,72,66,102,94,28,35,35,37,57,45,17,38,37,29,45,49
2018_4,중곡제일시장,802,411,391,116,118,111,114,165,178,59,61,70,53,80,88,57,57,41,61,85,90
2018_4,화양제일골목시장,928,401,527,49,375,196,99,76,133,27,127,102,48,39,58,22,248,94,51,37,75
2018_4,한아름시장,12,10,2,0,6,2,1,1,2,0,4,2,1,1,2,0,2,0,0,0,0
2018_4,성동용답상가시장,1990,1009,981,217,285,267,316,382,523,117,146,145,156,197,248,100,139,122,160,185,275
2018_4,뚝도시장,572,315,257,52,83,67,80,130,160,28,52,43,48,67,77,24,31,24,32,63,83
2018_4,금남시장,255,130,125,19,24,31,45,47,89,12,12,17,27,27,35,7,12,14,18,20,54
2018_4,행당시장,1537,764,773,148,348,226,216,275,324,79,156,128,106,138,157,69,192,98,110,137,167
2018_4,마장축산물시장,335,184,151,41,41,36,60,50,107,25,24,19,37,30,49,16,17,17,23,20,58
2018_4,보광시장,4,1,3,0,0,0,1,0,3,0,0,0,0,0,1,0,0,0,1,0,2
2018_4,이태원제일시장,45,20,25,4,4,9,9,4,15,3,2,3,7,0,5,1,2,6,2,4,10
2018_4,이태원시장,63,30,33,7,6,12,7,15,16,4,2,6,6,7,5,3,4,6,1,8,11
2018_4,이촌종합시장,99,56,43,9,14,10,18,22,26,2,11,6,10,13,14,7,3,4,8,9,12
2018_4,용문전통시장,466,239,227,51,70,90,62,63,130,23,39,62,32,33,50,28,31,28,30,30,80
2018_4,만리시장,32,19,13,2,2,0,3,7,18,1,2,0,2,5,9,1,0,0,1,2,9
2018_4,신흥시장,97,54,43,6,8,22,8,19,34,0,7,14,5,13,15,6,1,8,3,6,19
2018_4,후암시장,285,148,137,23,44,46,32,65,75,8,27,26,20,34,33,15,17,20,12,31,42
2018_4,합동(새벽)시장,93,74,19,6,5,9,16,23,34,3,4,5,13,22,27,3,1,4,3,1,7
2018_4,서울중앙시장,1014,543,471,75,120,116,128,200,375,44,70,71,67,113,178,31,50,45,61,87,197
2018_4,백학시장,829,444,385,79,103,100,122,182,243,40,69,55,73,93,114,39,34,45,49,89,129
2018_4,약수시장,927,432,495,117,141,127,134,146,262,65,61,52,69,73,112,52,80,75,65,73,150
2018_4,청평화시장,1,1,0,0,0,0,1,0,0,0,0,0,1,0,0,0,0,0,0,0,0
2018_4,동평화시장,54,24,30,3,5,7,2,19,18,3,3,1,1,8,8,0,2,6,1,11,10
2018_4,방산종합시장,289,195,94,9,36,35,28,65,116,7,22,21,20,48,77,2,14,14,8,17,39
2018_4,평화시장,5,4,1,0,0,2,1,0,2,0,0,2,0,0,2,0,0,0,1,0,0
2018_4,인현시장,143,81,62,10,16,12,17,32,56,7,7,6,12,22,27,3,9,6,5,10,29
2018_4,신중부시장,272,190,82,7,17,24,31,75,118,6,11,15,23,59,76,1,6,9,8,16,42
2018_4,남대문시장,79,49,30,0,3,7,14,22,33,0,1,6,9,15,18,0,2,1,5,7,15
2018_4,신설종합시장,13,11,2,0,1,2,1,5,4,0,1,2,1,4,3,0,0,0,0,1,1
2018_4,동묘시장,781,433,348,29,202,131,94,114,211,15,94,67,57,76,124,14,108,64,37,38,87
2018_4,창신골목시장,372,187,185,27,37,34,59,64,151,8,22,23,34,39,61,19,15,11,25,25,90
2018_4,동문시장,63,33,30,4,8,8,11,9,23,2,4,7,2,6,12,2,4,1,9,3,11
2018_4,충신시장,171,89,82,17,21,14,30,34,55,8,13,11,14,17,26,9,8,3,16,17,29
2018_4,종로신진시장,110,76,34,1,7,8,15,32,47,1,2,5,14,21,33,0,5,3,1,11,14
2018_4,동대문종합시장,2,2,0,0,0,0,1,1,0,0,0,0,1,1,0,0,0,0,0,0,0
2018_4,광장시장,61,30,31,1,9,2,5,21,23,1,6,0,2,12,9,0,3,2,3,9,14
2018_4,통인시장,688,305,383,89,90,89,114,109,197,41,36,39,52,56,81,48,54,50,62,53,116
2018_4,서울 노원구 노원역_3,258,164,94,5,49,37,41,48,78,2,20,23,25,36,58,3,29,14,16,12,20
2018_4,서울 노원구 노원역_2,18,15,3,0,1,1,3,4,9,0,1,1,3,4,6,0,0,0,0,0,3
2018_4,서울 노원구 노원역_1,690,309,381,112,90,94,100,143,151,47,43,42,45,65,67,65,47,52,55,78,84
2018_4,창동역,627,377,250,46,105,105,128,124,119,19,47,65,84,87,75,27,58,40,44,37,44
2018_4,서울 강북구 수유역_3,730,427,303,47,160,110,103,127,183,22,85,58,65,85,112,25,75,52,38,42,71
2018_4,등나무근린공원 주변,191,81,110,27,22,48,53,25,16,10,9,21,25,10,6,17,13,27,28,15,10
2018_4,서울 강북구 수유역_2,2128,1050,1078,124,364,409,350,374,507,58,155,220,189,198,230,66,209,189,161,176,277
2018_4,서울 강북구 수유역_1,795,394,401,59,176,157,122,124,157,31,76,83,66,61,77,28,100,74,56,63,80
2018_4,서울 은평구 연신내역_3,112,59,53,3,27,15,23,22,22,2,10,5,14,12,16,1,17,10,9,10,6
2018_4,서울 은평구 연신내역_2,1059,520,539,88,218,188,169,169,227,44,98,98,93,89,98,44,120,90,76,80,129
2018_4,서울 은평구 연신내역_1,221,95,126,17,56,39,39,29,41,11,22,16,15,10,21,6,34,23,24,19,20
2018_4,서울 성북구 미아삼거리역_2,452,248,204,28,70,64,57,91,142,14,39,38,28,53,76,14,31,26,29,38,66
2018_4,서울 강북구 미아삼거리역_1,368,201,167,24,41,48,65,64,126,17,25,25,39,33,62,7,16,23,26,31,64
2018_4,서울 은평구 불광역_3,775,334,441,54,245,250,79,67,80,20,79,124,37,34,40,34,166,126,42,33,40
2018_4,서울 은평구 불광역_2,668,328,340,38,178,139,93,82,138,17,87,71,44,41,68,21,91,68,49,41,70
2018_4,서울 은평구 불광역_1,537,268,269,35,98,99,58,92,155,22,46,49,31,48,72,13,52,50,27,44,83
2018_4,미아사거리_2,90,44,46,8,8,13,12,16,33,3,7,5,7,7,15,5,1,8,5,9,18
2018_4,미아사거리_1,914,438,476,144,165,139,157,144,165,81,64,65,78,65,85,63,101,74,79,79,80
2018_4,서울 성북구 성신여대입구역,1091,500,591,72,272,238,148,157,204,35,103,108,73,88,93,37,169,130,75,69,111
2018_4,경희대학교,370,160,210,33,137,53,39,30,78,10,49,26,24,15,36,23,88,27,15,15,42
2018_4,서울 성북구 안암역,371,183,188,25,174,50,25,34,63,15,79,28,16,19,26,10,95,22,9,15,37
2018_4,혜화역 대학로_3,628,298,330,35,208,112,64,82,127,18,92,52,35,44,57,17,116,60,29,38,70
2018_4,혜화역 대학로_2,804,396,408,66,313,135,76,94,120,36,148,74,44,41,53,30,165,61,32,53,67
2018_4,혜화역 대학로_1,486,236,250,47,112,87,65,63,112,27,57,41,35,32,44,20,55,46,30,31,68
2018_4,디지털미디어시티,1576,707,869,216,459,356,303,158,84,106,164,161,155,84,37,110,295,195,148,74,47
2018_4,서울 동대문구 청량리역,2803,1414,1389,280,392,351,344,541,895,125,176,183,181,292,457,155,216,168,163,249,438
2018_4,서울 종로구 경복궁역_2,308,140,168,32,53,66,50,42,65,18,28,35,18,12,29,14,25,31,32,30,36
2018_4,서울 종로구 안국역_2,280,130,150,28,36,33,36,55,92,16,20,15,13,27,39,12,16,18,23,28,53
2018_4,서울 종로구 안국역_1,116,47,69,13,10,15,23,15,40,6,4,4,11,9,13,7,6,11,12,6,27
2018_4,서울 종로구 경복궁역_1,582,283,299,55,71,84,95,96,181,29,37,48,46,43,80,26,34,36,49,53,101
2018_4,서울 종로구 종로3가역_3,147,118,29,6,11,10,17,45,58,2,8,9,14,38,47,4,3,1,3,7,11
2018_4,서울 종로구 종로3가역_2,2251,1543,708,41,83,125,234,567,1201,23,54,74,173,443,776,18,29,51,61,124,425
2018_4,서울 동대문구 신설동역_2,418,256,162,16,97,92,55,70,88,7,45,52,42,51,59,9,52,40,13,19,29
2018_4,인사동,769,410,359,64,78,98,110,120,299,44,41,44,61,69,151,20,37,54,49,51,148
2018_4,서울 종로구 종로5가역_4,290,171,119,18,45,35,38,53,101,10,30,22,25,38,46,8,15,13,13,15,55
2018_4,서울 종로구 종로5가역_3,715,432,283,45,40,63,110,158,299,25,26,40,71,102,168,20,14,23,39,56,131
2018_4,종로구청,550,310,240,42,76,77,89,111,155,26,42,45,43,65,89,16,34,32,46,46,66
2018_4,서울 종로구 종로5가역_2,2044,1021,1023,196,523,414,227,284,400,91,247,207,119,145,212,105,276,207,108,139,188
2018_4,신설동역,424,261,163,11,121,88,52,73,79,7,47,54,35,58,60,4,74,34,17,15,19
2018_4,서울 동대문구 신설동역_1,306,180,126,13,79,58,42,50,64,5,31,31,27,39,47,8,48,27,15,11,17
2018_4,서울 종로구 광화문역_2,2467,1088,1379,352,303,447,410,346,609,175,137,182,162,163,269,177,166,265,248,183,340
2018_4,동묘앞역,873,424,449,114,130,109,120,158,242,55,72,62,61,73,101,59,58,47,59,85,141
2018_4,장안동사거리,4026,1984,2042,462,788,955,680,517,624,246,330,504,355,253,296,216,458,451,325,264,328
2018_4,서울 종로구 동대문역_2,584,392,192,15,44,61,55,142,267,9,24,44,38,107,170,6,20,17,17,35,97
2018_4,서울 종로구 동대문역_1,124,64,60,10,19,11,13,28,43,3,11,3,7,16,24,7,8,8,6,12,19
2018_4,동대문시장_2,27,14,13,2,1,3,4,4,13,1,0,2,2,2,7,1,1,1,2,2,6
2018_4,서울 종로구 종로5가역_1,23,5,18,0,1,1,1,5,15,0,1,0,0,1,3,0,0,1,1,4,12
2018_4,서울 종로구 종로3가역_1,193,155,38,6,39,22,25,49,52,3,31,17,19,43,42,3,8,5,6,6,10
2018_4,서울 종로구 광화문역_1,12,7,5,1,1,0,2,5,3,0,0,0,1,4,2,1,1,0,1,1,1
2018_4,종각역,3,2,1,0,0,1,1,1,0,0,0,0,1,1,0,0,0,1,0,0,0
2018_4,종각역 젊음의 거리,164,120,44,4,53,33,23,21,30,2,39,25,16,15,23,2,14,8,7,6,7
2018_4,서대문구 서대문역_1,1425,695,730,332,128,310,264,176,215,162,53,133,148,96,103,170,75,177,116,80,112
2018_4,동대문시장_1,32,16,16,0,7,10,2,6,7,0,0,8,1,4,3,0,7,2,1,2,4
2018_4,시청역_2,289,131,158,53,24,92,59,26,35,20,8,49,26,14,14,33,16,43,33,12,21
2018_4,서울시청,73,45,28,6,0,7,10,18,32,2,0,5,6,10,22,4,0,2,4,8,10
2018_4,서울 중구 을지로3가역_2,487,305,182,5,34,28,59,115,246,2,17,16,45,83,142,3,17,12,14,32,104
2018_4,서울 중구 신당역_2,286,143,143,14,59,63,37,50,63,8,19,33,21,26,36,6,40,30,16,24,27
2018_4,서대문구 서대문역_2,878,434,444,63,207,201,107,139,161,32,81,108,57,72,84,31,126,93,50,67,77
2018_4,동대문역사문화공원역,433,265,168,12,48,55,51,102,165,4,25,39,28,70,99,8,23,16,23,32,66
2018_4,서울 중구 을지로3가역_1,325,191,134,6,67,54,39,53,106,1,26,29,24,38,73,5,41,25,15,15,33
2018_4,명동거리,139,81,58,6,17,19,26,34,37,2,7,13,16,20,23,4,10,6,10,14,14
2018_4,서울 중구 신당역_1,870,482,388,77,106,107,132,201,247,32,60,64,78,119,129,45,46,43,54,82,118
2018_4,북창동,250,158,92,3,24,37,36,51,99,0,12,30,24,30,62,3,12,7,12,21,37
2018_4,서울 중구 충무로역_2,1434,757,677,132,184,182,181,263,492,70,88,94,108,152,245,62,96,88,73,111,247
2018_4,서울 강서구 송정역,2167,1074,1093,147,446,398,250,363,563,76,221,202,131,179,265,71,225,196,119,184,298
2018_4,장한평역_2,1406,735,671,128,254,312,218,226,268,68,102,165,122,132,146,60,152,147,96,94,122
2018_4,시청역_1,360,188,172,57,32,87,74,43,67,34,14,39,46,22,33,23,18,48,28,21,34
2018_4,왕십리역_2,531,252,279,41,164,86,68,72,100,15,73,41,41,38,44,26,91,45,27,34,56
2018_4,서울 강서구 발산역,107,57,50,2,24,34,21,17,9,2,11,19,12,7,6,0,13,15,9,10,3
2018_4,장한평역_1,206,142,64,10,25,26,37,64,44,7,13,17,32,48,25,3,12,9,5,16,19
2018_4,서울 중구 충무로역_1,773,383,390,40,127,119,93,134,260,18,52,67,59,71,116,22,75,52,34,63,144
2018_4,장한평역,1232,884,348,38,215,254,257,285,183,19,89,164,210,253,149,19,126,90,47,32,34
2018_4,서울 중구 명동역,1257,601,656,120,140,170,199,215,413,59,61,77,102,111,191,61,79,93,97,104,222
2018_4,장충동 족발거리,298,154,144,41,74,35,41,32,75,19,38,18,25,22,32,22,36,17,16,10,43
2018_4,한양시장,1037,484,553,45,601,164,53,45,129,14,269,91,32,24,54,31,332,73,21,21,75
2018_4,서울 서대문구 이대역,1753,548,1205,63,770,222,184,179,335,20,124,90,92,85,137,43,646,132,92,94,198
2018_4,서울 서대문구 신촌역,2715,1395,1320,119,1165,466,243,268,454,59,570,270,129,156,211,60,595,196,114,112,243
2018_4,서울 마포구 홍대입구역_3,191,88,103,12,40,53,38,28,20,6,17,24,19,13,9,6,23,29,19,15,11
2018_4,서울 마포구 홍대입구역_2,504,246,258,61,86,107,72,52,126,33,47,47,41,20,58,28,39,60,31,32,68
2018_4,홍익대학교 주변,4775,2278,2497,387,1239,1099,650,488,912,205,561,531,334,237,410,182,678,568,316,251,502
2018_4,서울 광진구 군자역,1740,794,946,131,499,407,178,213,312,69,204,185,86,107,143,62,295,222,92,106,169
2018_4,신촌역,1175,607,568,65,379,255,141,102,233,35,175,139,82,61,115,30,204,116,59,41,118
2018_4,강서구청,2954,1456,1498,318,626,691,440,406,473,163,251,353,250,216,223,155,375,338,190,190,250
2018_4,서울 마포구 홍대입구역_1,657,317,340,63,131,141,106,71,145,36,53,75,52,34,67,27,78,66,54,37,78
2018_4,서울 중구 약수역_2,53,28,25,6,6,7,12,4,18,5,2,2,9,2,8,1,4,5,3,2,10
2018_4,서울 중구 약수역_1,10,6,4,0,0,3,2,1,4,0,0,2,1,1,2,0,0,1,1,0,2
2018_4,서울 강동구 고덕역,2715,1358,1357,585,394,315,503,497,421,329,211,147,216,246,209,256,183,168,287,251,212
2018_4,등촌역,1292,580,712,108,275,455,160,130,164,55,90,224,83,63,65,53,185,231,77,67,99
2018_4,서울 강동구 명일역,1999,992,1007,289,267,284,355,311,493,146,135,150,169,151,241,143,132,134,186,160,252
2018_4,어린이대공원역,537,309,228,60,112,79,79,99,108,36,63,42,47,62,59,24,49,37,32,37,49
2018_4,서울 마포구 공덕역_2,22,11,11,1,3,0,3,8,7,0,1,0,3,4,3,1,2,0,0,4,4
2018_4,공덕역,43,32,11,0,2,4,12,12,13,0,2,1,10,9,10,0,0,3,2,3,3
2018_4,서울 용산구 숙대입구역,487,278,209,35,72,55,92,96,137,20,37,33,62,62,64,15,35,22,30,34,73
2018_4,남영역,238,103,135,8,76,75,32,23,24,4,19,36,19,16,9,4,57,39,13,7,15
2018_4,서울 마포구 공덕역_1,599,279,320,80,121,87,99,129,83,39,60,40,38,61,41,41,61,47,61,68,42
2018_4,서울 마포구 마포역_2,3534,1619,1915,511,450,919,730,457,467,249,175,438,321,225,211,262,275,481,409,232,256
2018_4,서울 광진구 건대입구역_2,2009,905,1104,98,796,404,205,171,335,43,326,188,106,88,154,55,470,216,99,83,181
2018_4,서울 마포구 마포역_1,844,445,399,73,125,151,143,127,225,42,68,79,75,72,109,31,57,72,68,55,116
2018_4,서울 강동구 천호역_2,4607,2227,2380,311,814,1123,724,742,893,156,322,530,394,415,410,155,492,593,330,327,483
2018_4,서울 광진구 건대입구역_1,1027,491,536,66,230,179,133,167,252,30,95,87,72,83,124,36,135,92,61,84,128
2018_4,건대입구역,530,224,306,21,12,9,25,25,438,12,4,1,10,11,186,9,8,8,15,14,252
2018_4,서울 광진구 구의역,1871,844,1027,106,479,468,271,245,302,51,174,223,143,113,140,55,305,245,128,132,162
2018_4,서울 강동구 천호역,279,133,146,19,44,58,45,39,74,7,18,33,24,15,36,12,26,25,21,24,38
2018_4,당산역_2,723,310,413,23,304,218,68,43,67,16,84,116,38,23,33,7,220,102,30,20,34
2018_4,서울 강동구 천호역_1,388,199,189,22,82,73,63,69,79,8,42,47,33,34,35,14,40,26,30,35,44
2018_4,서울 강동구 길동역,3041,1468,1573,144,869,739,417,433,439,64,305,381,243,231,244,80,564,358,174,202,195
2018_4,용산 전자상가_5,629,367,262,37,101,163,105,70,153,16,63,102,70,42,74,21,38,61,35,28,79
2018_4,용산 전자상가_4,346,182,164,65,35,69,64,41,72,31,19,39,40,26,27,34,16,30,24,15,45
2018_4,당산역_1,1061,475,586,64,310,350,108,109,120,29,112,169,53,54,58,35,198,181,55,55,62
2018_4,서울 광진구 강변역,198,89,109,27,24,29,14,31,73,13,11,8,6,14,37,14,13,21,8,17,36
2018_4,용산 전자상가_3,249,122,127,21,34,65,24,41,64,9,18,35,15,19,26,12,16,30,9,22,38
2018_4,서울 용산구 이태원역,876,482,394,54,172,152,138,152,208,32,102,83,74,86,105,22,70,69,64,66,103
2018_4,한남오거리,157,79,78,9,28,18,24,20,58,5,17,8,12,11,26,4,11,10,12,9,32
2018_4,목동사거리,59,35,24,2,11,16,11,8,11,0,3,6,10,6,10,2,8,10,1,2,1
2018_4,용산 전자상가_2,178,98,80,29,24,34,26,31,34,21,14,15,15,17,16,8,10,19,11,14,18
2018_4,용산구청,107,47,60,11,14,21,20,10,31,3,7,6,14,2,15,8,7,15,6,8,16
2018_4,용산 전자상가_1,1447,671,776,127,304,418,251,207,140,57,122,193,132,94,73,70,182,225,119,113,67
2018_4,국회의사당역_2,721,368,353,25,128,233,138,96,101,13,61,116,69,56,53,12,67,117,69,40,48
2018_4,서울 용산구 신용산역,390,195,195,29,26,51,58,79,147,15,14,32,40,39,55,14,12,19,18,40,92
2018_4,국회의사당역_1,145,80,65,2,51,64,18,6,4,2,29,34,10,4,1,0,22,30,8,2,3
2018_4,압구정 로데오거리_2,1313,635,678,191,153,255,259,165,290,89,68,134,135,83,126,102,85,121,124,82,164
2018_4,서울 강남구 압구정역,1865,851,1014,237,292,360,339,225,412,121,145,142,155,106,182,116,147,218,184,119,230
2018_4,서울 영등포구 영등포구청역,1287,666,621,68,249,252,182,200,336,33,120,131,102,119,161,35,129,121,80,81,175
2018_4,압구정 로데오거리_1,604,280,324,92,73,83,95,75,186,41,38,36,45,33,87,51,35,47,50,42,99
2018_4,서울 강동구 둔촌동역,800,425,375,98,121,109,132,136,204,61,68,56,67,72,101,37,53,53,65,64,103
2018_4,오목교역,869,429,440,220,94,109,197,119,130,117,44,45,103,52,68,103,50,64,94,67,62
2018_4,신사동 가로수길,3852,1799,2053,468,632,775,700,495,782,244,283,342,352,247,331,224,349,433,348,248,451
2018_4,서울 영등포구 여의도역_2,18,15,3,1,2,3,3,7,2,0,2,3,3,5,2,1,0,0,0,2,0
2018_4,청담사거리_3,922,426,496,61,75,111,170,156,349,26,40,52,84,75,149,35,35,59,86,81,200
2018_4,영등포유통상가,518,283,235,32,119,94,71,69,133,16,59,61,45,40,62,16,60,33,26,29,71
2018_4,청담역_2,1060,495,565,171,150,234,190,155,160,93,65,100,88,76,73,78,85,134,102,79,87
2018_4,청담역_1,213,101,112,35,25,37,28,32,56,13,17,14,13,15,29,22,8,23,15,17,27
2018_4,청담사거리_2,373,181,192,56,50,61,63,49,94,23,28,29,32,22,47,33,22,32,31,27,47
2018_4,청담사거리_1,255,114,141,36,32,50,65,32,40,16,11,20,32,16,19,20,21,30,33,16,21
2018_4,서울 영등포구 여의도역_1,1359,655,704,246,147,187,225,219,335,130,65,78,103,117,162,116,82,109,122,102,173
2018_4,서울 양천구 신정네거리역_2,288,146,142,26,51,35,47,48,81,17,27,20,26,24,32,9,24,15,21,24,49
2018_4,학동사거리_2,447,221,226,72,65,67,84,70,89,44,32,34,36,36,39,28,33,33,48,34,50
2018_4,서울 영등포구 영등포시장역,1593,1023,570,49,152,179,229,399,585,24,74,117,159,304,345,25,78,62,70,95,240
2018_4,학동사거리_1,415,205,210,40,69,84,81,49,92,23,26,41,45,28,42,17,43,43,36,21,50
2018_4,여의도 시범아파트앞,1445,685,760,216,159,189,224,239,418,113,77,82,108,115,190,103,82,107,116,124,228
2018_4,영등포역_3,484,292,192,12,136,99,70,83,84,8,57,57,46,64,60,4,79,42,24,19,24
2018_4,도산공원사거리_1,274,129,145,20,60,86,36,21,51,11,30,43,16,9,20,9,30,43,20,12,31
2018_4,영등포역_2,789,577,212,19,155,112,139,199,165,10,62,80,124,175,126,9,93,32,15,24,39
2018_4,문래동 주민센터,1488,735,753,221,145,224,225,257,416,112,74,110,112,131,196,109,71,114,113,126,220
2018_4,강남구 신사역_2,1041,451,590,73,201,286,166,117,198,33,74,118,85,52,89,40,127,168,81,65,109
2018_4,영등포역_1,323,178,145,10,130,96,33,33,21,6,51,59,23,23,16,4,79,37,10,10,5
2018_4,서울 강남구 강남구청역_2,757,377,380,31,61,143,178,130,214,15,22,73,91,82,94,16,39,70,87,48,120
2018_4,강남구 신사역_1,766,411,355,40,159,175,134,111,147,23,74,94,82,63,75,17,85,81,52,48,72
2018_4,서울 동작구 노량진1동_1,12,8,4,1,1,3,2,2,3,1,0,3,2,2,0,0,1,0,0,0,3
2018_4,서울 강남구 학동역_3,113,64,49,3,28,29,21,16,16,3,13,15,13,10,10,0,15,14,8,6,6
2018_4,서울 강남구 강남구청역_1,565,285,280,44,118,146,101,76,80,23,57,67,47,46,45,21,61,79,54,30,35
2018_4,잠실역,1787,838,949,248,243,243,215,306,532,126,117,99,85,144,267,122,126,144,130,162,265
2018_4,강남구 논현역_4,1932,971,961,154,355,479,361,261,322,81,163,232,185,149,161,73,192,247,176,112,161
2018_4,학동역,532,220,312,36,96,169,92,70,69,18,38,71,31,32,30,18,58,98,61,38,39
2018_4,방이동 먹자골목,1418,759,659,89,275,347,214,230,263,44,137,184,129,123,142,45,138,163,85,107,121
2018_4,서울 강남구 학동역_2,105,49,56,4,19,39,23,11,9,2,6,19,11,7,4,2,13,20,12,4,5
2018_4,서울 동작구 노량진역,1129,564,565,50,578,214,101,72,114,21,253,143,59,37,51,29,325,71,42,35,63
2018_4,삼성역_3,65,49,16,0,11,17,6,13,18,0,10,12,6,6,15,0,1,5,0,7,3
2018_4,코엑스,26,17,9,7,2,2,5,5,5,5,1,1,2,4,4,2,1,1,3,1,1
2018_4,서울 강남구 학동역_1,896,424,472,70,189,230,155,93,159,30,90,113,71,51,69,40,99,117,84,42,90
2018_4,선정릉역_2,3129,1429,1700,380,497,705,605,403,539,193,223,305,286,198,224,187,274,400,319,205,315
2018_4,강남구 논현역_3,78,28,50,7,14,16,13,13,15,2,4,3,7,6,6,5,10,13,6,7,9
2018_4,포스코사거리_2,700,363,337,70,143,158,112,110,107,35,76,86,54,63,49,35,67,72,58,47,58
2018_4,포스코사거리_1,2118,1036,1082,219,364,471,381,301,382,120,178,206,205,151,176,99,186,265,176,150,206
2018_4,신도림역,3227,1551,1676,601,425,687,528,518,468,285,200,341,255,238,232,316,225,346,273,280,236
2018_4,강남구 논현역_2,3931,1886,2045,253,865,1063,622,444,684,133,385,503,326,225,314,120,480,560,296,219,370
2018_4,선정릉역_1,643,281,362,83,124,142,112,86,96,39,51,56,50,36,49,44,73,86,62,50,47
2018_4,신천역,2803,1369,1434,251,483,671,463,400,535,130,220,333,240,193,253,121,263,338,223,207,282
2018_4,강남구 논현역_1,1973,1023,950,97,408,473,337,295,363,52,187,231,204,174,175,45,221,242,133,121,188
2018_4,삼성역_2,9,6,3,0,1,2,1,1,4,0,0,2,1,0,3,0,1,0,0,1,1
2018_4,삼정역_2,686,332,354,56,113,182,112,96,127,31,54,82,57,45,63,25,59,100,55,51,64
2018_4,삼정역_1,86,37,49,6,14,18,11,15,22,3,4,11,3,6,10,3,10,7,8,9,12
2018_4,삼성역_1,1511,740,771,213,298,354,260,193,193,125,119,164,130,103,99,88,179,190,130,90,94
2018_4,서울 강남구 선릉역_2,2167,1065,1102,130,457,630,359,259,332,63,205,314,204,125,154,67,252,316,155,134,178
2018_4,서울 서초구 강남역,3214,1631,1583,187,799,943,458,379,448,90,364,489,255,209,224,97,435,454,203,170,224
2018_4,서울 강남구 선릉역_1,676,329,347,40,92,207,163,86,88,24,44,93,77,49,42,16,48,114,86,37,46
2018_4,서울 송파구 석촌역_2,594,295,299,81,85,156,89,71,112,45,40,72,40,39,59,36,45,84,49,32,53
2018_4,선릉역_2,4251,1937,2314,445,785,1173,870,500,478,213,311,493,413,278,229,232,474,680,457,222,249
2018_4,서울 강남구 역삼역_2,1035,519,516,74,244,266,141,148,162,39,118,131,74,75,82,35,126,135,67,73,80
2018_4,서울 송파구 석촌역_1,201,87,114,20,40,44,42,25,30,12,10,20,21,9,15,8,30,24,21,16,15
2018_4,석촌역,3,2,1,0,0,1,0,1,1,0,0,1,0,1,0,0,0,0,0,0,1
2018_4,서울 강남구 강남역_2,3089,1390,1699,346,574,593,596,419,561,156,216,262,286,216,254,190,358,331,310,203,307
2018_4,선릉역_1,1337,590,747,291,155,255,352,142,142,118,65,100,158,84,65,173,90,155,194,58,77
2018_4,구로역,690,332,358,106,107,170,109,98,100,57,37,84,62,48,44,49,70,86,47,50,56
2018_4,역삼역_2,393,265,128,289,23,43,15,12,11,203,10,26,8,11,7,86,13,17,7,1,4
2018_4,대림역_2,2626,1238,1388,254,707,696,433,296,240,132,246,329,242,176,113,122,461,367,191,120,127
2018_4,서울 강남구 역삼역_1,5470,2800,2670,332,1124,1460,970,726,858,176,483,767,541,428,405,156,641,693,429,298,453
2018_4,신대방삼거리역,1243,590,653,113,271,286,183,151,239,53,91,136,107,85,118,60,180,150,76,66,121
2018_4,서울 강남구 한티역,2102,994,1108,398,328,272,429,349,326,209,153,130,186,171,145,189,175,142,243,178,181
2018_4,은마아파트입구사거리_4,370,195,175,95,40,36,97,62,40,66,21,16,40,35,17,29,19,20,57,27,23
2018_4,은마아파트입구사거리_3,303,152,151,49,53,35,55,55,56,24,25,22,20,31,30,25,28,13,35,24,26
2018_4,은마아파트입구사거리_2,17,9,8,0,3,1,2,6,5,0,1,0,2,2,4,0,2,1,0,4,1
2018_4,오류동역,3851,1843,2008,244,973,1113,587,374,560,117,347,579,333,198,269,127,626,534,254,176,291
2018_4,서울 강남구 강남역,2548,1191,1357,266,688,710,353,263,268,132,292,326,184,131,126,134,396,384,169,132,142
2018_4,은마아파트입구사거리_1,188,97,91,39,32,16,36,43,22,22,18,11,18,21,7,17,14,5,18,22,15
2018_4,대림역_1,1754,788,966,74,656,570,231,122,101,38,204,291,126,84,45,36,452,279,105,38,56
2018_4,교대역_4,1002,499,503,225,154,114,215,149,145,118,76,54,94,89,68,107,78,60,121,60,77
2018_4,서울 강남구 강남역_1,3012,1440,1572,559,406,676,537,384,450,264,204,304,273,184,211,295,202,372,264,200,239
2018_4,방배동카페골목,2604,1234,1370,622,270,368,560,349,435,308,128,161,262,184,191,314,142,207,298,165,244
2018_4,교대역_3,24,11,13,4,2,6,3,6,3,1,2,2,0,4,2,3,0,4,3,2,1
2018_4,역삼역_1,2795,1349,1446,296,547,779,449,338,386,141,260,387,227,147,187,155,287,392,222,191,199
2018_4,교대역_2,1758,850,908,224,341,384,292,239,278,119,176,172,150,106,127,105,165,212,142,133,151
2018_4,서울 송파구 가락시장역,570,301,269,38,83,130,97,104,118,16,32,59,55,74,65,22,51,71,42,30,53
2018_4,서울 서초구 서초역,55,31,24,6,11,7,3,14,14,4,9,3,1,6,8,2,2,4,2,8,6
2018_4,서울 강남구 대치역_2,642,306,336,208,67,63,145,97,62,99,35,25,63,53,31,109,32,38,82,44,31
2018_4,서울 강남구 대치역_1,519,260,259,165,53,33,148,66,54,84,28,13,70,40,25,81,25,20,78,26,29
2018_4,뱅뱅사거리_2,2197,964,1233,136,570,709,342,221,219,74,225,318,148,105,94,62,345,391,194,116,125
2018_4,보라매공원,5095,2411,2684,887,614,808,839,595,1352,440,288,370,406,285,622,447,326,438,433,310,730
2018_4,교대역_1,2611,1321,1290,265,521,521,354,438,512,141,263,249,189,218,261,124,258,272,165,220,251
2018_4,개봉동 현대아파트 인근,2655,1325,1330,309,345,362,371,516,752,161,188,197,190,251,338,148,157,165,181,265,414
2018_4,뱅뱅사거리,1759,755,1004,97,517,652,261,123,109,51,163,312,118,54,57,46,354,340,143,69,52
2018_4,뱅뱅사거리_1,1069,546,523,118,221,308,158,120,144,58,99,163,91,65,70,60,122,145,67,55,74
2018_4,서울 관악구 신림역_4,3147,1589,1558,118,1258,928,365,223,255,71,548,510,216,110,134,47,710,418,149,113,121
2018_4,동작구 총신대입구역_1,1176,554,622,91,239,214,164,174,294,44,111,103,85,81,130,47,128,111,79,93,164
2018_4,양재역_3,1858,886,972,223,306,447,311,235,336,103,146,216,142,119,160,120,160,231,169,116,176
2018_4,동작구 총신대입구역_2,1812,779,1033,353,272,328,415,247,197,150,94,139,181,129,86,203,178,189,234,118,111
2018_4,서울 서초구 남부터미널역_3,575,249,326,64,112,135,106,53,105,29,37,59,55,25,44,35,75,76,51,28,61
2018_4,서울 강남구 수서역,1480,683,797,99,134,229,220,227,571,44,56,106,126,128,223,55,78,123,94,99,348
2018_4,서울 관악구 신림역_3,1168,634,534,23,512,340,109,86,98,11,234,203,76,54,56,12,278,137,33,32,42
2018_4,서울 서초구 남부터미널역_2,1764,868,896,99,373,519,327,261,185,55,121,251,172,164,105,44,252,268,155,97,80
2018_4,구로디지탈1단지,125,68,57,10,8,23,14,28,42,4,6,11,10,17,20,6,2,12,4,11,22
2018_4,양재역,1698,762,936,237,334,338,309,234,246,106,139,149,151,107,110,131,195,189,158,127,136
2018_4,문정역,406,223,183,58,74,77,72,59,66,35,43,45,39,29,32,23,31,32,33,30,34
2018_4,매봉역,572,290,282,78,114,93,88,91,108,46,48,46,49,45,56,32,66,47,39,46,52
2018_4,서울 서초구 방배역,1227,583,644,165,175,258,231,169,229,88,76,122,118,78,101,77,99,136,113,91,128
2018_4,서울 서초구 남부터미널역_1,1204,578,626,194,170,202,191,218,229,107,86,84,91,97,113,87,84,118,100,121,116
2018_4,서울 관악구 신림역_2,1647,858,789,82,620,365,169,159,252,50,318,212,90,63,125,32,302,153,79,96,127
2018_4,서울 관악구 신림역_1,687,300,387,21,311,190,71,47,47,10,106,93,41,24,26,11,205,97,30,23,21
2018_4,양재역_2,910,425,485,100,168,198,148,133,163,48,70,99,72,64,72,52,98,99,76,69,91
2018_4,양재역_1,8,5,3,0,2,0,0,5,1,0,2,0,0,3,0,0,0,0,0,2,1
2018_4,서울 관악구 서울대입구역_2,560,293,267,17,235,141,59,42,66,10,113,75,41,21,33,7,122,66,18,21,33
2018_4,가산디지털단지역_3,1748,971,777,30,526,416,263,276,237,13,189,238,179,209,143,17,337,178,84,67,94
2018_4,구로디지털단지역,358,206,152,20,49,32,52,94,111,14,28,22,29,63,50,6,21,10,23,31,61
2018_4,서울 관악구 서울대입구역_1,6715,3076,3639,256,3162,1591,588,514,604,119,1250,791,311,279,326,137,1912,800,277,235,278
2018_4,관악구 사당역_1,929,446,483,147,161,143,165,147,166,71,73,68,77,68,89,76,88,75,88,79,77
2018_4,가산디지털단지역_2,681,362,319,48,173,163,93,72,132,23,82,94,57,46,60,25,91,69,36,26,72
2018_4,관악구 사당역_2,924,440,484,34,250,207,101,119,213,18,97,106,49,63,107,16,153,101,52,56,106
2018_4,가산디지털단지역_1,27,16,11,0,6,6,4,5,6,0,1,2,3,5,5,0,5,4,1,0,1
2018_4,포이사거리_1,93,51,42,8,17,35,18,9,6,3,11,18,12,4,3,5,6,17,6,5,3
2018_4,포이사거리_2,1856,1011,845,172,317,458,317,290,302,90,155,253,186,164,163,82,162,205,131,126,139
2018_4,관악구 사당역_3,307,148,159,12,83,100,37,25,50,6,25,61,20,7,29,6,58,39,17,18,21
2018_4,서울 관악구 대학동_1,1689,1025,664,100,726,339,189,130,205,55,444,236,127,72,91,45,282,103,62,58,114
2018_4,서울 금천구 독산1동_1,1199,658,541,54,233,323,205,188,196,24,118,197,118,114,87,30,115,126,87,74,109
2018_4,양재 화물트럭터미널앞_2,1656,813,843,462,164,243,333,198,256,256,77,109,174,90,107,206,87,134,159,108,149
2018_4,양재 화물트럭터미널앞_1,2,2,0,0,0,0,0,1,1,0,0,0,0,1,1,0,0,0,0,0,0
2018_4,서울 금천구 시흥1동_4,1566,815,751,107,183,218,240,305,513,56,87,119,141,178,234,51,96,99,99,127,279
2018_4,풍성로37가길,3088,1526,1562,332,420,519,498,575,744,173,209,276,256,278,334,159,211,243,242,297,410
2018_4,천호옛길,4032,2056,1976,414,590,703,599,703,1023,217,280,392,330,355,482,197,310,311,269,348,541
2018_4,천호옛14길,2323,1114,1209,188,454,481,316,358,526,95,191,269,156,164,239,93,263,212,160,194,287
2018_4,천호대로219길,2208,1105,1103,308,303,273,329,434,561,157,156,143,169,227,253,151,147,130,160,207,308
2018_4,천호대로197길,4523,2227,2296,739,653,692,673,818,948,383,332,347,333,378,454,356,321,345,340,440,494
2018_4,천호대로187길,2777,1375,1402,366,371,500,405,468,667,185,194,273,194,222,307,181,177,227,211,246,360
2018_4,천호대로170길,4152,2078,2074,504,637,844,622,689,856,258,315,449,324,321,411,246,322,395,298,368,445
2018_4,천호대로162길,2704,1346,1358,364,407,470,391,459,613,184,208,227,215,215,297,180,199,243,176,244,316
2018_4,천중로51길,4505,2182,2323,629,674,702,665,760,1075,327,325,360,335,351,484,302,349,342,330,409,591
2018_4,천중로39길,6690,3286,3404,969,974,1105,1024,1097,1521,501,475,591,508,487,724,468,499,514,516,610,797
2018_4,진황도로47길,1801,887,914,187,274,363,256,313,408,108,126,187,141,132,193,79,148,176,115,181,215
2018_4,진황도로27길,7755,3899,3856,826,1139,1570,1085,1226,1909,415,549,817,600,601,917,411,590,753,485,625,992
2018_4,올림픽로98길,3215,1576,1639,341,438,599,464,585,788,173,215,319,240,287,342,168,223,280,224,298,446
2018_4,올림픽로80길,2047,1053,994,215,250,258,316,406,602,121,128,142,179,212,271,94,122,116,137,194,331
2018_4,올림픽로78길,1738,905,833,120,176,205,276,399,562,59,89,117,149,231,260,61,87,88,127,168,302
2018_4,올림픽로77길,2618,1338,1280,276,367,530,373,457,615,138,174,299,206,227,294,138,193,231,167,230,321
2018_4,올림픽로71길,2561,1321,1240,210,368,425,341,494,723,114,196,236,188,254,333,96,172,189,153,240,390
2018_4,올림픽로48길,1562,752,810,258,194,300,258,210,342,133,93,135,126,108,157,125,101,165,132,102,185
2018_4,양재대로96길,3526,1756,1770,706,429,565,600,487,739,377,213,288,295,239,344,329,216,277,305,248,395
2018_4,양재대로95길,3619,1783,1836,507,559,614,550,639,750,291,293,319,264,295,321,216,266,295,286,344,429
2018_4,양재대로91길,4192,2055,2137,668,634,596,665,739,890,368,339,304,325,354,365,300,295,292,340,385,525
2018_4,양재대로133길,4987,2457,2530,679,751,783,679,902,1193,337,387,410,354,417,552,342,364,373,325,485,641
2018_4,양재대로124길,4519,2261,2258,586,674,694,707,803,1055,305,365,374,338,386,493,281,309,320,369,417,562
2018_4,양재대로116길,1521,733,788,204,251,257,213,257,339,107,111,133,112,120,150,97,140,124,101,137,189
2018_4,양재대로101길,4732,2277,2455,526,784,1065,668,751,938,267,380,530,344,317,439,259,404,535,324,434,499
2018_4,암사길,7132,3599,3533,995,1020,1192,1086,1242,1597,516,540,626,562,624,731,479,480,566,524,618,866
2018_4,성안로3길,4757,2342,2415,810,662,763,832,765,925,452,327,381,396,360,426,358,335,382,436,405,499
2018_4,성내로5길,3614,1751,1863,696,488,562,599,550,719,344,248,261,314,252,332,352,240,301,285,298,387
2018_4,상일로5길,1274,643,631,196,205,166,174,275,258,100,119,81,86,133,124,96,86,85,88,142,134
2018_4,상암로5길,1937,966,971,251,263,365,317,263,478,130,137,193,157,129,220,121,126,172,160,134,258
2018_4,상암로51길,3008,1447,1561,472,418,431,475,510,702,238,214,220,232,225,318,234,204,211,243,285,384
2018_4,상암로4길,3269,1651,1618,425,473,693,509,545,624,211,229,354,270,278,309,214,244,339,239,267,315
2018_4,상암로14길,3651,1791,1860,490,514,666,551,621,809,254,258,337,265,298,379,236,256,329,286,323,430
2018_4,명일로13길,2767,1379,1388,410,436,410,424,476,611,226,222,214,213,240,264,184,214,196,211,236,347
2018_4,동남로85길,2914,1498,1416,416,418,342,440,577,721,221,229,187,226,297,338,195,189,155,214,280,383
2018_4,동남로82길,1694,915,779,192,238,201,235,380,448,106,140,120,123,205,221,86,98,81,112,175,227
2018_4,동남로65길,2695,1318,1377,569,345,307,484,462,528,305,185,160,220,231,217,264,160,147,264,231,311
2018_4,구천면로42길,4286,2169,2117,504,585,646,680,836,1035,259,304,346,369,409,482,245,281,300,311,427,553
2018_4,구천면로41길,5439,2715,2724,697,752,888,815,988,1299,365,393,471,431,461,594,332,359,417,384,527,705
2018_4,구천면로36길,2602,1347,1255,314,382,347,380,531,648,172,184,196,201,284,310,142,198,151,179,247,338
2018_4,고덕로61길,1602,821,781,315,201,256,278,245,307,166,112,128,149,129,137,149,89,128,129,116,170
2018_4,고덕로25길,1531,763,768,302,180,264,219,240,326,149,105,131,117,112,149,153,75,133,102,128,177
2018_4,고덕로10길,2111,1053,1058,307,314,363,352,345,430,166,154,196,179,160,198,141,160,167,173,185,232
2018_4,강동대로53길,4215,2140,2075,787,587,582,715,722,822,482,315,301,344,327,371,305,272,281,371,395,451
2018_4,풍성로25길,1920,941,979,215,223,293,265,341,583,116,115,165,141,143,261,99,108,128,124,198,322
2018_4,오금로46길,2594,1296,1298,503,393,383,412,427,476,262,205,197,202,201,229,241,188,186,210,226,247
2018_4,오금로36길,2964,1456,1508,389,558,606,432,453,526,207,270,329,198,202,250,182,288,277,234,251,276
2018_4,오금로11길,4808,2327,2481,504,807,1152,681,705,959,262,394,602,352,289,428,242,413,550,329,416,531
2018_4,양재대로72길,2715,1321,1394,434,431,340,428,518,564,224,226,162,196,248,265,210,205,178,232,270,299
2018_4,양재대로71길,1517,720,797,253,232,243,241,261,287,127,107,120,113,116,137,126,125,123,128,145,150
2018_4,양재대로64길,3669,1878,1791,522,584,651,562,679,671,267,313,322,293,346,337,255,271,329,269,333,334
2018_4,양재대로62길,1587,822,765,231,207,345,266,241,297,131,104,181,139,127,140,100,103,164,127,114,157
2018_4,송파대로30길,1584,867,717,136,234,262,272,326,354,74,118,150,153,184,188,62,116,112,119,142,166
2018_4,송이로36길,3364,1702,1662,497,537,748,502,512,568,271,279,395,257,237,263,226,258,353,245,275,305
2018_4,송이로32길,5600,2803,2797,829,963,1171,853,934,850,421,484,633,431,443,391,408,479,538,422,491,459
2018_4,송이로23길,4454,2183,2271,600,753,910,684,669,838,323,377,448,338,311,386,277,376,462,346,358,452
2018_4,삼전로13길,6562,3101,3461,750,1248,1568,1019,923,1054,405,540,753,498,422,483,345,708,815,521,501,571
2018_4,백제고분로50길,8436,4124,4312,1245,1309,1609,1261,1357,1655,688,643,812,615,604,762,557,666,797,646,753,893
2018_4,백제고분로46길,3217,1520,1697,427,559,718,457,504,552,208,273,352,210,223,254,219,286,366,247,281,298
2018_4,백제고분로45길,4794,2292,2502,614,835,1175,666,690,814,296,385,561,343,311,396,318,450,614,323,379,418
2018_4,백제고분로42길,4194,2011,2183,480,802,1058,577,610,667,261,374,504,272,292,308,219,428,554,305,318,359
2018_4,백제고분로39길,3380,1551,1829,361,671,838,475,466,569,200,257,397,241,197,259,161,414,441,234,269,310
2018_4,백제고분로34길,7777,3812,3965,1047,1197,1744,1243,1126,1420,567,581,892,605,532,635,480,616,852,638,594,785
2018_4,백제고분로33길,6311,2980,3331,682,1163,1652,963,846,1005,334,503,802,493,394,454,348,660,850,470,452,551
2018_4,백제고분로32길,6454,3067,3387,998,950,1415,1106,892,1093,518,449,684,539,387,490,480,501,731,567,505,603
2018_4,백제고분로31길,6266,2886,3380,842,1003,1399,1053,889,1080,409,448,650,514,396,469,433,555,749,539,493,611
2018_4,백제고분로22길,6884,3301,3583,909,1117,1607,1125,1041,1085,471,525,784,565,458,498,438,592,823,560,583,587
2018_4,백제고분로21길,2499,1241,1258,251,442,625,422,370,389,136,207,300,220,205,173,115,235,325,202,165,216
2018_4,마천로51길,3999,2059,1940,537,448,502,640,756,1116,272,248,273,345,405,516,265,200,229,295,351,600
2018_4,동남로20길,3571,1709,1862,630,545,555,614,595,632,319,257,280,279,290,284,311,288,275,335,305,348
2018_4,거마로20길,3303,1666,1637,426,350,387,553,631,956,205,205,206,299,332,419,221,145,181,254,299,537
2018_4,학동로77길,3038,1440,1598,624,356,582,615,347,514,378,158,228,275,169,232,246,198,354,340,178,282
2018_4,학동로6길,1604,734,870,133,343,427,272,164,265,73,150,196,127,75,113,60,193,231,145,89,152
2018_4,학동로56길,1007,465,542,171,154,182,181,135,184,71,82,83,77,64,88,100,72,99,104,71,96
2018_4,학동로38길,1519,705,814,166,297,413,250,162,231,74,135,200,130,71,95,92,162,213,120,91,136
2018_4,테헤란로81길,415,202,213,35,67,95,53,52,113,26,33,47,27,22,47,9,34,48,26,30,66
2018_4,일원로9길,3439,1654,1785,555,650,542,526,538,628,295,321,254,255,244,285,260,329,288,271,294,343
2018_4,일원로3길,2386,1193,1193,446,387,362,390,366,435,246,204,184,183,174,202,200,183,178,207,192,233
2018_4,영동대로65길,2065,1041,1024,302,305,247,348,350,513,178,182,123,154,176,228,124,123,124,194,174,285
2018_4,영동대로112길,2663,1315,1348,466,381,457,487,390,482,278,205,220,214,178,220,188,176,237,273,212,262
2018_4,언주로81길,3491,1735,1756,354,655,917,627,475,463,177,297,464,333,257,207,177,358,453,294,218,256
2018_4,압구정로2길,1001,467,534,149,155,224,189,121,163,81,67,95,94,60,70,68,88,129,95,61,93
2018_4,선릉로18길,1733,865,868,272,229,220,275,315,422,145,128,119,123,161,189,127,101,101,152,154,233
2018_4,선릉로146길,2058,912,1146,254,382,434,358,276,354,122,141,188,181,128,152,132,241,246,177,148,202
2018_4,선릉로133길,1549,668,881,183,290,342,260,187,287,96,101,146,123,86,116,87,189,196,137,101,171
2018_4,선릉로132길,2042,937,1105,400,311,372,370,278,311,209,123,150,172,143,140,191,188,222,198,135,171
2018_4,선릉로121길,846,396,450,82,136,214,161,114,139,45,69,94,78,53,57,37,67,120,83,61,82
2018_4,삼성로75길,2533,1236,1297,447,410,453,513,368,342,249,203,218,216,192,158,198,207,235,297,176,184
2018_4,삼성로69길,3460,1699,1761,680,591,523,724,489,453,401,294,260,317,233,194,279,297,263,407,256,259
2018_4,삼성로64길,2924,1554,1370,820,349,162,814,498,281,543,191,74,348,269,129,277,158,88,466,229,152
2018_4,삼성로63길,4355,2070,2285,773,755,631,889,758,549,437,358,297,377,362,239,336,397,334,512,396,310
2018_4,삼성로57길,1730,904,826,506,216,102,447,308,151,317,104,47,188,177,71,189,112,55,259,131,80
2018_4,삼성로147길,1246,554,692,173,253,269,188,162,201,85,113,105,92,77,82,88,140,164,96,85,119
2018_4,삼성로115길,2821,1312,1509,548,380,595,558,320,420,312,191,239,247,150,173,236,189,356,311,170,247
2018_4,봉은사로68길,1490,697,793,156,255,419,283,145,232,85,116,177,146,78,95,71,139,242,137,67,137
2018_4,봉은사로57길,1646,735,911,240,305,358,310,186,247,135,126,152,128,97,97,105,179,206,182,89,150
2018_4,봉은사로43길,3259,1536,1723,500,474,708,594,404,579,263,227,322,275,192,257,237,247,386,319,212,322
2018_4,봉은사로29길,1239,581,658,111,234,351,223,139,181,51,110,157,114,64,85,60,124,194,109,75,96
2018_4,봉은사로109길,2173,1037,1136,416,300,343,369,324,421,210,159,153,172,150,193,206,141,190,197,174,228
2018_4,도산대로89길,1944,895,1049,281,316,351,347,307,342,155,136,168,154,134,148,126,180,183,193,173,194
2018_4,도산대로81길,941,419,522,159,142,133,152,134,221,72,62,55,68,59,103,87,80,78,84,75,118
2018_4,도산대로50길,2275,1052,1223,323,314,466,358,290,524,170,146,195,182,133,226,153,168,271,176,157,298
2018_4,도산대로38길,1051,484,567,91,203,315,169,110,163,50,87,149,90,43,65,41,116,166,79,67,98
2018_4,도산대로30길,905,420,485,64,180,219,164,97,181,29,72,109,80,43,87,35,108,110,84,54,94
2018_4,도산대로23길,1506,661,845,175,284,349,261,180,257,90,116,152,123,69,111,85,168,197,138,111,146
2018_4,도산대로15길,694,309,385,79,143,154,119,73,126,34,53,72,54,36,60,45,90,82,65,37,66
2018_4,도곡로37길,6062,2806,3256,750,1068,1396,1028,788,1032,371,472,642,484,376,461,379,596,754,544,412,571
2018_4,논현로8길,3622,1776,1846,584,544,631,628,602,633,307,279,327,293,296,274,277,265,304,335,306,359
2018_4,논현로63길,2571,1243,1328,324,424,593,431,353,446,164,205,270,223,173,208,160,219,323,208,180,238
2018_4,논현로28길,77,46,31,10,8,12,7,12,28,7,5,7,4,5,18,3,3,5,3,7,10
2018_4,논현로26길,1247,570,677,133,210,194,208,206,296,68,99,79,102,88,134,65,111,115,106,118,162
2018_4,논현로159길,423,186,237,54,68,100,67,54,80,27,25,43,32,23,36,27,43,57,35,31,44
2018_4,논현로139길,1378,655,723,149,206,320,221,186,296,78,88,147,115,86,141,71,118,173,106,100,155
2018_4,논현로123길,2084,990,1094,126,388,531,441,278,320,68,185,239,213,154,131,58,203,292,228,124,189
2018_4,논현로115길,3224,1527,1697,245,720,897,483,385,494,106,333,419,260,185,224,139,387,478,223,200,270
2018_4,논현로10길,1575,786,789,275,208,272,305,258,257,148,111,136,140,131,120,127,97,136,165,127,137
2018_4,논현로106길,2107,924,1183,147,418,724,333,206,279,62,168,310,163,93,128,85,250,414,170,113,151
2018_4,남부순환로365길,2859,1378,1481,621,337,483,575,416,427,298,171,241,275,203,190,323,166,242,300,213,237
2018_4,개포로82길,28,18,10,0,4,2,3,6,13,0,2,2,3,4,7,0,2,0,0,2,6
2018_4,개포로28길,2068,994,1074,370,329,314,395,352,308,183,166,159,179,171,136,187,163,155,216,181,172
2018_4,개포로20길,2405,1170,1235,331,409,452,379,415,419,162,195,235,203,179,196,169,214,217,176,236,223
2018_4,개포로17길,3678,1792,1886,594,537,600,641,613,693,313,267,296,305,301,310,281,270,304,336,312,383
2018_4,강남대로140길,1863,846,1017,185,311,453,272,294,348,98,129,212,128,127,152,87,182,241,144,167,196
2018_4,강남대로136길,1263,572,691,148,183,247,212,175,298,66,80,104,97,75,150,82,103,143,115,100,148
2018_4,강남대로118길,1463,630,833,110,333,412,241,147,220,61,129,170,124,56,90,49,204,242,117,91,130
2018_4,서초중앙로8길,2653,1312,1341,451,364,492,474,342,530,234,189,236,237,161,255,217,175,256,237,181,275
2018_4,방배중앙로21길,2768,1261,1507,564,392,350,510,481,471,242,180,151,223,243,222,322,212,199,287,238,249
2018_4,효령로72길,2091,1023,1068,396,254,414,394,290,343,212,118,178,210,145,160,184,136,236,184,145,183
2018_4,효령로34길,1562,747,815,266,198,285,253,241,319,146,95,135,118,114,139,120,103,150,135,127,180
2018_4,효령로31길,1842,861,981,237,260,364,317,258,406,120,123,176,144,121,177,117,137,188,173,137,229
2018_4,효령로23길,4664,2146,2518,710,786,893,771,653,851,380,350,404,350,289,373,330,436,489,421,364,478
2018_4,청두곶길,3991,1881,2110,603,605,689,639,565,890,319,270,330,303,254,405,284,335,359,336,311,485
2018_4,주흥길,3994,1942,2052,218,925,1170,643,458,580,112,413,567,357,238,255,106,512,603,286,220,325
2018_4,주흥15길,2694,1241,1453,203,530,734,477,283,467,99,226,332,255,141,188,104,304,402,222,142,279
2018_4,언남길,2091,1054,1037,275,335,459,359,316,347,142,170,231,188,159,164,133,165,228,171,157,183
2018_4,신반포로45길,2627,1270,1357,325,467,563,426,345,501,165,228,277,207,170,223,160,239,286,219,175,278
2018_4,서초대로8길,1545,766,779,189,196,224,215,227,494,107,87,118,118,102,234,82,109,106,97,125,260
2018_4,서초대로64길,1759,848,911,389,219,267,362,259,263,199,109,112,180,126,122,190,110,155,182,133,141
2018_4,서초대로4길,3519,1586,1933,548,521,605,546,524,775,255,243,277,239,237,335,293,278,328,307,287,440
2018_4,서초대로25길,1261,597,664,195,196,250,195,191,234,101,87,120,95,81,113,94,109,130,100,110,121
2018_4,서초대로23길,2408,1149,1259,346,304,435,449,354,520,181,150,200,227,170,221,165,154,235,222,184,299
2018_4,서초대로15길,2418,1099,1319,379,363,523,420,304,429,184,162,230,188,150,185,195,201,293,232,154,244
2018_4,사평대로57길,1219,542,677,51,295,329,188,139,217,25,124,143,96,62,92,26,171,186,92,77,125
2018_4,사평대로26길,173,71,102,24,40,17,24,24,44,10,17,7,8,9,20,14,23,10,16,15,24
2018_4,사평대로22길,1568,713,855,325,199,229,311,231,273,174,86,95,134,103,121,151,113,134,177,128,152
2018_4,사임당로17길,1089,536,553,160,194,217,160,155,203,84,103,111,83,68,87,76,91,106,77,87,116
2018_4,방배로42길,1130,528,602,275,135,158,224,159,179,132,73,75,107,67,74,143,62,83,117,92,105
2018_4,방배로35길,1599,754,845,314,212,213,311,237,312,153,103,88,143,122,145,161,109,125,168,115,167
2018_4,방배로18길,1646,762,884,204,290,409,236,201,306,115,117,194,108,82,146,89,173,215,128,119,160
2018_4,반포대로9길,1630,786,844,267,260,235,264,280,324,146,134,123,117,132,134,121,126,112,147,148,190
2018_4,바우뫼로39길,2791,1339,1452,332,457,582,395,418,607,170,221,307,176,190,275,162,236,275,219,228,332
2018_4,마방로2길,1505,750,755,219,215,325,262,201,283,113,110,172,142,90,123,106,105,153,120,111,160
2018_4,방배천로4안길,1197,528,669,166,215,232,191,175,218,81,70,102,104,66,105,85,145,130,87,109,113
2018_4,동산로19길,2075,1047,1028,305,303,487,372,276,332,152,159,257,191,133,155,153,144,230,181,143,177
2018_4,동산로10길,3519,1748,1771,552,517,723,567,536,624,304,259,366,285,254,280,248,258,357,282,282,344
2018_4,동광로39길,1674,754,920,295,205,271,302,252,349,150,89,117,130,125,143,145,116,154,172,127,206
2018_4,동광로1길,3406,1575,1831,601,515,556,647,544,543,298,245,269,284,249,230,303,270,287,363,295,313
2018_4,동광로12길,1371,630,741,255,190,189,259,192,286,107,85,91,124,96,127,148,105,98,135,96,159
2018_4,논현로27길,1813,866,947,168,275,378,346,265,381,87,142,180,166,125,166,81,133,198,180,140,215
2018_4,논현로1길,3209,1549,1660,535,455,671,593,494,461,263,226,338,286,242,194,272,229,333,307,252,267
2018_4,남부순환로339길,1541,764,777,272,194,336,287,201,251,134,95,171,144,103,117,138,99,165,143,98,134
2018_4,남부순환로325길,2444,1203,1241,339,369,342,388,440,566,184,188,168,185,219,259,155,181,174,203,221,307
2018_4,남부순환로317길,1741,848,893,349,269,273,310,266,274,190,135,125,149,119,130,159,134,148,161,147,144
2018_4,고무래로8길,1968,925,1043,425,218,308,352,267,398,216,103,139,165,127,175,209,115,169,187,140,223
2018_4,강남대로8길,3665,1843,1822,469,618,856,552,520,650,237,314,450,288,245,309,232,304,406,264,275,341
2018_4,강남대로34길,2613,1245,1368,262,442,679,343,367,520,134,203,364,159,166,219,128,239,315,184,201,301
2018_4,강남대로23길,1101,545,556,126,176,252,151,152,244,70,83,123,86,62,121,56,93,129,65,90,123
2018_4,소담길,709,385,324,31,61,85,141,148,243,22,25,47,82,95,114,9,36,38,59,53,129
2018_4,원신길,1352,684,668,154,153,193,188,255,409,77,74,116,110,128,179,77,79,77,78,127,230
2018_4,양지길,1787,894,893,183,198,214,262,337,593,89,107,136,143,176,243,94,91,78,119,161,350
2018_4,양산길,1578,809,769,126,274,301,252,239,386,65,147,182,146,106,163,61,127,119,106,133,223
2018_4,호암로24길,2712,1682,1030,93,892,697,412,266,352,42,505,486,302,186,161,51,387,211,110,80,191
2018_4,호암로20길,3095,1978,1117,145,966,726,495,345,418,80,587,510,386,209,206,65,379,216,109,136,212
2018_4,행운길,4876,2395,2481,320,1594,1229,563,449,721,162,730,664,307,209,323,158,864,565,256,240,398
2018_4,행운1길,3312,1668,1644,276,758,635,394,438,811,150,349,341,212,233,383,126,409,294,182,205,428
2018_4,청림3길,4202,2075,2127,513,526,568,620,703,1272,264,299,306,338,343,525,249,227,262,282,360,747
2018_4,청룡길,3526,1673,1853,208,1296,757,353,351,561,103,531,412,189,160,278,105,765,345,164,191,283
2018_4,청룡8길,1945,939,1006,193,597,383,231,191,350,97,256,211,123,90,162,96,341,172,108,101,188
2018_4,중앙길,3241,1602,1639,305,760,605,432,397,742,160,366,320,238,207,311,145,394,285,194,190,431
2018_4,조원중앙로2길,4364,2209,2155,492,755,748,633,742,994,259,343,422,332,387,466,233,412,326,301,355,528
2018_4,조원로18길,1778,888,890,135,508,412,216,193,314,69,220,233,128,94,144,66,288,179,88,99,170
2018_4,조원로10길,1754,907,847,160,295,331,249,291,428,87,134,182,144,159,201,73,161,149,105,132,227
2018_4,장군봉2길,1757,873,884,144,465,380,207,182,379,76,215,208,119,89,166,68,250,172,88,93,213
2018_4,장군봉1길,857,403,454,86,134,133,96,131,277,49,55,64,53,67,115,37,79,69,43,64,162
2018_4,인헌길,3008,1435,1573,358,492,563,481,442,672,175,237,278,238,215,292,183,255,285,243,227,380
2018_4,은천로25길,1485,726,759,278,170,258,255,203,321,134,92,125,138,103,134,144,78,133,117,100,187
2018_4,양녕로6길,4600,2233,2367,358,1190,898,526,610,1018,198,510,482,282,294,467,160,680,416,244,316,551
2018_4,신원로3길,2830,1390,1440,207,630,531,351,388,723,98,291,315,204,170,312,109,339,216,147,218,411
2018_4,신사로20길,1872,952,920,143,494,410,253,207,365,85,227,225,132,111,172,58,267,185,121,96,193
2018_4,신림로65길,1967,941,1026,56,899,509,178,137,188,28,395,277,91,69,81,28,504,232,87,68,107
2018_4,신림로64길,1651,887,764,56,620,466,189,154,166,35,276,269,120,100,87,21,344,197,69,54,79
2018_4,신림로48길,2604,1367,1237,211,674,536,328,386,469,117,350,329,179,181,211,94,324,207,149,205,258
2018_4,신림로38길,2009,1048,961,187,463,376,287,285,411,100,243,215,170,137,183,87,220,161,117,148,228
2018_4,신림로28길,2973,1751,1222,244,825,666,428,358,452,131,468,443,275,216,218,113,357,223,153,142,234
2018_4,신림로11길,4647,2745,1902,335,1310,984,643,607,768,169,775,660,429,355,357,166,535,324,214,252,411
2018_4,신림동길,4207,2164,2043,134,1607,1235,494,298,439,65,761,684,301,164,189,69,846,551,193,134,250
2018_4,승방길,3158,1503,1655,218,860,864,322,402,492,110,362,455,165,163,248,108,498,409,157,239,244
2018_4,서림7길,4104,2699,1405,220,1467,1036,544,347,490,130,963,737,410,230,229,90,504,299,134,117,261
2018_4,봉천로33길,3995,1966,2029,422,745,740,556,544,988,221,352,389,307,258,439,201,393,351,249,286,549
2018_4,봉천로13길,3807,1892,1915,513,706,638,534,525,891,285,360,341,270,249,387,228,346,297,264,276,504
2018_4,복은길,4138,2249,1889,394,1011,819,566,555,793,198,557,511,329,289,365,196,454,308,237,266,428
2018_4,법원단지길,1325,638,687,196,204,163,205,246,311,96,98,93,98,115,138,100,106,70,107,131,173
2018_4,법원단지9길,5210,2605,2605,764,810,673,841,951,1171,415,424,356,423,447,540,349,386,317,418,504,631
2018_4,미성5길,4365,2147,2218,608,685,609,670,773,1020,310,337,324,337,363,476,298,348,285,333,410,544
2018_4,대학길,1773,1108,665,102,589,360,259,185,278,49,373,252,189,121,124,53,216,108,70,64,154
2018_4,대학14길,2996,2075,921,176,876,602,537,396,409,94,590,445,413,307,226,82,286,157,124,89,183
2018_4,당곡길,1818,881,937,189,351,288,290,282,418,95,156,159,135,139,197,94,195,129,155,143,221
2018_4,남현길,1976,922,1054,240,396,390,269,261,420,111,178,200,126,118,189,129,218,190,143,143,231
2018_4,남현3길,1610,750,860,113,376,415,198,193,315,56,161,203,100,86,144,57,215,212,98,107,171
2018_4,남현2길,2797,1324,1473,241,612,638,350,385,571,126,259,336,188,165,250,115,353,302,162,220,321
2018_4,남부순환로248길,1646,769,877,159,373,298,228,226,362,76,172,143,114,109,155,83,201,155,114,117,207
2018_4,남부순환로234길,1832,920,912,170,458,384,250,188,382,82,232,211,134,89,172,88,226,173,116,99,210
2018_4,남부순환로172길,2670,1327,1343,288,625,459,388,400,510,144,313,252,188,192,238,144,312,207,200,208,272
2018_4,남부순환로161길,3899,1968,1931,428,813,673,582,657,746,227,400,378,290,335,338,201,413,295,292,322,408
2018_4,남부순환로151길,3382,1677,1705,336,804,653,494,481,614,176,380,360,251,224,286,160,424,293,243,257,328
2018_4,남부순환로142길,3445,1702,1743,402,672,692,485,507,687,187,315,384,258,254,304,215,357,308,227,253,383
2018_4,난향길,2621,1375,1246,302,309,269,452,441,848,156,174,157,247,239,402,146,135,112,205,202,446
2018_4,난우길,2409,1190,1219,394,322,322,384,408,579,188,162,171,192,206,271,206,160,151,192,202,308
2018_4,난곡로74길,1853,871,982,146,485,397,232,221,372,78,198,210,117,101,167,68,287,187,115,120,205
2018_4,난곡로34길,2567,1303,1264,334,376,396,387,495,579,187,186,207,206,244,273,147,190,189,181,251,306
2018_4,난곡로26길,3307,1680,1627,378,506,401,509,646,867,198,253,242,281,325,381,180,253,159,228,321,486
2018_4,난곡로24길,2463,1296,1167,304,285,323,375,427,749,161,171,179,215,224,346,143,114,144,160,203,403
2018_4,낙성대역길,5278,2608,2670,523,1592,1218,664,491,790,250,741,666,362,232,357,273,851,552,302,259,433
2018_4,국회단지길,5533,2762,2771,817,760,880,905,882,1289,418,403,466,484,405,586,399,357,414,421,477,703
2018_4,구암길,2935,1465,1470,430,316,304,514,480,891,228,164,153,280,240,400,202,152,151,234,240,491
2018_4,관천로22길,4339,2127,2212,386,1119,962,549,494,829,180,556,503,296,225,367,206,563,459,253,269,462
2018_4,관천로15길,4588,2312,2276,549,991,814,677,694,863,280,490,463,360,326,393,269,501,351,317,368,470
2018_4,관악로30길,2739,1365,1374,440,407,432,420,420,620,220,220,223,205,212,285,220,187,209,215,208,335
2018_4,관악로28길,3096,1532,1564,500,434,453,505,505,699,254,228,225,253,243,329,246,206,228,252,262,370
2018_4,관악로14길,1415,670,745,104,545,283,138,116,229,53,241,143,74,61,98,51,304,140,64,55,131
2018_4,관악로10길,4471,2220,2251,505,1331,875,581,469,710,258,612,502,316,222,310,247,719,373,265,247,400
2018_4,흑석로9길,2030,1033,997,195,647,302,228,248,410,101,372,159,114,116,171,94,275,143,114,132,239
2018_4,흑석로13길,655,331,324,77,150,96,82,108,142,33,75,64,42,55,62,44,75,32,40,53,80
2018_4,장승배기로27길,2335,1233,1102,162,462,364,300,412,635,96,252,221,179,205,280,66,210,143,121,207,355
2018_4,장승배기로19길,2448,1242,1206,193,344,346,326,470,769,95,178,205,173,245,346,98,166,141,153,225,423
2018_4,장승배기로10길,383,206,177,36,75,44,54,73,101,19,41,29,25,41,51,17,34,15,29,32,50
2018_4,여의대방로46길,2872,1334,1538,686,436,369,625,397,359,291,188,181,303,209,162,395,248,188,322,188,197
2018_4,여의대방로24길,2873,1347,1526,391,520,553,467,407,535,194,223,265,219,202,244,197,297,288,248,205,291
2018_4,여의대방로22카길,3185,1556,1629,354,754,602,460,426,589,191,342,311,217,219,276,163,412,291,243,207,313
2018_4,여의대방로22나길,2494,1200,1294,377,350,430,417,367,553,195,169,208,211,181,236,182,181,222,206,186,317
2018_4,여의대방로22길,2387,1170,1217,280,468,468,360,352,459,153,217,241,187,167,205,127,251,227,173,185,254
2018_4,양녕로26길,1926,934,992,320,264,297,328,313,404,172,123,147,164,143,185,148,141,150,164,170,219
2018_4,신대방길,3860,1858,2002,428,560,567,603,657,1045,224,277,296,285,327,449,204,283,271,318,330,596
2018_4,성대로29길,2051,988,1063,266,341,325,330,311,478,139,180,162,166,151,190,127,161,163,164,160,288
2018_4,성대로1길,1125,554,571,95,247,250,127,174,232,46,115,121,69,99,104,49,132,129,58,75,128
2018_4,서달로8가길,630,305,325,68,106,61,85,111,199,31,57,33,44,61,79,37,49,28,41,50,120
2018_4,서달로15길,363,191,172,31,54,53,43,57,125,14,30,32,30,31,54,17,24,21,13,26,71
2018_4,서달로14길,380,176,204,37,65,47,36,77,118,16,33,22,22,35,48,21,32,25,14,42,70
2018_4,서달로10길,1747,829,918,183,273,237,251,310,493,93,133,118,137,152,196,90,140,119,114,158,297
2018_4,상도로62길,2947,1430,1517,363,909,561,376,288,450,178,446,267,192,141,206,185,463,294,184,147,244
2018_4,상도로61길,2305,1191,1114,234,724,385,278,267,417,121,421,200,140,117,192,113,303,185,138,150,225
2018_4,상도로47길,3944,1988,1956,488,1231,559,485,440,741,242,710,286,228,198,324,246,521,273,257,242,417
2018_4,상도로37길,1330,639,691,176,362,241,160,146,245,81,175,127,84,66,106,95,187,114,76,80,139
2018_4,상도로15길,3901,1890,2011,356,881,804,504,548,808,175,431,412,259,268,345,181,450,392,245,280,463
2018_4,사당로8길,2608,1233,1375,258,488,514,378,397,573,134,222,261,192,185,239,124,266,253,186,212,334
2018_4,사당로30길,1022,484,538,60,231,247,131,115,238,39,107,122,73,46,97,21,124,125,58,69,141
2018_4,사당로2차길,3211,1554,1657,471,505,553,518,465,699,261,232,276,254,213,318,210,273,277,264,252,381
2018_4,사당로29길,2570,1227,1343,239,508,453,350,441,579,115,255,223,173,218,243,124,253,230,177,223,336
2018_4,사당로26길,2886,1392,1494,274,630,638,343,391,610,146,298,334,159,184,271,128,332,304,184,207,339
2018_4,사당로23나길,1000,497,503,113,143,145,157,165,277,59,72,82,86,78,120,54,71,63,71,87,157
2018_4,사당로23길,1509,721,788,307,178,281,242,224,277,162,74,126,125,107,127,145,104,155,117,117,150
2018_4,사당로20길,2722,1296,1426,258,575,563,377,367,582,122,267,301,194,158,254,136,308,262,183,209,328
2018_4,사당로16길,3461,1649,1812,378,499,584,552,490,958,182,237,307,293,221,409,196,262,277,259,269,549
2018_4,사당로16가길,2263,1079,1184,237,475,404,318,310,519,113,214,208,168,147,229,124,261,196,150,163,290
2018_4,만양로8길,3617,1847,1770,520,711,639,463,486,798,270,405,368,240,208,356,250,306,271,223,278,442
2018_4,만양로14길,921,559,362,38,379,201,87,70,146,22,247,141,63,32,54,16,132,60,24,38,92
2018_4,등용로14길,1918,967,951,195,332,325,245,328,493,105,181,176,131,160,214,90,151,149,114,168,279
2018_4,동작대로7길,3443,1644,1799,216,893,745,384,474,731,117,389,364,208,227,339,99,504,381,176,247,392
2018_4,동작대로35길,2600,1304,1296,315,344,433,391,418,699,170,177,234,208,197,318,145,167,199,183,221,381
2018_4,동작대로33길,2635,1255,1380,229,422,456,387,394,747,125,203,227,190,170,340,104,219,229,197,224,407
2018_4,동작대로29길,860,427,433,98,144,136,106,128,248,52,80,71,53,58,113,46,64,65,53,70,135
2018_4,동작대로17길,2411,1122,1289,177,471,505,343,336,579,89,199,223,182,153,276,88,272,282,161,183,303
2018_4,대방동2길,3564,1596,1968,476,847,672,520,469,580,257,336,281,249,213,260,219,511,391,271,256,320
2018_4,대방동27길,4113,2061,2052,749,746,692,757,564,605,409,360,354,376,293,269,340,386,338,381,271,336
2018_4,노량진로6길,3231,1625,1606,311,547,442,445,676,810,163,273,257,238,324,370,148,274,185,207,352,440
2018_4,국사봉길,3937,1880,2057,511,716,792,552,522,844,249,326,410,292,241,362,262,390,382,260,281,482
2018_4,국사봉2길,1413,632,781,140,366,324,194,151,238,79,137,145,84,77,110,61,229,179,110,74,128
2018_4,국사봉1길,3340,1573,1767,321,591,624,503,505,796,158,263,322,247,234,349,163,328,302,256,271,447
2018_4,영신로9길,2590,1342,1248,219,339,442,347,502,741,109,191,236,184,257,365,110,148,206,163,245,376
2018_4,영등포로84길,2665,1348,1317,191,570,496,394,405,609,95,259,285,215,220,274,96,311,211,179,185,335
2018_4,영등포로80길,2232,1160,1072,209,377,353,324,382,587,117,185,212,183,210,253,92,192,141,141,172,334
2018_4,영등포로62길,1623,849,774,134,266,341,236,240,406,62,147,198,135,120,187,72,119,143,101,120,219
2018_4,영등포로35길,1332,764,568,76,323,285,167,197,284,40,159,169,107,128,161,36,164,116,60,69,123
2018_4,영등포로27길,1825,1003,822,147,327,373,254,299,425,74,165,233,152,173,206,73,162,140,102,126,219
2018_4,영등포로25길,1829,930,899,131,394,370,229,283,422,63,191,201,138,144,193,68,203,169,91,139,229
2018_4,여의대방로61길,2311,1165,1146,219,324,444,362,376,586,104,160,259,182,200,260,115,164,185,180,176,326
2018_4,여의대방로43나길,3542,1773,1769,436,514,519,530,641,902,241,264,280,272,313,403,195,250,239,258,328,499
2018_4,여의대방로39길,371,173,198,28,74,64,43,61,101,15,29,30,21,31,47,13,45,34,22,30,54
2018_4,여의대방로35길,1533,795,738,173,242,218,241,243,416,90,123,119,130,128,205,83,119,99,111,115,211
2018_4,양평로28길,4135,2106,2029,593,690,1103,610,509,630,310,323,602,315,250,306,283,367,501,295,259,324
2018_4,양평로22라길,1552,760,792,204,265,486,245,154,198,117,98,257,133,75,80,87,167,229,112,79,118
2018_4,양평로19길,3234,1627,1607,567,466,620,530,455,596,297,229,324,278,230,269,270,237,296,252,225,327
2018_4,신길로60길,2997,1487,1510,318,364,403,449,532,931,166,173,216,231,275,426,152,191,187,218,257,505
2018_4,신길로42길,2737,1382,1355,297,366,304,418,536,816,152,192,175,227,278,358,145,174,129,191,258,458
2018_4,신길로42가길,3964,1929,2035,503,539,445,642,732,1103,265,280,243,320,348,473,238,259,202,322,384,630
2018_4,신길로39길,1984,1008,976,236,257,213,318,396,564,125,147,119,167,201,249,111,110,94,151,195,315
2018_4,신길로17길,2428,1173,1255,211,383,315,344,458,717,106,210,176,162,213,306,105,173,139,182,245,411
2018_4,선유서로28길,982,506,476,130,117,158,150,150,277,73,60,87,87,70,129,57,57,71,63,80,148
2018_4,선유서로25길,3395,1761,1634,385,556,817,519,457,661,202,271,450,293,251,294,183,285,367,226,206,367
2018_4,선유서로24길,1294,670,624,114,134,148,175,237,486,58,87,93,101,127,204,56,47,55,74,110,282
2018_4,선유로55길,2921,1438,1483,208,719,756,357,354,527,107,282,400,193,206,250,101,437,356,164,148,277
2018_4,디지털로74길,81,74,7,61,4,4,5,2,5,60,3,3,4,0,4,1,1,1,1,2,1
2018_4,디지털로57길,1463,703,760,133,143,165,256,276,490,73,72,80,125,146,207,60,71,85,131,130,283
2018_4,디지털로37길,1343,649,694,141,121,128,218,244,491,72,65,63,105,123,221,69,56,65,113,121,270
2018_4,도신로62길,1876,927,949,231,278,270,288,291,518,115,154,148,141,136,233,116,124,122,147,155,285
2018_4,도신로60길,800,408,392,87,118,108,108,131,248,46,65,60,57,61,119,41,53,48,51,70,129
2018_4,도신로29길,1619,818,801,205,217,243,265,292,397,118,109,132,129,154,176,87,108,111,136,138,221
2018_4,도신로15길,3610,1795,1815,332,680,728,514,567,789,180,304,379,275,290,367,152,376,349,239,277,422
2018_4,도림천로21길,2485,1224,1261,244,434,466,338,403,600,107,216,259,163,197,282,137,218,207,175,206,318
2018_4,도림로63길,602,306,296,89,76,80,98,115,144,39,43,44,50,58,72,50,33,36,48,57,72
2018_4,도림로147길,341,187,154,15,42,50,34,58,142,9,25,23,26,34,70,6,17,27,8,24,72
2018_4,도림로112길,2249,1171,1078,233,271,307,355,431,652,127,150,165,195,236,298,106,121,142,160,195,354
2018_4,대림로8길,3025,1503,1522,299,492,388,464,496,886,159,235,212,234,258,405,140,257,176,230,238,481
2018_4,대림로7길,1057,512,545,100,140,130,149,211,327,53,61,76,68,104,150,47,79,54,81,107,177
2018_4,대림로44길,2339,1224,1115,338,341,292,402,473,493,185,187,161,206,251,234,153,154,131,196,222,259
2018_4,대림로34길,2843,1458,1385,418,404,320,451,560,690,221,216,184,224,285,328,197,188,136,227,275,362
2018_4,대림로31길,2369,1214,1155,242,282,317,421,467,640,133,130,175,233,250,293,109,152,142,188,217,347
2018_4,대림로29길,1876,974,902,156,243,257,310,358,552,82,130,148,169,200,245,74,113,109,141,158,307
2018_4,대림로22길,4346,2194,2152,522,626,482,676,846,1194,274,336,261,336,440,547,248,290,221,340,406,647
2018_4,당산로46길,2217,1111,1106,143,580,510,261,288,435,70,261,288,140,153,199,73,319,222,121,135,236
2018_4,당산로38길,1801,818,983,134,603,491,196,175,202,57,231,272,93,75,90,77,372,219,103,100,112
2018_4,당산로37길,1331,628,703,130,177,244,183,214,383,62,78,118,100,116,154,68,99,126,83,98,229
2018_4,당산로31길,981,503,478,99,196,236,130,129,191,57,91,120,72,71,92,42,105,116,58,58,99
2018_4,국회대로56길,2712,1612,1100,108,839,947,298,212,308,53,431,632,200,139,157,55,408,315,98,73,151
2018_4,경인로90길,141,108,33,1,7,8,19,37,69,0,4,5,18,30,51,1,3,3,1,7,18
2018_4,경인로80길,152,88,64,6,11,25,24,28,58,2,8,19,18,16,25,4,3,6,6,12,33
2018_4,경인로77길,269,163,106,7,48,47,28,52,87,3,32,30,20,34,44,4,16,17,8,18,43
2018_4,가마산로61길,1912,971,941,218,275,207,292,377,543,118,147,114,152,196,244,100,128,93,140,181,299
2018_4,시흥대로94길,3748,1915,1833,459,598,567,539,733,852,230,324,323,261,367,410,229,274,244,278,366,442
2018_4,시흥대로84길,5951,3031,2920,717,908,828,867,1225,1406,399,483,445,438,599,667,318,425,383,429,626,739
2018_4,시흥대로68길,2653,1364,1289,313,374,341,405,525,695,172,201,197,216,263,315,141,173,144,189,262,380
2018_4,시흥대로63길,1584,783,801,176,219,273,239,296,381,84,111,141,125,141,181,92,108,132,114,155,200
2018_4,시흥대로62가길,3026,1521,1505,374,411,386,471,611,773,196,231,212,240,300,342,178,180,174,231,311,431
2018_4,시흥대로36길,1984,1017,967,280,253,299,299,368,485,141,134,169,165,188,220,139,119,130,134,180,265
2018_4,시흥대로22길,3530,1762,1768,503,477,509,521,598,922,251,250,285,270,286,420,252,227,224,251,312,502
2018_4,시흥대로153길,1824,1020,804,144,418,407,209,303,343,76,233,250,121,164,176,68,185,157,88,139,167
2018_4,시흥대로150길,4814,2437,2377,574,731,777,701,866,1165,297,372,423,355,444,546,277,359,354,346,422,619
2018_4,시흥대로141길,2252,1241,1011,148,533,427,288,398,458,70,267,255,171,235,243,78,266,172,117,163,215
2018_4,시흥대로138길,576,310,266,61,55,78,86,118,178,35,35,49,41,60,90,26,20,29,45,58,88
2018_4,시흥대로120길,3305,1662,1643,371,512,447,485,698,792,195,258,239,247,357,366,176,254,208,238,341,426
2018_4,벚꽃로56길,1055,573,482,73,152,176,150,209,295,41,83,106,86,118,139,32,69,70,64,91,156
2018_4,범안로17길,1258,674,584,118,229,270,211,193,237,62,115,164,118,101,114,56,114,106,93,92,123
2018_4,범안로11길,1269,724,545,73,392,425,157,104,118,31,203,266,101,61,62,42,189,159,56,43,56
2018_4,문성로5길,3269,1649,1620,333,519,506,488,622,801,160,262,282,267,297,381,173,257,224,221,325,420
2018_4,독산로85길,649,318,331,80,89,86,107,140,147,35,53,46,55,69,60,45,36,40,52,71,87
2018_4,독산로78다길,3279,1656,1623,426,479,410,493,648,823,212,259,226,244,327,388,214,220,184,249,321,435
2018_4,독산로70길,2598,1316,1282,261,317,300,450,601,669,128,159,168,221,338,302,133,158,132,229,263,367
2018_4,독산로64길,2243,1139,1104,263,317,281,350,489,543,135,177,149,184,252,242,128,140,132,166,237,301
2018_4,독산로50길,2130,1070,1060,323,315,278,317,384,513,173,165,141,156,185,250,150,150,137,161,199,263
2018_4,독산로40길,2632,1302,1330,393,321,385,408,486,639,191,180,209,207,224,291,202,141,176,201,262,348
2018_4,독산로108길,1910,988,922,190,322,300,305,392,401,101,156,182,148,210,191,89,166,118,157,182,210
2018_4,남부순환로112길,2288,1372,916,96,694,499,290,355,354,42,377,331,199,219,204,54,317,168,91,136,150
2018_4,금하로24길,4338,2190,2148,574,576,463,696,828,1201,287,318,257,361,430,537,287,258,206,335,398,664
2018_4,금하로1길,1965,991,974,272,273,245,345,360,470,133,138,147,171,184,218,139,135,98,174,176,252
2018_4,금하로14길,1753,865,888,215,264,249,262,311,452,97,131,139,129,157,212,118,133,110,133,154,240
2018_4,가산로5길,3281,1909,1372,275,846,886,422,391,461,148,460,564,265,230,242,127,386,322,157,161,219
2018_4,가산로3길,1060,668,392,62,287,322,146,133,110,27,168,227,108,82,56,35,119,95,38,51,54
2018_4,중앙로1길,1102,568,534,156,184,168,159,180,255,88,99,87,88,88,118,68,85,81,71,92,137
2018_4,중앙로15길,1606,819,787,241,211,251,224,263,416,123,124,132,131,123,186,118,87,119,93,140,230
2018_4,우마길,830,469,361,50,102,67,105,242,264,24,57,37,67,141,143,26,45,30,38,101,121
2018_4,오류로8길,2099,1053,1046,257,281,261,293,332,675,142,151,155,152,171,282,115,130,106,141,161,393
2018_4,신도림로13길,517,258,259,50,64,54,72,107,170,15,37,26,41,57,82,35,27,28,31,50,88
2018_4,새말로18길,2823,1373,1450,358,436,608,374,402,645,184,200,299,190,191,309,174,236,309,184,211,336
2018_4,부일로1길,1428,716,712,188,166,266,219,206,383,110,76,126,126,103,175,78,90,140,93,103,208
2018_4,부일로15길,1686,825,861,265,225,223,301,262,410,130,117,105,162,130,181,135,108,118,139,132,229
2018_4,부일로11길,2639,1349,1290,411,374,333,433,474,614,234,211,176,201,229,298,177,163,157,232,245,316
2018_4,디지털로32길,1500,822,678,40,482,527,207,131,113,19,203,323,129,85,63,21,279,204,78,46,50
2018_4,디지털로32가길,4723,2583,2140,107,1823,1708,499,266,320,54,850,1026,331,161,161,53,973,682,168,105,159
2018_4,디지털로27길,1190,637,553,128,108,140,191,231,392,59,57,81,113,141,186,69,51,59,78,90,206
2018_4,도림로6길,1410,727,683,154,166,170,218,281,421,79,91,99,128,148,182,75,75,71,90,133,239
2018_4,도림로12길,2165,1027,1138,279,258,287,344,379,618,141,133,142,175,177,259,138,125,145,169,202,359
2018_4,남부순환로97길,1287,608,679,206,126,220,175,163,397,95,64,110,87,60,192,111,62,110,88,103,205
2018_4,구로중앙로8길,2694,1307,1387,274,311,345,392,530,842,137,155,173,198,246,398,137,156,172,194,284,444
2018_4,구로중앙로7길,673,350,323,63,47,76,96,123,268,38,25,37,58,64,128,25,22,39,38,59,140
2018_4,구로중앙로42길,922,500,422,113,123,127,147,158,254,53,79,77,86,87,118,60,44,50,61,71,136
2018_4,구로중앙로34길,1131,586,545,115,166,133,167,226,324,56,97,88,80,116,149,59,69,45,87,110,175
2018_4,구로중앙로28길,3257,1612,1645,387,503,555,523,574,715,176,213,299,281,307,336,211,290,256,242,267,379
2018_4,구로중앙로19길,870,412,458,107,96,107,135,168,257,53,40,56,65,88,110,54,56,51,70,80,147
2018_4,구로동로8길,6114,3070,3044,690,804,691,945,1179,1805,364,491,376,478,550,811,326,313,315,467,629,994
2018_4,구로동로7길,2646,1414,1232,264,330,290,408,537,817,150,203,161,227,295,378,114,127,129,181,242,439
2018_4,구로동로42길,1936,948,988,238,229,204,324,364,577,119,109,101,171,201,247,119,120,103,153,163,330
2018_4,구로동로41길,2508,1301,1207,319,315,309,407,486,672,162,172,174,220,265,308,157,143,135,187,221,364
2018_4,구로동로38길,1903,940,963,215,224,191,282,388,603,100,125,102,146,208,259,115,99,89,136,180,344
2018_4,구로동로28길,2031,1023,1008,221,238,210,350,377,635,115,121,113,175,208,291,106,117,97,175,169,344
2018_4,구로동로15길,982,507,475,96,110,99,126,215,336,48,69,59,62,112,157,48,41,40,64,103,179
2018_4,공원로6가길,2119,931,1188,187,637,521,254,224,296,89,204,252,133,115,138,98,433,269,121,109,158
2018_4,고척로52길,3170,1579,1591,527,412,471,513,551,696,263,217,245,259,270,325,264,195,226,254,281,371
2018_4,고척로27다길,4462,2211,2251,646,659,534,708,855,1060,323,356,267,345,424,496,323,303,267,363,431,564
2018_4,고척로27길,2513,1286,1227,341,353,332,384,460,643,171,197,172,197,246,303,170,156,160,187,214,340
2018_4,고척로21나길,2594,1345,1249,364,324,332,423,467,684,190,185,182,231,242,315,174,139,150,192,225,369
2018_4,경인로47길,2030,1002,1028,288,311,270,301,358,502,126,160,138,161,179,238,162,151,132,140,179,264
2018_4,경인로35길,3027,1562,1465,321,395,337,423,599,952,167,199,185,237,307,467,154,196,152,186,292,485
2018_4,경인로31길,1833,957,876,167,229,217,284,403,533,76,125,119,175,217,245,91,104,98,109,186,288
2018_4,경인로15길,3435,1716,1719,439,457,492,529,576,942,215,241,259,284,273,444,224,216,233,245,303,498
2018_4,개봉로3길,2996,1467,1529,421,405,479,494,497,700,206,209,261,252,238,301,215,196,218,242,259,399
2018_4,개봉로2길,2287,1086,1201,367,286,409,363,339,523,175,138,211,175,158,229,192,148,198,188,181,294
2018_4,개봉로23가길,2487,1224,1263,308,278,485,377,352,687,139,134,258,211,163,319,169,144,227,166,189,368
2018_4,개봉로20길,3693,1760,1933,623,450,610,543,556,911,309,215,277,280,244,435,314,235,333,263,312,476
2018_4,개봉로1길,2206,1109,1097,312,291,372,364,338,529,160,152,204,183,168,242,152,139,168,181,170,287
2018_4,개봉로17다길,3350,1670,1680,449,478,533,497,561,832,220,270,262,254,281,383,229,208,271,243,280,449
2018_4,개봉로17길,5679,2781,2898,868,820,860,916,999,1216,463,419,427,470,474,528,405,401,433,446,525,688
2018_4,개봉로11길,5293,2602,2691,775,757,767,834,896,1264,399,388,393,420,421,581,376,369,374,414,475,683
2018_4,화곡로64길,4287,2046,2241,510,917,1060,596,532,672,288,339,533,299,273,314,222,578,527,297,259,358
2018_4,화곡로59길,2633,1276,1357,406,414,437,410,496,470,214,220,206,185,239,212,192,194,231,225,257,258
2018_4,화곡로44나길,3088,1543,1545,439,473,607,490,484,595,235,222,330,253,215,288,204,251,277,237,269,307
2018_4,화곡로31길,3946,1901,2045,392,641,719,520,643,1031,202,324,375,245,285,470,190,317,344,275,358,561
2018_4,화곡로20길,3353,1684,1669,476,455,613,506,532,771,247,230,318,284,244,361,229,225,295,222,288,410
2018_4,화곡로13길,3440,1659,1781,545,499,549,584,535,728,287,250,273,277,256,316,258,249,276,307,279,412
2018_4,초원로16길,3533,1798,1735,422,522,489,474,634,992,225,272,273,256,299,473,197,250,216,218,335,519
2018_4,초록마을로8길,4948,2440,2508,934,700,948,863,686,817,498,356,496,434,307,349,436,344,452,429,379,468
2018_4,초록마을로3길,2874,1476,1398,219,627,772,474,330,452,101,305,440,264,171,195,118,322,332,210,159,257
2018_4,월정로20길,2545,1333,1212,175,526,720,375,331,418,78,246,408,229,170,202,97,280,312,146,161,216
2018_4,우장산로6길,5368,2557,2811,1272,714,690,1117,795,780,596,346,326,523,399,367,676,368,364,594,396,413
2018_4,양천로73가길,2749,1426,1323,708,319,493,583,331,315,400,156,244,295,178,153,308,163,249,288,153,162
2018_4,양천로71길,6658,3249,3409,1750,753,928,1430,919,878,852,398,418,720,451,410,898,355,510,710,468,468
2018_4,양천로49길,1311,677,634,152,246,346,172,173,222,88,100,205,97,84,103,64,146,141,75,89,119
2018_4,양천로26길,2015,967,1048,417,217,355,354,294,378,203,116,165,173,149,161,214,101,190,181,145,217
2018_4,양천로24길,3790,1931,1859,574,497,680,529,567,943,327,260,348,289,263,444,247,237,332,240,304,499
2018_4,양천로24가길,2885,1440,1445,480,367,455,491,460,632,244,191,237,249,231,288,236,176,218,242,229,344
2018_4,양천로14길,4264,2097,2167,743,567,648,638,696,972,386,290,335,333,310,443,357,277,313,305,386,529
2018_4,방화대로6라길,2362,1221,1141,305,304,369,457,383,544,168,143,204,253,207,246,137,161,165,204,176,298
2018_4,방화대로21길,2475,1257,1218,308,395,397,317,432,626,160,192,242,160,214,289,148,203,155,157,218,337
2018_4,등촌로5길,1439,677,762,173,214,267,194,242,349,90,104,130,97,102,154,83,110,137,97,140,195
2018_4,등촌로55길,2958,1423,1535,419,505,740,445,379,470,219,230,386,213,160,215,200,275,354,232,219,255
2018_4,등촌로51길,2072,1030,1042,310,345,310,283,356,468,160,197,150,135,164,224,150,148,160,148,192,244
2018_4,등촌로39길,3389,1696,1693,565,519,620,509,554,622,297,263,335,255,270,276,268,256,285,254,284,346
2018_4,등촌로13길,3936,1944,1992,554,553,787,609,636,797,290,280,424,292,300,358,264,273,363,317,336,439
2018_4,남부순환로11길,4071,2135,1936,607,537,820,694,630,783,320,273,454,387,338,363,287,264,366,307,292,420
2018_4,까치산로4길,4286,2071,2215,767,585,789,753,590,802,403,280,411,376,268,333,364,305,378,377,322,469
2018_4,국회대로7길,2331,1124,1207,249,310,433,325,402,612,108,176,230,168,175,267,141,134,203,157,227,345
2018_4,공항대로8길,3118,1603,1515,360,559,549,451,451,748,184,295,303,255,212,354,176,264,246,196,239,394
2018_4,공항대로61길,2010,994,1016,377,275,395,375,266,322,191,141,193,193,130,146,186,134,202,182,136,176
2018_4,공항대로59다길,3109,1524,1585,499,516,579,470,484,561,274,247,277,221,238,267,225,269,302,249,246,294
2018_4,공항대로59길,2216,1033,1183,175,502,586,311,295,347,88,195,282,161,147,160,87,307,304,150,148,187
2018_4,공항대로55길,1756,879,877,274,274,323,244,285,356,151,133,176,119,139,161,123,141,147,125,146,195
2018_4,공항대로42길,1139,564,575,236,143,173,229,177,181,118,75,94,100,93,84,118,68,79,129,84,97
2018_4,공항대로38길,382,182,200,63,61,80,62,63,53,32,28,41,32,29,20,31,33,39,30,34,33
2018_4,곰달래로60길,1988,980,1008,177,303,406,274,333,495,96,165,207,140,144,228,81,138,199,134,189,267
2018_4,곰달래로53길,3732,1840,1892,605,508,583,673,591,772,306,263,317,324,296,334,299,245,266,349,295,438
2018_4,곰달래로47길,4075,1989,2086,714,552,712,733,626,738,336,295,373,363,290,332,378,257,339,370,336,406
2018_4,곰달래로31길,3131,1483,1648,646,406,582,556,398,543,336,196,266,274,167,244,310,210,316,282,231,299
2018_4,곰달래로25길,2962,1390,1572,398,384,526,490,461,703,190,183,253,255,202,307,208,201,273,235,259,396
2018_4,개화동로25길,2386,1207,1179,186,657,467,301,317,458,90,293,277,171,164,212,96,364,190,130,153,246
2018_4,개화동로23길,3884,1937,1947,451,452,507,583,745,1146,232,236,274,298,369,528,219,216,233,285,376,618
2018_4,강서로8길,3410,1686,1724,445,447,633,543,471,871,226,209,347,281,213,410,219,238,286,262,258,461
2018_4,강서로5라길,2805,1383,1422,419,358,529,438,439,622,215,175,288,231,200,274,204,183,241,207,239,348
2018_4,강서로5나길,2911,1452,1459,208,681,783,379,328,532,101,300,428,213,154,256,107,381,355,166,174,276
2018_4,강서로5가길,2094,1055,1039,167,396,517,307,268,439,90,167,281,172,126,219,77,229,236,135,142,220
2018_4,강서로47라길,3802,1771,2031,866,564,458,734,634,546,389,266,231,340,309,236,477,298,227,394,325,310
2018_4,강서로47길,4329,2077,2252,953,576,547,868,702,683,436,286,276,414,373,292,517,290,271,454,329,391
2018_4,강서로45다길,2720,1321,1399,422,396,468,435,398,601,216,191,241,224,179,270,206,205,227,211,219,331
2018_4,강서로45길,908,437,471,172,121,135,164,126,190,75,49,71,81,59,102,97,72,64,83,67,88
2018_4,강서로35길,3923,1880,2043,451,610,708,552,704,898,223,277,369,272,326,413,228,333,339,280,378,485
2018_4,강서로29길,3091,1503,1588,386,503,762,431,438,571,194,231,400,219,191,268,192,272,362,212,247,303
2018_4,강서로18길,6868,3311,3557,970,999,1348,1055,1012,1484,495,472,708,526,466,644,475,527,640,529,546,840
2018_4,강서로17가길,3205,1609,1596,357,508,675,440,513,712,188,266,354,241,227,333,169,242,321,199,286,379
2018_4,강서로15길,5446,2684,2762,562,774,1063,813,945,1289,271,395,566,425,486,541,291,379,497,388,459,748
2018_4,가로공원로80길,2881,1451,1430,420,409,527,451,457,617,224,211,279,239,211,287,196,198,248,212,246,330
2018_4,가로공원로76가길,3221,1551,1670,427,456,652,509,473,704,207,228,344,247,212,313,220,228,308,262,261,391
2018_4,화곡로4길,1593,793,800,212,191,219,237,311,423,109,99,122,107,151,205,103,92,97,130,160,218
2018_4,화곡로3길,3208,1599,1609,632,437,493,501,550,595,344,235,237,243,267,273,288,202,256,258,283,322
2018_4,지양로7길,3276,1616,1660,425,407,443,453,583,965,208,224,253,234,267,430,217,183,190,219,316,535
2018_4,중앙로55길,3733,1841,1892,578,470,534,581,643,927,309,240,276,276,312,428,269,230,258,305,331,499
2018_4,중앙로51길,4174,2059,2115,743,532,650,648,637,964,349,285,346,317,319,443,394,247,304,331,318,521
2018_4,중앙로47길,1901,982,919,211,226,225,306,393,540,114,126,128,163,190,261,97,100,97,143,203,279
2018_4,중앙로45길,1960,953,1007,279,268,274,310,337,492,149,130,138,161,151,224,130,138,136,149,186,268
2018_4,중앙로36길,914,452,462,168,101,108,177,129,231,97,46,57,81,73,98,71,55,51,96,56,133
2018_4,중앙로32길,1107,543,564,241,135,120,223,182,206,120,74,61,101,101,86,121,61,59,122,81,120
2018_4,중앙로25길,1915,1019,896,186,204,257,326,381,561,99,117,154,183,209,257,87,87,103,143,172,304
2018_4,은행정로7길,3339,1641,1698,513,455,514,547,528,782,260,232,257,281,248,363,253,223,257,266,280,419
2018_4,은행정로5길,793,430,363,124,83,93,129,146,218,63,46,56,65,89,111,61,37,37,64,57,107
2018_4,오목로5길,4021,1969,2052,796,434,650,635,635,871,411,223,297,324,317,397,385,211,353,311,318,474
2018_4,오목로3길,3610,1805,1805,737,402,587,629,545,710,380,215,289,325,264,332,357,187,298,304,281,378
2018_4,오목로30길,3628,1785,1843,393,581,571,560,620,903,215,276,310,274,294,416,178,305,261,286,326,487
2018_4,오목로23길,4491,2264,2227,632,691,860,718,668,922,322,355,457,366,321,443,310,336,403,352,347,479
2018_4,신월로20길,1968,995,973,391,215,354,328,280,400,204,121,181,162,129,198,187,94,173,166,151,202
2018_4,신월로15길,5742,2847,2895,987,749,757,935,970,1344,532,390,376,464,478,607,455,359,381,471,492,737
2018_4,신목로6길,2411,1160,1251,441,354,310,451,386,469,230,189,143,203,197,198,211,165,167,248,189,271
2018_4,신목로5길,2171,1073,1098,541,311,202,463,367,287,274,165,89,217,199,129,267,146,113,246,168,158
2018_4,신목로2길,2072,1020,1052,375,354,185,350,440,368,196,190,95,158,216,165,179,164,90,192,224,203
2018_4,목동중앙서로8가길,1394,677,717,192,218,250,193,223,318,109,108,125,99,102,134,83,110,125,94,121,184
2018_4,목동중앙서로7길,3793,1848,1945,605,601,621,647,617,702,325,298,326,305,291,303,280,303,295,342,326,399
2018_4,목동중앙북로8길,2135,973,1162,246,335,413,298,343,500,128,163,205,138,144,195,118,172,208,160,199,305
2018_4,목동중앙북로16길,3495,1690,1805,422,601,910,467,458,637,221,255,467,240,212,295,201,346,443,227,246,342
2018_4,목동중앙본로7길,2932,1476,1456,504,460,419,461,534,554,298,255,211,201,262,249,206,205,208,260,272,305
2018_4,목동중앙로3길,2412,1162,1250,533,354,284,445,410,386,260,182,136,201,215,168,273,172,148,244,195,218
2018_4,목동중앙로13나길,1074,557,517,170,161,257,157,154,175,92,68,140,79,89,89,78,93,117,78,65,86
2018_4,목동중앙남로3가길,2743,1374,1369,498,434,432,447,459,473,283,240,204,212,218,217,215,194,228,235,241,256
2018_4,목동로9길,3483,1659,1824,561,578,540,582,587,635,287,279,248,285,254,306,274,299,292,297,333,329
2018_4,목동로19길,2288,1072,1216,355,347,357,369,390,470,175,169,164,169,185,210,180,178,193,200,205,260
2018_4,목동동로8길,1574,757,817,397,195,159,367,265,191,197,95,75,174,136,80,200,100,84,193,129,111
2018_4,목동동로12길,2273,1083,1190,502,312,242,449,371,397,258,147,110,199,195,174,244,165,132,250,176,223
2018_4,목동남로4길,1263,604,659,277,175,161,236,180,234,129,83,81,109,99,103,148,92,80,127,81,131
2018_4,남부순환로88길,1859,905,954,494,203,229,405,265,263,244,96,111,189,139,126,250,107,118,216,126,137
2018_4,남부순환로79길,710,358,352,86,78,93,90,154,209,45,45,55,38,78,97,41,33,38,52,76,112
2018_4,남부순환로70길,4823,2378,2445,560,681,566,713,901,1402,270,367,297,379,457,608,290,314,269,334,444,794
2018_4,남부순환로58길,2060,1059,1001,289,287,302,298,372,512,158,144,174,157,188,238,131,143,128,141,184,274
2018_4,남부순환로40길,2424,1333,1091,219,280,304,388,512,721,104,147,189,238,295,360,115,133,115,150,217,361
2018_4,남부순환로33길,3691,1808,1883,452,531,562,533,691,922,215,270,308,256,327,432,237,261,254,277,364,490
2018_4,곰달래로5길,3724,1921,1803,389,565,477,536,741,1016,204,297,264,283,383,490,185,268,213,253,358,526
2018_4,곰달래로3길,3853,2012,1841,485,497,497,637,769,968,258,282,272,330,418,452,227,215,225,307,351,516
2018_4,곰달래로2길,3492,1787,1705,514,465,524,545,651,793,263,234,290,289,335,376,251,231,234,256,316,417
2018_4,곰달래로10길,3379,1747,1632,451,410,580,548,579,811,228,235,305,290,298,391,223,175,275,258,281,420
2018_4,가로공원로58길,2349,1297,1052,208,304,228,388,508,713,106,165,135,235,304,352,102,139,93,153,204,361
2018_4,효창원로93길,2764,1320,1444,328,452,374,457,524,629,152,223,196,211,252,286,176,229,178,246,272,343
2018_4,토정로37길,2607,1255,1352,646,257,398,617,335,354,315,121,173,319,171,156,331,136,225,298,164,198
2018_4,월드컵로8길,1609,721,888,150,304,370,271,201,313,77,133,161,127,90,133,73,171,209,144,111,180
2018_4,월드컵로7길,1873,854,1019,213,360,439,271,258,332,110,153,200,123,122,146,103,207,239,148,136,186
2018_4,월드컵로36길,3832,1709,2123,443,782,753,635,516,703,218,286,330,317,247,311,225,496,423,318,269,392
2018_4,월드컵로25길,3070,1483,1587,493,463,535,553,422,604,250,228,259,276,216,254,243,235,276,277,206,350
2018_4,월드컵로19길,1615,748,867,164,307,291,260,213,380,82,143,146,129,103,145,82,164,145,131,110,235
2018_4,월드컵로16길,2463,1144,1319,307,458,519,397,336,446,159,202,236,182,171,194,148,256,283,215,165,252
2018_4,월드컵로11길,2423,1122,1301,271,429,552,370,304,497,135,185,257,187,151,207,136,244,295,183,153,290
2018_4,월드컵로10길,2393,1111,1282,219,357,481,426,331,579,114,137,220,207,171,262,105,220,261,219,160,317
2018_4,와우산로3길,1757,828,929,153,366,414,238,254,332,76,165,207,119,122,139,77,201,207,119,132,193
2018_4,와우산로29길,786,367,419,72,146,177,131,95,165,38,62,86,68,40,73,34,84,91,63,55,92
2018_4,와우산로29가길,502,229,273,28,195,122,46,40,71,15,87,57,20,20,30,13,108,65,26,20,41
2018_4,양화진길,1294,593,701,119,201,299,191,182,302,73,84,149,98,73,116,46,117,150,93,109,186
2018_4,양화로1길,2663,1208,1455,317,498,549,429,340,530,150,212,254,212,153,227,167,286,295,217,187,303
2018_4,양화로11길,759,327,432,80,152,173,120,81,153,41,63,73,50,34,66,39,89,100,70,47,87
2018_4,신촌로30길,515,256,259,39,55,59,64,94,204,19,28,35,41,47,86,20,27,24,23,47,118
2018_4,신촌로28가길,190,100,90,11,15,23,26,50,65,1,7,13,16,31,32,10,8,10,10,19,33
2018_4,신촌로12길,1917,931,986,112,565,433,230,219,358,62,286,219,112,100,152,50,279,214,118,119,206
2018_4,숭문길,2779,1377,1402,331,417,314,428,489,800,176,215,171,220,252,343,155,202,143,208,237,457
2018_4,숭문8길,790,376,414,143,85,171,128,105,158,64,42,88,72,43,67,79,43,83,56,62,91
2018_4,성지3길,1008,463,545,100,198,230,124,144,212,52,80,118,65,66,82,48,118,112,59,78,130
2018_4,성산로4길,3416,1678,1738,454,518,571,578,530,765,237,247,286,293,268,347,217,271,285,285,262,418
2018_4,성미산로32길,1174,534,640,86,257,308,156,164,203,46,107,140,77,81,83,40,150,168,79,83,120
2018_4,성미산로1길,3142,1469,1673,471,471,596,604,412,588,255,218,274,271,196,255,216,253,322,333,216,333
2018_4,성미산로11길,3658,1734,1924,507,554,700,661,507,729,272,264,343,305,242,308,235,290,357,356,265,421
2018_4,백범로16길,1705,824,881,244,238,304,297,227,395,124,109,144,159,115,173,120,129,160,138,112,222
2018_4,방울내로9안길,5548,2681,2867,931,748,985,967,818,1099,453,375,454,501,407,491,478,373,531,466,411,608
2018_4,모래내로7길,2027,1005,1022,294,326,306,351,310,440,163,164,160,181,151,186,131,162,146,170,159,254
2018_4,매봉산로2길,2835,1443,1392,351,544,564,418,375,583,182,244,313,235,206,263,169,300,251,183,169,320
2018_4,망원로2길,4381,2081,2300,591,684,891,708,629,878,302,328,419,353,301,378,289,356,472,355,328,500
2018_4,망원로11길,2171,1020,1151,323,316,322,395,322,493,152,142,168,199,161,198,171,174,154,196,161,295
2018_4,만리재옛길,3048,1452,1596,353,513,522,484,473,703,176,218,269,248,238,303,177,295,253,236,235,400
2018_4,마포대로4길,836,392,444,94,144,187,113,122,176,50,74,90,57,55,66,44,70,97,56,67,110
2018_4,마포대로20길,2121,1015,1106,271,353,456,349,320,372,134,157,208,182,165,169,137,196,248,167,155,203
2018_4,마포대로12길,860,387,473,69,172,273,121,87,138,38,61,124,58,45,61,31,111,149,63,42,77
2018_4,동교로38길,1141,574,567,68,295,283,145,125,225,42,143,143,87,72,87,26,152,140,58,53,138
2018_4,동교로27길,2480,1133,1347,257,552,572,376,254,469,116,264,252,171,117,213,141,288,320,205,137,256
2018_4,동교로25길,1292,565,727,108,305,297,175,177,230,43,126,124,88,79,105,65,179,173,87,98,125
2018_4,동교로19길,1803,841,962,202,288,402,353,260,298,97,138,194,168,124,120,105,150,208,185,136,178
2018_4,동교로17길,1852,861,991,220,367,402,334,229,300,117,161,181,169,105,128,103,206,221,165,124,172
2018_4,독막로8길,1353,626,727,141,276,322,188,183,243,76,118,146,93,86,107,65,158,176,95,97,136
2018_4,독막로32길,2812,1385,1427,369,397,449,446,449,702,188,212,228,225,229,303,181,185,221,221,220,399
2018_4,독막로22길,1024,476,548,169,142,196,189,129,199,89,67,83,83,62,92,80,75,113,106,67,107
2018_4,도화길,1081,462,619,123,223,252,156,138,189,58,72,107,72,77,76,65,151,145,84,61,113
2018_4,도화4길,3546,1677,1869,568,381,572,570,592,863,282,191,270,292,283,359,286,190,302,278,309,504
2018_4,대흥로28길,1418,687,731,80,418,177,174,228,341,34,193,83,93,123,161,46,225,94,81,105,180
2018_4,대흥로21길,3399,1760,1639,268,808,507,454,516,846,150,447,276,245,288,354,118,361,231,209,228,492
2018_4,광성로6길,2022,1087,935,230,540,263,306,290,393,128,336,150,154,154,165,102,204,113,152,136,228
2018_4,홍제내길,3308,1536,1772,488,419,442,557,503,899,238,210,221,264,242,361,250,209,221,293,261,538
2018_4,홍연길,1084,563,521,123,141,143,145,187,345,67,79,78,84,100,155,56,62,65,61,87,190
2018_4,통일로39길,1597,791,806,192,229,180,241,283,472,111,109,95,135,125,216,81,120,85,106,158,256
2018_4,통일로37길,1624,739,885,151,191,209,240,310,523,72,93,103,117,136,218,79,98,106,123,174,305
2018_4,통일로11길,288,158,130,20,39,39,29,41,120,11,24,19,18,28,58,9,15,20,11,13,62
2018_4,충정로6길,688,362,326,35,116,171,83,108,175,20,58,84,53,64,83,15,58,87,30,44,92
2018_4,충정로4길,499,248,251,30,84,125,69,61,130,13,43,59,39,32,62,17,41,66,30,29,68
2018_4,증가로6길,3064,1515,1549,371,518,446,464,488,777,192,265,241,242,239,336,179,253,205,222,249,441
2018_4,증가로23나길,5204,2497,2707,724,735,760,818,874,1293,353,358,391,400,422,573,371,377,369,418,452,720
2018_4,증가로20가길,3592,1793,1799,590,644,461,627,573,697,305,345,246,312,274,311,285,299,215,315,299,386
2018_4,증가로10길,3875,1875,2000,392,748,509,578,636,1012,195,347,278,293,305,457,197,401,231,285,331,555
2018_4,응암로1길,3845,1875,1970,472,480,634,619,607,1033,241,235,319,321,278,481,231,245,315,298,329,552
2018_4,연희로10길,3359,1842,1517,269,1414,618,333,285,440,151,860,347,160,130,194,118,554,271,173,155,246
2018_4,신촌로37길,795,449,346,57,123,108,123,166,218,31,68,63,72,99,116,26,55,45,51,67,102
2018_4,수색로8길,3660,1779,1881,522,446,592,528,589,983,253,231,304,270,282,439,269,215,288,258,307,544
2018_4,세무서길,2406,1168,1238,247,347,301,333,422,756,130,183,159,175,210,311,117,164,142,158,212,445
2018_4,세무서2길,1455,706,749,157,204,191,232,228,443,79,106,102,120,122,177,78,98,89,112,106,266
2018_4,세검정로1길,1162,558,604,165,126,133,185,178,375,85,57,60,95,103,158,80,69,73,90,75,217
2018_4,북아현로4길,3522,1692,1830,323,527,456,559,639,1018,167,260,264,265,314,422,156,267,192,294,325,596
2018_4,모래내로15길,10755,5182,5573,2518,1112,1616,2066,1456,1987,1242,569,710,1070,718,873,1276,543,906,996,738,1114
2018_4,명지대길,2429,1168,1261,309,574,365,328,343,510,161,276,180,155,167,229,148,298,185,173,176,281
2018_4,독립문로8길,4172,1958,2214,676,552,614,709,582,1039,330,254,323,351,289,411,346,298,291,358,293,628
2018_4,가재울로6길,2757,1351,1406,367,370,387,454,402,777,187,179,190,244,216,335,180,191,197,210,186,442
2018_4,통일로92길,5780,2880,2900,678,947,953,803,1050,1349,354,481,532,415,484,614,324,466,421,388,566,735
2018_4,통일로87길,1816,873,943,236,292,318,291,243,436,115,135,173,148,114,188,121,157,145,143,129,248
2018_4,통일로78길,4505,2164,2341,553,702,716,667,760,1107,285,368,373,309,346,483,268,334,343,358,414,624
2018_4,통일로69길,1750,845,905,225,238,264,273,282,468,116,115,139,140,133,202,109,123,125,133,149,266
2018_4,진흥로1길,4156,1998,2158,689,547,647,706,672,895,352,271,310,356,315,394,337,276,337,350,357,501
2018_4,진흥로12길,5827,2861,2966,694,800,906,907,977,1543,353,410,483,484,470,661,341,390,423,423,507,882
2018_4,증산서길,820,426,394,123,100,117,125,131,224,64,58,62,74,66,102,59,42,55,51,65,122
2018_4,증산로9길,2718,1329,1389,369,359,393,416,456,725,187,179,208,208,215,332,182,180,185,208,241,393
2018_4,증산로5길,2741,1332,1409,373,342,325,417,467,817,189,184,160,198,223,378,184,158,165,219,244,439
2018_4,증산로21길,5296,2567,2729,723,780,880,828,832,1253,361,400,463,412,380,551,362,380,417,416,452,702
2018_4,증산로17길,2058,984,1074,267,287,308,311,322,563,134,134,161,157,152,246,133,153,147,154,170,317
2018_4,증산로15길,2500,1250,1250,314,302,354,412,427,691,164,154,181,227,216,308,150,148,173,185,211,383
2018_4,증산로13길,1994,1013,981,208,268,226,283,418,591,107,136,121,150,215,284,101,132,105,133,203,307
2018_4,응암로34길,2889,1410,1479,504,354,424,515,446,646,268,174,202,267,214,285,236,180,222,248,232,361
2018_4,응암로22길,1922,935,987,228,238,227,287,343,599,114,137,113,154,168,249,114,101,114,133,175,350
2018_4,응암로14길,2596,1320,1276,361,296,405,444,414,676,189,166,210,236,233,286,172,130,195,208,181,390
2018_4,응암로13길,1836,895,941,186,278,324,285,273,490,99,135,172,134,138,217,87,143,152,151,135,273
2018_4,응암로12길,1496,753,743,183,193,135,218,280,487,101,106,77,117,130,222,82,87,58,101,150,265
2018_4,은평로8길,3512,1689,1823,629,450,679,620,446,688,329,219,321,311,205,304,300,231,358,309,241,384
2018_4,은평로3길,2300,1073,1227,364,305,371,382,359,519,185,144,183,187,163,211,179,161,188,195,196,308
2018_4,은평로20길,295,141,154,28,39,35,48,63,82,17,24,15,22,30,33,11,15,20,26,33,49
2018_4,은평로13길,3276,1560,1716,512,371,496,559,523,815,251,185,247,258,250,369,261,186,249,301,273,446
2018_4,은평로10길,2950,1467,1483,476,358,412,508,494,702,268,189,218,253,238,301,208,169,194,255,256,401
2018_4,연서로5길,2643,1234,1409,427,368,413,452,428,555,206,160,214,208,203,243,221,208,199,244,225,312
2018_4,연서로41길,3959,1922,2037,493,489,527,670,689,1091,247,248,269,351,322,485,246,241,258,319,367,606
2018_4,연서로3길,3678,1723,1955,636,509,639,585,550,759,305,249,298,298,250,323,331,260,341,287,300,436
2018_4,연서로34길,3000,1421,1579,392,395,487,420,488,818,188,199,260,211,220,343,204,196,227,209,268,475
2018_4,연서로33길,2073,1005,1068,209,282,264,287,339,692,109,144,149,139,160,304,100,138,115,148,179,388
2018_4,연서로29길,1065,498,567,128,180,216,160,151,230,71,69,112,74,70,102,57,111,104,86,81,128
2018_4,연서로28길,3669,1727,1942,380,664,648,534,566,877,174,320,326,258,262,387,206,344,322,276,304,490
2018_4,연서로27길,2937,1375,1562,338,446,463,488,496,706,164,200,244,230,231,306,174,246,219,258,265,400
2018_4,연서로21길,4250,2017,2233,703,601,692,734,627,893,351,283,355,351,279,398,352,318,337,383,348,495
2018_4,연서로17길,2252,1068,1184,315,325,334,372,402,504,152,152,172,175,192,225,163,173,162,197,210,279
2018_4,연서로16길,4663,2203,2460,698,632,684,786,772,1091,344,307,333,388,349,482,354,325,351,398,423,609
2018_4,연서로13길,3952,1860,2092,621,583,589,663,642,854,307,275,297,309,300,372,314,308,292,354,342,482
2018_4,연서로11길,3920,1858,2062,664,561,654,630,618,793,330,262,328,285,294,359,334,299,326,345,324,434
2018_4,역말로9길,5545,2660,2885,789,727,864,932,901,1332,383,356,442,473,430,576,406,371,422,459,471,756
2018_4,수색로18길,1060,528,532,106,135,108,164,202,345,62,69,62,86,106,143,44,66,46,78,96,202
2018_4,서오릉로8길,2650,1243,1407,296,381,388,396,451,738,143,185,186,201,227,301,153,196,202,195,224,437
2018_4,서오릉로21길,3994,1908,2086,617,536,572,635,650,984,301,273,299,306,290,439,316,263,273,329,360,545
2018_4,불광천길,5214,2531,2683,623,700,775,850,858,1408,301,361,417,442,426,584,322,339,358,408,432,824
2018_4,갈현로7길,2471,1196,1275,379,312,371,416,408,585,205,164,174,207,180,266,174,148,197,209,228,319
2018_4,갈현로41길,3187,1564,1623,354,443,386,493,598,913,186,249,201,240,290,398,168,194,185,253,308,515
2018_4,갈현로33길,3678,1769,1909,620,571,520,596,614,757,317,292,271,267,278,344,303,279,249,329,336,413
2018_4,갈현로1길,2845,1379,1466,507,380,518,481,433,526,265,173,268,227,220,226,242,207,250,254,213,300
2018_4,가좌로7길,3671,1824,1847,496,501,450,548,678,998,270,264,252,262,339,437,226,237,198,286,339,561
2018_4,한글비석로44길,3932,1969,1963,500,524,429,664,658,1157,247,286,243,339,329,525,253,238,186,325,329,632
2018_4,한글비석로24길,2465,1255,1210,273,353,304,317,464,754,143,196,180,158,237,341,130,157,124,159,227,413
2018_4,한글비석로22길,1815,926,889,327,251,193,304,328,412,164,135,92,155,173,207,163,116,101,149,155,205
2018_4,석계로1길,2084,1078,1006,244,259,262,343,331,645,126,144,152,177,179,300,118,115,110,166,152,345
2018_4,상계로9가길,2597,1341,1256,295,362,324,394,466,756,166,177,189,210,245,354,129,185,135,184,221,402
2018_4,상계로1길,1199,608,591,205,180,178,201,204,231,108,97,91,101,95,116,97,83,87,100,109,115
2018_4,상계로12길,3570,1774,1796,423,631,408,539,660,909,217,313,236,285,322,401,206,318,172,254,338,508
2018_4,동일로242길,2506,1237,1269,315,413,306,318,456,698,169,218,155,156,220,319,146,195,151,162,236,379
2018_4,동일로192길,2866,1493,1373,276,924,385,300,384,597,136,495,208,165,200,289,140,429,177,135,184,308
2018_4,동일로173가길,3676,1852,1824,550,553,586,536,591,860,290,281,303,291,272,415,260,272,283,245,319,445
2018_4,공릉로58길,1523,759,764,258,330,161,227,264,283,145,171,83,98,123,139,113,159,78,129,141,144
2018_4,해등로16길,2245,1084,1161,316,356,296,342,445,490,165,181,150,154,203,231,151,175,146,188,242,259
2018_4,우이천로4다길,2296,1156,1140,327,325,277,334,436,597,179,177,147,155,232,266,148,148,130,179,204,331
2018_4,우이천로32길,3035,1444,1591,497,404,413,517,469,735,244,201,202,252,224,321,253,203,211,265,245,414
2018_4,시루봉로23길,3560,1846,1714,381,484,393,549,700,1053,215,259,221,296,351,504,166,225,172,253,349,549
2018_4,삼양로144길,972,455,517,130,192,126,143,133,248,77,56,64,74,69,115,53,136,62,69,64,133
2018_4,방학로6가길,2117,1059,1058,230,298,248,320,450,571,111,154,134,170,234,256,119,144,114,150,216,315
2018_4,방학로5길,3932,1979,1953,546,526,584,538,694,1044,297,265,324,287,336,470,249,261,260,251,358,574
2018_4,방학로15길,3828,1896,1932,812,502,435,704,671,704,409,272,217,322,332,344,403,230,218,382,339,360
2018_4,방학로10길,1970,964,1006,288,265,256,314,363,484,148,139,138,152,174,213,140,126,118,162,189,271
2018_4,도봉산길,1714,880,834,171,223,202,252,321,545,85,124,108,141,168,254,86,99,94,111,153,291
2018_4,도봉산4길,373,197,176,20,45,54,49,83,122,11,24,33,30,49,50,9,21,21,19,34,72
2018_4,도봉로181길,1957,995,962,236,239,229,270,353,630,121,136,138,142,174,284,115,103,91,128,179,346
2018_4,도봉로169나길,3054,1550,1504,311,319,440,444,535,1005,166,152,245,243,259,485,145,167,195,201,276,520
2018_4,도봉로156길,1411,761,650,144,169,153,207,294,444,62,89,91,128,169,222,82,80,62,79,125,222
2018_4,도봉로152가길,692,370,322,47,88,80,65,166,246,24,57,50,38,90,111,23,31,30,27,76,135
2018_4,도봉로147길,3517,1732,1785,400,489,420,492,686,1030,193,248,207,267,358,459,207,241,213,225,328,571
2018_4,도봉로143길,1867,926,941,202,276,216,266,375,532,111,137,113,134,183,248,91,139,103,132,192,284
2018_4,도봉로114길,4840,2323,2517,439,794,715,739,890,1263,205,389,360,380,433,556,234,405,355,359,457,707
2018_4,도봉로109길,2315,1125,1190,274,353,391,340,349,608,134,182,197,174,163,275,140,171,194,166,186,333
2018_4,도당로29길,2901,1461,1440,298,396,353,455,511,888,144,207,186,237,265,422,154,189,167,218,246,466
2018_4,도당로19길,3890,2034,1856,480,524,416,628,697,1145,263,292,226,332,392,529,217,232,190,296,305,616
2018_4,도당로13바길,3472,1750,1722,507,497,432,544,652,840,271,263,241,266,332,377,236,234,191,278,320,463
2018_4,도당로13가길,1613,835,778,160,209,186,256,330,472,89,108,111,135,166,226,71,101,75,121,164,246
2018_4,덕릉로60길,2419,1196,1223,338,349,343,343,431,615,170,179,189,179,202,277,168,170,154,164,229,338
2018_4,노해로63다길,1912,949,963,276,259,278,285,337,477,152,122,141,146,155,233,124,137,137,139,182,244
2018_4,노해로60길,1796,871,925,151,338,336,254,303,414,80,140,172,134,143,202,71,198,164,120,160,212
2018_4,한천로140길,1767,867,900,144,369,307,234,300,413,84,173,172,118,149,171,60,196,135,116,151,242
2018_4,한천로139가길,1543,733,810,133,287,246,205,255,417,62,132,129,111,112,187,71,155,117,94,143,230
2018_4,한천로132길,1823,897,926,186,356,322,281,252,426,95,167,173,137,119,206,91,189,149,144,133,220
2018_4,한천로130길,3203,1627,1576,379,527,464,525,555,753,224,278,236,266,293,330,155,249,228,259,262,423
2018_4,한천로124나길,1841,905,936,220,315,301,271,286,448,111,146,168,150,150,180,109,169,133,121,136,268
2018_4,한천로109길,2984,1438,1546,541,402,372,513,491,665,278,205,182,244,213,316,263,197,190,269,278,349
2018_4,인수봉로79길,2696,1361,1335,368,330,311,435,509,743,191,168,173,225,254,350,177,162,138,210,255,393
2018_4,인수봉로72길,3721,1786,1935,528,495,518,506,628,1046,255,253,281,240,296,461,273,242,237,266,332,585
2018_4,인수봉로56길,1885,899,986,272,274,238,304,316,481,139,138,127,158,135,202,133,136,111,146,181,279
2018_4,오패산로67길,2046,1008,1038,174,343,391,344,346,448,86,149,209,178,178,208,88,194,182,166,168,240
2018_4,오패산로52길,2884,1425,1459,358,402,367,425,489,843,190,220,203,227,221,364,168,182,164,198,268,479
2018_4,오패산로30길,1428,700,728,197,228,187,228,217,371,105,112,99,120,103,161,92,116,88,108,114,210
2018_4,수유로12길,3271,1596,1675,319,613,532,468,508,831,161,272,291,254,244,374,158,341,241,214,264,457
2018_4,솔샘로65길,2984,1461,1523,376,442,424,443,547,752,189,214,223,223,264,348,187,228,201,220,283,404
2018_4,솔매로50길,2334,1086,1248,279,344,338,391,418,564,147,158,184,188,170,239,132,186,154,203,248,325
2018_4,솔매로45길,2059,998,1061,213,334,269,294,382,567,126,143,137,148,185,259,87,191,132,146,197,308
2018_4,솔매로41길,3089,1494,1595,338,482,430,439,557,843,179,233,237,219,262,364,159,249,193,220,295,479
2018_4,삼양로93길,3209,1594,1615,457,422,403,492,563,872,249,213,222,248,266,396,208,209,181,244,297,476
2018_4,삼양로77길,3122,1597,1525,407,406,445,440,523,901,217,237,239,235,260,409,190,169,206,205,263,492
2018_4,삼양로54길,3768,1866,1902,431,513,559,563,701,1001,229,254,290,294,356,443,202,259,269,269,345,558
2018_4,삼양로41길,4172,2091,2081,438,538,465,600,824,1307,222,279,260,323,441,566,216,259,205,277,383,741
2018_4,삼양로27길,1343,656,687,309,129,219,295,186,205,158,64,101,148,94,91,151,65,118,147,92,114
2018_4,삼양로24길,3069,1535,1534,285,344,369,408,589,1074,141,178,210,214,300,492,144,166,159,194,289,582
2018_4,삼양로20길,2128,1084,1044,243,315,220,319,426,605,129,183,125,167,211,269,114,132,95,152,215,336
2018_4,삼각산로28길,3869,1859,2010,406,691,645,543,650,934,205,335,340,270,300,409,201,356,305,273,350,525
2018_4,도봉로99길,2302,1140,1162,214,429,355,336,414,554,108,223,198,171,204,236,106,206,157,165,210,318
2018_4,도봉로8길,250,126,124,17,28,42,50,48,65,8,16,25,29,26,22,9,12,17,21,22,43
2018_4,도봉로76길,3459,1559,1900,307,734,542,468,552,856,132,237,292,239,271,388,175,497,250,229,281,468
2018_4,도봉로67길,1692,823,869,182,239,246,222,285,518,97,113,134,114,136,229,85,126,112,108,149,289
2018_4,도봉로45길,3419,1668,1751,378,543,522,558,571,847,186,254,282,290,259,397,192,289,240,268,312,450
2018_4,도봉로18길,2954,1458,1496,342,368,411,448,550,835,171,183,243,228,267,366,171,185,168,220,283,469
2018_4,도봉로13길,1658,830,828,173,243,203,226,314,499,86,141,118,115,156,214,87,102,85,111,158,285
2018_4,덕릉로41길,2702,1312,1390,185,536,427,425,436,693,91,235,224,227,221,314,94,301,203,198,215,379
2018_4,덕릉로40길,2213,1098,1115,323,321,311,366,380,512,181,145,148,202,188,234,142,176,163,164,192,278
2018_4,노해로33길,2646,1298,1348,334,355,384,401,450,722,177,198,201,200,215,307,157,157,183,201,235,415
2018_4,노해로23길,1392,674,718,199,193,200,232,241,327,99,100,106,121,96,152,100,93,94,111,145,175
2018_4,노해로17길,2608,1309,1299,292,421,356,402,476,661,146,215,199,212,239,298,146,206,157,190,237,363
2018_4,화랑로40길,2099,1076,1023,246,279,306,367,397,504,126,141,168,190,209,242,120,138,138,177,188,262
2018_4,화랑로32길,3330,1655,1675,366,526,414,515,592,917,204,268,211,272,291,409,162,258,203,243,301,508
2018_4,화랑로1길,2928,1490,1438,366,365,421,481,482,813,201,174,228,265,251,371,165,191,193,216,231,442
2018_4,화랑로19길,2315,1175,1140,288,287,269,350,445,676,148,156,142,182,230,317,140,131,127,168,215,359
2018_4,화랑로14길,1356,692,664,131,318,201,191,214,301,64,172,115,112,104,125,67,146,86,79,110,176
2018_4,화랑로13길,1269,550,719,128,342,189,148,184,278,62,105,95,70,89,129,66,237,94,78,95,149
2018_4,한천로76길,2191,1065,1126,266,327,305,317,419,557,132,163,153,164,194,259,134,164,152,153,225,298
2018_4,한천로101가길,1210,609,601,264,133,152,233,204,224,122,76,77,116,112,106,142,57,75,117,92,118
2018_4,창경궁로43길,1304,587,717,131,326,250,168,186,243,61,151,110,82,87,96,70,175,140,86,99,147
2018_4,지봉로20길,2763,1395,1368,290,507,447,424,458,637,152,254,250,224,230,285,138,253,197,200,228,352
2018_4,종암로5길,2400,1321,1079,247,784,403,264,261,441,119,486,238,141,144,193,128,298,165,123,117,248
2018_4,종암로24가길,2236,1105,1131,386,248,402,356,329,515,196,140,198,182,169,220,190,108,204,174,160,295
2018_4,종암로21길,1689,831,858,293,260,268,289,245,334,147,130,131,154,120,149,146,130,137,135,125,185
2018_4,종암로19길,1938,949,989,271,277,291,301,322,476,130,148,152,145,161,213,141,129,139,156,161,263
2018_4,종암로16길,3335,1600,1735,368,409,403,477,572,1106,223,201,206,224,285,461,145,208,197,253,287,645
2018_4,정릉로8길,1799,950,849,204,393,249,218,258,477,115,235,144,118,138,200,89,158,105,100,120,277
2018_4,정릉로27길,3472,1704,1768,541,448,482,542,536,923,294,235,253,253,271,398,247,213,229,289,265,525
2018_4,정릉로26길,1872,913,959,289,189,228,343,286,537,144,102,114,171,144,238,145,87,114,172,142,299
2018_4,장위로50길,267,142,125,30,28,28,49,55,77,13,12,15,29,33,40,17,16,13,20,22,37
2018_4,장월로1길,2053,952,1101,229,459,266,261,305,533,106,170,144,142,158,232,123,289,122,119,147,301
2018_4,인촌로6길,987,496,491,155,145,157,184,138,208,80,81,78,93,69,95,75,64,79,91,69,113
2018_4,인촌로5길,1509,668,841,126,522,245,171,163,282,62,199,122,81,82,122,64,323,123,90,81,160
2018_4,인촌로24길,701,410,291,49,285,104,73,70,120,24,173,68,46,40,59,25,112,36,27,30,61
2018_4,개운사길,1012,491,521,74,554,123,68,62,131,39,268,73,31,31,49,35,286,50,37,31,82
2018_4,인촌로1길,991,477,514,78,229,160,135,154,235,37,99,79,79,81,102,41,130,81,56,73,133
2018_4,인촌로17가길,1621,824,797,155,541,232,216,185,292,84,300,113,108,92,127,71,241,119,108,93,165
2018_4,오패산로4길,3008,1454,1554,341,607,377,430,490,763,154,264,205,237,251,343,187,343,172,193,239,420
2018_4,오패산로3길,3327,1631,1696,454,392,436,470,556,1019,215,204,241,257,253,461,239,188,195,213,303,558
2018_4,오패산로19길,1677,834,843,164,217,198,265,304,529,83,116,101,136,159,239,81,101,97,129,145,290
2018_4,안암로5길,2233,1124,1109,248,450,390,358,340,447,133,242,210,185,169,185,115,208,180,173,171,262
2018_4,아리랑로4길,3084,1370,1714,267,833,610,374,364,636,135,323,289,174,175,274,132,510,321,200,189,362
2018_4,솔샘로6길,1989,988,1001,263,340,259,276,298,553,141,182,136,133,159,237,122,158,123,143,139,316
2018_4,성북로8길,1640,802,838,283,234,257,279,266,321,151,119,126,134,133,139,132,115,131,145,133,182
2018_4,삼양로8길,742,349,393,83,86,97,115,122,239,40,41,48,59,64,97,43,45,49,56,58,142
2018_4,삼선교로16가길,1760,890,870,237,267,236,264,302,454,123,150,133,136,152,196,114,117,103,128,150,258
2018_4,삼선교로10다길,2290,1144,1146,234,422,352,340,361,581,118,227,192,177,169,261,116,195,160,163,192,320
2018_4,삼선교로10길,2342,1083,1259,260,486,378,328,327,563,129,234,181,156,138,245,131,252,197,172,189,318
2018_4,보문로32길,1295,433,862,71,515,294,128,107,180,26,104,128,57,44,74,45,411,166,71,63,106
2018_4,보문로31길,2921,1328,1593,358,647,518,414,392,592,183,280,244,195,182,244,175,367,274,219,210,348
2018_4,보문로26길,1517,731,786,125,403,235,181,223,350,69,191,121,93,118,139,56,212,114,88,105,211
2018_4,보문로13길,2355,1144,1211,213,392,365,372,401,612,113,193,200,185,180,273,100,199,165,187,221,339
2018_4,보국문로16길,2961,1468,1493,437,423,421,459,482,739,234,221,218,245,231,319,203,202,203,214,251,420
2018_4,동소문로6길,278,131,147,27,35,36,35,52,93,15,18,18,16,27,37,12,17,18,19,25,56
2018_4,동소문로2길,374,195,179,35,58,43,58,63,117,21,31,24,32,31,56,14,27,19,26,32,61
2018_4,동소문로26가길,2278,897,1381,149,708,385,299,233,504,61,198,170,142,108,218,88,510,215,157,125,286
2018_4,동소문로15길,1084,460,624,127,293,190,146,132,196,68,100,88,66,61,77,59,193,102,80,71,119
2018_4,동소문로13길,2936,1331,1605,495,556,412,455,434,584,244,233,195,207,203,249,251,323,217,248,231,335
2018_4,돌곶이로8길,1332,676,656,144,162,159,165,267,435,76,87,83,95,133,202,68,75,76,70,134,233
2018_4,돌곶이로41길,1915,957,958,263,243,270,293,339,507,142,127,154,141,171,222,121,116,116,152,168,285
2018_4,돌곶이로28길,1015,553,462,120,128,118,166,210,273,67,64,60,91,124,147,53,64,58,75,86,126
2018_4,돌곶이로27길,2740,1388,1352,303,334,311,437,513,842,157,189,168,227,264,383,146,145,143,210,249,459
2018_4,돌곶이로22길,1179,587,592,144,186,160,181,210,298,66,89,91,87,103,151,78,97,69,94,107,147
2018_4,돌곶이로14길,1295,651,644,155,170,150,201,241,378,92,74,76,108,126,175,63,96,74,93,115,203
2018_4,길음로7길,275,139,136,15,22,25,33,44,136,8,11,14,19,25,62,7,11,11,14,19,74
2018_4,중랑천로10길,2611,1315,1296,312,353,380,428,494,644,155,177,206,226,251,300,157,176,174,202,243,344
2018_4,용마산로94길,3451,1778,1673,438,492,447,501,693,880,213,273,254,273,340,425,225,219,193,228,353,455
2018_4,용마산로118길,1978,1036,942,171,228,225,283,439,632,84,115,132,153,245,307,87,113,93,130,194,325
2018_4,용마산로112길,2287,1161,1126,272,321,270,316,455,653,127,171,148,163,240,312,145,150,122,153,215,341
2018_4,용마산로100길,3066,1549,1517,456,421,417,494,553,725,229,224,216,235,310,335,227,197,201,259,243,390
2018_4,신내로7가길,3756,1826,1930,777,521,571,508,645,734,399,263,260,276,295,333,378,258,311,232,350,401
2018_4,사가정로54길,3180,1581,1599,304,505,551,501,525,794,174,245,291,278,244,349,130,260,260,223,281,445
2018_4,사가정로42길,3131,1534,1597,426,438,452,456,567,792,203,228,219,235,261,388,223,210,233,221,306,404
2018_4,봉화산로56길,3893,1907,1986,691,512,557,632,676,825,348,274,291,312,320,362,343,238,266,320,356,463
2018_4,봉화산로4길,4652,2474,2178,442,613,687,707,954,1249,246,322,380,395,523,608,196,291,307,312,431,641
2018_4,봉화산로30길,3219,1629,1590,421,522,547,453,555,721,228,257,291,237,286,330,193,265,256,216,269,391
2018_4,봉우재로33길,2159,1037,1122,174,454,511,272,324,424,81,188,275,140,151,202,93,266,236,132,173,222
2018_4,면목로78길,5399,2673,2726,648,808,814,790,1001,1338,320,404,456,408,495,590,328,404,358,382,506,748
2018_4,면목로56길,2848,1448,1400,324,429,391,428,609,667,171,238,218,214,295,312,153,191,173,214,314,355
2018_4,면목로55길,1994,1014,980,298,283,301,339,366,407,151,143,151,185,190,194,147,140,150,154,176,213
2018_4,면목로49길,2887,1455,1432,284,353,503,467,509,771,166,157,277,257,244,354,118,196,226,210,265,417
2018_4,면목로48길,3095,1490,1605,373,485,551,473,531,682,187,222,288,243,247,303,186,263,263,230,284,379
2018_4,면목로45길,1356,684,672,114,224,190,217,251,360,55,117,95,119,136,162,59,107,95,98,115,198
2018_4,면목로33길,2668,1356,1312,410,357,381,451,447,622,220,181,199,233,248,275,190,176,182,218,199,347
2018_4,면목로21길,1920,971,949,252,271,295,327,334,441,132,146,151,179,167,196,120,125,144,148,167,245
2018_4,망우로73길,1447,780,667,170,186,154,222,292,423,86,114,87,123,153,217,84,72,67,99,139,206
2018_4,망우로68길,2371,1219,1152,289,355,339,325,473,590,151,194,186,163,232,293,138,161,153,162,241,297
2018_4,동일로163길,3673,1839,1834,480,528,698,535,636,796,239,254,392,263,324,367,241,274,306,272,312,429
2018_4,동일로157길,2697,1341,1356,261,467,500,392,460,617,132,212,277,212,237,271,129,255,223,180,223,346
2018_4,동일로149길,3015,1486,1529,438,446,512,465,506,648,229,224,268,232,247,286,209,222,244,233,259,362
2018_4,동일로140길,2426,1269,1157,322,354,421,330,428,571,189,198,219,187,219,257,133,156,202,143,209,314
2018_4,동일로139길,2839,1444,1395,232,365,386,414,618,824,115,182,209,216,326,396,117,183,177,198,292,428
2018_4,동일로139가길,1752,897,855,222,264,259,234,354,419,115,135,139,123,179,206,107,129,120,111,175,213
2018_4,동일로130길,3433,1649,1784,480,552,547,471,635,748,228,282,271,240,297,331,252,270,276,231,338,417
2018_4,동일로123길,2694,1353,1341,263,400,376,379,581,695,151,200,195,189,297,321,112,200,181,190,284,374
2018_4,동일로112길,4319,2131,2188,389,786,836,615,784,909,212,373,420,323,377,426,177,413,416,292,407,483
2018_4,동일로101길,3029,1496,1533,460,401,365,534,574,695,204,201,197,276,298,320,256,200,168,258,276,375
2018_4,동일로100길,5044,2557,2487,612,787,762,699,988,1196,316,393,422,357,497,572,296,394,340,342,491,624
2018_4,답십리로75길,1960,969,991,258,288,302,301,386,425,132,136,166,146,198,191,126,152,136,155,188,234
2018_4,공릉로2길,4220,2043,2177,503,624,775,642,624,1052,259,307,384,327,289,477,244,317,391,315,335,575
2018_4,공릉로12가길,1419,708,711,298,183,201,249,213,275,155,106,102,122,101,122,143,77,99,127,112,153
2018_4,겸재로54길,5220,2623,2597,671,823,877,792,967,1090,342,434,459,409,479,500,329,389,418,383,488,590
2018_4,겸재로36길,4285,2092,2193,450,633,660,709,793,1040,228,291,340,352,398,483,222,342,320,357,395,557
2018_4,겸재로29길,2290,1175,1115,233,356,368,343,430,560,121,184,195,192,224,259,112,172,173,151,206,301
2018_4,휘경로3길,2597,1285,1312,231,463,392,383,468,660,115,230,208,211,246,275,116,233,184,172,222,385
2018_4,휘경로2길,1304,673,631,113,374,206,162,174,275,52,187,129,94,88,123,61,187,77,68,86,152
2018_4,휘경로23길,2534,1247,1287,222,310,350,436,414,802,106,171,190,237,222,321,116,139,160,199,192,481
2018_4,휘경로14길,1974,1025,949,151,299,253,313,382,576,78,164,140,181,198,264,73,135,113,132,184,312
2018_4,한천로46길,2386,1150,1236,429,278,315,429,391,544,213,127,175,193,195,247,216,151,140,236,196,297
2018_4,한천로40길,1844,926,918,187,240,208,293,348,568,90,130,110,155,185,256,97,110,98,138,163,312
2018_4,한천로33길,872,424,448,123,122,121,153,161,192,64,54,55,83,78,90,59,68,66,70,83,102
2018_4,한천로14길,3130,1634,1496,318,368,415,493,649,887,170,191,221,275,354,423,148,177,194,218,295,464
2018_4,천호대로97길,2761,1420,1341,409,429,507,470,393,553,216,216,270,251,190,277,193,213,237,219,203,276
2018_4,천호대로77길,2360,1225,1135,288,356,379,364,423,550,149,195,212,184,203,282,139,161,167,180,220,268
2018_4,천호대로45길,2583,1359,1224,240,398,389,337,421,798,124,217,223,196,219,380,116,181,166,141,202,418
2018_4,천호대로17길,2859,1413,1446,243,606,564,416,433,597,130,274,303,222,229,255,113,332,261,194,204,342
2018_4,천호대로12길,207,117,90,26,25,23,37,45,51,13,14,13,25,25,27,13,11,10,12,20,24
2018_4,천장산로7길,1387,700,687,131,764,146,92,83,171,53,403,82,46,37,79,78,361,64,46,46,92
2018_4,제기로5길,1016,559,457,62,214,155,140,155,290,35,122,97,85,90,130,27,92,58,55,65,160
2018_4,제기로21길,3144,1599,1545,279,310,330,409,546,1270,137,172,201,219,287,583,142,138,129,190,259,687
2018_4,전농로4길,1473,768,705,119,183,145,242,322,462,68,103,76,134,176,211,51,80,69,108,146,251
2018_4,전농로3길,1649,830,819,212,244,172,263,311,447,116,129,94,126,155,210,96,115,78,137,156,237
2018_4,전농로29길,1970,978,992,231,278,225,284,379,573,116,162,129,142,186,243,115,116,96,142,193,330
2018_4,장한로8길,2291,1145,1146,320,334,400,336,398,503,170,171,201,163,191,249,150,163,199,173,207,254
2018_4,장한로5길,2085,1041,1044,298,304,349,309,357,468,161,147,185,164,171,213,137,157,164,145,186,255
2018_4,장한로27길,932,501,431,101,110,146,155,187,233,55,62,78,87,100,119,46,48,68,68,87,114
2018_4,장한로27가길,974,476,498,121,131,124,152,173,273,55,71,59,76,92,123,66,60,65,76,81,150
2018_4,장한로26길,2624,1290,1334,505,287,371,512,359,590,258,145,165,272,175,275,247,142,206,240,184,315
2018_4,장한로26가길,1417,703,714,203,210,298,221,200,285,97,93,156,120,93,144,106,117,142,101,107,141
2018_4,장한로25길,602,307,295,77,80,113,77,114,141,42,46,64,39,53,63,35,34,49,38,61,78
2018_4,장한로14길,1457,746,711,252,168,233,243,199,362,135,90,120,134,97,170,117,78,113,109,102,192
2018_4,이문로42길,3339,1700,1639,384,552,453,488,549,913,208,275,263,254,283,417,176,277,190,234,266,496
2018_4,왕산로43길,3473,1786,1687,360,398,457,521,666,1071,187,224,243,296,365,471,173,174,214,225,301,600
2018_4,왕산로33길,627,313,314,40,65,67,73,105,277,17,32,37,39,57,131,23,33,30,34,48,146
2018_4,왕산로32길,1076,566,510,68,185,160,138,188,337,31,98,86,87,107,157,37,87,74,51,81,180
2018_4,약령시로17길,1564,820,744,98,183,173,197,286,627,54,97,100,124,168,277,44,86,73,73,118,350
2018_4,서울시립대로4길,2393,1211,1182,384,303,428,402,348,528,208,142,223,213,184,241,176,161,205,189,164,287
2018_4,서울시립대로29길,4149,2109,2040,425,1124,622,440,551,987,228,601,359,248,254,419,197,523,263,192,297,568
2018_4,서울시립대로16길,3392,1662,1730,413,561,382,501,667,868,208,284,217,258,316,379,205,277,165,243,351,489
2018_4,사가정로2길,1821,891,930,249,253,282,293,316,428,123,139,137,148,160,184,126,114,145,145,156,244
2018_4,사가정로23가길,2021,977,1044,318,282,272,324,352,473,156,145,143,155,159,219,162,137,129,169,193,254
2018_4,사가정로13길,2001,978,1023,205,275,252,254,405,610,98,148,136,129,202,265,107,127,116,125,203,345
2018_4,무학로45길,1054,620,434,94,326,178,117,135,204,46,219,118,66,76,95,48,107,60,51,59,109
2018_4,무학로16길,1368,702,666,158,184,186,205,267,368,76,112,105,112,125,172,82,72,81,93,142,196
2018_4,망우로21길,559,285,274,76,87,73,72,90,161,39,41,43,35,43,84,37,46,30,37,47,77
2018_4,망우로18길,1556,765,791,163,550,216,187,163,277,78,270,115,100,80,122,85,280,101,87,83,155
2018_4,망우로18가길,2586,1346,1240,228,890,331,256,317,564,115,504,195,137,140,255,113,386,136,119,177,309
2018_4,답십리로72길,1142,558,584,156,161,223,168,192,242,76,82,106,89,90,115,80,79,117,79,102,127
2018_4,답십리로69길,1795,946,849,309,195,314,292,275,410,172,107,165,157,136,209,137,88,149,135,139,201
2018_4,답십리로68길,3318,1714,1604,385,485,730,579,557,582,223,246,400,304,276,265,162,239,330,275,281,317
2018_4,답십리로64길,2831,1412,1419,352,366,449,451,538,675,178,185,249,236,270,294,174,181,200,215,268,381
2018_4,답십리로63길,1374,706,668,153,191,188,217,248,377,70,103,115,115,125,178,83,88,73,102,123,199
2018_4,답십리로60길,1715,880,835,203,233,225,246,332,476,104,122,127,133,167,227,99,111,98,113,165,249
2018_4,답십리로56길,3636,1799,1837,416,455,466,574,670,1055,201,249,253,299,332,465,215,206,213,275,338,590
2018_4,답십리로23길,2334,1151,1183,300,366,335,344,407,582,172,178,163,182,196,260,128,188,172,162,211,322
2018_4,난계로30길,214,127,87,20,29,32,35,31,67,13,15,20,20,18,41,7,14,12,15,13,26
2018_4,경희대로4길,1245,634,611,119,429,169,155,142,231,55,228,97,79,70,105,64,201,72,76,72,126
2018_4,경희대로3길,601,283,318,42,228,108,61,57,105,19,99,56,28,34,47,23,129,52,33,23,58
2018_4,천호대로129길,3330,1600,1730,485,503,549,513,558,722,247,246,275,255,254,323,238,257,274,258,304,399
2018_4,천호대로123길,3065,1474,1591,454,489,536,460,545,581,241,233,262,227,248,263,213,256,274,233,297,318
2018_4,천호대로109길,3559,1663,1896,408,688,729,502,554,678,207,281,344,242,267,322,201,407,385,260,287,356
2018_4,자양번영로3길,3711,1870,1841,552,549,513,597,693,807,285,305,247,310,350,373,267,244,266,287,343,434
2018_4,자양로53길,2772,1340,1432,397,374,457,386,508,650,208,174,222,187,246,303,189,200,235,199,262,347
2018_4,자양로50길,4521,2199,2322,666,621,696,697,763,1078,356,330,356,337,344,476,310,291,340,360,419,602
2018_4,자양로45길,2530,1204,1326,283,406,431,387,465,558,155,190,196,193,215,255,128,216,235,194,250,303
2018_4,자양로26길,3052,1455,1597,365,626,550,494,495,522,187,277,273,239,239,240,178,349,277,255,256,282
2018_4,자양로15길,1886,846,1040,209,351,316,269,301,440,106,151,133,118,145,193,103,200,183,151,156,247
2018_4,자양로11길,3832,1873,1959,399,619,701,552,671,890,194,309,369,279,321,401,205,310,332,273,350,489
2018_4,용마산로3길,3903,1902,2001,642,619,773,592,583,694,357,305,366,291,271,312,285,314,407,301,312,382
2018_4,용마산로21길,5416,2681,2735,701,879,989,772,981,1094,349,438,525,376,484,509,352,441,464,396,497,585
2018_4,아차산로78길,1476,708,768,215,198,331,216,211,305,112,95,151,109,98,143,103,103,180,107,113,162
2018_4,아차산로65길,3001,1415,1586,593,445,457,541,433,532,274,220,217,255,207,242,319,225,240,286,226,290
2018_4,아차산로55길,2877,1344,1533,248,639,636,387,403,564,132,305,310,198,160,239,116,334,326,189,243,325
2018_4,아차산로51길,1779,832,947,167,472,396,216,257,271,85,199,192,101,131,124,82,273,204,115,126,147
2018_4,아차산로40길,3042,1494,1548,398,561,533,444,493,613,206,274,263,226,252,273,192,287,270,218,241,340
2018_4,면목로17길,4210,2099,2111,429,614,743,598,799,1027,215,321,401,297,390,475,214,293,342,301,409,552
2018_4,뚝섬로64길,2935,1471,1464,407,507,475,435,503,608,223,251,252,208,241,296,184,256,223,227,262,312
2018_4,뚝섬로58길,3603,1730,1873,609,532,642,592,538,690,311,254,324,271,256,314,298,278,318,321,282,376
2018_4,뚝섬로54길,3665,1805,1860,664,526,665,665,567,578,344,270,337,313,273,268,320,256,328,352,294,310
2018_4,뚝섬로48길,3659,1781,1878,475,580,718,589,582,715,244,281,352,299,279,326,231,299,366,290,303,389
2018_4,뚝섬로24길,2990,1508,1482,328,419,489,451,564,739,165,216,275,223,288,341,163,203,214,228,276,398
2018_4,뚝섬로23길,1914,941,973,218,264,295,286,354,497,103,133,154,156,179,216,115,131,141,130,175,281
2018_4,동일로24길,2973,1440,1533,233,928,608,354,348,502,124,399,319,196,171,231,109,529,289,158,177,271
2018_4,동일로18길,1845,958,887,154,326,320,267,335,443,77,165,177,144,191,204,77,161,143,123,144,239
2018_4,능동로4길,3013,1483,1530,639,399,471,543,502,459,329,199,218,267,246,224,310,200,253,276,256,235
2018_4,능동로3길,3639,1812,1827,348,460,523,516,724,1068,167,242,263,278,367,495,181,218,260,238,357,573
2018_4,능동로34길,5108,2347,2761,579,941,1245,747,653,943,301,388,563,374,303,418,278,553,682,373,350,525
2018_4,능동로19길,2317,1125,1192,96,887,399,241,274,420,35,383,208,142,168,189,61,504,191,99,106,231
2018_4,능동로13길,3647,1728,1919,217,1418,717,352,387,556,112,615,373,186,201,241,105,803,344,166,186,315
2018_4,긴고랑로9길,2083,1048,1035,246,339,368,305,354,471,133,161,197,161,175,221,113,178,171,144,179,250
2018_4,긴고랑로8길,4150,2091,2059,408,684,870,596,695,897,236,327,455,315,334,424,172,357,415,281,361,473
2018_4,긴고랑로7길,4756,2316,2440,668,701,723,794,837,1033,338,338,365,398,407,470,330,363,358,396,430,563
2018_4,긴고랑로20길,4137,1973,2164,518,675,736,620,707,881,272,316,359,304,320,402,246,359,377,316,387,479
2018_4,광나루로52길,4356,2072,2284,586,734,831,712,661,832,275,361,408,353,312,363,311,373,423,359,349,469
2018_4,광나루로40길,3897,1941,1956,425,700,802,612,532,826,205,343,429,317,283,364,220,357,373,295,249,462
2018_4,광나루로37길,679,329,350,104,100,102,96,118,159,52,48,51,50,62,66,52,52,51,46,56,93
2018_4,광나루로36길,2665,1284,1381,340,423,487,420,420,575,155,212,233,221,212,251,185,211,254,199,208,324
2018_4,광나루로24길,1289,684,605,89,439,213,151,157,240,44,246,120,91,77,106,45,193,93,60,80,134
2018_4,광나루로12길,2765,1353,1412,128,1460,607,220,167,183,57,636,338,132,95,95,71,824,269,88,72,88
2018_4,한림말길,2107,976,1131,203,278,352,306,387,581,89,123,172,154,203,235,114,155,180,152,184,346
2018_4,한림말3길,922,437,485,117,133,175,149,119,229,58,58,84,77,58,102,59,75,91,72,61,127
2018_4,청계천로10나길,2624,1338,1286,307,419,356,393,498,651,163,227,193,199,263,293,144,192,163,194,235,358
2018_4,장터길,1949,943,1006,199,255,293,307,319,576,109,129,148,157,154,246,90,126,145,150,165,330
2018_4,용답중앙길,2613,1350,1263,295,419,327,429,477,666,157,222,180,228,243,320,138,197,147,201,234,346
2018_4,용답29길,3063,1536,1527,313,478,453,476,571,772,155,228,239,252,308,354,158,250,214,224,263,418
2018_4,왕십리로6길,2259,1143,1116,310,344,385,405,315,500,173,174,192,202,159,243,137,170,193,203,156,257
2018_4,왕십리로31길,2870,1363,1507,319,528,488,446,421,668,149,231,249,233,209,292,170,297,239,213,212,376
2018_4,왕십리로26길,2882,1438,1444,353,591,427,446,498,567,184,273,220,232,273,256,169,318,207,214,225,311
2018_4,왕십리로21길,2417,1131,1286,306,478,368,398,380,487,150,216,188,194,178,205,156,262,180,204,202,282
2018_4,왕십리로14길,1831,945,886,216,331,298,273,316,397,123,165,144,138,167,208,93,166,154,135,149,189
2018_4,아차산로5길,1820,953,867,184,384,341,259,315,337,109,187,190,138,170,159,75,197,151,121,145,178
2018_4,아차산로15길,429,249,180,7,149,161,52,31,29,3,56,104,43,24,19,4,93,57,9,7,10
2018_4,아차산로11길,355,206,149,38,47,62,71,72,65,18,24,33,45,44,42,20,23,29,26,28,23
2018_4,송정4가길,2678,1440,1238,276,473,382,368,553,626,140,256,207,213,311,313,136,217,175,155,242,313
2018_4,송정12라길,1292,693,599,151,200,187,194,242,318,85,109,100,115,132,152,66,91,87,79,110,166
2018_4,성수일로6길,624,355,269,69,120,84,110,127,114,32,64,45,63,84,67,37,56,39,47,43,47
2018_4,성수이로7길,1289,695,594,107,300,236,172,223,251,56,137,141,98,128,135,51,163,95,74,95,116
2018_4,성수이로18길,259,150,109,31,36,25,51,61,55,15,18,18,33,42,24,16,18,7,18,19,31
2018_4,성덕정길,3209,1669,1540,390,540,417,491,702,669,203,299,232,243,397,295,187,241,185,248,305,374
2018_4,성덕정17길,3526,1880,1646,377,481,476,528,762,902,194,255,259,297,445,430,183,226,217,231,317,472
2018_4,서울숲2길,1793,895,898,233,287,355,286,278,354,113,158,181,152,137,154,120,129,174,134,141,200
2018_4,상원길,1128,576,552,131,206,217,195,176,203,64,102,113,105,97,95,67,104,104,90,79,108
2018_4,상원12길,2392,1211,1181,331,415,440,362,401,443,170,205,234,197,204,201,161,210,206,165,197,242
2018_4,사근동길,2405,1346,1059,169,967,304,213,252,500,82,614,185,119,124,222,87,353,119,94,128,278
2018_4,무학봉길,2274,1137,1137,364,385,330,371,368,456,195,205,170,180,181,206,169,180,160,191,187,250
2018_4,무학봉28길,1004,463,541,77,225,158,145,177,222,35,96,77,76,92,87,42,129,81,69,85,135
2018_4,무학로6길,1814,892,922,191,322,313,280,302,406,103,151,154,151,153,180,88,171,159,129,149,226
2018_4,무수막길,2199,1053,1146,265,263,325,383,376,587,127,117,165,202,193,249,138,146,160,181,183,338
2018_4,매봉길,5859,2768,3091,976,726,1508,953,808,888,501,353,675,475,368,396,475,373,833,478,440,492
2018_4,마조로1길,1219,570,649,76,587,208,78,109,161,37,266,99,36,53,79,39,321,109,42,56,82
2018_4,마조로16길,2709,1352,1357,317,409,336,395,462,790,169,195,169,211,241,367,148,214,167,184,221,423
2018_4,마장로39길,1329,653,676,238,197,199,238,217,240,124,97,105,113,100,114,114,100,94,125,117,126
2018_4,마장로27길,1827,916,911,230,300,288,254,302,453,131,152,143,141,146,203,99,148,145,113,156,250
2018_4,뚝섬로5길,1831,889,942,266,286,351,301,304,323,119,141,166,145,175,143,147,145,185,156,129,180
2018_4,둘레9길,2877,1548,1329,301,445,379,439,644,669,154,243,218,241,371,321,147,202,161,198,273,348
2018_4,금호산길,3321,1647,1674,443,464,443,516,593,862,248,237,235,256,296,375,195,227,208,260,297,487
2018_4,금호산2길,2321,1168,1153,291,363,320,326,401,620,162,207,173,165,196,265,129,156,147,161,205,355
2018_4,고산자로6길,4112,1971,2141,235,687,841,381,1008,960,124,481,322,203,384,457,111,206,519,178,624,503
2018_4,후암로28길,5621,2687,2934,873,785,927,950,868,1218,461,392,449,470,401,514,412,393,478,480,467,704
2018_4,효창원로39길,3151,1495,1656,442,475,568,489,460,717,223,232,292,230,226,292,219,243,276,259,234,425
2018_4,회나무로13길,2228,987,1241,189,272,337,351,353,726,96,144,155,165,152,275,93,128,182,186,201,451
2018_4,한남대로20길,566,257,309,42,94,130,88,73,139,20,32,68,42,36,59,22,62,62,46,37,80
2018_4,한강대로88길,109,84,25,3,6,11,24,28,37,2,4,8,17,26,27,1,2,3,7,2,10
2018_4,한강대로7길,751,407,344,59,66,105,101,134,286,38,38,58,62,78,133,21,28,47,39,56,153
2018_4,한강대로62길,901,457,444,81,123,148,111,167,271,49,64,80,58,87,119,32,59,68,53,80,152
2018_4,한강대로52길,666,337,329,33,99,147,99,71,217,18,56,82,50,50,81,15,43,65,49,21,136
2018_4,한강대로43길,1590,753,837,115,295,507,227,197,249,63,113,228,116,102,131,52,182,279,111,95,118
2018_4,한강대로15길,474,253,221,32,55,68,78,84,157,16,35,45,47,43,67,16,20,23,31,41,90
2018_4,한강대로104길,2701,1474,1227,277,363,408,431,539,683,155,176,200,263,338,342,122,187,208,168,201,341
2018_4,청파로73길,2495,1272,1223,264,418,360,401,453,599,148,235,200,208,226,255,116,183,160,193,227,344
2018_4,청파로71길,4221,2138,2083,546,753,693,671,687,871,286,407,393,337,329,386,260,346,300,334,358,485
2018_4,청파로47나길,3109,1469,1640,374,729,651,451,391,513,204,266,342,225,196,236,170,463,309,226,195,277
2018_4,청파로47길,1678,654,1024,146,580,272,198,170,312,69,153,122,81,89,140,77,427,150,117,81,172
2018_4,장문로45길,2928,1394,1534,306,451,472,444,494,761,167,231,247,217,214,318,139,220,225,227,280,443
2018_4,이태원로54길,2351,1033,1318,135,256,420,386,389,765,69,93,210,200,180,281,66,163,210,186,209,484
2018_4,이태원로27길,636,314,322,52,106,125,93,81,179,24,53,75,48,40,74,28,53,50,45,41,105
2018_4,이촌로22길,1812,866,946,180,178,224,276,333,621,100,91,125,149,164,237,80,87,99,127,169,384
2018_4,원효로89길,1019,493,526,81,190,187,174,153,234,42,67,101,92,84,107,39,123,86,82,69,127
2018_4,원효로53길,2331,1166,1165,238,398,489,325,333,548,122,203,266,179,167,229,116,195,223,146,166,319
2018_4,원효로41길,1491,724,767,219,183,198,263,219,409,95,102,109,143,101,174,124,81,89,120,118,235
2018_4,원효로19길,1866,903,963,256,325,312,287,283,403,130,158,155,143,136,181,126,167,157,144,147,222
2018_4,우사단로4길,2302,1154,1148,220,412,373,338,380,579,119,241,205,168,176,245,101,171,168,170,204,334
2018_4,우사단로14길,1235,631,604,111,162,273,210,183,296,58,84,153,115,86,135,53,78,120,95,97,161
2018_4,우사단로10길,2666,1423,1243,223,429,492,409,451,662,126,264,290,224,244,275,97,165,202,185,207,387
2018_4,신흥로20길,2708,1319,1389,379,376,446,419,397,691,202,192,239,212,181,293,177,184,207,207,216,398
2018_4,소월로20길,2227,1069,1158,233,328,428,298,346,594,117,173,223,135,159,262,116,155,205,163,187,332
2018_4,서빙고로71길,2522,1200,1322,284,318,286,391,460,783,141,154,150,201,235,319,143,164,136,190,225,464
2018_4,백범로90길,4152,1979,2173,619,630,1076,694,530,603,314,237,505,361,252,310,305,393,571,333,278,293
2018_4,백범로79길,4401,2058,2343,595,778,888,674,639,827,305,329,458,327,299,340,290,449,430,347,340,487
2018_4,두텁바위로1길,3185,1705,1480,283,439,435,480,565,983,148,243,230,263,334,487,135,196,205,217,231,496
2018_4,대사관로34길,1423,684,739,141,273,264,179,232,334,70,140,135,88,108,143,71,133,129,91,124,191
2018_4,녹사평대로46길,850,432,418,99,151,166,128,102,204,52,96,80,65,52,87,47,55,86,63,50,117
2018_4,녹사평대로40나길,771,358,413,101,125,144,121,89,191,41,55,76,64,41,81,60,70,68,57,48,110
2018_4,녹사평대로32길,534,272,262,49,81,123,74,61,146,30,45,63,42,27,65,19,36,60,32,34,81
2018_4,녹사평대로26길,955,449,506,82,161,199,127,145,241,45,84,107,54,69,90,37,77,92,73,76,151
2018_4,녹사평대로11길,418,204,214,44,51,79,72,58,114,23,26,39,33,38,45,21,25,40,39,20,69
2018_4,퇴계로90길,3440,1717,1723,355,546,411,584,661,883,184,269,207,308,362,387,171,277,204,276,299,496
2018_4,퇴계로8길,1491,762,729,83,142,145,190,245,686,34,60,88,94,133,353,49,82,57,96,112,333
2018_4,퇴계로56길,1130,580,550,92,182,132,157,199,368,50,104,74,90,101,161,42,78,58,67,98,207
2018_4,퇴계로46길,618,322,296,84,136,108,79,63,148,46,64,59,48,34,71,38,72,49,31,29,77
2018_4,퇴계로18길,706,350,356,93,94,126,113,87,193,46,55,69,55,42,83,47,39,57,58,45,110
2018_4,퇴계로12길,935,457,478,83,111,119,153,149,320,50,58,67,87,73,122,33,53,52,66,76,198
2018_4,청구로1길,2037,952,1085,221,286,247,328,392,563,103,134,136,162,203,214,118,152,111,166,189,349
2018_4,청구로17길,1792,890,902,206,311,272,257,311,435,108,146,152,125,157,202,98,165,120,132,154,233
2018_4,장충단로8길,1480,746,734,143,279,234,227,235,362,73,145,122,125,115,166,70,134,112,102,120,196
2018_4,삼일대로4길,107,63,44,29,10,28,16,13,11,19,5,16,8,8,7,10,5,12,8,5,4
2018_4,명동길,531,36,495,0,9,48,113,104,257,0,1,4,9,14,8,0,8,44,104,90,249
2018_4,동호로8길,697,329,368,93,132,128,107,85,152,45,62,64,54,45,59,48,70,64,53,40,93
2018_4,동호로20길,2114,1003,1111,288,359,345,341,328,453,149,174,179,157,148,196,139,185,166,184,180,257
2018_4,동호로15길,1877,906,971,175,274,229,303,320,576,96,132,116,150,177,235,79,142,113,153,143,341
2018_4,동호로11길,4601,2259,2342,526,730,741,757,731,1116,291,381,392,371,349,475,235,349,349,386,382,641
2018_4,동호로10길,2072,986,1086,234,417,445,289,303,384,119,188,208,143,149,179,115,229,237,146,154,205
2018_4,다산로39길,875,492,383,45,102,87,129,221,291,17,56,48,85,125,161,28,46,39,44,96,130
2018_4,다산로38길,1436,685,751,205,232,221,228,232,318,96,112,100,120,119,138,109,120,121,108,113,180
2018_4,다산로36길,2022,993,1029,222,283,243,344,401,529,115,141,129,185,202,221,107,142,114,159,199,308
2018_4,다산로33길,3551,1783,1768,343,606,483,566,662,891,177,311,282,300,331,382,166,295,201,266,331,509
2018_4,난계로21길,1076,531,545,77,251,308,132,133,175,42,118,150,72,74,75,35,133,158,60,59,100
2018_4,난계로11길,3351,1566,1785,285,736,710,493,508,619,135,279,339,253,263,297,150,457,371,240,245,322
2018_4,필운대로1길,722,323,399,137,84,89,160,93,159,62,44,41,66,47,63,75,40,48,94,46,96
2018_4,평창길,1787,882,905,307,366,173,224,264,453,182,190,85,101,120,204,125,176,88,123,144,249
2018_4,통일로12길,925,433,492,127,102,97,200,128,271,68,42,49,99,62,113,59,60,48,101,66,158
2018_4,창신길,2347,1180,1167,281,364,251,379,512,560,133,190,139,192,267,259,148,174,112,187,245,301
2018_4,창신5길,1293,695,598,93,153,122,183,309,433,48,96,73,91,177,210,45,57,49,92,132,223
2018_4,창신2길,802,414,388,69,105,83,114,188,243,32,58,49,68,93,114,37,47,34,46,95,129
2018_4,창경궁로35길,924,413,511,65,196,114,151,128,270,29,95,55,72,56,106,36,101,59,79,72,164
2018_4,지봉로8길,2307,1163,1144,231,307,283,368,452,666,122,161,162,202,224,292,109,146,121,166,228,374
2018_4,종로65길,3627,1873,1754,313,502,456,538,806,1012,165,242,260,279,434,493,148,260,196,259,372,519
2018_4,종로58가길,461,246,215,19,130,122,56,58,76,5,58,71,35,34,43,14,72,51,21,24,33
2018_4,종로24길,45,32,13,2,1,4,7,10,21,0,1,3,7,7,14,2,0,1,0,3,7
2018_4,자하문로7길,699,319,380,115,80,103,114,85,202,61,39,46,53,36,84,54,41,57,61,49,118
2018_4,이화장길,1644,801,843,197,356,299,217,233,342,98,167,150,102,120,164,99,189,149,115,113,178
2018_4,율곡로16길,469,251,218,44,74,80,69,88,114,29,39,48,39,43,53,15,35,32,30,45,61
2018_4,율곡로10길,249,147,102,8,23,30,36,51,101,5,13,19,27,32,51,3,10,11,9,19,50
2018_4,옥인길,2586,1163,1423,468,281,429,517,380,511,223,128,198,231,167,216,245,153,231,286,213,295
2018_4,숭인동길,1770,886,884,169,285,262,273,334,447,90,150,133,138,170,205,79,135,129,135,164,242
2018_4,성균관로5길,947,458,489,84,329,145,110,109,170,42,165,77,57,46,71,42,164,68,53,63,99
2018_4,삼청로5길,759,340,419,69,73,116,91,124,286,32,33,53,48,52,122,37,40,63,43,72,164
2018_4,북촌로5나길,682,324,358,104,84,110,115,104,165,61,39,55,60,42,67,43,45,55,55,62,98
2018_4,북촌로5길,451,209,242,60,60,59,55,69,148,37,23,26,29,33,61,23,37,33,26,36,87
2018_4,북촌로11길,663,301,362,59,64,75,101,132,232,30,35,35,52,62,87,29,29,40,49,70,145
2018_4,백석동길,1694,826,868,239,238,249,292,301,375,128,141,111,136,135,175,111,97,138,156,166,200
2018_4,명륜길,1453,711,742,149,482,186,149,161,326,67,241,114,81,67,141,82,241,72,68,94,185
2018_4,돈화문로11가길,1214,682,532,110,178,204,222,190,310,56,102,131,123,116,154,54,76,73,99,74,156
2018_4,난계로27길,841,383,458,19,369,234,82,54,83,11,111,110,50,43,58,8,258,124,32,11,25
2018_4,계동길,1806,851,955,257,203,238,341,276,491,126,98,114,157,135,221,131,105,124,184,141,270
2018_3,강남 마이스 관광특구,24,16,8,5,2,2,5,5,5,4,1,1,2,4,4,1,1,1,3,1,1
2018_3,잠실 관광특구,7011,3304,3707,719,1186,1749,1008,931,1418,370,505,776,510,451,692,349,681,973,498,480,726
2018_3,종로·청계 관광특구,1918,1262,656,50,204,196,222,448,798,24,141,139,159,312,487,26,63,57,63,136,311
2018_3,동대문패션타운 관광특구,2010,1012,998,170,342,405,281,362,450,79,149,216,149,178,241,91,193,189,132,184,209
2018_3,명동 남대문 북창동 다동 무교동 관광특구,1135,408,727,12,54,128,202,249,490,2,22,63,67,104,150,10,32,65,135,145,340
2018_3,이태원 관광특구,5430,2608,2822,393,717,1039,841,859,1581,205,367,549,436,414,637,188,350,490,405,445,944
2018_3,길동복조리시장,3200,1598,1602,461,411,480,490,509,849,266,209,246,259,226,392,195,202,234,231,283,457
2018_3,둔촌역전통시장,599,306,293,92,88,71,99,112,137,48,53,32,45,64,64,44,35,39,54,48,73
2018_3,성내골목시장,946,488,458,106,128,170,146,163,233,45,60,98,74,87,124,61,68,72,72,76,109
2018_3,천호시장,142,72,70,2,9,20,25,34,52,1,5,6,15,20,25,1,4,14,10,14,27
2018_3,동서울시장,183,93,90,11,10,24,38,39,61,4,3,15,21,23,27,7,7,9,17,16,34
2018_3,고분다리골목시장,365,196,169,33,63,43,44,85,97,14,39,26,29,42,46,19,24,17,15,43,51
2018_3,양지골목시장,790,398,392,139,107,147,138,118,141,65,63,79,73,51,67,74,44,68,65,67,74
2018_3,암사종합시장,902,469,433,75,158,174,152,149,194,44,73,96,90,70,96,31,85,78,62,79,98
2018_3,고덕전통시장,323,168,155,35,35,38,49,76,90,25,21,19,27,40,36,10,14,19,22,36,54
2018_3,명일골목시장,2008,997,1011,410,241,270,364,321,402,206,131,125,194,151,190,204,110,145,170,170,212
2018_3,새마을시장,2410,1175,1235,210,393,522,330,360,595,114,190,246,172,177,276,96,203,276,158,183,319
2018_3,석촌시장,845,421,424,106,135,135,141,159,169,47,67,66,76,84,81,59,68,69,65,75,88
2018_3,방이시장,5273,2520,2753,662,867,1123,746,840,1035,352,409,559,365,369,466,310,458,564,381,471,569
2018_3,마천시장,966,506,460,110,109,107,145,186,309,44,65,62,81,106,148,66,44,45,64,80,161
2018_3,풍납시장,2332,1160,1172,239,293,325,366,418,691,122,155,181,185,209,308,117,138,144,181,209,383
2018_3,강남개포시장,4,2,2,0,2,0,0,0,2,0,1,0,0,0,1,0,1,0,0,0,1
2018_3,도곡시장,229,107,122,58,22,39,51,37,22,35,7,16,23,16,10,23,15,23,28,21,12
2018_3,청담삼익시장,161,81,80,23,21,21,16,24,56,15,8,11,9,11,27,8,13,10,7,13,29
2018_3,논현종합시장,86,37,49,10,4,16,18,7,31,3,2,7,7,4,14,7,2,9,11,3,17
2018_3,영동전통시장,1192,566,626,91,218,304,201,157,221,43,106,143,101,74,99,48,112,161,100,83,122
2018_3,강남시장_강남,285,133,152,38,36,54,43,33,81,21,14,28,21,15,34,17,22,26,22,18,47
2018_3,양재시장,100,59,41,8,17,18,18,15,24,5,12,10,9,10,13,3,5,8,9,5,11
2018_3,남부종합시장,198,95,103,36,29,19,37,33,44,19,15,8,17,15,21,17,14,11,20,18,23
2018_3,우림시장,60,24,36,9,4,13,7,7,20,4,1,3,3,5,8,5,3,10,4,2,12
2018_3,미성동도깨비시장,657,307,350,59,99,72,94,111,222,29,43,36,48,58,93,30,56,36,46,53,129
2018_3,신신림시장,54,23,31,4,8,4,6,7,25,2,2,1,4,5,9,2,6,3,2,2,16
2018_3,삼성동시장,173,103,70,9,15,15,23,38,73,6,11,9,14,22,41,3,4,6,9,16,32
2018_3,신림중앙시장,57,32,25,5,16,17,4,4,11,3,5,12,3,2,7,2,11,5,1,2,4
2018_3,강남골목시장,585,308,277,40,122,134,65,100,124,14,66,78,34,53,63,26,56,56,31,47,61
2018_3,신림종합시장,3,2,1,0,0,0,2,0,1,0,0,0,1,0,1,0,0,0,1,0,0
2018_3,관악신사시장,2258,1121,1137,221,430,407,336,366,498,120,193,216,175,191,226,101,237,191,161,175,272
2018_3,신원시장,421,242,179,37,77,58,51,75,123,20,41,32,32,46,71,17,36,26,19,29,52
2018_3,인헌시장,1476,725,751,112,273,313,209,219,350,64,110,169,102,120,160,48,163,144,107,99,190
2018_3,봉천중앙시장,450,223,227,20,192,120,46,40,32,6,89,64,26,21,17,14,103,56,20,19,15
2018_3,봉천현대시장,14,5,9,1,3,1,2,4,3,1,1,0,1,2,0,0,2,1,1,2,3
2018_3,봉일시장,99,49,50,1,42,23,4,8,21,0,19,14,2,4,10,1,23,9,2,4,11
2018_3,봉천제일종합시장,406,187,219,15,140,66,37,58,90,5,50,36,20,37,39,10,90,30,17,21,51
2018_3,낙성대시장,650,306,344,44,242,159,69,55,81,21,95,85,38,26,41,23,147,74,31,29,40
2018_3,중부시장,629,291,338,39,174,147,65,57,147,19,55,81,38,34,64,20,119,66,27,23,83
2018_3,사당시장,8,5,3,0,4,0,0,3,1,0,3,0,0,1,1,0,1,0,0,2,0
2018_3,남성역골목시장,550,232,318,46,107,80,72,79,166,22,40,36,30,38,66,24,67,44,42,41,100
2018_3,남성사계시장,586,288,298,32,100,103,79,85,187,16,47,51,48,44,82,16,53,52,31,41,105
2018_3,흑석시장,1055,497,558,154,160,138,163,167,273,80,86,69,78,82,102,74,74,69,85,85,171
2018_3,상도4동도깨비골목시장,1917,947,970,154,273,294,268,314,614,79,143,173,142,146,264,75,130,121,126,168,350
2018_3,성대시장,164,76,88,10,53,26,21,32,22,5,16,16,9,17,13,5,37,10,12,15,9
2018_3,영도시장,57,28,29,1,8,6,9,11,22,0,5,3,7,5,8,1,3,3,2,6,14
2018_3,상도전통시장,1614,774,840,127,317,251,215,233,471,75,155,134,102,118,190,52,162,117,113,115,281
2018_3,강남시장_동작,120,47,73,7,24,23,17,9,40,4,7,10,7,2,17,3,17,13,10,7,23
2018_3,신노량진시장,16,8,8,0,4,1,3,5,3,0,1,1,1,3,2,0,3,0,2,2,1
2018_3,본동인정시장,430,234,196,28,82,68,66,74,112,16,50,41,44,38,45,12,32,27,22,36,67
2018_3,노량진중앙시장,152,95,57,4,59,33,13,15,28,1,38,26,10,10,10,3,21,7,3,5,18
2018_3,대림중앙시장,418,203,215,32,53,49,61,83,140,19,30,30,28,35,61,13,23,19,33,48,79
2018_3,우리시장,330,163,167,29,35,43,36,62,125,16,19,23,19,32,54,13,16,20,17,30,71
2018_3,영진시장A동,124,61,63,16,19,13,17,18,41,7,7,6,7,9,25,9,12,7,10,9,16
2018_3,사러가시장,105,50,55,14,8,7,25,16,35,10,3,3,12,6,16,4,5,4,13,10,19
2018_3,대신시장,120,54,66,24,12,15,25,19,25,12,5,6,13,10,8,12,7,9,12,9,17
2018_3,영일시장,733,381,352,74,114,153,107,95,190,40,55,93,57,57,79,34,59,60,50,38,111
2018_3,도림시장,77,35,42,5,35,12,3,7,15,2,16,8,1,3,5,3,19,4,2,4,10
2018_3,영등포청과시장,299,161,138,25,46,39,46,52,91,16,19,25,28,33,40,9,27,14,18,19,51
2018_3,영등포전통시장,2304,1428,876,82,317,426,358,421,700,52,138,259,254,308,417,30,179,167,104,113,283
2018_3,은행나무시장,421,206,215,46,45,68,71,70,121,24,26,41,37,34,44,22,19,27,34,36,77
2018_3,박미시장,296,156,140,24,29,27,64,49,103,18,12,15,30,29,52,6,17,12,34,20,51
2018_3,현대시장,2580,1236,1344,295,349,342,353,505,736,152,159,179,165,244,337,143,190,163,188,261,399
2018_3,대명시장,8,5,3,0,1,1,0,2,4,0,1,0,0,2,2,0,0,1,0,0,2
2018_3,푸른터시장,41,23,18,6,1,12,6,4,12,4,0,8,3,2,6,2,1,4,3,2,6
2018_3,남문시장,1697,854,843,184,224,194,255,410,430,87,109,107,126,230,195,97,115,87,129,180,235
2018_3,독산동 우시장,91,47,44,0,35,23,14,9,10,0,6,16,11,7,7,0,29,7,3,2,3
2018_3,오류시장,161,87,74,8,14,20,20,35,64,5,8,11,16,21,26,3,6,9,4,14,38
2018_3,개봉중앙시장,371,171,200,49,59,56,59,66,82,23,25,36,23,30,34,26,34,20,36,36,48
2018_3,고척근린시장,626,311,315,79,69,77,94,108,199,42,27,47,49,59,87,37,42,30,45,49,112
2018_3,가리봉시장,268,141,127,25,33,22,37,55,96,11,15,14,22,35,44,14,18,8,15,20,52
2018_3,남구로시장,656,367,289,64,49,68,104,147,224,26,25,37,67,97,115,38,24,31,37,50,109
2018_3,구로시장,131,71,60,13,13,11,17,32,45,3,7,6,12,21,22,10,6,5,5,11,23
2018_3,공항시장,164,72,92,0,84,41,19,8,12,0,24,18,12,8,10,0,60,23,7,0,2
2018_3,방신전통시장,592,293,299,69,80,75,96,108,164,31,42,35,56,56,73,38,38,40,40,52,91
2018_3,송화골목시장,526,257,269,90,69,87,85,91,104,47,32,40,35,53,50,43,37,47,50,38,54
2018_3,까치산시장,1187,542,645,148,176,236,172,165,290,74,75,120,84,71,118,74,101,116,88,94,172
2018_3,화곡본동시장,350,156,194,48,40,78,55,38,91,23,14,36,26,14,43,25,26,42,29,24,48
2018_3,남부골목시장,1913,916,997,216,247,301,276,341,532,109,133,145,140,167,222,107,114,156,136,174,310
2018_3,화곡중앙골목시장,1024,501,523,176,126,187,153,168,214,76,64,106,78,75,102,100,62,81,75,93,112
2018_3,신월중앙시장,73,40,33,13,12,13,13,7,15,6,9,6,8,4,7,7,3,7,5,3,8
2018_3,등마루시장,3,2,1,0,0,0,0,2,1,0,0,0,0,2,0,0,0,0,0,0,1
2018_3,신정3동골목시장,265,157,108,25,28,28,39,68,77,13,15,14,30,49,36,12,13,14,9,19,41
2018_3,신정2동골목시장,477,243,234,63,56,74,84,64,136,34,27,44,41,35,62,29,29,30,43,29,74
2018_3,신정제일시장,168,70,98,20,16,15,23,34,60,6,4,7,11,16,26,14,12,8,12,18,34
2018_3,신월7동골목시장,122,60,62,13,23,12,17,23,34,6,13,6,11,10,14,7,10,6,6,13,20
2018_3,신월6동골목시장,176,98,78,18,21,17,28,37,55,12,16,11,14,21,24,6,5,6,14,16,31
2018_3,신곡종합시장,62,30,32,16,4,17,15,3,7,9,2,6,8,2,3,7,2,11,7,1,4
2018_3,신월3동골목시장,336,186,150,31,41,25,49,78,112,17,21,14,28,50,56,14,20,11,21,28,56
2018_3,경창시장,358,169,189,65,33,49,57,51,103,33,16,24,29,25,42,32,17,25,28,26,61
2018_3,월정로시장,1695,860,835,221,197,227,255,329,466,117,99,121,124,177,222,104,98,106,131,152,244
2018_3,신영시장,1202,596,606,174,151,146,218,218,295,76,87,70,124,106,133,98,64,76,94,112,162
2018_3,목4동시장,1160,585,575,156,216,125,186,232,245,90,132,58,83,111,111,66,84,67,103,121,134
2018_3,목3동시장,1170,595,575,141,188,236,187,179,239,71,84,143,107,85,105,70,104,93,80,94,134
2018_3,목2동시장,1173,584,589,92,164,236,149,189,343,44,78,127,75,93,167,48,86,109,74,96,176
2018_3,동진시장,39,22,17,5,7,8,5,4,10,4,4,3,3,2,6,1,3,5,2,2,4
2018_3,망원월드컵시장,808,372,436,125,114,149,132,109,179,61,47,66,67,50,81,64,67,83,65,59,98
2018_3,망원시장,2038,959,1079,227,264,407,345,296,499,123,130,194,166,142,204,104,134,213,179,154,295
2018_3,합정시장,90,39,51,10,14,26,12,11,17,5,7,13,5,5,4,5,7,13,7,6,13
2018_3,영진시장,245,105,140,33,30,61,31,34,56,17,12,24,16,13,23,16,18,37,15,21,33
2018_3,서교시장,27,20,7,1,5,9,2,3,7,1,4,7,1,3,4,0,1,2,1,0,3
2018_3,신수시장,68,30,38,7,7,16,9,7,22,3,5,7,4,3,8,4,2,9,5,4,14
2018_3,아현시장,409,194,215,49,59,43,70,50,138,28,28,23,35,24,56,21,31,20,35,26,82
2018_3,마포시장,12,5,7,3,0,0,0,2,7,1,0,0,0,2,2,2,0,0,0,0,5
2018_3,공덕시장,12,7,5,0,3,1,1,5,2,0,2,0,1,3,1,0,1,1,0,2,1
2018_3,백련시장,156,72,84,12,15,29,22,26,52,9,9,8,14,12,20,3,6,21,8,14,32
2018_3,모래내시장,407,205,202,20,40,31,45,78,193,8,20,19,27,47,84,12,20,12,18,31,109
2018_3,포방터시장,512,254,258,61,64,63,81,91,152,30,38,34,41,51,60,31,26,29,40,40,92
2018_3,인왕시장,314,153,161,31,41,30,43,71,98,16,16,20,23,40,38,15,25,10,20,31,60
2018_3,아현가구거리상점가,129,70,59,7,26,15,18,24,39,6,16,10,8,11,19,1,10,5,10,13,20
2018_3,영천시장,354,179,175,26,49,34,60,69,116,11,26,21,38,35,48,15,23,13,22,34,68
2018_3,수일시장,118,54,64,4,9,12,10,25,58,1,5,8,5,11,24,3,4,4,5,14,34
2018_3,증산종합시장,159,73,86,25,21,19,22,32,40,13,9,9,12,12,18,12,12,10,10,20,22
2018_3,대림골목시장,635,314,321,70,65,84,85,118,213,37,40,40,46,66,85,33,25,44,39,52,128
2018_3,신응암시장,219,115,104,42,27,31,39,32,48,21,14,17,22,19,22,21,13,14,17,13,26
2018_3,녹번시장,16,10,6,2,2,0,4,2,6,2,1,0,2,2,3,0,1,0,2,0,3
2018_3,대조시장,489,243,246,64,61,81,91,71,121,29,35,42,50,39,48,35,26,39,41,32,73
2018_3,역촌중앙시장,11,8,3,0,0,0,2,5,4,0,0,0,0,5,3,0,0,0,2,0,1
2018_3,갈현시장,153,80,73,11,55,41,11,12,23,5,26,23,10,5,11,6,29,18,1,7,12
2018_3,연서시장,258,126,132,25,25,32,33,42,101,15,11,19,19,19,43,10,14,13,14,23,58
2018_3,상계중앙시장,1866,910,956,223,308,179,308,345,503,113,148,98,158,170,223,110,160,81,150,175,280
2018_3,공릉동도깨비시장,1566,779,787,163,332,300,185,235,351,74,157,164,96,117,171,89,175,136,89,118,180
2018_3,방학동도깨비시장,1005,505,500,108,153,98,157,200,289,57,92,53,79,98,126,51,61,45,78,102,163
2018_3,쌍문역골목시장,726,353,373,64,120,107,100,99,236,33,52,62,48,45,113,31,68,45,52,54,123
2018_3,백운시장,375,175,200,45,63,47,63,55,102,21,30,20,32,27,45,24,33,27,31,28,57
2018_3,신도봉시장,174,88,86,10,35,20,22,37,50,1,20,14,7,21,25,9,15,6,15,16,25
2018_3,창동골목시장,1245,605,640,135,164,163,184,220,379,69,80,85,90,119,162,66,84,78,94,101,217
2018_3,창동신창시장,2324,1117,1207,304,343,354,379,431,513,140,166,178,193,198,242,164,177,176,186,233,271
2018_3,수유북부시장,65,35,30,4,6,7,10,7,31,3,3,4,8,2,15,1,3,3,2,5,16
2018_3,장미원골목시장,1477,707,770,214,215,233,209,244,362,117,105,129,92,122,142,97,110,104,117,122,220
2018_3,수유중앙시장,49,29,20,6,11,4,8,12,8,5,7,2,6,7,2,1,4,2,2,5,6
2018_3,강북종합시장,727,381,346,60,110,97,110,150,200,32,43,57,67,87,95,28,67,40,43,63,105
2018_3,우이시장,1685,827,858,231,227,212,277,302,436,114,124,117,137,152,183,117,103,95,140,150,253
2018_3,수유전통시장,633,304,329,57,100,91,92,115,178,27,47,46,47,55,82,30,53,45,45,60,96
2018_3,번동북부골목시장,1167,571,596,157,174,189,216,168,263,76,86,95,116,84,114,81,88,94,100,84,149
2018_3,솔샘시장,146,71,75,12,17,19,21,26,51,6,9,11,11,12,22,6,8,8,10,14,29
2018_3,숭인시장,235,124,111,18,22,37,44,51,63,7,9,17,28,31,32,11,13,20,16,20,31
2018_3,방천골목시장,1528,761,767,135,261,197,242,268,425,73,123,111,129,127,198,62,138,86,113,141,227
2018_3,동북시장,29,15,14,5,2,3,2,3,14,2,2,1,2,1,7,3,0,2,0,2,7
2018_3,석관황금시장,1865,958,907,201,260,228,282,349,545,101,146,129,151,188,243,100,114,99,131,161,302
2018_3,석관시장,166,96,70,16,26,19,30,30,45,10,16,12,21,17,20,6,10,7,9,13,25
2018_3,새석관시장,83,43,40,6,9,11,9,17,31,5,3,6,7,10,12,1,6,5,2,7,19
2018_3,번동시장,32,17,15,7,3,2,5,6,9,5,1,1,2,3,5,2,2,1,3,3,4
2018_3,장위전통시장,1425,698,727,188,166,170,205,254,442,96,89,90,112,117,194,92,77,80,93,137,248
2018_3,밤나무골시장,236,112,124,34,17,34,35,42,74,19,8,20,16,20,29,15,9,14,19,22,45
2018_3,길음시장,15,13,2,0,2,1,3,3,6,0,2,1,3,2,5,0,0,0,0,1,1
2018_3,정릉시장,1390,703,687,163,243,204,181,213,386,87,134,114,96,99,173,76,109,90,85,114,213
2018_3,정릉아리랑시장,1066,518,548,185,134,162,204,157,224,100,61,91,104,72,90,85,73,71,100,85,134
2018_3,돈암제일시장,220,99,121,21,31,39,19,25,85,10,14,22,12,10,31,11,17,17,7,15,54
2018_3,유영시장,108,54,54,16,12,10,24,19,27,8,9,5,10,10,12,8,3,5,14,9,15
2018_3,우림골목시장,2134,1113,1021,222,263,291,290,438,630,115,139,170,158,233,298,107,124,121,132,205,332
2018_3,묵1동도깨비시장,1422,718,704,240,167,259,232,191,333,122,90,131,132,84,159,118,77,128,100,107,174
2018_3,태능시장,958,490,468,115,127,131,120,204,261,57,66,77,60,102,128,58,61,54,60,102,133
2018_3,중화제일시장,1895,953,942,236,285,261,307,355,451,128,141,147,154,176,207,108,144,114,153,179,244
2018_3,사가정시장,1918,953,965,176,303,289,265,346,539,86,165,162,128,169,243,90,138,127,137,177,296
2018_3,면목골목시장,1310,695,615,176,176,172,226,235,325,101,102,93,128,117,154,75,74,79,98,118,171
2018_3,동원시장,2112,1046,1066,234,302,287,295,416,578,113,154,160,160,208,251,121,148,127,135,208,327
2018_3,동부골목시장,1578,812,766,143,278,344,222,262,329,73,133,195,114,142,155,70,145,149,108,120,174
2018_3,이문제일시장,70,32,38,13,8,4,11,18,16,4,4,2,5,10,7,9,4,2,6,8,9
2018_3,이경시장,230,118,112,18,30,23,28,46,85,12,15,8,17,28,38,6,15,15,11,18,47
2018_3,회기시장,1205,511,694,74,501,205,108,103,214,23,206,100,44,48,90,51,295,105,64,55,124
2018_3,청량리청과물시장,62,44,18,2,4,5,11,15,25,1,0,5,9,12,17,1,4,0,2,3,8
2018_3,전곡시장,240,115,125,40,19,24,55,33,69,21,9,14,25,12,34,19,10,10,30,21,35
2018_3,답십리시장,437,204,233,57,59,64,68,74,115,22,29,31,34,34,54,35,30,33,34,40,61
2018_3,답십리현대시장,330,167,163,32,30,37,46,57,128,20,13,25,29,32,48,12,17,12,17,25,80
2018_3,전농로터리시장,84,49,35,5,10,4,17,18,30,3,8,4,12,9,13,2,2,0,5,9,17
2018_3,청량리종합시장,97,55,42,0,8,15,11,16,47,0,4,8,9,9,25,0,4,7,2,7,22
2018_3,청량리전통시장,173,137,36,1,7,12,18,48,87,1,5,9,17,41,64,0,2,3,1,7,23
2018_3,청량리농수산물시장,180,89,91,26,32,19,17,42,44,19,18,11,7,14,20,7,14,8,10,28,24
2018_3,서울약령시장,2166,1152,1014,129,270,288,301,394,784,77,142,164,177,217,375,52,128,124,124,177,409
2018_3,동서시장,3,3,0,0,0,0,0,3,0,0,0,0,0,3,0,0,0,0,0,0,0
2018_3,경동시장,9,4,5,0,0,0,1,1,7,0,0,0,1,1,2,0,0,0,0,0,5
2018_3,청량리수산시장,483,254,229,37,83,85,69,62,147,22,40,46,41,33,72,15,43,39,28,29,75
2018_3,용두시장,21,14,7,1,2,1,3,3,11,0,1,1,2,3,7,1,1,0,1,0,4
2018_3,동부청과시장,1,1,0,0,0,0,0,0,1,0,0,0,0,0,1,0,0,0,0,0,0
2018_3,구의시장,160,83,77,23,32,25,18,22,40,10,16,16,8,13,20,13,16,9,10,9,20
2018_3,조양시장,79,35,44,3,29,15,5,7,20,2,12,7,0,6,8,1,17,8,5,1,12
2018_3,영동교골목시장,975,502,473,76,143,115,146,187,308,44,75,68,81,100,134,32,68,47,65,87,174
2018_3,능동로골목시장,363,192,171,32,50,47,42,76,116,17,29,23,23,40,60,15,21,24,19,36,56
2018_3,노룬산골목시장,216,104,112,9,21,36,26,49,75,7,12,19,13,26,27,2,9,17,13,23,48
2018_3,자양종합시장,64,34,30,15,7,14,9,11,8,8,3,8,5,5,5,7,4,6,4,6,3
2018_3,자양골목시장,2017,969,1048,253,328,386,291,323,436,139,161,194,144,144,187,114,167,192,147,179,249
2018_3,신성골목시장,92,42,50,11,10,13,12,16,30,6,4,8,6,5,13,5,6,5,6,11,17
2018_3,면곡골목시장,473,247,226,55,74,75,72,100,97,34,38,34,39,57,45,21,36,41,33,43,52
2018_3,중곡제일시장,818,424,394,114,121,118,116,164,185,56,63,75,55,82,93,58,58,43,61,82,92
2018_3,화양제일골목시장,951,411,540,51,379,209,102,77,133,29,124,111,49,41,57,22,255,98,53,36,76
2018_3,한아름시장,12,10,2,0,5,2,1,1,3,0,4,2,1,1,2,0,1,0,0,0,1
2018_3,성동용답상가시장,2014,1014,1000,223,289,278,318,385,521,114,149,151,159,194,247,109,140,127,159,191,274
2018_3,뚝도시장,580,320,260,56,84,73,77,130,160,31,53,47,45,68,76,25,31,26,32,62,84
2018_3,금남시장,253,130,123,20,24,33,39,50,87,12,13,18,24,29,34,8,11,15,15,21,53
2018_3,행당시장,1531,781,750,150,321,208,218,298,336,83,146,120,113,156,163,67,175,88,105,142,173
2018_3,마장축산물시장,332,181,151,39,40,34,57,49,113,25,23,18,35,29,51,14,17,16,22,20,62
2018_3,보광시장,5,2,3,0,0,0,1,1,3,0,0,0,0,1,1,0,0,0,1,0,2
2018_3,이태원제일시장,43,19,24,2,5,9,9,3,15,1,3,3,7,0,5,1,2,6,2,3,10
2018_3,이태원시장,63,30,33,7,5,13,7,15,16,4,1,7,6,7,5,3,4,6,1,8,11
2018_3,이촌종합시장,102,59,43,9,12,13,18,21,29,2,10,8,11,12,16,7,2,5,7,9,13
2018_3,용문전통시장,408,211,197,38,59,71,55,62,123,16,33,48,32,34,48,22,26,23,23,28,75
2018_3,만리시장,35,20,15,2,2,3,3,7,18,1,2,1,2,5,9,1,0,2,1,2,9
2018_3,신흥시장,105,56,49,6,10,20,9,23,37,0,8,11,6,14,17,6,2,9,3,9,20
2018_3,후암시장,286,146,140,22,46,46,30,65,77,9,27,27,18,32,33,13,19,19,12,33,44
2018_3,합동(새벽)시장,79,62,17,4,3,8,16,22,26,2,2,5,12,21,20,2,1,3,4,1,6
2018_3,서울중앙시장,1017,540,477,73,117,112,127,205,383,42,65,68,68,115,182,31,52,44,59,90,201
2018_3,백학시장,815,438,377,74,100,101,123,172,245,37,68,55,74,88,116,37,32,46,49,84,129
2018_3,약수시장,950,452,498,115,139,135,137,147,277,65,64,56,72,75,120,50,75,79,65,72,157
2018_3,청평화시장,1,1,0,0,0,0,1,0,0,0,0,0,1,0,0,0,0,0,0,0,0
2018_3,동평화시장,51,25,26,2,7,6,2,16,18,2,4,1,2,7,9,0,3,5,0,9,9
2018_3,방산종합시장,285,188,97,11,30,35,25,65,119,7,17,19,18,47,80,4,13,16,7,18,39
2018_3,평화시장,4,4,0,0,0,2,0,0,2,0,0,2,0,0,2,0,0,0,0,0,0
2018_3,인현시장,145,82,63,7,16,12,15,33,62,4,7,6,11,22,32,3,9,6,4,11,30
2018_3,신중부시장,287,194,93,9,19,26,31,73,129,8,10,15,21,57,83,1,9,11,10,16,46
2018_3,남대문시장,86,51,35,0,3,8,13,24,38,0,1,6,8,15,21,0,2,2,5,9,17
2018_3,신설종합시장,14,12,2,0,1,2,1,5,5,0,1,2,1,4,4,0,0,0,0,1,1
2018_3,동묘시장,789,444,345,30,197,134,93,120,215,16,97,69,55,81,126,14,100,65,38,39,89
2018_3,창신골목시장,385,198,187,31,36,38,64,67,149,12,20,26,38,41,61,19,16,12,26,26,88
2018_3,동문시장,65,36,29,4,10,7,13,9,22,2,6,7,4,6,11,2,4,0,9,3,11
2018_3,충신시장,176,91,85,16,25,13,30,35,57,6,15,10,14,19,27,10,10,3,16,16,30
2018_3,종로신진시장,110,78,32,1,8,7,15,32,47,1,4,5,14,21,33,0,4,2,1,11,14
2018_3,동대문종합시장,2,2,0,0,0,0,1,1,0,0,0,0,1,1,0,0,0,0,0,0,0
2018_3,광장시장,60,30,30,1,8,3,5,20,23,1,5,1,2,12,9,0,3,2,3,8,14
2018_3,통인시장,711,315,396,91,96,93,114,115,202,43,38,40,51,59,84,48,58,53,63,56,118
2018_3,서울 노원구 노원역_3,242,150,92,3,42,41,36,44,76,1,16,25,20,31,57,2,26,16,16,13,19
2018_3,서울 노원구 노원역_2,17,14,3,0,1,0,3,4,9,0,1,0,3,4,6,0,0,0,0,0,3
2018_3,서울 노원구 노원역_1,699,313,386,111,93,92,105,144,154,46,43,41,47,69,67,65,50,51,58,75,87
2018_3,창동역,578,361,217,25,95,105,116,123,114,11,40,70,78,87,75,14,55,35,38,36,39
2018_3,서울 강북구 수유역_3,721,404,317,46,146,119,99,128,183,22,67,64,60,82,109,24,79,55,39,46,74
2018_3,등나무근린공원 주변,181,77,104,26,18,52,49,25,11,10,7,24,21,11,4,16,11,28,28,14,7
2018_3,서울 강북구 수유역_2,2100,1054,1046,117,344,412,341,372,514,55,147,229,184,201,238,62,197,183,157,171,276
2018_3,서울 강북구 수유역_1,781,386,395,59,170,159,116,123,154,32,73,86,60,63,72,27,97,73,56,60,82
2018_3,서울 은평구 연신내역_3,101,61,40,3,27,12,18,20,21,2,14,6,11,12,16,1,13,6,7,8,5
2018_3,서울 은평구 연신내역_2,1079,533,546,98,203,191,176,174,237,50,89,102,98,89,105,48,114,89,78,85,132
2018_3,서울 은평구 연신내역_1,221,99,122,15,50,43,39,30,44,10,21,21,15,9,23,5,29,22,24,21,21
2018_3,서울 성북구 미아삼거리역_2,466,255,211,28,76,69,54,95,144,14,45,40,28,54,74,14,31,29,26,41,70
2018_3,서울 강북구 미아삼거리역_1,380,208,172,23,44,51,66,67,129,16,25,27,41,35,64,7,19,24,25,32,65
2018_3,서울 은평구 불광역_3,768,330,438,54,229,260,84,63,78,22,74,126,38,31,39,32,155,134,46,32,39
2018_3,서울 은평구 불광역_2,657,333,324,38,165,144,91,80,139,19,84,75,43,42,70,19,81,69,48,38,69
2018_3,서울 은평구 불광역_1,557,276,281,36,106,107,60,101,147,21,48,56,31,50,70,15,58,51,29,51,77
2018_3,미아사거리_2,96,47,49,8,10,12,12,19,35,3,7,5,7,9,16,5,3,7,5,10,19
2018_3,미아사거리_1,935,455,480,140,168,153,165,140,169,78,68,73,84,66,86,62,100,80,81,74,83
2018_3,서울 성북구 성신여대입구역,1078,493,585,71,261,237,153,160,196,33,100,106,75,91,88,38,161,131,78,69,108
2018_3,경희대학교,368,167,201,28,132,58,40,30,80,8,50,30,24,16,39,20,82,28,16,14,41
2018_3,서울 성북구 안암역,365,179,186,25,162,54,22,35,67,12,77,29,14,18,29,13,85,25,8,17,38
2018_3,혜화역 대학로_3,647,301,346,35,215,119,66,80,132,19,88,56,35,43,60,16,127,63,31,37,72
2018_3,혜화역 대학로_2,804,397,407,62,299,146,82,90,125,32,140,82,46,41,56,30,159,64,36,49,69
2018_3,혜화역 대학로_1,479,225,254,42,111,84,65,66,111,23,54,36,34,33,45,19,57,48,31,33,66
2018_3,디지털미디어시티,1444,654,790,209,397,326,269,161,82,105,142,148,136,85,38,104,255,178,133,76,44
2018_3,서울 동대문구 청량리역,2842,1420,1422,280,404,354,355,528,921,123,185,182,180,281,469,157,219,172,175,247,452
2018_3,서울 종로구 경복궁역_2,307,140,167,33,52,64,51,44,63,19,27,34,18,14,28,14,25,30,33,30,35
2018_3,서울 종로구 안국역_2,275,127,148,27,33,32,39,50,94,15,19,15,14,23,41,12,14,17,25,27,53
2018_3,서울 종로구 안국역_1,109,45,64,10,8,14,20,14,43,4,5,4,9,8,15,6,3,10,11,6,28
2018_3,서울 종로구 경복궁역_1,615,298,317,60,75,91,103,96,190,33,38,49,52,42,84,27,37,42,51,54,106
2018_3,서울 종로구 종로3가역_3,155,122,33,7,12,12,19,50,55,3,9,10,15,41,44,4,3,2,4,9,11
2018_3,서울 종로구 종로3가역_2,2308,1578,730,46,87,132,245,572,1226,27,56,81,177,451,786,19,31,51,68,121,440
2018_3,서울 동대문구 신설동역_2,379,239,140,10,74,89,53,63,90,4,38,49,40,47,61,6,36,40,13,16,29
2018_3,인사동,802,435,367,74,77,117,110,121,303,48,43,58,62,72,152,26,34,59,48,49,151
2018_3,서울 종로구 종로5가역_4,282,168,114,17,42,35,37,53,98,10,27,23,24,38,46,7,15,12,13,15,52
2018_3,서울 종로구 종로5가역_3,710,431,279,37,43,61,107,160,302,22,27,38,68,107,169,15,16,23,39,53,133
2018_3,종로구청,525,299,226,40,63,80,87,102,153,23,39,50,43,61,83,17,24,30,44,41,70
2018_3,서울 종로구 종로5가역_2,2058,1026,1032,189,518,422,227,282,420,90,246,209,121,142,218,99,272,213,106,140,202
2018_3,신설동역,425,263,162,9,116,99,51,75,75,6,43,63,36,59,56,3,73,36,15,16,19
2018_3,서울 동대문구 신설동역_1,286,168,118,9,69,57,32,50,69,3,25,30,18,39,53,6,44,27,14,11,16
2018_3,서울 종로구 광화문역_2,2557,1134,1423,375,289,445,445,362,641,192,125,180,184,171,282,183,164,265,261,191,359
2018_3,동묘앞역,867,422,445,109,132,106,123,158,239,54,72,60,63,74,99,55,60,46,60,84,140
2018_3,장안동사거리,4436,2178,2258,566,760,1076,761,577,696,303,336,541,392,280,326,263,424,535,369,297,370
2018_3,서울 종로구 동대문역_2,577,380,197,13,48,60,54,143,259,7,28,42,39,105,159,6,20,18,15,38,100
2018_3,서울 종로구 동대문역_1,128,66,62,9,21,13,13,28,44,3,12,4,7,16,24,6,9,9,6,12,20
2018_3,동대문시장_2,32,16,16,1,2,5,4,4,16,0,0,3,2,2,9,1,2,2,2,2,7
2018_3,서울 종로구 종로5가역_1,24,5,19,0,0,0,3,3,18,0,0,0,2,0,3,0,0,0,1,3,15
2018_3,서울 종로구 종로3가역_1,175,137,38,5,33,20,22,41,54,2,26,14,17,36,42,3,7,6,5,5,12
2018_3,서울 종로구 광화문역_1,13,8,5,1,1,0,3,5,3,0,0,0,2,4,2,1,1,0,1,1,1
2018_3,종각역,3,2,1,0,0,1,1,1,0,0,0,0,1,1,0,0,0,1,0,0,0
2018_3,종각역 젊음의 거리,153,111,42,4,46,33,19,20,31,2,35,25,13,13,23,2,11,8,6,7,8
2018_3,서대문구 서대문역_1,1427,701,726,327,131,313,260,173,223,158,57,137,143,97,109,169,74,176,117,76,114
2018_3,동대문시장_1,28,16,12,0,4,9,2,5,8,0,0,8,1,4,3,0,4,1,1,1,5
2018_3,시청역_2,1012,447,565,168,110,308,204,106,116,64,45,146,86,49,57,104,65,162,118,57,59
2018_3,서울시청,80,49,31,6,1,7,12,20,34,2,1,5,7,12,22,4,0,2,5,8,12
2018_3,서울 중구 을지로3가역_2,506,325,181,5,35,27,63,119,257,2,17,16,49,87,154,3,18,11,14,32,103
2018_3,서울 중구 신당역_2,298,149,149,13,61,69,37,50,68,7,20,34,22,27,39,6,41,35,15,23,29
2018_3,서대문구 서대문역_2,869,433,436,59,195,207,107,142,159,29,75,113,60,73,83,30,120,94,47,69,76
2018_3,동대문역사문화공원역,430,267,163,11,43,52,53,100,171,4,26,33,31,68,105,7,17,19,22,32,66
2018_3,서울 중구 을지로3가역_1,228,153,75,5,22,27,31,46,97,1,11,16,20,36,69,4,11,11,11,10,28
2018_3,명동거리,144,83,61,4,19,22,26,35,38,0,8,14,17,22,22,4,11,8,9,13,16
2018_3,롯데백화점,1,1,0,0,0,1,0,0,0,0,0,1,0,0,0,0,0,0,0,0,0
2018_3,서울 중구 신당역_1,883,486,397,76,104,113,128,201,261,33,58,71,74,116,134,43,46,42,54,85,127
2018_3,북창동,244,154,90,2,18,37,34,51,102,0,8,30,23,30,63,2,10,7,11,21,39
2018_3,서울 중구 충무로역_2,1446,777,669,124,182,189,179,269,503,65,90,103,108,154,257,59,92,86,71,115,246
2018_3,서울 강서구 송정역,2163,1073,1090,149,439,396,247,364,568,77,224,199,129,177,267,72,215,197,118,187,301
2018_3,장한평역_2,1404,732,672,133,246,314,211,227,273,71,97,164,116,135,149,62,149,150,95,92,124
2018_3,시청역_1,352,185,167,57,31,84,74,42,64,35,14,37,45,22,32,22,17,47,29,20,32
2018_3,왕십리역_2,532,247,285,41,165,83,71,75,97,14,72,38,41,39,43,27,93,45,30,36,54
2018_3,서울 강서구 발산역,102,54,48,2,20,30,21,19,10,2,8,16,13,9,6,0,12,14,8,10,4
2018_3,장한평역_1,197,132,65,10,25,29,34,64,35,7,14,17,28,46,20,3,11,12,6,18,15
2018_3,서울 중구 충무로역_1,762,377,385,44,111,112,91,140,264,21,48,64,55,73,116,23,63,48,36,67,148
2018_3,장한평역,1204,861,343,30,201,262,249,278,184,14,81,165,204,248,149,16,120,97,45,30,35
2018_3,서울 중구 명동역,1247,589,658,118,133,178,189,216,413,55,57,78,99,109,191,63,76,100,90,107,222
2018_3,장충동 족발거리,301,159,142,37,75,36,39,35,79,16,38,19,26,24,36,21,37,17,13,11,43
2018_3,한양시장,957,437,520,36,550,174,42,46,109,11,236,98,23,24,45,25,314,76,19,22,64
2018_3,서울 서대문구 이대역,1603,518,1085,54,657,194,182,168,348,21,98,84,94,80,141,33,559,110,88,88,207
2018_3,서울 서대문구 신촌역,2694,1375,1319,115,1127,476,243,266,467,60,541,266,133,154,221,55,586,210,110,112,246
2018_3,서울 마포구 홍대입구역_3,190,87,103,11,36,57,39,29,18,5,14,28,19,13,8,6,22,29,20,16,10
2018_3,서울 마포구 홍대입구역_2,511,252,259,61,84,109,75,52,130,34,47,48,43,20,60,27,37,61,32,32,70
2018_3,홍익대학교 주변,4789,2292,2497,380,1209,1134,652,500,914,202,559,541,333,241,416,178,650,593,319,259,498
2018_3,서울 광진구 군자역,1757,803,954,137,468,422,188,222,320,74,186,195,94,105,149,63,282,227,94,117,171
2018_3,신촌역,1142,584,558,58,341,261,147,98,237,32,160,133,83,58,118,26,181,128,64,40,119
2018_3,강서구청,2973,1459,1514,316,613,705,443,410,486,160,240,357,255,218,229,156,373,348,188,192,257
2018_3,서울 마포구 홍대입구역_1,668,332,336,58,124,158,113,72,143,33,51,88,60,36,64,25,73,70,53,36,79
2018_3,서울 중구 약수역_2,53,29,24,6,6,7,13,4,17,5,2,2,10,2,8,1,4,5,3,2,9
2018_3,서울 중구 약수역_1,10,6,4,0,0,3,2,1,4,0,0,2,1,1,2,0,0,1,1,0,2
2018_3,서울 강동구 고덕역,2716,1360,1356,574,402,319,491,505,425,322,222,149,207,249,211,252,180,170,284,256,214
2018_3,등촌역,1237,558,679,117,239,431,157,131,162,58,75,209,86,64,66,59,164,222,71,67,96
2018_3,서울 강동구 명일역,2013,1008,1005,280,274,285,348,319,507,145,139,156,167,153,248,135,135,129,181,166,259
2018_3,어린이대공원역,563,327,236,61,112,86,80,106,118,38,63,45,50,68,63,23,49,41,30,38,55
2018_3,서울 마포구 공덕역_2,27,15,12,1,5,0,3,10,8,0,3,0,3,5,4,1,2,0,0,5,4
2018_3,공덕역,48,35,13,0,3,4,14,13,14,0,2,1,12,10,10,0,1,3,2,3,4
2018_3,서울 용산구 숙대입구역,474,273,201,27,73,53,85,100,136,13,40,32,56,66,66,14,33,21,29,34,70
2018_3,남영역,242,110,132,8,76,78,35,24,21,5,21,40,20,16,8,3,55,38,15,8,13
2018_3,서울 마포구 공덕역_1,604,285,319,81,126,88,102,125,82,42,62,41,41,58,41,39,64,47,61,67,41
2018_3,서울 마포구 마포역_2,3470,1557,1913,496,407,927,717,452,471,233,152,434,309,219,210,263,255,493,408,233,261
2018_3,서울 광진구 건대입구역_2,1999,903,1096,100,760,434,199,171,335,49,313,201,98,90,152,51,447,233,101,81,183
2018_3,서울 마포구 마포역_1,882,457,425,81,129,155,146,138,233,47,71,82,76,74,107,34,58,73,70,64,126
2018_3,서울 강동구 천호역_2,4596,2226,2370,305,777,1121,732,755,906,153,312,523,402,421,415,152,465,598,330,334,491
2018_3,서울 광진구 건대입구역_1,1047,511,536,67,220,194,135,168,263,30,92,101,74,83,131,37,128,93,61,85,132
2018_3,건대입구역,544,229,315,21,13,9,24,27,450,12,3,1,9,12,192,9,10,8,15,15,258
2018_3,서울 광진구 구의역,1891,850,1041,112,457,489,279,249,305,53,162,236,144,113,142,59,295,253,135,136,163
2018_3,서울 강동구 천호역,292,141,151,20,43,64,48,40,77,8,19,35,26,16,37,12,24,29,22,24,40
2018_3,당산역_2,696,310,386,17,285,216,71,39,68,12,82,118,40,24,34,5,203,98,31,15,34
2018_3,서울 강동구 천호역_1,384,190,194,27,72,69,63,71,82,9,35,43,33,34,36,18,37,26,30,37,46
2018_3,서울 강동구 길동역,3074,1506,1568,145,837,764,430,461,437,65,298,392,253,259,239,80,539,372,177,202,198
2018_3,용산 전자상가_5,610,351,259,38,93,149,103,71,156,17,56,93,69,42,74,21,37,56,34,29,82
2018_3,용산 전자상가_4,332,177,155,67,25,67,68,41,64,31,14,36,44,25,27,36,11,31,24,16,37
2018_3,당산역_1,1050,472,578,62,298,360,107,105,118,30,111,166,57,52,56,32,187,194,50,53,62
2018_3,서울 광진구 강변역,193,86,107,25,25,31,12,30,70,12,11,9,5,13,36,13,14,22,7,17,34
2018_3,용산 전자상가_3,253,124,129,24,32,64,24,44,65,11,16,35,14,21,27,13,16,29,10,23,38
2018_3,서울 용산구 이태원역,893,494,399,57,170,171,143,146,206,33,101,98,75,82,105,24,69,73,68,64,101
2018_3,한남오거리,166,87,79,10,26,18,24,25,63,6,16,10,12,14,29,4,10,8,12,11,34
2018_3,목동사거리,62,35,27,3,13,17,13,10,6,1,3,7,11,7,6,2,10,10,2,3,0
2018_3,용산 전자상가_2,177,94,83,28,27,30,26,30,36,18,15,12,16,17,16,10,12,18,10,13,20
2018_3,용산구청,113,50,63,13,12,23,23,10,32,5,5,7,16,2,15,8,7,16,7,8,17
2018_3,용산 전자상가_1,1460,680,780,132,278,445,253,208,144,58,112,202,135,96,77,74,166,243,118,112,67
2018_3,국회의사당역_2,696,354,342,23,120,224,129,96,104,12,58,110,64,54,56,11,62,114,65,42,48
2018_3,서울 용산구 신용산역,390,197,193,30,24,51,56,77,152,16,11,34,38,41,57,14,13,17,18,36,95
2018_3,국회의사당역_1,103,56,47,1,35,50,13,3,1,1,20,26,7,2,0,0,15,24,6,1,1
2018_3,압구정 로데오거리_2,1306,624,682,184,162,249,257,160,294,83,70,128,133,81,129,101,92,121,124,79,165
2018_3,서울 강남구 압구정역,1878,853,1025,234,293,378,335,223,415,124,145,144,155,108,177,110,148,234,180,115,238
2018_3,서울 영등포구 영등포구청역,1278,665,613,68,231,246,183,205,345,34,111,126,104,125,165,34,120,120,79,80,180
2018_3,압구정 로데오거리_1,579,271,308,88,64,82,87,70,188,41,33,38,41,30,88,47,31,44,46,40,100
2018_3,서울 강동구 둔촌동역,791,419,372,99,118,106,139,132,197,61,68,55,70,71,94,38,50,51,69,61,103
2018_3,오목교역,871,433,438,214,98,114,193,118,134,114,48,49,100,52,70,100,50,65,93,66,64
2018_3,신사동 가로수길,3844,1780,2064,463,618,777,702,506,778,237,281,334,344,250,334,226,337,443,358,256,444
2018_3,서울 영등포구 여의도역_2,17,14,3,1,2,3,3,6,2,0,2,3,3,4,2,1,0,0,0,2,0
2018_3,청담사거리_3,888,394,494,55,71,104,166,147,345,22,40,44,79,65,144,33,31,60,87,82,201
2018_3,영등포유통상가,503,273,230,28,100,99,71,65,140,13,48,61,45,39,67,15,52,38,26,26,73
2018_3,청담역_2,1050,493,557,166,150,226,197,149,162,88,67,97,95,72,74,78,83,129,102,77,88
2018_3,청담역_1,198,98,100,29,23,35,28,29,54,10,16,15,14,14,29,19,7,20,14,15,25
2018_3,청담사거리_2,357,174,183,47,45,59,57,52,97,20,27,29,27,24,47,27,18,30,30,28,50
2018_3,청담사거리_1,254,114,140,36,36,49,63,32,38,14,13,21,33,16,17,22,23,28,30,16,21
2018_3,서울 영등포구 여의도역_1,1376,662,714,253,152,184,235,217,335,133,67,76,105,117,164,120,85,108,130,100,171
2018_3,서울 양천구 신정네거리역_2,288,147,141,24,51,34,47,48,84,15,28,18,27,24,35,9,23,16,20,24,49
2018_3,학동사거리_2,456,230,226,65,72,68,81,75,95,41,37,37,36,36,43,24,35,31,45,39,52
2018_3,서울 영등포구 영등포시장역,1435,931,504,48,82,139,214,358,594,22,48,95,147,266,353,26,34,44,67,92,241
2018_3,학동사거리_1,428,214,214,37,73,91,78,55,94,22,30,44,43,32,43,15,43,47,35,23,51
2018_3,여의도 시범아파트앞,1412,669,743,206,154,183,209,231,429,106,76,78,104,111,194,100,78,105,105,120,235
2018_3,영등포역_3,486,298,188,11,133,104,66,85,87,7,59,58,47,66,61,4,74,46,19,19,26
2018_3,도산공원사거리_1,272,123,149,20,61,80,37,22,52,11,28,39,16,9,20,9,33,41,21,13,32
2018_3,영등포역_2,751,547,204,17,144,105,133,196,156,9,58,76,120,168,116,8,86,29,13,28,40
2018_3,문래동 주민센터,1493,741,752,225,148,222,234,256,408,116,76,107,121,131,190,109,72,115,113,125,218
2018_3,강남구 신사역_2,1000,439,561,68,188,293,161,105,185,34,71,126,77,49,82,34,117,167,84,56,103
2018_3,영등포역_1,325,178,147,12,130,97,34,33,19,7,54,57,21,23,16,5,76,40,13,10,3
2018_3,서울 강남구 강남구청역_2,742,376,366,32,58,128,180,130,214,17,22,67,92,83,95,15,36,61,88,47,119
2018_3,강남구 신사역_1,779,422,357,45,143,181,141,114,155,26,66,100,84,68,78,19,77,81,57,46,77
2018_3,서울 동작구 노량진1동_1,9,6,3,0,1,2,1,2,3,0,1,2,1,2,0,0,0,0,0,0,3
2018_3,서울 강남구 학동역_3,120,65,55,3,28,32,23,16,18,3,14,15,13,9,11,0,14,17,10,7,7
2018_3,서울 강남구 강남구청역_1,620,313,307,53,123,167,96,95,86,27,63,80,40,57,46,26,60,87,56,38,40
2018_3,잠실역,1765,834,931,242,233,250,220,295,525,122,109,114,87,140,262,120,124,136,133,155,263
2018_3,강남구 논현역_4,1895,947,948,143,332,476,352,273,319,75,153,228,179,151,161,68,179,248,173,122,158
2018_3,학동역,494,209,285,25,81,180,85,61,62,13,35,75,31,28,27,12,46,105,54,33,35
2018_3,방이동 먹자골목,1418,765,653,90,266,353,224,229,256,46,140,187,133,122,137,44,126,166,91,107,119
2018_3,서울 강남구 학동역_2,93,46,47,4,16,39,16,9,9,2,5,20,8,7,4,2,11,19,8,2,5
2018_3,서울 동작구 노량진역,1025,506,519,38,505,196,93,72,121,16,222,123,58,34,53,22,283,73,35,38,68
2018_3,삼성역_3,60,46,14,0,10,14,8,12,16,0,9,9,8,7,13,0,1,5,0,5,3
2018_3,코엑스,24,16,8,5,2,2,5,5,5,4,1,1,2,4,4,1,1,1,3,1,1
2018_3,서울 강남구 학동역_1,894,410,484,75,170,227,159,102,161,34,75,104,73,54,70,41,95,123,86,48,91
2018_3,선정릉역_2,3065,1386,1679,369,468,705,608,387,528,186,210,299,286,188,217,183,258,406,322,199,311
2018_3,강남구 논현역_3,66,24,42,4,10,15,11,12,14,2,3,2,6,5,6,2,7,13,5,7,8
2018_3,포스코사거리_2,686,356,330,62,131,164,110,108,111,33,64,92,49,66,52,29,67,72,61,42,59
2018_3,포스코사거리_1,2033,989,1044,203,339,457,373,290,371,111,160,195,201,149,173,92,179,262,172,141,198
2018_3,신도림역,2775,1345,1430,535,353,623,475,409,380,262,159,315,233,189,187,273,194,308,242,220,193
2018_3,강남구 논현역_2,3907,1856,2051,257,802,1081,634,444,689,136,341,509,329,228,313,121,461,572,305,216,376
2018_3,선정릉역_1,647,289,358,79,134,142,102,95,95,41,58,56,46,40,48,38,76,86,56,55,47
2018_3,신천역,2787,1350,1437,242,464,679,467,391,544,125,211,329,240,189,256,117,253,350,227,202,288
2018_3,강남구 논현역_1,1946,1006,940,94,369,486,336,294,367,46,170,229,204,179,178,48,199,257,132,115,189
2018_3,삼성역_2,9,6,3,0,1,2,1,1,4,0,0,2,1,0,3,0,1,0,0,1,1
2018_3,삼정역_2,616,296,320,38,105,176,105,85,107,23,48,72,57,41,55,15,57,104,48,44,52
2018_3,삼정역_1,90,40,50,6,13,21,12,15,23,3,4,13,3,6,11,3,9,8,9,9,12
2018_3,삼성역_1,1418,700,718,188,273,336,233,194,194,110,107,166,118,102,97,78,166,170,115,92,97
2018_3,서울 강남구 선릉역_2,2154,1052,1102,130,427,643,365,262,327,66,187,317,206,124,152,64,240,326,159,138,175
2018_3,서울 서초구 강남역,3061,1569,1492,156,701,924,440,387,453,79,328,474,247,215,226,77,373,450,193,172,227
2018_3,서울 강남구 선릉역_1,680,336,344,41,89,211,160,88,91,24,43,96,76,53,44,17,46,115,84,35,47
2018_3,서울 송파구 석촌역_2,605,302,303,83,87,159,87,76,113,46,39,78,39,40,60,37,48,81,48,36,53
2018_3,선릉역_2,4200,1900,2300,423,768,1162,864,509,474,204,295,477,414,281,229,219,473,685,450,228,245
2018_3,서울 강남구 역삼역_2,1045,512,533,77,226,278,145,146,173,38,107,132,75,75,85,39,119,146,70,71,88
2018_3,서울 송파구 석촌역_1,192,83,109,21,32,43,43,22,31,12,9,18,21,8,15,9,23,25,22,14,16
2018_3,석촌역,3,2,1,0,0,1,0,1,1,0,0,1,0,1,0,0,0,0,0,0,1
2018_3,서울 강남구 강남역_2,2534,1163,1371,299,406,456,483,373,517,138,152,208,236,193,236,161,254,248,247,180,281
2018_3,선릉역_1,1317,578,739,269,154,270,339,147,138,106,64,107,151,86,64,163,90,163,188,61,74
2018_3,구로역,687,333,354,111,95,180,107,95,99,58,35,87,60,47,46,53,60,93,47,48,53
2018_3,역삼역_2,412,280,132,308,23,42,16,12,11,218,11,25,8,11,7,90,12,17,8,1,4
2018_3,대림역_2,2603,1233,1370,246,672,733,418,298,236,119,233,353,233,183,112,127,439,380,185,115,124
2018_3,서울 강남구 역삼역_1,5477,2804,2673,333,1039,1487,1009,732,877,173,444,777,565,431,414,160,595,710,444,301,463
2018_3,신대방삼거리역,1241,597,644,115,259,286,180,157,244,53,93,136,103,88,124,62,166,150,77,69,120
2018_3,서울 강남구 한티역,2103,1000,1103,383,324,272,429,357,338,197,157,132,183,183,148,186,167,140,246,174,190
2018_3,은마아파트입구사거리_4,389,208,181,98,47,37,96,68,43,71,24,17,38,40,18,27,23,20,58,28,25
2018_3,은마아파트입구사거리_3,309,158,151,52,52,34,58,55,58,27,26,20,22,31,32,25,26,14,36,24,26
2018_3,은마아파트입구사거리_2,18,9,9,0,3,1,2,6,6,0,1,0,2,2,4,0,2,1,0,4,2
2018_3,오류동역,3768,1818,1950,232,893,1141,564,380,558,111,321,591,329,195,271,121,572,550,235,185,287
2018_3,서울 강남구 강남역,2372,1097,1275,160,604,738,348,258,264,81,244,339,180,129,124,79,360,399,168,129,140
2018_3,은마아파트입구사거리_1,142,75,67,25,25,14,27,30,21,16,15,9,14,14,7,9,10,5,13,16,14
2018_3,대림역_1,1769,807,962,71,632,601,231,123,111,36,201,307,129,80,54,35,431,294,102,43,57
2018_3,교대역_4,444,222,222,60,77,71,81,58,97,31,36,38,37,35,45,29,41,33,44,23,52
2018_3,서울 강남구 강남역_1,2684,1278,1406,463,357,561,495,367,441,210,183,253,249,174,209,253,174,308,246,193,232
2018_3,방배동카페골목,2564,1228,1336,604,272,368,539,351,430,296,131,162,260,186,193,308,141,206,279,165,237
2018_3,교대역_3,19,8,11,3,0,5,1,5,5,0,0,2,0,3,3,3,0,3,1,2,2
2018_3,역삼역_1,2822,1364,1458,289,539,806,454,333,401,134,265,400,228,149,188,155,274,406,226,184,213
2018_3,교대역_2,1640,773,867,171,284,378,283,239,285,84,137,171,143,110,128,87,147,207,140,129,157
2018_3,서울 송파구 가락시장역,543,290,253,34,75,129,85,106,114,16,26,58,50,75,65,18,49,71,35,31,49
2018_3,서울 서초구 서초역,55,31,24,6,11,7,3,14,14,4,9,3,1,6,8,2,2,4,2,8,6
2018_3,서울 강남구 대치역_2,614,285,329,192,70,59,137,92,64,90,34,22,58,51,30,102,36,37,79,41,34
2018_3,서울 강남구 대치역_1,509,254,255,157,54,34,140,67,57,81,28,14,65,40,26,76,26,20,75,27,31
2018_3,뱅뱅사거리_2,2078,921,1157,126,503,685,328,213,223,68,192,318,145,101,97,58,311,367,183,112,126
2018_3,보라매공원,5111,2424,2687,897,599,833,846,591,1345,441,289,382,409,282,621,456,310,451,437,309,724
2018_3,교대역_1,2575,1287,1288,248,501,530,356,434,506,127,250,250,190,216,254,121,251,280,166,218,252
2018_3,개봉동 현대아파트 인근,2664,1337,1327,294,346,364,381,514,765,155,188,198,196,253,347,139,158,166,185,261,418
2018_3,뱅뱅사거리,1679,716,963,91,477,627,254,123,107,45,159,290,114,53,55,46,318,337,140,70,52
2018_3,뱅뱅사거리_1,1092,559,533,117,220,329,163,123,140,58,101,175,90,66,69,59,119,154,73,57,71
2018_3,서울 관악구 신림역_4,3040,1532,1508,109,1155,943,359,214,260,62,497,520,216,108,129,47,658,423,143,106,131
2018_3,동작구 총신대입구역_1,1159,540,619,84,240,214,156,170,295,42,102,104,82,81,129,42,138,110,74,89,166
2018_3,양재역_3,1857,870,987,210,288,472,302,243,342,97,134,221,139,120,159,113,154,251,163,123,183
2018_3,동작구 총신대입구역_2,1783,762,1021,335,259,325,403,250,211,142,87,137,174,132,90,193,172,188,229,118,121
2018_3,서울 서초구 남부터미널역_3,465,218,247,43,94,124,73,40,91,24,36,53,42,20,43,19,58,71,31,20,48
2018_3,서울 강남구 수서역,1554,723,831,121,140,249,233,229,582,55,59,113,134,132,230,66,81,136,99,97,352
2018_3,서울 관악구 신림역_3,1024,549,475,20,430,296,102,77,99,10,189,174,71,51,54,10,241,122,31,26,45
2018_3,서울 서초구 남부터미널역_2,1694,831,863,93,340,498,330,253,180,50,110,233,174,161,103,43,230,265,156,92,77
2018_3,구로디지탈1단지,133,74,59,12,8,23,19,28,43,5,6,11,14,17,21,7,2,12,5,11,22
2018_3,양재역,1684,754,930,237,333,330,307,233,244,105,142,142,149,109,107,132,191,188,158,124,137
2018_3,문정역,374,203,171,48,60,79,70,52,65,30,35,44,38,26,30,18,25,35,32,26,35
2018_3,매봉역,578,296,282,74,118,99,86,96,105,45,54,52,45,47,53,29,64,47,41,49,52
2018_3,서울 서초구 방배역,1224,590,634,156,175,261,232,167,233,83,75,125,121,82,104,73,100,136,111,85,129
2018_3,서울 서초구 남부터미널역_1,1234,593,641,191,187,206,187,220,243,104,94,90,86,99,120,87,93,116,101,121,123
2018_3,서울 관악구 신림역_2,1667,891,776,82,598,393,169,164,261,50,319,232,94,65,131,32,279,161,75,99,130
2018_3,서울 관악구 신림역_1,687,289,398,17,304,200,68,49,49,8,98,96,37,25,25,9,206,104,31,24,24
2018_3,양재역_2,895,421,474,100,163,203,139,129,161,51,66,97,70,64,73,49,97,106,69,65,88
2018_3,양재역_1,10,7,3,0,2,0,2,5,1,0,2,0,2,3,0,0,0,0,0,2,1
2018_3,서울 관악구 서울대입구역_2,521,270,251,18,188,143,58,48,66,12,84,75,41,26,32,6,104,68,17,22,34
2018_3,가산디지털단지역_3,1570,889,681,26,412,375,251,273,233,12,137,211,176,210,143,14,275,164,75,63,90
2018_3,구로디지털단지역,369,212,157,19,52,31,53,98,116,15,27,21,29,66,54,4,25,10,24,32,62
2018_3,서울 관악구 서울대입구역_1,6550,3021,3529,232,2954,1643,585,513,623,106,1167,828,309,283,328,126,1787,815,276,230,295
2018_3,관악구 사당역_1,937,442,495,152,158,145,167,150,165,71,69,69,77,69,87,81,89,76,90,81,78
2018_3,가산디지털단지역_2,606,328,278,49,132,134,87,72,132,25,66,78,55,44,60,24,66,56,32,28,72
2018_3,관악구 사당역_2,944,448,496,39,250,220,105,122,208,22,96,112,49,66,103,17,154,108,56,56,105
2018_3,가산디지털단지역_1,24,15,9,0,4,6,3,5,6,0,0,2,3,5,5,0,4,4,0,0,1
2018_3,포이사거리_1,92,51,41,8,16,32,17,11,8,3,10,16,12,6,4,5,6,16,5,5,4
2018_3,포이사거리_2,1838,1000,838,169,294,453,336,291,295,87,137,253,202,160,161,82,157,200,134,131,134
2018_3,관악구 사당역_3,292,139,153,10,75,96,36,26,49,4,23,55,19,11,27,6,52,41,17,15,22
2018_3,서울 관악구 대학동_1,1645,1006,639,95,694,344,189,125,198,54,430,238,125,70,89,41,264,106,64,55,109
2018_3,서울 금천구 독산1동_1,1220,672,548,58,227,335,203,195,202,29,113,203,117,119,91,29,114,132,86,76,111
2018_3,양재 화물트럭터미널앞_2,1694,823,871,470,166,250,341,203,264,255,80,111,175,92,110,215,86,139,166,111,154
2018_3,양재 화물트럭터미널앞_1,3,3,0,0,0,0,0,2,1,0,0,0,0,2,1,0,0,0,0,0,0
2018_3,서울 금천구 시흥1동_4,1570,823,747,110,171,217,244,308,520,61,82,115,146,181,238,49,89,102,98,127,282
2018_3,풍성로37가길,3137,1574,1563,334,416,532,509,595,751,173,208,290,264,291,348,161,208,242,245,304,403
2018_3,천호옛길,4084,2059,2025,426,595,724,612,709,1018,219,281,398,333,361,467,207,314,326,279,348,551
2018_3,천호옛14길,2271,1106,1165,185,423,473,311,349,530,92,182,268,161,160,243,93,241,205,150,189,287
2018_3,천호대로219길,2285,1148,1137,318,310,289,343,440,585,164,160,148,183,224,269,154,150,141,160,216,316
2018_3,천호대로197길,4809,2382,2427,763,696,750,722,868,1010,391,360,385,360,405,481,372,336,365,362,463,529
2018_3,천호대로187길,2800,1381,1419,366,365,522,405,463,679,185,187,280,195,217,317,181,178,242,210,246,362
2018_3,천호대로170길,4193,2136,2057,510,632,878,631,685,857,270,322,477,337,317,413,240,310,401,294,368,444
2018_3,천호대로162길,2667,1335,1332,355,390,458,388,463,613,183,199,224,213,220,296,172,191,234,175,243,317
2018_3,천중로51길,4526,2183,2343,647,658,713,672,758,1078,344,317,362,332,354,474,303,341,351,340,404,604
2018_3,천중로39길,6577,3215,3362,931,967,1116,1001,1090,1472,473,478,596,502,473,693,458,489,520,499,617,779
2018_3,진황도로47길,1808,878,930,179,279,374,258,310,408,99,127,189,142,131,190,80,152,185,116,179,218
2018_3,진황도로27길,7597,3829,3768,808,1057,1546,1057,1229,1900,408,505,818,582,605,911,400,552,728,475,624,989
2018_3,올림픽로98길,3223,1584,1639,338,420,596,487,591,791,170,205,316,251,297,345,168,215,280,236,294,446
2018_3,올림픽로80길,2045,1050,995,206,251,267,316,403,602,111,128,146,172,216,277,95,123,121,144,187,325
2018_3,올림픽로78길,1822,957,865,122,184,212,285,424,595,59,93,124,156,245,280,63,91,88,129,179,315
2018_3,올림픽로77길,2628,1332,1296,276,372,508,382,456,634,138,171,283,208,226,306,138,201,225,174,230,328
2018_3,올림픽로71길,2539,1295,1244,209,347,418,341,489,735,110,180,234,183,247,341,99,167,184,158,242,394
2018_3,올림픽로48길,1581,759,822,258,196,312,265,208,342,134,95,142,132,106,150,124,101,170,133,102,192
2018_3,양재대로96길,3604,1806,1798,724,424,590,625,492,749,385,213,309,305,244,350,339,211,281,320,248,399
2018_3,양재대로95길,3605,1774,1831,489,550,627,548,641,750,277,287,328,268,293,321,212,263,299,280,348,429
2018_3,양재대로91길,4078,2002,2076,636,614,595,645,724,864,356,323,306,313,346,358,280,291,289,332,378,506
2018_3,양재대로133길,5020,2474,2546,683,747,782,699,903,1206,343,382,419,357,416,557,340,365,363,342,487,649
2018_3,양재대로124길,4440,2233,2207,566,663,702,698,800,1011,300,355,383,342,379,474,266,308,319,356,421,537
2018_3,양재대로116길,1515,738,777,197,245,262,217,252,342,104,109,140,116,117,152,93,136,122,101,135,190
2018_3,양재대로101길,4784,2303,2481,530,784,1085,674,751,960,266,388,545,341,314,449,264,396,540,333,437,511
2018_3,암사길,7147,3602,3545,1004,1001,1198,1110,1226,1608,522,534,628,572,611,735,482,467,570,538,615,873
2018_3,성안로3길,4743,2346,2397,807,665,782,829,744,916,453,331,391,394,351,426,354,334,391,435,393,490
2018_3,성내로5길,3384,1645,1739,605,458,537,551,521,712,298,234,250,291,239,333,307,224,287,260,282,379
2018_3,상일로5길,1307,661,646,196,221,177,177,274,262,102,127,82,89,134,127,94,94,95,88,140,135
2018_3,상암로5길,1938,962,976,248,261,368,315,270,476,131,131,197,156,132,215,117,130,171,159,138,261
2018_3,상암로51길,3028,1458,1570,463,437,439,474,521,694,232,226,225,230,230,315,231,211,214,244,291,379
2018_3,상암로4길,3262,1638,1624,423,467,686,500,555,631,210,219,347,271,284,307,213,248,339,229,271,324
2018_3,상암로14길,3734,1826,1908,515,520,727,548,633,791,264,264,357,264,306,371,251,256,370,284,327,420
2018_3,명일로13길,2750,1389,1361,400,433,403,415,481,618,225,220,214,213,249,268,175,213,189,202,232,350
2018_3,동남로85길,2931,1497,1434,400,422,346,437,588,738,211,225,196,223,297,345,189,197,150,214,291,393
2018_3,동남로82길,1746,943,803,198,238,204,242,397,467,111,138,122,128,218,226,87,100,82,114,179,241
2018_3,동남로65길,2573,1258,1315,528,335,281,459,458,512,283,179,147,210,227,212,245,156,134,249,231,300
2018_3,구천면로42길,4377,2223,2154,513,595,667,685,856,1061,265,311,353,374,424,496,248,284,314,311,432,565
2018_3,구천면로41길,5413,2707,2706,699,729,893,817,990,1285,364,376,484,428,460,595,335,353,409,389,530,690
2018_3,구천면로36길,2633,1363,1270,323,387,357,391,526,649,177,188,201,210,278,309,146,199,156,181,248,340
2018_3,고덕로61길,1617,825,792,314,203,255,278,254,313,163,113,125,149,133,142,151,90,130,129,121,171
2018_3,고덕로25길,1544,765,779,315,179,273,214,242,321,153,105,134,114,113,146,162,74,139,100,129,175
2018_3,고덕로10길,2085,1042,1043,304,299,372,350,345,415,165,147,197,182,155,196,139,152,175,168,190,219
2018_3,강동대로53길,4254,2165,2089,787,594,583,729,735,826,482,317,303,348,340,375,305,277,280,381,395,451
2018_3,풍성로25길,1958,960,998,214,228,301,267,347,601,118,117,164,146,147,268,96,111,137,121,200,333
2018_3,오금로46길,2596,1314,1282,515,377,366,443,428,467,269,198,199,217,203,228,246,179,167,226,225,239
2018_3,오금로36길,2928,1443,1485,385,527,600,439,452,525,201,254,328,205,206,249,184,273,272,234,246,276
2018_3,오금로11길,4804,2306,2498,493,764,1169,701,713,964,251,373,604,356,293,429,242,391,565,345,420,535
2018_3,양재대로72길,2686,1303,1383,424,430,328,422,524,558,213,226,153,192,255,264,211,204,175,230,269,294
2018_3,양재대로71길,1542,730,812,255,232,254,235,265,301,130,105,123,111,120,141,125,127,131,124,145,160
2018_3,양재대로64길,2653,1360,1293,372,409,503,406,456,507,190,214,251,211,240,254,182,195,252,195,216,253
2018_3,양재대로62길,1567,813,754,224,207,342,265,236,293,128,104,179,136,127,139,96,103,163,129,109,154
2018_3,송파대로30길,2186,1171,1015,223,349,350,369,459,436,123,185,187,202,243,231,100,164,163,167,216,205
2018_3,송이로36길,3323,1678,1645,481,520,725,498,516,583,267,272,377,255,235,272,214,248,348,243,281,311
2018_3,송이로32길,5258,2611,2647,771,868,1063,816,892,848,389,443,564,402,419,394,382,425,499,414,473,454
2018_3,송이로23길,4387,2158,2229,577,734,937,672,640,827,309,367,462,332,297,391,268,367,475,340,343,436
2018_3,삼전로13길,6532,3085,3447,750,1185,1573,1034,916,1074,412,513,749,504,416,491,338,672,824,530,500,583
2018_3,백제고분로50길,8413,4113,4300,1239,1277,1579,1277,1360,1681,682,631,792,618,608,782,557,646,787,659,752,899
2018_3,백제고분로46길,3247,1550,1697,436,544,731,477,498,561,219,270,357,225,224,255,217,274,374,252,274,306
2018_3,백제고분로45길,4683,2245,2438,596,763,1156,678,680,810,291,358,553,348,307,388,305,405,603,330,373,422
2018_3,백제고분로42길,4198,1994,2204,464,759,1087,583,627,678,254,336,519,272,299,314,210,423,568,311,328,364
2018_3,백제고분로39길,3359,1551,1808,363,627,844,491,460,574,202,248,403,243,193,262,161,379,441,248,267,312
2018_3,백제고분로34길,7769,3800,3969,1063,1144,1762,1260,1117,1423,575,549,904,613,534,625,488,595,858,647,583,798
2018_3,백제고분로33길,6224,2957,3267,670,1123,1615,984,822,1010,344,500,779,501,375,458,326,623,836,483,447,552
2018_3,백제고분로32길,6452,3081,3371,975,945,1431,1097,909,1095,509,453,696,532,399,492,466,492,735,565,510,603
2018_3,백제고분로31길,6308,2906,3402,854,986,1451,1048,885,1084,411,438,686,504,390,477,443,548,765,544,495,607
2018_3,백제고분로22길,6845,3282,3563,915,1058,1602,1164,1016,1090,460,515,774,587,451,495,455,543,828,577,565,595
2018_3,백제고분로21길,2515,1252,1263,244,426,650,424,379,392,133,201,314,224,205,175,111,225,336,200,174,217
2018_3,마천로51길,4081,2104,1977,552,458,519,646,775,1131,285,249,280,348,421,521,267,209,239,298,354,610
2018_3,동남로20길,3563,1698,1865,638,532,573,610,573,637,316,249,289,281,276,287,322,283,284,329,297,350
2018_3,거마로20길,3298,1667,1631,428,350,396,528,641,955,213,202,215,288,333,416,215,148,181,240,308,539
2018_3,학동로77길,2544,1202,1342,557,321,464,530,327,345,319,137,180,247,155,164,238,184,284,283,172,181
2018_3,학동로6길,1579,715,864,130,318,427,279,157,268,70,137,190,133,72,113,60,181,237,146,85,155
2018_3,학동로56길,1021,475,546,169,149,192,185,136,190,70,83,87,80,64,91,99,66,105,105,72,99
2018_3,학동로38길,1529,712,817,165,284,412,264,165,239,76,129,197,138,73,99,89,155,215,126,92,140
2018_3,테헤란로81길,442,215,227,39,71,103,62,52,115,27,40,48,30,23,47,12,31,55,32,29,68
2018_3,일원로9길,3430,1662,1768,539,648,547,518,537,641,289,333,256,247,240,297,250,315,291,271,297,344
2018_3,일원로3길,2351,1163,1188,433,367,358,395,361,437,235,194,181,183,170,200,198,173,177,212,191,237
2018_3,영동대로65길,2320,1165,1155,314,348,285,396,400,577,186,210,141,181,193,254,128,138,144,215,207,323
2018_3,영동대로112길,2643,1310,1333,448,373,471,478,392,481,267,204,227,210,182,220,181,169,244,268,210,261
2018_3,언주로81길,3503,1737,1766,365,622,928,630,484,474,178,283,463,335,261,217,187,339,465,295,223,257
2018_3,압구정로2길,1028,476,552,156,161,231,193,124,163,82,73,94,96,60,71,74,88,137,97,64,92
2018_3,선릉로18길,1690,849,841,263,224,218,280,300,405,141,126,120,128,155,179,122,98,98,152,145,226
2018_3,선릉로146길,1980,866,1114,222,360,446,342,268,342,111,130,187,172,122,144,111,230,259,170,146,198
2018_3,선릉로133길,1559,675,884,193,278,352,264,188,284,102,97,149,125,88,114,91,181,203,139,100,170
2018_3,선릉로132길,2081,952,1129,399,307,373,391,277,334,212,121,147,179,145,148,187,186,226,212,132,186
2018_3,선릉로121길,859,403,456,80,134,227,162,112,144,43,72,99,80,49,60,37,62,128,82,63,84
2018_3,삼성로75길,2488,1214,1274,410,417,438,514,362,347,234,203,213,214,190,160,176,214,225,300,172,187
2018_3,삼성로69길,3430,1676,1754,632,600,525,718,502,453,375,295,257,313,241,195,257,305,268,405,261,258
2018_3,삼성로64길,3107,1649,1458,825,402,188,807,560,325,542,226,90,342,303,146,283,176,98,465,257,179
2018_3,삼성로63길,4313,2044,2269,725,755,646,864,772,551,407,348,308,368,371,242,318,407,338,496,401,309
2018_3,삼성로57길,1688,872,816,489,215,92,437,308,147,303,105,41,179,177,67,186,110,51,258,131,80
2018_3,삼성로147길,1257,554,703,170,241,277,196,166,207,82,108,106,96,79,83,88,133,171,100,87,124
2018_3,삼성로115길,2812,1294,1518,528,385,576,548,342,433,296,190,225,243,160,180,232,195,351,305,182,253
2018_3,봉은사로68길,1486,674,812,150,245,423,283,152,233,79,106,172,143,78,96,71,139,251,140,74,137
2018_3,봉은사로57길,1553,691,862,218,280,355,286,179,235,123,113,151,118,93,93,95,167,204,168,86,142
2018_3,봉은사로43길,3313,1562,1751,513,481,712,606,418,583,271,229,322,280,197,263,242,252,390,326,221,320
2018_3,봉은사로29길,1236,575,661,105,227,371,214,139,180,51,106,160,109,65,84,54,121,211,105,74,96
2018_3,봉은사로109길,2209,1055,1154,413,308,358,369,336,425,208,163,159,172,158,195,205,145,199,197,178,230
2018_3,도산대로89길,1920,892,1028,267,313,343,339,304,354,153,135,167,147,134,156,114,178,176,192,170,198
2018_3,도산대로81길,929,416,513,157,141,124,152,134,221,73,62,53,66,59,103,84,79,71,86,75,118
2018_3,도산대로50길,2236,1029,1207,308,301,483,345,294,505,164,139,200,173,132,221,144,162,283,172,162,284
2018_3,도산대로38길,1029,474,555,90,181,315,169,109,165,50,79,148,88,43,66,40,102,167,81,66,99
2018_3,도산대로30길,908,422,486,68,167,221,170,94,188,31,69,106,82,42,92,37,98,115,88,52,96
2018_3,도산대로23길,1529,665,864,180,286,347,266,190,260,86,121,152,122,72,112,94,165,195,144,118,148
2018_3,도산대로15길,692,307,385,85,128,160,119,74,126,37,47,74,53,36,60,48,81,86,66,38,66
2018_3,도곡로37길,5992,2768,3224,726,1014,1395,1032,780,1045,366,454,625,488,370,465,360,560,770,544,410,580
2018_3,논현로8길,3621,1793,1828,570,551,652,630,592,626,304,289,341,299,291,269,266,262,311,331,301,357
2018_3,논현로63길,2557,1235,1322,320,408,607,427,348,447,166,189,281,221,170,208,154,219,326,206,178,239
2018_3,논현로28길,78,44,34,10,8,14,8,13,25,6,5,8,5,5,15,4,3,6,3,8,10
2018_3,논현로26길,1242,570,672,124,213,196,200,213,296,62,103,79,100,91,135,62,110,117,100,122,161
2018_3,논현로159길,428,190,238,52,65,107,63,57,84,27,27,45,28,25,38,25,38,62,35,32,46
2018_3,논현로139길,1328,630,698,142,194,316,215,174,287,71,83,149,109,84,134,71,111,167,106,90,153
2018_3,논현로123길,2087,986,1101,123,372,539,449,274,330,65,175,244,218,146,138,58,197,295,231,128,192
2018_3,논현로115길,3211,1527,1684,243,676,906,487,392,507,107,306,426,267,191,230,136,370,480,220,201,277
2018_3,논현로10길,1578,791,787,270,212,268,303,267,258,147,114,134,138,138,120,123,98,134,165,129,138
2018_3,논현로106길,2106,923,1183,144,399,728,338,212,285,63,162,307,163,97,131,81,237,421,175,115,154
2018_3,남부순환로365길,3548,1700,1848,723,467,566,658,571,563,342,232,274,314,279,259,381,235,292,344,292,304
2018_3,개포로82길,31,23,8,0,3,6,5,7,10,0,2,6,5,5,5,0,1,0,0,2,5
2018_3,개포로28길,2065,997,1068,365,323,318,400,355,304,183,163,161,181,176,133,182,160,157,219,179,171
2018_3,개포로20길,2369,1154,1215,326,392,443,389,410,409,158,191,234,208,173,190,168,201,209,181,237,219
2018_3,개포로17길,3656,1778,1878,590,526,609,646,614,671,306,258,302,308,302,302,284,268,307,338,312,369
2018_3,강남대로140길,1873,867,1006,184,305,459,277,293,355,101,133,214,133,131,155,83,172,245,144,162,200
2018_3,강남대로136길,1237,558,679,139,172,248,219,176,283,65,75,99,99,78,142,74,97,149,120,98,141
2018_3,강남대로118길,1495,640,855,115,323,436,242,152,227,62,128,175,122,58,95,53,195,261,120,94,132
2018_3,서초중앙로8길,2615,1286,1329,450,349,481,479,339,517,230,176,231,244,158,247,220,173,250,235,181,270
2018_3,방배중앙로21길,2688,1235,1453,537,379,370,494,451,457,235,175,162,217,230,216,302,204,208,277,221,241
2018_3,효령로72길,2076,1010,1066,394,241,422,397,284,338,211,112,179,209,140,159,183,129,243,188,144,179
2018_3,효령로34길,1580,766,814,267,198,300,262,241,312,146,95,147,126,115,137,121,103,153,136,126,175
2018_3,효령로31길,1784,827,957,219,251,362,307,256,389,110,119,174,139,117,168,109,132,188,168,139,221
2018_3,효령로23길,4565,2109,2456,685,772,885,752,643,828,359,364,393,339,284,370,326,408,492,413,359,458
2018_3,청두곶길,3966,1863,2103,585,600,704,633,564,880,307,268,332,304,255,397,278,332,372,329,309,483
2018_3,주흥길,3998,1941,2057,211,899,1181,639,467,601,108,402,572,352,243,264,103,497,609,287,224,337
2018_3,주흥15길,2622,1220,1402,186,479,742,468,276,471,98,203,339,251,141,188,88,276,403,217,135,283
2018_3,언남길,2078,1049,1029,284,321,449,367,314,343,143,171,222,189,161,163,141,150,227,178,153,180
2018_3,신반포로45길,2620,1261,1359,309,445,582,428,339,517,158,208,290,207,164,234,151,237,292,221,175,283
2018_3,서초대로8길,3259,1580,1679,376,462,497,451,550,923,199,223,253,233,244,428,177,239,244,218,306,495
2018_3,서초대로64길,1735,841,894,378,217,272,358,257,253,201,107,113,174,129,117,177,110,159,184,128,136
2018_3,서초대로4길,3437,1581,1856,523,510,613,537,515,739,250,241,287,241,233,329,273,269,326,296,282,410
2018_3,서초대로25길,1267,593,674,189,196,253,187,198,244,96,90,120,89,83,115,93,106,133,98,115,129
2018_3,서초대로23길,2659,1252,1407,385,346,475,472,405,576,197,168,218,231,196,242,188,178,257,241,209,334
2018_3,서초대로15길,3302,1509,1793,493,517,669,550,449,624,233,246,292,257,216,265,260,271,377,293,233,359
2018_3,사평대로57길,1264,555,709,55,291,348,196,143,231,27,117,149,99,63,100,28,174,199,97,80,131
2018_3,사평대로26길,133,50,83,17,28,16,20,18,34,6,13,6,6,6,13,11,15,10,14,12,21
2018_3,사평대로22길,1519,698,821,299,191,232,300,224,273,162,87,97,129,102,121,137,104,135,171,122,152
2018_3,사임당로17길,1067,524,543,149,180,227,163,151,197,76,94,114,86,69,85,73,86,113,77,82,112
2018_3,방배로42길,1013,470,543,237,122,140,204,141,169,113,64,60,98,66,69,124,58,80,106,75,100
2018_3,방배로35길,1755,818,937,341,239,224,343,279,329,163,113,96,155,141,150,178,126,128,188,138,179
2018_3,방배로18길,1624,742,882,200,268,407,252,191,306,113,103,186,116,84,140,87,165,221,136,107,166
2018_3,반포대로9길,1649,798,851,267,259,240,267,282,334,143,138,125,118,134,140,124,121,115,149,148,194
2018_3,바우뫼로39길,2775,1336,1439,335,438,586,395,418,603,172,213,304,183,189,275,163,225,282,212,229,328
2018_3,마방로2길,1494,748,746,210,213,326,266,199,280,105,113,177,141,90,122,105,100,149,125,109,158
2018_3,방배천로4안길,1197,537,660,165,211,240,183,170,228,85,78,101,100,65,108,80,133,139,83,105,120
2018_3,동산로19길,2065,1042,1023,303,281,494,389,267,331,148,150,258,202,129,155,155,131,236,187,138,176
2018_3,동산로10길,3496,1728,1768,534,517,731,555,530,629,301,257,368,275,248,279,233,260,363,280,282,350
2018_3,동광로39길,1640,746,894,289,195,271,311,238,336,147,87,120,134,119,139,142,108,151,177,119,197
2018_3,동광로1길,3335,1540,1795,582,500,562,632,524,535,284,237,271,277,242,229,298,263,291,355,282,306
2018_3,동광로12길,1330,597,733,247,186,186,257,182,272,98,81,88,121,88,121,149,105,98,136,94,151
2018_3,논현로27길,1855,902,953,172,282,397,350,265,389,88,149,194,169,129,173,84,133,203,181,136,216
2018_3,논현로1길,3181,1530,1651,524,443,658,601,495,460,254,224,333,284,246,189,270,219,325,317,249,271
2018_3,남부순환로339길,1580,772,808,276,209,356,284,199,256,135,100,180,141,101,115,141,109,176,143,98,141
2018_3,남부순환로325길,2492,1227,1265,336,374,360,394,449,579,180,189,176,191,225,266,156,185,184,203,224,313
2018_3,남부순환로317길,1704,828,876,330,266,270,307,261,270,183,132,123,144,117,129,147,134,147,163,144,141
2018_3,고무래로8길,1998,955,1043,423,221,303,365,277,409,219,109,137,171,138,181,204,112,166,194,139,228
2018_3,강남대로8길,3675,1820,1855,465,589,890,546,523,662,235,291,454,289,240,311,230,298,436,257,283,351
2018_3,강남대로34길,2632,1248,1384,263,432,707,352,362,516,137,199,370,163,164,215,126,233,337,189,198,301
2018_3,강남대로23길,1073,527,546,119,165,259,151,149,230,67,76,128,82,62,112,52,89,131,69,87,118
2018_3,소담길,709,388,321,36,54,81,144,143,251,26,22,41,87,93,119,10,32,40,57,50,132
2018_3,원신길,1378,700,678,156,158,197,190,258,419,80,75,117,112,130,186,76,83,80,78,128,233
2018_3,양지길,1830,912,918,193,205,204,274,336,618,90,113,123,148,178,260,103,92,81,126,158,358
2018_3,양산길,1607,814,793,124,271,307,260,248,397,65,141,181,150,108,169,59,130,126,110,140,228
2018_3,호암로24길,2619,1628,991,65,846,681,409,263,355,31,481,473,300,182,161,34,365,208,109,81,194
2018_3,호암로20길,3090,1982,1108,136,955,742,492,342,423,78,574,528,384,210,208,58,381,214,108,132,215
2018_3,행운길,4851,2393,2458,319,1496,1293,563,453,727,163,671,709,309,212,329,156,825,584,254,241,398
2018_3,행운1길,3330,1687,1643,270,724,647,399,461,829,145,340,351,216,244,391,125,384,296,183,217,438
2018_3,청림3길,4207,2066,2141,506,532,576,620,704,1269,258,300,310,333,344,521,248,232,266,287,360,748
2018_3,청룡길,3440,1627,1813,200,1189,777,354,355,565,100,491,418,185,156,277,100,698,359,169,199,288
2018_3,청룡8길,1867,902,965,200,512,367,235,199,354,99,222,203,121,94,163,101,290,164,114,105,191
2018_3,중앙길,3178,1554,1624,298,697,606,441,398,738,156,319,316,247,203,313,142,378,290,194,195,425
2018_3,조원중앙로2길,4397,2220,2177,493,736,773,640,756,999,260,335,431,336,395,463,233,401,342,304,361,536
2018_3,조원로18길,1778,872,906,138,479,413,236,187,325,68,199,230,138,90,147,70,280,183,98,97,178
2018_3,조원로10길,1761,907,854,150,284,344,255,298,430,82,125,189,142,164,205,68,159,155,113,134,225
2018_3,장군봉2길,1755,870,885,143,412,404,217,189,390,72,192,223,125,88,170,71,220,181,92,101,220
2018_3,장군봉1길,877,413,464,87,129,142,100,128,291,51,55,67,56,66,118,36,74,75,44,62,173
2018_3,인헌길,3077,1477,1600,357,489,604,483,447,697,175,246,297,237,214,308,182,243,307,246,233,389
2018_3,은천로25길,1515,744,771,284,168,266,263,209,325,140,92,135,139,106,132,144,76,131,124,103,193
2018_3,양녕로6길,4542,2197,2345,355,1110,916,527,615,1019,192,472,480,283,303,467,163,638,436,244,312,552
2018_3,신원로3길,2808,1384,1424,198,606,541,344,398,721,96,275,318,203,180,312,102,331,223,141,218,409
2018_3,신사로20길,1821,906,915,128,460,414,250,200,369,76,197,223,130,105,175,52,263,191,120,95,194
2018_3,신림로65길,1919,926,993,56,821,522,182,143,195,31,353,288,94,74,86,25,468,234,88,69,109
2018_3,신림로64길,1642,883,759,45,608,481,190,151,167,28,277,270,123,100,85,17,331,211,67,51,82
2018_3,신림로48길,2582,1355,1227,200,634,539,339,389,481,106,326,334,186,182,221,94,308,205,153,207,260
2018_3,신림로38길,1961,1033,928,180,424,389,283,266,419,102,226,226,167,128,184,78,198,163,116,138,235
2018_3,신림로28길,2999,1768,1231,231,823,688,432,357,468,128,459,460,278,215,228,103,364,228,154,142,240
2018_3,신림로11길,4689,2787,1902,330,1312,1032,641,607,767,177,765,698,426,361,360,153,547,334,215,246,407
2018_3,신림동길,4077,2084,1993,122,1498,1224,486,297,450,60,689,685,292,162,196,62,809,539,194,135,254
2018_3,승방길,3137,1480,1657,217,816,896,314,394,500,101,335,474,163,159,248,116,481,422,151,235,252
2018_3,서림7길,4120,2721,1399,215,1448,1077,546,332,502,124,959,772,412,215,239,91,489,305,134,117,263
2018_3,봉천로33길,4001,1971,2030,419,719,744,566,559,994,218,344,391,313,265,440,201,375,353,253,294,554
2018_3,봉천로13길,3831,1920,1911,517,687,643,541,537,906,291,357,348,279,252,393,226,330,295,262,285,513
2018_3,복은길,4146,2256,1890,390,971,849,574,565,797,199,536,526,336,296,363,191,435,323,238,269,434
2018_3,법원단지길,1339,649,690,202,191,174,204,237,331,99,93,102,99,111,145,103,98,72,105,126,186
2018_3,법원단지9길,5261,2645,2616,765,829,689,845,953,1180,420,443,361,427,449,545,345,386,328,418,504,635
2018_3,미성5길,4106,2019,2087,602,610,633,641,696,924,298,304,336,320,332,429,304,306,297,321,364,495
2018_3,대학길,1770,1112,658,102,574,367,262,187,278,50,366,256,191,123,126,52,208,111,71,64,152
2018_3,대학14길,2968,2069,899,160,842,613,529,406,418,82,579,454,411,314,229,78,263,159,118,92,189
2018_3,당곡길,1805,893,912,187,323,306,286,277,426,92,159,166,136,136,204,95,164,140,150,141,222
2018_3,남현길,1961,922,1039,241,370,404,268,258,420,110,165,208,129,116,194,131,205,196,139,142,226
2018_3,남현3길,1600,743,857,108,361,425,200,193,313,50,149,209,102,91,142,58,212,216,98,102,171
2018_3,남현2길,2822,1342,1480,248,572,675,365,380,582,130,230,367,193,165,257,118,342,308,172,215,325
2018_3,남부순환로248길,1689,781,908,168,383,310,239,224,365,83,173,145,120,107,153,85,210,165,119,117,212
2018_3,남부순환로234길,1926,989,937,175,479,420,260,197,395,92,251,233,134,97,182,83,228,187,126,100,213
2018_3,남부순환로172길,2629,1297,1332,275,596,459,378,407,514,141,284,251,183,196,242,134,312,208,195,211,272
2018_3,남부순환로161길,3934,1978,1956,437,806,687,599,659,746,229,392,389,292,334,342,208,414,298,307,325,404
2018_3,남부순환로151길,3364,1668,1696,342,767,654,503,479,619,177,360,359,259,222,291,165,407,295,244,257,328
2018_3,남부순환로142길,3516,1731,1785,398,680,727,499,517,695,188,315,397,268,257,306,210,365,330,231,260,389
2018_3,난향길,2591,1334,1257,301,301,267,443,429,850,154,166,152,236,226,400,147,135,115,207,203,450
2018_3,난우길,2396,1189,1207,390,320,322,388,402,574,189,162,172,192,203,271,201,158,150,196,199,303
2018_3,난곡로74길,1829,857,972,142,460,400,230,215,382,76,191,205,118,99,168,66,269,195,112,116,214
2018_3,난곡로34길,2583,1315,1268,336,378,395,394,493,587,188,191,209,209,241,277,148,187,186,185,252,310
2018_3,난곡로26길,3319,1680,1639,371,507,414,504,646,877,187,249,253,280,323,388,184,258,161,224,323,489
2018_3,난곡로24길,2516,1327,1189,306,288,336,391,437,758,167,173,185,222,230,350,139,115,151,169,207,408
2018_3,낙성대역길,5272,2609,2663,523,1501,1271,679,498,800,252,690,694,370,238,365,271,811,577,309,260,435
2018_3,국회단지길,5482,2745,2737,813,720,887,900,886,1276,420,381,471,484,408,581,393,339,416,416,478,695
2018_3,구암길,2983,1485,1498,424,320,316,522,488,913,219,162,163,288,246,407,205,158,153,234,242,506
2018_3,관천로22길,4370,2131,2239,396,1045,1010,577,498,844,184,510,529,312,224,372,212,535,481,265,274,472
2018_3,관천로15길,4588,2306,2282,557,945,815,692,706,873,281,462,469,371,327,396,276,483,346,321,379,477
2018_3,관악로30길,2773,1385,1388,445,402,437,433,421,635,217,217,231,211,214,295,228,185,206,222,207,340
2018_3,관악로28길,3084,1521,1563,496,414,441,507,510,716,250,218,220,258,241,334,246,196,221,249,269,382
2018_3,관악로14길,1415,668,747,102,530,294,141,121,227,51,237,145,75,63,97,51,293,149,66,58,130
2018_3,관악로10길,4466,2225,2241,496,1291,897,584,473,725,251,596,509,321,229,319,245,695,388,263,244,406
2018_3,흑석로9길,2024,1032,992,192,625,301,230,253,423,102,365,156,117,119,173,90,260,145,113,134,250
2018_3,흑석로13길,669,329,340,83,138,95,97,100,156,37,65,61,50,47,69,46,73,34,47,53,87
2018_3,장승배기로27길,2342,1235,1107,164,448,388,290,398,654,99,246,233,174,199,284,65,202,155,116,199,370
2018_3,장승배기로19길,2471,1259,1212,190,360,341,333,475,772,92,186,206,177,251,347,98,174,135,156,224,425
2018_3,장승배기로10길,385,204,181,37,74,48,54,70,102,19,41,30,25,39,50,18,33,18,29,31,52
2018_3,여의대방로46길,2881,1328,1553,682,437,373,628,407,354,281,183,188,302,214,160,401,254,185,326,193,194
2018_3,여의대방로24길,2874,1361,1513,405,503,560,467,397,542,206,216,272,221,194,252,199,287,288,246,203,290
2018_3,여의대방로22카길,3175,1550,1625,351,722,615,458,439,590,192,317,324,216,225,276,159,405,291,242,214,314
2018_3,여의대방로22나길,2470,1188,1282,376,335,405,416,382,556,197,156,196,209,188,242,179,179,209,207,194,314
2018_3,여의대방로22길,2361,1162,1199,263,451,480,347,356,464,150,203,250,182,171,206,113,248,230,165,185,258
2018_3,양녕로26길,1774,865,909,286,247,278,308,287,368,152,119,138,156,134,166,134,128,140,152,153,202
2018_3,신대방길,3934,1897,2037,440,566,589,625,667,1047,228,280,306,300,332,451,212,286,283,325,335,596
2018_3,성대로29길,2095,1025,1070,276,327,341,342,326,483,145,177,170,174,166,193,131,150,171,168,160,290
2018_3,성대로1길,1099,547,552,93,227,232,134,172,241,47,111,113,73,95,108,46,116,119,61,77,133
2018_3,서달로8가길,623,292,331,64,102,62,85,111,199,26,51,33,44,61,77,38,51,29,41,50,122
2018_3,서달로15길,358,184,174,31,48,54,41,54,130,14,25,29,28,31,57,17,23,25,13,23,73
2018_3,서달로14길,377,175,202,36,62,47,37,78,117,13,30,23,22,36,51,23,32,24,15,42,66
2018_3,서달로10길,1796,865,931,184,283,254,257,314,504,94,140,130,139,156,206,90,143,124,118,158,298
2018_3,상도로62길,2889,1400,1489,356,843,564,386,287,453,178,403,278,199,138,204,178,440,286,187,149,249
2018_3,상도로61길,2302,1211,1091,225,700,396,280,269,432,122,413,217,141,120,198,103,287,179,139,149,234
2018_3,상도로47길,3957,2003,1954,484,1193,588,488,456,748,242,685,303,232,210,331,242,508,285,256,246,417
2018_3,상도로37길,1317,622,695,168,344,248,168,141,248,77,156,126,90,65,108,91,188,122,78,76,140
2018_3,상도로15길,3868,1888,1980,350,816,813,514,551,824,169,412,422,267,266,352,181,404,391,247,285,472
2018_3,사당로8길,2590,1229,1361,252,458,522,388,394,576,130,214,261,196,184,244,122,244,261,192,210,332
2018_3,사당로30길,1036,492,544,64,211,255,141,118,247,41,99,123,80,48,101,23,112,132,61,70,146
2018_3,사당로2차길,3135,1519,1616,465,478,560,513,449,670,256,209,291,251,211,301,209,269,269,262,238,369
2018_3,사당로29길,2554,1214,1340,240,475,472,350,433,584,117,237,231,173,212,244,123,238,241,177,221,340
2018_3,사당로26길,2885,1393,1492,269,611,651,340,389,625,142,285,346,157,180,283,127,326,305,183,209,342
2018_3,사당로23나길,1017,511,506,115,146,152,158,166,280,62,76,84,87,79,123,53,70,68,71,87,157
2018_3,사당로23길,1533,735,798,310,186,282,250,225,280,167,79,124,130,108,127,143,107,158,120,117,153
2018_3,사당로20길,2665,1268,1397,264,519,560,373,353,596,124,249,297,190,152,256,140,270,263,183,201,340
2018_3,사당로16길,3406,1638,1768,369,476,612,523,489,937,189,222,323,276,226,402,180,254,289,247,263,535
2018_3,사당로16가길,2218,1069,1149,232,458,399,315,300,514,114,213,202,164,143,233,118,245,197,151,157,281
2018_3,만양로8길,3580,1838,1742,516,686,623,476,496,783,276,388,369,244,211,350,240,298,254,232,285,433
2018_3,만양로14길,923,565,358,34,367,208,89,74,151,20,244,143,64,34,60,14,123,65,25,40,91
2018_3,등용로14길,1955,992,963,188,342,339,244,344,498,102,186,186,130,169,219,86,156,153,114,175,279
2018_3,동작대로7길,3409,1635,1774,205,854,771,388,466,725,110,376,380,213,218,338,95,478,391,175,248,387
2018_3,동작대로35길,2426,1208,1218,287,320,407,366,392,654,154,162,221,194,185,292,133,158,186,172,207,362
2018_3,동작대로33길,2605,1228,1377,219,406,456,383,398,743,121,185,234,185,170,333,98,221,222,198,228,410
2018_3,동작대로29길,858,428,430,96,140,138,107,125,252,52,77,72,55,57,115,44,63,66,52,68,137
2018_3,동작대로17길,2385,1112,1273,178,457,512,343,330,565,92,191,223,186,155,265,86,266,289,157,175,300
2018_3,대방동2길,3514,1583,1931,479,777,681,535,461,581,253,319,287,256,210,258,226,458,394,279,251,323
2018_3,대방동27길,4219,2085,2134,762,757,711,772,571,646,402,368,364,380,291,280,360,389,347,392,280,366
2018_3,노량진로6길,3275,1655,1620,318,543,456,447,677,834,164,274,272,237,328,380,154,269,184,210,349,454
2018_3,국사봉길,3970,1897,2073,514,684,809,558,531,874,256,307,418,289,245,382,258,377,391,269,286,492
2018_3,국사봉2길,1387,630,757,138,336,333,196,148,236,78,130,152,86,75,109,60,206,181,110,73,127
2018_3,국사봉1길,3356,1591,1765,334,558,645,500,505,814,164,262,327,247,232,359,170,296,318,253,273,455
2018_3,영신로9길,2614,1361,1253,215,340,460,353,496,750,110,191,246,190,252,372,105,149,214,163,244,378
2018_3,영등포로84길,2588,1321,1267,183,534,477,388,402,604,91,251,282,213,215,269,92,283,195,175,187,335
2018_3,영등포로80길,2263,1159,1104,211,372,360,334,389,597,117,178,211,190,208,255,94,194,149,144,181,342
2018_3,영등포로62길,1639,867,772,129,271,349,232,246,412,59,149,206,136,128,189,70,122,143,96,118,223
2018_3,영등포로35길,1194,702,492,78,244,250,160,185,277,40,129,151,101,121,160,38,115,99,59,64,117
2018_3,영등포로27길,1895,1049,846,138,344,417,261,300,435,71,173,256,156,178,215,67,171,161,105,122,220
2018_3,영등포로25길,1741,881,860,126,358,312,218,294,433,63,167,171,131,152,197,63,191,141,87,142,236
2018_3,여의대방로61길,2322,1165,1157,226,316,443,376,379,582,104,156,252,192,202,259,122,160,191,184,177,323
2018_3,여의대방로43나길,3543,1777,1766,425,515,525,533,639,906,231,264,286,272,312,412,194,251,239,261,327,494
2018_3,여의대방로39길,369,173,196,27,74,66,42,61,99,15,30,32,21,30,45,12,44,34,21,31,54
2018_3,여의대방로35길,1480,766,714,175,206,200,246,237,416,95,111,110,130,120,200,80,95,90,116,117,216
2018_3,양평로28길,4052,2062,1990,583,657,1082,609,509,612,301,303,596,312,254,296,282,354,486,297,255,316
2018_3,양평로22라길,1570,772,798,202,264,490,252,157,205,108,103,263,139,76,83,94,161,227,113,81,122
2018_3,양평로19길,2980,1505,1475,549,442,583,507,409,490,281,222,305,262,216,219,268,220,278,245,193,271
2018_3,신길로60길,3034,1509,1525,319,365,412,464,540,934,167,175,223,236,280,428,152,190,189,228,260,506
2018_3,신길로42길,2773,1398,1375,307,365,314,420,540,827,157,192,183,222,284,360,150,173,131,198,256,467
2018_3,신길로42가길,4050,1975,2075,501,549,467,657,743,1133,271,278,249,330,355,492,230,271,218,327,388,641
2018_3,신길로39길,2022,1025,997,237,264,225,313,408,575,125,149,126,161,208,256,112,115,99,152,200,319
2018_3,신길로17길,2423,1169,1254,218,370,313,347,459,716,109,203,169,165,216,307,109,167,144,182,243,409
2018_3,선유서로28길,939,485,454,128,100,146,149,148,268,73,50,79,88,70,125,55,50,67,61,78,143
2018_3,선유서로25길,3372,1759,1613,383,530,816,521,456,666,197,261,453,300,250,298,186,269,363,221,206,368
2018_3,선유서로24길,1323,679,644,120,126,137,187,249,504,62,81,82,109,134,211,58,45,55,78,115,293
2018_3,선유로55길,2914,1445,1469,206,684,773,364,354,533,111,269,407,197,208,253,95,415,366,167,146,280
2018_3,디지털로74길,90,87,3,75,4,4,2,1,4,75,3,3,2,0,4,0,1,1,0,1,0
2018_3,디지털로57길,1478,714,764,136,144,163,259,281,495,77,75,76,127,149,210,59,69,87,132,132,285
2018_3,디지털로37길,1399,681,718,145,122,138,222,256,516,74,67,71,107,127,235,71,55,67,115,129,281
2018_3,도신로62길,1691,832,859,194,249,227,252,268,501,97,136,122,132,124,221,97,113,105,120,144,280
2018_3,도신로60길,773,390,383,83,95,101,112,132,250,40,56,58,56,63,117,43,39,43,56,69,133
2018_3,도신로29길,1632,840,792,204,212,238,275,295,408,119,113,130,138,155,185,85,99,108,137,140,223
2018_3,도신로15길,3667,1839,1828,325,673,761,527,579,802,181,301,400,282,297,378,144,372,361,245,282,424
2018_3,도림천로21길,2531,1235,1296,243,444,472,345,417,610,108,213,258,163,203,290,135,231,214,182,214,320
2018_3,도림로63길,834,423,411,124,109,107,128,166,200,56,61,60,65,83,98,68,48,47,63,83,102
2018_3,도림로147길,347,192,155,15,43,54,33,55,147,9,26,27,25,32,73,6,17,27,8,23,74
2018_3,도림로112길,2239,1157,1082,236,272,300,352,421,658,127,149,164,191,226,300,109,123,136,161,195,358
2018_3,대림로8길,3090,1526,1564,308,491,400,474,516,901,163,231,219,240,267,406,145,260,181,234,249,495
2018_3,대림로7길,1053,511,542,102,130,132,144,213,332,51,57,79,66,107,151,51,73,53,78,106,181
2018_3,대림로44길,2383,1254,1129,346,346,300,401,480,510,189,194,166,207,254,244,157,152,134,194,226,266
2018_3,대림로34길,2848,1462,1386,405,406,327,445,571,694,216,216,189,219,288,334,189,190,138,226,283,360
2018_3,대림로31길,2403,1241,1162,241,286,329,424,470,653,134,137,183,235,249,303,107,149,146,189,221,350
2018_3,대림로29길,1916,993,923,152,243,267,315,374,565,81,127,159,167,204,255,71,116,108,148,170,310
2018_3,대림로22길,4375,2227,2148,529,627,499,673,834,1213,286,334,272,335,437,563,243,293,227,338,397,650
2018_3,당산로46길,2120,1063,1057,127,531,487,256,282,437,63,243,271,137,147,202,64,288,216,119,135,235
2018_3,당산로38길,1796,824,972,136,580,502,194,179,205,61,225,275,93,80,90,75,355,227,101,99,115
2018_3,당산로37길,1346,632,714,134,185,249,186,211,381,63,78,121,100,115,155,71,107,128,86,96,226
2018_3,당산로31길,977,510,467,101,175,253,136,122,190,59,84,132,74,69,92,42,91,121,62,53,98
2018_3,국회대로56길,2583,1554,1029,112,748,925,285,213,300,57,389,615,200,139,154,55,359,310,85,74,146
2018_3,경인로90길,141,107,34,1,6,8,19,36,71,0,3,5,18,29,52,1,3,3,1,7,19
2018_3,경인로80길,141,78,63,8,8,20,24,21,60,3,5,14,17,13,26,5,3,6,7,8,34
2018_3,경인로77길,275,166,109,7,45,45,31,54,93,3,31,27,21,37,47,4,14,18,10,17,46
2018_3,가마산로61길,1954,997,957,229,282,215,299,377,552,125,151,123,155,194,249,104,131,92,144,183,303
2018_3,시흥대로94길,3815,1960,1855,464,593,571,566,746,875,237,318,326,275,377,427,227,275,245,291,369,448
2018_3,시흥대로84길,5975,3040,2935,736,897,834,890,1217,1401,405,476,453,445,596,665,331,421,381,445,621,736
2018_3,시흥대로68길,2649,1348,1301,318,371,352,403,514,691,171,191,204,214,252,316,147,180,148,189,262,375
2018_3,시흥대로63길,1625,807,818,178,213,303,250,285,396,89,103,161,128,140,186,89,110,142,122,145,210
2018_3,시흥대로62가길,3023,1519,1504,367,417,381,455,621,782,190,235,206,233,309,346,177,182,175,222,312,436
2018_3,시흥대로36길,1975,1007,968,289,249,303,303,350,481,141,131,168,168,179,220,148,118,135,135,171,261
2018_3,시흥대로22길,3545,1764,1781,510,488,507,521,596,923,261,253,280,266,285,419,249,235,227,255,311,504
2018_3,시흥대로153길,1825,1010,815,151,426,435,227,288,298,74,236,267,130,154,149,77,190,168,97,134,149
2018_3,시흥대로150길,4840,2435,2405,592,708,780,720,878,1162,290,362,431,370,440,542,302,346,349,350,438,620
2018_3,시흥대로141길,2213,1216,997,155,503,404,282,404,465,72,242,247,165,241,249,83,261,157,117,163,216
2018_3,시흥대로138길,590,316,274,69,51,76,94,120,180,39,33,45,48,62,89,30,18,31,46,58,91
2018_3,시흥대로120길,3306,1645,1661,381,514,441,493,689,788,199,253,233,249,355,356,182,261,208,244,334,432
2018_3,벚꽃로56길,1084,573,511,81,147,189,152,210,305,39,77,112,83,119,143,42,70,77,69,91,162
2018_3,범안로17길,821,469,352,70,170,221,147,116,97,39,88,142,87,67,46,31,82,79,60,49,51
2018_3,범안로11길,1285,740,545,70,396,451,166,97,105,32,198,289,109,58,54,38,198,162,57,39,51
2018_3,문성로5길,3193,1625,1568,318,496,495,486,611,787,156,257,280,263,296,373,162,239,215,223,315,414
2018_3,독산로85길,661,316,345,85,94,89,108,138,147,38,53,46,51,68,60,47,41,43,57,70,87
2018_3,독산로78다길,3365,1691,1674,441,484,426,510,665,839,212,256,237,254,341,391,229,228,189,256,324,448
2018_3,독산로70길,2642,1339,1303,264,318,316,461,606,677,132,161,173,224,346,303,132,157,143,237,260,374
2018_3,독산로64길,2306,1172,1134,273,331,295,357,499,551,137,181,157,189,256,252,136,150,138,168,243,299
2018_3,독산로50길,2157,1094,1063,320,310,302,314,388,523,172,167,156,156,186,257,148,143,146,158,202,266
2018_3,독산로40길,2650,1309,1341,385,332,388,412,494,639,188,184,207,207,233,290,197,148,181,205,261,349
2018_3,독산로108길,1904,986,918,195,311,313,294,383,408,106,147,188,145,207,193,89,164,125,149,176,215
2018_3,남부순환로112길,2305,1359,946,93,665,526,295,366,360,44,333,347,202,226,207,49,332,179,93,140,153
2018_3,금하로24길,4345,2196,2149,559,576,475,696,828,1211,279,315,260,360,437,545,280,261,215,336,391,666
2018_3,금하로1길,1959,995,964,264,265,248,343,362,477,132,130,151,173,190,219,132,135,97,170,172,258
2018_3,금하로14길,1724,842,882,204,247,248,257,309,459,92,119,137,126,154,214,112,128,111,131,155,245
2018_3,가산로5길,3279,1894,1385,264,783,928,434,404,466,143,421,580,271,237,242,121,362,348,163,167,224
2018_3,가산로3길,1042,662,380,61,272,341,144,125,99,24,161,239,108,79,51,37,111,102,36,46,48
2018_3,중앙로1길,1074,552,522,142,172,166,156,175,263,79,92,86,87,84,124,63,80,80,69,91,139
2018_3,중앙로15길,1604,808,796,227,215,252,222,263,425,117,121,131,128,121,190,110,94,121,94,142,235
2018_3,우마길,853,481,372,45,102,69,110,247,280,21,56,38,70,144,152,24,46,31,40,103,128
2018_3,오류로8길,2092,1056,1036,259,268,263,296,336,670,142,147,154,155,173,285,117,121,109,141,163,385
2018_3,신도림로13길,537,271,266,53,62,58,78,112,174,17,37,28,44,61,84,36,25,30,34,51,90
2018_3,새말로18길,2631,1277,1354,344,408,601,336,371,571,179,181,295,171,178,273,165,227,306,165,193,298
2018_3,부일로1길,1418,718,700,188,165,261,219,201,384,112,73,127,126,102,178,76,92,134,93,99,206
2018_3,부일로15길,1561,751,810,223,220,223,248,249,398,106,117,105,130,121,172,117,103,118,118,128,226
2018_3,부일로11길,2696,1385,1311,428,389,336,447,475,621,242,222,174,208,231,308,186,167,162,239,244,313
2018_3,디지털로32길,1529,820,709,40,464,570,213,127,115,18,185,341,131,84,61,22,279,229,82,43,54
2018_3,디지털로32가길,4753,2615,2138,103,1722,1843,508,260,317,52,787,1119,340,152,165,51,935,724,168,108,152
2018_3,디지털로27길,1261,679,582,137,118,151,203,243,409,65,63,87,120,146,198,72,55,64,83,97,211
2018_3,도림로6길,1447,744,703,162,178,172,220,295,420,83,97,101,125,157,181,79,81,71,95,138,239
2018_3,도림로12길,2186,1041,1145,279,269,298,346,380,614,139,141,149,176,177,259,140,128,149,170,203,355
2018_3,남부순환로97길,1293,613,680,204,123,223,184,159,400,95,60,114,90,59,195,109,63,109,94,100,205
2018_3,구로중앙로8길,2809,1367,1442,298,318,364,421,540,868,147,169,184,209,251,407,151,149,180,212,289,461
2018_3,구로중앙로7길,713,363,350,67,53,80,102,129,282,38,25,38,63,65,134,29,28,42,39,64,148
2018_3,구로중앙로42길,893,489,404,103,129,119,140,151,251,50,84,71,82,84,118,53,45,48,58,67,133
2018_3,구로중앙로34길,1147,590,557,114,170,138,165,227,333,56,101,85,82,115,151,58,69,53,83,112,182
2018_3,구로중앙로28길,3346,1668,1678,390,522,589,526,583,736,180,221,322,284,311,350,210,301,267,242,272,386
2018_3,구로중앙로19길,896,426,470,110,101,110,142,167,266,54,42,57,70,88,115,56,59,53,72,79,151
2018_3,구로동로8길,6191,3121,3070,694,804,729,954,1198,1812,367,493,392,491,562,816,327,311,337,463,636,996
2018_3,구로동로7길,2664,1421,1243,272,321,294,420,533,824,155,200,163,235,287,381,117,121,131,185,246,443
2018_3,구로동로42길,1960,955,1005,230,232,216,319,377,586,112,109,107,169,205,253,118,123,109,150,172,333
2018_3,구로동로41길,2490,1296,1194,319,312,294,406,483,676,163,168,169,226,263,307,156,144,125,180,220,369
2018_3,구로동로38길,1944,957,987,219,220,196,288,403,618,104,125,107,144,212,265,115,95,89,144,191,353
2018_3,구로동로28길,2057,1039,1018,213,246,220,360,377,641,113,127,122,180,206,291,100,119,98,180,171,350
2018_3,구로동로15길,990,507,483,97,108,103,129,212,341,48,68,59,63,109,160,49,40,44,66,103,181
2018_3,공원로6가길,2092,923,1169,178,607,540,258,214,295,80,204,261,137,105,136,98,403,279,121,109,159
2018_3,고척로52길,3162,1575,1587,523,402,469,514,557,697,269,209,239,257,277,324,254,193,230,257,280,373
2018_3,고척로27다길,4435,2203,2232,643,659,538,716,834,1045,316,354,278,351,418,486,327,305,260,365,416,559
2018_3,고척로27길,2536,1309,1227,331,343,350,386,470,656,167,199,183,196,257,307,164,144,167,190,213,349
2018_3,고척로21나길,2639,1362,1277,372,328,339,430,483,687,195,188,180,230,252,317,177,140,159,200,231,370
2018_3,경인로47길,1920,948,972,264,295,261,283,348,469,114,151,135,151,176,221,150,144,126,132,172,248
2018_3,경인로35길,3083,1587,1496,320,390,349,442,612,970,166,195,192,248,317,469,154,195,157,194,295,501
2018_3,경인로31길,1861,972,889,177,225,218,295,410,536,83,122,122,180,216,249,94,103,96,115,194,287
2018_3,경인로15길,3456,1730,1726,433,453,517,537,572,944,209,241,272,288,273,447,224,212,245,249,299,497
2018_3,개봉로3길,3013,1474,1539,425,405,484,500,492,707,209,210,261,258,239,297,216,195,223,242,253,410
2018_3,개봉로2길,2232,1061,1171,377,248,400,369,318,520,174,123,202,183,146,233,203,125,198,186,172,287
2018_3,개봉로23가길,2453,1207,1246,292,275,472,373,347,694,131,134,251,207,162,322,161,141,221,166,185,372
2018_3,개봉로20길,3691,1758,1933,604,448,619,538,561,921,296,220,283,274,244,441,308,228,336,264,317,480
2018_3,개봉로1길,2205,1097,1108,314,275,357,367,340,552,159,143,193,182,165,255,155,132,164,185,175,297
2018_3,개봉로17다길,3378,1697,1681,447,468,562,489,561,851,222,264,282,251,285,393,225,204,280,238,276,458
2018_3,개봉로17길,5784,2842,2942,864,837,894,933,999,1257,455,428,450,479,479,551,409,409,444,454,520,706
2018_3,개봉로11길,5332,2598,2734,769,760,786,847,899,1271,400,380,396,422,426,574,369,380,390,425,473,697
2018_3,화곡로64길,4219,2035,2184,501,843,1047,597,544,687,280,320,539,295,278,323,221,523,508,302,266,364
2018_3,화곡로59길,2611,1269,1342,393,405,437,408,495,473,210,212,207,185,239,216,183,193,230,223,256,257
2018_3,화곡로44나길,3242,1628,1614,441,495,686,506,499,615,237,224,381,266,225,295,204,271,305,240,274,320
2018_3,화곡로31길,4006,1923,2083,391,642,744,528,665,1036,205,322,381,248,291,476,186,320,363,280,374,560
2018_3,화곡로20길,3376,1682,1694,480,457,601,507,556,775,245,226,312,279,258,362,235,231,289,228,298,413
2018_3,화곡로13길,3391,1633,1758,532,495,529,567,532,736,283,249,259,268,255,319,249,246,270,299,277,417
2018_3,초원로16길,3597,1832,1765,427,516,490,498,644,1022,230,269,273,270,302,488,197,247,217,228,342,534
2018_3,초록마을로8길,4978,2445,2533,930,706,950,871,695,826,490,357,492,439,314,353,440,349,458,432,381,473
2018_3,초록마을로3길,2617,1343,1274,205,490,707,457,314,444,92,242,401,257,166,185,113,248,306,200,148,259
2018_3,월정로20길,2479,1298,1181,171,471,711,365,340,421,80,218,397,222,176,205,91,253,314,143,164,216
2018_3,우장산로6길,5192,2464,2728,1198,715,675,1063,787,754,557,341,320,494,394,358,641,374,355,569,393,396
2018_3,양천로73가길,2749,1423,1326,697,322,486,599,328,317,393,159,242,304,177,148,304,163,244,295,151,169
2018_3,양천로71길,6680,3255,3425,1722,777,894,1448,939,900,830,417,403,725,461,419,892,360,491,723,478,481
2018_3,양천로49길,1254,636,618,148,236,318,164,171,217,86,99,177,91,85,98,62,137,141,73,86,119
2018_3,양천로26길,2020,977,1043,420,225,353,355,290,377,207,122,167,175,147,159,213,103,186,180,143,218
2018_3,양천로24길,3845,1967,1878,580,501,691,545,579,949,325,267,355,295,273,452,255,234,336,250,306,497
2018_3,양천로24가길,2930,1463,1467,487,369,477,493,471,633,251,193,245,249,235,290,236,176,232,244,236,343
2018_3,양천로14길,4261,2101,2160,732,555,628,663,696,987,377,281,324,351,315,453,355,274,304,312,381,534
2018_3,방화대로6라길,2373,1230,1143,307,310,375,466,381,534,167,145,207,257,205,249,140,165,168,209,176,285
2018_3,방화대로21길,2467,1264,1203,304,380,412,317,429,625,164,182,253,165,209,291,140,198,159,152,220,334
2018_3,등촌로5길,1454,686,768,175,216,278,194,236,355,92,103,138,96,101,156,83,113,140,98,135,199
2018_3,등촌로55길,2953,1418,1535,408,489,775,435,384,462,212,225,394,209,164,214,196,264,381,226,220,248
2018_3,등촌로51길,2131,1056,1075,319,347,338,290,360,477,162,199,161,139,163,232,157,148,177,151,197,245
2018_3,등촌로39길,3372,1697,1675,560,501,625,520,545,621,295,267,336,264,265,270,265,234,289,256,280,351
2018_3,등촌로13길,3994,1962,2032,549,555,817,613,635,825,285,283,431,292,304,367,264,272,386,321,331,458
2018_3,남부순환로11길,4091,2132,1959,609,536,815,693,637,801,315,269,449,385,342,372,294,267,366,308,295,429
2018_3,까치산로4길,4358,2102,2256,790,584,822,757,587,818,416,275,421,381,267,342,374,309,401,376,320,476
2018_3,국회대로7길,2358,1138,1220,245,319,434,334,408,618,107,177,236,170,179,269,138,142,198,164,229,349
2018_3,공항대로8길,3046,1558,1488,346,514,527,437,462,760,174,277,281,244,217,365,172,237,246,193,245,395
2018_3,공항대로61길,2035,1011,1024,377,273,407,378,264,336,192,147,192,201,127,152,185,126,215,177,137,184
2018_3,공항대로59다길,3098,1521,1577,490,506,584,461,491,566,278,240,282,214,239,268,212,266,302,247,252,298
2018_3,공항대로59길,2231,1037,1194,184,472,619,310,290,356,98,176,299,155,145,164,86,296,320,155,145,192
2018_3,공항대로55길,1739,872,867,276,261,315,250,276,361,154,133,167,121,132,165,122,128,148,129,144,196
2018_3,공항대로42길,1108,554,554,223,138,170,219,173,185,111,78,89,100,89,87,112,60,81,119,84,98
2018_3,공항대로38길,395,189,206,66,64,81,65,64,55,35,30,42,33,29,20,31,34,39,32,35,35
2018_3,곰달래로60길,2016,1003,1013,179,299,412,286,344,496,97,167,209,146,151,233,82,132,203,140,193,263
2018_3,곰달래로53길,3725,1830,1895,589,502,591,663,593,787,299,258,319,320,298,336,290,244,272,343,295,451
2018_3,곰달래로47길,4136,2004,2132,712,553,727,755,630,759,334,290,374,375,291,340,378,263,353,380,339,419
2018_3,곰달래로31길,3178,1520,1658,658,401,587,583,400,549,343,194,273,288,170,252,315,207,314,295,230,297
2018_3,곰달래로25길,3052,1441,1611,403,389,552,495,478,735,188,190,270,261,209,323,215,199,282,234,269,412
2018_3,개화동로25길,2463,1237,1226,196,662,494,307,327,477,92,293,292,171,168,221,104,369,202,136,159,256
2018_3,개화동로23길,3932,1953,1979,464,461,523,576,755,1153,237,246,280,295,367,528,227,215,243,281,388,625
2018_3,강서로8길,3447,1700,1747,441,444,654,542,485,881,226,206,350,280,219,419,215,238,304,262,266,462
2018_3,강서로5라길,2791,1373,1418,408,341,545,438,433,626,210,167,294,229,196,277,198,174,251,209,237,349
2018_3,강서로5나길,2960,1468,1492,213,645,827,403,330,542,101,271,455,226,155,260,112,374,372,177,175,282
2018_3,강서로5가길,2040,1027,1013,161,353,514,299,262,451,89,143,270,172,129,224,72,210,244,127,133,227
2018_3,강서로47라길,3684,1736,1948,812,568,441,697,625,541,376,275,224,321,304,236,436,293,217,376,321,305
2018_3,강서로47길,4248,2043,2205,937,555,543,844,695,674,431,275,281,399,370,287,506,280,262,445,325,387
2018_3,강서로45다길,2725,1322,1403,422,392,474,427,403,607,219,182,248,224,178,271,203,210,226,203,225,336
2018_3,강서로45길,917,442,475,175,119,144,163,127,189,79,50,74,79,60,100,96,69,70,84,67,89
2018_3,강서로35길,3898,1872,2026,455,578,704,557,687,917,232,266,362,275,319,418,223,312,342,282,368,499
2018_3,강서로29길,3110,1513,1597,394,490,772,448,439,567,199,229,400,224,192,269,195,261,372,224,247,298
2018_3,강서로18길,6917,3353,3564,974,979,1367,1077,1017,1503,500,464,718,544,471,656,474,515,649,533,546,847
2018_3,강서로17가길,3222,1621,1601,353,506,681,442,520,720,190,258,361,244,231,337,163,248,320,198,289,383
2018_3,강서로15길,5492,2711,2781,586,772,1090,816,935,1293,282,400,572,429,480,548,304,372,518,387,455,745
2018_3,가로공원로80길,2940,1471,1469,421,427,550,444,472,626,225,219,287,233,220,287,196,208,263,211,252,339
2018_3,가로공원로76가길,3248,1566,1682,428,448,667,511,485,709,211,222,352,248,220,313,217,226,315,263,265,396
2018_3,화곡로4길,1484,730,754,199,174,208,226,282,395,102,88,109,105,136,190,97,86,99,121,146,205
2018_3,화곡로3길,3249,1623,1626,639,428,494,520,545,623,345,227,238,255,267,291,294,201,256,265,278,332
2018_3,지양로7길,3331,1637,1694,430,425,463,456,599,958,208,228,263,238,273,427,222,197,200,218,326,531
2018_3,중앙로55길,3785,1876,1909,589,479,552,584,647,934,317,245,280,280,320,434,272,234,272,304,327,500
2018_3,중앙로51길,4179,2052,2127,737,525,660,663,628,966,347,274,353,320,312,446,390,251,307,343,316,520
2018_3,중앙로47길,1844,951,893,202,222,234,286,376,524,109,122,136,152,177,255,93,100,98,134,199,269
2018_3,중앙로45길,1966,950,1016,275,270,279,314,341,487,148,129,135,166,149,223,127,141,144,148,192,264
2018_3,중앙로36길,901,443,458,160,107,100,172,132,230,91,50,51,79,74,98,69,57,49,93,58,132
2018_3,중앙로32길,1082,533,549,227,137,120,204,185,209,114,75,58,92,105,89,113,62,62,112,80,120
2018_3,중앙로25길,2426,1259,1167,249,261,322,416,457,721,128,138,186,233,242,332,121,123,136,183,215,389
2018_3,은행정로7길,3366,1655,1711,522,442,539,556,514,793,263,225,274,283,243,367,259,217,265,273,271,426
2018_3,은행정로5길,777,429,348,124,72,88,132,143,218,69,40,54,65,88,113,55,32,34,67,55,105
2018_3,오목로5길,4036,1984,2052,801,440,651,634,634,876,412,226,299,325,318,404,389,214,352,309,316,472
2018_3,오목로3길,3622,1798,1824,725,408,587,629,548,725,371,218,284,323,262,340,354,190,303,306,286,385
2018_3,오목로30길,3606,1787,1819,397,569,562,556,613,909,218,274,307,277,295,416,179,295,255,279,318,493
2018_3,오목로23길,4445,2228,2217,615,658,859,721,663,929,308,338,448,365,321,448,307,320,411,356,342,481
2018_3,신월로20길,1953,987,966,369,222,346,322,291,403,193,128,176,157,135,198,176,94,170,165,156,205
2018_3,신월로15길,5612,2767,2845,968,737,745,911,962,1289,518,378,366,450,475,580,450,359,379,461,487,709
2018_3,신목로6길,2425,1175,1250,430,357,311,448,401,478,225,188,146,207,208,201,205,169,165,241,193,277
2018_3,신목로5길,2171,1080,1091,535,314,196,462,376,288,275,169,86,215,205,130,260,145,110,247,171,158
2018_3,신목로2길,2079,1022,1057,362,359,184,357,440,377,186,197,96,162,213,168,176,162,88,195,227,209
2018_3,목동중앙서로8가길,1379,672,707,186,202,264,190,216,321,107,104,131,102,96,132,79,98,133,88,120,189
2018_3,목동중앙서로7길,3752,1845,1907,584,582,620,638,622,706,314,301,329,304,291,306,270,281,291,334,331,400
2018_3,목동중앙북로8길,2134,973,1161,251,320,412,307,345,499,127,158,196,145,149,198,124,162,216,162,196,301
2018_3,목동중앙북로16길,3509,1696,1813,428,573,926,486,459,637,221,252,470,246,213,294,207,321,456,240,246,343
2018_3,목동중앙본로7길,2931,1444,1487,500,454,428,470,519,560,281,247,215,202,249,250,219,207,213,268,270,310
2018_3,목동중앙로3길,2436,1173,1263,544,347,296,451,409,389,270,179,141,204,211,168,274,168,155,247,198,221
2018_3,목동중앙로13나길,1078,552,526,168,163,255,154,155,183,91,69,135,78,87,92,77,94,120,76,68,91
2018_3,목동중앙남로3가길,2692,1358,1334,492,427,395,447,459,472,281,244,182,215,218,218,211,183,213,232,241,254
2018_3,목동로9길,3482,1643,1839,562,573,558,586,577,626,280,280,250,283,245,305,282,293,308,303,332,321
2018_3,목동로19길,2275,1070,1205,351,329,366,376,372,481,171,158,168,178,179,216,180,171,198,198,193,265
2018_3,목동동로8길,1560,751,809,383,197,159,356,269,196,193,97,76,167,136,82,190,100,83,189,133,114
2018_3,목동동로12길,2276,1095,1181,499,309,242,452,376,398,258,148,112,201,199,177,241,161,130,251,177,221
2018_3,목동남로4길,1264,609,655,264,181,161,234,190,234,121,88,82,108,105,105,143,93,79,126,85,129
2018_3,남부순환로88길,1867,905,962,490,205,231,402,266,273,239,100,113,186,139,128,251,105,118,216,127,145
2018_3,남부순환로79길,705,357,348,84,83,95,84,155,204,44,47,59,34,78,95,40,36,36,50,77,109
2018_3,남부순환로70길,4941,2440,2501,566,707,610,735,922,1401,267,387,321,386,469,610,299,320,289,349,453,791
2018_3,남부순환로58길,2094,1082,1012,301,287,304,315,384,503,165,147,181,167,188,234,136,140,123,148,196,269
2018_3,남부순환로40길,2422,1339,1083,221,268,314,398,503,718,112,142,196,238,288,363,109,126,118,160,215,355
2018_3,남부순환로33길,3669,1805,1864,447,539,578,531,674,900,213,275,324,253,320,420,234,264,254,278,354,480
2018_3,곰달래로5길,3757,1940,1817,391,559,491,546,743,1027,208,293,266,290,386,497,183,266,225,256,357,530
2018_3,곰달래로3길,3850,2005,1845,480,510,501,624,769,966,253,281,275,324,419,453,227,229,226,300,350,513
2018_3,곰달래로2길,3176,1630,1546,482,406,489,522,564,713,244,205,267,286,286,342,238,201,222,236,278,371
2018_3,곰달래로10길,3433,1763,1670,452,417,581,556,601,826,227,238,303,289,309,397,225,179,278,267,292,429
2018_3,가로공원로58길,2356,1293,1063,217,303,247,394,498,697,110,159,149,235,302,338,107,144,98,159,196,359
2018_3,효창원로93길,3035,1454,1581,351,483,405,512,573,711,165,242,211,241,280,315,186,241,194,271,293,396
2018_3,토정로37길,2638,1272,1366,653,266,394,632,338,355,316,126,172,328,171,159,337,140,222,304,167,196
2018_3,월드컵로8길,1621,721,900,154,292,380,278,196,321,79,121,168,128,89,136,75,171,212,150,107,185
2018_3,월드컵로7길,1846,838,1008,209,335,455,267,256,324,106,135,208,120,126,143,103,200,247,147,130,181
2018_3,월드컵로36길,3860,1728,2132,455,757,766,652,520,710,223,276,340,325,249,315,232,481,426,327,271,395
2018_3,월드컵로25길,3111,1491,1620,490,468,546,561,412,634,244,225,263,279,213,267,246,243,283,282,199,367
2018_3,월드컵로19길,1661,774,887,169,307,309,271,222,383,84,146,152,135,110,147,85,161,157,136,112,236
2018_3,월드컵로16길,2475,1143,1332,302,434,535,406,340,458,154,187,245,184,172,201,148,247,290,222,168,257
2018_3,월드컵로11길,2412,1118,1294,259,424,548,366,311,504,130,184,254,188,153,209,129,240,294,178,158,295
2018_3,월드컵로10길,4125,1929,2196,474,669,696,718,692,876,237,300,307,338,346,401,237,369,389,380,346,475
2018_3,와우산로3길,1774,837,937,145,357,428,248,254,342,73,158,218,124,120,144,72,199,210,124,134,198
2018_3,와우산로29길,804,373,431,77,146,184,139,98,160,38,63,87,71,42,72,39,83,97,68,56,88
2018_3,와우산로29가길,512,240,272,24,197,126,52,44,69,14,91,60,24,22,29,10,106,66,28,22,40
2018_3,양화진길,1341,623,718,117,202,311,210,190,311,69,91,155,110,77,121,48,111,156,100,113,190
2018_3,양화로1길,2672,1223,1449,325,474,557,441,339,536,151,206,268,218,153,227,174,268,289,223,186,309
2018_3,양화로11길,755,326,429,79,142,182,116,82,154,40,55,78,50,38,65,39,87,104,66,44,89
2018_3,신촌로30길,535,257,278,41,60,58,66,106,204,19,27,34,41,49,87,22,33,24,25,57,117
2018_3,신촌로28가길,245,131,114,16,27,31,31,64,76,7,13,17,19,39,36,9,14,14,12,25,40
2018_3,신촌로12길,1931,931,1000,105,564,445,235,218,364,58,277,227,114,99,156,47,287,218,121,119,208
2018_3,숭문길,2839,1419,1420,323,416,338,437,501,824,173,219,184,227,256,360,150,197,154,210,245,464
2018_3,숭문8길,525,249,276,81,58,119,90,57,120,36,29,62,51,24,47,45,29,57,39,33,73
2018_3,성지3길,1036,474,562,100,197,242,126,149,222,52,78,123,66,66,89,48,119,119,60,83,133
2018_3,성산로4길,3288,1597,1691,436,486,573,555,520,718,221,227,282,283,259,325,215,259,291,272,261,393
2018_3,성미산로32길,1188,538,650,86,252,317,157,170,206,49,104,143,78,81,83,37,148,174,79,89,123
2018_3,성미산로1길,3191,1489,1702,468,470,606,612,433,602,255,220,273,276,203,262,213,250,333,336,230,340
2018_3,성미산로11길,3705,1787,1918,511,538,722,684,517,733,280,262,346,331,253,315,231,276,376,353,264,418
2018_3,백범로16길,1706,827,879,243,235,299,303,227,399,122,112,140,165,114,174,121,123,159,138,113,225
2018_3,방울내로9안길,5435,2623,2812,916,708,965,967,790,1089,443,354,446,504,391,485,473,354,519,463,399,604
2018_3,모래내로7길,2040,1008,1032,296,328,292,358,319,447,163,162,156,186,154,187,133,166,136,172,165,260
2018_3,매봉산로2길,2881,1469,1412,354,518,583,430,391,605,187,229,319,243,219,272,167,289,264,187,172,333
2018_3,망원로2길,4436,2110,2326,603,662,898,723,641,909,310,315,431,356,307,391,293,347,467,367,334,518
2018_3,망원로11길,2222,1048,1174,345,333,326,398,328,492,164,149,170,199,165,201,181,184,156,199,163,291
2018_3,만리재옛길,2738,1312,1426,302,452,510,449,395,630,161,183,267,238,199,264,141,269,243,211,196,366
2018_3,마포대로4길,833,388,445,98,131,188,119,117,180,51,64,90,59,56,68,47,67,98,60,61,112
2018_3,마포대로20길,2124,1028,1096,272,330,459,362,318,383,138,153,205,190,167,175,134,177,254,172,151,208
2018_3,마포대로12길,857,393,464,72,154,276,132,80,143,42,52,127,66,43,63,30,102,149,66,37,80
2018_3,동교로38길,1196,595,601,65,300,305,154,126,246,38,147,153,88,72,97,27,153,152,66,54,149
2018_3,동교로27길,2490,1136,1354,259,544,584,380,257,466,121,251,260,174,118,212,138,293,324,206,139,254
2018_3,동교로25길,1289,576,713,115,293,299,179,174,229,49,125,128,88,81,105,66,168,171,91,93,124
2018_3,동교로19길,1819,847,972,206,278,409,360,266,300,100,131,199,172,122,123,106,147,210,188,144,177
2018_3,동교로17길,1855,865,990,221,339,423,338,229,305,120,143,193,169,107,133,101,196,230,169,122,172
2018_3,독막로8길,1368,619,749,137,272,328,198,184,249,70,115,144,92,88,110,67,157,184,106,96,139
2018_3,독막로32길,2824,1379,1445,373,389,467,454,439,702,185,207,239,229,218,301,188,182,228,225,221,401
2018_3,독막로22길,1047,496,551,170,144,201,197,132,203,92,66,90,89,65,94,78,78,111,108,67,109
2018_3,도화길,1077,467,610,126,215,238,158,142,198,62,72,99,73,79,82,64,143,139,85,63,116
2018_3,도화4길,3711,1766,1945,599,397,600,607,611,897,306,201,280,310,296,373,293,196,320,297,315,524
2018_3,대흥로28길,1478,704,774,83,434,191,183,231,356,34,186,94,97,123,170,49,248,97,86,108,186
2018_3,대흥로21길,3474,1774,1700,269,797,543,453,539,873,150,432,284,248,298,362,119,365,259,205,241,511
2018_3,광성로6길,2038,1088,950,240,518,283,315,287,395,130,322,156,158,157,165,110,196,127,157,130,230
2018_3,홍제내길,3331,1544,1787,498,415,462,559,494,903,243,204,232,268,234,363,255,211,230,291,260,540
2018_3,홍연길,1081,555,526,122,139,147,145,185,343,67,77,79,83,97,152,55,62,68,62,88,191
2018_3,통일로39길,1591,807,784,182,229,188,236,283,473,106,117,101,133,127,223,76,112,87,103,156,250
2018_3,통일로37길,1614,734,880,146,193,201,245,307,522,69,93,99,119,136,218,77,100,102,126,171,304
2018_3,통일로11길,293,158,135,21,36,41,30,46,119,12,21,21,18,29,57,9,15,20,12,17,62
2018_3,충정로6길,700,372,328,35,115,176,78,116,180,19,59,87,48,71,88,16,56,89,30,45,92
2018_3,충정로4길,507,250,257,30,83,125,72,61,136,16,41,57,41,32,63,14,42,68,31,29,73
2018_3,증가로6길,3095,1529,1566,381,498,461,463,497,795,202,250,252,237,242,346,179,248,209,226,255,449
2018_3,증가로23나길,5200,2510,2690,721,726,758,820,877,1298,361,357,395,396,424,577,360,369,363,424,453,721
2018_3,증가로20가길,3598,1782,1816,581,651,463,627,572,704,295,344,250,309,271,313,286,307,213,318,301,391
2018_3,증가로10길,3890,1907,1983,389,741,544,566,637,1013,195,350,297,289,310,466,194,391,247,277,327,547
2018_3,응암로1길,3849,1882,1967,472,466,638,634,620,1019,235,229,321,331,287,479,237,237,317,303,333,540
2018_3,연희로10길,3282,1790,1492,248,1365,638,322,272,437,141,821,361,155,120,192,107,544,277,167,152,245
2018_3,신촌로37길,786,443,343,54,120,104,122,171,215,30,66,63,70,104,110,24,54,41,52,67,105
2018_3,수색로8길,3696,1790,1906,511,453,603,548,577,1004,248,237,306,279,272,448,263,216,297,269,305,556
2018_3,세무서길,2433,1166,1267,244,353,298,334,430,774,126,181,156,171,211,321,118,172,142,163,219,453
2018_3,세무서2길,1452,710,742,163,201,192,231,228,437,82,109,102,119,123,175,81,92,90,112,105,262
2018_3,세검정로1길,1119,539,580,157,130,122,173,169,368,82,55,58,86,101,157,75,75,64,87,68,211
2018_3,북아현로4길,3533,1695,1838,322,528,458,555,632,1038,166,262,263,264,312,428,156,266,195,291,320,610
2018_3,모래내로15길,10768,5158,5610,2506,1105,1589,2085,1455,2028,1230,555,695,1079,714,885,1276,550,894,1006,741,1143
2018_3,명지대길,2428,1168,1260,308,565,365,339,336,515,160,273,186,157,163,229,148,292,179,182,173,286
2018_3,독립문로8길,4205,1958,2247,669,550,643,717,577,1049,319,247,330,364,283,415,350,303,313,353,294,634
2018_3,가재울로6길,2783,1368,1415,370,373,390,455,409,786,193,187,195,245,218,330,177,186,195,210,191,456
2018_3,통일로92길,5809,2892,2917,682,930,972,811,1047,1367,356,474,548,414,480,620,326,456,424,397,567,747
2018_3,통일로87길,1790,861,929,224,282,308,290,249,437,110,131,166,146,121,187,114,151,142,144,128,250
2018_3,통일로78길,4468,2136,2332,543,671,733,668,746,1107,280,348,377,313,338,480,263,323,356,355,408,627
2018_3,통일로69길,1759,840,919,236,239,254,280,286,464,122,113,132,143,135,195,114,126,122,137,151,269
2018_3,진흥로1길,4204,2027,2177,688,546,653,717,681,919,354,269,316,357,326,405,334,277,337,360,355,514
2018_3,진흥로12길,5798,2823,2975,670,777,930,909,962,1550,344,392,491,484,453,659,326,385,439,425,509,891
2018_3,증산서길,831,433,398,118,98,114,124,139,238,60,61,61,74,69,108,58,37,53,50,70,130
2018_3,증산로9길,2755,1333,1422,377,364,403,424,457,730,190,178,209,215,208,333,187,186,194,209,249,397
2018_3,증산로5길,2760,1336,1424,373,346,335,422,463,821,184,185,161,211,218,377,189,161,174,211,245,444
2018_3,증산로21길,5299,2571,2728,724,771,885,831,830,1258,368,393,461,412,375,562,356,378,424,419,455,696
2018_3,증산로17길,2071,992,1079,259,280,319,317,325,571,127,136,166,163,150,250,132,144,153,154,175,321
2018_3,증산로15길,2536,1264,1272,321,305,368,414,422,706,167,153,190,225,216,313,154,152,178,189,206,393
2018_3,증산로13길,2004,1013,991,210,268,238,286,414,588,104,135,126,152,213,283,106,133,112,134,201,305
2018_3,응암로34길,2858,1400,1458,483,356,424,501,445,649,259,176,204,262,211,288,224,180,220,239,234,361
2018_3,응암로22길,1894,910,984,226,229,218,288,340,593,113,128,106,152,166,245,113,101,112,136,174,348
2018_3,응암로14길,2556,1293,1263,349,301,404,431,406,665,188,166,205,227,225,282,161,135,199,204,181,383
2018_3,응암로13길,1783,874,909,181,262,304,287,266,483,95,126,162,142,139,210,86,136,142,145,127,273
2018_3,응암로12길,1520,761,759,176,191,149,228,275,501,95,106,83,121,126,230,81,85,66,107,149,271
2018_3,은평로8길,3481,1677,1804,623,443,675,630,435,675,322,220,314,321,203,297,301,223,361,309,232,378
2018_3,은평로3길,2341,1089,1252,365,308,382,403,354,529,185,147,188,196,158,215,180,161,194,207,196,314
2018_3,은평로20길,300,146,154,26,40,33,47,65,89,15,24,16,24,32,35,11,16,17,23,33,54
2018_3,은평로13길,3208,1531,1677,478,371,490,548,516,805,238,183,245,252,248,365,240,188,245,296,268,440
2018_3,은평로10길,2925,1440,1485,455,366,406,504,482,712,253,187,218,254,225,303,202,179,188,250,257,409
2018_3,연서로5길,2880,1350,1530,478,408,464,495,460,575,236,171,243,235,212,253,242,237,221,260,248,322
2018_3,연서로41길,4012,1952,2060,496,498,535,680,695,1108,249,256,267,359,328,493,247,242,268,321,367,615
2018_3,연서로3길,3671,1725,1946,636,505,637,587,544,762,311,242,296,301,249,326,325,263,341,286,295,436
2018_3,연서로34길,2920,1377,1543,376,391,466,399,481,807,183,196,246,201,215,336,193,195,220,198,266,471
2018_3,연서로33길,2119,1035,1084,212,286,288,288,349,696,108,148,163,141,164,311,104,138,125,147,185,385
2018_3,연서로29길,1037,484,553,116,176,209,159,150,227,60,71,108,76,68,101,56,105,101,83,82,126
2018_3,연서로28길,3677,1748,1929,384,651,653,541,568,880,179,312,340,266,265,386,205,339,313,275,303,494
2018_3,연서로27길,2995,1394,1601,354,458,462,492,506,723,174,210,237,234,234,305,180,248,225,258,272,418
2018_3,연서로21길,4329,2041,2288,707,600,715,758,635,914,351,285,363,357,285,400,356,315,352,401,350,514
2018_3,연서로17길,2300,1098,1202,315,337,348,376,409,515,150,159,179,177,195,238,165,178,169,199,214,277
2018_3,연서로16길,4580,2136,2444,665,611,681,779,767,1077,324,283,332,376,349,472,341,328,349,403,418,605
2018_3,연서로13길,3940,1864,2076,594,579,594,666,648,859,292,267,306,312,308,379,302,312,288,354,340,480
2018_3,연서로11길,3864,1843,2021,664,533,655,629,606,777,331,249,328,291,290,354,333,284,327,338,316,423
2018_3,역말로9길,5655,2722,2933,800,732,904,950,908,1361,387,360,466,485,432,592,413,372,438,465,476,769
2018_3,수색로18길,1163,580,583,123,145,123,181,219,372,70,74,68,98,116,154,53,71,55,83,103,218
2018_3,서오릉로8길,2686,1257,1429,303,375,405,400,451,752,146,179,194,204,228,306,157,196,211,196,223,446
2018_3,서오릉로21길,3943,1890,2053,602,530,567,623,640,981,289,278,298,300,286,439,313,252,269,323,354,542
2018_3,불광천길,5224,2531,2693,617,682,792,857,865,1411,305,346,422,444,431,583,312,336,370,413,434,828
2018_3,갈현로7길,2585,1243,1342,394,338,366,448,436,603,216,175,165,222,194,271,178,163,201,226,242,332
2018_3,갈현로41길,3092,1515,1577,354,421,368,490,570,889,188,240,192,239,276,380,166,181,176,251,294,509
2018_3,갈현로33길,3815,1860,1955,638,589,556,615,629,788,334,307,295,273,291,360,304,282,261,342,338,428
2018_3,갈현로1길,2472,1188,1284,406,334,412,420,397,503,198,160,214,201,203,212,208,174,198,219,194,291
2018_3,가좌로7길,3590,1800,1790,489,480,457,540,651,973,274,254,258,254,324,436,215,226,199,286,327,537
2018_3,한글비석로44길,3857,1937,1920,471,521,430,627,660,1148,230,293,251,319,329,515,241,228,179,308,331,633
2018_3,한글비석로24길,2414,1219,1195,258,346,300,315,453,742,129,189,177,159,229,336,129,157,123,156,224,406
2018_3,한글비석로22길,1820,933,887,320,252,201,309,320,418,156,134,101,159,170,213,164,118,100,150,150,205
2018_3,석계로1길,2356,1204,1152,292,306,296,388,371,703,152,162,164,202,197,327,140,144,132,186,174,376
2018_3,상계로9가길,2563,1334,1229,298,355,324,387,450,749,166,183,188,202,242,353,132,172,136,185,208,396
2018_3,상계로1길,1205,606,599,200,182,183,202,206,232,103,97,94,99,96,117,97,85,89,103,110,115
2018_3,상계로12길,3506,1729,1777,416,621,410,521,643,895,212,308,239,261,310,399,204,313,171,260,333,496
2018_3,동일로242길,2535,1242,1293,326,411,318,331,453,696,173,215,160,162,217,315,153,196,158,169,236,381
2018_3,동일로192길,2869,1502,1367,266,907,409,309,379,599,132,485,224,172,198,291,134,422,185,137,181,308
2018_3,동일로173가길,3635,1832,1803,542,543,590,547,584,829,284,273,309,299,265,402,258,270,281,248,319,427
2018_3,공릉로58길,1538,760,778,259,334,162,221,273,289,139,177,79,96,127,142,120,157,83,125,146,147
2018_3,해등로16길,2291,1096,1195,319,364,314,349,448,497,160,179,162,158,203,234,159,185,152,191,245,263
2018_3,우이천로4다길,2317,1163,1154,331,328,280,338,438,602,178,180,145,156,233,271,153,148,135,182,205,331
2018_3,우이천로32길,3028,1453,1575,495,389,429,507,477,731,245,200,213,246,229,320,250,189,216,261,248,411
2018_3,시루봉로23길,3585,1840,1745,387,497,391,550,712,1048,217,268,211,297,352,495,170,229,180,253,360,553
2018_3,삼양로144길,987,460,527,135,179,133,150,137,253,79,55,66,74,68,118,56,124,67,76,69,135
2018_3,방학로6가길,2183,1093,1090,241,313,254,337,458,580,120,163,137,176,236,261,121,150,117,161,222,319
2018_3,방학로5길,3775,1897,1878,504,509,533,517,676,1036,273,257,297,275,330,465,231,252,236,242,346,571
2018_3,방학로15길,3880,1924,1956,819,506,443,712,675,725,411,279,226,321,336,351,408,227,217,391,339,374
2018_3,방학로10길,1983,980,1003,279,267,265,309,373,490,145,146,143,146,181,219,134,121,122,163,192,271
2018_3,도봉산길,1732,894,838,173,234,206,253,321,545,88,131,110,142,169,254,85,103,96,111,152,291
2018_3,도봉산4길,386,199,187,20,47,53,48,87,131,11,27,32,29,47,53,9,20,21,19,40,78
2018_3,도봉로181길,1991,1013,978,230,249,237,276,354,645,118,141,144,144,171,295,112,108,93,132,183,350
2018_3,도봉로169나길,3042,1536,1506,313,313,436,444,537,999,163,149,243,244,261,476,150,164,193,200,276,523
2018_3,도봉로156길,1410,761,649,138,164,166,204,283,455,59,90,96,127,160,229,79,74,70,77,123,226
2018_3,도봉로152가길,709,380,329,46,92,84,68,164,255,24,60,51,39,87,119,22,32,33,29,77,136
2018_3,도봉로147길,3529,1736,1793,408,478,437,503,680,1023,206,237,211,273,355,454,202,241,226,230,325,569
2018_3,도봉로143길,1783,882,901,207,256,209,262,339,510,111,129,106,133,158,245,96,127,103,129,181,265
2018_3,도봉로114길,4907,2347,2560,445,791,728,770,890,1283,206,386,373,389,430,563,239,405,355,381,460,720
2018_3,도봉로109길,2322,1139,1183,268,342,399,348,359,606,131,179,206,180,171,272,137,163,193,168,188,334
2018_3,도당로29길,2876,1448,1428,301,389,355,452,501,878,147,200,186,238,258,419,154,189,169,214,243,459
2018_3,도당로19길,3945,2041,1904,487,530,425,643,696,1164,261,280,229,341,392,538,226,250,196,302,304,626
2018_3,도당로13바길,3533,1781,1752,524,490,447,555,660,857,279,262,247,270,336,387,245,228,200,285,324,470
2018_3,도당로13가길,1647,853,794,162,209,203,258,330,485,93,110,118,137,165,230,69,99,85,121,165,255
2018_3,덕릉로60길,2402,1183,1219,330,356,329,337,437,613,171,180,178,173,206,275,159,176,151,164,231,338
2018_3,노해로63다길,1901,943,958,269,257,275,279,344,477,150,122,137,144,157,233,119,135,138,135,187,244
2018_3,노해로60길,1805,878,927,149,325,341,256,315,419,81,135,174,134,150,204,68,190,167,122,165,215
2018_3,한천로140길,1744,848,896,132,358,306,229,301,418,75,167,170,113,149,174,57,191,136,116,152,244
2018_3,한천로139가길,1554,733,821,137,300,254,204,241,418,62,139,129,107,105,191,75,161,125,97,136,227
2018_3,한천로132길,1800,874,926,187,333,325,283,251,421,93,156,168,138,120,199,94,177,157,145,131,222
2018_3,한천로130길,3180,1606,1574,384,501,458,529,557,751,227,259,230,268,289,333,157,242,228,261,268,418
2018_3,한천로124나길,2175,1067,1108,231,329,330,346,370,569,119,145,175,191,202,235,112,184,155,155,168,334
2018_3,한천로109길,2969,1433,1536,522,398,372,503,490,684,270,196,184,240,211,332,252,202,188,263,279,352
2018_3,인수봉로79길,2706,1365,1341,363,333,321,435,505,749,185,170,181,223,253,353,178,163,140,212,252,396
2018_3,인수봉로72길,3897,1864,2033,564,507,554,529,661,1082,263,261,299,250,305,486,301,246,255,279,356,596
2018_3,인수봉로56길,1891,905,986,269,281,241,300,311,489,134,141,129,160,133,208,135,140,112,140,178,281
2018_3,오패산로67길,2093,1048,1045,172,358,390,356,356,461,90,161,209,186,189,213,82,197,181,170,167,248
2018_3,오패산로52길,2865,1419,1446,351,398,375,409,496,836,184,218,207,218,225,367,167,180,168,191,271,469
2018_3,오패산로30길,1436,697,739,201,221,190,224,218,382,105,108,99,114,105,166,96,113,91,110,113,216
2018_3,수유로12길,3320,1621,1699,335,612,544,485,516,828,170,272,293,264,251,371,165,340,251,221,265,457
2018_3,솔샘로65길,2969,1459,1510,374,427,427,451,543,747,189,209,228,228,258,347,185,218,199,223,285,400
2018_3,솔매로50길,2322,1073,1249,280,335,340,394,412,561,147,154,182,186,166,238,133,181,158,208,246,323
2018_3,솔매로45길,2055,991,1064,212,328,273,294,380,568,120,136,142,150,187,256,92,192,131,144,193,312
2018_3,솔매로41길,3265,1604,1661,354,480,458,472,608,893,185,246,254,234,294,391,169,234,204,238,314,502
2018_3,삼양로93길,3217,1592,1625,469,425,416,493,552,862,254,213,227,250,259,389,215,212,189,243,293,473
2018_3,삼양로77길,3107,1592,1515,399,394,447,443,532,892,209,229,241,236,270,407,190,165,206,207,262,485
2018_3,삼양로54길,3738,1844,1894,430,523,557,563,680,985,226,251,293,293,346,435,204,272,264,270,334,550
2018_3,삼양로41길,4241,2140,2101,448,559,478,616,830,1310,231,289,270,334,446,570,217,270,208,282,384,740
2018_3,삼양로27길,1338,660,678,297,138,216,283,194,210,157,72,100,140,97,94,140,66,116,143,97,116
2018_3,삼양로24길,2913,1451,1462,273,303,347,402,565,1023,132,162,194,212,284,467,141,141,153,190,281,556
2018_3,삼양로20길,2154,1095,1059,245,320,220,318,426,625,130,184,122,169,213,277,115,136,98,149,213,348
2018_3,삼각산로28길,3903,1898,2005,408,678,679,535,660,943,210,339,356,266,308,419,198,339,323,269,352,524
2018_3,도봉로99길,2328,1151,1177,216,430,366,338,419,559,107,223,201,173,208,239,109,207,165,165,211,320
2018_3,도봉로8길,245,125,120,16,25,43,43,51,67,8,13,25,26,28,25,8,12,18,17,23,42
2018_3,도봉로76길,3422,1536,1886,304,703,555,468,543,849,128,227,294,236,264,387,176,476,261,232,279,462
2018_3,도봉로67길,1670,822,848,166,238,251,207,280,528,91,112,143,106,132,238,75,126,108,101,148,290
2018_3,도봉로45길,3389,1643,1746,379,534,524,549,559,844,185,246,284,286,247,395,194,288,240,263,312,449
2018_3,도봉로18길,3009,1497,1512,343,365,431,448,562,860,178,181,255,228,271,384,165,184,176,220,291,476
2018_3,도봉로13길,1686,844,842,170,249,213,233,322,499,86,145,124,118,154,217,84,104,89,115,168,282
2018_3,덕릉로41길,2351,1125,1226,176,479,418,346,356,576,86,214,220,178,165,262,90,265,198,168,191,314
2018_3,덕릉로40길,2163,1086,1077,303,313,309,351,371,516,170,141,153,194,187,241,133,172,156,157,184,275
2018_3,노해로33길,2631,1282,1349,320,353,381,401,454,722,173,195,203,197,212,302,147,158,178,204,242,420
2018_3,노해로23길,1393,677,716,202,188,196,235,239,333,101,99,109,120,95,153,101,89,87,115,144,180
2018_3,노해로17길,2605,1301,1304,291,417,366,407,468,656,143,210,208,219,229,292,148,207,158,188,239,364
2018_3,화랑로40길,2120,1084,1036,251,281,310,373,397,508,130,140,170,195,211,238,121,141,140,178,186,270
2018_3,화랑로32길,3324,1654,1670,363,521,423,517,575,925,201,264,218,274,282,415,162,257,205,243,293,510
2018_3,화랑로1길,2863,1453,1410,362,347,417,474,460,803,198,166,224,265,236,364,164,181,193,209,224,439
2018_3,화랑로19길,2341,1193,1148,291,298,259,365,444,684,155,163,138,189,224,324,136,135,121,176,220,360
2018_3,화랑로14길,1348,682,666,140,295,194,190,217,312,70,161,108,106,105,132,70,134,86,84,112,180
2018_3,화랑로13길,1293,575,718,139,334,193,155,183,289,68,109,99,75,89,135,71,225,94,80,94,154
2018_3,한천로76길,2204,1089,1115,259,328,299,326,419,573,127,172,151,171,197,271,132,156,148,155,222,302
2018_3,한천로101가길,1192,602,590,263,128,154,227,200,220,122,73,81,110,110,106,141,55,73,117,90,114
2018_3,창경궁로43길,1284,572,712,127,314,247,175,182,239,57,142,108,85,86,94,70,172,139,90,96,145
2018_3,지봉로20길,2609,1313,1296,268,466,425,413,420,617,139,237,241,221,203,272,129,229,184,192,217,345
2018_3,종암로5길,2331,1272,1059,226,731,420,252,256,446,105,448,251,135,141,192,121,283,169,117,115,254
2018_3,종암로24가길,2241,1107,1134,391,247,413,354,318,518,199,139,204,181,163,221,192,108,209,173,155,297
2018_3,종암로21길,1731,849,882,290,265,272,298,255,351,149,133,131,155,125,156,141,132,141,143,130,195
2018_3,종암로19길,1896,930,966,261,282,272,301,317,463,123,157,143,144,154,209,138,125,129,157,163,254
2018_3,종암로16길,3308,1591,1717,364,413,408,460,569,1094,221,211,209,210,284,456,143,202,199,250,285,638
2018_3,정릉로8길,1819,957,862,202,393,257,226,261,480,113,231,147,123,139,204,89,162,110,103,122,276
2018_3,정릉로27길,3481,1714,1767,515,443,477,547,546,953,278,240,254,256,275,411,237,203,223,291,271,542
2018_3,정릉로26길,1890,924,966,285,193,240,343,290,539,148,104,117,171,146,238,137,89,123,172,144,301
2018_3,장위로50길,290,162,128,15,39,25,47,76,88,4,23,13,29,45,48,11,16,12,18,31,40
2018_3,장월로1길,2071,959,1112,215,457,282,265,309,543,103,166,152,144,158,236,112,291,130,121,151,307
2018_3,인촌로6길,984,491,493,155,132,163,183,137,214,78,74,79,91,69,100,77,58,84,92,68,114
2018_3,인촌로5길,1491,644,847,120,497,254,174,165,281,59,177,123,79,83,123,61,320,131,95,82,158
2018_3,인촌로24길,705,406,299,45,282,113,71,70,124,21,168,74,44,38,61,24,114,39,27,32,63
2018_3,개운사길,994,495,499,64,537,132,67,63,131,35,268,75,34,32,51,29,269,57,33,31,80
2018_3,인촌로1길,1033,505,528,77,228,181,137,158,252,35,103,93,79,83,112,42,125,88,58,75,140
2018_3,인촌로17가길,1628,818,810,147,536,243,221,185,296,80,291,117,108,90,132,67,245,126,113,95,164
2018_3,오패산로4길,3012,1452,1560,327,601,400,432,485,767,145,261,217,236,245,348,182,340,183,196,240,419
2018_3,오패산로3길,3356,1646,1710,460,394,445,474,562,1021,224,206,245,258,257,456,236,188,200,216,305,565
2018_3,오패산로19길,1679,830,849,165,215,203,253,311,532,83,115,100,131,162,239,82,100,103,122,149,293
2018_3,안암로5길,2238,1110,1128,251,428,384,375,351,449,133,220,207,191,176,183,118,208,177,184,175,266
2018_3,아리랑로4길,3122,1373,1749,279,831,641,376,364,631,139,317,298,173,177,269,140,514,343,203,187,362
2018_3,솔샘로6길,1897,943,954,253,316,261,251,292,524,135,169,135,122,156,226,118,147,126,129,136,298
2018_3,성북로8길,1629,795,834,276,229,251,279,260,334,144,117,122,135,129,148,132,112,129,144,131,186
2018_3,삼양로8길,780,372,408,87,94,99,122,124,254,43,44,52,64,65,104,44,50,47,58,59,150
2018_3,삼선교로16가길,1805,914,891,237,268,249,274,307,470,125,149,140,141,154,205,112,119,109,133,153,265
2018_3,삼선교로10다길,2234,1113,1121,222,423,331,328,354,576,114,227,179,172,168,253,108,196,152,156,186,323
2018_3,삼선교로10길,2364,1112,1252,258,501,382,324,336,563,132,249,192,154,145,240,126,252,190,170,191,323
2018_3,보문로32길,1284,443,841,70,503,301,127,105,178,31,106,134,54,42,76,39,397,167,73,63,102
2018_3,보문로31길,2899,1321,1578,342,618,529,416,384,610,176,263,253,200,179,250,166,355,276,216,205,360
2018_3,보문로26길,1306,626,680,119,387,215,159,170,256,65,186,116,78,86,95,54,201,99,81,84,161
2018_3,보문로13길,2554,1233,1321,242,426,387,416,450,633,127,202,209,206,204,285,115,224,178,210,246,348
2018_3,보국문로16길,2972,1462,1510,442,408,435,468,475,744,234,210,222,246,228,322,208,198,213,222,247,422
2018_3,동소문로6길,278,132,146,28,35,35,36,52,92,16,17,18,18,27,36,12,18,17,18,25,56
2018_3,동소문로2길,385,197,188,37,61,43,57,64,123,22,31,25,31,31,57,15,30,18,26,33,66
2018_3,동소문로26가길,2304,923,1381,149,700,409,295,239,512,63,200,182,145,111,222,86,500,227,150,128,290
2018_3,동소문로15길,1078,459,619,124,278,195,149,128,204,65,96,91,68,58,81,59,182,104,81,70,123
2018_3,동소문로13길,2933,1327,1606,472,555,403,462,445,596,232,229,189,213,209,255,240,326,214,249,236,341
2018_3,돌곶이로8길,1343,685,658,145,164,162,171,264,437,76,89,85,100,134,201,69,75,77,71,130,236
2018_3,돌곶이로41길,1932,985,947,266,239,264,311,342,510,148,124,154,154,175,230,118,115,110,157,167,280
2018_3,돌곶이로28길,1116,607,509,130,136,133,180,222,315,72,68,69,102,130,166,58,68,64,78,92,149
2018_3,돌곶이로27길,2985,1508,1477,331,370,349,468,572,895,168,207,185,240,297,411,163,163,164,228,275,484
2018_3,돌곶이로22길,1174,588,586,139,187,160,178,207,303,67,88,93,86,99,155,72,99,67,92,108,148
2018_3,돌곶이로14길,1412,687,725,186,188,171,215,253,399,104,80,81,110,133,179,82,108,90,105,120,220
2018_3,길음로7길,282,145,137,15,22,27,33,44,141,8,11,16,19,25,66,7,11,11,14,19,75
2018_3,중랑천로10길,2621,1324,1297,306,350,385,438,490,652,159,174,205,232,252,302,147,176,180,206,238,350
2018_3,용마산로94길,3344,1730,1614,421,473,440,490,673,847,213,268,242,267,335,405,208,205,198,223,338,442
2018_3,용마산로118길,2007,1052,955,173,233,236,289,450,626,86,120,137,159,248,302,87,113,99,130,202,324
2018_3,용마산로112길,2403,1212,1191,304,333,282,341,481,662,148,172,149,175,250,318,156,161,133,166,231,344
2018_3,용마산로100길,3091,1554,1537,449,436,429,497,557,723,224,226,226,233,315,330,225,210,203,264,242,393
2018_3,신내로7가길,2665,1313,1352,589,325,433,461,410,447,299,172,222,224,206,190,290,153,211,237,204,257
2018_3,사가정로54길,3221,1600,1621,309,494,580,506,537,795,171,240,308,281,248,352,138,254,272,225,289,443
2018_3,사가정로42길,3139,1544,1595,432,430,456,464,565,792,213,226,223,240,261,381,219,204,233,224,304,411
2018_3,봉화산로56길,3830,1870,1960,682,504,553,621,678,792,346,269,280,311,319,345,336,235,273,310,359,447
2018_3,봉화산로4길,4672,2476,2196,441,604,699,707,972,1249,243,314,389,391,529,610,198,290,310,316,443,639
2018_3,봉화산로30길,3175,1595,1580,419,501,541,452,546,716,222,248,283,237,278,327,197,253,258,215,268,389
2018_3,봉우재로33길,2006,974,1032,169,376,447,259,315,440,78,157,237,134,151,217,91,219,210,125,164,223
2018_3,면목로78길,5435,2713,2722,646,797,851,799,1006,1336,325,398,478,417,499,596,321,399,373,382,507,740
2018_3,면목로56길,2806,1432,1374,311,425,395,426,600,649,164,234,218,217,294,305,147,191,177,209,306,344
2018_3,면목로55길,1986,1014,972,283,285,307,338,363,410,143,142,156,182,193,198,140,143,151,156,170,212
2018_3,면목로49길,2892,1457,1435,290,341,489,488,514,770,172,152,264,270,243,356,118,189,225,218,271,414
2018_3,면목로48길,3102,1496,1606,362,483,551,478,540,688,189,224,286,245,247,305,173,259,265,233,293,383
2018_3,면목로45길,1387,698,689,120,225,206,231,244,361,54,112,107,129,131,165,66,113,99,102,113,196
2018_3,면목로33길,2677,1363,1314,395,367,388,446,454,627,209,188,201,233,253,279,186,179,187,213,201,348
2018_3,면목로21길,1940,985,955,261,265,312,336,330,436,143,142,162,177,163,198,118,123,150,159,167,238
2018_3,망우로73길,1475,782,693,180,191,163,234,279,428,86,109,94,128,143,222,94,82,69,106,136,206
2018_3,망우로68길,2331,1208,1123,277,338,331,325,476,584,148,188,183,166,234,289,129,150,148,159,242,295
2018_3,동일로163길,3704,1862,1842,474,530,710,548,644,798,243,253,401,269,325,371,231,277,309,279,319,427
2018_3,동일로157길,2700,1345,1355,253,458,510,392,458,629,129,208,281,217,234,276,124,250,229,175,224,353
2018_3,동일로149길,2979,1466,1513,430,434,508,465,505,637,226,212,262,235,250,281,204,222,246,230,255,356
2018_3,동일로140길,2409,1252,1157,308,362,425,326,421,567,179,199,224,188,210,252,129,163,201,138,211,315
2018_3,동일로139길,2828,1457,1371,226,353,370,420,622,837,115,173,201,226,340,402,111,180,169,194,282,435
2018_3,동일로139가길,1880,970,910,249,285,289,269,371,417,136,154,152,143,185,200,113,131,137,126,186,217
2018_3,동일로130길,3425,1635,1790,481,536,551,470,630,757,223,275,268,240,292,337,258,261,283,230,338,420
2018_3,동일로123길,2702,1361,1341,253,402,375,372,587,713,144,205,203,176,303,330,109,197,172,196,284,383
2018_3,동일로112길,4311,2107,2204,394,752,848,608,775,934,214,347,426,317,367,436,180,405,422,291,408,498
2018_3,동일로101길,3074,1518,1556,466,414,372,544,583,695,207,210,197,281,301,322,259,204,175,263,282,373
2018_3,동일로100길,5085,2589,2496,616,760,797,701,985,1226,324,380,444,356,492,593,292,380,353,345,493,633
2018_3,답십리로75길,1999,985,1014,260,296,313,309,386,435,135,137,172,150,198,193,125,159,141,159,188,242
2018_3,공릉로2길,4127,1983,2144,471,612,780,618,611,1035,231,306,387,315,281,463,240,306,393,303,330,572
2018_3,공릉로12가길,1426,710,716,298,184,199,256,213,276,155,105,100,125,101,124,143,79,99,131,112,152
2018_3,겸재로54길,5164,2595,2569,653,807,878,794,951,1081,331,428,459,410,464,503,322,379,419,384,487,578
2018_3,겸재로36길,4233,2089,2144,423,614,671,703,789,1033,214,290,354,347,404,480,209,324,317,356,385,553
2018_3,겸재로29길,2304,1178,1126,228,352,383,346,437,558,119,180,202,194,224,259,109,172,181,152,213,299
2018_3,휘경로3길,3365,1678,1687,306,607,519,504,581,848,154,314,277,272,299,362,152,293,242,232,282,486
2018_3,휘경로2길,1298,656,642,105,368,213,159,171,282,49,175,129,92,87,124,56,193,84,67,84,158
2018_3,휘경로23길,2537,1245,1292,220,304,360,434,419,800,100,165,201,234,224,321,120,139,159,200,195,479
2018_3,휘경로14길,2003,1041,962,143,315,260,307,396,582,70,175,142,178,206,270,73,140,118,129,190,312
2018_3,한천로46길,2256,1095,1161,401,263,297,404,369,522,202,123,162,187,185,236,199,140,135,217,184,286
2018_3,한천로40길,1830,926,904,178,234,210,289,352,567,88,127,111,156,188,256,90,107,99,133,164,311
2018_3,한천로33길,861,425,436,130,118,115,153,157,188,69,55,51,81,79,90,61,63,64,72,78,98
2018_3,한천로14길,3195,1665,1530,339,370,428,508,653,897,178,194,227,280,357,429,161,176,201,228,296,468
2018_3,천호대로97길,2800,1441,1359,412,428,517,480,399,564,216,222,271,253,196,283,196,206,246,227,203,281
2018_3,천호대로77길,2398,1251,1147,292,378,381,365,432,550,154,209,216,186,206,280,138,169,165,179,226,270
2018_3,천호대로45길,2557,1344,1213,231,379,379,333,427,808,117,208,220,196,220,383,114,171,159,137,207,425
2018_3,천호대로17길,2849,1424,1425,241,573,580,429,429,597,124,254,321,237,230,258,117,319,259,192,199,339
2018_3,천호대로12길,235,133,102,27,26,25,41,56,60,13,14,13,27,35,31,14,12,12,14,21,29
2018_3,천장산로7길,1377,699,678,123,751,160,92,86,165,49,398,92,46,39,75,74,353,68,46,47,90
2018_3,제기로5길,992,544,448,61,204,151,135,146,295,36,108,99,83,84,134,25,96,52,52,62,161
2018_3,제기로21길,3176,1619,1557,280,318,333,425,541,1279,134,177,207,227,287,587,146,141,126,198,254,692
2018_3,전농로4길,1470,756,714,106,183,141,241,324,475,60,101,73,133,174,215,46,82,68,108,150,260
2018_3,전농로3길,1744,872,872,214,255,193,284,333,465,115,131,104,139,167,216,99,124,89,145,166,249
2018_3,전농로29길,2023,1002,1021,244,283,226,293,392,585,121,162,127,148,192,252,123,121,99,145,200,333
2018_3,장한로8길,2328,1163,1165,316,349,414,337,394,518,167,181,206,167,188,254,149,168,208,170,206,264
2018_3,장한로5길,2077,1043,1034,290,293,363,315,350,466,156,144,194,165,168,216,134,149,169,150,182,250
2018_3,장한로27길,916,497,419,99,113,151,153,175,225,54,61,84,87,96,115,45,52,67,66,79,110
2018_3,장한로27가길,998,497,501,128,141,131,149,173,276,61,78,67,75,90,126,67,63,64,74,83,150
2018_3,장한로26길,2637,1301,1336,495,293,380,513,363,593,257,153,173,267,176,275,238,140,207,246,187,318
2018_3,장한로26가길,1372,676,696,190,210,261,221,197,293,91,97,133,119,90,146,99,113,128,102,107,147
2018_3,장한로25길,567,287,280,76,78,109,81,104,119,42,46,57,40,47,55,34,32,52,41,57,64
2018_3,장한로14길,1436,736,700,239,163,232,241,195,366,128,85,122,132,98,171,111,78,110,109,97,195
2018_3,이문로42길,3536,1798,1738,397,582,484,517,582,974,206,290,280,274,302,446,191,292,204,243,280,528
2018_3,왕산로43길,3487,1795,1692,352,388,480,509,667,1091,175,221,265,289,366,479,177,167,215,220,301,612
2018_3,왕산로33길,521,255,266,28,59,52,53,88,241,13,28,28,29,49,108,15,31,24,24,39,133
2018_3,왕산로32길,1088,572,516,72,177,156,142,195,346,34,88,82,91,112,165,38,89,74,51,83,181
2018_3,약령시로17길,1589,837,752,100,184,175,194,293,643,57,102,99,122,168,289,43,82,76,72,125,354
2018_3,서울시립대로4길,2404,1214,1190,380,304,429,390,352,549,205,147,218,207,186,251,175,157,211,183,166,298
2018_3,서울시립대로29길,4087,2086,2001,454,1061,646,450,533,943,240,570,375,252,251,398,214,491,271,198,282,545
2018_3,서울시립대로16길,3454,1697,1757,408,583,381,512,685,885,214,292,214,262,326,389,194,291,167,250,359,496
2018_3,사가정로2길,1838,901,937,245,253,274,300,324,442,119,138,133,155,167,189,126,115,141,145,157,253
2018_3,사가정로23가길,1981,960,1021,314,276,273,314,348,456,151,140,147,152,156,214,163,136,126,162,192,242
2018_3,사가정로13길,2017,977,1040,205,268,260,262,409,613,97,137,136,136,201,270,108,131,124,126,208,343
2018_3,무학로45길,1206,700,506,107,331,209,135,172,252,53,215,136,80,95,121,54,116,73,55,77,131
2018_3,무학로16길,1361,697,664,148,176,193,195,269,380,69,110,106,109,126,177,79,66,87,86,143,203
2018_3,망우로21길,540,281,259,66,86,78,64,86,160,35,46,42,34,41,83,31,40,36,30,45,77
2018_3,망우로18길,1552,770,782,165,544,214,181,166,282,81,268,117,97,81,126,84,276,97,84,85,156
2018_3,망우로18가길,2562,1335,1227,231,847,341,259,316,568,117,481,199,138,141,259,114,366,142,121,175,309
2018_3,답십리로72길,1160,580,580,150,171,228,176,195,240,76,90,110,98,90,116,74,81,118,78,105,124
2018_3,답십리로69길,1791,946,845,309,199,311,291,269,412,172,108,165,157,133,211,137,91,146,134,136,201
2018_3,답십리로68길,3339,1718,1621,387,472,753,576,564,587,221,240,409,300,277,271,166,232,344,276,287,316
2018_3,답십리로64길,2880,1435,1445,355,372,449,457,551,696,174,193,245,238,278,307,181,179,204,219,273,389
2018_3,답십리로63길,1449,741,708,173,207,193,222,260,394,83,112,115,116,130,185,90,95,78,106,130,209
2018_3,답십리로60길,1754,911,843,203,247,227,252,333,492,109,134,127,137,172,232,94,113,100,115,161,260
2018_3,답십리로56길,3728,1856,1872,439,466,475,588,681,1079,213,262,263,306,339,473,226,204,212,282,342,606
2018_3,답십리로23길,2160,1074,1086,270,338,314,326,368,544,160,167,147,169,182,249,110,171,167,157,186,295
2018_3,난계로30길,217,128,89,19,31,28,37,35,67,12,15,17,23,21,40,7,16,11,14,14,27
2018_3,경희대로4길,1228,628,600,114,407,170,155,141,241,49,216,100,82,68,113,65,191,70,73,73,128
2018_3,경희대로3길,581,279,302,35,228,106,55,56,101,19,103,50,26,33,48,16,125,56,29,23,53
2018_3,천호대로129길,3386,1624,1762,500,504,569,524,554,735,250,250,280,260,257,327,250,254,289,264,297,408
2018_3,천호대로123길,3034,1474,1560,440,482,523,460,541,588,233,239,261,229,249,263,207,243,262,231,292,325
2018_3,천호대로109길,3593,1681,1912,405,676,739,521,567,685,207,279,348,255,272,320,198,397,391,266,295,365
2018_3,자양번영로3길,3749,1884,1865,557,562,542,588,687,813,285,312,265,303,343,376,272,250,277,285,344,437
2018_3,자양로53길,2763,1326,1437,382,372,450,389,498,672,196,175,214,187,239,315,186,197,236,202,259,357
2018_3,자양로50길,4604,2227,2377,661,638,724,697,781,1103,349,333,368,337,354,486,312,305,356,360,427,617
2018_3,자양로45길,2625,1254,1371,304,397,461,400,481,582,169,189,216,197,224,259,135,208,245,203,257,323
2018_3,자양로26길,3062,1458,1604,364,609,557,510,498,524,188,263,275,251,241,240,176,346,282,259,257,284
2018_3,자양로15길,1887,865,1022,197,345,317,275,307,446,97,153,138,125,154,198,100,192,179,150,153,248
2018_3,자양로11길,3902,1897,2005,408,613,732,577,682,890,193,302,387,291,326,398,215,311,345,286,356,492
2018_3,용마산로3길,3931,1905,2026,642,608,779,610,593,699,345,295,370,300,277,318,297,313,409,310,316,381
2018_3,용마산로21길,5416,2689,2727,696,879,980,771,1000,1090,353,449,518,372,487,510,343,430,462,399,513,580
2018_3,아차산로78길,1782,866,916,272,253,365,268,269,355,147,123,173,132,123,168,125,130,192,136,146,187
2018_3,아차산로65길,2928,1390,1538,552,442,456,531,423,524,267,217,217,248,201,240,285,225,239,283,222,284
2018_3,아차산로55길,2925,1362,1563,243,624,667,396,402,593,128,296,324,203,159,252,115,328,343,193,243,341
2018_3,아차산로51길,1774,825,949,170,447,410,215,262,270,84,187,199,101,131,123,86,260,211,114,131,147
2018_3,아차산로40길,3059,1513,1546,390,547,551,460,495,616,205,281,267,240,249,271,185,266,284,220,246,345
2018_3,면목로17길,4173,2081,2092,409,603,740,600,790,1031,200,320,399,303,387,472,209,283,341,297,403,559
2018_3,뚝섬로64길,3001,1521,1480,406,512,498,441,518,626,223,257,268,213,252,308,183,255,230,228,266,318
2018_3,뚝섬로58길,3517,1692,1825,590,506,641,593,513,674,303,246,317,272,244,310,287,260,324,321,269,364
2018_3,뚝섬로54길,3555,1750,1805,631,502,659,641,567,555,327,259,329,305,273,257,304,243,330,336,294,298
2018_3,뚝섬로48길,3660,1772,1888,488,561,688,601,595,727,254,267,329,306,285,331,234,294,359,295,310,396
2018_3,뚝섬로24길,2990,1514,1476,319,408,515,446,567,735,158,219,284,226,291,336,161,189,231,220,276,399
2018_3,뚝섬로23길,1882,919,963,205,254,296,280,347,500,95,125,153,149,179,218,110,129,143,131,168,282
2018_3,동일로24길,2959,1431,1528,229,900,630,352,344,504,117,391,328,191,172,232,112,509,302,161,172,272
2018_3,동일로18길,1891,974,917,158,319,338,268,347,461,78,159,187,142,194,214,80,160,151,126,153,247
2018_3,능동로4길,3043,1493,1550,650,401,487,550,504,451,332,203,224,267,247,220,318,198,263,283,257,231
2018_3,능동로3길,3677,1829,1848,355,445,523,521,741,1092,167,233,266,283,374,506,188,212,257,238,367,586
2018_3,능동로34길,5130,2375,2755,580,921,1278,750,654,947,304,386,580,377,306,422,276,535,698,373,348,525
2018_3,능동로19길,2325,1144,1181,95,848,419,254,283,426,39,364,218,153,175,195,56,484,201,101,108,231
2018_3,능동로13길,3630,1719,1911,212,1365,750,360,387,556,112,573,400,189,200,245,100,792,350,171,187,311
2018_3,긴고랑로9길,2130,1061,1069,254,345,384,308,364,475,137,161,206,158,176,223,117,184,178,150,188,252
2018_3,긴고랑로8길,4141,2086,2055,408,654,880,601,705,893,228,316,459,318,344,421,180,338,421,283,361,472
2018_3,긴고랑로7길,4618,2266,2352,627,663,717,775,818,1018,319,323,366,394,393,471,308,340,351,381,425,547
2018_3,긴고랑로20길,4183,2002,2181,534,665,763,629,699,893,278,319,376,309,314,406,256,346,387,320,385,487
2018_3,광나루로52길,4306,2040,2266,581,687,834,700,669,835,269,335,410,350,317,359,312,352,424,350,352,476
2018_3,광나루로40길,3920,1961,1959,427,697,794,623,545,834,212,346,423,319,292,369,215,351,371,304,253,465
2018_3,광나루로37길,685,333,352,100,101,98,92,126,168,49,50,51,46,65,72,51,51,47,46,61,96
2018_3,광나루로36길,2660,1298,1362,334,406,492,427,425,576,160,208,238,226,216,250,174,198,254,201,209,326
2018_3,광나루로24길,1256,675,581,85,417,213,158,145,238,43,236,124,98,70,104,42,181,89,60,75,134
2018_3,광나루로12길,2710,1315,1395,117,1397,624,220,167,185,54,601,338,133,95,94,63,796,286,87,72,91
2018_3,한림말길,2147,990,1157,203,292,349,304,397,602,88,132,169,154,204,243,115,160,180,150,193,359
2018_3,한림말3길,927,441,486,113,133,180,153,118,230,56,58,86,83,56,102,57,75,94,70,62,128
2018_3,청계천로10나길,2678,1370,1308,314,425,366,397,511,665,167,232,201,198,272,300,147,193,165,199,239,365
2018_3,장터길,1974,956,1018,200,258,299,322,320,575,111,133,149,169,149,245,89,125,150,153,171,330
2018_3,용답중앙길,2720,1411,1309,308,422,344,444,506,696,163,225,189,237,259,338,145,197,155,207,247,358
2018_3,용답29길,3094,1553,1541,317,470,474,480,578,775,160,225,247,255,311,355,157,245,227,225,267,420
2018_3,왕십리로6길,2031,1034,997,265,340,376,344,297,409,137,171,190,175,163,198,128,169,186,169,134,211
2018_3,왕십리로31길,2900,1383,1517,318,505,513,456,436,672,148,225,266,235,219,290,170,280,247,221,217,382
2018_3,왕십리로26길,2849,1432,1417,341,571,421,435,504,577,183,274,216,221,277,261,158,297,205,214,227,316
2018_3,왕십리로21길,2438,1142,1296,314,464,381,390,392,497,149,210,199,188,185,211,165,254,182,202,207,286
2018_3,왕십리로14길,1810,941,869,213,306,302,271,319,399,128,153,144,139,170,207,85,153,158,132,149,192
2018_3,아차산로5길,1533,819,714,141,312,340,214,243,283,86,153,190,115,139,136,55,159,150,99,104,147
2018_3,아차산로15길,435,260,175,4,146,168,54,34,29,1,58,109,45,29,18,3,88,59,9,5,11
2018_3,아차산로11길,351,206,145,39,42,60,67,75,68,19,24,31,44,46,42,20,18,29,23,29,26
2018_3,송정4가길,2681,1438,1243,277,452,393,375,548,636,140,246,215,213,305,319,137,206,178,162,243,317
2018_3,송정12라길,1302,701,601,147,199,185,207,247,317,80,110,100,127,134,150,67,89,85,80,113,167
2018_3,성수일로6길,628,362,266,69,116,85,109,132,117,33,62,48,64,86,69,36,54,37,45,46,48
2018_3,성수이로7길,1283,695,588,111,287,238,172,220,255,60,133,145,96,123,138,51,154,93,76,97,117
2018_3,성수이로18길,265,152,113,34,37,22,52,61,59,18,19,17,32,40,26,16,18,5,20,21,33
2018_3,성덕정길,3207,1672,1535,388,533,417,493,702,674,200,294,227,245,406,300,188,239,190,248,296,374
2018_3,성덕정17길,3554,1882,1672,388,468,491,551,744,912,199,249,269,308,429,428,189,219,222,243,315,484
2018_3,서울숲2길,1873,930,943,238,296,377,298,293,371,115,160,189,160,144,162,123,136,188,138,149,209
2018_3,상원길,1131,578,553,130,200,219,197,178,207,65,102,112,106,94,99,65,98,107,91,84,108
2018_3,상원12길,2422,1221,1201,335,406,453,372,410,446,172,204,235,202,205,203,163,202,218,170,205,243
2018_3,사근동길,2366,1324,1042,155,926,311,211,255,508,74,592,190,119,123,226,81,334,121,92,132,282
2018_3,무학봉길,2281,1146,1135,349,393,333,364,372,470,187,211,171,181,182,214,162,182,162,183,190,256
2018_3,무학봉28길,1010,473,537,76,231,156,142,180,225,34,108,80,73,94,84,42,123,76,69,86,141
2018_3,무학로6길,1776,873,903,176,309,315,280,297,399,96,143,157,152,150,175,80,166,158,128,147,224
2018_3,무수막길,2224,1066,1158,269,256,334,381,380,604,127,115,174,198,195,257,142,141,160,183,185,347
2018_3,매봉길,5851,2748,3103,963,732,1480,982,807,887,489,359,652,486,363,399,474,373,828,496,444,488
2018_3,마조로1길,1209,560,649,71,575,214,76,111,162,35,251,102,38,54,80,36,324,112,38,57,82
2018_3,마조로16길,2537,1252,1285,298,366,325,347,452,749,154,176,156,184,235,347,144,190,169,163,217,402
2018_3,마장로39길,943,467,476,169,134,154,158,158,170,89,64,81,76,78,79,80,70,73,82,80,91
2018_3,마장로27길,1877,931,946,236,307,303,266,302,463,131,153,150,145,147,205,105,154,153,121,155,258
2018_3,뚝섬로5길,1638,805,833,234,239,321,289,258,297,109,102,159,142,153,140,125,137,162,147,105,157
2018_3,둘레9길,2918,1571,1347,309,435,385,455,653,681,160,236,220,252,379,324,149,199,165,203,274,357
2018_3,금호산길,3345,1653,1692,449,459,458,517,594,868,248,234,244,256,291,380,201,225,214,261,303,488
2018_3,금호산2길,2323,1157,1166,291,353,310,330,399,640,162,198,167,164,197,269,129,155,143,166,202,371
2018_3,고산자로6길,2620,1363,1257,221,430,347,386,512,724,117,235,198,209,262,342,104,195,149,177,250,382
2018_3,후암로28길,5659,2727,2932,874,761,952,952,863,1257,469,386,467,478,398,529,405,375,485,474,465,728
2018_3,효창원로39길,2918,1397,1521,392,422,546,459,416,683,202,201,277,226,213,278,190,221,269,233,203,405
2018_3,회나무로13길,2232,981,1251,184,257,355,344,354,738,93,136,160,160,154,278,91,121,195,184,200,460
2018_3,한남대로20길,563,250,313,42,100,144,89,71,117,18,36,73,42,29,52,24,64,71,47,42,65
2018_3,한강대로88길,127,102,25,3,7,15,24,35,43,2,5,11,17,34,33,1,2,4,7,1,10
2018_3,한강대로7길,740,398,342,57,61,100,96,133,293,33,37,55,57,80,136,24,24,45,39,53,157
2018_3,한강대로62길,904,460,444,77,118,154,114,169,272,47,60,83,58,89,123,30,58,71,56,80,149
2018_3,한강대로52길,632,316,316,34,83,126,97,71,221,20,43,67,52,49,85,14,40,59,45,22,136
2018_3,한강대로43길,1556,739,817,109,252,517,234,191,253,59,97,228,123,98,134,50,155,289,111,93,119
2018_3,한강대로15길,493,260,233,34,61,67,80,82,169,18,37,42,46,42,75,16,24,25,34,40,94
2018_3,한강대로104길,2565,1413,1152,245,338,388,409,520,665,133,163,197,250,336,334,112,175,191,159,184,331
2018_3,청파로73길,2541,1298,1243,279,404,387,403,462,606,152,221,219,212,237,257,127,183,168,191,225,349
2018_3,청파로71길,4244,2147,2097,533,756,735,647,686,887,278,404,415,328,327,395,255,352,320,319,359,492
2018_3,청파로47나길,3049,1446,1603,345,711,644,440,403,506,187,261,339,221,207,231,158,450,305,219,196,275
2018_3,청파로47길,1608,626,982,132,530,274,192,172,308,61,141,117,81,86,140,71,389,157,111,86,168
2018_3,장문로45길,2763,1344,1419,298,417,459,431,456,702,158,229,240,213,203,301,140,188,219,218,253,401
2018_3,이태원로54길,2356,1034,1322,131,248,416,388,404,769,62,95,205,202,188,282,69,153,211,186,216,487
2018_3,이태원로27길,657,325,332,55,101,127,104,82,188,28,52,72,51,42,80,27,49,55,53,40,108
2018_3,이촌로22길,1901,911,990,192,196,233,289,343,648,103,101,128,157,172,250,89,95,105,132,171,398
2018_3,원효로89길,981,473,508,74,177,170,163,158,239,37,66,90,86,86,108,37,111,80,77,72,131
2018_3,원효로53길,2332,1165,1167,237,390,487,328,327,563,124,198,268,180,164,231,113,192,219,148,163,332
2018_3,원효로41길,1442,701,741,195,172,205,253,210,407,86,95,112,140,95,173,109,77,93,113,115,234
2018_3,원효로19길,1859,907,952,264,319,299,286,281,410,131,158,156,142,137,183,133,161,143,144,144,227
2018_3,우사단로4길,2349,1176,1173,218,406,404,359,380,582,117,236,223,182,178,240,101,170,181,177,202,342
2018_3,우사단로14길,1217,625,592,107,164,259,213,179,295,55,89,144,119,87,131,52,75,115,94,92,164
2018_3,우사단로10길,2677,1419,1258,226,414,500,417,445,675,128,253,291,228,237,282,98,161,209,189,208,393
2018_3,신흥로20길,2730,1334,1396,377,361,453,431,399,709,200,185,249,216,182,302,177,176,204,215,217,407
2018_3,소월로20길,2247,1076,1171,232,317,426,301,365,606,117,162,223,138,164,272,115,155,203,163,201,334
2018_3,서빙고로71길,2504,1192,1312,293,304,303,399,444,761,150,149,159,204,227,303,143,155,144,195,217,458
2018_3,백범로90길,4100,1945,2155,612,602,1070,691,527,598,302,225,504,359,250,305,310,377,566,332,277,293
2018_3,백범로79길,4057,1912,2145,602,645,823,673,552,762,314,271,416,328,254,329,288,374,407,345,298,433
2018_3,두텁바위로1길,3230,1723,1507,283,446,450,489,564,998,146,243,246,265,330,493,137,203,204,224,234,505
2018_3,대사관로34길,1430,679,751,136,263,263,191,237,340,69,130,135,90,110,145,67,133,128,101,127,195
2018_3,녹사평대로46길,839,428,411,94,142,167,122,108,206,48,91,83,64,56,86,46,51,84,58,52,120
2018_3,녹사평대로40나길,756,354,402,98,118,133,121,90,196,41,53,73,65,39,83,57,65,60,56,51,113
2018_3,녹사평대로32길,537,271,266,43,86,123,69,65,151,26,47,62,39,30,67,17,39,61,30,35,84
2018_3,녹사평대로26길,965,465,500,81,160,199,130,144,251,46,86,111,56,71,95,35,74,88,74,73,156
2018_3,녹사평대로11길,413,207,206,43,49,69,78,59,115,24,26,35,38,38,46,19,23,34,40,21,69
2018_3,퇴계로90길,3389,1705,1684,357,505,410,583,651,883,187,262,206,312,351,387,170,243,204,271,300,496
2018_3,퇴계로8길,1496,763,733,86,139,148,192,241,690,34,57,91,99,126,356,52,82,57,93,115,334
2018_3,퇴계로56길,1142,591,551,97,184,130,163,203,365,55,104,71,95,105,161,42,80,59,68,98,204
2018_3,퇴계로46길,619,320,299,77,136,103,86,67,150,41,62,57,52,35,73,36,74,46,34,32,77
2018_3,퇴계로18길,712,348,364,89,90,130,115,90,198,45,51,71,54,44,83,44,39,59,61,46,115
2018_3,퇴계로12길,924,444,480,83,104,115,151,148,323,49,56,62,83,71,123,34,48,53,68,77,200
2018_3,청구로1길,2051,962,1089,215,284,256,328,393,575,97,138,139,163,205,220,118,146,117,165,188,355
2018_3,청구로17길,1798,894,904,198,309,282,253,315,441,106,144,154,127,157,206,92,165,128,126,158,235
2018_3,장충단로8길,1511,754,757,155,278,238,235,238,367,79,143,119,128,116,169,76,135,119,107,122,198
2018_3,삼일대로4길,112,66,46,32,12,27,21,11,9,22,5,15,11,7,6,10,7,12,10,4,3
2018_3,명동길,532,37,495,0,7,49,114,106,256,0,1,4,10,15,7,0,6,45,104,91,249
2018_3,동호로8길,699,331,368,82,140,131,106,84,156,40,62,70,55,44,60,42,78,61,51,40,96
2018_3,동호로20길,2165,1024,1141,291,366,357,356,333,462,151,175,183,163,153,199,140,191,174,193,180,263
2018_3,동호로15길,1867,900,967,177,262,232,304,316,576,98,130,116,148,174,234,79,132,116,156,142,342
2018_3,동호로11길,4663,2287,2376,539,731,767,771,730,1125,295,384,407,375,350,476,244,347,360,396,380,649
2018_3,동호로10길,2034,969,1065,223,402,434,295,295,385,115,179,202,145,147,181,108,223,232,150,148,204
2018_3,다산로39길,895,506,389,49,103,88,136,226,293,16,58,51,91,131,159,33,45,37,45,95,134
2018_3,다산로38길,1452,697,755,193,247,222,222,239,329,90,116,106,115,124,146,103,131,116,107,115,183
2018_3,다산로36길,2080,1022,1058,231,293,260,347,410,539,121,146,139,187,205,224,110,147,121,160,205,315
2018_3,다산로33길,3605,1802,1803,340,621,481,576,678,909,178,312,281,302,341,388,162,309,200,274,337,521
2018_3,난계로21길,973,489,484,68,217,265,118,132,173,35,107,131,66,76,74,33,110,134,52,56,99
2018_3,난계로11길,3342,1574,1768,270,731,723,488,519,611,128,282,343,252,274,295,142,449,380,236,245,316
2018_3,필운대로1길,710,321,389,131,87,91,149,94,158,61,43,42,62,49,64,70,44,49,87,45,94
2018_3,평창길,1869,928,941,318,403,186,230,262,470,188,214,93,101,121,211,130,189,93,129,141,259
2018_3,통일로12길,906,431,475,119,101,99,190,125,272,65,42,54,95,60,115,54,59,45,95,65,157
2018_3,창신길,2377,1201,1176,284,375,268,381,507,562,134,197,149,197,263,261,150,178,119,184,244,301
2018_3,창신5길,1318,702,616,91,162,126,183,318,438,47,99,72,90,178,216,44,63,54,93,140,222
2018_3,창신2길,849,442,407,77,108,96,124,194,250,40,59,55,75,94,119,37,49,41,49,100,131
2018_3,창경궁로35길,917,419,498,67,186,113,154,126,271,36,93,53,74,57,106,31,93,60,80,69,165
2018_3,지봉로8길,2375,1193,1182,247,312,300,389,456,671,128,157,170,218,227,293,119,155,130,171,229,378
2018_3,종로65길,3650,1897,1753,316,484,471,539,814,1026,164,237,268,277,446,505,152,247,203,262,368,521
2018_3,종로58가길,457,240,217,16,130,130,57,52,72,4,58,74,36,29,39,12,72,56,21,23,33
2018_3,종로24길,46,34,12,2,2,4,8,11,19,0,2,3,8,8,13,2,0,1,0,3,6
2018_3,자하문로7길,701,321,380,107,79,113,116,86,200,57,39,50,54,37,84,50,40,63,62,49,116
2018_3,이화장길,1663,822,841,204,351,308,227,232,341,103,172,156,105,122,164,101,179,152,122,110,177
2018_3,율곡로16길,470,253,217,43,73,79,70,87,118,28,42,47,41,43,52,15,31,32,29,44,66
2018_3,율곡로10길,262,153,109,8,24,29,42,55,104,5,14,18,31,35,50,3,10,11,11,20,54
2018_3,옥인길,2577,1158,1419,461,279,430,510,381,516,222,127,196,229,169,215,239,152,234,281,212,301
2018_3,숭인동길,924,481,443,90,126,105,143,187,273,49,73,56,77,107,119,41,53,49,66,80,154
2018_3,성균관로5길,940,447,493,75,325,144,112,109,175,39,156,74,59,46,73,36,169,70,53,63,102
2018_3,삼청로5길,768,349,419,72,74,118,90,130,284,30,34,54,47,58,126,42,40,64,43,72,158
2018_3,북촌로5나길,675,326,349,100,79,107,119,101,169,61,38,56,59,41,71,39,41,51,60,60,98
2018_3,북촌로5길,471,218,253,61,61,64,57,71,157,37,24,29,30,31,67,24,37,35,27,40,90
2018_3,북촌로11길,675,312,363,61,69,76,105,128,236,33,37,38,55,60,89,28,32,38,50,68,147
2018_3,백석동길,1702,835,867,238,241,245,292,303,383,127,143,112,136,135,182,111,98,133,156,168,201
2018_3,명륜길,1457,715,742,138,481,194,148,161,335,64,243,117,79,67,145,74,238,77,69,94,190
2018_3,돈화문로11가길,1195,671,524,105,173,207,215,195,300,54,98,135,119,118,147,51,75,72,96,77,153
2018_3,난계로27길,804,368,436,16,343,235,78,45,87,10,105,109,47,35,62,6,238,126,31,10,25
2018_3,계동길,1811,842,969,244,214,238,331,280,504,117,102,115,149,135,224,127,112,123,182,145,280
2018_2,강남 마이스 관광특구,24,16,8,5,2,2,5,5,5,4,1,1,2,4,4,1,1,1,3,1,1
2018_2,잠실 관광특구,7011,3304,3707,719,1186,1749,1008,931,1418,370,505,776,510,451,692,349,681,973,498,480,726
2018_2,종로·청계 관광특구,1918,1262,656,50,204,196,222,448,798,24,141,139,159,312,487,26,63,57,63,136,311
2018_2,동대문패션타운 관광특구,2010,1012,998,170,342,405,281,362,450,79,149,216,149,178,241,91,193,189,132,184,209
2018_2,명동 남대문 북창동 다동 무교동 관광특구,1135,408,727,12,54,128,202,249,490,2,22,63,67,104,150,10,32,65,135,145,340
2018_2,이태원 관광특구,5430,2608,2822,393,717,1039,841,859,1581,205,367,549,436,414,637,188,350,490,405,445,944
2018_2,길동복조리시장,3200,1598,1602,461,411,480,490,509,849,266,209,246,259,226,392,195,202,234,231,283,457
2018_2,둔촌역전통시장,599,306,293,92,88,71,99,112,137,48,53,32,45,64,64,44,35,39,54,48,73
2018_2,성내골목시장,946,488,458,106,128,170,146,163,233,45,60,98,74,87,124,61,68,72,72,76,109
2018_2,천호시장,142,72,70,2,9,20,25,34,52,1,5,6,15,20,25,1,4,14,10,14,27
2018_2,동서울시장,183,93,90,11,10,24,38,39,61,4,3,15,21,23,27,7,7,9,17,16,34
2018_2,고분다리골목시장,365,196,169,33,63,43,44,85,97,14,39,26,29,42,46,19,24,17,15,43,51
2018_2,양지골목시장,790,398,392,139,107,147,138,118,141,65,63,79,73,51,67,74,44,68,65,67,74
2018_2,암사종합시장,902,469,433,75,158,174,152,149,194,44,73,96,90,70,96,31,85,78,62,79,98
2018_2,고덕전통시장,323,168,155,35,35,38,49,76,90,25,21,19,27,40,36,10,14,19,22,36,54
2018_2,명일골목시장,2008,997,1011,410,241,270,364,321,402,206,131,125,194,151,190,204,110,145,170,170,212
2018_2,새마을시장,2410,1175,1235,210,393,522,330,360,595,114,190,246,172,177,276,96,203,276,158,183,319
2018_2,석촌시장,845,421,424,106,135,135,141,159,169,47,67,66,76,84,81,59,68,69,65,75,88
2018_2,방이시장,5273,2520,2753,662,867,1123,746,840,1035,352,409,559,365,369,466,310,458,564,381,471,569
2018_2,마천시장,966,506,460,110,109,107,145,186,309,44,65,62,81,106,148,66,44,45,64,80,161
2018_2,풍납시장,2332,1160,1172,239,293,325,366,418,691,122,155,181,185,209,308,117,138,144,181,209,383
2018_2,강남개포시장,4,2,2,0,2,0,0,0,2,0,1,0,0,0,1,0,1,0,0,0,1
2018_2,도곡시장,229,107,122,58,22,39,51,37,22,35,7,16,23,16,10,23,15,23,28,21,12
2018_2,청담삼익시장,161,81,80,23,21,21,16,24,56,15,8,11,9,11,27,8,13,10,7,13,29
2018_2,논현종합시장,86,37,49,10,4,16,18,7,31,3,2,7,7,4,14,7,2,9,11,3,17
2018_2,영동전통시장,1192,566,626,91,218,304,201,157,221,43,106,143,101,74,99,48,112,161,100,83,122
2018_2,강남시장_강남,285,133,152,38,36,54,43,33,81,21,14,28,21,15,34,17,22,26,22,18,47
2018_2,양재시장,100,59,41,8,17,18,18,15,24,5,12,10,9,10,13,3,5,8,9,5,11
2018_2,남부종합시장,198,95,103,36,29,19,37,33,44,19,15,8,17,15,21,17,14,11,20,18,23
2018_2,우림시장,60,24,36,9,4,13,7,7,20,4,1,3,3,5,8,5,3,10,4,2,12
2018_2,미성동도깨비시장,657,307,350,59,99,72,94,111,222,29,43,36,48,58,93,30,56,36,46,53,129
2018_2,신신림시장,54,23,31,4,8,4,6,7,25,2,2,1,4,5,9,2,6,3,2,2,16
2018_2,삼성동시장,173,103,70,9,15,15,23,38,73,6,11,9,14,22,41,3,4,6,9,16,32
2018_2,신림중앙시장,57,32,25,5,16,17,4,4,11,3,5,12,3,2,7,2,11,5,1,2,4
2018_2,강남골목시장,585,308,277,40,122,134,65,100,124,14,66,78,34,53,63,26,56,56,31,47,61
2018_2,신림종합시장,3,2,1,0,0,0,2,0,1,0,0,0,1,0,1,0,0,0,1,0,0
2018_2,관악신사시장,2258,1121,1137,221,430,407,336,366,498,120,193,216,175,191,226,101,237,191,161,175,272
2018_2,신원시장,421,242,179,37,77,58,51,75,123,20,41,32,32,46,71,17,36,26,19,29,52
2018_2,인헌시장,1476,725,751,112,273,313,209,219,350,64,110,169,102,120,160,48,163,144,107,99,190
2018_2,봉천중앙시장,450,223,227,20,192,120,46,40,32,6,89,64,26,21,17,14,103,56,20,19,15
2018_2,봉천현대시장,14,5,9,1,3,1,2,4,3,1,1,0,1,2,0,0,2,1,1,2,3
2018_2,봉일시장,99,49,50,1,42,23,4,8,21,0,19,14,2,4,10,1,23,9,2,4,11
2018_2,봉천제일종합시장,406,187,219,15,140,66,37,58,90,5,50,36,20,37,39,10,90,30,17,21,51
2018_2,낙성대시장,650,306,344,44,242,159,69,55,81,21,95,85,38,26,41,23,147,74,31,29,40
2018_2,중부시장,629,291,338,39,174,147,65,57,147,19,55,81,38,34,64,20,119,66,27,23,83
2018_2,사당시장,8,5,3,0,4,0,0,3,1,0,3,0,0,1,1,0,1,0,0,2,0
2018_2,남성역골목시장,550,232,318,46,107,80,72,79,166,22,40,36,30,38,66,24,67,44,42,41,100
2018_2,남성사계시장,586,288,298,32,100,103,79,85,187,16,47,51,48,44,82,16,53,52,31,41,105
2018_2,흑석시장,1055,497,558,154,160,138,163,167,273,80,86,69,78,82,102,74,74,69,85,85,171
2018_2,상도4동도깨비골목시장,1917,947,970,154,273,294,268,314,614,79,143,173,142,146,264,75,130,121,126,168,350
2018_2,성대시장,164,76,88,10,53,26,21,32,22,5,16,16,9,17,13,5,37,10,12,15,9
2018_2,영도시장,57,28,29,1,8,6,9,11,22,0,5,3,7,5,8,1,3,3,2,6,14
2018_2,상도전통시장,1614,774,840,127,317,251,215,233,471,75,155,134,102,118,190,52,162,117,113,115,281
2018_2,강남시장_동작,120,47,73,7,24,23,17,9,40,4,7,10,7,2,17,3,17,13,10,7,23
2018_2,신노량진시장,16,8,8,0,4,1,3,5,3,0,1,1,1,3,2,0,3,0,2,2,1
2018_2,본동인정시장,430,234,196,28,82,68,66,74,112,16,50,41,44,38,45,12,32,27,22,36,67
2018_2,노량진중앙시장,152,95,57,4,59,33,13,15,28,1,38,26,10,10,10,3,21,7,3,5,18
2018_2,대림중앙시장,418,203,215,32,53,49,61,83,140,19,30,30,28,35,61,13,23,19,33,48,79
2018_2,우리시장,330,163,167,29,35,43,36,62,125,16,19,23,19,32,54,13,16,20,17,30,71
2018_2,영진시장A동,124,61,63,16,19,13,17,18,41,7,7,6,7,9,25,9,12,7,10,9,16
2018_2,사러가시장,105,50,55,14,8,7,25,16,35,10,3,3,12,6,16,4,5,4,13,10,19
2018_2,대신시장,120,54,66,24,12,15,25,19,25,12,5,6,13,10,8,12,7,9,12,9,17
2018_2,영일시장,733,381,352,74,114,153,107,95,190,40,55,93,57,57,79,34,59,60,50,38,111
2018_2,도림시장,77,35,42,5,35,12,3,7,15,2,16,8,1,3,5,3,19,4,2,4,10
2018_2,영등포청과시장,299,161,138,25,46,39,46,52,91,16,19,25,28,33,40,9,27,14,18,19,51
2018_2,영등포전통시장,2304,1428,876,82,317,426,358,421,700,52,138,259,254,308,417,30,179,167,104,113,283
2018_2,은행나무시장,421,206,215,46,45,68,71,70,121,24,26,41,37,34,44,22,19,27,34,36,77
2018_2,박미시장,296,156,140,24,29,27,64,49,103,18,12,15,30,29,52,6,17,12,34,20,51
2018_2,현대시장,2580,1236,1344,295,349,342,353,505,736,152,159,179,165,244,337,143,190,163,188,261,399
2018_2,대명시장,8,5,3,0,1,1,0,2,4,0,1,0,0,2,2,0,0,1,0,0,2
2018_2,푸른터시장,41,23,18,6,1,12,6,4,12,4,0,8,3,2,6,2,1,4,3,2,6
2018_2,남문시장,1697,854,843,184,224,194,255,410,430,87,109,107,126,230,195,97,115,87,129,180,235
2018_2,독산동 우시장,91,47,44,0,35,23,14,9,10,0,6,16,11,7,7,0,29,7,3,2,3
2018_2,오류시장,161,87,74,8,14,20,20,35,64,5,8,11,16,21,26,3,6,9,4,14,38
2018_2,개봉중앙시장,371,171,200,49,59,56,59,66,82,23,25,36,23,30,34,26,34,20,36,36,48
2018_2,고척근린시장,626,311,315,79,69,77,94,108,199,42,27,47,49,59,87,37,42,30,45,49,112
2018_2,가리봉시장,268,141,127,25,33,22,37,55,96,11,15,14,22,35,44,14,18,8,15,20,52
2018_2,남구로시장,656,367,289,64,49,68,104,147,224,26,25,37,67,97,115,38,24,31,37,50,109
2018_2,구로시장,131,71,60,13,13,11,17,32,45,3,7,6,12,21,22,10,6,5,5,11,23
2018_2,공항시장,164,72,92,0,84,41,19,8,12,0,24,18,12,8,10,0,60,23,7,0,2
2018_2,방신전통시장,592,293,299,69,80,75,96,108,164,31,42,35,56,56,73,38,38,40,40,52,91
2018_2,송화골목시장,526,257,269,90,69,87,85,91,104,47,32,40,35,53,50,43,37,47,50,38,54
2018_2,까치산시장,1187,542,645,148,176,236,172,165,290,74,75,120,84,71,118,74,101,116,88,94,172
2018_2,화곡본동시장,350,156,194,48,40,78,55,38,91,23,14,36,26,14,43,25,26,42,29,24,48
2018_2,남부골목시장,1913,916,997,216,247,301,276,341,532,109,133,145,140,167,222,107,114,156,136,174,310
2018_2,화곡중앙골목시장,1024,501,523,176,126,187,153,168,214,76,64,106,78,75,102,100,62,81,75,93,112
2018_2,신월중앙시장,73,40,33,13,12,13,13,7,15,6,9,6,8,4,7,7,3,7,5,3,8
2018_2,등마루시장,3,2,1,0,0,0,0,2,1,0,0,0,0,2,0,0,0,0,0,0,1
2018_2,신정3동골목시장,265,157,108,25,28,28,39,68,77,13,15,14,30,49,36,12,13,14,9,19,41
2018_2,신정2동골목시장,477,243,234,63,56,74,84,64,136,34,27,44,41,35,62,29,29,30,43,29,74
2018_2,신정제일시장,168,70,98,20,16,15,23,34,60,6,4,7,11,16,26,14,12,8,12,18,34
2018_2,신월7동골목시장,122,60,62,13,23,12,17,23,34,6,13,6,11,10,14,7,10,6,6,13,20
2018_2,신월6동골목시장,176,98,78,18,21,17,28,37,55,12,16,11,14,21,24,6,5,6,14,16,31
2018_2,신곡종합시장,62,30,32,16,4,17,15,3,7,9,2,6,8,2,3,7,2,11,7,1,4
2018_2,신월3동골목시장,336,186,150,31,41,25,49,78,112,17,21,14,28,50,56,14,20,11,21,28,56
2018_2,경창시장,358,169,189,65,33,49,57,51,103,33,16,24,29,25,42,32,17,25,28,26,61
2018_2,월정로시장,1695,860,835,221,197,227,255,329,466,117,99,121,124,177,222,104,98,106,131,152,244
2018_2,신영시장,1202,596,606,174,151,146,218,218,295,76,87,70,124,106,133,98,64,76,94,112,162
2018_2,목4동시장,1160,585,575,156,216,125,186,232,245,90,132,58,83,111,111,66,84,67,103,121,134
2018_2,목3동시장,1170,595,575,141,188,236,187,179,239,71,84,143,107,85,105,70,104,93,80,94,134
2018_2,목2동시장,1173,584,589,92,164,236,149,189,343,44,78,127,75,93,167,48,86,109,74,96,176
2018_2,동진시장,39,22,17,5,7,8,5,4,10,4,4,3,3,2,6,1,3,5,2,2,4
2018_2,망원월드컵시장,808,372,436,125,114,149,132,109,179,61,47,66,67,50,81,64,67,83,65,59,98
2018_2,망원시장,2038,959,1079,227,264,407,345,296,499,123,130,194,166,142,204,104,134,213,179,154,295
2018_2,합정시장,90,39,51,10,14,26,12,11,17,5,7,13,5,5,4,5,7,13,7,6,13
2018_2,영진시장,245,105,140,33,30,61,31,34,56,17,12,24,16,13,23,16,18,37,15,21,33
2018_2,서교시장,27,20,7,1,5,9,2,3,7,1,4,7,1,3,4,0,1,2,1,0,3
2018_2,신수시장,68,30,38,7,7,16,9,7,22,3,5,7,4,3,8,4,2,9,5,4,14
2018_2,아현시장,409,194,215,49,59,43,70,50,138,28,28,23,35,24,56,21,31,20,35,26,82
2018_2,마포시장,12,5,7,3,0,0,0,2,7,1,0,0,0,2,2,2,0,0,0,0,5
2018_2,공덕시장,12,7,5,0,3,1,1,5,2,0,2,0,1,3,1,0,1,1,0,2,1
2018_2,백련시장,156,72,84,12,15,29,22,26,52,9,9,8,14,12,20,3,6,21,8,14,32
2018_2,모래내시장,407,205,202,20,40,31,45,78,193,8,20,19,27,47,84,12,20,12,18,31,109
2018_2,포방터시장,512,254,258,61,64,63,81,91,152,30,38,34,41,51,60,31,26,29,40,40,92
2018_2,인왕시장,314,153,161,31,41,30,43,71,98,16,16,20,23,40,38,15,25,10,20,31,60
2018_2,아현가구거리상점가,129,70,59,7,26,15,18,24,39,6,16,10,8,11,19,1,10,5,10,13,20
2018_2,영천시장,354,179,175,26,49,34,60,69,116,11,26,21,38,35,48,15,23,13,22,34,68
2018_2,수일시장,118,54,64,4,9,12,10,25,58,1,5,8,5,11,24,3,4,4,5,14,34
2018_2,증산종합시장,159,73,86,25,21,19,22,32,40,13,9,9,12,12,18,12,12,10,10,20,22
2018_2,대림골목시장,635,314,321,70,65,84,85,118,213,37,40,40,46,66,85,33,25,44,39,52,128
2018_2,신응암시장,219,115,104,42,27,31,39,32,48,21,14,17,22,19,22,21,13,14,17,13,26
2018_2,녹번시장,16,10,6,2,2,0,4,2,6,2,1,0,2,2,3,0,1,0,2,0,3
2018_2,대조시장,489,243,246,64,61,81,91,71,121,29,35,42,50,39,48,35,26,39,41,32,73
2018_2,역촌중앙시장,11,8,3,0,0,0,2,5,4,0,0,0,0,5,3,0,0,0,2,0,1
2018_2,갈현시장,153,80,73,11,55,41,11,12,23,5,26,23,10,5,11,6,29,18,1,7,12
2018_2,연서시장,258,126,132,25,25,32,33,42,101,15,11,19,19,19,43,10,14,13,14,23,58
2018_2,상계중앙시장,1866,910,956,223,308,179,308,345,503,113,148,98,158,170,223,110,160,81,150,175,280
2018_2,공릉동도깨비시장,1566,779,787,163,332,300,185,235,351,74,157,164,96,117,171,89,175,136,89,118,180
2018_2,방학동도깨비시장,1005,505,500,108,153,98,157,200,289,57,92,53,79,98,126,51,61,45,78,102,163
2018_2,쌍문역골목시장,726,353,373,64,120,107,100,99,236,33,52,62,48,45,113,31,68,45,52,54,123
2018_2,백운시장,375,175,200,45,63,47,63,55,102,21,30,20,32,27,45,24,33,27,31,28,57
2018_2,신도봉시장,174,88,86,10,35,20,22,37,50,1,20,14,7,21,25,9,15,6,15,16,25
2018_2,창동골목시장,1245,605,640,135,164,163,184,220,379,69,80,85,90,119,162,66,84,78,94,101,217
2018_2,창동신창시장,2324,1117,1207,304,343,354,379,431,513,140,166,178,193,198,242,164,177,176,186,233,271
2018_2,수유북부시장,65,35,30,4,6,7,10,7,31,3,3,4,8,2,15,1,3,3,2,5,16
2018_2,장미원골목시장,1477,707,770,214,215,233,209,244,362,117,105,129,92,122,142,97,110,104,117,122,220
2018_2,수유중앙시장,49,29,20,6,11,4,8,12,8,5,7,2,6,7,2,1,4,2,2,5,6
2018_2,강북종합시장,727,381,346,60,110,97,110,150,200,32,43,57,67,87,95,28,67,40,43,63,105
2018_2,우이시장,1685,827,858,231,227,212,277,302,436,114,124,117,137,152,183,117,103,95,140,150,253
2018_2,수유전통시장,633,304,329,57,100,91,92,115,178,27,47,46,47,55,82,30,53,45,45,60,96
2018_2,번동북부골목시장,1167,571,596,157,174,189,216,168,263,76,86,95,116,84,114,81,88,94,100,84,149
2018_2,솔샘시장,146,71,75,12,17,19,21,26,51,6,9,11,11,12,22,6,8,8,10,14,29
2018_2,숭인시장,235,124,111,18,22,37,44,51,63,7,9,17,28,31,32,11,13,20,16,20,31
2018_2,방천골목시장,1528,761,767,135,261,197,242,268,425,73,123,111,129,127,198,62,138,86,113,141,227
2018_2,동북시장,29,15,14,5,2,3,2,3,14,2,2,1,2,1,7,3,0,2,0,2,7
2018_2,석관황금시장,1865,958,907,201,260,228,282,349,545,101,146,129,151,188,243,100,114,99,131,161,302
2018_2,석관시장,166,96,70,16,26,19,30,30,45,10,16,12,21,17,20,6,10,7,9,13,25
2018_2,새석관시장,83,43,40,6,9,11,9,17,31,5,3,6,7,10,12,1,6,5,2,7,19
2018_2,번동시장,32,17,15,7,3,2,5,6,9,5,1,1,2,3,5,2,2,1,3,3,4
2018_2,장위전통시장,1425,698,727,188,166,170,205,254,442,96,89,90,112,117,194,92,77,80,93,137,248
2018_2,밤나무골시장,236,112,124,34,17,34,35,42,74,19,8,20,16,20,29,15,9,14,19,22,45
2018_2,길음시장,15,13,2,0,2,1,3,3,6,0,2,1,3,2,5,0,0,0,0,1,1
2018_2,정릉시장,1390,703,687,163,243,204,181,213,386,87,134,114,96,99,173,76,109,90,85,114,213
2018_2,정릉아리랑시장,1066,518,548,185,134,162,204,157,224,100,61,91,104,72,90,85,73,71,100,85,134
2018_2,돈암제일시장,220,99,121,21,31,39,19,25,85,10,14,22,12,10,31,11,17,17,7,15,54
2018_2,유영시장,108,54,54,16,12,10,24,19,27,8,9,5,10,10,12,8,3,5,14,9,15
2018_2,우림골목시장,2134,1113,1021,222,263,291,290,438,630,115,139,170,158,233,298,107,124,121,132,205,332
2018_2,묵1동도깨비시장,1422,718,704,240,167,259,232,191,333,122,90,131,132,84,159,118,77,128,100,107,174
2018_2,태능시장,958,490,468,115,127,131,120,204,261,57,66,77,60,102,128,58,61,54,60,102,133
2018_2,중화제일시장,1895,953,942,236,285,261,307,355,451,128,141,147,154,176,207,108,144,114,153,179,244
2018_2,사가정시장,1918,953,965,176,303,289,265,346,539,86,165,162,128,169,243,90,138,127,137,177,296
2018_2,면목골목시장,1310,695,615,176,176,172,226,235,325,101,102,93,128,117,154,75,74,79,98,118,171
2018_2,동원시장,2112,1046,1066,234,302,287,295,416,578,113,154,160,160,208,251,121,148,127,135,208,327
2018_2,동부골목시장,1578,812,766,143,278,344,222,262,329,73,133,195,114,142,155,70,145,149,108,120,174
2018_2,이문제일시장,70,32,38,13,8,4,11,18,16,4,4,2,5,10,7,9,4,2,6,8,9
2018_2,이경시장,230,118,112,18,30,23,28,46,85,12,15,8,17,28,38,6,15,15,11,18,47
2018_2,회기시장,1205,511,694,74,501,205,108,103,214,23,206,100,44,48,90,51,295,105,64,55,124
2018_2,청량리청과물시장,62,44,18,2,4,5,11,15,25,1,0,5,9,12,17,1,4,0,2,3,8
2018_2,전곡시장,240,115,125,40,19,24,55,33,69,21,9,14,25,12,34,19,10,10,30,21,35
2018_2,답십리시장,437,204,233,57,59,64,68,74,115,22,29,31,34,34,54,35,30,33,34,40,61
2018_2,답십리현대시장,330,167,163,32,30,37,46,57,128,20,13,25,29,32,48,12,17,12,17,25,80
2018_2,전농로터리시장,84,49,35,5,10,4,17,18,30,3,8,4,12,9,13,2,2,0,5,9,17
2018_2,청량리종합시장,97,55,42,0,8,15,11,16,47,0,4,8,9,9,25,0,4,7,2,7,22
2018_2,청량리전통시장,173,137,36,1,7,12,18,48,87,1,5,9,17,41,64,0,2,3,1,7,23
2018_2,청량리농수산물시장,180,89,91,26,32,19,17,42,44,19,18,11,7,14,20,7,14,8,10,28,24
2018_2,서울약령시장,2166,1152,1014,129,270,288,301,394,784,77,142,164,177,217,375,52,128,124,124,177,409
2018_2,동서시장,3,3,0,0,0,0,0,3,0,0,0,0,0,3,0,0,0,0,0,0,0
2018_2,경동시장,9,4,5,0,0,0,1,1,7,0,0,0,1,1,2,0,0,0,0,0,5
2018_2,청량리수산시장,483,254,229,37,83,85,69,62,147,22,40,46,41,33,72,15,43,39,28,29,75
2018_2,용두시장,21,14,7,1,2,1,3,3,11,0,1,1,2,3,7,1,1,0,1,0,4
2018_2,동부청과시장,1,1,0,0,0,0,0,0,1,0,0,0,0,0,1,0,0,0,0,0,0
2018_2,구의시장,160,83,77,23,32,25,18,22,40,10,16,16,8,13,20,13,16,9,10,9,20
2018_2,조양시장,79,35,44,3,29,15,5,7,20,2,12,7,0,6,8,1,17,8,5,1,12
2018_2,영동교골목시장,975,502,473,76,143,115,146,187,308,44,75,68,81,100,134,32,68,47,65,87,174
2018_2,능동로골목시장,363,192,171,32,50,47,42,76,116,17,29,23,23,40,60,15,21,24,19,36,56
2018_2,노룬산골목시장,216,104,112,9,21,36,26,49,75,7,12,19,13,26,27,2,9,17,13,23,48
2018_2,자양종합시장,64,34,30,15,7,14,9,11,8,8,3,8,5,5,5,7,4,6,4,6,3
2018_2,자양골목시장,2017,969,1048,253,328,386,291,323,436,139,161,194,144,144,187,114,167,192,147,179,249
2018_2,신성골목시장,92,42,50,11,10,13,12,16,30,6,4,8,6,5,13,5,6,5,6,11,17
2018_2,면곡골목시장,473,247,226,55,74,75,72,100,97,34,38,34,39,57,45,21,36,41,33,43,52
2018_2,중곡제일시장,818,424,394,114,121,118,116,164,185,56,63,75,55,82,93,58,58,43,61,82,92
2018_2,화양제일골목시장,951,411,540,51,379,209,102,77,133,29,124,111,49,41,57,22,255,98,53,36,76
2018_2,한아름시장,12,10,2,0,5,2,1,1,3,0,4,2,1,1,2,0,1,0,0,0,1
2018_2,성동용답상가시장,2014,1014,1000,223,289,278,318,385,521,114,149,151,159,194,247,109,140,127,159,191,274
2018_2,뚝도시장,580,320,260,56,84,73,77,130,160,31,53,47,45,68,76,25,31,26,32,62,84
2018_2,금남시장,253,130,123,20,24,33,39,50,87,12,13,18,24,29,34,8,11,15,15,21,53
2018_2,행당시장,1531,781,750,150,321,208,218,298,336,83,146,120,113,156,163,67,175,88,105,142,173
2018_2,마장축산물시장,332,181,151,39,40,34,57,49,113,25,23,18,35,29,51,14,17,16,22,20,62
2018_2,보광시장,5,2,3,0,0,0,1,1,3,0,0,0,0,1,1,0,0,0,1,0,2
2018_2,이태원제일시장,43,19,24,2,5,9,9,3,15,1,3,3,7,0,5,1,2,6,2,3,10
2018_2,이태원시장,63,30,33,7,5,13,7,15,16,4,1,7,6,7,5,3,4,6,1,8,11
2018_2,이촌종합시장,102,59,43,9,12,13,18,21,29,2,10,8,11,12,16,7,2,5,7,9,13
2018_2,용문전통시장,408,211,197,38,59,71,55,62,123,16,33,48,32,34,48,22,26,23,23,28,75
2018_2,만리시장,35,20,15,2,2,3,3,7,18,1,2,1,2,5,9,1,0,2,1,2,9
2018_2,신흥시장,105,56,49,6,10,20,9,23,37,0,8,11,6,14,17,6,2,9,3,9,20
2018_2,후암시장,286,146,140,22,46,46,30,65,77,9,27,27,18,32,33,13,19,19,12,33,44
2018_2,합동(새벽)시장,79,62,17,4,3,8,16,22,26,2,2,5,12,21,20,2,1,3,4,1,6
2018_2,서울중앙시장,1017,540,477,73,117,112,127,205,383,42,65,68,68,115,182,31,52,44,59,90,201
2018_2,백학시장,815,438,377,74,100,101,123,172,245,37,68,55,74,88,116,37,32,46,49,84,129
2018_2,약수시장,950,452,498,115,139,135,137,147,277,65,64,56,72,75,120,50,75,79,65,72,157
2018_2,청평화시장,1,1,0,0,0,0,1,0,0,0,0,0,1,0,0,0,0,0,0,0,0
2018_2,동평화시장,51,25,26,2,7,6,2,16,18,2,4,1,2,7,9,0,3,5,0,9,9
2018_2,방산종합시장,285,188,97,11,30,35,25,65,119,7,17,19,18,47,80,4,13,16,7,18,39
2018_2,평화시장,4,4,0,0,0,2,0,0,2,0,0,2,0,0,2,0,0,0,0,0,0
2018_2,인현시장,145,82,63,7,16,12,15,33,62,4,7,6,11,22,32,3,9,6,4,11,30
2018_2,신중부시장,287,194,93,9,19,26,31,73,129,8,10,15,21,57,83,1,9,11,10,16,46
2018_2,남대문시장,86,51,35,0,3,8,13,24,38,0,1,6,8,15,21,0,2,2,5,9,17
2018_2,신설종합시장,14,12,2,0,1,2,1,5,5,0,1,2,1,4,4,0,0,0,0,1,1
2018_2,동묘시장,789,444,345,30,197,134,93,120,215,16,97,69,55,81,126,14,100,65,38,39,89
2018_2,창신골목시장,385,198,187,31,36,38,64,67,149,12,20,26,38,41,61,19,16,12,26,26,88
2018_2,동문시장,65,36,29,4,10,7,13,9,22,2,6,7,4,6,11,2,4,0,9,3,11
2018_2,충신시장,176,91,85,16,25,13,30,35,57,6,15,10,14,19,27,10,10,3,16,16,30
2018_2,종로신진시장,110,78,32,1,8,7,15,32,47,1,4,5,14,21,33,0,4,2,1,11,14
2018_2,동대문종합시장,2,2,0,0,0,0,1,1,0,0,0,0,1,1,0,0,0,0,0,0,0
2018_2,광장시장,60,30,30,1,8,3,5,20,23,1,5,1,2,12,9,0,3,2,3,8,14
2018_2,통인시장,711,315,396,91,96,93,114,115,202,43,38,40,51,59,84,48,58,53,63,56,118
2018_2,서울 노원구 노원역_3,242,150,92,3,42,41,36,44,76,1,16,25,20,31,57,2,26,16,16,13,19
2018_2,서울 노원구 노원역_2,17,14,3,0,1,0,3,4,9,0,1,0,3,4,6,0,0,0,0,0,3
2018_2,서울 노원구 노원역_1,699,313,386,111,93,92,105,144,154,46,43,41,47,69,67,65,50,51,58,75,87
2018_2,창동역,578,361,217,25,95,105,116,123,114,11,40,70,78,87,75,14,55,35,38,36,39
2018_2,서울 강북구 수유역_3,721,404,317,46,146,119,99,128,183,22,67,64,60,82,109,24,79,55,39,46,74
2018_2,등나무근린공원 주변,181,77,104,26,18,52,49,25,11,10,7,24,21,11,4,16,11,28,28,14,7
2018_2,서울 강북구 수유역_2,2100,1054,1046,117,344,412,341,372,514,55,147,229,184,201,238,62,197,183,157,171,276
2018_2,서울 강북구 수유역_1,781,386,395,59,170,159,116,123,154,32,73,86,60,63,72,27,97,73,56,60,82
2018_2,서울 은평구 연신내역_3,101,61,40,3,27,12,18,20,21,2,14,6,11,12,16,1,13,6,7,8,5
2018_2,서울 은평구 연신내역_2,1079,533,546,98,203,191,176,174,237,50,89,102,98,89,105,48,114,89,78,85,132
2018_2,서울 은평구 연신내역_1,221,99,122,15,50,43,39,30,44,10,21,21,15,9,23,5,29,22,24,21,21
2018_2,서울 성북구 미아삼거리역_2,466,255,211,28,76,69,54,95,144,14,45,40,28,54,74,14,31,29,26,41,70
2018_2,서울 강북구 미아삼거리역_1,380,208,172,23,44,51,66,67,129,16,25,27,41,35,64,7,19,24,25,32,65
2018_2,서울 은평구 불광역_3,768,330,438,54,229,260,84,63,78,22,74,126,38,31,39,32,155,134,46,32,39
2018_2,서울 은평구 불광역_2,657,333,324,38,165,144,91,80,139,19,84,75,43,42,70,19,81,69,48,38,69
2018_2,서울 은평구 불광역_1,557,276,281,36,106,107,60,101,147,21,48,56,31,50,70,15,58,51,29,51,77
2018_2,미아사거리_2,96,47,49,8,10,12,12,19,35,3,7,5,7,9,16,5,3,7,5,10,19
2018_2,미아사거리_1,935,455,480,140,168,153,165,140,169,78,68,73,84,66,86,62,100,80,81,74,83
2018_2,서울 성북구 성신여대입구역,1078,493,585,71,261,237,153,160,196,33,100,106,75,91,88,38,161,131,78,69,108
2018_2,경희대학교,368,167,201,28,132,58,40,30,80,8,50,30,24,16,39,20,82,28,16,14,41
2018_2,서울 성북구 안암역,365,179,186,25,162,54,22,35,67,12,77,29,14,18,29,13,85,25,8,17,38
2018_2,혜화역 대학로_3,647,301,346,35,215,119,66,80,132,19,88,56,35,43,60,16,127,63,31,37,72
2018_2,혜화역 대학로_2,804,397,407,62,299,146,82,90,125,32,140,82,46,41,56,30,159,64,36,49,69
2018_2,혜화역 대학로_1,479,225,254,42,111,84,65,66,111,23,54,36,34,33,45,19,57,48,31,33,66
2018_2,디지털미디어시티,1444,654,790,209,397,326,269,161,82,105,142,148,136,85,38,104,255,178,133,76,44
2018_2,서울 동대문구 청량리역,2842,1420,1422,280,404,354,355,528,921,123,185,182,180,281,469,157,219,172,175,247,452
2018_2,서울 종로구 경복궁역_2,307,140,167,33,52,64,51,44,63,19,27,34,18,14,28,14,25,30,33,30,35
2018_2,서울 종로구 안국역_2,275,127,148,27,33,32,39,50,94,15,19,15,14,23,41,12,14,17,25,27,53
2018_2,서울 종로구 안국역_1,109,45,64,10,8,14,20,14,43,4,5,4,9,8,15,6,3,10,11,6,28
2018_2,서울 종로구 경복궁역_1,615,298,317,60,75,91,103,96,190,33,38,49,52,42,84,27,37,42,51,54,106
2018_2,서울 종로구 종로3가역_3,155,122,33,7,12,12,19,50,55,3,9,10,15,41,44,4,3,2,4,9,11
2018_2,서울 종로구 종로3가역_2,2308,1578,730,46,87,132,245,572,1226,27,56,81,177,451,786,19,31,51,68,121,440
2018_2,서울 동대문구 신설동역_2,379,239,140,10,74,89,53,63,90,4,38,49,40,47,61,6,36,40,13,16,29
2018_2,인사동,802,435,367,74,77,117,110,121,303,48,43,58,62,72,152,26,34,59,48,49,151
2018_2,서울 종로구 종로5가역_4,282,168,114,17,42,35,37,53,98,10,27,23,24,38,46,7,15,12,13,15,52
2018_2,서울 종로구 종로5가역_3,710,431,279,37,43,61,107,160,302,22,27,38,68,107,169,15,16,23,39,53,133
2018_2,종로구청,525,299,226,40,63,80,87,102,153,23,39,50,43,61,83,17,24,30,44,41,70
2018_2,서울 종로구 종로5가역_2,2058,1026,1032,189,518,422,227,282,420,90,246,209,121,142,218,99,272,213,106,140,202
2018_2,신설동역,425,263,162,9,116,99,51,75,75,6,43,63,36,59,56,3,73,36,15,16,19
2018_2,서울 동대문구 신설동역_1,286,168,118,9,69,57,32,50,69,3,25,30,18,39,53,6,44,27,14,11,16
2018_2,서울 종로구 광화문역_2,2557,1134,1423,375,289,445,445,362,641,192,125,180,184,171,282,183,164,265,261,191,359
2018_2,동묘앞역,867,422,445,109,132,106,123,158,239,54,72,60,63,74,99,55,60,46,60,84,140
2018_2,장안동사거리,4436,2178,2258,566,760,1076,761,577,696,303,336,541,392,280,326,263,424,535,369,297,370
2018_2,서울 종로구 동대문역_2,577,380,197,13,48,60,54,143,259,7,28,42,39,105,159,6,20,18,15,38,100
2018_2,서울 종로구 동대문역_1,128,66,62,9,21,13,13,28,44,3,12,4,7,16,24,6,9,9,6,12,20
2018_2,동대문시장_2,32,16,16,1,2,5,4,4,16,0,0,3,2,2,9,1,2,2,2,2,7
2018_2,서울 종로구 종로5가역_1,24,5,19,0,0,0,3,3,18,0,0,0,2,0,3,0,0,0,1,3,15
2018_2,서울 종로구 종로3가역_1,175,137,38,5,33,20,22,41,54,2,26,14,17,36,42,3,7,6,5,5,12
2018_2,서울 종로구 광화문역_1,13,8,5,1,1,0,3,5,3,0,0,0,2,4,2,1,1,0,1,1,1
2018_2,종각역,3,2,1,0,0,1,1,1,0,0,0,0,1,1,0,0,0,1,0,0,0
2018_2,종각역 젊음의 거리,153,111,42,4,46,33,19,20,31,2,35,25,13,13,23,2,11,8,6,7,8
2018_2,서대문구 서대문역_1,1427,701,726,327,131,313,260,173,223,158,57,137,143,97,109,169,74,176,117,76,114
2018_2,동대문시장_1,28,16,12,0,4,9,2,5,8,0,0,8,1,4,3,0,4,1,1,1,5
2018_2,시청역_2,1012,447,565,168,110,308,204,106,116,64,45,146,86,49,57,104,65,162,118,57,59
2018_2,서울시청,80,49,31,6,1,7,12,20,34,2,1,5,7,12,22,4,0,2,5,8,12
2018_2,서울 중구 을지로3가역_2,506,325,181,5,35,27,63,119,257,2,17,16,49,87,154,3,18,11,14,32,103
2018_2,서울 중구 신당역_2,298,149,149,13,61,69,37,50,68,7,20,34,22,27,39,6,41,35,15,23,29
2018_2,서대문구 서대문역_2,869,433,436,59,195,207,107,142,159,29,75,113,60,73,83,30,120,94,47,69,76
2018_2,동대문역사문화공원역,430,267,163,11,43,52,53,100,171,4,26,33,31,68,105,7,17,19,22,32,66
2018_2,서울 중구 을지로3가역_1,228,153,75,5,22,27,31,46,97,1,11,16,20,36,69,4,11,11,11,10,28
2018_2,명동거리,144,83,61,4,19,22,26,35,38,0,8,14,17,22,22,4,11,8,9,13,16
2018_2,롯데백화점,1,1,0,0,0,1,0,0,0,0,0,1,0,0,0,0,0,0,0,0,0
2018_2,서울 중구 신당역_1,883,486,397,76,104,113,128,201,261,33,58,71,74,116,134,43,46,42,54,85,127
2018_2,북창동,244,154,90,2,18,37,34,51,102,0,8,30,23,30,63,2,10,7,11,21,39
2018_2,서울 중구 충무로역_2,1446,777,669,124,182,189,179,269,503,65,90,103,108,154,257,59,92,86,71,115,246
2018_2,서울 강서구 송정역,2163,1073,1090,149,439,396,247,364,568,77,224,199,129,177,267,72,215,197,118,187,301
2018_2,장한평역_2,1404,732,672,133,246,314,211,227,273,71,97,164,116,135,149,62,149,150,95,92,124
2018_2,시청역_1,352,185,167,57,31,84,74,42,64,35,14,37,45,22,32,22,17,47,29,20,32
2018_2,왕십리역_2,532,247,285,41,165,83,71,75,97,14,72,38,41,39,43,27,93,45,30,36,54
2018_2,서울 강서구 발산역,102,54,48,2,20,30,21,19,10,2,8,16,13,9,6,0,12,14,8,10,4
2018_2,장한평역_1,197,132,65,10,25,29,34,64,35,7,14,17,28,46,20,3,11,12,6,18,15
2018_2,서울 중구 충무로역_1,762,377,385,44,111,112,91,140,264,21,48,64,55,73,116,23,63,48,36,67,148
2018_2,장한평역,1204,861,343,30,201,262,249,278,184,14,81,165,204,248,149,16,120,97,45,30,35
2018_2,서울 중구 명동역,1247,589,658,118,133,178,189,216,413,55,57,78,99,109,191,63,76,100,90,107,222
2018_2,장충동 족발거리,301,159,142,37,75,36,39,35,79,16,38,19,26,24,36,21,37,17,13,11,43
2018_2,한양시장,957,437,520,36,550,174,42,46,109,11,236,98,23,24,45,25,314,76,19,22,64
2018_2,서울 서대문구 이대역,1603,518,1085,54,657,194,182,168,348,21,98,84,94,80,141,33,559,110,88,88,207
2018_2,서울 서대문구 신촌역,2694,1375,1319,115,1127,476,243,266,467,60,541,266,133,154,221,55,586,210,110,112,246
2018_2,서울 마포구 홍대입구역_3,190,87,103,11,36,57,39,29,18,5,14,28,19,13,8,6,22,29,20,16,10
2018_2,서울 마포구 홍대입구역_2,511,252,259,61,84,109,75,52,130,34,47,48,43,20,60,27,37,61,32,32,70
2018_2,홍익대학교 주변,4789,2292,2497,380,1209,1134,652,500,914,202,559,541,333,241,416,178,650,593,319,259,498
2018_2,서울 광진구 군자역,1757,803,954,137,468,422,188,222,320,74,186,195,94,105,149,63,282,227,94,117,171
2018_2,신촌역,1142,584,558,58,341,261,147,98,237,32,160,133,83,58,118,26,181,128,64,40,119
2018_2,강서구청,2973,1459,1514,316,613,705,443,410,486,160,240,357,255,218,229,156,373,348,188,192,257
2018_2,서울 마포구 홍대입구역_1,668,332,336,58,124,158,113,72,143,33,51,88,60,36,64,25,73,70,53,36,79
2018_2,서울 중구 약수역_2,53,29,24,6,6,7,13,4,17,5,2,2,10,2,8,1,4,5,3,2,9
2018_2,서울 중구 약수역_1,10,6,4,0,0,3,2,1,4,0,0,2,1,1,2,0,0,1,1,0,2
2018_2,서울 강동구 고덕역,2716,1360,1356,574,402,319,491,505,425,322,222,149,207,249,211,252,180,170,284,256,214
2018_2,등촌역,1237,558,679,117,239,431,157,131,162,58,75,209,86,64,66,59,164,222,71,67,96
2018_2,서울 강동구 명일역,2013,1008,1005,280,274,285,348,319,507,145,139,156,167,153,248,135,135,129,181,166,259
2018_2,어린이대공원역,563,327,236,61,112,86,80,106,118,38,63,45,50,68,63,23,49,41,30,38,55
2018_2,서울 마포구 공덕역_2,27,15,12,1,5,0,3,10,8,0,3,0,3,5,4,1,2,0,0,5,4
2018_2,공덕역,48,35,13,0,3,4,14,13,14,0,2,1,12,10,10,0,1,3,2,3,4
2018_2,서울 용산구 숙대입구역,474,273,201,27,73,53,85,100,136,13,40,32,56,66,66,14,33,21,29,34,70
2018_2,남영역,242,110,132,8,76,78,35,24,21,5,21,40,20,16,8,3,55,38,15,8,13
2018_2,서울 마포구 공덕역_1,604,285,319,81,126,88,102,125,82,42,62,41,41,58,41,39,64,47,61,67,41
2018_2,서울 마포구 마포역_2,3470,1557,1913,496,407,927,717,452,471,233,152,434,309,219,210,263,255,493,408,233,261
2018_2,서울 광진구 건대입구역_2,1999,903,1096,100,760,434,199,171,335,49,313,201,98,90,152,51,447,233,101,81,183
2018_2,서울 마포구 마포역_1,882,457,425,81,129,155,146,138,233,47,71,82,76,74,107,34,58,73,70,64,126
2018_2,서울 강동구 천호역_2,4596,2226,2370,305,777,1121,732,755,906,153,312,523,402,421,415,152,465,598,330,334,491
2018_2,서울 광진구 건대입구역_1,1047,511,536,67,220,194,135,168,263,30,92,101,74,83,131,37,128,93,61,85,132
2018_2,건대입구역,544,229,315,21,13,9,24,27,450,12,3,1,9,12,192,9,10,8,15,15,258
2018_2,서울 광진구 구의역,1891,850,1041,112,457,489,279,249,305,53,162,236,144,113,142,59,295,253,135,136,163
2018_2,서울 강동구 천호역,292,141,151,20,43,64,48,40,77,8,19,35,26,16,37,12,24,29,22,24,40
2018_2,당산역_2,696,310,386,17,285,216,71,39,68,12,82,118,40,24,34,5,203,98,31,15,34
2018_2,서울 강동구 천호역_1,384,190,194,27,72,69,63,71,82,9,35,43,33,34,36,18,37,26,30,37,46
2018_2,서울 강동구 길동역,3074,1506,1568,145,837,764,430,461,437,65,298,392,253,259,239,80,539,372,177,202,198
2018_2,용산 전자상가_5,610,351,259,38,93,149,103,71,156,17,56,93,69,42,74,21,37,56,34,29,82
2018_2,용산 전자상가_4,332,177,155,67,25,67,68,41,64,31,14,36,44,25,27,36,11,31,24,16,37
2018_2,당산역_1,1050,472,578,62,298,360,107,105,118,30,111,166,57,52,56,32,187,194,50,53,62
2018_2,서울 광진구 강변역,193,86,107,25,25,31,12,30,70,12,11,9,5,13,36,13,14,22,7,17,34
2018_2,용산 전자상가_3,253,124,129,24,32,64,24,44,65,11,16,35,14,21,27,13,16,29,10,23,38
2018_2,서울 용산구 이태원역,893,494,399,57,170,171,143,146,206,33,101,98,75,82,105,24,69,73,68,64,101
2018_2,한남오거리,166,87,79,10,26,18,24,25,63,6,16,10,12,14,29,4,10,8,12,11,34
2018_2,목동사거리,62,35,27,3,13,17,13,10,6,1,3,7,11,7,6,2,10,10,2,3,0
2018_2,용산 전자상가_2,177,94,83,28,27,30,26,30,36,18,15,12,16,17,16,10,12,18,10,13,20
2018_2,용산구청,113,50,63,13,12,23,23,10,32,5,5,7,16,2,15,8,7,16,7,8,17
2018_2,용산 전자상가_1,1460,680,780,132,278,445,253,208,144,58,112,202,135,96,77,74,166,243,118,112,67
2018_2,국회의사당역_2,696,354,342,23,120,224,129,96,104,12,58,110,64,54,56,11,62,114,65,42,48
2018_2,서울 용산구 신용산역,390,197,193,30,24,51,56,77,152,16,11,34,38,41,57,14,13,17,18,36,95
2018_2,국회의사당역_1,103,56,47,1,35,50,13,3,1,1,20,26,7,2,0,0,15,24,6,1,1
2018_2,압구정 로데오거리_2,1306,624,682,184,162,249,257,160,294,83,70,128,133,81,129,101,92,121,124,79,165
2018_2,서울 강남구 압구정역,1878,853,1025,234,293,378,335,223,415,124,145,144,155,108,177,110,148,234,180,115,238
2018_2,서울 영등포구 영등포구청역,1278,665,613,68,231,246,183,205,345,34,111,126,104,125,165,34,120,120,79,80,180
2018_2,압구정 로데오거리_1,579,271,308,88,64,82,87,70,188,41,33,38,41,30,88,47,31,44,46,40,100
2018_2,서울 강동구 둔촌동역,791,419,372,99,118,106,139,132,197,61,68,55,70,71,94,38,50,51,69,61,103
2018_2,오목교역,871,433,438,214,98,114,193,118,134,114,48,49,100,52,70,100,50,65,93,66,64
2018_2,신사동 가로수길,3844,1780,2064,463,618,777,702,506,778,237,281,334,344,250,334,226,337,443,358,256,444
2018_2,서울 영등포구 여의도역_2,17,14,3,1,2,3,3,6,2,0,2,3,3,4,2,1,0,0,0,2,0
2018_2,청담사거리_3,888,394,494,55,71,104,166,147,345,22,40,44,79,65,144,33,31,60,87,82,201
2018_2,영등포유통상가,503,273,230,28,100,99,71,65,140,13,48,61,45,39,67,15,52,38,26,26,73
2018_2,청담역_2,1050,493,557,166,150,226,197,149,162,88,67,97,95,72,74,78,83,129,102,77,88
2018_2,청담역_1,198,98,100,29,23,35,28,29,54,10,16,15,14,14,29,19,7,20,14,15,25
2018_2,청담사거리_2,357,174,183,47,45,59,57,52,97,20,27,29,27,24,47,27,18,30,30,28,50
2018_2,청담사거리_1,254,114,140,36,36,49,63,32,38,14,13,21,33,16,17,22,23,28,30,16,21
2018_2,서울 영등포구 여의도역_1,1376,662,714,253,152,184,235,217,335,133,67,76,105,117,164,120,85,108,130,100,171
2018_2,서울 양천구 신정네거리역_2,288,147,141,24,51,34,47,48,84,15,28,18,27,24,35,9,23,16,20,24,49
2018_2,학동사거리_2,456,230,226,65,72,68,81,75,95,41,37,37,36,36,43,24,35,31,45,39,52
2018_2,서울 영등포구 영등포시장역,1435,931,504,48,82,139,214,358,594,22,48,95,147,266,353,26,34,44,67,92,241
2018_2,학동사거리_1,428,214,214,37,73,91,78,55,94,22,30,44,43,32,43,15,43,47,35,23,51
2018_2,여의도 시범아파트앞,1412,669,743,206,154,183,209,231,429,106,76,78,104,111,194,100,78,105,105,120,235
2018_2,영등포역_3,486,298,188,11,133,104,66,85,87,7,59,58,47,66,61,4,74,46,19,19,26
2018_2,도산공원사거리_1,272,123,149,20,61,80,37,22,52,11,28,39,16,9,20,9,33,41,21,13,32
2018_2,영등포역_2,751,547,204,17,144,105,133,196,156,9,58,76,120,168,116,8,86,29,13,28,40
2018_2,문래동 주민센터,1493,741,752,225,148,222,234,256,408,116,76,107,121,131,190,109,72,115,113,125,218
2018_2,강남구 신사역_2,1000,439,561,68,188,293,161,105,185,34,71,126,77,49,82,34,117,167,84,56,103
2018_2,영등포역_1,325,178,147,12,130,97,34,33,19,7,54,57,21,23,16,5,76,40,13,10,3
2018_2,서울 강남구 강남구청역_2,742,376,366,32,58,128,180,130,214,17,22,67,92,83,95,15,36,61,88,47,119
2018_2,강남구 신사역_1,779,422,357,45,143,181,141,114,155,26,66,100,84,68,78,19,77,81,57,46,77
2018_2,서울 동작구 노량진1동_1,9,6,3,0,1,2,1,2,3,0,1,2,1,2,0,0,0,0,0,0,3
2018_2,서울 강남구 학동역_3,120,65,55,3,28,32,23,16,18,3,14,15,13,9,11,0,14,17,10,7,7
2018_2,서울 강남구 강남구청역_1,620,313,307,53,123,167,96,95,86,27,63,80,40,57,46,26,60,87,56,38,40
2018_2,잠실역,1765,834,931,242,233,250,220,295,525,122,109,114,87,140,262,120,124,136,133,155,263
2018_2,강남구 논현역_4,1895,947,948,143,332,476,352,273,319,75,153,228,179,151,161,68,179,248,173,122,158
2018_2,학동역,494,209,285,25,81,180,85,61,62,13,35,75,31,28,27,12,46,105,54,33,35
2018_2,방이동 먹자골목,1418,765,653,90,266,353,224,229,256,46,140,187,133,122,137,44,126,166,91,107,119
2018_2,서울 강남구 학동역_2,93,46,47,4,16,39,16,9,9,2,5,20,8,7,4,2,11,19,8,2,5
2018_2,서울 동작구 노량진역,1025,506,519,38,505,196,93,72,121,16,222,123,58,34,53,22,283,73,35,38,68
2018_2,삼성역_3,60,46,14,0,10,14,8,12,16,0,9,9,8,7,13,0,1,5,0,5,3
2018_2,코엑스,24,16,8,5,2,2,5,5,5,4,1,1,2,4,4,1,1,1,3,1,1
2018_2,서울 강남구 학동역_1,894,410,484,75,170,227,159,102,161,34,75,104,73,54,70,41,95,123,86,48,91
2018_2,선정릉역_2,3065,1386,1679,369,468,705,608,387,528,186,210,299,286,188,217,183,258,406,322,199,311
2018_2,강남구 논현역_3,66,24,42,4,10,15,11,12,14,2,3,2,6,5,6,2,7,13,5,7,8
2018_2,포스코사거리_2,686,356,330,62,131,164,110,108,111,33,64,92,49,66,52,29,67,72,61,42,59
2018_2,포스코사거리_1,2033,989,1044,203,339,457,373,290,371,111,160,195,201,149,173,92,179,262,172,141,198
2018_2,신도림역,2775,1345,1430,535,353,623,475,409,380,262,159,315,233,189,187,273,194,308,242,220,193
2018_2,강남구 논현역_2,3907,1856,2051,257,802,1081,634,444,689,136,341,509,329,228,313,121,461,572,305,216,376
2018_2,선정릉역_1,647,289,358,79,134,142,102,95,95,41,58,56,46,40,48,38,76,86,56,55,47
2018_2,신천역,2787,1350,1437,242,464,679,467,391,544,125,211,329,240,189,256,117,253,350,227,202,288
2018_2,강남구 논현역_1,1946,1006,940,94,369,486,336,294,367,46,170,229,204,179,178,48,199,257,132,115,189
2018_2,삼성역_2,9,6,3,0,1,2,1,1,4,0,0,2,1,0,3,0,1,0,0,1,1
2018_2,삼정역_2,616,296,320,38,105,176,105,85,107,23,48,72,57,41,55,15,57,104,48,44,52
2018_2,삼정역_1,90,40,50,6,13,21,12,15,23,3,4,13,3,6,11,3,9,8,9,9,12
2018_2,삼성역_1,1418,700,718,188,273,336,233,194,194,110,107,166,118,102,97,78,166,170,115,92,97
2018_2,서울 강남구 선릉역_2,2154,1052,1102,130,427,643,365,262,327,66,187,317,206,124,152,64,240,326,159,138,175
2018_2,서울 서초구 강남역,3061,1569,1492,156,701,924,440,387,453,79,328,474,247,215,226,77,373,450,193,172,227
2018_2,서울 강남구 선릉역_1,680,336,344,41,89,211,160,88,91,24,43,96,76,53,44,17,46,115,84,35,47
2018_2,서울 송파구 석촌역_2,605,302,303,83,87,159,87,76,113,46,39,78,39,40,60,37,48,81,48,36,53
2018_2,선릉역_2,4200,1900,2300,423,768,1162,864,509,474,204,295,477,414,281,229,219,473,685,450,228,245
2018_2,서울 강남구 역삼역_2,1045,512,533,77,226,278,145,146,173,38,107,132,75,75,85,39,119,146,70,71,88
2018_2,서울 송파구 석촌역_1,192,83,109,21,32,43,43,22,31,12,9,18,21,8,15,9,23,25,22,14,16
2018_2,석촌역,3,2,1,0,0,1,0,1,1,0,0,1,0,1,0,0,0,0,0,0,1
2018_2,서울 강남구 강남역_2,2534,1163,1371,299,406,456,483,373,517,138,152,208,236,193,236,161,254,248,247,180,281
2018_2,선릉역_1,1317,578,739,269,154,270,339,147,138,106,64,107,151,86,64,163,90,163,188,61,74
2018_2,구로역,687,333,354,111,95,180,107,95,99,58,35,87,60,47,46,53,60,93,47,48,53
2018_2,역삼역_2,412,280,132,308,23,42,16,12,11,218,11,25,8,11,7,90,12,17,8,1,4
2018_2,대림역_2,2603,1233,1370,246,672,733,418,298,236,119,233,353,233,183,112,127,439,380,185,115,124
2018_2,서울 강남구 역삼역_1,5477,2804,2673,333,1039,1487,1009,732,877,173,444,777,565,431,414,160,595,710,444,301,463
2018_2,신대방삼거리역,1241,597,644,115,259,286,180,157,244,53,93,136,103,88,124,62,166,150,77,69,120
2018_2,서울 강남구 한티역,2103,1000,1103,383,324,272,429,357,338,197,157,132,183,183,148,186,167,140,246,174,190
2018_2,은마아파트입구사거리_4,389,208,181,98,47,37,96,68,43,71,24,17,38,40,18,27,23,20,58,28,25
2018_2,은마아파트입구사거리_3,309,158,151,52,52,34,58,55,58,27,26,20,22,31,32,25,26,14,36,24,26
2018_2,은마아파트입구사거리_2,18,9,9,0,3,1,2,6,6,0,1,0,2,2,4,0,2,1,0,4,2
2018_2,오류동역,3768,1818,1950,232,893,1141,564,380,558,111,321,591,329,195,271,121,572,550,235,185,287
2018_2,서울 강남구 강남역,2372,1097,1275,160,604,738,348,258,264,81,244,339,180,129,124,79,360,399,168,129,140
2018_2,은마아파트입구사거리_1,142,75,67,25,25,14,27,30,21,16,15,9,14,14,7,9,10,5,13,16,14
2018_2,대림역_1,1769,807,962,71,632,601,231,123,111,36,201,307,129,80,54,35,431,294,102,43,57
2018_2,교대역_4,444,222,222,60,77,71,81,58,97,31,36,38,37,35,45,29,41,33,44,23,52
2018_2,서울 강남구 강남역_1,2684,1278,1406,463,357,561,495,367,441,210,183,253,249,174,209,253,174,308,246,193,232
2018_2,방배동카페골목,2564,1228,1336,604,272,368,539,351,430,296,131,162,260,186,193,308,141,206,279,165,237
2018_2,교대역_3,19,8,11,3,0,5,1,5,5,0,0,2,0,3,3,3,0,3,1,2,2
2018_2,역삼역_1,2822,1364,1458,289,539,806,454,333,401,134,265,400,228,149,188,155,274,406,226,184,213
2018_2,교대역_2,1640,773,867,171,284,378,283,239,285,84,137,171,143,110,128,87,147,207,140,129,157
2018_2,서울 송파구 가락시장역,543,290,253,34,75,129,85,106,114,16,26,58,50,75,65,18,49,71,35,31,49
2018_2,서울 서초구 서초역,55,31,24,6,11,7,3,14,14,4,9,3,1,6,8,2,2,4,2,8,6
2018_2,서울 강남구 대치역_2,614,285,329,192,70,59,137,92,64,90,34,22,58,51,30,102,36,37,79,41,34
2018_2,서울 강남구 대치역_1,509,254,255,157,54,34,140,67,57,81,28,14,65,40,26,76,26,20,75,27,31
2018_2,뱅뱅사거리_2,2078,921,1157,126,503,685,328,213,223,68,192,318,145,101,97,58,311,367,183,112,126
2018_2,보라매공원,5111,2424,2687,897,599,833,846,591,1345,441,289,382,409,282,621,456,310,451,437,309,724
2018_2,교대역_1,2575,1287,1288,248,501,530,356,434,506,127,250,250,190,216,254,121,251,280,166,218,252
2018_2,개봉동 현대아파트 인근,2664,1337,1327,294,346,364,381,514,765,155,188,198,196,253,347,139,158,166,185,261,418
2018_2,뱅뱅사거리,1679,716,963,91,477,627,254,123,107,45,159,290,114,53,55,46,318,337,140,70,52
2018_2,뱅뱅사거리_1,1092,559,533,117,220,329,163,123,140,58,101,175,90,66,69,59,119,154,73,57,71
2018_2,서울 관악구 신림역_4,3040,1532,1508,109,1155,943,359,214,260,62,497,520,216,108,129,47,658,423,143,106,131
2018_2,동작구 총신대입구역_1,1159,540,619,84,240,214,156,170,295,42,102,104,82,81,129,42,138,110,74,89,166
2018_2,양재역_3,1857,870,987,210,288,472,302,243,342,97,134,221,139,120,159,113,154,251,163,123,183
2018_2,동작구 총신대입구역_2,1783,762,1021,335,259,325,403,250,211,142,87,137,174,132,90,193,172,188,229,118,121
2018_2,서울 서초구 남부터미널역_3,465,218,247,43,94,124,73,40,91,24,36,53,42,20,43,19,58,71,31,20,48
2018_2,서울 강남구 수서역,1554,723,831,121,140,249,233,229,582,55,59,113,134,132,230,66,81,136,99,97,352
2018_2,서울 관악구 신림역_3,1024,549,475,20,430,296,102,77,99,10,189,174,71,51,54,10,241,122,31,26,45
2018_2,서울 서초구 남부터미널역_2,1694,831,863,93,340,498,330,253,180,50,110,233,174,161,103,43,230,265,156,92,77
2018_2,구로디지탈1단지,133,74,59,12,8,23,19,28,43,5,6,11,14,17,21,7,2,12,5,11,22
2018_2,양재역,1684,754,930,237,333,330,307,233,244,105,142,142,149,109,107,132,191,188,158,124,137
2018_2,문정역,374,203,171,48,60,79,70,52,65,30,35,44,38,26,30,18,25,35,32,26,35
2018_2,매봉역,578,296,282,74,118,99,86,96,105,45,54,52,45,47,53,29,64,47,41,49,52
2018_2,서울 서초구 방배역,1224,590,634,156,175,261,232,167,233,83,75,125,121,82,104,73,100,136,111,85,129
2018_2,서울 서초구 남부터미널역_1,1234,593,641,191,187,206,187,220,243,104,94,90,86,99,120,87,93,116,101,121,123
2018_2,서울 관악구 신림역_2,1667,891,776,82,598,393,169,164,261,50,319,232,94,65,131,32,279,161,75,99,130
2018_2,서울 관악구 신림역_1,687,289,398,17,304,200,68,49,49,8,98,96,37,25,25,9,206,104,31,24,24
2018_2,양재역_2,895,421,474,100,163,203,139,129,161,51,66,97,70,64,73,49,97,106,69,65,88
2018_2,양재역_1,10,7,3,0,2,0,2,5,1,0,2,0,2,3,0,0,0,0,0,2,1
2018_2,서울 관악구 서울대입구역_2,521,270,251,18,188,143,58,48,66,12,84,75,41,26,32,6,104,68,17,22,34
2018_2,가산디지털단지역_3,1570,889,681,26,412,375,251,273,233,12,137,211,176,210,143,14,275,164,75,63,90
2018_2,구로디지털단지역,369,212,157,19,52,31,53,98,116,15,27,21,29,66,54,4,25,10,24,32,62
2018_2,서울 관악구 서울대입구역_1,6550,3021,3529,232,2954,1643,585,513,623,106,1167,828,309,283,328,126,1787,815,276,230,295
2018_2,관악구 사당역_1,937,442,495,152,158,145,167,150,165,71,69,69,77,69,87,81,89,76,90,81,78
2018_2,가산디지털단지역_2,606,328,278,49,132,134,87,72,132,25,66,78,55,44,60,24,66,56,32,28,72
2018_2,관악구 사당역_2,944,448,496,39,250,220,105,122,208,22,96,112,49,66,103,17,154,108,56,56,105
2018_2,가산디지털단지역_1,24,15,9,0,4,6,3,5,6,0,0,2,3,5,5,0,4,4,0,0,1
2018_2,포이사거리_1,92,51,41,8,16,32,17,11,8,3,10,16,12,6,4,5,6,16,5,5,4
2018_2,포이사거리_2,1838,1000,838,169,294,453,336,291,295,87,137,253,202,160,161,82,157,200,134,131,134
2018_2,관악구 사당역_3,292,139,153,10,75,96,36,26,49,4,23,55,19,11,27,6,52,41,17,15,22
2018_2,서울 관악구 대학동_1,1645,1006,639,95,694,344,189,125,198,54,430,238,125,70,89,41,264,106,64,55,109
2018_2,서울 금천구 독산1동_1,1220,672,548,58,227,335,203,195,202,29,113,203,117,119,91,29,114,132,86,76,111
2018_2,양재 화물트럭터미널앞_2,1694,823,871,470,166,250,341,203,264,255,80,111,175,92,110,215,86,139,166,111,154
2018_2,양재 화물트럭터미널앞_1,3,3,0,0,0,0,0,2,1,0,0,0,0,2,1,0,0,0,0,0,0
2018_2,서울 금천구 시흥1동_4,1570,823,747,110,171,217,244,308,520,61,82,115,146,181,238,49,89,102,98,127,282
2018_2,풍성로37가길,3137,1574,1563,334,416,532,509,595,751,173,208,290,264,291,348,161,208,242,245,304,403
2018_2,천호옛길,4084,2059,2025,426,595,724,612,709,1018,219,281,398,333,361,467,207,314,326,279,348,551
2018_2,천호옛14길,2271,1106,1165,185,423,473,311,349,530,92,182,268,161,160,243,93,241,205,150,189,287
2018_2,천호대로219길,2285,1148,1137,318,310,289,343,440,585,164,160,148,183,224,269,154,150,141,160,216,316
2018_2,천호대로197길,4809,2382,2427,763,696,750,722,868,1010,391,360,385,360,405,481,372,336,365,362,463,529
2018_2,천호대로187길,2800,1381,1419,366,365,522,405,463,679,185,187,280,195,217,317,181,178,242,210,246,362
2018_2,천호대로170길,4193,2136,2057,510,632,878,631,685,857,270,322,477,337,317,413,240,310,401,294,368,444
2018_2,천호대로162길,2667,1335,1332,355,390,458,388,463,613,183,199,224,213,220,296,172,191,234,175,243,317
2018_2,천중로51길,4526,2183,2343,647,658,713,672,758,1078,344,317,362,332,354,474,303,341,351,340,404,604
2018_2,천중로39길,6577,3215,3362,931,967,1116,1001,1090,1472,473,478,596,502,473,693,458,489,520,499,617,779
2018_2,진황도로47길,1808,878,930,179,279,374,258,310,408,99,127,189,142,131,190,80,152,185,116,179,218
2018_2,진황도로27길,7597,3829,3768,808,1057,1546,1057,1229,1900,408,505,818,582,605,911,400,552,728,475,624,989
2018_2,올림픽로98길,3223,1584,1639,338,420,596,487,591,791,170,205,316,251,297,345,168,215,280,236,294,446
2018_2,올림픽로80길,2045,1050,995,206,251,267,316,403,602,111,128,146,172,216,277,95,123,121,144,187,325
2018_2,올림픽로78길,1822,957,865,122,184,212,285,424,595,59,93,124,156,245,280,63,91,88,129,179,315
2018_2,올림픽로77길,2628,1332,1296,276,372,508,382,456,634,138,171,283,208,226,306,138,201,225,174,230,328
2018_2,올림픽로71길,2539,1295,1244,209,347,418,341,489,735,110,180,234,183,247,341,99,167,184,158,242,394
2018_2,올림픽로48길,1581,759,822,258,196,312,265,208,342,134,95,142,132,106,150,124,101,170,133,102,192
2018_2,양재대로96길,3604,1806,1798,724,424,590,625,492,749,385,213,309,305,244,350,339,211,281,320,248,399
2018_2,양재대로95길,3605,1774,1831,489,550,627,548,641,750,277,287,328,268,293,321,212,263,299,280,348,429
2018_2,양재대로91길,4078,2002,2076,636,614,595,645,724,864,356,323,306,313,346,358,280,291,289,332,378,506
2018_2,양재대로133길,5020,2474,2546,683,747,782,699,903,1206,343,382,419,357,416,557,340,365,363,342,487,649
2018_2,양재대로124길,4440,2233,2207,566,663,702,698,800,1011,300,355,383,342,379,474,266,308,319,356,421,537
2018_2,양재대로116길,1515,738,777,197,245,262,217,252,342,104,109,140,116,117,152,93,136,122,101,135,190
2018_2,양재대로101길,4784,2303,2481,530,784,1085,674,751,960,266,388,545,341,314,449,264,396,540,333,437,511
2018_2,암사길,7147,3602,3545,1004,1001,1198,1110,1226,1608,522,534,628,572,611,735,482,467,570,538,615,873
2018_2,성안로3길,4743,2346,2397,807,665,782,829,744,916,453,331,391,394,351,426,354,334,391,435,393,490
2018_2,성내로5길,3384,1645,1739,605,458,537,551,521,712,298,234,250,291,239,333,307,224,287,260,282,379
2018_2,상일로5길,1307,661,646,196,221,177,177,274,262,102,127,82,89,134,127,94,94,95,88,140,135
2018_2,상암로5길,1938,962,976,248,261,368,315,270,476,131,131,197,156,132,215,117,130,171,159,138,261
2018_2,상암로51길,3028,1458,1570,463,437,439,474,521,694,232,226,225,230,230,315,231,211,214,244,291,379
2018_2,상암로4길,3262,1638,1624,423,467,686,500,555,631,210,219,347,271,284,307,213,248,339,229,271,324
2018_2,상암로14길,3734,1826,1908,515,520,727,548,633,791,264,264,357,264,306,371,251,256,370,284,327,420
2018_2,명일로13길,2750,1389,1361,400,433,403,415,481,618,225,220,214,213,249,268,175,213,189,202,232,350
2018_2,동남로85길,2931,1497,1434,400,422,346,437,588,738,211,225,196,223,297,345,189,197,150,214,291,393
2018_2,동남로82길,1746,943,803,198,238,204,242,397,467,111,138,122,128,218,226,87,100,82,114,179,241
2018_2,동남로65길,2573,1258,1315,528,335,281,459,458,512,283,179,147,210,227,212,245,156,134,249,231,300
2018_2,구천면로42길,4377,2223,2154,513,595,667,685,856,1061,265,311,353,374,424,496,248,284,314,311,432,565
2018_2,구천면로41길,5413,2707,2706,699,729,893,817,990,1285,364,376,484,428,460,595,335,353,409,389,530,690
2018_2,구천면로36길,2633,1363,1270,323,387,357,391,526,649,177,188,201,210,278,309,146,199,156,181,248,340
2018_2,고덕로61길,1617,825,792,314,203,255,278,254,313,163,113,125,149,133,142,151,90,130,129,121,171
2018_2,고덕로25길,1544,765,779,315,179,273,214,242,321,153,105,134,114,113,146,162,74,139,100,129,175
2018_2,고덕로10길,2085,1042,1043,304,299,372,350,345,415,165,147,197,182,155,196,139,152,175,168,190,219
2018_2,강동대로53길,4254,2165,2089,787,594,583,729,735,826,482,317,303,348,340,375,305,277,280,381,395,451
2018_2,풍성로25길,1958,960,998,214,228,301,267,347,601,118,117,164,146,147,268,96,111,137,121,200,333
2018_2,오금로46길,2596,1314,1282,515,377,366,443,428,467,269,198,199,217,203,228,246,179,167,226,225,239
2018_2,오금로36길,2928,1443,1485,385,527,600,439,452,525,201,254,328,205,206,249,184,273,272,234,246,276
2018_2,오금로11길,4804,2306,2498,493,764,1169,701,713,964,251,373,604,356,293,429,242,391,565,345,420,535
2018_2,양재대로72길,2686,1303,1383,424,430,328,422,524,558,213,226,153,192,255,264,211,204,175,230,269,294
2018_2,양재대로71길,1542,730,812,255,232,254,235,265,301,130,105,123,111,120,141,125,127,131,124,145,160
2018_2,양재대로64길,2653,1360,1293,372,409,503,406,456,507,190,214,251,211,240,254,182,195,252,195,216,253
2018_2,양재대로62길,1567,813,754,224,207,342,265,236,293,128,104,179,136,127,139,96,103,163,129,109,154
2018_2,송파대로30길,2186,1171,1015,223,349,350,369,459,436,123,185,187,202,243,231,100,164,163,167,216,205
2018_2,송이로36길,3323,1678,1645,481,520,725,498,516,583,267,272,377,255,235,272,214,248,348,243,281,311
2018_2,송이로32길,5258,2611,2647,771,868,1063,816,892,848,389,443,564,402,419,394,382,425,499,414,473,454
2018_2,송이로23길,4387,2158,2229,577,734,937,672,640,827,309,367,462,332,297,391,268,367,475,340,343,436
2018_2,삼전로13길,6532,3085,3447,750,1185,1573,1034,916,1074,412,513,749,504,416,491,338,672,824,530,500,583
2018_2,백제고분로50길,8413,4113,4300,1239,1277,1579,1277,1360,1681,682,631,792,618,608,782,557,646,787,659,752,899
2018_2,백제고분로46길,3247,1550,1697,436,544,731,477,498,561,219,270,357,225,224,255,217,274,374,252,274,306
2018_2,백제고분로45길,4683,2245,2438,596,763,1156,678,680,810,291,358,553,348,307,388,305,405,603,330,373,422
2018_2,백제고분로42길,4198,1994,2204,464,759,1087,583,627,678,254,336,519,272,299,314,210,423,568,311,328,364
2018_2,백제고분로39길,3359,1551,1808,363,627,844,491,460,574,202,248,403,243,193,262,161,379,441,248,267,312
2018_2,백제고분로34길,7769,3800,3969,1063,1144,1762,1260,1117,1423,575,549,904,613,534,625,488,595,858,647,583,798
2018_2,백제고분로33길,6224,2957,3267,670,1123,1615,984,822,1010,344,500,779,501,375,458,326,623,836,483,447,552
2018_2,백제고분로32길,6452,3081,3371,975,945,1431,1097,909,1095,509,453,696,532,399,492,466,492,735,565,510,603
2018_2,백제고분로31길,6308,2906,3402,854,986,1451,1048,885,1084,411,438,686,504,390,477,443,548,765,544,495,607
2018_2,백제고분로22길,6845,3282,3563,915,1058,1602,1164,1016,1090,460,515,774,587,451,495,455,543,828,577,565,595
2018_2,백제고분로21길,2515,1252,1263,244,426,650,424,379,392,133,201,314,224,205,175,111,225,336,200,174,217
2018_2,마천로51길,4081,2104,1977,552,458,519,646,775,1131,285,249,280,348,421,521,267,209,239,298,354,610
2018_2,동남로20길,3563,1698,1865,638,532,573,610,573,637,316,249,289,281,276,287,322,283,284,329,297,350
2018_2,거마로20길,3298,1667,1631,428,350,396,528,641,955,213,202,215,288,333,416,215,148,181,240,308,539
2018_2,학동로77길,2544,1202,1342,557,321,464,530,327,345,319,137,180,247,155,164,238,184,284,283,172,181
2018_2,학동로6길,1579,715,864,130,318,427,279,157,268,70,137,190,133,72,113,60,181,237,146,85,155
2018_2,학동로56길,1021,475,546,169,149,192,185,136,190,70,83,87,80,64,91,99,66,105,105,72,99
2018_2,학동로38길,1529,712,817,165,284,412,264,165,239,76,129,197,138,73,99,89,155,215,126,92,140
2018_2,테헤란로81길,442,215,227,39,71,103,62,52,115,27,40,48,30,23,47,12,31,55,32,29,68
2018_2,일원로9길,3430,1662,1768,539,648,547,518,537,641,289,333,256,247,240,297,250,315,291,271,297,344
2018_2,일원로3길,2351,1163,1188,433,367,358,395,361,437,235,194,181,183,170,200,198,173,177,212,191,237
2018_2,영동대로65길,2320,1165,1155,314,348,285,396,400,577,186,210,141,181,193,254,128,138,144,215,207,323
2018_2,영동대로112길,2643,1310,1333,448,373,471,478,392,481,267,204,227,210,182,220,181,169,244,268,210,261
2018_2,언주로81길,3503,1737,1766,365,622,928,630,484,474,178,283,463,335,261,217,187,339,465,295,223,257
2018_2,압구정로2길,1028,476,552,156,161,231,193,124,163,82,73,94,96,60,71,74,88,137,97,64,92
2018_2,선릉로18길,1690,849,841,263,224,218,280,300,405,141,126,120,128,155,179,122,98,98,152,145,226
2018_2,선릉로146길,1980,866,1114,222,360,446,342,268,342,111,130,187,172,122,144,111,230,259,170,146,198
2018_2,선릉로133길,1559,675,884,193,278,352,264,188,284,102,97,149,125,88,114,91,181,203,139,100,170
2018_2,선릉로132길,2081,952,1129,399,307,373,391,277,334,212,121,147,179,145,148,187,186,226,212,132,186
2018_2,선릉로121길,859,403,456,80,134,227,162,112,144,43,72,99,80,49,60,37,62,128,82,63,84
2018_2,삼성로75길,2488,1214,1274,410,417,438,514,362,347,234,203,213,214,190,160,176,214,225,300,172,187
2018_2,삼성로69길,3430,1676,1754,632,600,525,718,502,453,375,295,257,313,241,195,257,305,268,405,261,258
2018_2,삼성로64길,3107,1649,1458,825,402,188,807,560,325,542,226,90,342,303,146,283,176,98,465,257,179
2018_2,삼성로63길,4313,2044,2269,725,755,646,864,772,551,407,348,308,368,371,242,318,407,338,496,401,309
2018_2,삼성로57길,1688,872,816,489,215,92,437,308,147,303,105,41,179,177,67,186,110,51,258,131,80
2018_2,삼성로147길,1257,554,703,170,241,277,196,166,207,82,108,106,96,79,83,88,133,171,100,87,124
2018_2,삼성로115길,2812,1294,1518,528,385,576,548,342,433,296,190,225,243,160,180,232,195,351,305,182,253
2018_2,봉은사로68길,1486,674,812,150,245,423,283,152,233,79,106,172,143,78,96,71,139,251,140,74,137
2018_2,봉은사로57길,1553,691,862,218,280,355,286,179,235,123,113,151,118,93,93,95,167,204,168,86,142
2018_2,봉은사로43길,3313,1562,1751,513,481,712,606,418,583,271,229,322,280,197,263,242,252,390,326,221,320
2018_2,봉은사로29길,1236,575,661,105,227,371,214,139,180,51,106,160,109,65,84,54,121,211,105,74,96
2018_2,봉은사로109길,2209,1055,1154,413,308,358,369,336,425,208,163,159,172,158,195,205,145,199,197,178,230
2018_2,도산대로89길,1920,892,1028,267,313,343,339,304,354,153,135,167,147,134,156,114,178,176,192,170,198
2018_2,도산대로81길,929,416,513,157,141,124,152,134,221,73,62,53,66,59,103,84,79,71,86,75,118
2018_2,도산대로50길,2236,1029,1207,308,301,483,345,294,505,164,139,200,173,132,221,144,162,283,172,162,284
2018_2,도산대로38길,1029,474,555,90,181,315,169,109,165,50,79,148,88,43,66,40,102,167,81,66,99
2018_2,도산대로30길,908,422,486,68,167,221,170,94,188,31,69,106,82,42,92,37,98,115,88,52,96
2018_2,도산대로23길,1529,665,864,180,286,347,266,190,260,86,121,152,122,72,112,94,165,195,144,118,148
2018_2,도산대로15길,692,307,385,85,128,160,119,74,126,37,47,74,53,36,60,48,81,86,66,38,66
2018_2,도곡로37길,5992,2768,3224,726,1014,1395,1032,780,1045,366,454,625,488,370,465,360,560,770,544,410,580
2018_2,논현로8길,3621,1793,1828,570,551,652,630,592,626,304,289,341,299,291,269,266,262,311,331,301,357
2018_2,논현로63길,2557,1235,1322,320,408,607,427,348,447,166,189,281,221,170,208,154,219,326,206,178,239
2018_2,논현로28길,78,44,34,10,8,14,8,13,25,6,5,8,5,5,15,4,3,6,3,8,10
2018_2,논현로26길,1242,570,672,124,213,196,200,213,296,62,103,79,100,91,135,62,110,117,100,122,161
2018_2,논현로159길,428,190,238,52,65,107,63,57,84,27,27,45,28,25,38,25,38,62,35,32,46
2018_2,논현로139길,1328,630,698,142,194,316,215,174,287,71,83,149,109,84,134,71,111,167,106,90,153
2018_2,논현로123길,2087,986,1101,123,372,539,449,274,330,65,175,244,218,146,138,58,197,295,231,128,192
2018_2,논현로115길,3211,1527,1684,243,676,906,487,392,507,107,306,426,267,191,230,136,370,480,220,201,277
2018_2,논현로10길,1578,791,787,270,212,268,303,267,258,147,114,134,138,138,120,123,98,134,165,129,138
2018_2,논현로106길,2106,923,1183,144,399,728,338,212,285,63,162,307,163,97,131,81,237,421,175,115,154
2018_2,남부순환로365길,3548,1700,1848,723,467,566,658,571,563,342,232,274,314,279,259,381,235,292,344,292,304
2018_2,개포로82길,31,23,8,0,3,6,5,7,10,0,2,6,5,5,5,0,1,0,0,2,5
2018_2,개포로28길,2065,997,1068,365,323,318,400,355,304,183,163,161,181,176,133,182,160,157,219,179,171
2018_2,개포로20길,2369,1154,1215,326,392,443,389,410,409,158,191,234,208,173,190,168,201,209,181,237,219
2018_2,개포로17길,3656,1778,1878,590,526,609,646,614,671,306,258,302,308,302,302,284,268,307,338,312,369
2018_2,강남대로140길,1873,867,1006,184,305,459,277,293,355,101,133,214,133,131,155,83,172,245,144,162,200
2018_2,강남대로136길,1237,558,679,139,172,248,219,176,283,65,75,99,99,78,142,74,97,149,120,98,141
2018_2,강남대로118길,1495,640,855,115,323,436,242,152,227,62,128,175,122,58,95,53,195,261,120,94,132
2018_2,서초중앙로8길,2615,1286,1329,450,349,481,479,339,517,230,176,231,244,158,247,220,173,250,235,181,270
2018_2,방배중앙로21길,2688,1235,1453,537,379,370,494,451,457,235,175,162,217,230,216,302,204,208,277,221,241
2018_2,효령로72길,2076,1010,1066,394,241,422,397,284,338,211,112,179,209,140,159,183,129,243,188,144,179
2018_2,효령로34길,1580,766,814,267,198,300,262,241,312,146,95,147,126,115,137,121,103,153,136,126,175
2018_2,효령로31길,1784,827,957,219,251,362,307,256,389,110,119,174,139,117,168,109,132,188,168,139,221
2018_2,효령로23길,4565,2109,2456,685,772,885,752,643,828,359,364,393,339,284,370,326,408,492,413,359,458
2018_2,청두곶길,3966,1863,2103,585,600,704,633,564,880,307,268,332,304,255,397,278,332,372,329,309,483
2018_2,주흥길,3998,1941,2057,211,899,1181,639,467,601,108,402,572,352,243,264,103,497,609,287,224,337
2018_2,주흥15길,2622,1220,1402,186,479,742,468,276,471,98,203,339,251,141,188,88,276,403,217,135,283
2018_2,언남길,2078,1049,1029,284,321,449,367,314,343,143,171,222,189,161,163,141,150,227,178,153,180
2018_2,신반포로45길,2620,1261,1359,309,445,582,428,339,517,158,208,290,207,164,234,151,237,292,221,175,283
2018_2,서초대로8길,3259,1580,1679,376,462,497,451,550,923,199,223,253,233,244,428,177,239,244,218,306,495
2018_2,서초대로64길,1735,841,894,378,217,272,358,257,253,201,107,113,174,129,117,177,110,159,184,128,136
2018_2,서초대로4길,3437,1581,1856,523,510,613,537,515,739,250,241,287,241,233,329,273,269,326,296,282,410
2018_2,서초대로25길,1267,593,674,189,196,253,187,198,244,96,90,120,89,83,115,93,106,133,98,115,129
2018_2,서초대로23길,2659,1252,1407,385,346,475,472,405,576,197,168,218,231,196,242,188,178,257,241,209,334
2018_2,서초대로15길,3302,1509,1793,493,517,669,550,449,624,233,246,292,257,216,265,260,271,377,293,233,359
2018_2,사평대로57길,1264,555,709,55,291,348,196,143,231,27,117,149,99,63,100,28,174,199,97,80,131
2018_2,사평대로26길,133,50,83,17,28,16,20,18,34,6,13,6,6,6,13,11,15,10,14,12,21
2018_2,사평대로22길,1519,698,821,299,191,232,300,224,273,162,87,97,129,102,121,137,104,135,171,122,152
2018_2,사임당로17길,1067,524,543,149,180,227,163,151,197,76,94,114,86,69,85,73,86,113,77,82,112
2018_2,방배로42길,1013,470,543,237,122,140,204,141,169,113,64,60,98,66,69,124,58,80,106,75,100
2018_2,방배로35길,1755,818,937,341,239,224,343,279,329,163,113,96,155,141,150,178,126,128,188,138,179
2018_2,방배로18길,1624,742,882,200,268,407,252,191,306,113,103,186,116,84,140,87,165,221,136,107,166
2018_2,반포대로9길,1649,798,851,267,259,240,267,282,334,143,138,125,118,134,140,124,121,115,149,148,194
2018_2,바우뫼로39길,2775,1336,1439,335,438,586,395,418,603,172,213,304,183,189,275,163,225,282,212,229,328
2018_2,마방로2길,1494,748,746,210,213,326,266,199,280,105,113,177,141,90,122,105,100,149,125,109,158
2018_2,방배천로4안길,1197,537,660,165,211,240,183,170,228,85,78,101,100,65,108,80,133,139,83,105,120
2018_2,동산로19길,2065,1042,1023,303,281,494,389,267,331,148,150,258,202,129,155,155,131,236,187,138,176
2018_2,동산로10길,3496,1728,1768,534,517,731,555,530,629,301,257,368,275,248,279,233,260,363,280,282,350
2018_2,동광로39길,1640,746,894,289,195,271,311,238,336,147,87,120,134,119,139,142,108,151,177,119,197
2018_2,동광로1길,3335,1540,1795,582,500,562,632,524,535,284,237,271,277,242,229,298,263,291,355,282,306
2018_2,동광로12길,1330,597,733,247,186,186,257,182,272,98,81,88,121,88,121,149,105,98,136,94,151
2018_2,논현로27길,1855,902,953,172,282,397,350,265,389,88,149,194,169,129,173,84,133,203,181,136,216
2018_2,논현로1길,3181,1530,1651,524,443,658,601,495,460,254,224,333,284,246,189,270,219,325,317,249,271
2018_2,남부순환로339길,1580,772,808,276,209,356,284,199,256,135,100,180,141,101,115,141,109,176,143,98,141
2018_2,남부순환로325길,2492,1227,1265,336,374,360,394,449,579,180,189,176,191,225,266,156,185,184,203,224,313
2018_2,남부순환로317길,1704,828,876,330,266,270,307,261,270,183,132,123,144,117,129,147,134,147,163,144,141
2018_2,고무래로8길,1998,955,1043,423,221,303,365,277,409,219,109,137,171,138,181,204,112,166,194,139,228
2018_2,강남대로8길,3675,1820,1855,465,589,890,546,523,662,235,291,454,289,240,311,230,298,436,257,283,351
2018_2,강남대로34길,2632,1248,1384,263,432,707,352,362,516,137,199,370,163,164,215,126,233,337,189,198,301
2018_2,강남대로23길,1073,527,546,119,165,259,151,149,230,67,76,128,82,62,112,52,89,131,69,87,118
2018_2,소담길,709,388,321,36,54,81,144,143,251,26,22,41,87,93,119,10,32,40,57,50,132
2018_2,원신길,1378,700,678,156,158,197,190,258,419,80,75,117,112,130,186,76,83,80,78,128,233
2018_2,양지길,1830,912,918,193,205,204,274,336,618,90,113,123,148,178,260,103,92,81,126,158,358
2018_2,양산길,1607,814,793,124,271,307,260,248,397,65,141,181,150,108,169,59,130,126,110,140,228
2018_2,호암로24길,2619,1628,991,65,846,681,409,263,355,31,481,473,300,182,161,34,365,208,109,81,194
2018_2,호암로20길,3090,1982,1108,136,955,742,492,342,423,78,574,528,384,210,208,58,381,214,108,132,215
2018_2,행운길,4851,2393,2458,319,1496,1293,563,453,727,163,671,709,309,212,329,156,825,584,254,241,398
2018_2,행운1길,3330,1687,1643,270,724,647,399,461,829,145,340,351,216,244,391,125,384,296,183,217,438
2018_2,청림3길,4207,2066,2141,506,532,576,620,704,1269,258,300,310,333,344,521,248,232,266,287,360,748
2018_2,청룡길,3440,1627,1813,200,1189,777,354,355,565,100,491,418,185,156,277,100,698,359,169,199,288
2018_2,청룡8길,1867,902,965,200,512,367,235,199,354,99,222,203,121,94,163,101,290,164,114,105,191
2018_2,중앙길,3178,1554,1624,298,697,606,441,398,738,156,319,316,247,203,313,142,378,290,194,195,425
2018_2,조원중앙로2길,4397,2220,2177,493,736,773,640,756,999,260,335,431,336,395,463,233,401,342,304,361,536
2018_2,조원로18길,1778,872,906,138,479,413,236,187,325,68,199,230,138,90,147,70,280,183,98,97,178
2018_2,조원로10길,1761,907,854,150,284,344,255,298,430,82,125,189,142,164,205,68,159,155,113,134,225
2018_2,장군봉2길,1755,870,885,143,412,404,217,189,390,72,192,223,125,88,170,71,220,181,92,101,220
2018_2,장군봉1길,877,413,464,87,129,142,100,128,291,51,55,67,56,66,118,36,74,75,44,62,173
2018_2,인헌길,3077,1477,1600,357,489,604,483,447,697,175,246,297,237,214,308,182,243,307,246,233,389
2018_2,은천로25길,1515,744,771,284,168,266,263,209,325,140,92,135,139,106,132,144,76,131,124,103,193
2018_2,양녕로6길,4542,2197,2345,355,1110,916,527,615,1019,192,472,480,283,303,467,163,638,436,244,312,552
2018_2,신원로3길,2808,1384,1424,198,606,541,344,398,721,96,275,318,203,180,312,102,331,223,141,218,409
2018_2,신사로20길,1821,906,915,128,460,414,250,200,369,76,197,223,130,105,175,52,263,191,120,95,194
2018_2,신림로65길,1919,926,993,56,821,522,182,143,195,31,353,288,94,74,86,25,468,234,88,69,109
2018_2,신림로64길,1642,883,759,45,608,481,190,151,167,28,277,270,123,100,85,17,331,211,67,51,82
2018_2,신림로48길,2582,1355,1227,200,634,539,339,389,481,106,326,334,186,182,221,94,308,205,153,207,260
2018_2,신림로38길,1961,1033,928,180,424,389,283,266,419,102,226,226,167,128,184,78,198,163,116,138,235
2018_2,신림로28길,2999,1768,1231,231,823,688,432,357,468,128,459,460,278,215,228,103,364,228,154,142,240
2018_2,신림로11길,4689,2787,1902,330,1312,1032,641,607,767,177,765,698,426,361,360,153,547,334,215,246,407
2018_2,신림동길,4077,2084,1993,122,1498,1224,486,297,450,60,689,685,292,162,196,62,809,539,194,135,254
2018_2,승방길,3137,1480,1657,217,816,896,314,394,500,101,335,474,163,159,248,116,481,422,151,235,252
2018_2,서림7길,4120,2721,1399,215,1448,1077,546,332,502,124,959,772,412,215,239,91,489,305,134,117,263
2018_2,봉천로33길,4001,1971,2030,419,719,744,566,559,994,218,344,391,313,265,440,201,375,353,253,294,554
2018_2,봉천로13길,3831,1920,1911,517,687,643,541,537,906,291,357,348,279,252,393,226,330,295,262,285,513
2018_2,복은길,4146,2256,1890,390,971,849,574,565,797,199,536,526,336,296,363,191,435,323,238,269,434
2018_2,법원단지길,1339,649,690,202,191,174,204,237,331,99,93,102,99,111,145,103,98,72,105,126,186
2018_2,법원단지9길,5261,2645,2616,765,829,689,845,953,1180,420,443,361,427,449,545,345,386,328,418,504,635
2018_2,미성5길,4106,2019,2087,602,610,633,641,696,924,298,304,336,320,332,429,304,306,297,321,364,495
2018_2,대학길,1770,1112,658,102,574,367,262,187,278,50,366,256,191,123,126,52,208,111,71,64,152
2018_2,대학14길,2968,2069,899,160,842,613,529,406,418,82,579,454,411,314,229,78,263,159,118,92,189
2018_2,당곡길,1805,893,912,187,323,306,286,277,426,92,159,166,136,136,204,95,164,140,150,141,222
2018_2,남현길,1961,922,1039,241,370,404,268,258,420,110,165,208,129,116,194,131,205,196,139,142,226
2018_2,남현3길,1600,743,857,108,361,425,200,193,313,50,149,209,102,91,142,58,212,216,98,102,171
2018_2,남현2길,2822,1342,1480,248,572,675,365,380,582,130,230,367,193,165,257,118,342,308,172,215,325
2018_2,남부순환로248길,1689,781,908,168,383,310,239,224,365,83,173,145,120,107,153,85,210,165,119,117,212
2018_2,남부순환로234길,1926,989,937,175,479,420,260,197,395,92,251,233,134,97,182,83,228,187,126,100,213
2018_2,남부순환로172길,2629,1297,1332,275,596,459,378,407,514,141,284,251,183,196,242,134,312,208,195,211,272
2018_2,남부순환로161길,3934,1978,1956,437,806,687,599,659,746,229,392,389,292,334,342,208,414,298,307,325,404
2018_2,남부순환로151길,3364,1668,1696,342,767,654,503,479,619,177,360,359,259,222,291,165,407,295,244,257,328
2018_2,남부순환로142길,3516,1731,1785,398,680,727,499,517,695,188,315,397,268,257,306,210,365,330,231,260,389
2018_2,난향길,2591,1334,1257,301,301,267,443,429,850,154,166,152,236,226,400,147,135,115,207,203,450
2018_2,난우길,2396,1189,1207,390,320,322,388,402,574,189,162,172,192,203,271,201,158,150,196,199,303
2018_2,난곡로74길,1829,857,972,142,460,400,230,215,382,76,191,205,118,99,168,66,269,195,112,116,214
2018_2,난곡로34길,2583,1315,1268,336,378,395,394,493,587,188,191,209,209,241,277,148,187,186,185,252,310
2018_2,난곡로26길,3319,1680,1639,371,507,414,504,646,877,187,249,253,280,323,388,184,258,161,224,323,489
2018_2,난곡로24길,2516,1327,1189,306,288,336,391,437,758,167,173,185,222,230,350,139,115,151,169,207,408
2018_2,낙성대역길,5272,2609,2663,523,1501,1271,679,498,800,252,690,694,370,238,365,271,811,577,309,260,435
2018_2,국회단지길,5482,2745,2737,813,720,887,900,886,1276,420,381,471,484,408,581,393,339,416,416,478,695
2018_2,구암길,2983,1485,1498,424,320,316,522,488,913,219,162,163,288,246,407,205,158,153,234,242,506
2018_2,관천로22길,4370,2131,2239,396,1045,1010,577,498,844,184,510,529,312,224,372,212,535,481,265,274,472
2018_2,관천로15길,4588,2306,2282,557,945,815,692,706,873,281,462,469,371,327,396,276,483,346,321,379,477
2018_2,관악로30길,2773,1385,1388,445,402,437,433,421,635,217,217,231,211,214,295,228,185,206,222,207,340
2018_2,관악로28길,3084,1521,1563,496,414,441,507,510,716,250,218,220,258,241,334,246,196,221,249,269,382
2018_2,관악로14길,1415,668,747,102,530,294,141,121,227,51,237,145,75,63,97,51,293,149,66,58,130
2018_2,관악로10길,4466,2225,2241,496,1291,897,584,473,725,251,596,509,321,229,319,245,695,388,263,244,406
2018_2,흑석로9길,2024,1032,992,192,625,301,230,253,423,102,365,156,117,119,173,90,260,145,113,134,250
2018_2,흑석로13길,669,329,340,83,138,95,97,100,156,37,65,61,50,47,69,46,73,34,47,53,87
2018_2,장승배기로27길,2342,1235,1107,164,448,388,290,398,654,99,246,233,174,199,284,65,202,155,116,199,370
2018_2,장승배기로19길,2471,1259,1212,190,360,341,333,475,772,92,186,206,177,251,347,98,174,135,156,224,425
2018_2,장승배기로10길,385,204,181,37,74,48,54,70,102,19,41,30,25,39,50,18,33,18,29,31,52
2018_2,여의대방로46길,2881,1328,1553,682,437,373,628,407,354,281,183,188,302,214,160,401,254,185,326,193,194
2018_2,여의대방로24길,2874,1361,1513,405,503,560,467,397,542,206,216,272,221,194,252,199,287,288,246,203,290
2018_2,여의대방로22카길,3175,1550,1625,351,722,615,458,439,590,192,317,324,216,225,276,159,405,291,242,214,314
2018_2,여의대방로22나길,2470,1188,1282,376,335,405,416,382,556,197,156,196,209,188,242,179,179,209,207,194,314
2018_2,여의대방로22길,2361,1162,1199,263,451,480,347,356,464,150,203,250,182,171,206,113,248,230,165,185,258
2018_2,양녕로26길,1774,865,909,286,247,278,308,287,368,152,119,138,156,134,166,134,128,140,152,153,202
2018_2,신대방길,3934,1897,2037,440,566,589,625,667,1047,228,280,306,300,332,451,212,286,283,325,335,596
2018_2,성대로29길,2095,1025,1070,276,327,341,342,326,483,145,177,170,174,166,193,131,150,171,168,160,290
2018_2,성대로1길,1099,547,552,93,227,232,134,172,241,47,111,113,73,95,108,46,116,119,61,77,133
2018_2,서달로8가길,623,292,331,64,102,62,85,111,199,26,51,33,44,61,77,38,51,29,41,50,122
2018_2,서달로15길,358,184,174,31,48,54,41,54,130,14,25,29,28,31,57,17,23,25,13,23,73
2018_2,서달로14길,377,175,202,36,62,47,37,78,117,13,30,23,22,36,51,23,32,24,15,42,66
2018_2,서달로10길,1796,865,931,184,283,254,257,314,504,94,140,130,139,156,206,90,143,124,118,158,298
2018_2,상도로62길,2889,1400,1489,356,843,564,386,287,453,178,403,278,199,138,204,178,440,286,187,149,249
2018_2,상도로61길,2302,1211,1091,225,700,396,280,269,432,122,413,217,141,120,198,103,287,179,139,149,234
2018_2,상도로47길,3957,2003,1954,484,1193,588,488,456,748,242,685,303,232,210,331,242,508,285,256,246,417
2018_2,상도로37길,1317,622,695,168,344,248,168,141,248,77,156,126,90,65,108,91,188,122,78,76,140
2018_2,상도로15길,3868,1888,1980,350,816,813,514,551,824,169,412,422,267,266,352,181,404,391,247,285,472
2018_2,사당로8길,2590,1229,1361,252,458,522,388,394,576,130,214,261,196,184,244,122,244,261,192,210,332
2018_2,사당로30길,1036,492,544,64,211,255,141,118,247,41,99,123,80,48,101,23,112,132,61,70,146
2018_2,사당로2차길,3135,1519,1616,465,478,560,513,449,670,256,209,291,251,211,301,209,269,269,262,238,369
2018_2,사당로29길,2554,1214,1340,240,475,472,350,433,584,117,237,231,173,212,244,123,238,241,177,221,340
2018_2,사당로26길,2885,1393,1492,269,611,651,340,389,625,142,285,346,157,180,283,127,326,305,183,209,342
2018_2,사당로23나길,1017,511,506,115,146,152,158,166,280,62,76,84,87,79,123,53,70,68,71,87,157
2018_2,사당로23길,1533,735,798,310,186,282,250,225,280,167,79,124,130,108,127,143,107,158,120,117,153
2018_2,사당로20길,2665,1268,1397,264,519,560,373,353,596,124,249,297,190,152,256,140,270,263,183,201,340
2018_2,사당로16길,3406,1638,1768,369,476,612,523,489,937,189,222,323,276,226,402,180,254,289,247,263,535
2018_2,사당로16가길,2218,1069,1149,232,458,399,315,300,514,114,213,202,164,143,233,118,245,197,151,157,281
2018_2,만양로8길,3580,1838,1742,516,686,623,476,496,783,276,388,369,244,211,350,240,298,254,232,285,433
2018_2,만양로14길,923,565,358,34,367,208,89,74,151,20,244,143,64,34,60,14,123,65,25,40,91
2018_2,등용로14길,1955,992,963,188,342,339,244,344,498,102,186,186,130,169,219,86,156,153,114,175,279
2018_2,동작대로7길,3409,1635,1774,205,854,771,388,466,725,110,376,380,213,218,338,95,478,391,175,248,387
2018_2,동작대로35길,2426,1208,1218,287,320,407,366,392,654,154,162,221,194,185,292,133,158,186,172,207,362
2018_2,동작대로33길,2605,1228,1377,219,406,456,383,398,743,121,185,234,185,170,333,98,221,222,198,228,410
2018_2,동작대로29길,858,428,430,96,140,138,107,125,252,52,77,72,55,57,115,44,63,66,52,68,137
2018_2,동작대로17길,2385,1112,1273,178,457,512,343,330,565,92,191,223,186,155,265,86,266,289,157,175,300
2018_2,대방동2길,3514,1583,1931,479,777,681,535,461,581,253,319,287,256,210,258,226,458,394,279,251,323
2018_2,대방동27길,4219,2085,2134,762,757,711,772,571,646,402,368,364,380,291,280,360,389,347,392,280,366
2018_2,노량진로6길,3275,1655,1620,318,543,456,447,677,834,164,274,272,237,328,380,154,269,184,210,349,454
2018_2,국사봉길,3970,1897,2073,514,684,809,558,531,874,256,307,418,289,245,382,258,377,391,269,286,492
2018_2,국사봉2길,1387,630,757,138,336,333,196,148,236,78,130,152,86,75,109,60,206,181,110,73,127
2018_2,국사봉1길,3356,1591,1765,334,558,645,500,505,814,164,262,327,247,232,359,170,296,318,253,273,455
2018_2,영신로9길,2614,1361,1253,215,340,460,353,496,750,110,191,246,190,252,372,105,149,214,163,244,378
2018_2,영등포로84길,2588,1321,1267,183,534,477,388,402,604,91,251,282,213,215,269,92,283,195,175,187,335
2018_2,영등포로80길,2263,1159,1104,211,372,360,334,389,597,117,178,211,190,208,255,94,194,149,144,181,342
2018_2,영등포로62길,1639,867,772,129,271,349,232,246,412,59,149,206,136,128,189,70,122,143,96,118,223
2018_2,영등포로35길,1194,702,492,78,244,250,160,185,277,40,129,151,101,121,160,38,115,99,59,64,117
2018_2,영등포로27길,1895,1049,846,138,344,417,261,300,435,71,173,256,156,178,215,67,171,161,105,122,220
2018_2,영등포로25길,1741,881,860,126,358,312,218,294,433,63,167,171,131,152,197,63,191,141,87,142,236
2018_2,여의대방로61길,2322,1165,1157,226,316,443,376,379,582,104,156,252,192,202,259,122,160,191,184,177,323
2018_2,여의대방로43나길,3543,1777,1766,425,515,525,533,639,906,231,264,286,272,312,412,194,251,239,261,327,494
2018_2,여의대방로39길,369,173,196,27,74,66,42,61,99,15,30,32,21,30,45,12,44,34,21,31,54
2018_2,여의대방로35길,1480,766,714,175,206,200,246,237,416,95,111,110,130,120,200,80,95,90,116,117,216
2018_2,양평로28길,4052,2062,1990,583,657,1082,609,509,612,301,303,596,312,254,296,282,354,486,297,255,316
2018_2,양평로22라길,1570,772,798,202,264,490,252,157,205,108,103,263,139,76,83,94,161,227,113,81,122
2018_2,양평로19길,2980,1505,1475,549,442,583,507,409,490,281,222,305,262,216,219,268,220,278,245,193,271
2018_2,신길로60길,3034,1509,1525,319,365,412,464,540,934,167,175,223,236,280,428,152,190,189,228,260,506
2018_2,신길로42길,2773,1398,1375,307,365,314,420,540,827,157,192,183,222,284,360,150,173,131,198,256,467
2018_2,신길로42가길,4050,1975,2075,501,549,467,657,743,1133,271,278,249,330,355,492,230,271,218,327,388,641
2018_2,신길로39길,2022,1025,997,237,264,225,313,408,575,125,149,126,161,208,256,112,115,99,152,200,319
2018_2,신길로17길,2423,1169,1254,218,370,313,347,459,716,109,203,169,165,216,307,109,167,144,182,243,409
2018_2,선유서로28길,939,485,454,128,100,146,149,148,268,73,50,79,88,70,125,55,50,67,61,78,143
2018_2,선유서로25길,3372,1759,1613,383,530,816,521,456,666,197,261,453,300,250,298,186,269,363,221,206,368
2018_2,선유서로24길,1323,679,644,120,126,137,187,249,504,62,81,82,109,134,211,58,45,55,78,115,293
2018_2,선유로55길,2914,1445,1469,206,684,773,364,354,533,111,269,407,197,208,253,95,415,366,167,146,280
2018_2,디지털로74길,90,87,3,75,4,4,2,1,4,75,3,3,2,0,4,0,1,1,0,1,0
2018_2,디지털로57길,1478,714,764,136,144,163,259,281,495,77,75,76,127,149,210,59,69,87,132,132,285
2018_2,디지털로37길,1399,681,718,145,122,138,222,256,516,74,67,71,107,127,235,71,55,67,115,129,281
2018_2,도신로62길,1691,832,859,194,249,227,252,268,501,97,136,122,132,124,221,97,113,105,120,144,280
2018_2,도신로60길,773,390,383,83,95,101,112,132,250,40,56,58,56,63,117,43,39,43,56,69,133
2018_2,도신로29길,1632,840,792,204,212,238,275,295,408,119,113,130,138,155,185,85,99,108,137,140,223
2018_2,도신로15길,3667,1839,1828,325,673,761,527,579,802,181,301,400,282,297,378,144,372,361,245,282,424
2018_2,도림천로21길,2531,1235,1296,243,444,472,345,417,610,108,213,258,163,203,290,135,231,214,182,214,320
2018_2,도림로63길,834,423,411,124,109,107,128,166,200,56,61,60,65,83,98,68,48,47,63,83,102
2018_2,도림로147길,347,192,155,15,43,54,33,55,147,9,26,27,25,32,73,6,17,27,8,23,74
2018_2,도림로112길,2239,1157,1082,236,272,300,352,421,658,127,149,164,191,226,300,109,123,136,161,195,358
2018_2,대림로8길,3090,1526,1564,308,491,400,474,516,901,163,231,219,240,267,406,145,260,181,234,249,495
2018_2,대림로7길,1053,511,542,102,130,132,144,213,332,51,57,79,66,107,151,51,73,53,78,106,181
2018_2,대림로44길,2383,1254,1129,346,346,300,401,480,510,189,194,166,207,254,244,157,152,134,194,226,266
2018_2,대림로34길,2848,1462,1386,405,406,327,445,571,694,216,216,189,219,288,334,189,190,138,226,283,360
2018_2,대림로31길,2403,1241,1162,241,286,329,424,470,653,134,137,183,235,249,303,107,149,146,189,221,350
2018_2,대림로29길,1916,993,923,152,243,267,315,374,565,81,127,159,167,204,255,71,116,108,148,170,310
2018_2,대림로22길,4375,2227,2148,529,627,499,673,834,1213,286,334,272,335,437,563,243,293,227,338,397,650
2018_2,당산로46길,2120,1063,1057,127,531,487,256,282,437,63,243,271,137,147,202,64,288,216,119,135,235
2018_2,당산로38길,1796,824,972,136,580,502,194,179,205,61,225,275,93,80,90,75,355,227,101,99,115
2018_2,당산로37길,1346,632,714,134,185,249,186,211,381,63,78,121,100,115,155,71,107,128,86,96,226
2018_2,당산로31길,977,510,467,101,175,253,136,122,190,59,84,132,74,69,92,42,91,121,62,53,98
2018_2,국회대로56길,2583,1554,1029,112,748,925,285,213,300,57,389,615,200,139,154,55,359,310,85,74,146
2018_2,경인로90길,141,107,34,1,6,8,19,36,71,0,3,5,18,29,52,1,3,3,1,7,19
2018_2,경인로80길,141,78,63,8,8,20,24,21,60,3,5,14,17,13,26,5,3,6,7,8,34
2018_2,경인로77길,275,166,109,7,45,45,31,54,93,3,31,27,21,37,47,4,14,18,10,17,46
2018_2,가마산로61길,1954,997,957,229,282,215,299,377,552,125,151,123,155,194,249,104,131,92,144,183,303
2018_2,시흥대로94길,3815,1960,1855,464,593,571,566,746,875,237,318,326,275,377,427,227,275,245,291,369,448
2018_2,시흥대로84길,5975,3040,2935,736,897,834,890,1217,1401,405,476,453,445,596,665,331,421,381,445,621,736
2018_2,시흥대로68길,2649,1348,1301,318,371,352,403,514,691,171,191,204,214,252,316,147,180,148,189,262,375
2018_2,시흥대로63길,1625,807,818,178,213,303,250,285,396,89,103,161,128,140,186,89,110,142,122,145,210
2018_2,시흥대로62가길,3023,1519,1504,367,417,381,455,621,782,190,235,206,233,309,346,177,182,175,222,312,436
2018_2,시흥대로36길,1975,1007,968,289,249,303,303,350,481,141,131,168,168,179,220,148,118,135,135,171,261
2018_2,시흥대로22길,3545,1764,1781,510,488,507,521,596,923,261,253,280,266,285,419,249,235,227,255,311,504
2018_2,시흥대로153길,1825,1010,815,151,426,435,227,288,298,74,236,267,130,154,149,77,190,168,97,134,149
2018_2,시흥대로150길,4840,2435,2405,592,708,780,720,878,1162,290,362,431,370,440,542,302,346,349,350,438,620
2018_2,시흥대로141길,2213,1216,997,155,503,404,282,404,465,72,242,247,165,241,249,83,261,157,117,163,216
2018_2,시흥대로138길,590,316,274,69,51,76,94,120,180,39,33,45,48,62,89,30,18,31,46,58,91
2018_2,시흥대로120길,3306,1645,1661,381,514,441,493,689,788,199,253,233,249,355,356,182,261,208,244,334,432
2018_2,벚꽃로56길,1084,573,511,81,147,189,152,210,305,39,77,112,83,119,143,42,70,77,69,91,162
2018_2,범안로17길,821,469,352,70,170,221,147,116,97,39,88,142,87,67,46,31,82,79,60,49,51
2018_2,범안로11길,1285,740,545,70,396,451,166,97,105,32,198,289,109,58,54,38,198,162,57,39,51
2018_2,문성로5길,3193,1625,1568,318,496,495,486,611,787,156,257,280,263,296,373,162,239,215,223,315,414
2018_2,독산로85길,661,316,345,85,94,89,108,138,147,38,53,46,51,68,60,47,41,43,57,70,87
2018_2,독산로78다길,3365,1691,1674,441,484,426,510,665,839,212,256,237,254,341,391,229,228,189,256,324,448
2018_2,독산로70길,2642,1339,1303,264,318,316,461,606,677,132,161,173,224,346,303,132,157,143,237,260,374
2018_2,독산로64길,2306,1172,1134,273,331,295,357,499,551,137,181,157,189,256,252,136,150,138,168,243,299
2018_2,독산로50길,2157,1094,1063,320,310,302,314,388,523,172,167,156,156,186,257,148,143,146,158,202,266
2018_2,독산로40길,2650,1309,1341,385,332,388,412,494,639,188,184,207,207,233,290,197,148,181,205,261,349
2018_2,독산로108길,1904,986,918,195,311,313,294,383,408,106,147,188,145,207,193,89,164,125,149,176,215
2018_2,남부순환로112길,2305,1359,946,93,665,526,295,366,360,44,333,347,202,226,207,49,332,179,93,140,153
2018_2,금하로24길,4345,2196,2149,559,576,475,696,828,1211,279,315,260,360,437,545,280,261,215,336,391,666
2018_2,금하로1길,1959,995,964,264,265,248,343,362,477,132,130,151,173,190,219,132,135,97,170,172,258
2018_2,금하로14길,1724,842,882,204,247,248,257,309,459,92,119,137,126,154,214,112,128,111,131,155,245
2018_2,가산로5길,3279,1894,1385,264,783,928,434,404,466,143,421,580,271,237,242,121,362,348,163,167,224
2018_2,가산로3길,1042,662,380,61,272,341,144,125,99,24,161,239,108,79,51,37,111,102,36,46,48
2018_2,중앙로1길,1074,552,522,142,172,166,156,175,263,79,92,86,87,84,124,63,80,80,69,91,139
2018_2,중앙로15길,1604,808,796,227,215,252,222,263,425,117,121,131,128,121,190,110,94,121,94,142,235
2018_2,우마길,853,481,372,45,102,69,110,247,280,21,56,38,70,144,152,24,46,31,40,103,128
2018_2,오류로8길,2092,1056,1036,259,268,263,296,336,670,142,147,154,155,173,285,117,121,109,141,163,385
2018_2,신도림로13길,537,271,266,53,62,58,78,112,174,17,37,28,44,61,84,36,25,30,34,51,90
2018_2,새말로18길,2631,1277,1354,344,408,601,336,371,571,179,181,295,171,178,273,165,227,306,165,193,298
2018_2,부일로1길,1418,718,700,188,165,261,219,201,384,112,73,127,126,102,178,76,92,134,93,99,206
2018_2,부일로15길,1561,751,810,223,220,223,248,249,398,106,117,105,130,121,172,117,103,118,118,128,226
2018_2,부일로11길,2696,1385,1311,428,389,336,447,475,621,242,222,174,208,231,308,186,167,162,239,244,313
2018_2,디지털로32길,1529,820,709,40,464,570,213,127,115,18,185,341,131,84,61,22,279,229,82,43,54
2018_2,디지털로32가길,4753,2615,2138,103,1722,1843,508,260,317,52,787,1119,340,152,165,51,935,724,168,108,152
2018_2,디지털로27길,1261,679,582,137,118,151,203,243,409,65,63,87,120,146,198,72,55,64,83,97,211
2018_2,도림로6길,1447,744,703,162,178,172,220,295,420,83,97,101,125,157,181,79,81,71,95,138,239
2018_2,도림로12길,2186,1041,1145,279,269,298,346,380,614,139,141,149,176,177,259,140,128,149,170,203,355
2018_2,남부순환로97길,1293,613,680,204,123,223,184,159,400,95,60,114,90,59,195,109,63,109,94,100,205
2018_2,구로중앙로8길,2809,1367,1442,298,318,364,421,540,868,147,169,184,209,251,407,151,149,180,212,289,461
2018_2,구로중앙로7길,713,363,350,67,53,80,102,129,282,38,25,38,63,65,134,29,28,42,39,64,148
2018_2,구로중앙로42길,893,489,404,103,129,119,140,151,251,50,84,71,82,84,118,53,45,48,58,67,133
2018_2,구로중앙로34길,1147,590,557,114,170,138,165,227,333,56,101,85,82,115,151,58,69,53,83,112,182
2018_2,구로중앙로28길,3346,1668,1678,390,522,589,526,583,736,180,221,322,284,311,350,210,301,267,242,272,386
2018_2,구로중앙로19길,896,426,470,110,101,110,142,167,266,54,42,57,70,88,115,56,59,53,72,79,151
2018_2,구로동로8길,6191,3121,3070,694,804,729,954,1198,1812,367,493,392,491,562,816,327,311,337,463,636,996
2018_2,구로동로7길,2664,1421,1243,272,321,294,420,533,824,155,200,163,235,287,381,117,121,131,185,246,443
2018_2,구로동로42길,1960,955,1005,230,232,216,319,377,586,112,109,107,169,205,253,118,123,109,150,172,333
2018_2,구로동로41길,2490,1296,1194,319,312,294,406,483,676,163,168,169,226,263,307,156,144,125,180,220,369
2018_2,구로동로38길,1944,957,987,219,220,196,288,403,618,104,125,107,144,212,265,115,95,89,144,191,353
2018_2,구로동로28길,2057,1039,1018,213,246,220,360,377,641,113,127,122,180,206,291,100,119,98,180,171,350
2018_2,구로동로15길,990,507,483,97,108,103,129,212,341,48,68,59,63,109,160,49,40,44,66,103,181
2018_2,공원로6가길,2092,923,1169,178,607,540,258,214,295,80,204,261,137,105,136,98,403,279,121,109,159
2018_2,고척로52길,3162,1575,1587,523,402,469,514,557,697,269,209,239,257,277,324,254,193,230,257,280,373
2018_2,고척로27다길,4435,2203,2232,643,659,538,716,834,1045,316,354,278,351,418,486,327,305,260,365,416,559
2018_2,고척로27길,2536,1309,1227,331,343,350,386,470,656,167,199,183,196,257,307,164,144,167,190,213,349
2018_2,고척로21나길,2639,1362,1277,372,328,339,430,483,687,195,188,180,230,252,317,177,140,159,200,231,370
2018_2,경인로47길,1920,948,972,264,295,261,283,348,469,114,151,135,151,176,221,150,144,126,132,172,248
2018_2,경인로35길,3083,1587,1496,320,390,349,442,612,970,166,195,192,248,317,469,154,195,157,194,295,501
2018_2,경인로31길,1861,972,889,177,225,218,295,410,536,83,122,122,180,216,249,94,103,96,115,194,287
2018_2,경인로15길,3456,1730,1726,433,453,517,537,572,944,209,241,272,288,273,447,224,212,245,249,299,497
2018_2,개봉로3길,3013,1474,1539,425,405,484,500,492,707,209,210,261,258,239,297,216,195,223,242,253,410
2018_2,개봉로2길,2232,1061,1171,377,248,400,369,318,520,174,123,202,183,146,233,203,125,198,186,172,287
2018_2,개봉로23가길,2453,1207,1246,292,275,472,373,347,694,131,134,251,207,162,322,161,141,221,166,185,372
2018_2,개봉로20길,3691,1758,1933,604,448,619,538,561,921,296,220,283,274,244,441,308,228,336,264,317,480
2018_2,개봉로1길,2205,1097,1108,314,275,357,367,340,552,159,143,193,182,165,255,155,132,164,185,175,297
2018_2,개봉로17다길,3378,1697,1681,447,468,562,489,561,851,222,264,282,251,285,393,225,204,280,238,276,458
2018_2,개봉로17길,5784,2842,2942,864,837,894,933,999,1257,455,428,450,479,479,551,409,409,444,454,520,706
2018_2,개봉로11길,5332,2598,2734,769,760,786,847,899,1271,400,380,396,422,426,574,369,380,390,425,473,697
2018_2,화곡로64길,4219,2035,2184,501,843,1047,597,544,687,280,320,539,295,278,323,221,523,508,302,266,364
2018_2,화곡로59길,2611,1269,1342,393,405,437,408,495,473,210,212,207,185,239,216,183,193,230,223,256,257
2018_2,화곡로44나길,3242,1628,1614,441,495,686,506,499,615,237,224,381,266,225,295,204,271,305,240,274,320
2018_2,화곡로31길,4006,1923,2083,391,642,744,528,665,1036,205,322,381,248,291,476,186,320,363,280,374,560
2018_2,화곡로20길,3376,1682,1694,480,457,601,507,556,775,245,226,312,279,258,362,235,231,289,228,298,413
2018_2,화곡로13길,3391,1633,1758,532,495,529,567,532,736,283,249,259,268,255,319,249,246,270,299,277,417
2018_2,초원로16길,3597,1832,1765,427,516,490,498,644,1022,230,269,273,270,302,488,197,247,217,228,342,534
2018_2,초록마을로8길,4978,2445,2533,930,706,950,871,695,826,490,357,492,439,314,353,440,349,458,432,381,473
2018_2,초록마을로3길,2617,1343,1274,205,490,707,457,314,444,92,242,401,257,166,185,113,248,306,200,148,259
2018_2,월정로20길,2479,1298,1181,171,471,711,365,340,421,80,218,397,222,176,205,91,253,314,143,164,216
2018_2,우장산로6길,5192,2464,2728,1198,715,675,1063,787,754,557,341,320,494,394,358,641,374,355,569,393,396
2018_2,양천로73가길,2749,1423,1326,697,322,486,599,328,317,393,159,242,304,177,148,304,163,244,295,151,169
2018_2,양천로71길,6680,3255,3425,1722,777,894,1448,939,900,830,417,403,725,461,419,892,360,491,723,478,481
2018_2,양천로49길,1254,636,618,148,236,318,164,171,217,86,99,177,91,85,98,62,137,141,73,86,119
2018_2,양천로26길,2020,977,1043,420,225,353,355,290,377,207,122,167,175,147,159,213,103,186,180,143,218
2018_2,양천로24길,3845,1967,1878,580,501,691,545,579,949,325,267,355,295,273,452,255,234,336,250,306,497
2018_2,양천로24가길,2930,1463,1467,487,369,477,493,471,633,251,193,245,249,235,290,236,176,232,244,236,343
2018_2,양천로14길,4261,2101,2160,732,555,628,663,696,987,377,281,324,351,315,453,355,274,304,312,381,534
2018_2,방화대로6라길,2373,1230,1143,307,310,375,466,381,534,167,145,207,257,205,249,140,165,168,209,176,285
2018_2,방화대로21길,2467,1264,1203,304,380,412,317,429,625,164,182,253,165,209,291,140,198,159,152,220,334
2018_2,등촌로5길,1454,686,768,175,216,278,194,236,355,92,103,138,96,101,156,83,113,140,98,135,199
2018_2,등촌로55길,2953,1418,1535,408,489,775,435,384,462,212,225,394,209,164,214,196,264,381,226,220,248
2018_2,등촌로51길,2131,1056,1075,319,347,338,290,360,477,162,199,161,139,163,232,157,148,177,151,197,245
2018_2,등촌로39길,3372,1697,1675,560,501,625,520,545,621,295,267,336,264,265,270,265,234,289,256,280,351
2018_2,등촌로13길,3994,1962,2032,549,555,817,613,635,825,285,283,431,292,304,367,264,272,386,321,331,458
2018_2,남부순환로11길,4091,2132,1959,609,536,815,693,637,801,315,269,449,385,342,372,294,267,366,308,295,429
2018_2,까치산로4길,4358,2102,2256,790,584,822,757,587,818,416,275,421,381,267,342,374,309,401,376,320,476
2018_2,국회대로7길,2358,1138,1220,245,319,434,334,408,618,107,177,236,170,179,269,138,142,198,164,229,349
2018_2,공항대로8길,3046,1558,1488,346,514,527,437,462,760,174,277,281,244,217,365,172,237,246,193,245,395
2018_2,공항대로61길,2035,1011,1024,377,273,407,378,264,336,192,147,192,201,127,152,185,126,215,177,137,184
2018_2,공항대로59다길,3098,1521,1577,490,506,584,461,491,566,278,240,282,214,239,268,212,266,302,247,252,298
2018_2,공항대로59길,2231,1037,1194,184,472,619,310,290,356,98,176,299,155,145,164,86,296,320,155,145,192
2018_2,공항대로55길,1739,872,867,276,261,315,250,276,361,154,133,167,121,132,165,122,128,148,129,144,196
2018_2,공항대로42길,1108,554,554,223,138,170,219,173,185,111,78,89,100,89,87,112,60,81,119,84,98
2018_2,공항대로38길,395,189,206,66,64,81,65,64,55,35,30,42,33,29,20,31,34,39,32,35,35
2018_2,곰달래로60길,2016,1003,1013,179,299,412,286,344,496,97,167,209,146,151,233,82,132,203,140,193,263
2018_2,곰달래로53길,3725,1830,1895,589,502,591,663,593,787,299,258,319,320,298,336,290,244,272,343,295,451
2018_2,곰달래로47길,4136,2004,2132,712,553,727,755,630,759,334,290,374,375,291,340,378,263,353,380,339,419
2018_2,곰달래로31길,3178,1520,1658,658,401,587,583,400,549,343,194,273,288,170,252,315,207,314,295,230,297
2018_2,곰달래로25길,3052,1441,1611,403,389,552,495,478,735,188,190,270,261,209,323,215,199,282,234,269,412
2018_2,개화동로25길,2463,1237,1226,196,662,494,307,327,477,92,293,292,171,168,221,104,369,202,136,159,256
2018_2,개화동로23길,3932,1953,1979,464,461,523,576,755,1153,237,246,280,295,367,528,227,215,243,281,388,625
2018_2,강서로8길,3447,1700,1747,441,444,654,542,485,881,226,206,350,280,219,419,215,238,304,262,266,462
2018_2,강서로5라길,2791,1373,1418,408,341,545,438,433,626,210,167,294,229,196,277,198,174,251,209,237,349
2018_2,강서로5나길,2960,1468,1492,213,645,827,403,330,542,101,271,455,226,155,260,112,374,372,177,175,282
2018_2,강서로5가길,2040,1027,1013,161,353,514,299,262,451,89,143,270,172,129,224,72,210,244,127,133,227
2018_2,강서로47라길,3684,1736,1948,812,568,441,697,625,541,376,275,224,321,304,236,436,293,217,376,321,305
2018_2,강서로47길,4248,2043,2205,937,555,543,844,695,674,431,275,281,399,370,287,506,280,262,445,325,387
2018_2,강서로45다길,2725,1322,1403,422,392,474,427,403,607,219,182,248,224,178,271,203,210,226,203,225,336
2018_2,강서로45길,917,442,475,175,119,144,163,127,189,79,50,74,79,60,100,96,69,70,84,67,89
2018_2,강서로35길,3898,1872,2026,455,578,704,557,687,917,232,266,362,275,319,418,223,312,342,282,368,499
2018_2,강서로29길,3110,1513,1597,394,490,772,448,439,567,199,229,400,224,192,269,195,261,372,224,247,298
2018_2,강서로18길,6917,3353,3564,974,979,1367,1077,1017,1503,500,464,718,544,471,656,474,515,649,533,546,847
2018_2,강서로17가길,3222,1621,1601,353,506,681,442,520,720,190,258,361,244,231,337,163,248,320,198,289,383
2018_2,강서로15길,5492,2711,2781,586,772,1090,816,935,1293,282,400,572,429,480,548,304,372,518,387,455,745
2018_2,가로공원로80길,2940,1471,1469,421,427,550,444,472,626,225,219,287,233,220,287,196,208,263,211,252,339
2018_2,가로공원로76가길,3248,1566,1682,428,448,667,511,485,709,211,222,352,248,220,313,217,226,315,263,265,396
2018_2,화곡로4길,1484,730,754,199,174,208,226,282,395,102,88,109,105,136,190,97,86,99,121,146,205
2018_2,화곡로3길,3249,1623,1626,639,428,494,520,545,623,345,227,238,255,267,291,294,201,256,265,278,332
2018_2,지양로7길,3331,1637,1694,430,425,463,456,599,958,208,228,263,238,273,427,222,197,200,218,326,531
2018_2,중앙로55길,3785,1876,1909,589,479,552,584,647,934,317,245,280,280,320,434,272,234,272,304,327,500
2018_2,중앙로51길,4179,2052,2127,737,525,660,663,628,966,347,274,353,320,312,446,390,251,307,343,316,520
2018_2,중앙로47길,1844,951,893,202,222,234,286,376,524,109,122,136,152,177,255,93,100,98,134,199,269
2018_2,중앙로45길,1966,950,1016,275,270,279,314,341,487,148,129,135,166,149,223,127,141,144,148,192,264
2018_2,중앙로36길,901,443,458,160,107,100,172,132,230,91,50,51,79,74,98,69,57,49,93,58,132
2018_2,중앙로32길,1082,533,549,227,137,120,204,185,209,114,75,58,92,105,89,113,62,62,112,80,120
2018_2,중앙로25길,2426,1259,1167,249,261,322,416,457,721,128,138,186,233,242,332,121,123,136,183,215,389
2018_2,은행정로7길,3366,1655,1711,522,442,539,556,514,793,263,225,274,283,243,367,259,217,265,273,271,426
2018_2,은행정로5길,777,429,348,124,72,88,132,143,218,69,40,54,65,88,113,55,32,34,67,55,105
2018_2,오목로5길,4036,1984,2052,801,440,651,634,634,876,412,226,299,325,318,404,389,214,352,309,316,472
2018_2,오목로3길,3622,1798,1824,725,408,587,629,548,725,371,218,284,323,262,340,354,190,303,306,286,385
2018_2,오목로30길,3606,1787,1819,397,569,562,556,613,909,218,274,307,277,295,416,179,295,255,279,318,493
2018_2,오목로23길,4445,2228,2217,615,658,859,721,663,929,308,338,448,365,321,448,307,320,411,356,342,481
2018_2,신월로20길,1953,987,966,369,222,346,322,291,403,193,128,176,157,135,198,176,94,170,165,156,205
2018_2,신월로15길,5612,2767,2845,968,737,745,911,962,1289,518,378,366,450,475,580,450,359,379,461,487,709
2018_2,신목로6길,2425,1175,1250,430,357,311,448,401,478,225,188,146,207,208,201,205,169,165,241,193,277
2018_2,신목로5길,2171,1080,1091,535,314,196,462,376,288,275,169,86,215,205,130,260,145,110,247,171,158
2018_2,신목로2길,2079,1022,1057,362,359,184,357,440,377,186,197,96,162,213,168,176,162,88,195,227,209
2018_2,목동중앙서로8가길,1379,672,707,186,202,264,190,216,321,107,104,131,102,96,132,79,98,133,88,120,189
2018_2,목동중앙서로7길,3752,1845,1907,584,582,620,638,622,706,314,301,329,304,291,306,270,281,291,334,331,400
2018_2,목동중앙북로8길,2134,973,1161,251,320,412,307,345,499,127,158,196,145,149,198,124,162,216,162,196,301
2018_2,목동중앙북로16길,3509,1696,1813,428,573,926,486,459,637,221,252,470,246,213,294,207,321,456,240,246,343
2018_2,목동중앙본로7길,2931,1444,1487,500,454,428,470,519,560,281,247,215,202,249,250,219,207,213,268,270,310
2018_2,목동중앙로3길,2436,1173,1263,544,347,296,451,409,389,270,179,141,204,211,168,274,168,155,247,198,221
2018_2,목동중앙로13나길,1078,552,526,168,163,255,154,155,183,91,69,135,78,87,92,77,94,120,76,68,91
2018_2,목동중앙남로3가길,2692,1358,1334,492,427,395,447,459,472,281,244,182,215,218,218,211,183,213,232,241,254
2018_2,목동로9길,3482,1643,1839,562,573,558,586,577,626,280,280,250,283,245,305,282,293,308,303,332,321
2018_2,목동로19길,2275,1070,1205,351,329,366,376,372,481,171,158,168,178,179,216,180,171,198,198,193,265
2018_2,목동동로8길,1560,751,809,383,197,159,356,269,196,193,97,76,167,136,82,190,100,83,189,133,114
2018_2,목동동로12길,2276,1095,1181,499,309,242,452,376,398,258,148,112,201,199,177,241,161,130,251,177,221
2018_2,목동남로4길,1264,609,655,264,181,161,234,190,234,121,88,82,108,105,105,143,93,79,126,85,129
2018_2,남부순환로88길,1867,905,962,490,205,231,402,266,273,239,100,113,186,139,128,251,105,118,216,127,145
2018_2,남부순환로79길,705,357,348,84,83,95,84,155,204,44,47,59,34,78,95,40,36,36,50,77,109
2018_2,남부순환로70길,4941,2440,2501,566,707,610,735,922,1401,267,387,321,386,469,610,299,320,289,349,453,791
2018_2,남부순환로58길,2094,1082,1012,301,287,304,315,384,503,165,147,181,167,188,234,136,140,123,148,196,269
2018_2,남부순환로40길,2422,1339,1083,221,268,314,398,503,718,112,142,196,238,288,363,109,126,118,160,215,355
2018_2,남부순환로33길,3669,1805,1864,447,539,578,531,674,900,213,275,324,253,320,420,234,264,254,278,354,480
2018_2,곰달래로5길,3757,1940,1817,391,559,491,546,743,1027,208,293,266,290,386,497,183,266,225,256,357,530
2018_2,곰달래로3길,3850,2005,1845,480,510,501,624,769,966,253,281,275,324,419,453,227,229,226,300,350,513
2018_2,곰달래로2길,3176,1630,1546,482,406,489,522,564,713,244,205,267,286,286,342,238,201,222,236,278,371
2018_2,곰달래로10길,3433,1763,1670,452,417,581,556,601,826,227,238,303,289,309,397,225,179,278,267,292,429
2018_2,가로공원로58길,2356,1293,1063,217,303,247,394,498,697,110,159,149,235,302,338,107,144,98,159,196,359
2018_2,효창원로93길,3035,1454,1581,351,483,405,512,573,711,165,242,211,241,280,315,186,241,194,271,293,396
2018_2,토정로37길,2638,1272,1366,653,266,394,632,338,355,316,126,172,328,171,159,337,140,222,304,167,196
2018_2,월드컵로8길,1621,721,900,154,292,380,278,196,321,79,121,168,128,89,136,75,171,212,150,107,185
2018_2,월드컵로7길,1846,838,1008,209,335,455,267,256,324,106,135,208,120,126,143,103,200,247,147,130,181
2018_2,월드컵로36길,3860,1728,2132,455,757,766,652,520,710,223,276,340,325,249,315,232,481,426,327,271,395
2018_2,월드컵로25길,3111,1491,1620,490,468,546,561,412,634,244,225,263,279,213,267,246,243,283,282,199,367
2018_2,월드컵로19길,1661,774,887,169,307,309,271,222,383,84,146,152,135,110,147,85,161,157,136,112,236
2018_2,월드컵로16길,2475,1143,1332,302,434,535,406,340,458,154,187,245,184,172,201,148,247,290,222,168,257
2018_2,월드컵로11길,2412,1118,1294,259,424,548,366,311,504,130,184,254,188,153,209,129,240,294,178,158,295
2018_2,월드컵로10길,4125,1929,2196,474,669,696,718,692,876,237,300,307,338,346,401,237,369,389,380,346,475
2018_2,와우산로3길,1774,837,937,145,357,428,248,254,342,73,158,218,124,120,144,72,199,210,124,134,198
2018_2,와우산로29길,804,373,431,77,146,184,139,98,160,38,63,87,71,42,72,39,83,97,68,56,88
2018_2,와우산로29가길,512,240,272,24,197,126,52,44,69,14,91,60,24,22,29,10,106,66,28,22,40
2018_2,양화진길,1341,623,718,117,202,311,210,190,311,69,91,155,110,77,121,48,111,156,100,113,190
2018_2,양화로1길,2672,1223,1449,325,474,557,441,339,536,151,206,268,218,153,227,174,268,289,223,186,309
2018_2,양화로11길,755,326,429,79,142,182,116,82,154,40,55,78,50,38,65,39,87,104,66,44,89
2018_2,신촌로30길,535,257,278,41,60,58,66,106,204,19,27,34,41,49,87,22,33,24,25,57,117
2018_2,신촌로28가길,245,131,114,16,27,31,31,64,76,7,13,17,19,39,36,9,14,14,12,25,40
2018_2,신촌로12길,1931,931,1000,105,564,445,235,218,364,58,277,227,114,99,156,47,287,218,121,119,208
2018_2,숭문길,2839,1419,1420,323,416,338,437,501,824,173,219,184,227,256,360,150,197,154,210,245,464
2018_2,숭문8길,525,249,276,81,58,119,90,57,120,36,29,62,51,24,47,45,29,57,39,33,73
2018_2,성지3길,1036,474,562,100,197,242,126,149,222,52,78,123,66,66,89,48,119,119,60,83,133
2018_2,성산로4길,3288,1597,1691,436,486,573,555,520,718,221,227,282,283,259,325,215,259,291,272,261,393
2018_2,성미산로32길,1188,538,650,86,252,317,157,170,206,49,104,143,78,81,83,37,148,174,79,89,123
2018_2,성미산로1길,3191,1489,1702,468,470,606,612,433,602,255,220,273,276,203,262,213,250,333,336,230,340
2018_2,성미산로11길,3705,1787,1918,511,538,722,684,517,733,280,262,346,331,253,315,231,276,376,353,264,418
2018_2,백범로16길,1706,827,879,243,235,299,303,227,399,122,112,140,165,114,174,121,123,159,138,113,225
2018_2,방울내로9안길,5435,2623,2812,916,708,965,967,790,1089,443,354,446,504,391,485,473,354,519,463,399,604
2018_2,모래내로7길,2040,1008,1032,296,328,292,358,319,447,163,162,156,186,154,187,133,166,136,172,165,260
2018_2,매봉산로2길,2881,1469,1412,354,518,583,430,391,605,187,229,319,243,219,272,167,289,264,187,172,333
2018_2,망원로2길,4436,2110,2326,603,662,898,723,641,909,310,315,431,356,307,391,293,347,467,367,334,518
2018_2,망원로11길,2222,1048,1174,345,333,326,398,328,492,164,149,170,199,165,201,181,184,156,199,163,291
2018_2,만리재옛길,2738,1312,1426,302,452,510,449,395,630,161,183,267,238,199,264,141,269,243,211,196,366
2018_2,마포대로4길,833,388,445,98,131,188,119,117,180,51,64,90,59,56,68,47,67,98,60,61,112
2018_2,마포대로20길,2124,1028,1096,272,330,459,362,318,383,138,153,205,190,167,175,134,177,254,172,151,208
2018_2,마포대로12길,857,393,464,72,154,276,132,80,143,42,52,127,66,43,63,30,102,149,66,37,80
2018_2,동교로38길,1196,595,601,65,300,305,154,126,246,38,147,153,88,72,97,27,153,152,66,54,149
2018_2,동교로27길,2490,1136,1354,259,544,584,380,257,466,121,251,260,174,118,212,138,293,324,206,139,254
2018_2,동교로25길,1289,576,713,115,293,299,179,174,229,49,125,128,88,81,105,66,168,171,91,93,124
2018_2,동교로19길,1819,847,972,206,278,409,360,266,300,100,131,199,172,122,123,106,147,210,188,144,177
2018_2,동교로17길,1855,865,990,221,339,423,338,229,305,120,143,193,169,107,133,101,196,230,169,122,172
2018_2,독막로8길,1368,619,749,137,272,328,198,184,249,70,115,144,92,88,110,67,157,184,106,96,139
2018_2,독막로32길,2824,1379,1445,373,389,467,454,439,702,185,207,239,229,218,301,188,182,228,225,221,401
2018_2,독막로22길,1047,496,551,170,144,201,197,132,203,92,66,90,89,65,94,78,78,111,108,67,109
2018_2,도화길,1077,467,610,126,215,238,158,142,198,62,72,99,73,79,82,64,143,139,85,63,116
2018_2,도화4길,3711,1766,1945,599,397,600,607,611,897,306,201,280,310,296,373,293,196,320,297,315,524
2018_2,대흥로28길,1478,704,774,83,434,191,183,231,356,34,186,94,97,123,170,49,248,97,86,108,186
2018_2,대흥로21길,3474,1774,1700,269,797,543,453,539,873,150,432,284,248,298,362,119,365,259,205,241,511
2018_2,광성로6길,2038,1088,950,240,518,283,315,287,395,130,322,156,158,157,165,110,196,127,157,130,230
2018_2,홍제내길,3331,1544,1787,498,415,462,559,494,903,243,204,232,268,234,363,255,211,230,291,260,540
2018_2,홍연길,1081,555,526,122,139,147,145,185,343,67,77,79,83,97,152,55,62,68,62,88,191
2018_2,통일로39길,1591,807,784,182,229,188,236,283,473,106,117,101,133,127,223,76,112,87,103,156,250
2018_2,통일로37길,1614,734,880,146,193,201,245,307,522,69,93,99,119,136,218,77,100,102,126,171,304
2018_2,통일로11길,293,158,135,21,36,41,30,46,119,12,21,21,18,29,57,9,15,20,12,17,62
2018_2,충정로6길,700,372,328,35,115,176,78,116,180,19,59,87,48,71,88,16,56,89,30,45,92
2018_2,충정로4길,507,250,257,30,83,125,72,61,136,16,41,57,41,32,63,14,42,68,31,29,73
2018_2,증가로6길,3095,1529,1566,381,498,461,463,497,795,202,250,252,237,242,346,179,248,209,226,255,449
2018_2,증가로23나길,5200,2510,2690,721,726,758,820,877,1298,361,357,395,396,424,577,360,369,363,424,453,721
2018_2,증가로20가길,3598,1782,1816,581,651,463,627,572,704,295,344,250,309,271,313,286,307,213,318,301,391
2018_2,증가로10길,3890,1907,1983,389,741,544,566,637,1013,195,350,297,289,310,466,194,391,247,277,327,547
2018_2,응암로1길,3849,1882,1967,472,466,638,634,620,1019,235,229,321,331,287,479,237,237,317,303,333,540
2018_2,연희로10길,3282,1790,1492,248,1365,638,322,272,437,141,821,361,155,120,192,107,544,277,167,152,245
2018_2,신촌로37길,786,443,343,54,120,104,122,171,215,30,66,63,70,104,110,24,54,41,52,67,105
2018_2,수색로8길,3696,1790,1906,511,453,603,548,577,1004,248,237,306,279,272,448,263,216,297,269,305,556
2018_2,세무서길,2433,1166,1267,244,353,298,334,430,774,126,181,156,171,211,321,118,172,142,163,219,453
2018_2,세무서2길,1452,710,742,163,201,192,231,228,437,82,109,102,119,123,175,81,92,90,112,105,262
2018_2,세검정로1길,1119,539,580,157,130,122,173,169,368,82,55,58,86,101,157,75,75,64,87,68,211
2018_2,북아현로4길,3533,1695,1838,322,528,458,555,632,1038,166,262,263,264,312,428,156,266,195,291,320,610
2018_2,모래내로15길,10768,5158,5610,2506,1105,1589,2085,1455,2028,1230,555,695,1079,714,885,1276,550,894,1006,741,1143
2018_2,명지대길,2428,1168,1260,308,565,365,339,336,515,160,273,186,157,163,229,148,292,179,182,173,286
2018_2,독립문로8길,4205,1958,2247,669,550,643,717,577,1049,319,247,330,364,283,415,350,303,313,353,294,634
2018_2,가재울로6길,2783,1368,1415,370,373,390,455,409,786,193,187,195,245,218,330,177,186,195,210,191,456
2018_2,통일로92길,5809,2892,2917,682,930,972,811,1047,1367,356,474,548,414,480,620,326,456,424,397,567,747
2018_2,통일로87길,1790,861,929,224,282,308,290,249,437,110,131,166,146,121,187,114,151,142,144,128,250
2018_2,통일로78길,4468,2136,2332,543,671,733,668,746,1107,280,348,377,313,338,480,263,323,356,355,408,627
2018_2,통일로69길,1759,840,919,236,239,254,280,286,464,122,113,132,143,135,195,114,126,122,137,151,269
2018_2,진흥로1길,4204,2027,2177,688,546,653,717,681,919,354,269,316,357,326,405,334,277,337,360,355,514
2018_2,진흥로12길,5798,2823,2975,670,777,930,909,962,1550,344,392,491,484,453,659,326,385,439,425,509,891
2018_2,증산서길,831,433,398,118,98,114,124,139,238,60,61,61,74,69,108,58,37,53,50,70,130
2018_2,증산로9길,2755,1333,1422,377,364,403,424,457,730,190,178,209,215,208,333,187,186,194,209,249,397
2018_2,증산로5길,2760,1336,1424,373,346,335,422,463,821,184,185,161,211,218,377,189,161,174,211,245,444
2018_2,증산로21길,5299,2571,2728,724,771,885,831,830,1258,368,393,461,412,375,562,356,378,424,419,455,696
2018_2,증산로17길,2071,992,1079,259,280,319,317,325,571,127,136,166,163,150,250,132,144,153,154,175,321
2018_2,증산로15길,2536,1264,1272,321,305,368,414,422,706,167,153,190,225,216,313,154,152,178,189,206,393
2018_2,증산로13길,2004,1013,991,210,268,238,286,414,588,104,135,126,152,213,283,106,133,112,134,201,305
2018_2,응암로34길,2858,1400,1458,483,356,424,501,445,649,259,176,204,262,211,288,224,180,220,239,234,361
2018_2,응암로22길,1894,910,984,226,229,218,288,340,593,113,128,106,152,166,245,113,101,112,136,174,348
2018_2,응암로14길,2556,1293,1263,349,301,404,431,406,665,188,166,205,227,225,282,161,135,199,204,181,383
2018_2,응암로13길,1783,874,909,181,262,304,287,266,483,95,126,162,142,139,210,86,136,142,145,127,273
2018_2,응암로12길,1520,761,759,176,191,149,228,275,501,95,106,83,121,126,230,81,85,66,107,149,271
2018_2,은평로8길,3481,1677,1804,623,443,675,630,435,675,322,220,314,321,203,297,301,223,361,309,232,378
2018_2,은평로3길,2341,1089,1252,365,308,382,403,354,529,185,147,188,196,158,215,180,161,194,207,196,314
2018_2,은평로20길,300,146,154,26,40,33,47,65,89,15,24,16,24,32,35,11,16,17,23,33,54
2018_2,은평로13길,3208,1531,1677,478,371,490,548,516,805,238,183,245,252,248,365,240,188,245,296,268,440
2018_2,은평로10길,2925,1440,1485,455,366,406,504,482,712,253,187,218,254,225,303,202,179,188,250,257,409
2018_2,연서로5길,2880,1350,1530,478,408,464,495,460,575,236,171,243,235,212,253,242,237,221,260,248,322
2018_2,연서로41길,4012,1952,2060,496,498,535,680,695,1108,249,256,267,359,328,493,247,242,268,321,367,615
2018_2,연서로3길,3671,1725,1946,636,505,637,587,544,762,311,242,296,301,249,326,325,263,341,286,295,436
2018_2,연서로34길,2920,1377,1543,376,391,466,399,481,807,183,196,246,201,215,336,193,195,220,198,266,471
2018_2,연서로33길,2119,1035,1084,212,286,288,288,349,696,108,148,163,141,164,311,104,138,125,147,185,385
2018_2,연서로29길,1037,484,553,116,176,209,159,150,227,60,71,108,76,68,101,56,105,101,83,82,126
2018_2,연서로28길,3677,1748,1929,384,651,653,541,568,880,179,312,340,266,265,386,205,339,313,275,303,494
2018_2,연서로27길,2995,1394,1601,354,458,462,492,506,723,174,210,237,234,234,305,180,248,225,258,272,418
2018_2,연서로21길,4329,2041,2288,707,600,715,758,635,914,351,285,363,357,285,400,356,315,352,401,350,514
2018_2,연서로17길,2300,1098,1202,315,337,348,376,409,515,150,159,179,177,195,238,165,178,169,199,214,277
2018_2,연서로16길,4580,2136,2444,665,611,681,779,767,1077,324,283,332,376,349,472,341,328,349,403,418,605
2018_2,연서로13길,3940,1864,2076,594,579,594,666,648,859,292,267,306,312,308,379,302,312,288,354,340,480
2018_2,연서로11길,3864,1843,2021,664,533,655,629,606,777,331,249,328,291,290,354,333,284,327,338,316,423
2018_2,역말로9길,5655,2722,2933,800,732,904,950,908,1361,387,360,466,485,432,592,413,372,438,465,476,769
2018_2,수색로18길,1163,580,583,123,145,123,181,219,372,70,74,68,98,116,154,53,71,55,83,103,218
2018_2,서오릉로8길,2686,1257,1429,303,375,405,400,451,752,146,179,194,204,228,306,157,196,211,196,223,446
2018_2,서오릉로21길,3943,1890,2053,602,530,567,623,640,981,289,278,298,300,286,439,313,252,269,323,354,542
2018_2,불광천길,5224,2531,2693,617,682,792,857,865,1411,305,346,422,444,431,583,312,336,370,413,434,828
2018_2,갈현로7길,2585,1243,1342,394,338,366,448,436,603,216,175,165,222,194,271,178,163,201,226,242,332
2018_2,갈현로41길,3092,1515,1577,354,421,368,490,570,889,188,240,192,239,276,380,166,181,176,251,294,509
2018_2,갈현로33길,3815,1860,1955,638,589,556,615,629,788,334,307,295,273,291,360,304,282,261,342,338,428
2018_2,갈현로1길,2472,1188,1284,406,334,412,420,397,503,198,160,214,201,203,212,208,174,198,219,194,291
2018_2,가좌로7길,3590,1800,1790,489,480,457,540,651,973,274,254,258,254,324,436,215,226,199,286,327,537
2018_2,한글비석로44길,3857,1937,1920,471,521,430,627,660,1148,230,293,251,319,329,515,241,228,179,308,331,633
2018_2,한글비석로24길,2414,1219,1195,258,346,300,315,453,742,129,189,177,159,229,336,129,157,123,156,224,406
2018_2,한글비석로22길,1820,933,887,320,252,201,309,320,418,156,134,101,159,170,213,164,118,100,150,150,205
2018_2,석계로1길,2356,1204,1152,292,306,296,388,371,703,152,162,164,202,197,327,140,144,132,186,174,376
2018_2,상계로9가길,2563,1334,1229,298,355,324,387,450,749,166,183,188,202,242,353,132,172,136,185,208,396
2018_2,상계로1길,1205,606,599,200,182,183,202,206,232,103,97,94,99,96,117,97,85,89,103,110,115
2018_2,상계로12길,3506,1729,1777,416,621,410,521,643,895,212,308,239,261,310,399,204,313,171,260,333,496
2018_2,동일로242길,2535,1242,1293,326,411,318,331,453,696,173,215,160,162,217,315,153,196,158,169,236,381
2018_2,동일로192길,2869,1502,1367,266,907,409,309,379,599,132,485,224,172,198,291,134,422,185,137,181,308
2018_2,동일로173가길,3635,1832,1803,542,543,590,547,584,829,284,273,309,299,265,402,258,270,281,248,319,427
2018_2,공릉로58길,1538,760,778,259,334,162,221,273,289,139,177,79,96,127,142,120,157,83,125,146,147
2018_2,해등로16길,2291,1096,1195,319,364,314,349,448,497,160,179,162,158,203,234,159,185,152,191,245,263
2018_2,우이천로4다길,2317,1163,1154,331,328,280,338,438,602,178,180,145,156,233,271,153,148,135,182,205,331
2018_2,우이천로32길,3028,1453,1575,495,389,429,507,477,731,245,200,213,246,229,320,250,189,216,261,248,411
2018_2,시루봉로23길,3585,1840,1745,387,497,391,550,712,1048,217,268,211,297,352,495,170,229,180,253,360,553
2018_2,삼양로144길,987,460,527,135,179,133,150,137,253,79,55,66,74,68,118,56,124,67,76,69,135
2018_2,방학로6가길,2183,1093,1090,241,313,254,337,458,580,120,163,137,176,236,261,121,150,117,161,222,319
2018_2,방학로5길,3775,1897,1878,504,509,533,517,676,1036,273,257,297,275,330,465,231,252,236,242,346,571
2018_2,방학로15길,3880,1924,1956,819,506,443,712,675,725,411,279,226,321,336,351,408,227,217,391,339,374
2018_2,방학로10길,1983,980,1003,279,267,265,309,373,490,145,146,143,146,181,219,134,121,122,163,192,271
2018_2,도봉산길,1732,894,838,173,234,206,253,321,545,88,131,110,142,169,254,85,103,96,111,152,291
2018_2,도봉산4길,386,199,187,20,47,53,48,87,131,11,27,32,29,47,53,9,20,21,19,40,78
2018_2,도봉로181길,1991,1013,978,230,249,237,276,354,645,118,141,144,144,171,295,112,108,93,132,183,350
2018_2,도봉로169나길,3042,1536,1506,313,313,436,444,537,999,163,149,243,244,261,476,150,164,193,200,276,523
2018_2,도봉로156길,1410,761,649,138,164,166,204,283,455,59,90,96,127,160,229,79,74,70,77,123,226
2018_2,도봉로152가길,709,380,329,46,92,84,68,164,255,24,60,51,39,87,119,22,32,33,29,77,136
2018_2,도봉로147길,3529,1736,1793,408,478,437,503,680,1023,206,237,211,273,355,454,202,241,226,230,325,569
2018_2,도봉로143길,1783,882,901,207,256,209,262,339,510,111,129,106,133,158,245,96,127,103,129,181,265
2018_2,도봉로114길,4907,2347,2560,445,791,728,770,890,1283,206,386,373,389,430,563,239,405,355,381,460,720
2018_2,도봉로109길,2322,1139,1183,268,342,399,348,359,606,131,179,206,180,171,272,137,163,193,168,188,334
2018_2,도당로29길,2876,1448,1428,301,389,355,452,501,878,147,200,186,238,258,419,154,189,169,214,243,459
2018_2,도당로19길,3945,2041,1904,487,530,425,643,696,1164,261,280,229,341,392,538,226,250,196,302,304,626
2018_2,도당로13바길,3533,1781,1752,524,490,447,555,660,857,279,262,247,270,336,387,245,228,200,285,324,470
2018_2,도당로13가길,1647,853,794,162,209,203,258,330,485,93,110,118,137,165,230,69,99,85,121,165,255
2018_2,덕릉로60길,2402,1183,1219,330,356,329,337,437,613,171,180,178,173,206,275,159,176,151,164,231,338
2018_2,노해로63다길,1901,943,958,269,257,275,279,344,477,150,122,137,144,157,233,119,135,138,135,187,244
2018_2,노해로60길,1805,878,927,149,325,341,256,315,419,81,135,174,134,150,204,68,190,167,122,165,215
2018_2,한천로140길,1744,848,896,132,358,306,229,301,418,75,167,170,113,149,174,57,191,136,116,152,244
2018_2,한천로139가길,1554,733,821,137,300,254,204,241,418,62,139,129,107,105,191,75,161,125,97,136,227
2018_2,한천로132길,1800,874,926,187,333,325,283,251,421,93,156,168,138,120,199,94,177,157,145,131,222
2018_2,한천로130길,3180,1606,1574,384,501,458,529,557,751,227,259,230,268,289,333,157,242,228,261,268,418
2018_2,한천로124나길,2175,1067,1108,231,329,330,346,370,569,119,145,175,191,202,235,112,184,155,155,168,334
2018_2,한천로109길,2969,1433,1536,522,398,372,503,490,684,270,196,184,240,211,332,252,202,188,263,279,352
2018_2,인수봉로79길,2706,1365,1341,363,333,321,435,505,749,185,170,181,223,253,353,178,163,140,212,252,396
2018_2,인수봉로72길,3897,1864,2033,564,507,554,529,661,1082,263,261,299,250,305,486,301,246,255,279,356,596
2018_2,인수봉로56길,1891,905,986,269,281,241,300,311,489,134,141,129,160,133,208,135,140,112,140,178,281
2018_2,오패산로67길,2093,1048,1045,172,358,390,356,356,461,90,161,209,186,189,213,82,197,181,170,167,248
2018_2,오패산로52길,2865,1419,1446,351,398,375,409,496,836,184,218,207,218,225,367,167,180,168,191,271,469
2018_2,오패산로30길,1436,697,739,201,221,190,224,218,382,105,108,99,114,105,166,96,113,91,110,113,216
2018_2,수유로12길,3320,1621,1699,335,612,544,485,516,828,170,272,293,264,251,371,165,340,251,221,265,457
2018_2,솔샘로65길,2969,1459,1510,374,427,427,451,543,747,189,209,228,228,258,347,185,218,199,223,285,400
2018_2,솔매로50길,2322,1073,1249,280,335,340,394,412,561,147,154,182,186,166,238,133,181,158,208,246,323
2018_2,솔매로45길,2055,991,1064,212,328,273,294,380,568,120,136,142,150,187,256,92,192,131,144,193,312
2018_2,솔매로41길,3265,1604,1661,354,480,458,472,608,893,185,246,254,234,294,391,169,234,204,238,314,502
2018_2,삼양로93길,3217,1592,1625,469,425,416,493,552,862,254,213,227,250,259,389,215,212,189,243,293,473
2018_2,삼양로77길,3107,1592,1515,399,394,447,443,532,892,209,229,241,236,270,407,190,165,206,207,262,485
2018_2,삼양로54길,3738,1844,1894,430,523,557,563,680,985,226,251,293,293,346,435,204,272,264,270,334,550
2018_2,삼양로41길,4241,2140,2101,448,559,478,616,830,1310,231,289,270,334,446,570,217,270,208,282,384,740
2018_2,삼양로27길,1338,660,678,297,138,216,283,194,210,157,72,100,140,97,94,140,66,116,143,97,116
2018_2,삼양로24길,2913,1451,1462,273,303,347,402,565,1023,132,162,194,212,284,467,141,141,153,190,281,556
2018_2,삼양로20길,2154,1095,1059,245,320,220,318,426,625,130,184,122,169,213,277,115,136,98,149,213,348
2018_2,삼각산로28길,3903,1898,2005,408,678,679,535,660,943,210,339,356,266,308,419,198,339,323,269,352,524
2018_2,도봉로99길,2328,1151,1177,216,430,366,338,419,559,107,223,201,173,208,239,109,207,165,165,211,320
2018_2,도봉로8길,245,125,120,16,25,43,43,51,67,8,13,25,26,28,25,8,12,18,17,23,42
2018_2,도봉로76길,3422,1536,1886,304,703,555,468,543,849,128,227,294,236,264,387,176,476,261,232,279,462
2018_2,도봉로67길,1670,822,848,166,238,251,207,280,528,91,112,143,106,132,238,75,126,108,101,148,290
2018_2,도봉로45길,3389,1643,1746,379,534,524,549,559,844,185,246,284,286,247,395,194,288,240,263,312,449
2018_2,도봉로18길,3009,1497,1512,343,365,431,448,562,860,178,181,255,228,271,384,165,184,176,220,291,476
2018_2,도봉로13길,1686,844,842,170,249,213,233,322,499,86,145,124,118,154,217,84,104,89,115,168,282
2018_2,덕릉로41길,2351,1125,1226,176,479,418,346,356,576,86,214,220,178,165,262,90,265,198,168,191,314
2018_2,덕릉로40길,2163,1086,1077,303,313,309,351,371,516,170,141,153,194,187,241,133,172,156,157,184,275
2018_2,노해로33길,2631,1282,1349,320,353,381,401,454,722,173,195,203,197,212,302,147,158,178,204,242,420
2018_2,노해로23길,1393,677,716,202,188,196,235,239,333,101,99,109,120,95,153,101,89,87,115,144,180
2018_2,노해로17길,2605,1301,1304,291,417,366,407,468,656,143,210,208,219,229,292,148,207,158,188,239,364
2018_2,화랑로40길,2120,1084,1036,251,281,310,373,397,508,130,140,170,195,211,238,121,141,140,178,186,270
2018_2,화랑로32길,3324,1654,1670,363,521,423,517,575,925,201,264,218,274,282,415,162,257,205,243,293,510
2018_2,화랑로1길,2863,1453,1410,362,347,417,474,460,803,198,166,224,265,236,364,164,181,193,209,224,439
2018_2,화랑로19길,2341,1193,1148,291,298,259,365,444,684,155,163,138,189,224,324,136,135,121,176,220,360
2018_2,화랑로14길,1348,682,666,140,295,194,190,217,312,70,161,108,106,105,132,70,134,86,84,112,180
2018_2,화랑로13길,1293,575,718,139,334,193,155,183,289,68,109,99,75,89,135,71,225,94,80,94,154
2018_2,한천로76길,2204,1089,1115,259,328,299,326,419,573,127,172,151,171,197,271,132,156,148,155,222,302
2018_2,한천로101가길,1192,602,590,263,128,154,227,200,220,122,73,81,110,110,106,141,55,73,117,90,114
2018_2,창경궁로43길,1284,572,712,127,314,247,175,182,239,57,142,108,85,86,94,70,172,139,90,96,145
2018_2,지봉로20길,2609,1313,1296,268,466,425,413,420,617,139,237,241,221,203,272,129,229,184,192,217,345
2018_2,종암로5길,2331,1272,1059,226,731,420,252,256,446,105,448,251,135,141,192,121,283,169,117,115,254
2018_2,종암로24가길,2241,1107,1134,391,247,413,354,318,518,199,139,204,181,163,221,192,108,209,173,155,297
2018_2,종암로21길,1731,849,882,290,265,272,298,255,351,149,133,131,155,125,156,141,132,141,143,130,195
2018_2,종암로19길,1896,930,966,261,282,272,301,317,463,123,157,143,144,154,209,138,125,129,157,163,254
2018_2,종암로16길,3308,1591,1717,364,413,408,460,569,1094,221,211,209,210,284,456,143,202,199,250,285,638
2018_2,정릉로8길,1819,957,862,202,393,257,226,261,480,113,231,147,123,139,204,89,162,110,103,122,276
2018_2,정릉로27길,3481,1714,1767,515,443,477,547,546,953,278,240,254,256,275,411,237,203,223,291,271,542
2018_2,정릉로26길,1890,924,966,285,193,240,343,290,539,148,104,117,171,146,238,137,89,123,172,144,301
2018_2,장위로50길,290,162,128,15,39,25,47,76,88,4,23,13,29,45,48,11,16,12,18,31,40
2018_2,장월로1길,2071,959,1112,215,457,282,265,309,543,103,166,152,144,158,236,112,291,130,121,151,307
2018_2,인촌로6길,984,491,493,155,132,163,183,137,214,78,74,79,91,69,100,77,58,84,92,68,114
2018_2,인촌로5길,1491,644,847,120,497,254,174,165,281,59,177,123,79,83,123,61,320,131,95,82,158
2018_2,인촌로24길,705,406,299,45,282,113,71,70,124,21,168,74,44,38,61,24,114,39,27,32,63
2018_2,개운사길,994,495,499,64,537,132,67,63,131,35,268,75,34,32,51,29,269,57,33,31,80
2018_2,인촌로1길,1033,505,528,77,228,181,137,158,252,35,103,93,79,83,112,42,125,88,58,75,140
2018_2,인촌로17가길,1628,818,810,147,536,243,221,185,296,80,291,117,108,90,132,67,245,126,113,95,164
2018_2,오패산로4길,3012,1452,1560,327,601,400,432,485,767,145,261,217,236,245,348,182,340,183,196,240,419
2018_2,오패산로3길,3356,1646,1710,460,394,445,474,562,1021,224,206,245,258,257,456,236,188,200,216,305,565
2018_2,오패산로19길,1679,830,849,165,215,203,253,311,532,83,115,100,131,162,239,82,100,103,122,149,293
2018_2,안암로5길,2238,1110,1128,251,428,384,375,351,449,133,220,207,191,176,183,118,208,177,184,175,266
2018_2,아리랑로4길,3122,1373,1749,279,831,641,376,364,631,139,317,298,173,177,269,140,514,343,203,187,362
2018_2,솔샘로6길,1897,943,954,253,316,261,251,292,524,135,169,135,122,156,226,118,147,126,129,136,298
2018_2,성북로8길,1629,795,834,276,229,251,279,260,334,144,117,122,135,129,148,132,112,129,144,131,186
2018_2,삼양로8길,780,372,408,87,94,99,122,124,254,43,44,52,64,65,104,44,50,47,58,59,150
2018_2,삼선교로16가길,1805,914,891,237,268,249,274,307,470,125,149,140,141,154,205,112,119,109,133,153,265
2018_2,삼선교로10다길,2234,1113,1121,222,423,331,328,354,576,114,227,179,172,168,253,108,196,152,156,186,323
2018_2,삼선교로10길,2364,1112,1252,258,501,382,324,336,563,132,249,192,154,145,240,126,252,190,170,191,323
2018_2,보문로32길,1284,443,841,70,503,301,127,105,178,31,106,134,54,42,76,39,397,167,73,63,102
2018_2,보문로31길,2899,1321,1578,342,618,529,416,384,610,176,263,253,200,179,250,166,355,276,216,205,360
2018_2,보문로26길,1306,626,680,119,387,215,159,170,256,65,186,116,78,86,95,54,201,99,81,84,161
2018_2,보문로13길,2554,1233,1321,242,426,387,416,450,633,127,202,209,206,204,285,115,224,178,210,246,348
2018_2,보국문로16길,2972,1462,1510,442,408,435,468,475,744,234,210,222,246,228,322,208,198,213,222,247,422
2018_2,동소문로6길,278,132,146,28,35,35,36,52,92,16,17,18,18,27,36,12,18,17,18,25,56
2018_2,동소문로2길,385,197,188,37,61,43,57,64,123,22,31,25,31,31,57,15,30,18,26,33,66
2018_2,동소문로26가길,2304,923,1381,149,700,409,295,239,512,63,200,182,145,111,222,86,500,227,150,128,290
2018_2,동소문로15길,1078,459,619,124,278,195,149,128,204,65,96,91,68,58,81,59,182,104,81,70,123
2018_2,동소문로13길,2933,1327,1606,472,555,403,462,445,596,232,229,189,213,209,255,240,326,214,249,236,341
2018_2,돌곶이로8길,1343,685,658,145,164,162,171,264,437,76,89,85,100,134,201,69,75,77,71,130,236
2018_2,돌곶이로41길,1932,985,947,266,239,264,311,342,510,148,124,154,154,175,230,118,115,110,157,167,280
2018_2,돌곶이로28길,1116,607,509,130,136,133,180,222,315,72,68,69,102,130,166,58,68,64,78,92,149
2018_2,돌곶이로27길,2985,1508,1477,331,370,349,468,572,895,168,207,185,240,297,411,163,163,164,228,275,484
2018_2,돌곶이로22길,1174,588,586,139,187,160,178,207,303,67,88,93,86,99,155,72,99,67,92,108,148
2018_2,돌곶이로14길,1412,687,725,186,188,171,215,253,399,104,80,81,110,133,179,82,108,90,105,120,220
2018_2,길음로7길,282,145,137,15,22,27,33,44,141,8,11,16,19,25,66,7,11,11,14,19,75
2018_2,중랑천로10길,2621,1324,1297,306,350,385,438,490,652,159,174,205,232,252,302,147,176,180,206,238,350
2018_2,용마산로94길,3344,1730,1614,421,473,440,490,673,847,213,268,242,267,335,405,208,205,198,223,338,442
2018_2,용마산로118길,2007,1052,955,173,233,236,289,450,626,86,120,137,159,248,302,87,113,99,130,202,324
2018_2,용마산로112길,2403,1212,1191,304,333,282,341,481,662,148,172,149,175,250,318,156,161,133,166,231,344
2018_2,용마산로100길,3091,1554,1537,449,436,429,497,557,723,224,226,226,233,315,330,225,210,203,264,242,393
2018_2,신내로7가길,2665,1313,1352,589,325,433,461,410,447,299,172,222,224,206,190,290,153,211,237,204,257
2018_2,사가정로54길,3221,1600,1621,309,494,580,506,537,795,171,240,308,281,248,352,138,254,272,225,289,443
2018_2,사가정로42길,3139,1544,1595,432,430,456,464,565,792,213,226,223,240,261,381,219,204,233,224,304,411
2018_2,봉화산로56길,3830,1870,1960,682,504,553,621,678,792,346,269,280,311,319,345,336,235,273,310,359,447
2018_2,봉화산로4길,4672,2476,2196,441,604,699,707,972,1249,243,314,389,391,529,610,198,290,310,316,443,639
2018_2,봉화산로30길,3175,1595,1580,419,501,541,452,546,716,222,248,283,237,278,327,197,253,258,215,268,389
2018_2,봉우재로33길,2006,974,1032,169,376,447,259,315,440,78,157,237,134,151,217,91,219,210,125,164,223
2018_2,면목로78길,5435,2713,2722,646,797,851,799,1006,1336,325,398,478,417,499,596,321,399,373,382,507,740
2018_2,면목로56길,2806,1432,1374,311,425,395,426,600,649,164,234,218,217,294,305,147,191,177,209,306,344
2018_2,면목로55길,1986,1014,972,283,285,307,338,363,410,143,142,156,182,193,198,140,143,151,156,170,212
2018_2,면목로49길,2892,1457,1435,290,341,489,488,514,770,172,152,264,270,243,356,118,189,225,218,271,414
2018_2,면목로48길,3102,1496,1606,362,483,551,478,540,688,189,224,286,245,247,305,173,259,265,233,293,383
2018_2,면목로45길,1387,698,689,120,225,206,231,244,361,54,112,107,129,131,165,66,113,99,102,113,196
2018_2,면목로33길,2677,1363,1314,395,367,388,446,454,627,209,188,201,233,253,279,186,179,187,213,201,348
2018_2,면목로21길,1940,985,955,261,265,312,336,330,436,143,142,162,177,163,198,118,123,150,159,167,238
2018_2,망우로73길,1475,782,693,180,191,163,234,279,428,86,109,94,128,143,222,94,82,69,106,136,206
2018_2,망우로68길,2331,1208,1123,277,338,331,325,476,584,148,188,183,166,234,289,129,150,148,159,242,295
2018_2,동일로163길,3704,1862,1842,474,530,710,548,644,798,243,253,401,269,325,371,231,277,309,279,319,427
2018_2,동일로157길,2700,1345,1355,253,458,510,392,458,629,129,208,281,217,234,276,124,250,229,175,224,353
2018_2,동일로149길,2979,1466,1513,430,434,508,465,505,637,226,212,262,235,250,281,204,222,246,230,255,356
2018_2,동일로140길,2409,1252,1157,308,362,425,326,421,567,179,199,224,188,210,252,129,163,201,138,211,315
2018_2,동일로139길,2828,1457,1371,226,353,370,420,622,837,115,173,201,226,340,402,111,180,169,194,282,435
2018_2,동일로139가길,1880,970,910,249,285,289,269,371,417,136,154,152,143,185,200,113,131,137,126,186,217
2018_2,동일로130길,3425,1635,1790,481,536,551,470,630,757,223,275,268,240,292,337,258,261,283,230,338,420
2018_2,동일로123길,2702,1361,1341,253,402,375,372,587,713,144,205,203,176,303,330,109,197,172,196,284,383
2018_2,동일로112길,4311,2107,2204,394,752,848,608,775,934,214,347,426,317,367,436,180,405,422,291,408,498
2018_2,동일로101길,3074,1518,1556,466,414,372,544,583,695,207,210,197,281,301,322,259,204,175,263,282,373
2018_2,동일로100길,5085,2589,2496,616,760,797,701,985,1226,324,380,444,356,492,593,292,380,353,345,493,633
2018_2,답십리로75길,1999,985,1014,260,296,313,309,386,435,135,137,172,150,198,193,125,159,141,159,188,242
2018_2,공릉로2길,4127,1983,2144,471,612,780,618,611,1035,231,306,387,315,281,463,240,306,393,303,330,572
2018_2,공릉로12가길,1426,710,716,298,184,199,256,213,276,155,105,100,125,101,124,143,79,99,131,112,152
2018_2,겸재로54길,5164,2595,2569,653,807,878,794,951,1081,331,428,459,410,464,503,322,379,419,384,487,578
2018_2,겸재로36길,4233,2089,2144,423,614,671,703,789,1033,214,290,354,347,404,480,209,324,317,356,385,553
2018_2,겸재로29길,2304,1178,1126,228,352,383,346,437,558,119,180,202,194,224,259,109,172,181,152,213,299
2018_2,휘경로3길,3365,1678,1687,306,607,519,504,581,848,154,314,277,272,299,362,152,293,242,232,282,486
2018_2,휘경로2길,1298,656,642,105,368,213,159,171,282,49,175,129,92,87,124,56,193,84,67,84,158
2018_2,휘경로23길,2537,1245,1292,220,304,360,434,419,800,100,165,201,234,224,321,120,139,159,200,195,479
2018_2,휘경로14길,2003,1041,962,143,315,260,307,396,582,70,175,142,178,206,270,73,140,118,129,190,312
2018_2,한천로46길,2256,1095,1161,401,263,297,404,369,522,202,123,162,187,185,236,199,140,135,217,184,286
2018_2,한천로40길,1830,926,904,178,234,210,289,352,567,88,127,111,156,188,256,90,107,99,133,164,311
2018_2,한천로33길,861,425,436,130,118,115,153,157,188,69,55,51,81,79,90,61,63,64,72,78,98
2018_2,한천로14길,3195,1665,1530,339,370,428,508,653,897,178,194,227,280,357,429,161,176,201,228,296,468
2018_2,천호대로97길,2800,1441,1359,412,428,517,480,399,564,216,222,271,253,196,283,196,206,246,227,203,281
2018_2,천호대로77길,2398,1251,1147,292,378,381,365,432,550,154,209,216,186,206,280,138,169,165,179,226,270
2018_2,천호대로45길,2557,1344,1213,231,379,379,333,427,808,117,208,220,196,220,383,114,171,159,137,207,425
2018_2,천호대로17길,2849,1424,1425,241,573,580,429,429,597,124,254,321,237,230,258,117,319,259,192,199,339
2018_2,천호대로12길,235,133,102,27,26,25,41,56,60,13,14,13,27,35,31,14,12,12,14,21,29
2018_2,천장산로7길,1377,699,678,123,751,160,92,86,165,49,398,92,46,39,75,74,353,68,46,47,90
2018_2,제기로5길,992,544,448,61,204,151,135,146,295,36,108,99,83,84,134,25,96,52,52,62,161
2018_2,제기로21길,3176,1619,1557,280,318,333,425,541,1279,134,177,207,227,287,587,146,141,126,198,254,692
2018_2,전농로4길,1470,756,714,106,183,141,241,324,475,60,101,73,133,174,215,46,82,68,108,150,260
2018_2,전농로3길,1744,872,872,214,255,193,284,333,465,115,131,104,139,167,216,99,124,89,145,166,249
2018_2,전농로29길,2023,1002,1021,244,283,226,293,392,585,121,162,127,148,192,252,123,121,99,145,200,333
2018_2,장한로8길,2328,1163,1165,316,349,414,337,394,518,167,181,206,167,188,254,149,168,208,170,206,264
2018_2,장한로5길,2077,1043,1034,290,293,363,315,350,466,156,144,194,165,168,216,134,149,169,150,182,250
2018_2,장한로27길,916,497,419,99,113,151,153,175,225,54,61,84,87,96,115,45,52,67,66,79,110
2018_2,장한로27가길,998,497,501,128,141,131,149,173,276,61,78,67,75,90,126,67,63,64,74,83,150
2018_2,장한로26길,2637,1301,1336,495,293,380,513,363,593,257,153,173,267,176,275,238,140,207,246,187,318
2018_2,장한로26가길,1372,676,696,190,210,261,221,197,293,91,97,133,119,90,146,99,113,128,102,107,147
2018_2,장한로25길,567,287,280,76,78,109,81,104,119,42,46,57,40,47,55,34,32,52,41,57,64
2018_2,장한로14길,1436,736,700,239,163,232,241,195,366,128,85,122,132,98,171,111,78,110,109,97,195
2018_2,이문로42길,3536,1798,1738,397,582,484,517,582,974,206,290,280,274,302,446,191,292,204,243,280,528
2018_2,왕산로43길,3487,1795,1692,352,388,480,509,667,1091,175,221,265,289,366,479,177,167,215,220,301,612
2018_2,왕산로33길,521,255,266,28,59,52,53,88,241,13,28,28,29,49,108,15,31,24,24,39,133
2018_2,왕산로32길,1088,572,516,72,177,156,142,195,346,34,88,82,91,112,165,38,89,74,51,83,181
2018_2,약령시로17길,1589,837,752,100,184,175,194,293,643,57,102,99,122,168,289,43,82,76,72,125,354
2018_2,서울시립대로4길,2404,1214,1190,380,304,429,390,352,549,205,147,218,207,186,251,175,157,211,183,166,298
2018_2,서울시립대로29길,4087,2086,2001,454,1061,646,450,533,943,240,570,375,252,251,398,214,491,271,198,282,545
2018_2,서울시립대로16길,3454,1697,1757,408,583,381,512,685,885,214,292,214,262,326,389,194,291,167,250,359,496
2018_2,사가정로2길,1838,901,937,245,253,274,300,324,442,119,138,133,155,167,189,126,115,141,145,157,253
2018_2,사가정로23가길,1981,960,1021,314,276,273,314,348,456,151,140,147,152,156,214,163,136,126,162,192,242
2018_2,사가정로13길,2017,977,1040,205,268,260,262,409,613,97,137,136,136,201,270,108,131,124,126,208,343
2018_2,무학로45길,1206,700,506,107,331,209,135,172,252,53,215,136,80,95,121,54,116,73,55,77,131
2018_2,무학로16길,1361,697,664,148,176,193,195,269,380,69,110,106,109,126,177,79,66,87,86,143,203
2018_2,망우로21길,540,281,259,66,86,78,64,86,160,35,46,42,34,41,83,31,40,36,30,45,77
2018_2,망우로18길,1552,770,782,165,544,214,181,166,282,81,268,117,97,81,126,84,276,97,84,85,156
2018_2,망우로18가길,2562,1335,1227,231,847,341,259,316,568,117,481,199,138,141,259,114,366,142,121,175,309
2018_2,답십리로72길,1160,580,580,150,171,228,176,195,240,76,90,110,98,90,116,74,81,118,78,105,124
2018_2,답십리로69길,1791,946,845,309,199,311,291,269,412,172,108,165,157,133,211,137,91,146,134,136,201
2018_2,답십리로68길,3339,1718,1621,387,472,753,576,564,587,221,240,409,300,277,271,166,232,344,276,287,316
2018_2,답십리로64길,2880,1435,1445,355,372,449,457,551,696,174,193,245,238,278,307,181,179,204,219,273,389
2018_2,답십리로63길,1449,741,708,173,207,193,222,260,394,83,112,115,116,130,185,90,95,78,106,130,209
2018_2,답십리로60길,1754,911,843,203,247,227,252,333,492,109,134,127,137,172,232,94,113,100,115,161,260
2018_2,답십리로56길,3728,1856,1872,439,466,475,588,681,1079,213,262,263,306,339,473,226,204,212,282,342,606
2018_2,답십리로23길,2160,1074,1086,270,338,314,326,368,544,160,167,147,169,182,249,110,171,167,157,186,295
2018_2,난계로30길,217,128,89,19,31,28,37,35,67,12,15,17,23,21,40,7,16,11,14,14,27
2018_2,경희대로4길,1228,628,600,114,407,170,155,141,241,49,216,100,82,68,113,65,191,70,73,73,128
2018_2,경희대로3길,581,279,302,35,228,106,55,56,101,19,103,50,26,33,48,16,125,56,29,23,53
2018_2,천호대로129길,3386,1624,1762,500,504,569,524,554,735,250,250,280,260,257,327,250,254,289,264,297,408
2018_2,천호대로123길,3034,1474,1560,440,482,523,460,541,588,233,239,261,229,249,263,207,243,262,231,292,325
2018_2,천호대로109길,3593,1681,1912,405,676,739,521,567,685,207,279,348,255,272,320,198,397,391,266,295,365
2018_2,자양번영로3길,3749,1884,1865,557,562,542,588,687,813,285,312,265,303,343,376,272,250,277,285,344,437
2018_2,자양로53길,2763,1326,1437,382,372,450,389,498,672,196,175,214,187,239,315,186,197,236,202,259,357
2018_2,자양로50길,4604,2227,2377,661,638,724,697,781,1103,349,333,368,337,354,486,312,305,356,360,427,617
2018_2,자양로45길,2625,1254,1371,304,397,461,400,481,582,169,189,216,197,224,259,135,208,245,203,257,323
2018_2,자양로26길,3062,1458,1604,364,609,557,510,498,524,188,263,275,251,241,240,176,346,282,259,257,284
2018_2,자양로15길,1887,865,1022,197,345,317,275,307,446,97,153,138,125,154,198,100,192,179,150,153,248
2018_2,자양로11길,3902,1897,2005,408,613,732,577,682,890,193,302,387,291,326,398,215,311,345,286,356,492
2018_2,용마산로3길,3931,1905,2026,642,608,779,610,593,699,345,295,370,300,277,318,297,313,409,310,316,381
2018_2,용마산로21길,5416,2689,2727,696,879,980,771,1000,1090,353,449,518,372,487,510,343,430,462,399,513,580
2018_2,아차산로78길,1782,866,916,272,253,365,268,269,355,147,123,173,132,123,168,125,130,192,136,146,187
2018_2,아차산로65길,2928,1390,1538,552,442,456,531,423,524,267,217,217,248,201,240,285,225,239,283,222,284
2018_2,아차산로55길,2925,1362,1563,243,624,667,396,402,593,128,296,324,203,159,252,115,328,343,193,243,341
2018_2,아차산로51길,1774,825,949,170,447,410,215,262,270,84,187,199,101,131,123,86,260,211,114,131,147
2018_2,아차산로40길,3059,1513,1546,390,547,551,460,495,616,205,281,267,240,249,271,185,266,284,220,246,345
2018_2,면목로17길,4173,2081,2092,409,603,740,600,790,1031,200,320,399,303,387,472,209,283,341,297,403,559
2018_2,뚝섬로64길,3001,1521,1480,406,512,498,441,518,626,223,257,268,213,252,308,183,255,230,228,266,318
2018_2,뚝섬로58길,3517,1692,1825,590,506,641,593,513,674,303,246,317,272,244,310,287,260,324,321,269,364
2018_2,뚝섬로54길,3555,1750,1805,631,502,659,641,567,555,327,259,329,305,273,257,304,243,330,336,294,298
2018_2,뚝섬로48길,3660,1772,1888,488,561,688,601,595,727,254,267,329,306,285,331,234,294,359,295,310,396
2018_2,뚝섬로24길,2990,1514,1476,319,408,515,446,567,735,158,219,284,226,291,336,161,189,231,220,276,399
2018_2,뚝섬로23길,1882,919,963,205,254,296,280,347,500,95,125,153,149,179,218,110,129,143,131,168,282
2018_2,동일로24길,2959,1431,1528,229,900,630,352,344,504,117,391,328,191,172,232,112,509,302,161,172,272
2018_2,동일로18길,1891,974,917,158,319,338,268,347,461,78,159,187,142,194,214,80,160,151,126,153,247
2018_2,능동로4길,3043,1493,1550,650,401,487,550,504,451,332,203,224,267,247,220,318,198,263,283,257,231
2018_2,능동로3길,3677,1829,1848,355,445,523,521,741,1092,167,233,266,283,374,506,188,212,257,238,367,586
2018_2,능동로34길,5130,2375,2755,580,921,1278,750,654,947,304,386,580,377,306,422,276,535,698,373,348,525
2018_2,능동로19길,2325,1144,1181,95,848,419,254,283,426,39,364,218,153,175,195,56,484,201,101,108,231
2018_2,능동로13길,3630,1719,1911,212,1365,750,360,387,556,112,573,400,189,200,245,100,792,350,171,187,311
2018_2,긴고랑로9길,2130,1061,1069,254,345,384,308,364,475,137,161,206,158,176,223,117,184,178,150,188,252
2018_2,긴고랑로8길,4141,2086,2055,408,654,880,601,705,893,228,316,459,318,344,421,180,338,421,283,361,472
2018_2,긴고랑로7길,4618,2266,2352,627,663,717,775,818,1018,319,323,366,394,393,471,308,340,351,381,425,547
2018_2,긴고랑로20길,4183,2002,2181,534,665,763,629,699,893,278,319,376,309,314,406,256,346,387,320,385,487
2018_2,광나루로52길,4306,2040,2266,581,687,834,700,669,835,269,335,410,350,317,359,312,352,424,350,352,476
2018_2,광나루로40길,3920,1961,1959,427,697,794,623,545,834,212,346,423,319,292,369,215,351,371,304,253,465
2018_2,광나루로37길,685,333,352,100,101,98,92,126,168,49,50,51,46,65,72,51,51,47,46,61,96
2018_2,광나루로36길,2660,1298,1362,334,406,492,427,425,576,160,208,238,226,216,250,174,198,254,201,209,326
2018_2,광나루로24길,1256,675,581,85,417,213,158,145,238,43,236,124,98,70,104,42,181,89,60,75,134
2018_2,광나루로12길,2710,1315,1395,117,1397,624,220,167,185,54,601,338,133,95,94,63,796,286,87,72,91
2018_2,한림말길,2147,990,1157,203,292,349,304,397,602,88,132,169,154,204,243,115,160,180,150,193,359
2018_2,한림말3길,927,441,486,113,133,180,153,118,230,56,58,86,83,56,102,57,75,94,70,62,128
2018_2,청계천로10나길,2678,1370,1308,314,425,366,397,511,665,167,232,201,198,272,300,147,193,165,199,239,365
2018_2,장터길,1974,956,1018,200,258,299,322,320,575,111,133,149,169,149,245,89,125,150,153,171,330
2018_2,용답중앙길,2720,1411,1309,308,422,344,444,506,696,163,225,189,237,259,338,145,197,155,207,247,358
2018_2,용답29길,3094,1553,1541,317,470,474,480,578,775,160,225,247,255,311,355,157,245,227,225,267,420
2018_2,왕십리로6길,2031,1034,997,265,340,376,344,297,409,137,171,190,175,163,198,128,169,186,169,134,211
2018_2,왕십리로31길,2900,1383,1517,318,505,513,456,436,672,148,225,266,235,219,290,170,280,247,221,217,382
2018_2,왕십리로26길,2849,1432,1417,341,571,421,435,504,577,183,274,216,221,277,261,158,297,205,214,227,316
2018_2,왕십리로21길,2438,1142,1296,314,464,381,390,392,497,149,210,199,188,185,211,165,254,182,202,207,286
2018_2,왕십리로14길,1810,941,869,213,306,302,271,319,399,128,153,144,139,170,207,85,153,158,132,149,192
2018_2,아차산로5길,1533,819,714,141,312,340,214,243,283,86,153,190,115,139,136,55,159,150,99,104,147
2018_2,아차산로15길,435,260,175,4,146,168,54,34,29,1,58,109,45,29,18,3,88,59,9,5,11
2018_2,아차산로11길,351,206,145,39,42,60,67,75,68,19,24,31,44,46,42,20,18,29,23,29,26
2018_2,송정4가길,2681,1438,1243,277,452,393,375,548,636,140,246,215,213,305,319,137,206,178,162,243,317
2018_2,송정12라길,1302,701,601,147,199,185,207,247,317,80,110,100,127,134,150,67,89,85,80,113,167
2018_2,성수일로6길,628,362,266,69,116,85,109,132,117,33,62,48,64,86,69,36,54,37,45,46,48
2018_2,성수이로7길,1283,695,588,111,287,238,172,220,255,60,133,145,96,123,138,51,154,93,76,97,117
2018_2,성수이로18길,265,152,113,34,37,22,52,61,59,18,19,17,32,40,26,16,18,5,20,21,33
2018_2,성덕정길,3207,1672,1535,388,533,417,493,702,674,200,294,227,245,406,300,188,239,190,248,296,374
2018_2,성덕정17길,3554,1882,1672,388,468,491,551,744,912,199,249,269,308,429,428,189,219,222,243,315,484
2018_2,서울숲2길,1873,930,943,238,296,377,298,293,371,115,160,189,160,144,162,123,136,188,138,149,209
2018_2,상원길,1131,578,553,130,200,219,197,178,207,65,102,112,106,94,99,65,98,107,91,84,108
2018_2,상원12길,2422,1221,1201,335,406,453,372,410,446,172,204,235,202,205,203,163,202,218,170,205,243
2018_2,사근동길,2366,1324,1042,155,926,311,211,255,508,74,592,190,119,123,226,81,334,121,92,132,282
2018_2,무학봉길,2281,1146,1135,349,393,333,364,372,470,187,211,171,181,182,214,162,182,162,183,190,256
2018_2,무학봉28길,1010,473,537,76,231,156,142,180,225,34,108,80,73,94,84,42,123,76,69,86,141
2018_2,무학로6길,1776,873,903,176,309,315,280,297,399,96,143,157,152,150,175,80,166,158,128,147,224
2018_2,무수막길,2224,1066,1158,269,256,334,381,380,604,127,115,174,198,195,257,142,141,160,183,185,347
2018_2,매봉길,5851,2748,3103,963,732,1480,982,807,887,489,359,652,486,363,399,474,373,828,496,444,488
2018_2,마조로1길,1209,560,649,71,575,214,76,111,162,35,251,102,38,54,80,36,324,112,38,57,82
2018_2,마조로16길,2537,1252,1285,298,366,325,347,452,749,154,176,156,184,235,347,144,190,169,163,217,402
2018_2,마장로39길,943,467,476,169,134,154,158,158,170,89,64,81,76,78,79,80,70,73,82,80,91
2018_2,마장로27길,1877,931,946,236,307,303,266,302,463,131,153,150,145,147,205,105,154,153,121,155,258
2018_2,뚝섬로5길,1638,805,833,234,239,321,289,258,297,109,102,159,142,153,140,125,137,162,147,105,157
2018_2,둘레9길,2918,1571,1347,309,435,385,455,653,681,160,236,220,252,379,324,149,199,165,203,274,357
2018_2,금호산길,3345,1653,1692,449,459,458,517,594,868,248,234,244,256,291,380,201,225,214,261,303,488
2018_2,금호산2길,2323,1157,1166,291,353,310,330,399,640,162,198,167,164,197,269,129,155,143,166,202,371
2018_2,고산자로6길,2620,1363,1257,221,430,347,386,512,724,117,235,198,209,262,342,104,195,149,177,250,382
2018_2,후암로28길,5659,2727,2932,874,761,952,952,863,1257,469,386,467,478,398,529,405,375,485,474,465,728
2018_2,효창원로39길,2918,1397,1521,392,422,546,459,416,683,202,201,277,226,213,278,190,221,269,233,203,405
2018_2,회나무로13길,2232,981,1251,184,257,355,344,354,738,93,136,160,160,154,278,91,121,195,184,200,460
2018_2,한남대로20길,563,250,313,42,100,144,89,71,117,18,36,73,42,29,52,24,64,71,47,42,65
2018_2,한강대로88길,127,102,25,3,7,15,24,35,43,2,5,11,17,34,33,1,2,4,7,1,10
2018_2,한강대로7길,740,398,342,57,61,100,96,133,293,33,37,55,57,80,136,24,24,45,39,53,157
2018_2,한강대로62길,904,460,444,77,118,154,114,169,272,47,60,83,58,89,123,30,58,71,56,80,149
2018_2,한강대로52길,632,316,316,34,83,126,97,71,221,20,43,67,52,49,85,14,40,59,45,22,136
2018_2,한강대로43길,1556,739,817,109,252,517,234,191,253,59,97,228,123,98,134,50,155,289,111,93,119
2018_2,한강대로15길,493,260,233,34,61,67,80,82,169,18,37,42,46,42,75,16,24,25,34,40,94
2018_2,한강대로104길,2565,1413,1152,245,338,388,409,520,665,133,163,197,250,336,334,112,175,191,159,184,331
2018_2,청파로73길,2541,1298,1243,279,404,387,403,462,606,152,221,219,212,237,257,127,183,168,191,225,349
2018_2,청파로71길,4244,2147,2097,533,756,735,647,686,887,278,404,415,328,327,395,255,352,320,319,359,492
2018_2,청파로47나길,3049,1446,1603,345,711,644,440,403,506,187,261,339,221,207,231,158,450,305,219,196,275
2018_2,청파로47길,1608,626,982,132,530,274,192,172,308,61,141,117,81,86,140,71,389,157,111,86,168
2018_2,장문로45길,2763,1344,1419,298,417,459,431,456,702,158,229,240,213,203,301,140,188,219,218,253,401
2018_2,이태원로54길,2356,1034,1322,131,248,416,388,404,769,62,95,205,202,188,282,69,153,211,186,216,487
2018_2,이태원로27길,657,325,332,55,101,127,104,82,188,28,52,72,51,42,80,27,49,55,53,40,108
2018_2,이촌로22길,1901,911,990,192,196,233,289,343,648,103,101,128,157,172,250,89,95,105,132,171,398
2018_2,원효로89길,981,473,508,74,177,170,163,158,239,37,66,90,86,86,108,37,111,80,77,72,131
2018_2,원효로53길,2332,1165,1167,237,390,487,328,327,563,124,198,268,180,164,231,113,192,219,148,163,332
2018_2,원효로41길,1442,701,741,195,172,205,253,210,407,86,95,112,140,95,173,109,77,93,113,115,234
2018_2,원효로19길,1859,907,952,264,319,299,286,281,410,131,158,156,142,137,183,133,161,143,144,144,227
2018_2,우사단로4길,2349,1176,1173,218,406,404,359,380,582,117,236,223,182,178,240,101,170,181,177,202,342
2018_2,우사단로14길,1217,625,592,107,164,259,213,179,295,55,89,144,119,87,131,52,75,115,94,92,164
2018_2,우사단로10길,2677,1419,1258,226,414,500,417,445,675,128,253,291,228,237,282,98,161,209,189,208,393
2018_2,신흥로20길,2730,1334,1396,377,361,453,431,399,709,200,185,249,216,182,302,177,176,204,215,217,407
2018_2,소월로20길,2247,1076,1171,232,317,426,301,365,606,117,162,223,138,164,272,115,155,203,163,201,334
2018_2,서빙고로71길,2504,1192,1312,293,304,303,399,444,761,150,149,159,204,227,303,143,155,144,195,217,458
2018_2,백범로90길,4100,1945,2155,612,602,1070,691,527,598,302,225,504,359,250,305,310,377,566,332,277,293
2018_2,백범로79길,4057,1912,2145,602,645,823,673,552,762,314,271,416,328,254,329,288,374,407,345,298,433
2018_2,두텁바위로1길,3230,1723,1507,283,446,450,489,564,998,146,243,246,265,330,493,137,203,204,224,234,505
2018_2,대사관로34길,1430,679,751,136,263,263,191,237,340,69,130,135,90,110,145,67,133,128,101,127,195
2018_2,녹사평대로46길,839,428,411,94,142,167,122,108,206,48,91,83,64,56,86,46,51,84,58,52,120
2018_2,녹사평대로40나길,756,354,402,98,118,133,121,90,196,41,53,73,65,39,83,57,65,60,56,51,113
2018_2,녹사평대로32길,537,271,266,43,86,123,69,65,151,26,47,62,39,30,67,17,39,61,30,35,84
2018_2,녹사평대로26길,965,465,500,81,160,199,130,144,251,46,86,111,56,71,95,35,74,88,74,73,156
2018_2,녹사평대로11길,413,207,206,43,49,69,78,59,115,24,26,35,38,38,46,19,23,34,40,21,69
2018_2,퇴계로90길,3389,1705,1684,357,505,410,583,651,883,187,262,206,312,351,387,170,243,204,271,300,496
2018_2,퇴계로8길,1496,763,733,86,139,148,192,241,690,34,57,91,99,126,356,52,82,57,93,115,334
2018_2,퇴계로56길,1142,591,551,97,184,130,163,203,365,55,104,71,95,105,161,42,80,59,68,98,204
2018_2,퇴계로46길,619,320,299,77,136,103,86,67,150,41,62,57,52,35,73,36,74,46,34,32,77
2018_2,퇴계로18길,712,348,364,89,90,130,115,90,198,45,51,71,54,44,83,44,39,59,61,46,115
2018_2,퇴계로12길,924,444,480,83,104,115,151,148,323,49,56,62,83,71,123,34,48,53,68,77,200
2018_2,청구로1길,2051,962,1089,215,284,256,328,393,575,97,138,139,163,205,220,118,146,117,165,188,355
2018_2,청구로17길,1798,894,904,198,309,282,253,315,441,106,144,154,127,157,206,92,165,128,126,158,235
2018_2,장충단로8길,1511,754,757,155,278,238,235,238,367,79,143,119,128,116,169,76,135,119,107,122,198
2018_2,삼일대로4길,112,66,46,32,12,27,21,11,9,22,5,15,11,7,6,10,7,12,10,4,3
2018_2,명동길,532,37,495,0,7,49,114,106,256,0,1,4,10,15,7,0,6,45,104,91,249
2018_2,동호로8길,699,331,368,82,140,131,106,84,156,40,62,70,55,44,60,42,78,61,51,40,96
2018_2,동호로20길,2165,1024,1141,291,366,357,356,333,462,151,175,183,163,153,199,140,191,174,193,180,263
2018_2,동호로15길,1867,900,967,177,262,232,304,316,576,98,130,116,148,174,234,79,132,116,156,142,342
2018_2,동호로11길,4663,2287,2376,539,731,767,771,730,1125,295,384,407,375,350,476,244,347,360,396,380,649
2018_2,동호로10길,2034,969,1065,223,402,434,295,295,385,115,179,202,145,147,181,108,223,232,150,148,204
2018_2,다산로39길,895,506,389,49,103,88,136,226,293,16,58,51,91,131,159,33,45,37,45,95,134
2018_2,다산로38길,1452,697,755,193,247,222,222,239,329,90,116,106,115,124,146,103,131,116,107,115,183
2018_2,다산로36길,2080,1022,1058,231,293,260,347,410,539,121,146,139,187,205,224,110,147,121,160,205,315
2018_2,다산로33길,3605,1802,1803,340,621,481,576,678,909,178,312,281,302,341,388,162,309,200,274,337,521
2018_2,난계로21길,973,489,484,68,217,265,118,132,173,35,107,131,66,76,74,33,110,134,52,56,99
2018_2,난계로11길,3342,1574,1768,270,731,723,488,519,611,128,282,343,252,274,295,142,449,380,236,245,316
2018_2,필운대로1길,710,321,389,131,87,91,149,94,158,61,43,42,62,49,64,70,44,49,87,45,94
2018_2,평창길,1869,928,941,318,403,186,230,262,470,188,214,93,101,121,211,130,189,93,129,141,259
2018_2,통일로12길,906,431,475,119,101,99,190,125,272,65,42,54,95,60,115,54,59,45,95,65,157
2018_2,창신길,2377,1201,1176,284,375,268,381,507,562,134,197,149,197,263,261,150,178,119,184,244,301
2018_2,창신5길,1318,702,616,91,162,126,183,318,438,47,99,72,90,178,216,44,63,54,93,140,222
2018_2,창신2길,849,442,407,77,108,96,124,194,250,40,59,55,75,94,119,37,49,41,49,100,131
2018_2,창경궁로35길,917,419,498,67,186,113,154,126,271,36,93,53,74,57,106,31,93,60,80,69,165
2018_2,지봉로8길,2375,1193,1182,247,312,300,389,456,671,128,157,170,218,227,293,119,155,130,171,229,378
2018_2,종로65길,3650,1897,1753,316,484,471,539,814,1026,164,237,268,277,446,505,152,247,203,262,368,521
2018_2,종로58가길,457,240,217,16,130,130,57,52,72,4,58,74,36,29,39,12,72,56,21,23,33
2018_2,종로24길,46,34,12,2,2,4,8,11,19,0,2,3,8,8,13,2,0,1,0,3,6
2018_2,자하문로7길,701,321,380,107,79,113,116,86,200,57,39,50,54,37,84,50,40,63,62,49,116
2018_2,이화장길,1663,822,841,204,351,308,227,232,341,103,172,156,105,122,164,101,179,152,122,110,177
2018_2,율곡로16길,470,253,217,43,73,79,70,87,118,28,42,47,41,43,52,15,31,32,29,44,66
2018_2,율곡로10길,262,153,109,8,24,29,42,55,104,5,14,18,31,35,50,3,10,11,11,20,54
2018_2,옥인길,2577,1158,1419,461,279,430,510,381,516,222,127,196,229,169,215,239,152,234,281,212,301
2018_2,숭인동길,924,481,443,90,126,105,143,187,273,49,73,56,77,107,119,41,53,49,66,80,154
2018_2,성균관로5길,940,447,493,75,325,144,112,109,175,39,156,74,59,46,73,36,169,70,53,63,102
2018_2,삼청로5길,768,349,419,72,74,118,90,130,284,30,34,54,47,58,126,42,40,64,43,72,158
2018_2,북촌로5나길,675,326,349,100,79,107,119,101,169,61,38,56,59,41,71,39,41,51,60,60,98
2018_2,북촌로5길,471,218,253,61,61,64,57,71,157,37,24,29,30,31,67,24,37,35,27,40,90
2018_2,북촌로11길,675,312,363,61,69,76,105,128,236,33,37,38,55,60,89,28,32,38,50,68,147
2018_2,백석동길,1702,835,867,238,241,245,292,303,383,127,143,112,136,135,182,111,98,133,156,168,201
2018_2,명륜길,1457,715,742,138,481,194,148,161,335,64,243,117,79,67,145,74,238,77,69,94,190
2018_2,돈화문로11가길,1195,671,524,105,173,207,215,195,300,54,98,135,119,118,147,51,75,72,96,77,153
2018_2,난계로27길,804,368,436,16,343,235,78,45,87,10,105,109,47,35,62,6,238,126,31,10,25
2018_2,계동길,1811,842,969,244,214,238,331,280,504,117,102,115,149,135,224,127,112,123,182,145,280
2018_1,강남 마이스 관광특구,21,15,6,5,1,3,3,4,5,4,0,2,2,3,4,1,1,1,1,1,1
2018_1,잠실 관광특구,9129,4450,4679,1171,1412,1898,1328,1447,1873,624,662,865,672,693,934,547,750,1033,656,754,939
2018_1,종로·청계 관광특구,2716,1652,1064,142,315,294,355,630,980,75,193,181,227,421,555,67,122,113,128,209,425
2018_1,동대문패션타운 관광특구,1665,873,792,160,272,305,217,302,409,78,137,167,119,164,208,82,135,138,98,138,201
2018_1,명동 남대문 북창동 다동 무교동 관광특구,660,245,415,25,47,71,136,112,269,8,26,44,39,36,92,17,21,27,97,76,177
2018_1,이태원 관광특구,6710,3211,3499,561,894,1250,1046,1121,1838,280,439,646,536,549,761,281,455,604,510,572,1077
2018_1,길동복조리시장,3445,1709,1736,537,447,561,533,548,819,305,222,281,280,236,385,232,225,280,253,312,434
2018_1,둔촌역전통시장,597,301,296,97,87,82,104,113,114,51,55,33,46,66,50,46,32,49,58,47,64
2018_1,성내골목시장,1048,549,499,124,143,180,167,197,237,58,77,105,84,105,120,66,66,75,83,92,117
2018_1,천호시장,150,77,73,7,8,21,28,35,51,3,4,8,18,22,22,4,4,13,10,13,29
2018_1,동서울시장,241,112,129,15,14,29,50,48,85,6,3,16,31,26,30,9,11,13,19,22,55
2018_1,고분다리골목시장,366,201,165,41,53,47,52,78,95,19,32,26,34,47,43,22,21,21,18,31,52
2018_1,양지골목시장,732,371,361,133,106,124,133,108,128,61,62,66,72,48,62,72,44,58,61,60,66
2018_1,암사종합시장,986,522,464,104,157,201,155,162,207,64,81,115,88,77,97,40,76,86,67,85,110
2018_1,고덕전통시장,312,163,149,34,32,49,47,64,86,23,22,27,25,32,34,11,10,22,22,32,52
2018_1,명일골목시장,2077,1009,1068,435,270,278,391,324,379,213,144,128,193,150,181,222,126,150,198,174,198
2018_1,새마을시장,2310,1136,1174,232,356,463,343,360,556,122,170,228,185,175,256,110,186,235,158,185,300
2018_1,석촌시장,857,444,413,122,135,135,138,171,156,62,69,67,75,95,76,60,66,68,63,76,80
2018_1,방이시장,5279,2545,2734,746,839,1060,802,849,983,406,378,530,390,393,448,340,461,530,412,456,535
2018_1,마천시장,1027,531,496,139,132,117,148,209,282,57,80,60,87,111,136,82,52,57,61,98,146
2018_1,풍납시장,2340,1134,1206,269,303,360,373,393,642,122,156,186,183,190,297,147,147,174,190,203,345
2018_1,강남개포시장,5,3,2,1,1,0,1,1,1,1,1,0,0,1,0,0,0,0,1,0,1
2018_1,도곡시장,220,96,124,57,28,28,57,29,21,29,12,8,24,15,8,28,16,20,33,14,13
2018_1,청담삼익시장,144,68,76,18,18,20,12,23,53,8,8,9,7,9,27,10,10,11,5,14,26
2018_1,논현종합시장,85,33,52,14,2,19,15,7,28,5,0,8,5,3,12,9,2,11,10,4,16
2018_1,영동전통시장,1200,564,636,115,214,311,196,155,209,57,97,145,103,68,94,58,117,166,93,87,115
2018_1,강남시장_강남,289,134,155,44,32,50,50,29,84,24,16,24,22,13,35,20,16,26,28,16,49
2018_1,양재시장,83,47,36,8,18,9,17,9,22,5,11,4,8,7,12,3,7,5,9,2,10
2018_1,남부종합시장,185,95,90,38,24,16,38,26,43,25,12,7,20,10,21,13,12,9,18,16,22
2018_1,우림시장,56,23,33,9,8,10,6,8,15,6,2,2,3,4,6,3,6,8,3,4,9
2018_1,미성동도깨비시장,665,312,353,69,101,73,107,107,208,31,47,35,60,53,86,38,54,38,47,54,122
2018_1,신신림시장,122,59,63,11,10,16,11,19,55,4,5,9,5,15,21,7,5,7,6,4,34
2018_1,삼성동시장,150,85,65,9,18,16,24,27,56,6,11,10,16,15,27,3,7,6,8,12,29
2018_1,신림중앙시장,58,35,23,6,15,18,4,6,9,3,10,11,3,2,6,3,5,7,1,4,3
2018_1,강남골목시장,597,307,290,57,133,130,76,82,119,23,70,76,41,45,52,34,63,54,35,37,67
2018_1,신림종합시장,3,2,1,0,0,0,2,0,1,0,0,0,1,0,1,0,0,0,1,0,0
2018_1,관악신사시장,2234,1140,1094,242,397,375,360,368,492,131,189,216,190,203,211,111,208,159,170,165,281
2018_1,신원시장,399,224,175,43,74,48,63,66,105,25,41,27,40,37,54,18,33,21,23,29,51
2018_1,인헌시장,1465,731,734,121,277,307,216,208,336,71,121,163,115,112,149,50,156,144,101,96,187
2018_1,봉천중앙시장,313,149,164,23,109,86,43,28,24,9,48,39,25,14,14,14,61,47,18,14,10
2018_1,봉천현대시장,12,4,8,1,1,0,2,4,4,1,0,0,1,2,0,0,1,0,1,2,4
2018_1,봉일시장,120,63,57,2,52,23,8,15,20,0,30,11,3,8,11,2,22,12,5,7,9
2018_1,봉천제일종합시장,387,173,214,28,95,55,54,66,89,14,32,29,22,37,39,14,63,26,32,29,50
2018_1,낙성대시장,641,298,343,52,226,145,72,55,91,18,91,82,43,24,40,34,135,63,29,31,51
2018_1,중부시장,562,268,294,46,143,118,63,59,133,22,59,60,38,32,57,24,84,58,25,27,76
2018_1,사당시장,16,11,5,3,4,0,3,5,1,2,3,0,2,3,1,1,1,0,1,2,0
2018_1,남성역골목시장,561,243,318,63,101,99,74,72,152,35,36,45,30,35,62,28,65,54,44,37,90
2018_1,남성사계시장,552,278,274,32,93,100,78,78,171,16,36,49,53,45,79,16,57,51,25,33,92
2018_1,흑석시장,1033,481,552,142,160,133,169,156,273,77,81,66,83,73,101,65,79,67,86,83,172
2018_1,상도4동도깨비골목시장,1938,943,995,184,265,290,292,311,596,92,132,169,151,146,253,92,133,121,141,165,343
2018_1,성대시장,143,67,76,13,42,21,15,32,20,6,18,10,6,17,10,7,24,11,9,15,10
2018_1,영도시장,61,32,29,1,10,7,10,11,22,0,6,3,8,6,9,1,4,4,2,5,13
2018_1,상도전통시장,1652,791,861,147,309,270,238,236,452,82,148,146,109,119,187,65,161,124,129,117,265
2018_1,강남시장_동작,134,59,75,12,23,26,15,14,44,7,9,10,8,4,21,5,14,16,7,10,23
2018_1,신노량진시장,19,11,8,1,3,2,4,7,2,0,1,2,2,5,1,1,2,0,2,2,1
2018_1,본동인정시장,444,232,212,31,80,76,71,72,114,14,50,45,42,40,41,17,30,31,29,32,73
2018_1,노량진중앙시장,155,95,60,8,53,27,16,17,34,5,32,20,12,11,15,3,21,7,4,6,19
2018_1,대림중앙시장,406,192,214,33,44,42,65,84,138,20,25,23,29,35,60,13,19,19,36,49,78
2018_1,우리시장,365,176,189,33,54,38,51,68,121,15,27,19,27,32,56,18,27,19,24,36,65
2018_1,영진시장A동,131,66,65,18,14,14,21,21,43,9,5,8,12,10,22,9,9,6,9,11,21
2018_1,사러가시장,110,48,62,14,13,8,24,15,36,8,7,5,10,4,14,6,6,3,14,11,22
2018_1,대신시장,238,109,129,42,23,27,41,37,68,17,13,13,21,15,30,25,10,14,20,22,38
2018_1,영일시장,718,371,347,72,108,145,112,103,178,38,51,90,62,60,70,34,57,55,50,43,108
2018_1,도림시장,62,27,35,9,14,6,10,7,16,4,8,3,4,3,5,5,6,3,6,4,11
2018_1,영등포청과시장,291,158,133,30,38,33,49,52,89,16,22,19,29,34,38,14,16,14,20,18,51
2018_1,영등포전통시장,2236,1339,897,106,294,422,357,412,645,64,131,238,251,297,358,42,163,184,106,115,287
2018_1,은행나무시장,424,210,214,59,46,67,72,70,110,34,25,40,33,34,44,25,21,27,39,36,66
2018_1,박미시장,295,157,138,29,27,28,64,49,98,21,11,18,28,33,46,8,16,10,36,16,52
2018_1,현대시장,2974,1421,1553,364,437,396,425,556,796,180,202,196,214,258,371,184,235,200,211,298,425
2018_1,대명시장,7,5,2,0,1,1,0,2,3,0,1,0,0,2,2,0,0,1,0,0,1
2018_1,푸른터시장,45,25,20,7,2,15,8,4,9,6,0,8,5,2,4,1,2,7,3,2,5
2018_1,남문시장,1780,888,892,214,242,236,274,408,406,101,114,137,134,227,175,113,128,99,140,181,231
2018_1,독산동 우시장,90,45,45,3,33,20,15,10,9,1,9,14,11,6,4,2,24,6,4,4,5
2018_1,오류시장,156,84,72,8,19,21,19,32,57,5,11,14,14,18,22,3,8,7,5,14,35
2018_1,개봉중앙시장,372,177,195,57,59,54,63,64,75,26,30,34,25,28,34,31,29,20,38,36,41
2018_1,고척근린시장,663,329,334,85,83,85,97,125,188,51,39,50,44,62,83,34,44,35,53,63,105
2018_1,가리봉시장,449,161,288,25,39,41,95,114,135,13,23,16,21,42,46,12,16,25,74,72,89
2018_1,남구로시장,701,386,315,79,63,86,120,135,218,32,26,53,75,87,113,47,37,33,45,48,105
2018_1,구로시장,137,71,66,18,11,12,24,30,42,3,6,8,15,20,19,15,5,4,9,10,23
2018_1,공항시장,177,79,98,8,85,36,21,14,13,5,25,13,15,13,8,3,60,23,6,1,5
2018_1,방신전통시장,593,294,299,76,82,79,99,110,147,30,41,41,58,52,72,46,41,38,41,58,75
2018_1,송화골목시장,535,248,287,86,83,84,87,85,110,44,36,36,34,48,50,42,47,48,53,37,60
2018_1,까치산시장,1100,475,625,148,156,222,170,144,260,72,61,106,80,56,100,76,95,116,90,88,160
2018_1,화곡본동시장,339,142,197,46,46,75,50,39,83,22,17,33,19,17,34,24,29,42,31,22,49
2018_1,남부골목시장,2044,974,1070,274,273,341,290,344,522,144,139,167,142,168,214,130,134,174,148,176,308
2018_1,화곡중앙골목시장,1079,529,550,192,142,223,155,163,204,84,68,126,82,75,94,108,74,97,73,88,110
2018_1,신월중앙시장,79,44,35,16,7,18,16,6,16,8,5,10,8,4,9,8,2,8,8,2,7
2018_1,등마루시장,3,2,1,0,0,0,1,1,1,0,0,0,1,1,0,0,0,0,0,0,1
2018_1,신정3동골목시장,280,160,120,29,28,25,52,63,83,13,16,10,35,45,41,16,12,15,17,18,42
2018_1,신정2동골목시장,500,250,250,79,58,70,97,62,134,38,31,40,48,34,59,41,27,30,49,28,75
2018_1,신정제일시장,178,80,98,25,17,19,23,41,53,7,8,7,12,20,26,18,9,12,11,21,27
2018_1,신월7동골목시장,134,66,68,12,31,11,21,29,30,5,18,4,15,10,14,7,13,7,6,19,16
2018_1,신월6동골목시장,171,96,75,18,22,15,27,40,49,13,16,9,14,22,22,5,6,6,13,18,27
2018_1,신곡종합시장,67,35,32,12,7,18,13,5,12,6,4,9,7,4,5,6,3,9,6,1,7
2018_1,신월3동골목시장,349,196,153,41,33,42,56,72,105,26,14,25,34,46,51,15,19,17,22,26,54
2018_1,경창시장,378,177,201,66,41,50,66,49,106,33,19,24,35,23,43,33,22,26,31,26,63
2018_1,월정로시장,1676,861,815,234,192,229,287,308,426,122,97,127,146,169,200,112,95,102,141,139,226
2018_1,신영시장,1243,612,631,190,143,164,221,228,297,83,78,78,125,109,139,107,65,86,96,119,158
2018_1,목4동시장,1134,577,557,175,188,126,205,217,223,91,118,61,99,105,103,84,70,65,106,112,120
2018_1,목3동시장,1188,593,595,172,180,225,187,183,241,80,86,130,102,88,107,92,94,95,85,95,134
2018_1,목2동시장,1209,589,620,117,156,221,171,204,340,52,70,124,83,102,158,65,86,97,88,102,182
2018_1,동진시장,39,18,21,7,8,10,2,5,7,3,6,2,1,2,4,4,2,8,1,3,3
2018_1,망원월드컵시장,805,375,430,135,106,148,137,111,168,66,46,72,64,50,77,69,60,76,73,61,91
2018_1,망원시장,2001,957,1044,218,278,403,343,292,467,119,135,191,184,132,196,99,143,212,159,160,271
2018_1,합정시장,92,40,52,12,14,20,12,9,25,6,4,10,6,5,9,6,10,10,6,4,16
2018_1,영진시장,209,89,120,21,30,42,26,35,55,12,12,18,11,12,24,9,18,24,15,23,31
2018_1,서교시장,28,20,8,1,5,10,4,4,4,1,3,8,2,4,2,0,2,2,2,0,2
2018_1,신수시장,66,34,32,7,7,16,6,9,21,3,5,10,3,5,8,4,2,6,3,4,13
2018_1,아현시장,450,209,241,63,59,56,77,57,138,35,26,30,36,28,54,28,33,26,41,29,84
2018_1,마포시장,15,7,8,4,0,0,1,3,7,2,0,0,1,2,2,2,0,0,0,1,5
2018_1,공덕시장,12,8,4,1,2,1,1,6,1,1,1,0,1,4,1,0,1,1,0,2,0
2018_1,백련시장,151,69,82,14,15,26,18,29,49,10,8,9,10,14,18,4,7,17,8,15,31
2018_1,모래내시장,735,376,359,31,47,53,102,145,357,11,27,32,54,89,163,20,20,21,48,56,194
2018_1,포방터시장,519,255,264,62,64,70,84,94,145,31,39,38,39,51,57,31,25,32,45,43,88
2018_1,인왕시장,320,159,161,32,41,41,45,64,97,17,18,29,22,33,40,15,23,12,23,31,57
2018_1,아현가구거리상점가,148,80,68,12,27,24,22,27,36,9,17,13,12,12,17,3,10,11,10,15,19
2018_1,영천시장,381,193,188,42,56,33,66,72,112,21,32,21,40,34,45,21,24,12,26,38,67
2018_1,수일시장,117,54,63,3,9,14,11,23,57,1,3,9,8,9,24,2,6,5,3,14,33
2018_1,증산종합시장,143,65,78,22,22,13,24,28,34,11,10,8,11,9,16,11,12,5,13,19,18
2018_1,대림골목시장,638,321,317,93,65,83,100,108,189,57,34,40,50,63,77,36,31,43,50,45,112
2018_1,신응암시장,217,115,102,37,28,40,35,33,44,20,15,26,18,17,19,17,13,14,17,16,25
2018_1,녹번시장,30,15,15,6,2,0,6,3,13,3,1,0,2,2,7,3,1,0,4,1,6
2018_1,대조시장,516,249,267,76,64,90,101,73,112,36,32,49,51,34,47,40,32,41,50,39,65
2018_1,역촌중앙시장,10,7,3,0,0,0,2,6,2,0,0,0,0,6,1,0,0,0,2,0,1
2018_1,갈현시장,60,32,28,6,14,7,5,14,14,3,10,3,4,4,8,3,4,4,1,10,6
2018_1,연서시장,266,128,138,26,32,40,29,52,87,14,12,24,16,26,36,12,20,16,13,26,51
2018_1,상계중앙시장,1868,896,972,242,298,200,303,360,465,116,148,108,150,169,205,126,150,92,153,191,260
2018_1,공릉동도깨비시장,1452,713,739,185,271,272,192,230,302,81,134,140,92,120,146,104,137,132,100,110,156
2018_1,방학동도깨비시장,1043,520,523,131,155,108,181,192,276,64,98,57,94,88,119,67,57,51,87,104,157
2018_1,쌍문역골목시장,738,368,370,70,93,129,110,105,231,37,50,69,55,48,109,33,43,60,55,57,122
2018_1,백운시장,358,162,196,53,51,45,61,56,92,27,24,20,27,29,35,26,27,25,34,27,57
2018_1,신도봉시장,185,100,85,15,38,17,27,41,47,5,22,12,11,25,25,10,16,5,16,16,22
2018_1,창동골목시장,1282,634,648,164,162,175,187,226,368,80,85,90,97,121,161,84,77,85,90,105,207
2018_1,창동신창시장,2287,1103,1184,333,344,345,397,394,474,165,170,163,198,183,224,168,174,182,199,211,250
2018_1,수유북부시장,59,31,28,2,6,9,6,7,29,2,4,5,5,2,13,0,2,4,1,5,16
2018_1,장미원골목시장,1383,671,712,207,184,224,197,222,349,115,96,123,90,105,142,92,88,101,107,117,207
2018_1,수유중앙시장,37,23,14,3,5,6,5,11,7,3,4,3,5,7,1,0,1,3,0,4,6
2018_1,강북종합시장,711,372,339,70,114,94,106,139,188,39,45,54,63,80,91,31,69,40,43,59,97
2018_1,우이시장,1624,800,824,251,207,207,274,278,407,131,111,115,131,145,167,120,96,92,143,133,240
2018_1,수유전통시장,614,291,323,69,96,93,86,112,158,35,44,42,41,54,75,34,52,51,45,58,83
2018_1,번동북부골목시장,1063,523,540,159,136,177,197,143,251,74,67,91,104,69,118,85,69,86,93,74,133
2018_1,솔샘시장,142,70,72,14,22,11,20,28,47,9,12,5,12,13,19,5,10,6,8,15,28
2018_1,숭인시장,258,141,117,24,28,43,45,53,65,11,12,26,25,35,32,13,16,17,20,18,33
2018_1,방천골목시장,1515,747,768,160,236,200,253,272,394,89,109,113,132,129,175,71,127,87,121,143,219
2018_1,동북시장,30,16,14,4,1,5,2,3,15,1,1,3,1,2,8,3,0,2,1,1,7
2018_1,석관황금시장,1915,966,949,231,258,241,328,335,522,117,134,132,180,168,235,114,124,109,148,167,287
2018_1,석관시장,165,97,68,22,23,14,30,36,40,17,14,9,20,19,18,5,9,5,10,17,22
2018_1,새석관시장,89,45,44,7,13,8,11,18,32,3,5,5,8,10,14,4,8,3,3,8,18
2018_1,번동시장,33,18,15,7,3,4,5,6,8,5,1,2,2,3,5,2,2,2,3,3,3
2018_1,장위전통시장,1600,789,811,231,196,207,243,287,436,126,99,113,133,127,191,105,97,94,110,160,245
2018_1,밤나무골시장,241,121,120,33,21,33,42,41,71,17,12,21,20,19,32,16,9,12,22,22,39
2018_1,길음시장,10,8,2,0,3,0,4,2,1,0,2,0,4,1,1,0,1,0,0,1,0
2018_1,정릉시장,1304,663,641,169,219,193,179,201,343,93,119,109,94,96,152,76,100,84,85,105,191
2018_1,정릉아리랑시장,1061,516,545,194,131,162,202,154,218,104,66,83,106,68,89,90,65,79,96,86,129
2018_1,돈암제일시장,239,109,130,25,37,42,19,33,83,12,20,22,13,15,27,13,17,20,6,18,56
2018_1,유영시장,135,66,69,27,17,18,25,14,34,14,12,7,11,6,16,13,5,11,14,8,18
2018_1,우림골목시장,2150,1121,1029,240,268,289,326,441,586,118,151,170,174,234,274,122,117,119,152,207,312
2018_1,묵1동도깨비시장,915,453,462,142,114,165,146,134,214,66,60,83,73,65,106,76,54,82,73,69,108
2018_1,태능시장,977,487,490,133,128,135,140,214,227,61,63,77,73,107,106,72,65,58,67,107,121
2018_1,중화제일시장,1859,930,929,266,254,251,313,341,434,144,128,136,159,159,204,122,126,115,154,182,230
2018_1,사가정시장,1959,965,994,198,327,269,289,356,520,98,165,154,137,174,237,100,162,115,152,182,283
2018_1,면목골목시장,1427,737,690,173,201,196,257,240,360,101,105,112,137,118,164,72,96,84,120,122,196
2018_1,동원시장,2175,1084,1091,261,314,312,306,423,559,138,155,166,166,215,244,123,159,146,140,208,315
2018_1,동부골목시장,1413,741,672,159,239,281,205,237,292,83,125,146,111,140,136,76,114,135,94,97,156
2018_1,이문제일시장,71,34,37,12,6,6,15,14,18,3,4,4,8,8,7,9,2,2,7,6,11
2018_1,이경시장,253,130,123,23,34,32,28,52,84,15,18,14,17,30,36,8,16,18,11,22,48
2018_1,회기시장,1157,512,645,83,413,183,130,129,219,33,175,92,55,61,96,50,238,91,75,68,123
2018_1,청량리청과물시장,46,33,13,0,1,3,6,18,18,0,0,2,6,14,11,0,1,1,0,4,7
2018_1,전곡시장,235,118,117,32,29,24,48,40,62,17,15,15,22,18,31,15,14,9,26,22,31
2018_1,답십리시장,463,213,250,80,63,60,75,76,109,33,29,28,36,39,48,47,34,32,39,37,61
2018_1,답십리현대시장,353,179,174,36,38,39,52,58,130,20,18,27,30,31,53,16,20,12,22,27,77
2018_1,전농로터리시장,98,57,41,6,12,9,16,21,34,4,8,7,10,11,17,2,4,2,6,10,17
2018_1,청량리종합시장,108,58,50,2,11,16,10,23,46,1,6,11,5,13,22,1,5,5,5,10,24
2018_1,청량리전통시장,175,131,44,5,12,15,18,46,79,1,8,7,16,37,62,4,4,8,2,9,17
2018_1,청량리농수산물시장,174,81,93,27,31,23,17,35,41,20,17,9,6,12,17,7,14,14,11,23,24
2018_1,서울약령시장,2181,1134,1047,155,317,289,299,392,729,90,173,169,167,207,328,65,144,120,132,185,401
2018_1,동서시장,2,2,0,0,0,0,0,2,0,0,0,0,0,2,0,0,0,0,0,0,0
2018_1,경동시장,11,6,5,0,0,0,1,3,7,0,0,0,1,3,2,0,0,0,0,0,5
2018_1,청량리수산시장,471,239,232,37,76,85,62,69,142,17,34,47,37,39,65,20,42,38,25,30,77
2018_1,용두시장,24,16,8,1,4,1,4,5,9,0,3,1,3,4,5,1,1,0,1,1,4
2018_1,구의시장,157,84,73,23,26,23,23,22,40,10,14,15,12,12,21,13,12,8,11,10,19
2018_1,조양시장,85,41,44,6,31,11,8,8,21,3,17,6,3,4,8,3,14,5,5,4,13
2018_1,영동교골목시장,1250,616,634,117,177,177,197,225,357,64,89,94,103,117,149,53,88,83,94,108,208
2018_1,능동로골목시장,388,200,188,41,53,53,54,80,107,21,25,28,24,45,57,20,28,25,30,35,50
2018_1,노룬산골목시장,340,180,160,21,49,45,45,84,96,18,27,28,22,44,41,3,22,17,23,40,55
2018_1,자양종합시장,65,36,29,14,6,16,9,11,9,7,3,8,6,5,7,7,3,8,3,6,2
2018_1,자양골목시장,1990,974,1016,272,309,364,311,332,402,137,157,188,161,155,176,135,152,176,150,177,226
2018_1,신성골목시장,108,55,53,14,16,17,14,18,29,9,8,10,8,7,13,5,8,7,6,11,16
2018_1,면곡골목시장,461,235,226,59,61,83,74,84,100,35,30,35,40,48,47,24,31,48,34,36,53
2018_1,중곡제일시장,851,432,419,121,123,142,113,164,188,65,61,82,50,85,89,56,62,60,63,79,99
2018_1,화양제일골목시장,969,408,561,65,348,219,93,99,145,31,119,108,46,45,59,34,229,111,47,54,86
2018_1,한아름시장,21,11,10,0,11,3,1,3,3,0,6,0,1,2,2,0,5,3,0,1,1
2018_1,성동용답상가시장,2075,1036,1039,239,315,310,347,392,472,117,156,171,175,196,221,122,159,139,172,196,251
2018_1,뚝도시장,599,324,275,66,83,70,82,144,154,37,51,42,44,77,73,29,32,28,38,67,81
2018_1,금남시장,276,140,136,16,37,42,37,55,89,10,18,23,21,32,36,6,19,19,16,23,53
2018_1,행당시장,1525,760,765,161,299,219,222,289,335,79,137,128,101,163,152,82,162,91,121,126,183
2018_1,마장축산물시장,360,205,155,41,46,39,62,62,110,27,27,24,36,39,52,14,19,15,26,23,58
2018_1,보광시장,9,6,3,0,0,1,2,2,4,0,0,1,1,2,2,0,0,0,1,0,2
2018_1,이태원제일시장,37,15,22,2,4,8,6,5,12,1,1,3,5,1,4,1,3,5,1,4,8
2018_1,이태원시장,64,31,33,10,2,11,8,14,19,6,0,5,6,6,8,4,2,6,2,8,11
2018_1,이촌종합시장,105,58,47,11,13,14,17,22,28,2,10,8,9,13,16,9,3,6,8,9,12
2018_1,용문전통시장,431,219,212,43,67,70,61,67,123,19,34,48,35,33,50,24,33,22,26,34,73
2018_1,만리시장,36,20,16,2,3,1,4,12,14,1,2,0,3,6,8,1,1,1,1,6,6
2018_1,신흥시장,126,62,64,9,17,19,12,24,45,2,9,9,8,15,19,7,8,10,4,9,26
2018_1,후암시장,294,148,146,26,56,41,32,58,81,12,30,23,21,29,33,14,26,18,11,29,48
2018_1,합동(새벽)시장,65,43,22,6,5,13,12,12,17,3,3,5,9,11,12,3,2,8,3,1,5
2018_1,서울중앙시장,1111,597,514,99,142,140,141,202,387,55,82,86,73,112,189,44,60,54,68,90,198
2018_1,백학시장,890,472,418,93,98,126,143,173,257,50,62,65,87,91,117,43,36,61,56,82,140
2018_1,약수시장,1072,522,550,134,174,161,169,163,271,75,83,73,95,82,114,59,91,88,74,81,157
2018_1,청평화시장,2,1,1,1,0,0,1,0,0,0,0,0,1,0,0,1,0,0,0,0,0
2018_1,동평화시장,68,32,36,6,8,7,8,21,18,4,4,2,5,10,7,2,4,5,3,11,11
2018_1,방산종합시장,308,196,112,21,35,46,36,65,105,13,22,29,24,40,68,8,13,17,12,25,37
2018_1,인현시장,152,81,71,10,16,17,13,36,60,4,8,7,8,23,31,6,8,10,5,13,29
2018_1,신중부시장,290,189,101,13,20,27,41,69,120,10,11,13,26,55,74,3,9,14,15,14,46
2018_1,남대문시장,96,54,42,2,8,10,14,25,37,0,5,7,8,15,19,2,3,3,6,10,18
2018_1,신설종합시장,16,12,4,0,1,1,2,5,7,0,1,1,2,4,4,0,0,0,0,1,3
2018_1,동묘시장,818,473,345,37,179,133,104,133,232,19,92,72,65,88,137,18,87,61,39,45,95
2018_1,창신골목시장,422,221,201,38,44,45,64,80,151,17,31,29,33,48,63,21,13,16,31,32,88
2018_1,동문시장,66,36,30,5,6,12,13,9,21,2,4,9,4,7,10,3,2,3,9,2,11
2018_1,충신시장,171,82,89,20,22,8,34,29,58,7,12,4,18,14,27,13,10,4,16,15,31
2018_1,종로신진시장,114,75,39,2,9,8,17,32,46,1,5,5,14,21,29,1,4,3,3,11,17
2018_1,동대문종합시장,4,4,0,0,1,0,1,2,0,0,1,0,1,2,0,0,0,0,0,0,0
2018_1,광장시장,57,28,29,3,7,2,4,19,22,2,4,0,1,12,9,1,3,2,3,7,13
2018_1,통인시장,750,349,401,102,94,97,127,112,218,56,44,40,65,55,89,46,50,57,62,57,129
2018_1,서울 노원구 노원역_3,314,181,133,23,53,50,59,57,72,10,21,32,33,39,46,13,32,18,26,18,26
2018_1,서울 노원구 노원역_2,20,20,0,0,1,2,6,5,6,0,1,2,6,5,6,0,0,0,0,0,0
2018_1,서울 노원구 노원역_1,711,315,396,121,96,93,112,141,148,52,44,41,47,66,65,69,52,52,65,75,83
2018_1,창동역,531,325,206,32,91,94,99,116,99,16,37,57,70,77,68,16,54,37,29,39,31
2018_1,서울 강북구 수유역_3,684,376,308,46,125,123,102,127,161,19,56,60,63,87,91,27,69,63,39,40,70
2018_1,등나무근린공원 주변,178,79,99,26,21,54,48,18,11,8,12,27,21,7,4,18,9,27,27,11,7
2018_1,서울 강북구 수유역_2,2079,1040,1039,135,345,371,356,354,518,72,150,210,183,193,232,63,195,161,173,161,286
2018_1,서울 강북구 수유역_1,741,366,375,72,152,151,105,118,143,32,69,75,61,64,65,40,83,76,44,54,78
2018_1,서울 은평구 연신내역_3,79,49,30,5,21,9,13,13,18,2,12,4,9,9,13,3,9,5,4,4,5
2018_1,서울 은평구 연신내역_2,1088,546,542,99,205,220,177,166,221,55,93,124,95,80,99,44,112,96,82,86,122
2018_1,서울 은평구 연신내역_1,249,109,140,23,55,49,37,44,41,12,23,22,14,20,18,11,32,27,23,24,23
2018_1,서울 성북구 미아삼거리역_2,485,257,228,27,87,69,48,111,143,15,45,36,27,62,72,12,42,33,21,49,71
2018_1,서울 강북구 미아삼거리역_1,384,212,172,27,45,47,70,75,120,18,30,24,44,34,62,9,15,23,26,41,58
2018_1,서울 은평구 불광역_3,749,316,433,73,203,245,88,60,80,34,65,110,44,28,35,39,138,135,44,32,45
2018_1,서울 은평구 불광역_2,675,345,330,57,163,143,89,95,128,23,85,77,47,49,64,34,78,66,42,46,64
2018_1,서울 은평구 불광역_1,589,285,304,47,112,98,74,101,157,27,44,57,35,48,74,20,68,41,39,53,83
2018_1,미아사거리_2,98,53,45,11,11,15,13,18,30,5,8,9,8,9,14,6,3,6,5,9,16
2018_1,미아사거리_1,900,447,453,148,128,172,179,123,150,85,51,85,88,60,78,63,77,87,91,63,72
2018_1,서울 성북구 성신여대입구역,1038,472,566,80,244,224,162,147,181,46,92,93,85,78,78,34,152,131,77,69,103
2018_1,경희대학교,365,173,192,32,123,66,38,34,72,16,46,36,25,17,33,16,77,30,13,17,39
2018_1,서울 성북구 안암역,360,165,195,33,147,52,21,39,68,19,63,24,12,16,31,14,84,28,9,23,37
2018_1,혜화역 대학로_3,635,290,345,39,205,105,74,84,128,18,91,44,39,40,58,21,114,61,35,44,70
2018_1,혜화역 대학로_2,792,384,408,70,281,149,97,82,113,32,129,77,54,37,55,38,152,72,43,45,58
2018_1,혜화역 대학로_1,503,223,280,44,122,98,67,63,109,23,52,41,29,34,44,21,70,57,38,29,65
2018_1,디지털미디어시티,1016,477,539,222,185,181,219,140,69,109,74,81,109,72,32,113,111,100,110,68,37
2018_1,서울 동대문구 청량리역,2859,1420,1439,321,410,376,374,501,877,134,194,202,192,270,428,187,216,174,182,231,449
2018_1,서울 종로구 경복궁역_2,307,139,168,40,52,59,52,39,65,20,31,30,15,16,27,20,21,29,37,23,38
2018_1,서울 종로구 안국역_2,304,142,162,34,41,36,42,64,87,20,23,19,14,29,37,14,18,17,28,35,50
2018_1,서울 종로구 안국역_1,134,60,74,16,11,19,23,17,48,10,6,7,11,10,16,6,5,12,12,7,32
2018_1,서울 종로구 경복궁역_1,640,306,334,63,85,96,113,107,176,38,34,50,57,52,75,25,51,46,56,55,101
2018_1,서울 종로구 종로3가역_3,158,118,40,7,15,14,22,53,47,2,11,9,18,42,36,5,4,5,4,11,11
2018_1,서울 종로구 종로3가역_2,2424,1617,807,89,108,165,294,619,1149,48,70,106,204,480,709,41,38,59,90,139,440
2018_1,서울 동대문구 신설동역_2,360,221,139,14,76,86,45,53,86,7,42,43,33,40,56,7,34,43,12,13,30
2018_1,인사동,800,442,358,84,70,121,118,118,289,51,38,63,73,71,146,33,32,58,45,47,143
2018_1,서울 종로구 종로5가역_4,285,163,122,17,40,39,33,55,101,10,19,27,23,37,47,7,21,12,10,18,54
2018_1,서울 종로구 종로5가역_3,755,459,296,40,64,79,119,156,297,21,44,49,75,109,161,19,20,30,44,47,136
2018_1,종로구청,607,336,271,48,87,81,106,119,166,28,50,45,55,65,93,20,37,36,51,54,73
2018_1,서울 종로구 종로5가역_2,1990,988,1002,221,461,381,235,274,418,107,214,193,122,152,200,114,247,188,113,122,218
2018_1,신설동역,403,247,156,16,115,84,58,63,67,7,48,53,42,46,51,9,67,31,16,17,16
2018_1,서울 동대문구 신설동역_1,178,134,44,8,16,28,13,44,69,7,10,16,9,36,56,1,6,12,4,8,13
2018_1,서울 종로구 광화문역_2,2529,1132,1397,348,315,405,418,376,667,177,131,162,177,182,303,171,184,243,241,194,364
2018_1,동묘앞역,898,434,464,129,135,115,135,167,217,62,72,65,66,82,87,67,63,50,69,85,130
2018_1,장안동사거리,4009,1994,2015,509,707,943,698,530,622,264,333,484,367,260,286,245,374,459,331,270,336
2018_1,서울 종로구 동대문역_2,647,410,237,21,55,80,73,168,250,13,29,51,50,119,148,8,26,29,23,49,102
2018_1,서울 종로구 동대문역_1,146,73,73,21,20,15,18,31,41,11,8,5,10,18,21,10,12,10,8,13,20
2018_1,동대문시장_2,29,14,15,1,1,6,3,7,11,0,0,3,2,5,4,1,1,3,1,2,7
2018_1,서울 종로구 종로5가역_1,27,7,20,1,2,0,3,4,17,1,0,0,2,0,4,0,2,0,1,4,13
2018_1,서울 종로구 종로3가역_1,172,130,42,10,37,13,22,48,42,6,31,8,16,38,31,4,6,5,6,10,11
2018_1,서울 종로구 광화문역_1,11,7,4,0,0,0,4,2,5,0,0,0,3,2,2,0,0,0,1,0,3
2018_1,종각역,6,2,4,1,1,2,1,1,0,0,0,1,1,0,0,1,1,1,0,1,0
2018_1,종각역 젊음의 거리,130,93,37,8,39,22,16,16,29,4,32,16,10,11,20,4,7,6,6,5,9
2018_1,서대문구 서대문역_1,565,297,268,105,61,94,107,101,97,55,31,42,55,61,53,50,30,52,52,40,44
2018_1,시청역_2,853,373,480,141,111,238,160,98,105,61,41,104,69,45,53,80,70,134,91,53,52
2018_1,서울시청,22,12,10,2,1,3,4,6,6,0,1,1,3,3,4,2,0,2,1,3,2
2018_1,서울 중구 을지로3가역_2,524,328,196,14,35,36,74,114,251,8,19,17,53,84,147,6,16,19,21,30,104
2018_1,서울 중구 신당역_2,324,167,157,14,66,75,41,56,72,8,24,39,24,35,37,6,42,36,17,21,35
2018_1,서대문구 서대문역_2,875,432,443,75,187,195,117,152,149,39,71,108,62,85,67,36,116,87,55,67,82
2018_1,동대문역사문화공원역,367,225,142,18,42,39,56,85,127,7,23,23,33,60,79,11,19,16,23,25,48
2018_1,서울 중구 을지로3가역_1,236,157,79,11,23,17,32,51,102,4,12,10,20,40,71,7,11,7,12,11,31
2018_1,명동거리,42,20,22,2,3,6,9,3,19,1,1,4,5,2,7,1,2,2,4,1,12
2018_1,롯데백화점,1,1,0,0,0,1,0,0,0,0,0,1,0,0,0,0,0,0,0,0,0
2018_1,서울 중구 신당역_1,930,496,434,85,126,117,141,202,259,41,73,69,78,108,127,44,53,48,63,94,132
2018_1,북창동,51,29,22,3,10,9,6,4,19,2,4,8,4,2,9,1,6,1,2,2,10
2018_1,서울 중구 충무로역_2,704,393,311,44,91,109,93,147,220,21,44,57,63,90,118,23,47,52,30,57,102
2018_1,서울 강서구 송정역,2150,1037,1113,167,425,380,260,385,533,87,182,201,139,185,243,80,243,179,121,200,290
2018_1,장한평역_2,1357,714,643,149,226,279,226,215,262,82,93,149,120,127,143,67,133,130,106,88,119
2018_1,시청역_1,87,40,47,25,18,15,9,7,13,13,6,4,7,3,7,12,12,11,2,4,6
2018_1,왕십리역_2,435,202,233,48,81,77,68,74,87,16,38,38,35,41,34,32,43,39,33,33,53
2018_1,서울 강서구 발산역,92,45,47,2,18,30,18,15,9,2,8,12,10,7,6,0,10,18,8,8,3
2018_1,장한평역_1,214,132,82,13,31,27,41,58,44,9,21,15,29,36,22,4,10,12,12,22,22
2018_1,서울 중구 충무로역_1,814,396,418,57,112,109,101,155,280,27,53,60,59,75,122,30,59,49,42,80,158
2018_1,장한평역,1308,911,397,73,197,256,287,309,186,41,86,167,220,269,128,32,111,89,67,40,58
2018_1,서울 중구 명동역,358,146,212,42,50,43,52,56,115,18,23,21,26,23,35,24,27,22,26,33,80
2018_1,장충동 족발거리,302,159,143,29,77,43,39,38,76,15,40,22,27,23,32,14,37,21,12,15,44
2018_1,한양시장,994,479,515,47,530,170,56,67,124,23,245,94,30,34,53,24,285,76,26,33,71
2018_1,서울 서대문구 이대역,1263,462,801,64,381,151,180,149,338,27,67,70,92,68,138,37,314,81,88,81,200
2018_1,서울 서대문구 신촌역,2656,1322,1334,157,996,472,286,292,453,82,454,246,165,160,215,75,542,226,121,132,238
2018_1,서울 마포구 홍대입구역_3,184,79,105,9,45,57,35,19,19,4,15,26,17,8,9,5,30,31,18,11,10
2018_1,서울 마포구 홍대입구역_2,522,244,278,59,91,100,75,59,138,26,46,44,43,23,62,33,45,56,32,36,76
2018_1,홍익대학교 주변,4995,2375,2620,451,1173,1216,724,525,906,241,537,578,378,242,399,210,636,638,346,283,507
2018_1,서울 광진구 군자역,1665,776,889,162,417,392,176,229,289,90,174,179,89,108,136,72,243,213,87,121,153
2018_1,신촌역,1194,597,597,79,364,259,164,111,217,44,161,125,96,68,103,35,203,134,68,43,114
2018_1,강서구청,2840,1397,1443,327,566,655,439,418,435,169,215,328,267,219,199,158,351,327,172,199,236
2018_1,서울 마포구 홍대입구역_1,690,331,359,74,135,164,111,70,136,34,54,94,53,35,61,40,81,70,58,35,75
2018_1,서울 중구 약수역_2,63,31,32,9,9,8,11,6,20,5,3,3,8,3,9,4,6,5,3,3,11
2018_1,서울 중구 약수역_1,12,6,6,0,1,3,3,2,3,0,0,2,2,0,2,0,1,1,1,2,1
2018_1,서울 강동구 고덕역,1907,946,961,387,308,224,338,381,269,210,168,111,134,188,135,177,140,113,204,193,134
2018_1,등촌역,1059,487,572,135,198,307,138,126,155,74,63,148,73,62,67,61,135,159,65,64,88
2018_1,서울 강동구 명일역,2185,1081,1104,318,290,343,381,339,514,164,143,183,192,153,246,154,147,160,189,186,268
2018_1,어린이대공원역,544,302,242,72,102,76,92,107,95,41,49,48,50,68,46,31,53,28,42,39,49
2018_1,서울 마포구 공덕역_2,24,13,11,1,3,1,3,8,8,0,2,1,2,5,3,1,1,0,1,3,5
2018_1,공덕역,434,215,219,54,66,55,68,92,99,21,37,24,33,43,57,33,29,31,35,49,42
2018_1,서울 용산구 숙대입구역,586,325,261,52,79,98,108,108,141,31,40,53,68,64,69,21,39,45,40,44,72
2018_1,남영역,198,98,100,10,46,71,26,20,25,4,20,41,11,11,11,6,26,30,15,9,14
2018_1,서울 마포구 공덕역_1,535,250,285,77,113,91,86,112,56,44,50,42,39,51,24,33,63,49,47,61,32
2018_1,서울 마포구 마포역_2,3525,1599,1926,564,431,891,722,441,476,279,160,410,326,213,211,285,271,481,396,228,265
2018_1,서울 광진구 건대입구역_2,2111,974,1137,150,763,425,225,197,351,79,303,213,115,103,161,71,460,212,110,94,190
2018_1,서울 마포구 마포역_1,851,425,426,86,102,181,122,133,227,44,48,96,68,66,103,42,54,85,54,67,124
2018_1,서울 강동구 천호역_2,4159,2028,2131,358,612,978,722,687,802,177,256,468,393,362,372,181,356,510,329,325,430
2018_1,서울 광진구 건대입구역_1,1091,536,555,90,215,214,159,160,253,42,82,119,84,81,128,48,133,95,75,79,125
2018_1,건대입구역,580,245,335,37,22,24,31,31,435,19,9,7,14,15,181,18,13,17,17,16,254
2018_1,서울 광진구 구의역,1907,876,1031,134,449,475,304,241,304,69,169,225,165,112,136,65,280,250,139,129,168
2018_1,서울 강동구 천호역,287,134,153,27,37,56,47,44,76,14,16,24,25,17,38,13,21,32,22,27,38
2018_1,당산역_2,573,235,338,36,208,148,61,47,73,18,53,62,34,29,39,18,155,86,27,18,34
2018_1,서울 강동구 천호역_1,334,162,172,34,61,40,55,68,76,15,33,20,31,33,30,19,28,20,24,35,46
2018_1,서울 강동구 길동역,2962,1455,1507,220,771,684,455,437,395,107,274,345,274,243,212,113,497,339,181,194,183
2018_1,용산 전자상가_5,593,341,252,42,92,130,105,76,148,22,52,82,70,47,68,20,40,48,35,29,80
2018_1,용산 전자상가_4,161,95,66,16,13,26,32,24,50,8,9,16,24,17,21,8,4,10,8,7,29
2018_1,당산역_1,988,467,521,65,273,312,110,111,117,35,103,150,65,59,55,30,170,162,45,52,62
2018_1,서울 광진구 강변역,208,96,112,27,37,31,16,32,65,14,18,13,5,13,33,13,19,18,11,19,32
2018_1,용산 전자상가_3,265,141,124,28,38,61,30,44,64,17,22,35,15,20,32,11,16,26,15,24,32
2018_1,서울 용산구 이태원역,937,491,446,63,170,181,153,160,210,34,89,98,79,94,97,29,81,83,74,66,113
2018_1,한남오거리,168,89,79,8,35,15,22,30,58,4,24,7,10,15,29,4,11,8,12,15,29
2018_1,목동사거리,74,42,32,5,13,17,17,13,9,2,3,6,13,10,8,3,10,11,4,3,1
2018_1,용산 전자상가_2,161,88,73,26,21,34,22,27,31,19,12,14,14,14,15,7,9,20,8,13,16
2018_1,용산구청,119,52,67,19,13,25,20,11,31,6,6,11,13,3,13,13,7,14,7,8,18
2018_1,용산 전자상가_1,686,364,322,98,117,179,114,94,84,41,59,95,62,55,52,57,58,84,52,39,32
2018_1,국회의사당역_2,653,335,318,43,109,190,119,96,96,25,48,93,66,54,49,18,61,97,53,42,47
2018_1,서울 용산구 신용산역,394,201,193,28,34,47,55,86,144,19,17,30,37,44,54,9,17,17,18,42,90
2018_1,압구정 로데오거리_2,1326,636,690,200,164,257,258,166,281,93,80,124,132,83,124,107,84,133,126,83,157
2018_1,서울 강남구 압구정역,1933,880,1053,253,312,387,327,238,416,136,141,153,161,111,178,117,171,234,166,127,238
2018_1,서울 영등포구 영등포구청역,1343,681,662,92,255,254,186,218,338,44,122,122,102,126,165,48,133,132,84,92,173
2018_1,압구정 로데오거리_1,565,262,303,86,62,78,93,74,172,41,27,32,46,34,82,45,35,46,47,40,90
2018_1,서울 강동구 둔촌동역,791,427,364,106,121,123,131,125,185,58,76,64,74,72,83,48,45,59,57,53,102
2018_1,오목교역,877,432,445,210,115,110,182,126,134,112,49,51,96,56,68,98,66,59,86,70,66
2018_1,신사동 가로수길,3866,1792,2074,527,577,794,721,488,759,266,248,349,359,242,328,261,329,445,362,246,431
2018_1,서울 영등포구 여의도역_2,16,12,4,3,2,1,2,6,2,2,1,1,2,4,2,1,1,0,0,2,0
2018_1,청담사거리_3,923,405,518,68,75,124,180,149,327,31,38,58,81,62,135,37,37,66,99,87,192
2018_1,영등포유통상가,435,248,187,40,57,64,83,60,131,22,31,38,55,37,65,18,26,26,28,23,66
2018_1,청담역_2,1051,483,568,185,143,220,212,147,144,95,67,90,96,71,64,90,76,130,116,76,80
2018_1,청담역_1,219,106,113,45,31,28,35,36,44,19,21,13,17,15,21,26,10,15,18,21,23
2018_1,청담사거리_2,419,207,212,61,55,70,70,69,94,29,28,33,33,35,49,32,27,37,37,34,45
2018_1,청담사거리_1,232,104,128,36,34,46,55,25,36,14,11,22,30,12,15,22,23,24,25,13,21
2018_1,서울 영등포구 여의도역_1,2543,1219,1324,396,340,361,392,449,605,204,158,153,178,218,308,192,182,208,214,231,297
2018_1,서울 양천구 신정네거리역_2,284,139,145,28,54,29,38,52,83,17,27,17,21,23,34,11,27,12,17,29,49
2018_1,학동사거리_2,454,231,223,70,68,80,82,71,83,43,38,41,34,33,42,27,30,39,48,38,41
2018_1,서울 영등포구 영등포시장역,1399,872,527,53,102,138,217,344,545,27,60,82,145,244,314,26,42,56,72,100,231
2018_1,학동사거리_1,457,218,239,47,70,92,92,59,97,27,23,41,52,31,44,20,47,51,40,28,53
2018_1,여의도 시범아파트앞,1453,708,745,208,155,229,209,234,418,114,82,101,105,115,191,94,73,128,104,119,227
2018_1,영등포역_3,406,240,166,19,101,95,53,62,76,11,38,53,36,48,54,8,63,42,17,14,22
2018_1,도산공원사거리_1,258,113,145,24,58,73,33,25,45,13,22,33,15,11,19,11,36,40,18,14,26
2018_1,영등포역_2,661,469,192,23,93,94,125,171,155,11,30,65,116,139,108,12,63,29,9,32,47
2018_1,문래동 주민센터,1521,753,768,239,154,230,226,267,405,121,82,108,117,137,188,118,72,122,109,130,217
2018_1,강남구 신사역_2,1023,458,565,86,197,272,171,116,181,47,80,115,83,57,76,39,117,157,88,59,105
2018_1,영등포역_1,246,131,115,18,90,77,25,21,15,8,41,44,15,14,9,10,49,33,10,7,6
2018_1,서울 강남구 강남구청역_2,736,384,352,36,59,136,163,130,212,18,26,74,82,91,93,18,33,62,81,39,119
2018_1,강남구 신사역_1,780,421,359,56,128,171,151,114,160,32,64,91,92,61,81,24,64,80,59,53,79
2018_1,서울 동작구 노량진1동_1,18,14,4,0,1,3,4,4,6,0,1,3,4,4,2,0,0,0,0,0,4
2018_1,서울 강남구 학동역_3,122,60,62,6,20,27,22,21,26,4,9,12,11,12,12,2,11,15,11,9,14
2018_1,서울 강남구 강남구청역_1,743,364,379,73,124,204,149,107,86,38,63,91,68,63,41,35,61,113,81,44,45
2018_1,잠실역,3223,1539,1684,543,436,614,517,505,608,276,224,287,220,243,289,267,212,327,297,262,319
2018_1,강남구 논현역_4,1907,932,975,177,327,488,336,276,303,87,153,226,167,154,145,90,174,262,169,122,158
2018_1,학동역,464,188,276,35,79,151,80,62,57,23,32,55,27,28,23,12,47,96,53,34,34
2018_1,방이동 먹자골목,1449,778,671,120,264,336,236,247,246,62,128,184,135,136,133,58,136,152,101,111,113
2018_1,서울 강남구 학동역_2,125,66,59,13,25,38,21,12,16,7,7,24,12,8,8,6,18,14,9,4,8
2018_1,서울 동작구 노량진역,982,484,498,50,454,179,106,70,123,22,205,101,66,34,56,28,249,78,40,36,67
2018_1,삼성역_3,52,36,16,1,12,9,6,8,16,0,9,6,5,4,12,1,3,3,1,4,4
2018_1,코엑스,21,15,6,5,1,3,3,4,5,4,0,2,2,3,4,1,1,1,1,1,1
2018_1,서울 강남구 학동역_1,901,398,503,83,169,230,152,96,171,41,61,102,75,43,76,42,108,128,77,53,95
2018_1,선정릉역_2,3034,1397,1637,400,429,723,594,391,497,209,196,315,277,196,204,191,233,408,317,195,293
2018_1,강남구 논현역_3,83,30,53,5,17,19,14,13,15,2,5,2,9,6,6,3,12,17,5,7,9
2018_1,포스코사거리_2,708,359,349,79,134,151,127,111,106,45,55,83,62,64,50,34,79,68,65,47,56
2018_1,포스코사거리_1,2102,1009,1093,252,320,490,382,301,357,130,148,212,202,154,163,122,172,278,180,147,194
2018_1,신도림역,4912,2329,2583,835,756,1085,778,826,632,419,335,519,364,375,317,416,421,566,414,451,315
2018_1,강남구 논현역_2,3919,1886,2033,352,738,1068,637,453,671,187,314,511,332,243,299,165,424,557,305,210,372
2018_1,선정릉역_1,634,286,348,91,124,117,112,98,92,46,52,48,49,45,46,45,72,69,63,53,46
2018_1,신천역,2847,1366,1481,295,475,678,458,426,515,150,217,327,248,195,229,145,258,351,210,231,286
2018_1,강남구 논현역_1,1995,1039,956,132,367,509,362,285,340,69,170,249,218,162,171,63,197,260,144,123,169
2018_1,삼성역_2,9,6,3,0,1,2,1,2,3,0,0,2,1,1,2,0,1,0,0,1,1
2018_1,삼정역_2,588,287,301,47,87,172,107,80,95,23,45,69,62,39,49,24,42,103,45,41,46
2018_1,삼정역_1,90,41,49,4,15,25,8,18,20,0,5,15,3,8,10,4,10,10,5,10,10
2018_1,삼성역_1,1327,675,652,180,232,324,229,169,193,97,102,176,112,91,97,83,130,148,117,78,96
2018_1,서울 강남구 선릉역_2,2105,1019,1086,144,449,603,337,259,313,79,190,295,191,118,146,65,259,308,146,141,167
2018_1,서울 서초구 강남역,2971,1511,1460,184,653,900,419,377,438,95,298,467,237,196,218,89,355,433,182,181,220
2018_1,서울 강남구 선릉역_1,695,357,338,64,97,182,182,88,82,36,45,88,96,51,41,28,52,94,86,37,41
2018_1,서울 송파구 석촌역_2,594,284,310,98,88,147,92,73,96,52,38,69,43,37,45,46,50,78,49,36,51
2018_1,선릉역_2,4081,1854,2227,488,705,1120,836,481,451,222,279,481,403,252,217,266,426,639,433,229,234
2018_1,서울 강남구 역삼역_2,965,471,494,80,191,241,145,146,162,48,79,110,80,73,81,32,112,131,65,73,81
2018_1,서울 송파구 석촌역_1,200,86,114,21,31,49,39,24,36,13,10,18,21,9,15,8,21,31,18,15,21
2018_1,석촌역,7,3,4,0,3,1,1,1,1,0,2,0,0,1,0,0,1,1,1,0,1
2018_1,서울 강남구 강남역_2,2000,914,1086,205,323,367,397,279,429,90,123,172,185,149,195,115,200,195,212,130,234
2018_1,선릉역_1,1236,526,710,260,145,247,320,137,127,104,58,95,139,73,57,156,87,152,181,64,70
2018_1,구로역,695,341,354,115,103,176,104,97,100,61,37,84,62,48,49,54,66,92,42,49,51
2018_1,역삼역_2,620,377,243,325,53,81,82,41,38,225,24,42,48,24,14,100,29,39,34,17,24
2018_1,대림역_2,2531,1216,1315,250,627,733,410,280,231,128,211,366,231,171,109,122,416,367,179,109,122
2018_1,서울 강남구 역삼역_1,5343,2735,2608,418,962,1373,1054,702,834,215,401,717,596,399,407,203,561,656,458,303,427
2018_1,신대방삼거리역,1205,579,626,116,245,267,191,165,221,53,101,119,106,93,107,63,144,148,85,72,114
2018_1,서울 강남구 한티역,2153,1012,1141,407,341,280,453,347,325,218,155,139,187,173,140,189,186,141,266,174,185
2018_1,은마아파트입구사거리_4,362,194,168,98,37,30,95,63,39,70,19,14,37,35,19,28,18,16,58,28,20
2018_1,은마아파트입구사거리_3,325,164,161,63,54,34,70,51,53,35,26,20,29,28,26,28,28,14,41,23,27
2018_1,은마아파트입구사거리_2,196,91,105,55,37,34,30,15,25,27,17,18,11,6,12,28,20,16,19,9,13
2018_1,오류동역,3645,1760,1885,298,831,1054,534,390,538,143,311,544,311,196,255,155,520,510,223,194,283
2018_1,서울 강남구 강남역,2424,1147,1277,205,577,729,363,253,297,119,246,333,196,118,135,86,331,396,167,135,162
2018_1,은마아파트입구사거리_1,225,116,109,53,32,23,51,37,29,30,20,15,24,18,9,23,12,8,27,19,20
2018_1,대림역_1,1696,793,903,109,588,550,243,95,111,56,182,291,139,70,55,53,406,259,104,25,56
2018_1,교대역_4,1411,692,719,287,216,155,270,205,278,139,110,79,119,105,140,148,106,76,151,100,138
2018_1,서울 강남구 강남역_1,1368,626,742,199,203,341,233,186,206,81,100,148,116,88,93,118,103,193,117,98,113
2018_1,방배동카페골목,2675,1283,1392,639,291,400,573,359,413,316,148,175,284,183,177,323,143,225,289,176,236
2018_1,교대역_3,17,8,9,1,0,6,1,4,5,0,0,2,1,2,3,1,0,4,0,2,2
2018_1,역삼역_1,2799,1342,1457,328,500,798,453,332,388,159,249,401,213,135,185,169,251,397,240,197,203
2018_1,교대역_2,1524,709,815,174,268,330,274,218,260,86,121,152,132,102,116,88,147,178,142,116,144
2018_1,서울 송파구 가락시장역,507,281,226,31,77,109,76,102,112,15,29,52,48,74,63,16,48,57,28,28,49
2018_1,서울 서초구 서초역,58,32,26,8,10,7,7,10,16,4,6,5,5,4,8,4,4,2,2,6,8
2018_1,서울 강남구 대치역_2,401,194,207,123,52,51,90,54,31,61,28,20,43,29,13,62,24,31,47,25,18
2018_1,서울 강남구 대치역_1,506,258,248,159,49,37,140,72,49,82,25,17,69,39,26,77,24,20,71,33,23
2018_1,뱅뱅사거리_2,1770,790,980,155,414,564,281,176,180,77,152,267,137,76,81,78,262,297,144,100,99
2018_1,보라매공원,5211,2488,2723,909,674,850,845,640,1293,447,337,389,409,295,611,462,337,461,436,345,682
2018_1,교대역_1,2608,1276,1332,286,498,512,379,446,487,135,243,246,194,227,231,151,255,266,185,219,256
2018_1,개봉동 현대아파트 인근,2759,1395,1364,338,342,401,410,513,755,182,191,215,206,260,341,156,151,186,204,253,414
2018_1,뱅뱅사거리,1383,599,784,111,368,459,241,119,85,61,126,197,122,51,42,50,242,262,119,68,43
2018_1,뱅뱅사거리_1,1096,566,530,138,218,312,177,123,128,71,98,172,105,60,60,67,120,140,72,63,68
2018_1,서울 관악구 신림역_4,2992,1472,1520,150,1102,937,351,208,244,86,459,509,190,108,120,64,643,428,161,100,124
2018_1,동작구 총신대입구역_1,1122,524,598,97,242,222,156,137,268,44,101,110,83,67,119,53,141,112,73,70,149
2018_1,양재역_3,1940,934,1006,247,311,462,316,257,347,124,152,218,146,125,169,123,159,244,170,132,178
2018_1,동작구 총신대입구역_2,1769,778,991,364,219,350,417,217,202,162,77,156,178,121,84,202,142,194,239,96,118
2018_1,서울 서초구 남부터미널역_3,453,220,233,51,90,113,68,42,89,29,42,46,41,19,43,22,48,67,27,23,46
2018_1,서울 강남구 수서역,1670,786,884,171,165,283,260,254,537,88,71,132,147,147,201,83,94,151,113,107,336
2018_1,서울 관악구 신림역_3,855,462,393,23,326,222,102,75,107,10,140,140,62,53,57,13,186,82,40,22,50
2018_1,서울 서초구 남부터미널역_2,1481,755,726,100,277,419,299,229,157,59,98,201,158,151,88,41,179,218,141,78,69
2018_1,구로디지탈1단지,134,69,65,14,13,28,14,31,34,6,8,14,7,19,15,8,5,14,7,12,19
2018_1,양재역,1653,732,921,252,295,342,282,225,257,109,132,142,135,97,117,143,163,200,147,128,140
2018_1,문정역,379,199,180,58,53,75,67,63,63,37,26,40,38,31,27,21,27,35,29,32,36
2018_1,매봉역,535,264,271,71,106,85,99,86,88,37,47,38,55,46,41,34,59,47,44,40,47
2018_1,서울 서초구 방배역,1217,597,620,163,182,263,228,167,214,87,77,129,125,86,93,76,105,134,103,81,121
2018_1,서울 서초구 남부터미널역_1,1301,626,675,229,196,217,202,219,238,123,90,98,97,98,120,106,106,119,105,121,118
2018_1,서울 관악구 신림역_2,1567,825,742,98,518,352,180,173,246,54,266,201,95,83,126,44,252,151,85,90,120
2018_1,서울 관악구 신림역_1,499,230,269,19,185,141,61,49,44,9,71,74,32,23,21,10,114,67,29,26,23
2018_1,양재역_2,854,412,442,110,146,186,138,119,155,58,64,86,71,62,71,52,82,100,67,57,84
2018_1,양재역_1,11,6,5,0,3,0,2,4,2,0,2,0,2,1,1,0,1,0,0,3,1
2018_1,서울 관악구 서울대입구역_2,470,252,218,21,162,109,50,49,79,11,76,62,36,27,40,10,86,47,14,22,39
2018_1,가산디지털단지역_3,1474,802,672,51,383,368,224,238,210,20,123,212,151,173,123,31,260,156,73,65,87
2018_1,구로디지털단지역,366,212,154,25,34,33,55,99,120,19,17,26,30,65,55,6,17,7,25,34,65
2018_1,서울 관악구 서울대입구역_1,6011,2828,3183,304,2524,1475,600,539,569,148,1048,724,323,298,287,156,1476,751,277,241,282
2018_1,관악구 사당역_1,903,434,469,132,156,158,147,149,161,61,77,72,75,67,82,71,79,86,72,82,79
2018_1,가산디지털단지역_2,470,248,222,44,70,107,61,62,126,22,35,63,39,31,58,22,35,44,22,31,68
2018_1,관악구 사당역_2,938,430,508,51,237,206,114,130,200,28,89,96,53,69,95,23,148,110,61,61,105
2018_1,가산디지털단지역_1,30,19,11,2,3,6,6,7,6,1,0,3,5,5,5,1,3,3,1,2,1
2018_1,포이사거리_1,76,45,31,10,14,22,15,8,7,6,9,11,11,3,5,4,5,11,4,5,2
2018_1,포이사거리_2,1763,974,789,172,292,417,332,280,270,102,148,229,198,164,133,70,144,188,134,116,137
2018_1,관악구 사당역_3,301,136,165,13,90,77,37,34,50,5,35,39,18,15,24,8,55,38,19,19,26
2018_1,서울 관악구 대학동_1,1571,962,609,116,620,321,180,131,203,62,380,230,121,73,96,54,240,91,59,58,107
2018_1,서울 금천구 독산1동_1,1061,587,474,60,167,257,210,186,181,28,83,155,128,113,80,32,84,102,82,73,101
2018_1,양재 화물트럭터미널앞_2,1823,872,951,511,186,287,379,198,262,268,86,122,205,86,105,243,100,165,174,112,157
2018_1,양재 화물트럭터미널앞_1,2,2,0,0,0,0,0,1,1,0,0,0,0,1,1,0,0,0,0,0,0
2018_1,서울 금천구 시흥1동_4,1614,843,771,132,182,229,267,306,498,70,91,117,161,179,225,62,91,112,106,127,273
2018_1,풍성로37가길,3324,1689,1635,410,463,596,554,594,707,213,234,321,303,299,319,197,229,275,251,295,388
2018_1,천호옛길,4022,2015,2007,485,585,697,628,696,931,234,293,378,342,348,420,251,292,319,286,348,511
2018_1,천호옛14길,2108,1035,1073,203,331,361,298,383,532,100,169,181,150,188,247,103,162,180,148,195,285
2018_1,천호대로219길,2379,1201,1178,351,337,300,358,489,544,184,178,155,189,252,243,167,159,145,169,237,301
2018_1,천호대로197길,5074,2527,2547,782,783,800,782,908,1019,406,395,419,389,438,480,376,388,381,393,470,539
2018_1,천호대로187길,2894,1420,1474,423,405,535,402,493,636,215,206,284,189,235,291,208,199,251,213,258,345
2018_1,천호대로170길,4471,2219,2252,612,683,941,667,712,856,307,345,489,333,337,408,305,338,452,334,375,448
2018_1,천호대로162길,2701,1363,1338,389,398,444,415,479,576,208,198,233,226,227,271,181,200,211,189,252,305
2018_1,천중로51길,4625,2243,2382,699,670,763,667,775,1051,358,335,387,328,357,478,341,335,376,339,418,573
2018_1,천중로39길,6968,3429,3539,1059,1018,1194,1092,1192,1413,551,505,629,544,541,659,508,513,565,548,651,754
2018_1,진황도로47길,1752,857,895,199,268,372,258,290,365,103,120,195,134,135,170,96,148,177,124,155,195
2018_1,진황도로27길,7306,3666,3640,857,1017,1372,1091,1203,1766,433,479,738,590,586,840,424,538,634,501,617,926
2018_1,올림픽로98길,3373,1659,1714,401,413,606,540,630,783,203,206,326,272,314,338,198,207,280,268,316,445
2018_1,올림픽로80길,2085,1077,1008,250,263,258,344,413,557,138,147,137,180,224,251,112,116,121,164,189,306
2018_1,올림픽로78길,1952,1026,926,172,196,243,318,430,593,82,100,140,182,240,282,90,96,103,136,190,311
2018_1,올림픽로77길,2558,1304,1254,293,350,467,388,484,576,148,169,263,213,245,266,145,181,204,175,239,310
2018_1,올림픽로71길,2582,1295,1287,244,343,425,382,480,708,130,182,230,203,236,314,114,161,195,179,244,394
2018_1,올림픽로48길,1525,727,798,257,209,282,264,211,302,136,104,127,124,106,130,121,105,155,140,105,172
2018_1,양재대로96길,3684,1842,1842,733,451,644,634,503,719,391,237,322,314,239,339,342,214,322,320,264,380
2018_1,양재대로95길,3528,1733,1795,500,560,622,532,621,693,270,287,325,270,277,304,230,273,297,262,344,389
2018_1,양재대로91길,4388,2151,2237,745,609,685,721,771,857,407,322,351,351,364,356,338,287,334,370,407,501
2018_1,양재대로133길,5337,2641,2696,763,785,831,769,967,1222,390,411,438,393,448,561,373,374,393,376,519,661
2018_1,양재대로124길,4561,2290,2271,661,700,766,703,832,899,349,380,391,355,397,418,312,320,375,348,435,481
2018_1,양재대로116길,1560,749,811,217,259,277,237,260,310,114,124,142,121,112,136,103,135,135,116,148,174
2018_1,양재대로101길,4954,2441,2513,627,753,1114,733,783,944,338,370,574,370,342,447,289,383,540,363,441,497
2018_1,암사길,7098,3557,3541,1075,1000,1187,1088,1235,1513,555,517,631,558,613,683,520,483,556,530,622,830
2018_1,성안로3길,4877,2410,2467,845,713,817,859,787,856,463,352,407,415,366,407,382,361,410,444,421,449
2018_1,성내로5길,3742,1805,1937,717,518,609,634,576,688,361,265,275,319,268,317,356,253,334,315,308,371
2018_1,상일로5길,1392,709,683,227,229,191,197,296,252,115,139,91,96,139,129,112,90,100,101,157,123
2018_1,상암로5길,1976,979,997,274,259,390,323,286,444,139,128,213,161,136,202,135,131,177,162,150,242
2018_1,상암로51길,3219,1547,1672,550,473,438,531,548,679,275,239,215,251,250,317,275,234,223,280,298,362
2018_1,상암로4길,3364,1674,1690,482,452,739,554,552,585,240,216,373,286,275,284,242,236,366,268,277,301
2018_1,상암로14길,4321,2106,2215,661,595,815,643,715,892,321,291,425,315,335,419,340,304,390,328,380,473
2018_1,명일로13길,2663,1369,1294,406,426,391,400,470,570,235,226,203,210,237,258,171,200,188,190,233,312
2018_1,동남로85길,3015,1559,1456,470,441,358,457,577,712,253,244,202,237,289,334,217,197,156,220,288,378
2018_1,동남로82길,1878,1009,869,236,269,225,282,423,443,126,152,131,157,227,216,110,117,94,125,196,227
2018_1,동남로65길,2730,1338,1392,531,368,319,512,477,523,281,195,173,234,234,221,250,173,146,278,243,302
2018_1,구천면로42길,4572,2374,2198,626,591,708,739,886,1022,333,308,383,404,463,483,293,283,325,335,423,539
2018_1,구천면로41길,5445,2744,2701,761,721,893,879,984,1207,396,383,476,471,466,552,365,338,417,408,518,655
2018_1,구천면로36길,2728,1407,1321,339,397,396,414,544,638,189,196,225,212,283,302,150,201,171,202,261,336
2018_1,고덕로61길,1489,751,738,290,182,251,240,238,288,150,98,128,131,115,129,140,84,123,109,123,159
2018_1,고덕로25길,1578,792,786,326,192,269,242,237,312,158,107,136,122,119,150,168,85,133,120,118,162
2018_1,고덕로10길,2195,1089,1106,347,295,417,379,349,408,185,148,209,197,157,193,162,147,208,182,192,215
2018_1,강동대로53길,4187,2137,2050,792,567,621,717,731,759,480,303,327,343,339,345,312,264,294,374,392,414
2018_1,풍성로25길,1810,896,914,210,226,273,245,348,508,118,115,144,139,152,228,92,111,129,106,196,280
2018_1,오금로46길,2763,1374,1389,581,393,414,464,445,466,308,207,204,223,207,225,273,186,210,241,238,241
2018_1,오금로36길,2906,1422,1484,435,519,527,467,468,490,219,253,273,226,213,238,216,266,254,241,255,252
2018_1,오금로11길,4959,2357,2602,577,766,1187,744,795,890,296,369,595,368,346,383,281,397,592,376,449,507
2018_1,양재대로72길,2839,1381,1458,457,475,359,469,538,541,228,247,176,209,262,259,229,228,183,260,276,282
2018_1,양재대로71길,1574,744,830,265,232,271,237,255,314,133,110,130,102,120,149,132,122,141,135,135,165
2018_1,양재대로64길,2627,1327,1300,397,401,477,424,445,483,196,204,237,228,219,243,201,197,240,196,226,240
2018_1,양재대로62길,1599,822,777,248,212,340,276,238,285,145,102,176,139,126,134,103,110,164,137,112,151
2018_1,송파대로30길,2907,1485,1422,393,456,451,486,567,554,208,223,237,252,284,281,185,233,214,234,283,273
2018_1,송이로36길,3206,1584,1622,498,486,614,510,516,582,269,242,302,258,238,275,229,244,312,252,278,307
2018_1,송이로32길,5195,2562,2633,829,849,1023,842,859,793,425,439,524,408,403,363,404,410,499,434,456,430
2018_1,송이로23길,4697,2341,2356,690,769,935,730,736,837,374,384,476,350,356,401,316,385,459,380,380,436
2018_1,삼전로13길,6571,3093,3478,874,1142,1511,1050,957,1037,460,519,716,491,438,469,414,623,795,559,519,568
2018_1,백제고분로50길,8662,4261,4401,1338,1351,1644,1333,1385,1611,737,678,816,641,631,758,601,673,828,692,754,853
2018_1,백제고분로46길,3205,1536,1669,504,497,680,521,477,526,255,241,329,243,228,240,249,256,351,278,249,286
2018_1,백제고분로45길,4828,2323,2505,700,807,1114,713,703,791,350,385,540,355,327,366,350,422,574,358,376,425
2018_1,백제고분로42길,4256,2040,2216,526,775,1028,637,613,677,282,347,495,303,285,328,244,428,533,334,328,349
2018_1,백제고분로39길,3382,1567,1815,453,585,800,491,469,584,260,228,378,237,199,265,193,357,422,254,270,319
2018_1,백제고분로34길,7936,3889,4047,1193,1182,1726,1325,1149,1361,640,587,877,647,542,596,553,595,849,678,607,765
2018_1,백제고분로33길,6085,2885,3200,777,1056,1510,926,830,986,405,470,733,465,382,430,372,586,777,461,448,556
2018_1,백제고분로32길,6684,3213,3471,1106,1002,1432,1154,934,1056,573,474,722,554,426,464,533,528,710,600,508,592
2018_1,백제고분로31길,6411,2945,3466,966,977,1433,1120,877,1038,484,442,649,531,390,449,482,535,784,589,487,589
2018_1,백제고분로22길,7026,3340,3686,1064,1086,1607,1202,998,1069,553,502,750,594,449,492,511,584,857,608,549,577
2018_1,백제고분로21길,2463,1200,1263,279,401,606,416,384,377,149,182,287,214,201,167,130,219,319,202,183,210
2018_1,마천로51길,4565,2309,2256,662,586,629,727,825,1136,326,292,341,389,440,521,336,294,288,338,385,615
2018_1,동남로20길,3485,1655,1830,649,515,577,616,552,576,320,239,290,282,265,259,329,276,287,334,287,317
2018_1,거마로20길,3365,1702,1663,474,364,429,542,645,911,249,210,226,290,335,392,225,154,203,252,310,519
2018_1,학동로77길,2519,1209,1310,558,320,453,542,310,336,321,147,177,258,151,155,237,173,276,284,159,181
2018_1,학동로6길,1622,706,916,164,309,436,276,161,276,81,120,175,128,78,124,83,189,261,148,83,152
2018_1,학동로56길,1023,490,533,182,162,187,181,128,183,91,91,87,80,56,85,91,71,100,101,72,98
2018_1,학동로38길,1502,676,826,174,270,386,255,168,249,82,110,182,132,76,94,92,160,204,123,92,155
2018_1,테헤란로81길,423,202,221,39,62,94,64,60,104,24,28,51,31,25,43,15,34,43,33,35,61
2018_1,일원로9길,3339,1629,1710,569,606,557,522,518,567,315,305,259,257,237,256,254,301,298,265,281,311
2018_1,일원로3길,2317,1152,1165,437,360,383,376,361,400,241,188,186,188,162,187,196,172,197,188,199,213
2018_1,영동대로65길,2521,1259,1262,395,370,320,414,440,582,233,207,161,176,224,258,162,163,159,238,216,324
2018_1,영동대로112길,2002,978,1024,351,298,348,380,269,356,196,159,167,168,123,165,155,139,181,212,146,191
2018_1,언주로81길,3419,1639,1780,427,598,862,603,474,455,194,266,417,313,241,208,233,332,445,290,233,247
2018_1,압구정로2길,1025,458,567,156,174,222,190,124,159,77,75,86,92,58,70,79,99,136,98,66,89
2018_1,선릉로18길,1668,847,821,264,254,231,262,296,361,150,143,121,122,153,158,114,111,110,140,143,203
2018_1,선릉로146길,2080,974,1106,272,357,459,381,262,349,144,150,219,187,125,149,128,207,240,194,137,200
2018_1,선릉로133길,1558,693,865,215,264,337,276,192,274,110,97,143,128,96,119,105,167,194,148,96,155
2018_1,선릉로132길,2075,934,1141,388,327,380,376,279,325,207,127,141,178,138,143,181,200,239,198,141,182
2018_1,선릉로121길,830,377,453,99,135,194,156,101,145,51,68,81,76,44,57,48,67,113,80,57,88
2018_1,삼성로75길,2528,1236,1292,446,422,476,502,329,353,258,208,218,207,171,174,188,214,258,295,158,179
2018_1,삼성로69길,3343,1611,1732,626,555,531,723,466,442,350,269,261,318,223,190,276,286,270,405,243,252
2018_1,삼성로64길,3264,1706,1558,853,471,245,827,544,324,541,251,115,358,297,144,312,220,130,469,247,180
2018_1,삼성로63길,4151,1958,2193,729,711,641,870,678,522,398,336,292,375,333,224,331,375,349,495,345,298
2018_1,삼성로57길,1733,906,827,519,201,126,425,312,150,322,100,46,183,183,72,197,101,80,242,129,78
2018_1,삼성로147길,1210,539,671,186,203,259,198,159,205,90,84,101,95,79,90,96,119,158,103,80,115
2018_1,삼성로115길,2842,1326,1516,559,385,588,547,326,437,312,191,236,243,152,192,247,194,352,304,174,245
2018_1,봉은사로68길,1476,666,810,200,214,410,275,151,226,106,91,168,136,73,92,94,123,242,139,78,134
2018_1,봉은사로57길,1557,697,860,234,265,352,297,184,225,133,113,144,120,93,94,101,152,208,177,91,131
2018_1,봉은사로43길,3197,1508,1689,554,459,658,611,368,547,309,199,294,282,179,245,245,260,364,329,189,302
2018_1,봉은사로29길,1248,566,682,136,213,348,228,144,179,69,95,144,107,70,81,67,118,204,121,74,98
2018_1,봉은사로109길,2221,1067,1154,442,297,363,361,339,419,230,147,169,163,162,196,212,150,194,198,177,223
2018_1,도산대로89길,1986,930,1056,305,318,351,362,293,357,162,150,167,159,127,165,143,168,184,203,166,192
2018_1,도산대로81길,1294,613,681,227,188,192,206,176,305,117,89,85,90,82,150,110,99,107,116,94,155
2018_1,도산대로50길,2425,1123,1302,361,337,534,370,315,508,190,151,230,181,150,221,171,186,304,189,165,287
2018_1,도산대로38길,1019,457,562,95,183,308,163,110,160,49,71,143,86,41,67,46,112,165,77,69,93
2018_1,도산대로30길,941,442,499,81,173,219,175,107,186,44,79,92,84,52,91,37,94,127,91,55,95
2018_1,도산대로23길,1527,665,862,196,306,320,261,198,246,90,130,134,117,81,113,106,176,186,144,117,133
2018_1,도산대로15길,740,323,417,98,136,177,127,83,119,45,55,74,52,46,51,53,81,103,75,37,68
2018_1,도곡로37길,5633,2601,3032,760,880,1316,985,710,982,386,392,602,459,339,423,374,488,714,526,371,559
2018_1,논현로8길,3380,1667,1713,571,531,620,608,511,539,293,269,323,285,257,240,278,262,297,323,254,299
2018_1,논현로63길,2679,1270,1409,392,411,620,462,353,441,205,187,269,234,168,207,187,224,351,228,185,234
2018_1,논현로28길,86,48,38,15,10,12,13,14,22,8,7,7,6,5,15,7,3,5,7,9,7
2018_1,논현로26길,1244,576,668,138,204,210,213,201,278,70,92,89,107,85,133,68,112,121,106,116,145
2018_1,논현로159길,442,197,245,69,71,86,70,60,86,41,26,36,33,24,37,28,45,50,37,36,49
2018_1,논현로139길,1433,676,757,176,218,311,242,176,310,90,100,145,122,81,138,86,118,166,120,95,172
2018_1,논현로123길,2114,1012,1102,150,357,543,447,289,328,82,164,247,226,148,145,68,193,296,221,141,183
2018_1,논현로115길,3295,1557,1738,309,667,881,495,433,510,148,296,397,271,208,237,161,371,484,224,225,273
2018_1,논현로10길,1541,758,783,281,218,263,322,235,222,144,98,141,148,124,103,137,120,122,174,111,119
2018_1,논현로106길,1985,881,1104,180,351,662,335,191,266,86,139,289,163,82,122,94,212,373,172,109,144
2018_1,남부순환로365길,3653,1775,1878,772,505,609,699,551,517,398,247,290,331,279,230,374,258,319,368,272,287
2018_1,개포로82길,38,28,10,0,5,12,8,7,6,0,2,10,7,5,4,0,3,2,1,2,2
2018_1,개포로28길,1947,952,995,390,289,307,411,300,250,195,149,150,189,148,121,195,140,157,222,152,129
2018_1,개포로20길,2307,1127,1180,322,418,424,404,400,339,164,210,217,200,178,158,158,208,207,204,222,181
2018_1,개포로17길,3620,1767,1853,641,523,612,655,579,610,338,261,302,298,287,281,303,262,310,357,292,329
2018_1,강남대로140길,1557,726,831,155,279,375,212,259,277,83,124,183,106,108,122,72,155,192,106,151,155
2018_1,강남대로136길,1195,542,653,137,177,248,204,169,260,74,74,98,97,70,129,63,103,150,107,99,131
2018_1,강남대로118길,1459,641,818,121,304,418,237,163,216,61,126,181,119,63,91,60,178,237,118,100,125
2018_1,서초중앙로8길,2731,1327,1404,508,373,519,478,339,514,251,184,255,234,158,245,257,189,264,244,181,269
2018_1,방배중앙로21길,2736,1285,1451,553,386,385,529,453,430,255,170,190,232,231,207,298,216,195,297,222,223
2018_1,효령로72길,2143,1069,1074,426,255,410,445,276,331,228,125,179,237,133,167,198,130,231,208,143,164
2018_1,효령로34길,1528,751,777,247,200,290,257,236,298,138,96,149,122,107,139,109,104,141,135,129,159
2018_1,효령로31길,1852,866,986,268,251,396,327,239,371,140,112,186,163,108,157,128,139,210,164,131,214
2018_1,효령로23길,4316,2001,2315,721,688,834,718,609,746,381,311,380,316,281,332,340,377,454,402,328,414
2018_1,청두곶길,4087,1938,2149,645,631,690,679,587,855,331,299,330,319,271,388,314,332,360,360,316,467
2018_1,주흥길,4069,1953,2116,281,883,1153,677,471,604,142,393,554,368,230,266,139,490,599,309,241,338
2018_1,주흥15길,2697,1280,1417,240,462,748,465,316,466,121,206,347,261,155,190,119,256,401,204,161,276
2018_1,언남길,2022,1004,1018,314,315,394,380,287,332,160,163,180,198,152,151,154,152,214,182,135,181
2018_1,신반포로45길,2673,1265,1408,334,425,578,457,354,525,182,180,268,219,172,244,152,245,310,238,182,281
2018_1,서초대로8길,4032,1966,2066,550,604,601,628,652,997,301,307,312,303,290,453,249,297,289,325,362,544
2018_1,서초대로64길,1784,863,921,400,228,296,370,254,236,210,110,121,188,119,115,190,118,175,182,135,121
2018_1,서초대로4길,3467,1613,1854,539,542,615,543,508,720,267,248,304,240,227,327,272,294,311,303,281,393
2018_1,서초대로25길,1241,580,661,197,199,244,189,178,234,106,95,116,82,74,107,91,104,128,107,104,127
2018_1,서초대로23길,2741,1274,1467,424,374,528,458,391,566,215,176,242,215,184,242,209,198,286,243,207,324
2018_1,서초대로15길,3693,1685,2008,618,576,725,628,506,640,289,276,306,304,232,278,329,300,419,324,274,362
2018_1,사평대로57길,1243,544,699,83,263,341,195,148,213,39,103,151,92,66,93,44,160,190,103,82,120
2018_1,사평대로26길,295,127,168,52,50,40,45,37,71,22,19,17,19,15,35,30,31,23,26,22,36
2018_1,사평대로22길,1620,746,874,333,203,262,316,249,257,172,101,105,133,115,120,161,102,157,183,134,137
2018_1,사임당로17길,1098,522,576,173,178,238,171,146,192,84,86,111,89,65,87,89,92,127,82,81,105
2018_1,방배로42길,973,452,521,227,130,142,191,130,153,107,62,65,95,60,63,120,68,77,96,70,90
2018_1,방배로35길,1820,839,981,353,259,247,360,292,309,161,117,107,158,150,146,192,142,140,202,142,163
2018_1,방배로18길,1674,777,897,229,287,387,255,206,310,123,116,185,122,95,136,106,171,202,133,111,174
2018_1,반포대로9길,1695,817,878,280,263,237,282,292,341,156,135,120,125,130,151,124,128,117,157,162,190
2018_1,바우뫼로39길,2798,1358,1440,382,425,585,416,399,591,202,211,295,198,183,269,180,214,290,218,216,322
2018_1,마방로2길,1487,742,745,233,205,335,260,198,256,115,106,172,142,97,110,118,99,163,118,101,146
2018_1,방배천로4안길,1158,544,614,176,205,220,175,169,213,97,87,94,94,73,99,79,118,126,81,96,114
2018_1,동산로19길,1984,1000,984,297,281,463,381,274,288,149,153,244,192,138,124,148,128,219,189,136,164
2018_1,동산로10길,3320,1646,1674,521,516,678,566,468,571,299,250,340,278,221,258,222,266,338,288,247,313
2018_1,동광로39길,1674,777,897,312,211,260,321,243,327,163,94,117,143,125,135,149,117,143,178,118,192
2018_1,동광로1길,3414,1610,1804,627,506,595,659,520,507,324,240,301,295,242,208,303,266,294,364,278,299
2018_1,동광로12길,1363,611,752,286,189,195,253,190,250,118,84,93,110,97,109,168,105,102,143,93,141
2018_1,논현로27길,1814,859,955,196,267,400,357,239,355,97,123,198,176,112,153,99,144,202,181,127,202
2018_1,논현로1길,3132,1522,1610,555,448,621,581,495,432,268,225,313,298,233,185,287,223,308,283,262,247
2018_1,남부순환로339길,1473,700,773,249,203,361,265,163,232,121,92,178,130,77,102,128,111,183,135,86,130
2018_1,남부순환로325길,2641,1286,1355,406,397,380,438,449,571,210,181,187,224,220,264,196,216,193,214,229,307
2018_1,남부순환로317길,1733,844,889,338,281,269,330,253,262,181,146,115,154,122,126,157,135,154,176,131,136
2018_1,고무래로8길,2017,954,1063,434,230,317,371,285,380,225,111,138,179,134,167,209,119,179,192,151,213
2018_1,강남대로8길,3589,1769,1820,481,596,835,568,530,579,257,277,415,292,253,275,224,319,420,276,277,304
2018_1,강남대로34길,2617,1246,1371,325,427,658,397,335,475,165,197,353,189,149,193,160,230,305,208,186,282
2018_1,강남대로23길,1184,567,617,146,190,263,180,160,245,82,85,124,88,71,117,64,105,139,92,89,128
2018_1,소담길,749,409,340,49,54,92,164,144,246,33,23,45,104,90,114,16,31,47,60,54,132
2018_1,원신길,1392,693,699,162,187,223,177,257,386,83,88,127,99,131,165,79,99,96,78,126,221
2018_1,양지길,1840,908,932,201,220,228,282,324,585,95,118,126,159,166,244,106,102,102,123,158,341
2018_1,양산길,1605,810,795,151,262,297,266,247,382,85,141,172,146,104,162,66,121,125,120,143,220
2018_1,호암로24길,2374,1483,891,94,717,594,393,238,338,49,416,407,296,161,154,45,301,187,97,77,184
2018_1,호암로20길,2863,1761,1102,166,789,670,486,329,423,91,466,456,360,189,199,75,323,214,126,140,224
2018_1,행운길,4902,2444,2458,364,1463,1291,583,465,736,192,681,700,328,207,336,172,782,591,255,258,400
2018_1,행운1길,3192,1620,1572,299,649,574,420,463,787,160,317,312,227,248,356,139,332,262,193,215,431
2018_1,청림3길,4351,2152,2199,558,581,633,635,709,1235,280,324,360,335,346,507,278,257,273,300,363,728
2018_1,청룡길,3445,1649,1796,229,1088,788,403,379,558,117,469,411,204,182,266,112,619,377,199,197,292
2018_1,청룡8길,1635,812,823,214,349,317,224,188,343,108,177,166,110,92,159,106,172,151,114,96,184
2018_1,중앙길,3089,1521,1568,354,657,532,456,386,704,181,319,294,241,197,289,173,338,238,215,189,415
2018_1,조원중앙로2길,4334,2224,2110,527,697,743,646,765,956,278,343,430,336,403,434,249,354,313,310,362,522
2018_1,조원로18길,1795,915,880,165,484,418,234,179,315,91,220,246,139,73,146,74,264,172,95,106,169
2018_1,조원로10길,1400,723,677,111,252,287,198,233,319,49,128,161,102,127,156,62,124,126,96,106,163
2018_1,장군봉2길,1741,858,883,162,383,384,201,214,397,87,179,207,115,94,176,75,204,177,86,120,221
2018_1,장군봉1길,918,449,469,114,125,152,113,145,269,67,60,77,66,71,108,47,65,75,47,74,161
2018_1,인헌길,3061,1483,1578,399,503,598,503,411,647,207,251,300,242,193,290,192,252,298,261,218,357
2018_1,은천로25길,1544,760,784,304,184,278,260,213,305,147,102,145,133,111,122,157,82,133,127,102,183
2018_1,양녕로6길,4690,2294,2396,444,1063,928,584,646,1025,225,486,492,313,321,457,219,577,436,271,325,568
2018_1,신원로3길,2760,1377,1383,216,570,513,359,417,685,100,263,301,216,202,295,116,307,212,143,215,390
2018_1,신사로20길,1851,944,907,161,450,397,271,225,347,85,232,213,138,117,159,76,218,184,133,108,188
2018_1,신림로65길,1845,870,975,82,719,513,191,157,183,38,297,276,98,76,85,44,422,237,93,81,98
2018_1,신림로64길,1608,848,760,62,581,456,182,143,184,31,251,270,112,93,91,31,330,186,70,50,93
2018_1,신림로48길,2518,1320,1198,232,592,532,338,374,450,124,307,322,192,171,204,108,285,210,146,203,246
2018_1,신림로38길,1982,1020,962,201,415,414,271,264,417,110,207,238,159,120,186,91,208,176,112,144,231
2018_1,신림로28길,3311,1883,1428,303,822,748,470,424,544,152,455,487,284,236,269,151,367,261,186,188,275
2018_1,신림로11길,4171,2454,1717,313,1161,928,628,494,647,158,671,615,429,292,289,155,490,313,199,202,358
2018_1,신림동길,3882,1974,1908,175,1349,1092,477,327,462,89,621,607,287,177,193,86,728,485,190,150,269
2018_1,승방길,3009,1431,1578,244,824,780,320,372,469,116,342,422,155,161,235,128,482,358,165,211,234
2018_1,서림7길,4025,2604,1421,250,1391,1021,525,341,497,142,886,741,393,205,237,108,505,280,132,136,260
2018_1,봉천로33길,3820,1906,1914,423,680,686,566,537,928,227,324,371,309,256,419,196,356,315,257,281,509
2018_1,봉천로13길,3736,1865,1871,526,626,620,545,544,875,294,325,328,276,249,393,232,301,292,269,295,482
2018_1,복은길,4305,2301,2004,442,1004,904,606,557,792,221,550,539,350,285,356,221,454,365,256,272,436
2018_1,법원단지길,1407,685,722,217,225,195,230,242,298,105,110,115,108,113,134,112,115,80,122,129,164
2018_1,법원단지9길,5447,2757,2690,839,885,729,895,952,1147,457,489,377,458,448,528,382,396,352,437,504,619
2018_1,미성5길,4132,2067,2065,612,669,622,633,728,868,310,357,334,308,357,401,302,312,288,325,371,467
2018_1,대학길,1716,1025,691,118,505,382,250,189,272,63,301,248,178,115,120,55,204,134,72,74,152
2018_1,대학14길,2871,1953,918,197,770,597,517,373,417,107,511,439,397,276,223,90,259,158,120,97,194
2018_1,당곡길,1863,919,944,211,354,337,290,264,407,98,177,177,141,133,193,113,177,160,149,131,214
2018_1,남현길,1971,934,1037,246,404,392,275,247,407,126,171,188,141,118,190,120,233,204,134,129,217
2018_1,남현3길,1567,709,858,109,369,418,189,192,290,48,156,195,95,86,129,61,213,223,94,106,161
2018_1,남현2길,2843,1377,1466,288,630,635,370,391,529,139,280,332,205,184,237,149,350,303,165,207,292
2018_1,남부순환로248길,1684,790,894,175,365,310,246,234,354,87,162,150,114,117,160,88,203,160,132,117,194
2018_1,남부순환로234길,1987,1030,957,185,497,433,272,215,385,93,271,238,143,104,181,92,226,195,129,111,204
2018_1,남부순환로172길,2500,1289,1211,278,531,444,384,372,491,147,293,251,189,177,232,131,238,193,195,195,259
2018_1,남부순환로161길,3941,1988,1953,491,778,644,650,661,717,262,368,385,306,341,326,229,410,259,344,320,391
2018_1,남부순환로151길,3389,1683,1706,386,720,667,508,492,616,203,347,360,254,224,295,183,373,307,254,268,321
2018_1,남부순환로142길,3251,1628,1623,383,600,649,472,516,631,186,294,363,249,261,275,197,306,286,223,255,356
2018_1,난향길,2699,1405,1294,316,359,290,456,445,833,162,197,161,252,247,386,154,162,129,204,198,447
2018_1,난우길,2495,1254,1241,398,362,350,433,410,542,199,197,187,209,206,256,199,165,163,224,204,286
2018_1,난곡로74길,1861,868,993,186,447,376,246,232,374,96,191,188,123,104,166,90,256,188,123,128,208
2018_1,난곡로34길,2659,1353,1306,360,433,397,422,488,559,193,220,215,228,237,260,167,213,182,194,251,299
2018_1,난곡로26길,3417,1753,1664,417,550,447,530,641,832,212,282,279,286,333,361,205,268,168,244,308,471
2018_1,난곡로24길,2509,1315,1194,326,319,327,403,425,709,175,183,192,221,216,328,151,136,135,182,209,381
2018_1,낙성대역길,5268,2685,2583,575,1484,1230,701,507,771,285,748,661,388,250,353,290,736,569,313,257,418
2018_1,국회단지길,5607,2786,2821,840,809,913,940,890,1215,423,418,492,503,404,546,417,391,421,437,486,669
2018_1,구암길,3115,1558,1557,478,361,340,549,523,864,251,189,172,294,270,382,227,172,168,255,253,482
2018_1,관천로22길,4303,2124,2179,426,984,1001,552,520,820,200,478,539,298,243,366,226,506,462,254,277,454
2018_1,관천로15길,4588,2331,2257,632,890,809,718,687,852,336,452,465,364,330,384,296,438,344,354,357,468
2018_1,관악로30길,1943,987,956,319,291,329,314,280,410,167,161,170,161,140,188,152,130,159,153,140,222
2018_1,관악로28길,1548,768,780,254,213,254,246,243,338,130,107,127,131,117,156,124,106,127,115,126,182
2018_1,관악로14길,1317,645,672,103,445,256,149,131,233,52,213,134,76,73,97,51,232,122,73,58,136
2018_1,관악로10길,4505,2266,2239,542,1234,868,618,504,739,281,597,501,328,241,318,261,637,367,290,263,421
2018_1,흑석로9길,1932,969,963,204,552,279,231,249,417,102,322,141,120,109,175,102,230,138,111,140,242
2018_1,흑석로13길,555,290,265,71,109,74,78,88,135,36,65,46,45,38,60,35,44,28,33,50,75
2018_1,장승배기로27길,2412,1241,1171,206,468,391,333,375,639,120,252,228,179,179,283,86,216,163,154,196,356
2018_1,장승배기로19길,2578,1333,1245,235,415,339,375,478,736,123,231,195,206,249,329,112,184,144,169,229,407
2018_1,장승배기로10길,386,204,182,40,61,55,62,72,96,20,35,32,30,39,48,20,26,23,32,33,48
2018_1,여의대방로46길,3269,1502,1767,822,507,402,727,446,365,353,215,189,340,247,158,469,292,213,387,199,207
2018_1,여의대방로24길,2830,1342,1488,441,471,553,461,384,520,232,191,264,225,192,238,209,280,289,236,192,282
2018_1,여의대방로22카길,2896,1443,1453,376,565,552,437,404,562,201,266,293,208,212,263,175,299,259,229,192,299
2018_1,여의대방로22나길,2578,1247,1331,410,372,416,452,384,544,212,185,198,224,191,237,198,187,218,228,193,307
2018_1,여의대방로22길,2289,1141,1148,291,427,453,353,330,435,167,200,240,186,155,193,124,227,213,167,175,242
2018_1,양녕로26길,1923,947,976,333,272,307,336,298,377,185,130,151,175,134,172,148,142,156,161,164,205
2018_1,신대방길,4027,1953,2074,496,581,619,677,665,989,265,283,328,322,327,428,231,298,291,355,338,561
2018_1,성대로29길,2263,1129,1134,314,346,376,386,360,481,175,193,191,192,184,194,139,153,185,194,176,287
2018_1,성대로1길,1007,511,496,97,200,196,131,175,208,51,108,100,71,86,95,46,92,96,60,89,113
2018_1,서달로8가길,695,332,363,65,120,89,94,126,201,25,62,44,52,66,83,40,58,45,42,60,118
2018_1,서달로15길,364,187,177,39,44,59,49,58,115,19,22,29,31,31,55,20,22,30,18,27,60
2018_1,서달로14길,382,181,201,45,66,44,51,64,112,17,34,19,31,33,47,28,32,25,20,31,65
2018_1,서달로10길,2866,1390,1476,306,469,426,438,481,746,150,252,217,226,238,307,156,217,209,212,243,439
2018_1,상도로62길,2845,1345,1500,397,793,538,392,285,440,184,370,268,200,128,195,213,423,270,192,157,245
2018_1,상도로61길,2245,1184,1061,256,645,401,291,257,395,145,384,221,140,115,179,111,261,180,151,142,216
2018_1,상도로47길,4087,2075,2012,542,1111,700,482,510,742,285,634,345,235,241,335,257,477,355,247,269,407
2018_1,상도로37길,1330,622,708,188,345,247,171,149,230,82,160,122,90,64,104,106,185,125,81,85,126
2018_1,상도로15길,3791,1844,1947,393,735,797,536,545,785,202,376,401,271,251,343,191,359,396,265,294,442
2018_1,사당로8길,2574,1234,1340,283,460,497,393,385,556,154,216,249,198,177,240,129,244,248,195,208,316
2018_1,사당로30길,1039,496,543,81,207,258,153,122,218,48,98,112,93,53,92,33,109,146,60,69,126
2018_1,사당로2차길,3370,1627,1743,530,517,624,553,465,681,280,234,302,282,216,313,250,283,322,271,249,368
2018_1,사당로29길,2621,1243,1378,284,458,501,362,446,570,138,218,239,178,221,249,146,240,262,184,225,321
2018_1,사당로26길,2870,1356,1514,285,602,631,337,401,614,153,260,317,165,177,284,132,342,314,172,224,330
2018_1,사당로23나길,1057,541,516,130,142,170,162,164,289,69,79,97,87,82,127,61,63,73,75,82,162
2018_1,사당로23길,1249,594,655,250,169,210,216,167,237,128,76,92,108,82,108,122,93,118,108,85,129
2018_1,사당로20길,2627,1244,1383,309,456,518,396,377,571,149,224,273,201,155,242,160,232,245,195,222,329
2018_1,사당로16길,3517,1704,1813,429,482,639,548,513,906,210,236,345,285,249,379,219,246,294,263,264,527
2018_1,사당로16가길,2126,1027,1099,269,396,385,321,286,469,137,191,185,172,138,204,132,205,200,149,148,265
2018_1,만양로8길,3709,1902,1807,570,710,629,533,492,775,310,404,357,266,227,338,260,306,272,267,265,437
2018_1,만양로14길,873,533,340,46,309,194,84,79,161,27,212,134,59,36,65,19,97,60,25,43,96
2018_1,등용로14길,2010,1006,1004,216,370,345,256,348,475,116,192,194,129,174,201,100,178,151,127,174,274
2018_1,동작대로7길,3286,1589,1697,240,774,720,385,465,702,139,349,349,212,216,324,101,425,371,173,249,378
2018_1,동작대로35길,2560,1299,1261,337,341,440,387,433,622,193,170,243,207,204,282,144,171,197,180,229,340
2018_1,동작대로33길,2623,1233,1390,252,418,468,387,396,702,138,207,232,184,161,311,114,211,236,203,235,391
2018_1,동작대로29길,853,420,433,104,142,135,107,125,240,53,79,66,52,59,111,51,63,69,55,66,129
2018_1,동작대로17길,2402,1114,1288,216,458,494,351,349,534,106,196,219,186,152,255,110,262,275,165,197,279
2018_1,대방동2길,3329,1515,1814,527,646,619,532,440,565,268,282,267,236,203,259,259,364,352,296,237,306
2018_1,대방동27길,4189,2069,2120,795,743,704,789,546,612,401,362,367,401,281,257,394,381,337,388,265,355
2018_1,노량진로6길,3319,1661,1658,363,579,433,495,645,804,184,289,244,266,314,364,179,290,189,229,331,440
2018_1,국사봉길,3922,1886,2036,528,638,808,557,527,864,266,296,425,286,231,382,262,342,383,271,296,482
2018_1,국사봉2길,1230,576,654,144,269,276,169,144,228,77,108,133,77,74,107,67,161,143,92,70,121
2018_1,국사봉1길,3307,1553,1754,361,585,600,496,494,771,181,255,315,249,226,327,180,330,285,247,268,444
2018_1,영신로9길,2734,1394,1340,264,389,514,371,494,702,132,207,267,204,250,334,132,182,247,167,244,368
2018_1,영등포로84길,2500,1281,1219,210,469,421,386,422,592,108,228,245,216,210,274,102,241,176,170,212,318
2018_1,영등포로80길,2211,1112,1099,219,355,381,332,381,543,116,168,217,179,197,235,103,187,164,153,184,308
2018_1,영등포로62길,1658,878,780,155,270,362,249,252,370,76,143,215,136,130,178,79,127,147,113,122,192
2018_1,영등포로35길,1186,683,503,99,233,226,162,194,272,55,121,133,98,129,147,44,112,93,64,65,125
2018_1,영등포로27길,1846,1037,809,177,277,380,279,298,435,96,142,228,177,177,217,81,135,152,102,121,218
2018_1,영등포로25길,1678,827,851,169,312,276,235,286,400,79,132,159,128,148,181,90,180,117,107,138,219
2018_1,여의대방로61길,2355,1192,1163,249,311,479,389,366,561,121,158,271,201,187,254,128,153,208,188,179,307
2018_1,여의대방로43나길,3533,1765,1768,454,502,540,568,630,839,249,246,293,295,306,376,205,256,247,273,324,463
2018_1,여의대방로39길,400,195,205,31,59,71,56,81,102,20,25,39,28,39,44,11,34,32,28,42,58
2018_1,여의대방로35길,1565,804,761,205,216,216,251,249,428,106,118,114,132,129,205,99,98,102,119,120,223
2018_1,양평로28길,3867,1973,1894,573,611,948,604,545,586,295,271,531,316,283,277,278,340,417,288,262,309
2018_1,양평로22라길,1568,781,787,200,262,482,265,162,197,112,103,264,136,83,83,88,159,218,129,79,114
2018_1,양평로19길,3326,1650,1676,592,502,631,548,463,590,307,242,312,286,226,277,285,260,319,262,237,313
2018_1,신길로60길,3082,1535,1547,330,380,433,492,537,910,172,180,229,250,286,418,158,200,204,242,251,492
2018_1,신길로42길,3059,1541,1518,368,465,409,469,560,788,191,228,234,251,287,350,177,237,175,218,273,438
2018_1,신길로42가길,4792,2367,2425,658,651,586,818,880,1199,347,330,319,409,439,523,311,321,267,409,441,676
2018_1,신길로39길,2078,1055,1023,257,264,236,361,398,562,133,146,132,179,207,258,124,118,104,182,191,304
2018_1,신길로17길,2430,1173,1257,258,365,310,370,467,660,134,192,166,169,227,285,124,173,144,201,240,375
2018_1,선유서로28길,1117,579,538,156,117,185,165,183,311,96,64,97,90,87,145,60,53,88,75,96,166
2018_1,선유서로25길,2929,1532,1397,371,423,602,491,399,643,201,219,326,283,205,298,170,204,276,208,194,345
2018_1,선유서로24길,1385,707,678,134,131,174,187,278,481,64,79,103,104,156,201,70,52,71,83,122,280
2018_1,선유로55길,2808,1432,1376,255,632,679,358,374,510,142,272,356,208,216,238,113,360,323,150,158,272
2018_1,디지털로74길,117,86,31,51,16,14,9,14,13,49,10,7,7,6,7,2,6,7,2,8,6
2018_1,디지털로57길,1580,769,811,161,161,195,272,309,482,88,80,92,143,164,202,73,81,103,129,145,280
2018_1,디지털로37길,1525,760,765,171,148,164,269,253,520,88,81,89,136,128,238,83,67,75,133,125,282
2018_1,도신로62길,1548,744,804,185,221,206,242,257,437,91,124,108,126,109,186,94,97,98,116,148,251
2018_1,도신로60길,761,385,376,92,84,91,119,142,233,45,47,48,62,70,113,47,37,43,57,72,120
2018_1,도신로29길,1711,869,842,242,248,245,307,292,377,136,133,121,154,147,178,106,115,124,153,145,199
2018_1,도신로15길,3703,1860,1843,384,651,785,538,592,753,207,309,403,290,302,349,177,342,382,248,290,404
2018_1,도림천로21길,2242,1111,1131,257,346,385,287,393,574,126,177,201,149,176,282,131,169,184,138,217,292
2018_1,도림로63길,1350,700,650,192,198,160,216,266,318,103,109,88,106,142,152,89,89,72,110,124,166
2018_1,도림로147길,384,199,185,23,54,55,40,60,152,12,28,25,28,33,73,11,26,30,12,27,79
2018_1,도림로112길,2288,1167,1121,270,285,293,401,409,630,132,149,165,216,212,293,138,136,128,185,197,337
2018_1,대림로8길,3110,1536,1574,356,452,418,498,522,864,189,219,225,249,261,393,167,233,193,249,261,471
2018_1,대림로7길,1097,523,574,122,135,148,150,216,326,57,57,89,62,111,147,65,78,59,88,105,179
2018_1,대림로44길,2420,1262,1158,383,356,310,429,466,476,207,199,163,216,247,230,176,157,147,213,219,246
2018_1,대림로34길,2892,1500,1392,419,413,355,474,554,677,220,222,204,250,282,322,199,191,151,224,272,355
2018_1,대림로31길,2496,1279,1217,276,321,364,450,481,604,147,162,204,229,251,286,129,159,160,221,230,318
2018_1,대림로29길,2034,1068,966,196,281,332,319,380,526,109,142,196,172,209,240,87,139,136,147,171,286
2018_1,대림로22길,4441,2257,2184,560,614,547,708,872,1140,295,317,297,368,443,537,265,297,250,340,429,603
2018_1,당산로46길,2070,1019,1051,162,471,434,264,296,443,78,219,234,130,152,206,84,252,200,134,144,237
2018_1,당산로38길,1618,783,835,143,490,431,197,152,205,70,207,248,97,68,93,73,283,183,100,84,112
2018_1,당산로37길,1368,636,732,158,174,248,198,205,385,71,81,115,104,110,155,87,93,133,94,95,230
2018_1,당산로31길,866,451,415,107,146,167,141,112,193,60,64,93,82,64,88,47,82,74,59,48,105
2018_1,국회대로56길,2430,1450,980,133,673,820,272,236,296,66,360,538,188,142,156,67,313,282,84,94,140
2018_1,경인로90길,163,122,41,4,13,14,18,36,78,1,8,11,15,29,58,3,5,3,3,7,20
2018_1,경인로80길,149,85,64,10,9,21,22,25,62,5,6,16,13,17,28,5,3,5,9,8,34
2018_1,경인로77길,282,167,115,9,40,50,33,55,95,4,25,30,23,38,47,5,15,20,10,17,48
2018_1,가마산로61길,2010,1033,977,253,297,229,337,401,493,135,165,126,172,220,215,118,132,103,165,181,278
2018_1,시흥대로94길,4024,2034,1990,516,622,615,634,794,843,273,312,348,301,393,407,243,310,267,333,401,436
2018_1,시흥대로84길,6166,3119,3047,843,928,885,964,1187,1359,455,481,471,477,591,644,388,447,414,487,596,715
2018_1,시흥대로68길,2619,1348,1271,350,347,371,398,497,656,199,174,207,215,238,315,151,173,164,183,259,341
2018_1,시흥대로63길,1620,799,821,191,215,304,261,268,381,89,107,161,131,129,182,102,108,143,130,139,199
2018_1,시흥대로62가길,3211,1589,1622,435,438,429,532,613,764,221,246,223,271,296,332,214,192,206,261,317,432
2018_1,시흥대로36길,1982,1019,963,315,266,292,334,330,445,160,140,162,178,171,208,155,126,130,156,159,237
2018_1,시흥대로22길,3575,1796,1779,537,491,537,508,611,891,273,258,284,272,296,413,264,233,253,236,315,478
2018_1,시흥대로153길,2003,1096,907,194,408,453,265,354,329,102,215,269,145,198,167,92,193,184,120,156,162
2018_1,시흥대로150길,4925,2508,2417,671,708,746,777,907,1116,334,374,402,410,458,530,337,334,344,367,449,586
2018_1,시흥대로141길,2299,1239,1060,203,440,409,344,440,463,93,203,237,213,250,243,110,237,172,131,190,220
2018_1,시흥대로138길,620,319,301,78,55,82,97,116,192,40,32,45,52,56,94,38,23,37,45,60,98
2018_1,시흥대로120길,3345,1678,1667,417,488,446,532,691,771,209,243,233,283,359,351,208,245,213,249,332,420
2018_1,벚꽃로56길,1124,580,544,102,135,171,181,226,309,49,74,100,99,122,136,53,61,71,82,104,173
2018_1,범안로17길,1594,848,746,201,280,347,274,221,271,96,144,204,153,121,130,105,136,143,121,100,141
2018_1,범안로11길,1271,712,559,96,349,429,167,104,126,41,161,273,112,62,63,55,188,156,55,42,63
2018_1,문성로5길,3156,1589,1567,356,486,465,504,606,739,171,249,270,257,297,345,185,237,195,247,309,394
2018_1,독산로85길,669,318,351,85,84,104,125,126,145,42,41,56,62,59,58,43,43,48,63,67,87
2018_1,독산로78다길,3461,1741,1720,491,485,461,545,686,793,232,256,256,266,367,364,259,229,205,279,319,429
2018_1,독산로70길,2698,1372,1326,288,338,323,497,599,653,137,175,176,250,329,305,151,163,147,247,270,348
2018_1,독산로64길,2491,1273,1218,343,359,312,428,516,533,181,191,175,216,270,240,162,168,137,212,246,293
2018_1,독산로50길,2412,1204,1208,357,354,347,352,467,535,190,180,176,173,219,266,167,174,171,179,248,269
2018_1,독산로40길,2588,1290,1298,385,338,370,418,480,597,195,181,197,208,231,278,190,157,173,210,249,319
2018_1,독산로108길,1985,1047,938,246,321,331,322,390,375,140,166,195,159,208,179,106,155,136,163,182,196
2018_1,남부순환로112길,2212,1292,920,127,545,497,316,383,344,58,265,321,217,232,199,69,280,176,99,151,145
2018_1,금하로24길,4425,2247,2178,606,589,518,720,853,1139,309,314,296,365,452,511,297,275,222,355,401,628
2018_1,금하로1길,2112,1087,1025,302,298,282,393,366,471,149,144,180,193,203,218,153,154,102,200,163,253
2018_1,금하로14길,1778,864,914,224,248,247,283,315,461,99,116,135,139,158,217,125,132,112,144,157,244
2018_1,가산로5길,3259,1867,1392,312,740,859,438,418,492,163,381,556,270,245,252,149,359,303,168,173,240
2018_1,가산로3길,980,600,380,57,252,316,156,105,94,25,140,214,113,59,49,32,112,102,43,46,45
2018_1,중앙로1길,1213,622,591,180,196,201,185,190,261,97,97,107,96,101,124,83,99,94,89,89,137
2018_1,중앙로15길,1581,788,793,243,220,226,231,277,384,120,122,121,123,127,175,123,98,105,108,150,209
2018_1,우마길,959,532,427,62,123,92,131,276,275,34,63,51,85,157,142,28,60,41,46,119,133
2018_1,오류로8길,2215,1129,1086,301,290,311,298,363,652,163,160,177,157,180,292,138,130,134,141,183,360
2018_1,신도림로13길,554,278,276,62,67,67,86,106,166,24,36,31,50,58,79,38,31,36,36,48,87
2018_1,새말로18길,2758,1354,1404,380,425,619,372,398,564,209,195,306,185,183,276,171,230,313,187,215,288
2018_1,부일로1길,1456,750,706,187,177,274,219,232,367,111,82,143,123,119,172,76,95,131,96,113,195
2018_1,부일로15길,1585,781,804,243,215,224,274,232,397,119,115,117,137,114,179,124,100,107,137,118,218
2018_1,부일로11길,2718,1394,1324,459,408,351,490,454,556,256,220,190,224,238,266,203,188,161,266,216,290
2018_1,디지털로32길,1525,803,722,55,482,530,219,129,110,29,200,301,134,82,57,26,282,229,85,47,53
2018_1,디지털로32가길,4546,2494,2052,177,1590,1713,496,240,330,99,734,1028,334,127,172,78,856,685,162,113,158
2018_1,디지털로27길,1367,722,645,169,119,197,228,240,414,84,68,109,131,136,194,85,51,88,97,104,220
2018_1,도림로6길,1589,804,785,192,210,223,237,316,411,92,110,126,135,170,171,100,100,97,102,146,240
2018_1,도림로12길,2350,1146,1204,327,290,351,387,402,593,166,155,177,194,196,258,161,135,174,193,206,335
2018_1,남부순환로97길,1296,608,688,201,143,234,176,173,369,91,66,115,83,69,184,110,77,119,93,104,185
2018_1,구로중앙로8길,3023,1483,1540,354,375,414,451,577,852,182,200,197,234,280,390,172,175,217,217,297,462
2018_1,구로중앙로7길,754,376,378,71,67,98,109,139,270,40,34,51,66,66,119,31,33,47,43,73,151
2018_1,구로중앙로42길,916,508,408,117,133,131,140,160,235,63,83,82,85,83,112,54,50,49,55,77,123
2018_1,구로중앙로34길,1216,610,606,136,176,146,201,246,311,67,102,80,95,124,142,69,74,66,106,122,169
2018_1,구로중앙로28길,3336,1647,1689,443,494,594,576,558,671,210,215,310,306,294,312,233,279,284,270,264,359
2018_1,구로중앙로19길,880,436,444,107,114,105,142,164,248,53,50,60,72,92,109,54,64,45,70,72,139
2018_1,구로동로8길,6422,3211,3211,797,849,840,992,1195,1749,423,494,433,512,566,783,374,355,407,480,629,966
2018_1,구로동로7길,2804,1500,1304,329,337,328,459,558,793,188,200,180,264,283,385,141,137,148,195,275,408
2018_1,구로동로42길,1973,970,1003,269,221,255,349,338,541,137,114,121,180,176,242,132,107,134,169,162,299
2018_1,구로동로41길,2571,1332,1239,323,340,321,434,508,645,167,177,174,243,270,301,156,163,147,191,238,344
2018_1,구로동로38길,2204,1085,1119,289,277,272,336,415,615,140,147,156,167,213,262,149,130,116,169,202,353
2018_1,구로동로28길,2149,1079,1070,256,247,252,398,385,611,137,122,142,194,212,272,119,125,110,204,173,339
2018_1,구로동로15길,1019,534,485,111,123,113,142,225,305,59,76,68,66,123,142,52,47,45,76,102,163
2018_1,공원로6가길,2024,912,1112,221,514,512,272,210,295,90,176,253,145,104,144,131,338,259,127,106,151
2018_1,고척로52길,3217,1579,1638,532,437,468,525,577,678,263,217,248,261,277,313,269,220,220,264,300,365
2018_1,고척로27다길,4443,2194,2249,666,673,544,758,829,973,326,352,283,367,422,444,340,321,261,391,407,529
2018_1,고척로27길,2604,1334,1270,368,359,354,429,457,637,198,194,197,213,242,290,170,165,157,216,215,347
2018_1,고척로21나길,2635,1366,1269,398,330,353,436,454,664,217,182,196,227,243,301,181,148,157,209,211,363
2018_1,경인로47길,2100,1050,1050,298,325,298,324,360,495,139,167,154,166,184,240,159,158,144,158,176,255
2018_1,경인로35길,3107,1588,1519,366,389,365,470,618,899,193,196,192,262,326,419,173,193,173,208,292,480
2018_1,경인로31길,2002,1048,954,216,238,244,345,412,547,105,128,142,198,227,248,111,110,102,147,185,299
2018_1,경인로15길,3649,1847,1802,495,475,588,583,604,904,251,248,307,323,301,417,244,227,281,260,303,487
2018_1,개봉로3길,3121,1527,1594,477,393,532,512,525,682,230,200,284,262,255,296,247,193,248,250,270,386
2018_1,개봉로2길,2383,1136,1247,417,290,417,390,357,512,203,150,209,190,157,227,214,140,208,200,200,285
2018_1,개봉로23가길,2276,1097,1179,310,237,405,336,348,640,137,124,201,180,163,292,173,113,204,156,185,348
2018_1,개봉로20길,3697,1784,1913,609,491,616,531,586,864,319,240,281,268,260,416,290,251,335,263,326,448
2018_1,개봉로1길,2232,1125,1107,346,293,367,376,347,503,173,152,212,182,174,232,173,141,155,194,173,271
2018_1,개봉로17다길,3524,1779,1745,510,488,611,518,577,820,263,262,317,258,284,395,247,226,294,260,293,425
2018_1,개봉로17길,5849,2877,2972,927,858,944,934,987,1199,476,435,488,478,463,537,451,423,456,456,524,662
2018_1,개봉로11길,5282,2613,2669,833,753,810,875,844,1167,449,382,420,430,391,541,384,371,390,445,453,626
2018_1,화곡로64길,3889,1881,2008,475,775,812,575,577,675,261,286,434,289,294,317,214,489,378,286,283,358
2018_1,화곡로59길,2333,1133,1200,378,371,380,353,444,407,194,193,175,161,220,190,184,178,205,192,224,217
2018_1,화곡로44나길,3186,1596,1590,451,481,685,533,467,569,244,218,384,286,206,258,207,263,301,247,261,311
2018_1,화곡로31길,4002,1934,2068,425,657,765,540,656,959,226,347,392,250,288,431,199,310,373,290,368,528
2018_1,화곡로20길,3416,1683,1733,533,462,641,516,532,732,276,233,332,253,251,338,257,229,309,263,281,394
2018_1,화곡로13길,3286,1595,1691,542,501,479,588,511,665,287,253,237,279,234,305,255,248,242,309,277,360
2018_1,초원로16길,3688,1883,1805,498,530,528,538,650,944,262,277,286,293,317,448,236,253,242,245,333,496
2018_1,초록마을로8길,4951,2451,2500,944,698,976,884,667,782,505,349,510,451,310,326,439,349,466,433,357,456
2018_1,초록마을로3길,2519,1287,1232,217,455,651,449,331,416,109,217,372,250,165,174,108,238,279,199,166,242
2018_1,월정로20길,2201,1184,1017,189,386,632,335,321,338,86,191,366,202,175,164,103,195,266,133,146,174
2018_1,우장산로6길,5841,2774,3067,1393,786,793,1219,864,786,653,363,374,586,427,371,740,423,419,633,437,415
2018_1,양천로73가길,2795,1440,1355,735,327,482,611,329,311,418,156,230,319,176,141,317,171,252,292,153,170
2018_1,양천로71길,7357,3599,3758,1889,897,1015,1595,1040,921,920,478,459,810,509,423,969,419,556,785,531,498
2018_1,양천로49길,1104,573,531,153,216,227,142,161,205,88,104,121,77,86,97,65,112,106,65,75,108
2018_1,양천로26길,2239,1080,1159,479,248,426,381,315,390,237,132,198,186,157,170,242,116,228,195,158,220
2018_1,양천로24길,3832,1947,1885,614,499,672,559,618,870,341,259,343,297,277,430,273,240,329,262,341,440
2018_1,양천로24가길,2889,1428,1461,500,362,459,519,444,605,254,186,246,253,216,273,246,176,213,266,228,332
2018_1,양천로14길,4408,2175,2233,792,577,664,699,733,943,400,289,351,364,338,433,392,288,313,335,395,510
2018_1,방화대로6라길,2440,1265,1175,352,314,447,472,368,487,188,152,241,259,194,231,164,162,206,213,174,256
2018_1,방화대로21길,2393,1213,1180,308,357,360,336,431,601,155,173,215,179,207,284,153,184,145,157,224,317
2018_1,등촌로5길,1534,717,817,204,241,296,195,248,350,98,113,156,96,107,147,106,128,140,99,141,203
2018_1,등촌로55길,2773,1343,1430,401,491,719,412,349,401,215,213,384,197,150,184,186,278,335,215,199,217
2018_1,등촌로51길,2154,1082,1072,364,346,340,309,367,428,185,198,172,150,170,207,179,148,168,159,197,221
2018_1,등촌로39길,3287,1690,1597,570,492,600,519,529,577,315,265,338,264,256,252,255,227,262,255,273,325
2018_1,등촌로13길,3962,1956,2006,567,565,783,636,629,782,298,303,409,306,296,344,269,262,374,330,333,438
2018_1,남부순환로11길,4017,2063,1954,624,539,792,707,616,739,330,261,431,382,326,333,294,278,361,325,290,406
2018_1,까치산로4길,4517,2179,2338,854,596,879,784,592,812,448,273,443,400,276,339,406,323,436,384,316,473
2018_1,국회대로7길,2356,1153,1203,277,347,434,346,384,568,125,177,249,173,175,254,152,170,185,173,209,314
2018_1,공항대로8길,3012,1530,1482,364,509,535,456,443,705,188,261,286,257,207,331,176,248,249,199,236,374
2018_1,공항대로61길,2036,1018,1018,384,265,408,383,286,310,206,133,205,194,144,136,178,132,203,189,142,174
2018_1,공항대로59다길,2839,1408,1431,541,379,437,450,475,557,293,193,202,225,232,263,248,186,235,225,243,294
2018_1,공항대로59길,2139,982,1157,203,440,568,326,281,321,97,168,282,159,136,140,106,272,286,167,145,181
2018_1,공항대로55길,1466,734,732,233,229,268,207,231,298,129,117,149,96,110,133,104,112,119,111,121,165
2018_1,공항대로42길,1114,538,576,238,139,173,230,164,170,108,70,87,112,79,82,130,69,86,118,85,88
2018_1,공항대로38길,444,216,228,82,70,98,70,65,59,42,42,48,34,29,21,40,28,50,36,36,38
2018_1,곰달래로60길,2063,1028,1035,202,325,441,289,330,476,112,169,228,144,154,221,90,156,213,145,176,255
2018_1,곰달래로53길,3764,1874,1890,668,495,626,689,557,729,355,255,331,333,282,318,313,240,295,356,275,411
2018_1,곰달래로47길,4238,2060,2178,762,561,775,793,611,736,364,277,406,387,289,337,398,284,369,406,322,399
2018_1,곰달래로31길,3447,1676,1771,716,414,694,636,429,558,373,199,344,308,195,257,343,215,350,328,234,301
2018_1,곰달래로25길,3027,1447,1580,433,372,545,509,498,670,212,183,272,275,218,287,221,189,273,234,280,383
2018_1,개화동로25길,2441,1235,1206,222,625,462,312,334,486,104,287,269,168,175,232,118,338,193,144,159,254
2018_1,개화동로23길,3953,1946,2007,485,524,544,589,753,1058,254,280,273,288,372,479,231,244,271,301,381,579
2018_1,강서로8길,3350,1655,1695,449,440,638,517,488,818,220,210,335,273,223,394,229,230,303,244,265,424
2018_1,강서로5라길,2909,1444,1465,438,373,603,449,459,587,235,182,324,233,202,268,203,191,279,216,257,319
2018_1,강서로5나길,2975,1470,1505,277,630,809,410,337,512,141,259,454,220,151,245,136,371,355,190,186,267
2018_1,강서로5가길,1832,935,897,181,307,410,283,250,401,96,134,218,162,126,199,85,173,192,121,124,202
2018_1,강서로47라길,3813,1802,2011,870,551,492,757,622,521,402,263,249,350,315,223,468,288,243,407,307,298
2018_1,강서로47길,4319,2071,2248,942,597,568,859,694,659,434,301,283,409,368,276,508,296,285,450,326,383
2018_1,강서로45다길,2783,1352,1431,450,390,520,450,410,563,226,192,281,224,179,250,224,198,239,226,231,313
2018_1,강서로45길,1009,494,515,197,135,159,184,143,191,88,62,79,98,64,103,109,73,80,86,79,88
2018_1,강서로35길,3847,1860,1987,478,586,698,565,687,833,244,272,367,266,336,375,234,314,331,299,351,458
2018_1,강서로29길,3275,1588,1687,474,551,804,449,461,536,241,258,424,219,203,243,233,293,380,230,258,293
2018_1,강서로18길,6906,3349,3557,1061,971,1365,1106,985,1418,543,463,706,549,465,623,518,508,659,557,520,795
2018_1,강서로17가길,3258,1639,1619,373,511,646,474,554,700,198,251,352,251,253,334,175,260,294,223,301,366
2018_1,강서로15길,5623,2803,2820,679,807,1111,838,970,1218,329,420,597,432,500,525,350,387,514,406,470,693
2018_1,가로공원로80길,3079,1545,1534,463,452,583,465,481,635,247,236,304,246,228,284,216,216,279,219,253,351
2018_1,가로공원로76가길,3223,1565,1658,464,465,628,506,502,658,235,226,326,255,222,301,229,239,302,251,280,357
2018_1,화곡로4길,1634,817,817,240,208,236,246,321,383,128,106,121,118,156,188,112,102,115,128,165,195
2018_1,화곡로3길,3523,1759,1764,729,531,547,582,530,604,381,273,271,293,263,278,348,258,276,289,267,326
2018_1,지양로7길,3552,1751,1801,512,439,513,529,614,945,255,229,292,283,270,422,257,210,221,246,344,523
2018_1,중앙로55길,4189,2106,2083,677,555,629,681,739,908,361,299,326,340,368,412,316,256,303,341,371,496
2018_1,중앙로51길,4554,2244,2310,831,595,732,726,692,978,401,310,372,359,342,460,430,285,360,367,350,518
2018_1,중앙로47길,2177,1137,1040,255,275,293,357,453,544,138,154,167,192,231,255,117,121,126,165,222,289
2018_1,중앙로45길,2098,1027,1071,315,288,309,355,369,462,161,145,164,176,166,215,154,143,145,179,203,247
2018_1,중앙로36길,922,453,469,171,106,103,187,136,219,97,48,53,90,70,95,74,58,50,97,66,124
2018_1,중앙로32길,1089,537,552,242,151,125,197,172,202,122,79,65,88,98,85,120,72,60,109,74,117
2018_1,중앙로25길,2678,1382,1296,330,313,346,465,508,716,181,162,188,254,262,335,149,151,158,211,246,381
2018_1,은행정로7길,3283,1615,1668,532,425,538,544,515,729,273,222,270,267,245,338,259,203,268,277,270,391
2018_1,은행정로5길,787,424,363,121,80,104,139,132,211,69,45,59,70,73,108,52,35,45,69,59,103
2018_1,오목로5길,4115,2022,2093,856,452,698,664,619,826,447,233,323,336,305,378,409,219,375,328,314,448
2018_1,오목로3길,3779,1870,1909,783,435,609,638,573,741,403,229,296,326,267,349,380,206,313,312,306,392
2018_1,오목로30길,3617,1788,1829,449,530,593,573,624,848,237,258,324,280,295,394,212,272,269,293,329,454
2018_1,오목로23길,4542,2279,2263,671,642,884,768,707,870,343,326,462,376,347,425,328,316,422,392,360,445
2018_1,신월로20길,2040,1039,1001,390,245,341,359,309,396,204,138,173,179,145,200,186,107,168,180,164,196
2018_1,신월로15길,5773,2848,2925,1026,770,809,933,1000,1235,546,397,406,455,489,555,480,373,403,478,511,680
2018_1,신목로6길,2439,1204,1235,466,332,314,450,414,463,257,172,153,206,216,200,209,160,161,244,198,263
2018_1,신목로5길,2207,1100,1107,548,310,224,478,379,268,279,171,104,211,208,127,269,139,120,267,171,141
2018_1,신목로2길,2114,1024,1090,379,350,204,387,440,354,198,181,98,175,217,155,181,169,106,212,223,199
2018_1,목동중앙서로8가길,1386,676,710,210,197,269,212,201,297,117,101,129,105,100,124,93,96,140,107,101,173
2018_1,목동중앙서로7길,3682,1829,1853,593,574,599,665,598,653,320,305,315,320,288,281,273,269,284,345,310,372
2018_1,목동중앙북로8길,2164,1009,1155,318,312,398,331,342,463,162,157,191,164,143,192,156,155,207,167,199,271
2018_1,목동중앙북로16길,3354,1651,1703,435,574,828,486,468,563,240,267,422,235,225,262,195,307,406,251,243,301
2018_1,목동중앙본로7길,2972,1487,1485,557,449,456,500,500,510,331,236,217,237,243,223,226,213,239,263,257,287
2018_1,목동중앙로3길,2454,1210,1244,581,342,289,484,405,353,293,187,138,221,218,153,288,155,151,263,187,200
2018_1,목동중앙로13나길,1098,575,523,173,169,247,174,147,188,105,73,138,88,81,90,68,96,109,86,66,98
2018_1,목동중앙남로3가길,2710,1371,1339,520,429,402,458,439,462,309,234,188,217,209,214,211,195,214,241,230,248
2018_1,목동로9길,3502,1671,1831,616,553,569,624,547,593,324,256,264,290,254,283,292,297,305,334,293,310
2018_1,목동로19길,2349,1094,1255,396,332,401,383,347,490,175,155,196,180,171,217,221,177,205,203,176,273
2018_1,목동동로8길,975,449,526,231,117,110,228,159,130,107,51,53,101,88,49,124,66,57,127,71,81
2018_1,목동동로12길,2306,1100,1206,523,325,261,458,361,378,250,159,125,208,184,174,273,166,136,250,177,204
2018_1,목동남로4길,1269,614,655,267,183,152,238,196,233,130,86,81,110,101,106,137,97,71,128,95,127
2018_1,남부순환로88길,1738,848,890,456,195,220,383,258,226,224,99,108,179,125,113,232,96,112,204,133,113
2018_1,남부순환로79길,792,417,375,96,88,111,114,182,201,47,53,69,59,92,97,49,35,42,55,90,104
2018_1,남부순환로70길,4861,2432,2429,651,691,612,745,932,1230,319,384,337,371,479,542,332,307,275,374,453,688
2018_1,남부순환로58길,2170,1092,1078,338,313,323,333,382,481,175,157,189,161,179,231,163,156,134,172,203,250
2018_1,남부순환로40길,2503,1350,1153,283,282,335,416,517,670,142,138,203,250,295,322,141,144,132,166,222,348
2018_1,남부순환로33길,3817,1890,1927,520,549,602,572,693,881,252,281,339,275,334,409,268,268,263,297,359,472
2018_1,곰달래로5길,3859,1974,1885,470,563,506,574,790,956,242,285,281,288,417,461,228,278,225,286,373,495
2018_1,곰달래로3길,3945,2055,1890,570,513,531,679,754,898,296,295,277,363,396,428,274,218,254,316,358,470
2018_1,곰달래로2길,3816,1949,1867,606,494,580,634,680,822,310,260,306,342,339,392,296,234,274,292,341,430
2018_1,곰달래로10길,3439,1747,1692,483,428,574,568,602,784,243,218,308,289,311,378,240,210,266,279,291,406
2018_1,가로공원로58길,2401,1286,1115,284,299,276,411,484,647,137,157,167,236,283,306,147,142,109,175,201,341
2018_1,효창원로93길,3499,1689,1810,432,586,471,612,623,775,213,272,268,293,301,342,219,314,203,319,322,433
2018_1,토정로37길,2809,1364,1445,656,307,452,617,372,405,321,143,211,320,181,188,335,164,241,297,191,217
2018_1,월드컵로8길,1636,728,908,172,289,383,277,202,313,87,125,172,123,87,134,85,164,211,154,115,179
2018_1,월드컵로7길,1888,858,1030,251,357,438,275,248,319,121,151,202,124,126,134,130,206,236,151,122,185
2018_1,월드컵로36길,3857,1737,2120,505,719,773,680,505,675,248,269,341,337,249,293,257,450,432,343,256,382
2018_1,월드컵로25길,3152,1522,1630,545,457,571,575,405,599,272,221,277,295,203,254,273,236,294,280,202,345
2018_1,월드컵로19길,1703,789,914,183,314,339,277,223,367,88,146,165,132,112,146,95,168,174,145,111,221
2018_1,월드컵로16길,2529,1176,1353,343,424,561,427,335,439,170,192,255,196,173,190,173,232,306,231,162,249
2018_1,월드컵로11길,2405,1115,1290,294,426,512,375,335,463,154,168,237,196,162,198,140,258,275,179,173,265
2018_1,월드컵로10길,4164,1919,2245,550,643,740,702,691,838,269,272,321,327,343,387,281,371,419,375,348,451
2018_1,와우산로3길,1803,857,946,156,372,444,264,238,329,71,182,233,124,112,135,85,190,211,140,126,194
2018_1,와우산로29길,818,394,424,90,150,172,153,98,155,47,71,82,76,47,71,43,79,90,77,51,84
2018_1,와우산로29가길,511,239,272,39,192,113,56,42,69,17,90,58,20,22,32,22,102,55,36,20,37
2018_1,양화진길,1340,640,700,130,224,305,200,200,281,74,101,168,104,82,111,56,123,137,96,118,170
2018_1,양화로1길,2733,1260,1473,383,489,573,461,323,504,183,211,265,229,153,219,200,278,308,232,170,285
2018_1,양화로11길,732,316,416,72,139,172,119,82,148,34,51,83,50,40,58,38,88,89,69,42,90
2018_1,신촌로30길,605,296,309,60,83,67,79,117,199,29,40,37,48,59,83,31,43,30,31,58,116
2018_1,신촌로28가길,389,211,178,31,41,56,54,81,126,15,20,36,29,50,61,16,21,20,25,31,65
2018_1,신촌로12길,1921,924,997,145,541,410,246,215,364,77,251,207,125,112,152,68,290,203,121,103,212
2018_1,숭문길,2806,1381,1425,352,400,331,438,488,797,178,221,174,220,249,339,174,179,157,218,239,458
2018_1,숭문8길,591,289,302,103,70,129,98,71,120,46,37,70,58,30,48,57,33,59,40,41,72
2018_1,성지3길,1043,477,566,109,209,236,139,131,219,56,86,120,68,59,88,53,123,116,71,72,131
2018_1,성산로4길,3363,1644,1719,450,535,574,543,532,729,230,254,297,282,254,327,220,281,277,261,278,402
2018_1,성미산로32길,1206,554,652,115,252,308,158,166,207,61,100,143,89,77,84,54,152,165,69,89,123
2018_1,성미산로1길,3203,1502,1701,528,481,584,613,420,577,287,223,262,282,193,255,241,258,322,331,227,322
2018_1,성미산로11길,3755,1799,1956,551,559,725,683,526,711,298,261,346,336,253,305,253,298,379,347,273,406
2018_1,백범로16길,1710,825,885,242,250,314,293,243,368,122,120,142,155,122,164,120,130,172,138,121,204
2018_1,방울내로9안길,5569,2714,2855,981,731,1028,1006,759,1064,478,374,483,522,385,472,503,357,545,484,374,592
2018_1,모래내로7길,1963,972,991,289,317,306,356,283,412,153,153,165,186,134,181,136,164,141,170,149,231
2018_1,매봉산로2길,2934,1459,1475,384,556,565,452,388,589,202,251,301,242,210,253,182,305,264,210,178,336
2018_1,망원로2길,4632,2210,2422,677,689,916,760,700,890,347,336,435,380,326,386,330,353,481,380,374,504
2018_1,망원로11길,2336,1100,1236,367,350,361,425,323,510,178,154,190,211,156,211,189,196,171,214,167,299
2018_1,만리재옛길,2663,1296,1367,342,365,495,472,378,611,174,161,257,245,192,267,168,204,238,227,186,344
2018_1,마포대로4길,869,399,470,120,157,173,124,127,168,63,65,90,56,58,67,57,92,83,68,69,101
2018_1,마포대로20길,2116,1040,1076,276,335,437,379,311,378,144,148,216,197,162,173,132,187,221,182,149,205
2018_1,마포대로12길,455,215,240,74,50,82,74,63,112,35,21,43,36,35,45,39,29,39,38,28,67
2018_1,동교로38길,1362,639,723,109,295,332,191,158,277,56,130,155,104,80,114,53,165,177,87,78,163
2018_1,동교로27길,2549,1166,1383,289,532,609,394,255,470,147,227,281,176,117,218,142,305,328,218,138,252
2018_1,동교로25길,1329,598,731,133,308,313,184,169,222,63,128,138,90,80,99,70,180,175,94,89,123
2018_1,동교로19길,1867,871,996,233,290,406,386,244,308,106,145,191,185,122,122,127,145,215,201,122,186
2018_1,동교로17길,1854,866,988,236,317,431,332,234,304,133,135,189,172,108,129,103,182,242,160,126,175
2018_1,독막로8길,1379,632,747,162,264,337,202,185,229,82,115,153,100,86,96,80,149,184,102,99,133
2018_1,독막로32길,2847,1384,1463,407,404,476,452,435,673,205,202,251,222,214,290,202,202,225,230,221,383
2018_1,독막로22길,1051,502,549,175,158,198,208,126,186,93,68,97,101,59,84,82,90,101,107,67,102
2018_1,도화길,1035,466,569,142,200,227,166,122,178,71,74,103,78,68,72,71,126,124,88,54,106
2018_1,도화4길,3907,1858,2049,648,450,625,664,623,897,324,226,302,331,301,374,324,224,323,333,322,523
2018_1,대흥로28길,1536,736,800,106,399,224,209,236,362,42,173,112,105,132,172,64,226,112,104,104,190
2018_1,대흥로21길,3624,1829,1795,337,786,575,499,548,879,185,405,299,270,302,368,152,381,276,229,246,511
2018_1,광성로6길,2054,1078,976,264,482,307,326,291,384,145,286,165,168,152,162,119,196,142,158,139,222
2018_1,홍제내길,3363,1567,1796,518,428,515,561,484,857,252,215,260,275,222,343,266,213,255,286,262,514
2018_1,홍연길,1133,590,543,151,144,152,180,188,318,89,74,81,101,106,139,62,70,71,79,82,179
2018_1,통일로39길,1627,820,807,199,237,200,264,286,441,109,130,109,129,136,207,90,107,91,135,150,234
2018_1,통일로37길,1577,719,858,154,194,176,256,307,490,68,91,93,124,138,205,86,103,83,132,169,285
2018_1,통일로11길,299,162,137,28,43,41,39,43,105,16,22,21,23,29,51,12,21,20,16,14,54
2018_1,충정로6길,695,387,308,44,117,136,96,126,176,23,62,77,64,78,83,21,55,59,32,48,93
2018_1,충정로4길,720,351,369,89,107,136,117,102,169,42,56,60,63,49,81,47,51,76,54,53,88
2018_1,증가로6길,3186,1571,1615,452,469,499,492,504,770,233,240,268,254,239,337,219,229,231,238,265,433
2018_1,증가로23나길,5247,2523,2724,767,754,797,813,885,1231,388,378,399,400,426,532,379,376,398,413,459,699
2018_1,증가로20가길,3545,1762,1783,615,615,460,634,563,658,323,308,243,322,265,301,292,307,217,312,298,357
2018_1,증가로10길,3833,1883,1950,432,674,531,607,623,966,213,318,296,301,326,429,219,356,235,306,297,537
2018_1,응암로1길,3833,1848,1985,521,459,661,625,606,961,257,223,331,325,268,444,264,236,330,300,338,517
2018_1,연희로10길,3231,1730,1501,296,1230,621,359,265,460,156,724,344,176,126,204,140,506,277,183,139,256
2018_1,신촌로37길,762,408,354,56,129,117,117,148,195,25,72,65,63,86,97,31,57,52,54,62,98
2018_1,수색로8길,3779,1825,1954,572,461,637,566,574,969,272,238,316,295,271,433,300,223,321,271,303,536
2018_1,세무서길,2814,1339,1475,343,409,337,416,456,853,173,203,180,209,220,354,170,206,157,207,236,499
2018_1,세무서2길,1521,749,772,176,204,194,262,229,456,92,112,98,140,115,192,84,92,96,122,114,264
2018_1,세검정로1길,1165,556,609,175,132,134,192,188,344,85,57,63,101,107,143,90,75,71,91,81,201
2018_1,북아현로4길,3582,1724,1858,362,535,472,596,624,993,187,268,269,289,313,398,175,267,203,307,311,595
2018_1,모래내로15길,11074,5349,5725,2553,1318,1823,2045,1481,1854,1261,657,867,1038,712,814,1292,661,956,1007,769,1040
2018_1,명지대길,2376,1150,1226,312,524,335,339,357,509,164,250,172,160,171,233,148,274,163,179,186,276
2018_1,독립문로8길,4159,1957,2202,620,574,655,713,585,1012,289,287,340,364,264,413,331,287,315,349,321,599
2018_1,가재울로6길,2787,1358,1429,395,369,395,480,409,739,196,177,196,262,212,315,199,192,199,218,197,424
2018_1,통일로92길,5780,2911,2869,738,931,935,843,1048,1285,392,481,527,438,474,599,346,450,408,405,574,686
2018_1,통일로87길,1852,882,970,235,290,315,316,266,430,119,131,163,160,121,188,116,159,152,156,145,242
2018_1,통일로78길,4520,2169,2351,607,661,748,691,764,1049,302,335,386,332,341,473,305,326,362,359,423,576
2018_1,통일로69길,1844,873,971,262,252,272,295,303,460,130,118,145,146,136,198,132,134,127,149,167,262
2018_1,진흥로1길,4307,2080,2227,710,591,711,743,652,900,364,290,332,377,312,405,346,301,379,366,340,495
2018_1,진흥로12길,5845,2850,2995,781,754,945,951,944,1470,404,382,507,493,445,619,377,372,438,458,499,851
2018_1,증산서길,1035,555,480,164,139,153,153,167,259,94,81,84,94,85,117,70,58,69,59,82,142
2018_1,증산로9길,2851,1385,1466,438,384,427,468,453,681,207,191,221,232,210,324,231,193,206,236,243,357
2018_1,증산로5길,2838,1355,1483,384,355,355,466,478,800,183,177,170,237,229,359,201,178,185,229,249,441
2018_1,증산로21길,5290,2572,2718,791,752,895,861,799,1192,412,382,465,419,367,527,379,370,430,442,432,665
2018_1,증산로17길,2096,1012,1084,298,288,318,333,322,537,144,143,164,160,160,241,154,145,154,173,162,296
2018_1,증산로15길,2597,1293,1304,366,314,363,435,426,693,182,164,193,235,208,311,184,150,170,200,218,382
2018_1,증산로13길,2018,1037,981,235,264,252,308,418,541,118,144,135,159,219,262,117,120,117,149,199,279
2018_1,응암로34길,2806,1349,1457,493,348,459,501,397,608,263,166,227,248,185,260,230,182,232,253,212,348
2018_1,응암로22길,1795,886,909,221,222,216,277,314,545,119,126,114,150,145,232,102,96,102,127,169,313
2018_1,응암로14길,1951,968,983,241,251,257,317,352,533,123,133,132,171,185,224,118,118,125,146,167,309
2018_1,응암로13길,1672,823,849,177,223,317,275,256,424,99,100,170,135,131,188,78,123,147,140,125,236
2018_1,응암로12길,1528,761,767,184,191,173,229,280,471,100,103,92,120,134,212,84,88,81,109,146,259
2018_1,은평로8길,3496,1680,1816,625,473,681,642,429,646,325,228,331,330,198,268,300,245,350,312,231,378
2018_1,은평로3길,2418,1094,1324,397,318,401,428,349,525,198,140,186,205,147,218,199,178,215,223,202,307
2018_1,은평로20길,435,213,222,37,64,50,78,88,118,21,35,24,42,42,49,16,29,26,36,46,69
2018_1,은평로13길,3253,1538,1715,497,388,513,579,519,757,248,177,256,277,243,337,249,211,257,302,276,420
2018_1,은평로10길,3037,1490,1547,475,389,434,549,477,713,259,196,229,272,223,311,216,193,205,277,254,402
2018_1,연서로5길,2753,1306,1447,483,383,452,461,441,533,244,170,228,229,204,231,239,213,224,232,237,302
2018_1,연서로41길,4012,1952,2060,545,500,537,693,722,1015,263,269,272,359,330,459,282,231,265,334,392,556
2018_1,연서로3길,3694,1762,1932,660,521,670,605,535,703,335,260,321,298,242,306,325,261,349,307,293,397
2018_1,연서로34길,2911,1377,1534,398,395,423,453,482,760,196,204,217,230,215,315,202,191,206,223,267,445
2018_1,연서로33길,2091,1049,1042,223,293,295,297,366,617,118,159,164,152,184,272,105,134,131,145,182,345
2018_1,연서로29길,1049,503,546,124,170,212,149,162,232,61,82,109,71,75,105,63,88,103,78,87,127
2018_1,연서로28길,3676,1751,1925,445,628,629,572,565,837,209,298,320,277,269,378,236,330,309,295,296,459
2018_1,연서로27길,3012,1417,1595,387,447,471,500,499,708,200,207,240,243,230,297,187,240,231,257,269,411
2018_1,연서로21길,4420,2104,2316,760,596,713,807,653,891,381,290,380,371,294,388,379,306,333,436,359,503
2018_1,연서로17길,2344,1135,1209,337,340,348,398,416,505,160,168,183,197,196,231,177,172,165,201,220,274
2018_1,연서로16길,4676,2228,2448,739,590,697,786,800,1064,376,283,340,389,370,470,363,307,357,397,430,594
2018_1,연서로13길,3898,1844,2054,636,553,582,699,611,817,312,240,299,332,304,357,324,313,283,367,307,460
2018_1,연서로11길,3875,1850,2025,726,509,650,665,587,738,356,248,329,317,269,331,370,261,321,348,318,407
2018_1,역말로9길,5759,2769,2990,849,755,927,977,912,1339,412,363,480,498,437,579,437,392,447,479,475,760
2018_1,수색로18길,2246,1144,1102,265,296,252,361,423,649,148,162,143,198,227,266,117,134,109,163,196,383
2018_1,서오릉로8길,2743,1312,1431,341,374,417,447,451,713,164,185,211,236,217,299,177,189,206,211,234,414
2018_1,서오릉로21길,3885,1880,2005,628,536,580,619,634,888,313,288,291,295,292,401,315,248,289,324,342,487
2018_1,불광천길,5189,2538,2651,675,695,790,876,856,1297,341,350,429,456,423,539,334,345,361,420,433,758
2018_1,갈현로7길,2691,1308,1383,445,351,382,482,440,591,246,176,182,241,195,268,199,175,200,241,245,323
2018_1,갈현로41길,3186,1565,1621,421,437,387,511,572,858,237,235,205,251,270,367,184,202,182,260,302,491
2018_1,갈현로33길,3676,1805,1871,652,566,516,607,610,725,339,293,273,277,288,335,313,273,243,330,322,390
2018_1,갈현로1길,2446,1182,1264,421,317,393,436,393,486,208,150,212,216,199,197,213,167,181,220,194,289
2018_1,가좌로7길,3666,1813,1853,522,512,466,589,641,936,279,263,250,292,309,420,243,249,216,297,332,516
2018_1,한글비석로44길,4061,2001,2060,548,544,481,682,680,1126,268,286,272,343,337,495,280,258,209,339,343,631
2018_1,한글비석로24길,2412,1232,1180,291,340,297,336,439,709,156,185,176,163,223,329,135,155,121,173,216,380
2018_1,한글비석로22길,1773,899,874,316,260,197,304,309,387,165,129,102,150,157,196,151,131,95,154,152,191
2018_1,석계로1길,2595,1317,1278,336,357,332,395,429,746,182,190,171,205,223,346,154,167,161,190,206,400
2018_1,상계로9가길,2575,1331,1244,341,349,341,386,441,717,188,195,187,205,227,329,153,154,154,181,214,388
2018_1,상계로1길,1230,615,615,223,185,193,223,195,211,115,98,96,106,91,109,108,87,97,117,104,102
2018_1,상계로12길,3530,1745,1785,458,609,447,564,605,847,235,309,255,277,293,376,223,300,192,287,312,471
2018_1,동일로242길,2021,993,1028,297,310,264,273,376,501,150,162,134,134,184,229,147,148,130,139,192,272
2018_1,동일로192길,2750,1421,1329,305,772,401,309,416,547,151,409,218,167,212,264,154,363,183,142,204,283
2018_1,동일로173가길,3728,1873,1855,587,542,641,551,589,818,297,275,335,310,271,385,290,267,306,241,318,433
2018_1,공릉로58길,1506,748,758,288,304,152,229,263,270,155,159,78,100,126,130,133,145,74,129,137,140
2018_1,해등로16길,2229,1079,1150,318,365,302,346,439,459,166,180,149,155,211,218,152,185,153,191,228,241
2018_1,우이천로4다길,2364,1196,1168,361,336,277,381,423,586,192,185,147,180,225,267,169,151,130,201,198,319
2018_1,우이천로32길,3112,1497,1615,532,413,438,557,495,677,255,210,223,266,247,296,277,203,215,291,248,381
2018_1,시루봉로23길,3577,1850,1727,420,492,418,571,690,986,230,261,229,305,353,472,190,231,189,266,337,514
2018_1,삼양로144길,967,456,511,148,142,130,158,137,252,95,45,65,71,69,111,53,97,65,87,68,141
2018_1,방학로6가길,2209,1094,1115,274,322,282,353,443,535,127,173,157,180,221,236,147,149,125,173,222,299
2018_1,방학로5길,3893,1958,1935,561,526,568,568,657,1013,300,278,311,299,316,454,261,248,257,269,341,559
2018_1,방학로15길,3905,1936,1969,832,526,452,728,679,688,420,287,227,328,336,338,412,239,225,400,343,350
2018_1,방학로10길,1934,967,967,281,283,245,331,354,440,142,164,135,159,173,194,139,119,110,172,181,246
2018_1,도봉산길,1789,905,884,200,225,234,269,331,530,97,118,126,151,166,247,103,107,108,118,165,283
2018_1,도봉산4길,374,191,183,24,54,51,46,81,118,13,29,30,29,41,49,11,25,21,17,40,69
2018_1,도봉로181길,2042,1022,1020,278,240,272,301,344,607,143,126,159,154,164,276,135,114,113,147,180,331
2018_1,도봉로169나길,3066,1552,1514,337,336,436,444,556,957,174,176,233,234,280,455,163,160,203,210,276,502
2018_1,도봉로156길,1413,760,653,153,175,180,216,274,415,71,98,102,128,155,206,82,77,78,88,119,209
2018_1,도봉로152가길,706,364,342,68,89,94,75,158,222,33,52,53,41,87,98,35,37,41,34,71,124
2018_1,도봉로147길,3584,1751,1833,458,493,444,556,679,954,233,232,231,298,339,418,225,261,213,258,340,536
2018_1,도봉로143길,1799,886,913,229,263,232,260,339,476,118,130,121,123,165,229,111,133,111,137,174,247
2018_1,도봉로114길,5036,2433,2603,525,774,751,843,902,1241,252,389,400,430,428,534,273,385,351,413,474,707
2018_1,도봉로109길,2699,1313,1386,391,357,451,419,396,685,198,176,230,216,194,299,193,181,221,203,202,386
2018_1,도당로29길,2856,1420,1436,327,384,333,492,487,833,165,188,176,247,253,391,162,196,157,245,234,442
2018_1,도당로19길,3942,2041,1901,543,515,460,695,672,1057,276,277,243,371,375,499,267,238,217,324,297,558
2018_1,도당로13바길,3551,1832,1719,554,490,484,575,635,813,299,279,275,287,322,370,255,211,209,288,313,443
2018_1,도당로13가길,1737,899,838,188,246,226,261,359,457,110,130,127,143,179,210,78,116,99,118,180,247
2018_1,덕릉로60길,2707,1339,1368,408,397,368,421,457,656,213,205,198,207,219,297,195,192,170,214,238,359
2018_1,노해로63다길,1920,934,986,284,262,274,304,357,439,156,124,135,143,165,211,128,138,139,161,192,228
2018_1,노해로60길,1812,890,922,184,319,326,262,315,406,99,139,174,145,143,190,85,180,152,117,172,216
2018_1,한천로140길,1689,822,867,163,294,298,252,295,387,88,138,160,131,136,169,75,156,138,121,159,218
2018_1,한천로139가길,1518,702,816,123,273,249,215,239,419,54,126,129,108,104,181,69,147,120,107,135,238
2018_1,한천로132길,1727,868,859,194,270,308,294,272,389,106,131,167,144,130,190,88,139,141,150,142,199
2018_1,한천로130길,3125,1554,1571,428,451,433,527,545,741,237,238,214,269,275,321,191,213,219,258,270,420
2018_1,한천로124나길,2121,1045,1076,248,287,317,348,342,579,130,133,169,190,182,241,118,154,148,158,160,338
2018_1,한천로109길,3053,1483,1570,557,422,412,502,511,649,299,208,191,252,238,295,258,214,221,250,273,354
2018_1,인수봉로79길,2760,1409,1351,382,341,350,444,502,741,195,182,191,228,258,355,187,159,159,216,244,386
2018_1,인수봉로72길,4216,2015,2201,608,605,565,602,734,1102,292,312,299,283,337,492,316,293,266,319,397,610
2018_1,인수봉로56길,1915,909,1006,282,277,236,324,320,476,136,139,122,166,134,212,146,138,114,158,186,264
2018_1,오패산로67길,2065,1014,1051,191,349,392,366,326,441,99,161,200,189,160,205,92,188,192,177,166,236
2018_1,오패산로52길,3006,1480,1526,381,420,393,475,492,845,210,219,213,247,218,373,171,201,180,228,274,472
2018_1,오패산로30길,1369,678,691,203,162,196,225,205,378,113,82,101,115,99,168,90,80,95,110,106,210
2018_1,수유로12길,3395,1663,1732,394,591,576,497,524,813,211,276,315,256,243,362,183,315,261,241,281,451
2018_1,솔샘로65길,2908,1420,1488,376,418,433,450,534,697,192,199,235,219,249,326,184,219,198,231,285,371
2018_1,솔매로50길,2125,1030,1095,298,315,301,363,335,513,156,146,162,178,158,230,142,169,139,185,177,283
2018_1,솔매로45길,2080,1009,1071,237,326,298,315,372,532,130,145,150,153,190,241,107,181,148,162,182,291
2018_1,솔매로41길,3348,1620,1728,393,502,454,516,630,853,199,249,256,259,287,370,194,253,198,257,343,483
2018_1,삼양로93길,3150,1560,1590,482,436,396,507,532,797,258,217,222,249,253,361,224,219,174,258,279,436
2018_1,삼양로77길,3254,1640,1614,467,430,447,494,559,857,245,245,233,262,267,388,222,185,214,232,292,469
2018_1,삼양로54길,3785,1845,1940,482,534,565,580,670,954,249,256,295,297,340,408,233,278,270,283,330,546
2018_1,삼양로41길,4380,2205,2175,519,579,521,676,823,1262,275,296,290,361,433,550,244,283,231,315,390,712
2018_1,삼양로27길,1347,654,693,305,141,215,300,187,199,150,76,106,152,92,78,155,65,109,148,95,121
2018_1,삼양로24길,3424,1705,1719,355,397,426,517,637,1092,178,213,230,268,318,498,177,184,196,249,319,594
2018_1,삼양로20길,2194,1105,1089,257,342,228,337,428,602,132,196,130,174,210,263,125,146,98,163,218,339
2018_1,삼각산로28길,3829,1869,1960,449,616,672,552,664,876,238,317,359,256,310,389,211,299,313,296,354,487
2018_1,도봉로99길,2252,1105,1147,244,381,372,342,392,521,129,208,197,166,185,220,115,173,175,176,207,301
2018_1,도봉로8길,247,123,124,19,25,41,58,41,63,10,12,23,35,22,21,9,13,18,23,19,42
2018_1,도봉로76길,3460,1585,1875,350,676,578,487,548,821,144,254,293,257,267,370,206,422,285,230,281,451
2018_1,도봉로67길,1633,787,846,199,205,250,216,289,474,102,94,129,110,135,217,97,111,121,106,154,257
2018_1,도봉로45길,3368,1620,1748,438,469,537,564,546,814,223,202,286,293,236,380,215,267,251,271,310,434
2018_1,도봉로18길,3115,1562,1553,367,398,443,493,569,845,197,198,258,250,279,380,170,200,185,243,290,465
2018_1,도봉로13길,1776,898,878,207,242,242,255,346,484,108,133,137,130,174,216,99,109,105,125,172,268
2018_1,덕릉로41길,2309,1123,1186,220,457,391,339,348,554,106,213,217,168,167,252,114,244,174,171,181,302
2018_1,덕릉로40길,2056,1042,1014,309,275,308,338,355,471,167,123,150,197,181,224,142,152,158,141,174,247
2018_1,노해로33길,2520,1206,1314,312,355,359,366,443,685,165,191,192,167,206,285,147,164,167,199,237,400
2018_1,노해로23길,1357,640,717,208,180,207,238,223,301,93,87,109,118,96,137,115,93,98,120,127,164
2018_1,노해로17길,2665,1321,1344,340,401,390,446,452,636,172,205,212,232,218,282,168,196,178,214,234,354
2018_1,화랑로40길,2109,1083,1026,268,282,321,371,386,481,151,145,164,191,202,230,117,137,157,180,184,251
2018_1,화랑로32길,3426,1697,1729,430,537,436,561,561,901,233,269,220,301,274,400,197,268,216,260,287,501
2018_1,화랑로1길,2736,1375,1361,379,314,388,463,446,746,197,159,201,259,231,328,182,155,187,204,215,418
2018_1,화랑로19길,2405,1215,1190,322,315,299,380,444,645,164,176,155,198,226,296,158,139,144,182,218,349
2018_1,화랑로14길,1398,706,692,182,275,191,211,237,302,94,142,105,121,118,126,88,133,86,90,119,176
2018_1,화랑로13길,1202,535,667,137,307,180,156,170,252,63,103,95,78,86,110,74,204,85,78,84,142
2018_1,한천로76길,1859,932,927,227,299,285,282,329,437,112,152,146,152,160,210,115,147,139,130,169,227
2018_1,한천로101가길,1444,727,717,318,155,183,303,211,274,144,85,92,154,117,135,174,70,91,149,94,139
2018_1,창경궁로43길,1270,558,712,142,305,232,183,177,231,69,139,95,83,86,86,73,166,137,100,91,145
2018_1,지봉로20길,2675,1349,1326,325,478,428,425,422,597,169,244,238,220,203,275,156,234,190,205,219,322
2018_1,종암로5길,2476,1339,1137,281,698,422,293,274,508,136,431,249,149,139,235,145,267,173,144,135,273
2018_1,종암로24가길,2215,1107,1108,389,275,384,371,318,478,203,147,200,187,158,212,186,128,184,184,160,266
2018_1,종암로21길,1714,834,880,319,248,259,306,253,329,159,124,123,160,123,145,160,124,136,146,130,184
2018_1,종암로19길,1767,864,903,258,276,254,293,272,414,129,149,132,142,129,183,129,127,122,151,143,231
2018_1,종암로16길,3394,1637,1757,401,460,403,492,578,1060,238,235,205,226,296,437,163,225,198,266,282,623
2018_1,정릉로8길,1781,894,887,214,331,281,218,286,451,105,179,155,120,147,188,109,152,126,98,139,263
2018_1,정릉로27길,3624,1791,1833,583,477,500,587,552,925,316,257,271,276,271,400,267,220,229,311,281,525
2018_1,정릉로26길,1969,965,1004,314,207,271,352,318,507,169,109,125,183,157,222,145,98,146,169,161,285
2018_1,장위로50길,1686,885,801,163,242,201,245,330,505,81,124,109,138,179,254,82,118,92,107,151,251
2018_1,장월로1길,2069,957,1112,238,433,277,289,314,518,110,154,150,161,157,225,128,279,127,128,157,293
2018_1,인촌로6길,1008,495,513,159,142,182,171,141,213,79,77,84,85,72,98,80,65,98,86,69,115
2018_1,인촌로5길,1461,644,817,140,440,245,192,180,264,71,157,113,94,89,120,69,283,132,98,91,144
2018_1,인촌로24길,675,387,288,55,247,115,62,78,118,28,133,78,38,46,64,27,114,37,24,32,54
2018_1,개운사길,1081,549,532,99,537,138,83,76,148,48,279,81,44,36,61,51,258,57,39,40,87
2018_1,인촌로1길,1107,543,564,100,236,185,165,164,257,49,100,100,95,87,112,51,136,85,70,77,145
2018_1,인촌로17가길,1613,797,816,167,500,243,236,177,290,90,268,113,111,90,125,77,232,130,125,87,165
2018_1,오패산로4길,2995,1442,1553,368,567,419,448,469,724,168,235,224,244,240,331,200,332,195,204,229,393
2018_1,오패산로3길,3447,1704,1743,472,443,460,489,583,1000,229,239,250,261,272,453,243,204,210,228,311,547
2018_1,오패산로19길,1724,864,860,182,218,218,260,338,508,97,121,111,142,168,225,85,97,107,118,170,283
2018_1,안암로5길,2214,1102,1112,268,425,384,366,327,444,140,220,205,188,163,186,128,205,179,178,164,258
2018_1,아리랑로4길,2954,1319,1635,304,777,558,385,343,587,151,312,264,180,162,250,153,465,294,205,181,337
2018_1,솔샘로6길,1879,920,959,265,280,265,269,309,491,131,142,142,137,164,204,134,138,123,132,145,287
2018_1,성북로8길,1624,808,816,278,249,214,304,260,319,148,140,94,147,132,147,130,109,120,157,128,172
2018_1,삼양로8길,1095,537,558,115,144,129,160,195,352,52,82,73,83,102,145,63,62,56,77,93,207
2018_1,삼선교로16가길,1956,988,968,283,299,272,316,319,467,147,162,150,167,159,203,136,137,122,149,160,264
2018_1,삼선교로10다길,2256,1128,1128,254,398,336,346,368,554,133,217,176,180,179,243,121,181,160,166,189,311
2018_1,삼선교로10길,2301,1081,1220,293,438,389,330,333,518,151,213,191,160,139,227,142,225,198,170,194,291
2018_1,보문로32길,1265,457,808,100,445,292,135,111,182,42,105,124,60,48,78,58,340,168,75,63,104
2018_1,보문로31길,2911,1339,1572,371,623,491,445,387,594,192,272,226,226,180,243,179,351,265,219,207,351
2018_1,보문로26길,1276,611,665,129,329,217,177,168,256,68,155,118,83,87,100,61,174,99,94,81,156
2018_1,보문로13길,2537,1232,1305,283,399,398,444,415,598,151,189,211,212,197,272,132,210,187,232,218,326
2018_1,보국문로16길,3011,1472,1539,470,413,450,502,471,705,239,215,226,265,217,310,231,198,224,237,254,395
2018_1,동소문로6길,296,138,158,31,43,37,39,53,93,15,23,15,21,27,37,16,20,22,18,26,56
2018_1,동소문로2길,403,208,195,37,61,51,65,68,121,21,27,34,34,36,56,16,34,17,31,32,65
2018_1,동소문로26가길,2238,902,1336,180,624,371,309,244,510,76,196,154,161,101,214,104,428,217,148,143,296
2018_1,동소문로15길,1149,499,650,149,269,207,175,136,213,79,94,98,84,61,83,70,175,109,91,75,130
2018_1,동소문로13길,2799,1294,1505,459,501,400,443,429,567,241,221,188,196,204,244,218,280,212,247,225,323
2018_1,돌곶이로8길,1358,690,668,166,184,164,182,268,394,86,95,91,103,140,175,80,89,73,79,128,219
2018_1,돌곶이로41길,1987,1015,972,311,255,281,320,342,478,174,131,153,159,175,223,137,124,128,161,167,255
2018_1,돌곶이로28길,1660,895,765,187,225,239,277,300,432,103,117,129,171,163,212,84,108,110,106,137,220
2018_1,돌곶이로27길,3203,1627,1576,408,420,393,525,590,867,219,221,220,264,313,390,189,199,173,261,277,477
2018_1,돌곶이로22길,1150,583,567,159,170,175,158,214,274,80,87,100,79,105,132,79,83,75,79,109,142
2018_1,돌곶이로14길,1410,701,709,209,182,170,234,256,359,111,82,92,126,129,161,98,100,78,108,127,198
2018_1,길음로7길,301,150,151,17,23,35,42,51,133,7,12,18,23,29,61,10,11,17,19,22,72
2018_1,중랑천로10길,2779,1405,1374,352,388,433,482,493,631,189,184,244,253,257,278,163,204,189,229,236,353
2018_1,용마산로94길,3357,1749,1608,453,471,453,533,663,784,231,257,250,294,336,381,222,214,203,239,327,403
2018_1,용마산로118길,2032,1076,956,186,251,256,313,450,576,101,131,153,172,244,275,85,120,103,141,206,301
2018_1,용마산로112길,2717,1362,1355,374,370,364,400,528,681,183,189,188,197,274,331,191,181,176,203,254,350
2018_1,용마산로100길,3222,1651,1571,529,451,444,529,581,688,273,236,241,258,319,324,256,215,203,271,262,364
2018_1,신내로7가길,2615,1279,1336,578,319,414,477,389,438,296,162,206,228,195,192,282,157,208,249,194,246
2018_1,사가정로54길,3176,1575,1601,358,494,557,503,520,744,199,241,297,271,232,335,159,253,260,232,288,409
2018_1,사가정로42길,3288,1623,1665,499,465,490,500,595,739,259,231,244,251,289,349,240,234,246,249,306,390
2018_1,봉화산로56길,5388,2656,2732,954,752,820,883,898,1081,486,394,434,448,417,477,468,358,386,435,481,604
2018_1,봉화산로4길,4594,2425,2169,475,601,695,727,924,1172,255,312,389,397,506,566,220,289,306,330,418,606
2018_1,봉화산로30길,3152,1596,1556,448,455,548,457,548,696,227,234,300,229,287,319,221,221,248,228,261,377
2018_1,봉우재로33길,1958,970,988,191,323,374,280,340,450,91,154,199,149,163,214,100,169,175,131,177,236
2018_1,면목로78길,5499,2753,2746,701,809,876,860,988,1265,367,414,487,447,472,566,334,395,389,413,516,699
2018_1,면목로56길,2893,1476,1417,350,479,388,474,576,626,189,263,210,253,274,287,161,216,178,221,302,339
2018_1,면목로55길,2019,1015,1004,308,274,312,371,364,390,150,140,163,184,190,188,158,134,149,187,174,202
2018_1,면목로49길,2939,1467,1472,309,363,523,514,504,726,175,159,280,287,246,320,134,204,243,227,258,406
2018_1,면목로48길,3586,1722,1864,450,608,618,564,609,737,225,279,318,290,293,317,225,329,300,274,316,420
2018_1,면목로45길,1504,769,735,161,228,263,245,246,361,78,118,144,138,130,161,83,110,119,107,116,200
2018_1,면목로33길,2756,1376,1380,454,373,381,483,450,615,231,184,198,248,235,280,223,189,183,235,215,335
2018_1,면목로21길,1892,954,938,257,276,296,308,346,409,139,142,149,172,171,181,118,134,147,136,175,228
2018_1,망우로73길,1527,793,734,215,217,179,244,269,403,107,119,104,129,136,198,108,98,75,115,133,205
2018_1,망우로68길,2448,1277,1171,327,360,332,386,496,547,169,209,176,202,247,274,158,151,156,184,249,273
2018_1,동일로163길,3829,1943,1886,498,578,693,590,684,786,265,284,392,285,353,364,233,294,301,305,331,422
2018_1,동일로157길,2558,1267,1291,274,409,454,398,426,597,135,191,252,227,200,262,139,218,202,171,226,335
2018_1,동일로149길,2930,1478,1452,457,402,496,460,498,617,257,188,273,240,251,269,200,214,223,220,247,348
2018_1,동일로140길,2450,1272,1178,331,361,417,342,460,539,182,200,227,188,229,246,149,161,190,154,231,293
2018_1,동일로139길,2949,1496,1453,272,394,392,470,637,784,136,177,217,250,343,373,136,217,175,220,294,411
2018_1,동일로139가길,1898,978,920,262,283,280,286,374,413,148,151,144,161,188,186,114,132,136,125,186,227
2018_1,동일로130길,3511,1683,1828,493,537,603,491,635,752,230,275,302,251,291,334,263,262,301,240,344,418
2018_1,동일로123길,2629,1338,1291,293,361,329,405,571,670,165,187,164,209,298,315,128,174,165,196,273,355
2018_1,동일로112길,4468,2186,2282,445,803,884,646,749,941,240,377,456,340,350,423,205,426,428,306,399,518
2018_1,동일로101길,3156,1570,1586,511,417,418,561,571,678,231,211,227,295,299,307,280,206,191,266,272,371
2018_1,동일로100길,5488,2791,2697,722,836,900,802,1022,1206,385,421,508,401,510,566,337,415,392,401,512,640
2018_1,답십리로75길,2245,1119,1126,334,341,337,367,432,434,180,158,187,180,214,200,154,183,150,187,218,234
2018_1,공릉로2길,5204,2520,2684,693,799,930,796,783,1203,341,411,446,405,353,564,352,388,484,391,430,639
2018_1,공릉로12가길,1269,634,635,246,171,186,219,206,241,132,93,92,108,101,108,114,78,94,111,105,133
2018_1,겸재로54길,5222,2618,2604,693,826,871,864,960,1008,361,427,461,431,475,463,332,399,410,433,485,545
2018_1,겸재로36길,4533,2253,2280,564,616,713,799,788,1053,293,296,369,396,398,501,271,320,344,403,390,552
2018_1,겸재로29길,2354,1195,1159,257,369,391,372,445,520,136,178,198,202,242,239,121,191,193,170,203,281
2018_1,휘경로3길,3583,1786,1797,356,686,558,552,595,836,177,353,308,293,297,358,179,333,250,259,298,478
2018_1,휘경로2길,1260,623,637,127,326,198,173,163,273,58,149,122,92,82,120,69,177,76,81,81,153
2018_1,휘경로23길,2614,1305,1309,253,327,362,452,448,772,120,180,210,246,229,320,133,147,152,206,219,452
2018_1,휘경로14길,2080,1076,1004,189,311,289,343,396,552,94,173,152,203,207,247,95,138,137,140,189,305
2018_1,한천로46길,2436,1205,1231,454,292,314,458,378,540,235,142,174,220,191,243,219,150,140,238,187,297
2018_1,한천로40길,1827,917,910,210,238,216,298,359,506,99,127,113,156,194,228,111,111,103,142,165,278
2018_1,한천로33길,794,392,402,122,119,106,138,149,160,59,56,57,69,71,80,63,63,49,69,78,80
2018_1,한천로14길,3309,1714,1595,367,435,444,552,659,852,183,228,240,305,358,400,184,207,204,247,301,452
2018_1,천호대로97길,2837,1428,1409,460,442,529,457,411,538,239,227,256,236,198,272,221,215,273,221,213,266
2018_1,천호대로77길,2370,1237,1133,319,370,393,348,432,508,178,197,211,188,211,252,141,173,182,160,221,256
2018_1,천호대로45길,2466,1280,1186,230,366,312,326,448,784,119,204,176,189,232,360,111,162,136,137,216,424
2018_1,천호대로17길,2848,1431,1417,274,576,582,433,427,556,131,258,334,237,224,247,143,318,248,196,203,309
2018_1,천호대로12길,310,170,140,36,36,26,47,64,101,17,14,9,34,45,51,19,22,17,13,19,50
2018_1,천장산로7길,1346,696,650,116,673,176,108,97,176,57,368,88,57,46,80,59,305,88,51,51,96
2018_1,제기로5길,1017,548,469,75,172,176,153,149,292,39,94,107,94,84,130,36,78,69,59,65,162
2018_1,제기로21길,3219,1622,1597,310,344,363,442,558,1202,145,192,217,236,289,543,165,152,146,206,269,659
2018_1,전농로4길,1550,814,736,130,192,168,271,308,481,77,105,93,152,168,219,53,87,75,119,140,262
2018_1,전농로3길,1913,956,957,270,273,244,310,332,484,138,134,130,155,183,216,132,139,114,155,149,268
2018_1,전농로29길,2213,1109,1104,299,327,256,349,399,583,142,192,142,178,205,250,157,135,114,171,194,333
2018_1,장한로8길,2299,1148,1151,329,345,424,343,390,468,176,170,212,180,181,229,153,175,212,163,209,239
2018_1,장한로5길,2144,1079,1065,323,309,375,321,353,463,167,164,197,166,173,212,156,145,178,155,180,251
2018_1,장한로27길,1054,559,495,127,139,167,177,201,243,73,70,100,96,99,121,54,69,67,81,102,122
2018_1,장한로27가길,1089,552,537,152,145,146,167,186,293,75,75,76,86,101,139,77,70,70,81,85,154
2018_1,장한로26길,2692,1345,1347,508,298,429,489,383,585,272,159,210,246,185,273,236,139,219,243,198,312
2018_1,장한로26가길,1217,610,607,162,189,242,182,179,263,81,89,123,101,82,134,81,100,119,81,97,129
2018_1,장한로25길,700,357,343,94,102,123,118,127,136,57,55,64,54,63,64,37,47,59,64,64,72
2018_1,장한로14길,1446,726,720,247,179,225,245,205,345,127,98,111,130,105,155,120,81,114,115,100,190
2018_1,이문로42길,3552,1811,1741,421,578,501,532,601,919,210,298,297,276,317,413,211,280,204,256,284,506
2018_1,왕산로43길,3523,1798,1725,386,403,517,525,649,1043,187,230,280,303,345,453,199,173,237,222,304,590
2018_1,왕산로33길,537,269,268,42,62,61,60,90,222,17,33,31,36,47,105,25,29,30,24,43,117
2018_1,왕산로32길,1078,557,521,96,168,139,154,197,324,47,83,68,97,106,156,49,85,71,57,91,168
2018_1,약령시로17길,1576,811,765,137,198,214,194,285,548,82,100,117,115,153,244,55,98,97,79,132,304
2018_1,서울시립대로4길,2245,1140,1105,372,302,370,395,312,494,195,152,184,211,167,231,177,150,186,184,145,263
2018_1,서울시립대로29길,4422,2240,2182,523,1129,690,499,581,1000,263,612,394,264,274,433,260,517,296,235,307,567
2018_1,서울시립대로16길,3413,1694,1719,456,525,383,545,672,832,235,263,237,268,329,362,221,262,146,277,343,470
2018_1,사가정로2길,1899,958,941,280,255,297,333,304,430,138,136,149,176,168,191,142,119,148,157,136,239
2018_1,사가정로23가길,1735,870,865,249,274,265,237,349,361,131,131,156,114,173,165,118,143,109,123,176,196
2018_1,사가정로13길,1996,994,1002,220,248,266,290,399,573,118,135,148,148,191,254,102,113,118,142,208,319
2018_1,무학로45길,2075,1138,937,228,447,318,278,332,472,117,271,203,154,175,218,111,176,115,124,157,254
2018_1,무학로16길,1236,636,600,169,167,168,179,232,321,92,92,91,96,117,148,77,75,77,83,115,173
2018_1,망우로21길,569,303,266,75,72,80,74,97,171,45,41,43,39,51,84,30,31,37,35,46,87
2018_1,망우로18길,1477,717,760,190,434,232,187,155,279,86,220,122,97,75,117,104,214,110,90,80,162
2018_1,망우로18가길,2585,1335,1250,271,771,345,311,341,546,143,426,194,159,159,254,128,345,151,152,182,292
2018_1,답십리로72길,1248,621,627,183,198,226,205,204,232,95,99,107,108,96,116,88,99,119,97,108,116
2018_1,답십리로69길,1910,1001,909,334,232,307,318,302,417,173,140,158,173,153,204,161,92,149,145,149,213
2018_1,답십리로68길,3319,1689,1630,420,503,720,546,571,559,229,261,380,274,274,271,191,242,340,272,297,288
2018_1,답십리로64길,2909,1441,1468,402,389,445,485,540,648,196,198,247,254,254,292,206,191,198,231,286,356
2018_1,답십리로63길,1438,729,709,186,210,192,225,261,364,88,116,111,117,131,166,98,94,81,108,130,198
2018_1,답십리로60길,2043,1037,1006,257,316,254,300,383,533,130,166,135,158,202,246,127,150,119,142,181,287
2018_1,답십리로56길,3879,1912,1967,490,511,506,623,698,1051,239,284,257,325,343,464,251,227,249,298,355,587
2018_1,답십리로23길,2164,1072,1092,298,338,310,332,376,510,170,174,153,157,188,230,128,164,157,175,188,280
2018_1,난계로30길,247,149,98,37,32,35,41,38,64,23,15,23,26,22,40,14,17,12,15,16,24
2018_1,경희대로4길,1272,638,634,142,386,182,169,149,244,65,197,102,87,74,113,77,189,80,82,75,131
2018_1,경희대로3길,602,295,307,54,228,102,53,59,106,28,106,52,27,32,50,26,122,50,26,27,56
2018_1,천호대로129길,3432,1647,1785,523,536,576,550,557,690,270,265,284,258,258,312,253,271,292,292,299,378
2018_1,천호대로123길,3090,1512,1578,464,499,532,474,557,564,245,260,257,226,271,253,219,239,275,248,286,311
2018_1,천호대로109길,3601,1731,1870,445,623,769,543,562,659,230,290,372,262,262,315,215,333,397,281,300,344
2018_1,자양번영로3길,4202,2127,2075,673,674,615,695,732,813,344,361,318,357,366,381,329,313,297,338,366,432
2018_1,자양로53길,2789,1352,1437,419,407,453,400,505,605,211,196,223,192,245,285,208,211,230,208,260,320
2018_1,자양로50길,4697,2294,2403,696,659,773,738,787,1044,370,344,408,353,354,465,326,315,365,385,433,579
2018_1,자양로45길,2701,1293,1408,353,432,478,426,455,557,191,199,227,216,206,254,162,233,251,210,249,303
2018_1,자양로26길,3146,1488,1658,424,604,591,550,489,488,222,267,285,264,232,218,202,337,306,286,257,270
2018_1,자양로15길,1923,906,1017,244,354,317,293,293,422,122,169,134,157,142,182,122,185,183,136,151,240
2018_1,자양로11길,3960,1920,2040,440,635,745,623,697,820,215,308,398,304,329,366,225,327,347,319,368,454
2018_1,용마산로3길,3907,1909,1998,670,603,781,603,599,651,342,316,376,287,287,301,328,287,405,316,312,350
2018_1,용마산로21길,5387,2693,2694,756,877,959,840,966,989,388,447,512,407,475,464,368,430,447,433,491,525
2018_1,아차산로78길,1758,834,924,285,271,312,284,281,325,150,126,148,127,133,150,135,145,164,157,148,175
2018_1,아차산로65길,2961,1432,1529,552,441,473,541,435,519,279,225,227,263,204,234,273,216,246,278,231,285
2018_1,아차산로55길,2940,1391,1549,293,608,654,417,401,567,156,282,337,208,167,241,137,326,317,209,234,326
2018_1,아차산로51길,1709,809,900,207,373,390,230,249,260,107,172,175,113,121,121,100,201,215,117,128,139
2018_1,아차산로40길,3173,1583,1590,422,601,559,510,477,604,226,293,294,263,239,268,196,308,265,247,238,336
2018_1,면목로17길,4168,2097,2071,467,611,744,625,794,927,221,319,408,318,397,434,246,292,336,307,397,493
2018_1,뚝섬로64길,2984,1495,1489,439,483,499,444,513,606,239,229,272,219,246,290,200,254,227,225,267,316
2018_1,뚝섬로58길,3578,1715,1863,645,527,633,627,528,618,325,260,310,296,241,283,320,267,323,331,287,335
2018_1,뚝섬로54길,3643,1786,1857,655,540,673,634,573,568,335,275,334,304,274,264,320,265,339,330,299,304
2018_1,뚝섬로48길,3497,1705,1792,507,536,644,587,554,669,244,272,312,306,266,305,263,264,332,281,288,364
2018_1,뚝섬로24길,2974,1514,1460,348,426,495,488,552,665,171,226,280,253,280,304,177,200,215,235,272,361
2018_1,뚝섬로23길,2126,1023,1103,233,301,367,321,372,532,107,160,179,172,172,233,126,141,188,149,200,299
2018_1,동일로24길,3076,1473,1603,310,842,621,441,366,496,159,361,321,225,179,228,151,481,300,216,187,268
2018_1,동일로18길,1971,1009,962,200,346,362,284,366,413,98,179,189,161,195,187,102,167,173,123,171,226
2018_1,능동로4길,3137,1528,1609,682,455,530,570,497,403,332,230,240,279,248,199,350,225,290,291,249,204
2018_1,능동로3길,3757,1877,1880,410,442,550,564,766,1025,198,230,275,309,390,475,212,212,275,255,376,550
2018_1,능동로34길,5162,2392,2770,666,931,1242,772,612,939,360,377,562,385,290,418,306,554,680,387,322,521
2018_1,능동로19길,2065,999,1066,138,682,377,247,241,380,63,293,195,143,139,166,75,389,182,104,102,214
2018_1,능동로13길,3674,1750,1924,274,1217,809,403,406,565,151,514,420,200,208,257,123,703,389,203,198,308
2018_1,긴고랑로9길,2138,1068,1070,283,334,351,342,380,448,153,169,180,168,190,208,130,165,171,174,190,240
2018_1,긴고랑로8길,4078,2065,2013,434,664,800,623,710,847,244,324,426,331,349,391,190,340,374,292,361,456
2018_1,긴고랑로7길,4939,2419,2520,731,698,792,886,867,965,381,332,407,448,423,428,350,366,385,438,444,537
2018_1,긴고랑로20길,4237,2022,2215,596,668,761,663,719,830,304,318,373,314,336,377,292,350,388,349,383,453
2018_1,광나루로52길,4365,2062,2303,635,701,817,715,672,825,284,351,402,349,322,354,351,350,415,366,350,471
2018_1,광나루로40길,3765,1874,1891,479,631,723,624,536,772,240,319,372,309,287,347,239,312,351,315,249,425
2018_1,광나루로37길,679,323,356,109,98,97,106,121,148,48,48,53,54,58,62,61,50,44,52,63,86
2018_1,광나루로36길,2616,1269,1347,359,394,460,446,410,547,184,196,214,237,208,230,175,198,246,209,202,317
2018_1,광나루로24길,1259,682,577,102,378,201,168,162,248,53,226,117,99,78,109,49,152,84,69,84,139
2018_1,광나루로12길,1696,821,875,131,777,360,151,133,144,60,344,206,74,70,67,71,433,154,77,63,77
2018_1,한림말길,2218,1030,1188,228,301,359,336,410,584,98,141,174,171,209,237,130,160,185,165,201,347
2018_1,한림말3길,939,443,496,133,133,182,150,111,230,69,55,88,80,48,103,64,78,94,70,63,127
2018_1,청계천로10나길,2782,1419,1363,371,446,380,451,474,660,190,251,207,225,256,290,181,195,173,226,218,370
2018_1,장터길,1964,968,996,210,258,311,341,312,532,116,129,164,182,152,225,94,129,147,159,160,307
2018_1,용답중앙길,2860,1478,1382,359,446,402,479,505,669,189,231,222,244,274,318,170,215,180,235,231,351
2018_1,용답29길,3238,1634,1604,389,496,518,513,589,733,189,238,270,286,318,333,200,258,248,227,271,400
2018_1,왕십리로6길,2088,1088,1000,290,349,352,358,329,410,153,186,187,192,175,195,137,163,165,166,154,215
2018_1,왕십리로31길,3290,1580,1710,404,553,532,543,514,744,196,247,275,279,250,333,208,306,257,264,264,411
2018_1,왕십리로26길,2886,1457,1429,402,521,434,473,471,585,212,272,214,234,258,267,190,249,220,239,213,318
2018_1,왕십리로21길,2403,1159,1244,319,417,374,388,406,499,152,203,196,192,201,215,167,214,178,196,205,284
2018_1,왕십리로14길,1918,1004,914,256,316,332,309,322,383,155,152,161,156,172,208,101,164,171,153,150,175
2018_1,아차산로5길,2178,1120,1058,297,383,400,327,381,390,169,180,220,170,202,179,128,203,180,157,179,211
2018_1,아차산로15길,406,244,162,12,115,151,66,30,32,5,53,100,47,20,19,7,62,51,19,10,13
2018_1,아차산로11길,407,237,170,50,54,68,78,84,73,27,30,32,51,55,42,23,24,36,27,29,31
2018_1,송정4가길,2790,1493,1297,350,456,400,422,562,600,180,242,223,237,313,298,170,214,177,185,249,302
2018_1,송정12라길,1248,676,572,145,198,187,196,238,284,85,109,99,121,125,137,60,89,88,75,113,147
2018_1,성수일로6길,387,223,164,49,55,53,81,78,71,22,26,28,52,59,36,27,29,25,29,19,35
2018_1,성수이로7길,1323,715,608,120,280,247,188,236,252,64,126,141,108,141,135,56,154,106,80,95,117
2018_1,성수이로18길,271,144,127,41,36,23,50,64,57,20,19,15,28,39,23,21,17,8,22,25,34
2018_1,성덕정길,3343,1724,1619,462,546,446,546,700,643,235,300,250,266,390,283,227,246,196,280,310,360
2018_1,성덕정17길,3689,1945,1744,458,532,523,595,722,859,229,292,278,331,424,391,229,240,245,264,298,468
2018_1,서울숲2길,2228,1120,1108,280,346,399,390,364,449,143,178,200,205,189,205,137,168,199,185,175,244
2018_1,상원길,1272,634,638,166,227,248,222,191,218,90,106,122,114,97,105,76,121,126,108,94,113
2018_1,상원12길,2447,1228,1219,359,395,455,389,412,437,188,185,250,206,205,194,171,210,205,183,207,243
2018_1,사근동길,2223,1228,995,198,841,279,219,243,443,97,533,166,117,119,196,101,308,113,102,124,247
2018_1,무학봉길,2350,1167,1183,379,381,343,373,357,517,202,197,175,185,175,233,177,184,168,188,182,284
2018_1,무학봉28길,1045,496,549,110,211,149,162,172,241,53,108,70,89,86,90,57,103,79,73,86,151
2018_1,무학로6길,1806,891,915,202,302,299,287,308,408,111,142,140,161,153,184,91,160,159,126,155,224
2018_1,무수막길,2307,1104,1203,280,283,345,414,395,590,134,124,192,208,197,249,146,159,153,206,198,341
2018_1,매봉길,5968,2862,3106,961,803,1550,946,867,841,491,401,710,470,405,385,470,402,840,476,462,456
2018_1,마조로1길,1197,579,618,100,504,205,106,110,172,53,226,113,47,54,86,47,278,92,59,56,86
2018_1,마조로16길,2607,1317,1290,324,390,337,387,455,714,181,190,174,200,242,330,143,200,163,187,213,384
2018_1,마장로39길,993,487,506,184,156,140,166,174,173,94,73,70,81,86,83,90,83,70,85,88,90
2018_1,마장로27길,1926,962,964,253,309,322,282,304,456,134,162,168,147,152,199,119,147,154,135,152,257
2018_1,뚝섬로5길,1848,912,936,272,285,339,324,290,338,135,124,167,156,169,161,137,161,172,168,121,177
2018_1,둘레9길,2974,1590,1384,343,442,412,501,629,647,183,237,220,276,371,303,160,205,192,225,258,344
2018_1,금호산길,3522,1750,1772,514,490,477,579,606,856,285,250,265,273,314,363,229,240,212,306,292,493
2018_1,금호산2길,2365,1178,1187,339,350,324,366,382,604,182,195,166,195,180,260,157,155,158,171,202,344
2018_1,고산자로6길,3092,1588,1504,335,510,405,481,588,773,176,279,221,254,303,355,159,231,184,227,285,418
2018_1,후암로28길,5653,2741,2912,918,715,939,966,885,1230,488,368,477,473,416,519,430,347,462,493,469,711
2018_1,효창원로39길,2999,1419,1580,439,436,557,475,429,663,217,206,265,242,217,272,222,230,292,233,212,391
2018_1,회나무로13길,2274,1009,1265,202,263,360,347,377,725,106,136,169,157,157,284,96,127,191,190,220,441
2018_1,한남대로20길,693,311,382,73,115,160,118,79,148,37,39,79,61,32,63,36,76,81,57,47,85
2018_1,한강대로88길,107,79,28,2,11,9,20,29,36,1,4,4,16,28,26,1,7,5,4,1,10
2018_1,한강대로7길,766,406,360,61,55,111,103,142,294,35,35,65,65,76,130,26,20,46,38,66,164
2018_1,한강대로62길,803,412,391,78,95,129,113,149,239,41,55,65,60,82,109,37,40,64,53,67,130
2018_1,한강대로52길,626,295,331,48,73,118,86,77,224,28,35,61,45,48,78,20,38,57,41,29,146
2018_1,한강대로43길,1394,677,717,109,230,418,216,176,245,54,93,193,120,89,128,55,137,225,96,87,117
2018_1,한강대로15길,497,266,231,41,57,82,77,83,157,25,37,50,43,44,67,16,20,32,34,39,90
2018_1,한강대로104길,2749,1481,1268,305,388,408,444,556,648,169,179,201,277,335,320,136,209,207,167,221,328
2018_1,청파로73길,2781,1427,1354,342,449,456,456,477,601,184,240,252,238,246,267,158,209,204,218,231,334
2018_1,청파로71길,4281,2140,2141,567,770,688,720,678,858,297,405,357,365,332,384,270,365,331,355,346,474
2018_1,청파로47나길,3023,1425,1598,398,688,617,459,364,497,207,258,325,230,185,220,191,430,292,229,179,277
2018_1,청파로47길,1590,650,940,141,492,284,192,180,301,64,137,137,89,95,128,77,355,147,103,85,173
2018_1,장문로45길,2861,1391,1470,347,435,442,459,482,696,178,238,230,235,209,301,169,197,212,224,273,395
2018_1,이태원로54길,2447,1079,1368,157,246,426,416,436,766,76,101,200,217,197,288,81,145,226,199,239,478
2018_1,이태원로27길,731,353,378,74,107,128,127,97,198,36,54,70,58,47,88,38,53,58,69,50,110
2018_1,이촌로22길,2003,949,1054,211,212,257,336,362,625,107,106,133,178,187,238,104,106,124,158,175,387
2018_1,원효로89길,960,469,491,86,186,150,157,147,234,44,84,78,77,82,104,42,102,72,80,65,130
2018_1,원효로53길,2102,1055,1047,246,306,368,334,301,547,126,163,209,181,150,226,120,143,159,153,151,321
2018_1,원효로41길,1440,679,761,213,165,214,251,203,394,92,86,118,128,89,166,121,79,96,123,114,228
2018_1,원효로19길,1985,976,1009,304,316,329,319,307,410,159,155,158,165,162,177,145,161,171,154,145,233
2018_1,우사단로4길,2421,1198,1223,260,412,391,396,384,578,136,240,214,196,183,229,124,172,177,200,201,349
2018_1,우사단로14길,1370,702,668,140,183,300,246,186,315,72,99,165,135,92,139,68,84,135,111,94,176
2018_1,우사단로10길,2805,1457,1348,281,425,509,455,461,674,156,246,292,256,229,278,125,179,217,199,232,396
2018_1,신흥로20길,2795,1375,1420,390,375,443,459,416,712,215,184,245,234,202,295,175,191,198,225,214,417
2018_1,소월로20길,2307,1110,1197,259,343,398,344,371,592,128,176,212,161,172,261,131,167,186,183,199,331
2018_1,서빙고로71길,2669,1273,1396,333,320,364,442,465,745,160,167,193,232,229,292,173,153,171,210,236,453
2018_1,백범로90길,3817,1832,1985,575,579,967,623,479,594,288,238,459,317,232,298,287,341,508,306,247,296
2018_1,백범로79길,3999,1885,2114,639,606,766,697,532,759,328,263,380,341,250,323,311,343,386,356,282,436
2018_1,두텁바위로1길,3316,1744,1572,328,460,466,532,563,967,179,244,247,282,315,477,149,216,219,250,248,490
2018_1,대사관로34길,1472,676,796,170,250,281,208,235,328,89,111,140,92,102,142,81,139,141,116,133,186
2018_1,녹사평대로46길,857,430,427,101,145,166,119,110,216,56,84,80,68,56,86,45,61,86,51,54,130
2018_1,녹사평대로40나길,755,361,394,105,107,135,127,88,193,48,48,73,69,42,81,57,59,62,58,46,112
2018_1,녹사평대로32길,511,262,249,40,82,124,65,78,122,24,44,62,40,35,57,16,38,62,25,43,65
2018_1,녹사평대로26길,980,460,520,81,150,201,130,164,254,40,77,107,59,86,91,41,73,94,71,78,163
2018_1,녹사평대로11길,448,229,219,66,49,75,82,63,113,34,29,36,46,35,49,32,20,39,36,28,64
2018_1,퇴계로90길,3619,1824,1795,421,559,452,643,673,871,212,291,237,358,359,367,209,268,215,285,314,504
2018_1,퇴계로8길,1642,841,801,112,160,175,225,274,696,45,75,96,119,146,360,67,85,79,106,128,336
2018_1,퇴계로56길,1233,629,604,118,184,160,194,203,374,66,97,82,114,99,171,52,87,78,80,104,203
2018_1,퇴계로46길,892,446,446,111,171,146,129,120,215,61,82,88,69,55,91,50,89,58,60,65,124
2018_1,퇴계로18길,231,111,120,32,23,33,31,38,74,18,14,19,17,12,31,14,9,14,14,26,43
2018_1,퇴계로12길,953,459,494,107,115,126,165,143,297,58,61,69,86,67,118,49,54,57,79,76,179
2018_1,청구로1길,2137,1026,1111,245,308,264,373,401,546,122,145,137,191,214,217,123,163,127,182,187,329
2018_1,청구로17길,1821,927,894,230,302,299,270,306,414,122,146,162,141,158,198,108,156,137,129,148,216
2018_1,장충단로8길,1559,770,789,180,278,233,252,244,372,95,152,112,137,117,157,85,126,121,115,127,215
2018_1,삼일대로4길,100,48,52,32,11,20,24,4,9,19,2,12,11,1,3,13,9,8,13,3,6
2018_1,명동길,308,49,259,6,10,22,81,51,138,3,5,10,9,3,19,3,5,12,72,48,119
2018_1,동호로8길,715,340,375,97,134,124,104,106,150,47,61,62,57,49,64,50,73,62,47,57,86
2018_1,동호로20길,2288,1080,1208,325,377,356,395,366,469,163,182,177,190,164,204,162,195,179,205,202,265
2018_1,동호로15길,2007,982,1025,208,281,274,340,330,574,117,146,135,171,170,243,91,135,139,169,160,331
2018_1,동호로11길,5001,2454,2547,647,780,849,853,762,1110,346,410,454,410,362,472,301,370,395,443,400,638
2018_1,동호로10길,2115,1027,1088,232,423,429,323,318,390,129,196,200,156,165,181,103,227,229,167,153,209
2018_1,다산로39길,892,484,408,58,111,101,132,215,275,23,58,60,74,127,142,35,53,41,58,88,133
2018_1,다산로38길,1524,736,788,206,246,243,250,257,322,99,123,117,124,136,137,107,123,126,126,121,185
2018_1,다산로36길,2328,1178,1150,273,326,332,398,445,554,149,171,179,213,230,236,124,155,153,185,215,318
2018_1,다산로33길,3858,1984,1874,412,631,535,656,692,932,207,347,308,354,353,415,205,284,227,302,339,517
2018_1,난계로21길,835,426,409,77,169,182,108,118,181,42,84,96,57,70,77,35,85,86,51,48,104
2018_1,난계로11길,3325,1589,1736,303,675,679,523,527,618,146,268,324,274,284,293,157,407,355,249,243,325
2018_1,필운대로1길,703,334,369,125,87,83,148,104,156,64,40,40,63,56,71,61,47,43,85,48,85
2018_1,평창길,1899,934,965,317,366,221,246,281,468,189,186,111,109,128,211,128,180,110,137,153,257
2018_1,통일로12길,901,425,476,117,106,114,186,110,268,58,49,57,95,57,109,59,57,57,91,53,159
2018_1,창신길,2432,1218,1214,324,367,283,427,480,551,164,182,158,216,249,249,160,185,125,211,231,302
2018_1,창신5길,1421,753,668,132,182,134,241,301,431,69,108,74,128,169,205,63,74,60,113,132,226
2018_1,창신2길,863,445,418,83,109,103,128,191,249,49,55,60,71,96,114,34,54,43,57,95,135
2018_1,창경궁로35길,942,418,524,81,178,125,157,136,265,41,83,57,76,62,99,40,95,68,81,74,166
2018_1,지봉로8길,2468,1238,1230,272,354,320,418,447,657,138,181,174,229,216,300,134,173,146,189,231,357
2018_1,종로65길,3892,1992,1900,379,511,503,653,826,1020,194,256,274,339,439,490,185,255,229,314,387,530
2018_1,종로58가길,444,223,221,23,122,111,58,50,80,7,52,57,38,26,43,16,70,54,20,24,37
2018_1,종로24길,50,37,13,3,1,6,8,9,23,0,1,5,8,7,16,3,0,1,0,2,7
2018_1,자하문로7길,693,315,378,107,86,99,115,95,191,60,45,44,50,38,78,47,41,55,65,57,113
2018_1,이화장길,1714,848,866,210,361,318,243,251,331,107,166,167,118,135,155,103,195,151,125,116,176
2018_1,율곡로16길,486,271,215,58,72,81,82,80,113,39,45,47,51,40,49,19,27,34,31,40,64
2018_1,율곡로10길,299,169,130,20,27,35,60,52,105,11,14,23,41,30,50,9,13,12,19,22,55
2018_1,옥인길,2470,1105,1365,454,285,425,491,334,481,217,142,189,215,146,196,237,143,236,276,188,285
2018_1,숭인동길,920,476,444,88,129,100,147,183,273,48,76,55,76,105,116,40,53,45,71,78,157
2018_1,성균관로5길,948,449,499,80,298,159,120,118,173,42,138,85,59,55,70,38,160,74,61,63,103
2018_1,삼청로5길,743,337,406,78,77,102,92,128,266,36,32,50,44,58,117,42,45,52,48,70,149
2018_1,북촌로5나길,727,343,384,109,100,106,127,110,175,63,53,46,64,40,77,46,47,60,63,70,98
2018_1,북촌로5길,474,218,256,68,61,56,70,71,148,41,20,26,38,34,59,27,41,30,32,37,89
2018_1,북촌로11길,711,335,376,70,87,82,110,130,232,41,44,43,57,56,94,29,43,39,53,74,138
2018_1,백석동길,1768,861,907,261,254,261,320,300,372,133,147,127,148,135,171,128,107,134,172,165,201
2018_1,명륜길,1471,750,721,145,434,196,173,182,341,73,242,114,92,84,145,72,192,82,81,98,196
2018_1,돈화문로11가길,1084,610,474,107,146,178,202,184,267,60,85,111,115,114,125,47,61,67,87,70,142
2018_1,난계로27길,738,334,404,26,313,226,65,38,70,10,109,112,36,27,40,16,204,114,29,11,30
2018_1,계동길,1827,853,974,263,215,254,321,282,492,123,97,135,152,135,211,140,118,119,169,147,281
2017_4,강남 마이스 관광특구,21,15,6,5,1,3,3,4,5,4,0,2,2,3,4,1,1,1,1,1,1
2017_4,잠실 관광특구,9129,4450,4679,1171,1412,1898,1328,1447,1873,624,662,865,672,693,934,547,750,1033,656,754,939
2017_4,종로·청계 관광특구,2716,1652,1064,142,315,294,355,630,980,75,193,181,227,421,555,67,122,113,128,209,425
2017_4,동대문패션타운 관광특구,1665,873,792,160,272,305,217,302,409,78,137,167,119,164,208,82,135,138,98,138,201
2017_4,명동 남대문 북창동 다동 무교동 관광특구,660,245,415,25,47,71,136,112,269,8,26,44,39,36,92,17,21,27,97,76,177
2017_4,이태원 관광특구,6710,3211,3499,561,894,1250,1046,1121,1838,280,439,646,536,549,761,281,455,604,510,572,1077
2017_4,길동복조리시장,3445,1709,1736,537,447,561,533,548,819,305,222,281,280,236,385,232,225,280,253,312,434
2017_4,둔촌역전통시장,597,301,296,97,87,82,104,113,114,51,55,33,46,66,50,46,32,49,58,47,64
2017_4,성내골목시장,1048,549,499,124,143,180,167,197,237,58,77,105,84,105,120,66,66,75,83,92,117
2017_4,천호시장,150,77,73,7,8,21,28,35,51,3,4,8,18,22,22,4,4,13,10,13,29
2017_4,동서울시장,241,112,129,15,14,29,50,48,85,6,3,16,31,26,30,9,11,13,19,22,55
2017_4,고분다리골목시장,366,201,165,41,53,47,52,78,95,19,32,26,34,47,43,22,21,21,18,31,52
2017_4,양지골목시장,732,371,361,133,106,124,133,108,128,61,62,66,72,48,62,72,44,58,61,60,66
2017_4,암사종합시장,986,522,464,104,157,201,155,162,207,64,81,115,88,77,97,40,76,86,67,85,110
2017_4,고덕전통시장,312,163,149,34,32,49,47,64,86,23,22,27,25,32,34,11,10,22,22,32,52
2017_4,명일골목시장,2077,1009,1068,435,270,278,391,324,379,213,144,128,193,150,181,222,126,150,198,174,198
2017_4,새마을시장,2310,1136,1174,232,356,463,343,360,556,122,170,228,185,175,256,110,186,235,158,185,300
2017_4,석촌시장,857,444,413,122,135,135,138,171,156,62,69,67,75,95,76,60,66,68,63,76,80
2017_4,방이시장,5279,2545,2734,746,839,1060,802,849,983,406,378,530,390,393,448,340,461,530,412,456,535
2017_4,마천시장,1027,531,496,139,132,117,148,209,282,57,80,60,87,111,136,82,52,57,61,98,146
2017_4,풍납시장,2340,1134,1206,269,303,360,373,393,642,122,156,186,183,190,297,147,147,174,190,203,345
2017_4,강남개포시장,5,3,2,1,1,0,1,1,1,1,1,0,0,1,0,0,0,0,1,0,1
2017_4,도곡시장,220,96,124,57,28,28,57,29,21,29,12,8,24,15,8,28,16,20,33,14,13
2017_4,청담삼익시장,144,68,76,18,18,20,12,23,53,8,8,9,7,9,27,10,10,11,5,14,26
2017_4,논현종합시장,85,33,52,14,2,19,15,7,28,5,0,8,5,3,12,9,2,11,10,4,16
2017_4,영동전통시장,1200,564,636,115,214,311,196,155,209,57,97,145,103,68,94,58,117,166,93,87,115
2017_4,강남시장_강남,289,134,155,44,32,50,50,29,84,24,16,24,22,13,35,20,16,26,28,16,49
2017_4,양재시장,83,47,36,8,18,9,17,9,22,5,11,4,8,7,12,3,7,5,9,2,10
2017_4,남부종합시장,185,95,90,38,24,16,38,26,43,25,12,7,20,10,21,13,12,9,18,16,22
2017_4,우림시장,56,23,33,9,8,10,6,8,15,6,2,2,3,4,6,3,6,8,3,4,9
2017_4,미성동도깨비시장,665,312,353,69,101,73,107,107,208,31,47,35,60,53,86,38,54,38,47,54,122
2017_4,신신림시장,122,59,63,11,10,16,11,19,55,4,5,9,5,15,21,7,5,7,6,4,34
2017_4,삼성동시장,150,85,65,9,18,16,24,27,56,6,11,10,16,15,27,3,7,6,8,12,29
2017_4,신림중앙시장,58,35,23,6,15,18,4,6,9,3,10,11,3,2,6,3,5,7,1,4,3
2017_4,강남골목시장,597,307,290,57,133,130,76,82,119,23,70,76,41,45,52,34,63,54,35,37,67
2017_4,신림종합시장,3,2,1,0,0,0,2,0,1,0,0,0,1,0,1,0,0,0,1,0,0
2017_4,관악신사시장,2234,1140,1094,242,397,375,360,368,492,131,189,216,190,203,211,111,208,159,170,165,281
2017_4,신원시장,399,224,175,43,74,48,63,66,105,25,41,27,40,37,54,18,33,21,23,29,51
2017_4,인헌시장,1465,731,734,121,277,307,216,208,336,71,121,163,115,112,149,50,156,144,101,96,187
2017_4,봉천중앙시장,313,149,164,23,109,86,43,28,24,9,48,39,25,14,14,14,61,47,18,14,10
2017_4,봉천현대시장,12,4,8,1,1,0,2,4,4,1,0,0,1,2,0,0,1,0,1,2,4
2017_4,봉일시장,120,63,57,2,52,23,8,15,20,0,30,11,3,8,11,2,22,12,5,7,9
2017_4,봉천제일종합시장,387,173,214,28,95,55,54,66,89,14,32,29,22,37,39,14,63,26,32,29,50
2017_4,낙성대시장,641,298,343,52,226,145,72,55,91,18,91,82,43,24,40,34,135,63,29,31,51
2017_4,중부시장,562,268,294,46,143,118,63,59,133,22,59,60,38,32,57,24,84,58,25,27,76
2017_4,사당시장,16,11,5,3,4,0,3,5,1,2,3,0,2,3,1,1,1,0,1,2,0
2017_4,남성역골목시장,561,243,318,63,101,99,74,72,152,35,36,45,30,35,62,28,65,54,44,37,90
2017_4,남성사계시장,552,278,274,32,93,100,78,78,171,16,36,49,53,45,79,16,57,51,25,33,92
2017_4,흑석시장,1033,481,552,142,160,133,169,156,273,77,81,66,83,73,101,65,79,67,86,83,172
2017_4,상도4동도깨비골목시장,1938,943,995,184,265,290,292,311,596,92,132,169,151,146,253,92,133,121,141,165,343
2017_4,성대시장,143,67,76,13,42,21,15,32,20,6,18,10,6,17,10,7,24,11,9,15,10
2017_4,영도시장,61,32,29,1,10,7,10,11,22,0,6,3,8,6,9,1,4,4,2,5,13
2017_4,상도전통시장,1652,791,861,147,309,270,238,236,452,82,148,146,109,119,187,65,161,124,129,117,265
2017_4,강남시장_동작,134,59,75,12,23,26,15,14,44,7,9,10,8,4,21,5,14,16,7,10,23
2017_4,신노량진시장,19,11,8,1,3,2,4,7,2,0,1,2,2,5,1,1,2,0,2,2,1
2017_4,본동인정시장,444,232,212,31,80,76,71,72,114,14,50,45,42,40,41,17,30,31,29,32,73
2017_4,노량진중앙시장,155,95,60,8,53,27,16,17,34,5,32,20,12,11,15,3,21,7,4,6,19
2017_4,대림중앙시장,406,192,214,33,44,42,65,84,138,20,25,23,29,35,60,13,19,19,36,49,78
2017_4,우리시장,365,176,189,33,54,38,51,68,121,15,27,19,27,32,56,18,27,19,24,36,65
2017_4,영진시장A동,131,66,65,18,14,14,21,21,43,9,5,8,12,10,22,9,9,6,9,11,21
2017_4,사러가시장,110,48,62,14,13,8,24,15,36,8,7,5,10,4,14,6,6,3,14,11,22
2017_4,대신시장,238,109,129,42,23,27,41,37,68,17,13,13,21,15,30,25,10,14,20,22,38
2017_4,영일시장,718,371,347,72,108,145,112,103,178,38,51,90,62,60,70,34,57,55,50,43,108
2017_4,도림시장,62,27,35,9,14,6,10,7,16,4,8,3,4,3,5,5,6,3,6,4,11
2017_4,영등포청과시장,291,158,133,30,38,33,49,52,89,16,22,19,29,34,38,14,16,14,20,18,51
2017_4,영등포전통시장,2236,1339,897,106,294,422,357,412,645,64,131,238,251,297,358,42,163,184,106,115,287
2017_4,은행나무시장,424,210,214,59,46,67,72,70,110,34,25,40,33,34,44,25,21,27,39,36,66
2017_4,박미시장,295,157,138,29,27,28,64,49,98,21,11,18,28,33,46,8,16,10,36,16,52
2017_4,현대시장,2974,1421,1553,364,437,396,425,556,796,180,202,196,214,258,371,184,235,200,211,298,425
2017_4,대명시장,7,5,2,0,1,1,0,2,3,0,1,0,0,2,2,0,0,1,0,0,1
2017_4,푸른터시장,45,25,20,7,2,15,8,4,9,6,0,8,5,2,4,1,2,7,3,2,5
2017_4,남문시장,1780,888,892,214,242,236,274,408,406,101,114,137,134,227,175,113,128,99,140,181,231
2017_4,독산동 우시장,90,45,45,3,33,20,15,10,9,1,9,14,11,6,4,2,24,6,4,4,5
2017_4,오류시장,156,84,72,8,19,21,19,32,57,5,11,14,14,18,22,3,8,7,5,14,35
2017_4,개봉중앙시장,372,177,195,57,59,54,63,64,75,26,30,34,25,28,34,31,29,20,38,36,41
2017_4,고척근린시장,663,329,334,85,83,85,97,125,188,51,39,50,44,62,83,34,44,35,53,63,105
2017_4,가리봉시장,449,161,288,25,39,41,95,114,135,13,23,16,21,42,46,12,16,25,74,72,89
2017_4,남구로시장,701,386,315,79,63,86,120,135,218,32,26,53,75,87,113,47,37,33,45,48,105
2017_4,구로시장,137,71,66,18,11,12,24,30,42,3,6,8,15,20,19,15,5,4,9,10,23
2017_4,공항시장,177,79,98,8,85,36,21,14,13,5,25,13,15,13,8,3,60,23,6,1,5
2017_4,방신전통시장,593,294,299,76,82,79,99,110,147,30,41,41,58,52,72,46,41,38,41,58,75
2017_4,송화골목시장,535,248,287,86,83,84,87,85,110,44,36,36,34,48,50,42,47,48,53,37,60
2017_4,까치산시장,1100,475,625,148,156,222,170,144,260,72,61,106,80,56,100,76,95,116,90,88,160
2017_4,화곡본동시장,339,142,197,46,46,75,50,39,83,22,17,33,19,17,34,24,29,42,31,22,49
2017_4,남부골목시장,2044,974,1070,274,273,341,290,344,522,144,139,167,142,168,214,130,134,174,148,176,308
2017_4,화곡중앙골목시장,1079,529,550,192,142,223,155,163,204,84,68,126,82,75,94,108,74,97,73,88,110
2017_4,신월중앙시장,79,44,35,16,7,18,16,6,16,8,5,10,8,4,9,8,2,8,8,2,7
2017_4,등마루시장,3,2,1,0,0,0,1,1,1,0,0,0,1,1,0,0,0,0,0,0,1
2017_4,신정3동골목시장,280,160,120,29,28,25,52,63,83,13,16,10,35,45,41,16,12,15,17,18,42
2017_4,신정2동골목시장,500,250,250,79,58,70,97,62,134,38,31,40,48,34,59,41,27,30,49,28,75
2017_4,신정제일시장,178,80,98,25,17,19,23,41,53,7,8,7,12,20,26,18,9,12,11,21,27
2017_4,신월7동골목시장,134,66,68,12,31,11,21,29,30,5,18,4,15,10,14,7,13,7,6,19,16
2017_4,신월6동골목시장,171,96,75,18,22,15,27,40,49,13,16,9,14,22,22,5,6,6,13,18,27
2017_4,신곡종합시장,67,35,32,12,7,18,13,5,12,6,4,9,7,4,5,6,3,9,6,1,7
2017_4,신월3동골목시장,349,196,153,41,33,42,56,72,105,26,14,25,34,46,51,15,19,17,22,26,54
2017_4,경창시장,378,177,201,66,41,50,66,49,106,33,19,24,35,23,43,33,22,26,31,26,63
2017_4,월정로시장,1676,861,815,234,192,229,287,308,426,122,97,127,146,169,200,112,95,102,141,139,226
2017_4,신영시장,1243,612,631,190,143,164,221,228,297,83,78,78,125,109,139,107,65,86,96,119,158
2017_4,목4동시장,1134,577,557,175,188,126,205,217,223,91,118,61,99,105,103,84,70,65,106,112,120
2017_4,목3동시장,1188,593,595,172,180,225,187,183,241,80,86,130,102,88,107,92,94,95,85,95,134
2017_4,목2동시장,1209,589,620,117,156,221,171,204,340,52,70,124,83,102,158,65,86,97,88,102,182
2017_4,동진시장,39,18,21,7,8,10,2,5,7,3,6,2,1,2,4,4,2,8,1,3,3
2017_4,망원월드컵시장,805,375,430,135,106,148,137,111,168,66,46,72,64,50,77,69,60,76,73,61,91
2017_4,망원시장,2001,957,1044,218,278,403,343,292,467,119,135,191,184,132,196,99,143,212,159,160,271
2017_4,합정시장,92,40,52,12,14,20,12,9,25,6,4,10,6,5,9,6,10,10,6,4,16
2017_4,영진시장,209,89,120,21,30,42,26,35,55,12,12,18,11,12,24,9,18,24,15,23,31
2017_4,서교시장,28,20,8,1,5,10,4,4,4,1,3,8,2,4,2,0,2,2,2,0,2
2017_4,신수시장,66,34,32,7,7,16,6,9,21,3,5,10,3,5,8,4,2,6,3,4,13
2017_4,아현시장,450,209,241,63,59,56,77,57,138,35,26,30,36,28,54,28,33,26,41,29,84
2017_4,마포시장,15,7,8,4,0,0,1,3,7,2,0,0,1,2,2,2,0,0,0,1,5
2017_4,공덕시장,12,8,4,1,2,1,1,6,1,1,1,0,1,4,1,0,1,1,0,2,0
2017_4,백련시장,151,69,82,14,15,26,18,29,49,10,8,9,10,14,18,4,7,17,8,15,31
2017_4,모래내시장,735,376,359,31,47,53,102,145,357,11,27,32,54,89,163,20,20,21,48,56,194
2017_4,포방터시장,519,255,264,62,64,70,84,94,145,31,39,38,39,51,57,31,25,32,45,43,88
2017_4,인왕시장,320,159,161,32,41,41,45,64,97,17,18,29,22,33,40,15,23,12,23,31,57
2017_4,아현가구거리상점가,148,80,68,12,27,24,22,27,36,9,17,13,12,12,17,3,10,11,10,15,19
2017_4,영천시장,381,193,188,42,56,33,66,72,112,21,32,21,40,34,45,21,24,12,26,38,67
2017_4,수일시장,117,54,63,3,9,14,11,23,57,1,3,9,8,9,24,2,6,5,3,14,33
2017_4,증산종합시장,143,65,78,22,22,13,24,28,34,11,10,8,11,9,16,11,12,5,13,19,18
2017_4,대림골목시장,638,321,317,93,65,83,100,108,189,57,34,40,50,63,77,36,31,43,50,45,112
2017_4,신응암시장,217,115,102,37,28,40,35,33,44,20,15,26,18,17,19,17,13,14,17,16,25
2017_4,녹번시장,30,15,15,6,2,0,6,3,13,3,1,0,2,2,7,3,1,0,4,1,6
2017_4,대조시장,516,249,267,76,64,90,101,73,112,36,32,49,51,34,47,40,32,41,50,39,65
2017_4,역촌중앙시장,10,7,3,0,0,0,2,6,2,0,0,0,0,6,1,0,0,0,2,0,1
2017_4,갈현시장,60,32,28,6,14,7,5,14,14,3,10,3,4,4,8,3,4,4,1,10,6
2017_4,연서시장,266,128,138,26,32,40,29,52,87,14,12,24,16,26,36,12,20,16,13,26,51
2017_4,상계중앙시장,1868,896,972,242,298,200,303,360,465,116,148,108,150,169,205,126,150,92,153,191,260
2017_4,공릉동도깨비시장,1452,713,739,185,271,272,192,230,302,81,134,140,92,120,146,104,137,132,100,110,156
2017_4,방학동도깨비시장,1043,520,523,131,155,108,181,192,276,64,98,57,94,88,119,67,57,51,87,104,157
2017_4,쌍문역골목시장,738,368,370,70,93,129,110,105,231,37,50,69,55,48,109,33,43,60,55,57,122
2017_4,백운시장,358,162,196,53,51,45,61,56,92,27,24,20,27,29,35,26,27,25,34,27,57
2017_4,신도봉시장,185,100,85,15,38,17,27,41,47,5,22,12,11,25,25,10,16,5,16,16,22
2017_4,창동골목시장,1282,634,648,164,162,175,187,226,368,80,85,90,97,121,161,84,77,85,90,105,207
2017_4,창동신창시장,2287,1103,1184,333,344,345,397,394,474,165,170,163,198,183,224,168,174,182,199,211,250
2017_4,수유북부시장,59,31,28,2,6,9,6,7,29,2,4,5,5,2,13,0,2,4,1,5,16
2017_4,장미원골목시장,1383,671,712,207,184,224,197,222,349,115,96,123,90,105,142,92,88,101,107,117,207
2017_4,수유중앙시장,37,23,14,3,5,6,5,11,7,3,4,3,5,7,1,0,1,3,0,4,6
2017_4,강북종합시장,711,372,339,70,114,94,106,139,188,39,45,54,63,80,91,31,69,40,43,59,97
2017_4,우이시장,1624,800,824,251,207,207,274,278,407,131,111,115,131,145,167,120,96,92,143,133,240
2017_4,수유전통시장,614,291,323,69,96,93,86,112,158,35,44,42,41,54,75,34,52,51,45,58,83
2017_4,번동북부골목시장,1063,523,540,159,136,177,197,143,251,74,67,91,104,69,118,85,69,86,93,74,133
2017_4,솔샘시장,142,70,72,14,22,11,20,28,47,9,12,5,12,13,19,5,10,6,8,15,28
2017_4,숭인시장,258,141,117,24,28,43,45,53,65,11,12,26,25,35,32,13,16,17,20,18,33
2017_4,방천골목시장,1515,747,768,160,236,200,253,272,394,89,109,113,132,129,175,71,127,87,121,143,219
2017_4,동북시장,30,16,14,4,1,5,2,3,15,1,1,3,1,2,8,3,0,2,1,1,7
2017_4,석관황금시장,1915,966,949,231,258,241,328,335,522,117,134,132,180,168,235,114,124,109,148,167,287
2017_4,석관시장,165,97,68,22,23,14,30,36,40,17,14,9,20,19,18,5,9,5,10,17,22
2017_4,새석관시장,89,45,44,7,13,8,11,18,32,3,5,5,8,10,14,4,8,3,3,8,18
2017_4,번동시장,33,18,15,7,3,4,5,6,8,5,1,2,2,3,5,2,2,2,3,3,3
2017_4,장위전통시장,1600,789,811,231,196,207,243,287,436,126,99,113,133,127,191,105,97,94,110,160,245
2017_4,밤나무골시장,241,121,120,33,21,33,42,41,71,17,12,21,20,19,32,16,9,12,22,22,39
2017_4,길음시장,10,8,2,0,3,0,4,2,1,0,2,0,4,1,1,0,1,0,0,1,0
2017_4,정릉시장,1304,663,641,169,219,193,179,201,343,93,119,109,94,96,152,76,100,84,85,105,191
2017_4,정릉아리랑시장,1061,516,545,194,131,162,202,154,218,104,66,83,106,68,89,90,65,79,96,86,129
2017_4,돈암제일시장,239,109,130,25,37,42,19,33,83,12,20,22,13,15,27,13,17,20,6,18,56
2017_4,유영시장,135,66,69,27,17,18,25,14,34,14,12,7,11,6,16,13,5,11,14,8,18
2017_4,우림골목시장,2150,1121,1029,240,268,289,326,441,586,118,151,170,174,234,274,122,117,119,152,207,312
2017_4,묵1동도깨비시장,915,453,462,142,114,165,146,134,214,66,60,83,73,65,106,76,54,82,73,69,108
2017_4,태능시장,977,487,490,133,128,135,140,214,227,61,63,77,73,107,106,72,65,58,67,107,121
2017_4,중화제일시장,1859,930,929,266,254,251,313,341,434,144,128,136,159,159,204,122,126,115,154,182,230
2017_4,사가정시장,1959,965,994,198,327,269,289,356,520,98,165,154,137,174,237,100,162,115,152,182,283
2017_4,면목골목시장,1427,737,690,173,201,196,257,240,360,101,105,112,137,118,164,72,96,84,120,122,196
2017_4,동원시장,2175,1084,1091,261,314,312,306,423,559,138,155,166,166,215,244,123,159,146,140,208,315
2017_4,동부골목시장,1413,741,672,159,239,281,205,237,292,83,125,146,111,140,136,76,114,135,94,97,156
2017_4,이문제일시장,71,34,37,12,6,6,15,14,18,3,4,4,8,8,7,9,2,2,7,6,11
2017_4,이경시장,253,130,123,23,34,32,28,52,84,15,18,14,17,30,36,8,16,18,11,22,48
2017_4,회기시장,1157,512,645,83,413,183,130,129,219,33,175,92,55,61,96,50,238,91,75,68,123
2017_4,청량리청과물시장,46,33,13,0,1,3,6,18,18,0,0,2,6,14,11,0,1,1,0,4,7
2017_4,전곡시장,235,118,117,32,29,24,48,40,62,17,15,15,22,18,31,15,14,9,26,22,31
2017_4,답십리시장,463,213,250,80,63,60,75,76,109,33,29,28,36,39,48,47,34,32,39,37,61
2017_4,답십리현대시장,353,179,174,36,38,39,52,58,130,20,18,27,30,31,53,16,20,12,22,27,77
2017_4,전농로터리시장,98,57,41,6,12,9,16,21,34,4,8,7,10,11,17,2,4,2,6,10,17
2017_4,청량리종합시장,108,58,50,2,11,16,10,23,46,1,6,11,5,13,22,1,5,5,5,10,24
2017_4,청량리전통시장,175,131,44,5,12,15,18,46,79,1,8,7,16,37,62,4,4,8,2,9,17
2017_4,청량리농수산물시장,174,81,93,27,31,23,17,35,41,20,17,9,6,12,17,7,14,14,11,23,24
2017_4,서울약령시장,2181,1134,1047,155,317,289,299,392,729,90,173,169,167,207,328,65,144,120,132,185,401
2017_4,동서시장,2,2,0,0,0,0,0,2,0,0,0,0,0,2,0,0,0,0,0,0,0
2017_4,경동시장,11,6,5,0,0,0,1,3,7,0,0,0,1,3,2,0,0,0,0,0,5
2017_4,청량리수산시장,471,239,232,37,76,85,62,69,142,17,34,47,37,39,65,20,42,38,25,30,77
2017_4,용두시장,24,16,8,1,4,1,4,5,9,0,3,1,3,4,5,1,1,0,1,1,4
2017_4,구의시장,157,84,73,23,26,23,23,22,40,10,14,15,12,12,21,13,12,8,11,10,19
2017_4,조양시장,85,41,44,6,31,11,8,8,21,3,17,6,3,4,8,3,14,5,5,4,13
2017_4,영동교골목시장,1250,616,634,117,177,177,197,225,357,64,89,94,103,117,149,53,88,83,94,108,208
2017_4,능동로골목시장,388,200,188,41,53,53,54,80,107,21,25,28,24,45,57,20,28,25,30,35,50
2017_4,노룬산골목시장,340,180,160,21,49,45,45,84,96,18,27,28,22,44,41,3,22,17,23,40,55
2017_4,자양종합시장,65,36,29,14,6,16,9,11,9,7,3,8,6,5,7,7,3,8,3,6,2
2017_4,자양골목시장,1990,974,1016,272,309,364,311,332,402,137,157,188,161,155,176,135,152,176,150,177,226
2017_4,신성골목시장,108,55,53,14,16,17,14,18,29,9,8,10,8,7,13,5,8,7,6,11,16
2017_4,면곡골목시장,461,235,226,59,61,83,74,84,100,35,30,35,40,48,47,24,31,48,34,36,53
2017_4,중곡제일시장,851,432,419,121,123,142,113,164,188,65,61,82,50,85,89,56,62,60,63,79,99
2017_4,화양제일골목시장,969,408,561,65,348,219,93,99,145,31,119,108,46,45,59,34,229,111,47,54,86
2017_4,한아름시장,21,11,10,0,11,3,1,3,3,0,6,0,1,2,2,0,5,3,0,1,1
2017_4,성동용답상가시장,2075,1036,1039,239,315,310,347,392,472,117,156,171,175,196,221,122,159,139,172,196,251
2017_4,뚝도시장,599,324,275,66,83,70,82,144,154,37,51,42,44,77,73,29,32,28,38,67,81
2017_4,금남시장,276,140,136,16,37,42,37,55,89,10,18,23,21,32,36,6,19,19,16,23,53
2017_4,행당시장,1525,760,765,161,299,219,222,289,335,79,137,128,101,163,152,82,162,91,121,126,183
2017_4,마장축산물시장,360,205,155,41,46,39,62,62,110,27,27,24,36,39,52,14,19,15,26,23,58
2017_4,보광시장,9,6,3,0,0,1,2,2,4,0,0,1,1,2,2,0,0,0,1,0,2
2017_4,이태원제일시장,37,15,22,2,4,8,6,5,12,1,1,3,5,1,4,1,3,5,1,4,8
2017_4,이태원시장,64,31,33,10,2,11,8,14,19,6,0,5,6,6,8,4,2,6,2,8,11
2017_4,이촌종합시장,105,58,47,11,13,14,17,22,28,2,10,8,9,13,16,9,3,6,8,9,12
2017_4,용문전통시장,431,219,212,43,67,70,61,67,123,19,34,48,35,33,50,24,33,22,26,34,73
2017_4,만리시장,36,20,16,2,3,1,4,12,14,1,2,0,3,6,8,1,1,1,1,6,6
2017_4,신흥시장,126,62,64,9,17,19,12,24,45,2,9,9,8,15,19,7,8,10,4,9,26
2017_4,후암시장,294,148,146,26,56,41,32,58,81,12,30,23,21,29,33,14,26,18,11,29,48
2017_4,합동(새벽)시장,65,43,22,6,5,13,12,12,17,3,3,5,9,11,12,3,2,8,3,1,5
2017_4,서울중앙시장,1111,597,514,99,142,140,141,202,387,55,82,86,73,112,189,44,60,54,68,90,198
2017_4,백학시장,890,472,418,93,98,126,143,173,257,50,62,65,87,91,117,43,36,61,56,82,140
2017_4,약수시장,1072,522,550,134,174,161,169,163,271,75,83,73,95,82,114,59,91,88,74,81,157
2017_4,청평화시장,2,1,1,1,0,0,1,0,0,0,0,0,1,0,0,1,0,0,0,0,0
2017_4,동평화시장,68,32,36,6,8,7,8,21,18,4,4,2,5,10,7,2,4,5,3,11,11
2017_4,방산종합시장,308,196,112,21,35,46,36,65,105,13,22,29,24,40,68,8,13,17,12,25,37
2017_4,인현시장,152,81,71,10,16,17,13,36,60,4,8,7,8,23,31,6,8,10,5,13,29
2017_4,신중부시장,290,189,101,13,20,27,41,69,120,10,11,13,26,55,74,3,9,14,15,14,46
2017_4,남대문시장,96,54,42,2,8,10,14,25,37,0,5,7,8,15,19,2,3,3,6,10,18
2017_4,신설종합시장,16,12,4,0,1,1,2,5,7,0,1,1,2,4,4,0,0,0,0,1,3
2017_4,동묘시장,818,473,345,37,179,133,104,133,232,19,92,72,65,88,137,18,87,61,39,45,95
2017_4,창신골목시장,422,221,201,38,44,45,64,80,151,17,31,29,33,48,63,21,13,16,31,32,88
2017_4,동문시장,66,36,30,5,6,12,13,9,21,2,4,9,4,7,10,3,2,3,9,2,11
2017_4,충신시장,171,82,89,20,22,8,34,29,58,7,12,4,18,14,27,13,10,4,16,15,31
2017_4,종로신진시장,114,75,39,2,9,8,17,32,46,1,5,5,14,21,29,1,4,3,3,11,17
2017_4,동대문종합시장,4,4,0,0,1,0,1,2,0,0,1,0,1,2,0,0,0,0,0,0,0
2017_4,광장시장,57,28,29,3,7,2,4,19,22,2,4,0,1,12,9,1,3,2,3,7,13
2017_4,통인시장,750,349,401,102,94,97,127,112,218,56,44,40,65,55,89,46,50,57,62,57,129
2017_4,서울 노원구 노원역_3,314,181,133,23,53,50,59,57,72,10,21,32,33,39,46,13,32,18,26,18,26
2017_4,서울 노원구 노원역_2,20,20,0,0,1,2,6,5,6,0,1,2,6,5,6,0,0,0,0,0,0
2017_4,서울 노원구 노원역_1,711,315,396,121,96,93,112,141,148,52,44,41,47,66,65,69,52,52,65,75,83
2017_4,창동역,531,325,206,32,91,94,99,116,99,16,37,57,70,77,68,16,54,37,29,39,31
2017_4,서울 강북구 수유역_3,684,376,308,46,125,123,102,127,161,19,56,60,63,87,91,27,69,63,39,40,70
2017_4,등나무근린공원 주변,178,79,99,26,21,54,48,18,11,8,12,27,21,7,4,18,9,27,27,11,7
2017_4,서울 강북구 수유역_2,2079,1040,1039,135,345,371,356,354,518,72,150,210,183,193,232,63,195,161,173,161,286
2017_4,서울 강북구 수유역_1,741,366,375,72,152,151,105,118,143,32,69,75,61,64,65,40,83,76,44,54,78
2017_4,서울 은평구 연신내역_3,79,49,30,5,21,9,13,13,18,2,12,4,9,9,13,3,9,5,4,4,5
2017_4,서울 은평구 연신내역_2,1088,546,542,99,205,220,177,166,221,55,93,124,95,80,99,44,112,96,82,86,122
2017_4,서울 은평구 연신내역_1,249,109,140,23,55,49,37,44,41,12,23,22,14,20,18,11,32,27,23,24,23
2017_4,서울 성북구 미아삼거리역_2,485,257,228,27,87,69,48,111,143,15,45,36,27,62,72,12,42,33,21,49,71
2017_4,서울 강북구 미아삼거리역_1,384,212,172,27,45,47,70,75,120,18,30,24,44,34,62,9,15,23,26,41,58
2017_4,서울 은평구 불광역_3,749,316,433,73,203,245,88,60,80,34,65,110,44,28,35,39,138,135,44,32,45
2017_4,서울 은평구 불광역_2,675,345,330,57,163,143,89,95,128,23,85,77,47,49,64,34,78,66,42,46,64
2017_4,서울 은평구 불광역_1,589,285,304,47,112,98,74,101,157,27,44,57,35,48,74,20,68,41,39,53,83
2017_4,미아사거리_2,98,53,45,11,11,15,13,18,30,5,8,9,8,9,14,6,3,6,5,9,16
2017_4,미아사거리_1,900,447,453,148,128,172,179,123,150,85,51,85,88,60,78,63,77,87,91,63,72
2017_4,서울 성북구 성신여대입구역,1038,472,566,80,244,224,162,147,181,46,92,93,85,78,78,34,152,131,77,69,103
2017_4,경희대학교,365,173,192,32,123,66,38,34,72,16,46,36,25,17,33,16,77,30,13,17,39
2017_4,서울 성북구 안암역,360,165,195,33,147,52,21,39,68,19,63,24,12,16,31,14,84,28,9,23,37
2017_4,혜화역 대학로_3,635,290,345,39,205,105,74,84,128,18,91,44,39,40,58,21,114,61,35,44,70
2017_4,혜화역 대학로_2,792,384,408,70,281,149,97,82,113,32,129,77,54,37,55,38,152,72,43,45,58
2017_4,혜화역 대학로_1,503,223,280,44,122,98,67,63,109,23,52,41,29,34,44,21,70,57,38,29,65
2017_4,디지털미디어시티,1016,477,539,222,185,181,219,140,69,109,74,81,109,72,32,113,111,100,110,68,37
2017_4,서울 동대문구 청량리역,2859,1420,1439,321,410,376,374,501,877,134,194,202,192,270,428,187,216,174,182,231,449
2017_4,서울 종로구 경복궁역_2,307,139,168,40,52,59,52,39,65,20,31,30,15,16,27,20,21,29,37,23,38
2017_4,서울 종로구 안국역_2,304,142,162,34,41,36,42,64,87,20,23,19,14,29,37,14,18,17,28,35,50
2017_4,서울 종로구 안국역_1,134,60,74,16,11,19,23,17,48,10,6,7,11,10,16,6,5,12,12,7,32
2017_4,서울 종로구 경복궁역_1,640,306,334,63,85,96,113,107,176,38,34,50,57,52,75,25,51,46,56,55,101
2017_4,서울 종로구 종로3가역_3,158,118,40,7,15,14,22,53,47,2,11,9,18,42,36,5,4,5,4,11,11
2017_4,서울 종로구 종로3가역_2,2424,1617,807,89,108,165,294,619,1149,48,70,106,204,480,709,41,38,59,90,139,440
2017_4,서울 동대문구 신설동역_2,360,221,139,14,76,86,45,53,86,7,42,43,33,40,56,7,34,43,12,13,30
2017_4,인사동,800,442,358,84,70,121,118,118,289,51,38,63,73,71,146,33,32,58,45,47,143
2017_4,서울 종로구 종로5가역_4,285,163,122,17,40,39,33,55,101,10,19,27,23,37,47,7,21,12,10,18,54
2017_4,서울 종로구 종로5가역_3,755,459,296,40,64,79,119,156,297,21,44,49,75,109,161,19,20,30,44,47,136
2017_4,종로구청,607,336,271,48,87,81,106,119,166,28,50,45,55,65,93,20,37,36,51,54,73
2017_4,서울 종로구 종로5가역_2,1990,988,1002,221,461,381,235,274,418,107,214,193,122,152,200,114,247,188,113,122,218
2017_4,신설동역,403,247,156,16,115,84,58,63,67,7,48,53,42,46,51,9,67,31,16,17,16
2017_4,서울 동대문구 신설동역_1,178,134,44,8,16,28,13,44,69,7,10,16,9,36,56,1,6,12,4,8,13
2017_4,서울 종로구 광화문역_2,2529,1132,1397,348,315,405,418,376,667,177,131,162,177,182,303,171,184,243,241,194,364
2017_4,동묘앞역,898,434,464,129,135,115,135,167,217,62,72,65,66,82,87,67,63,50,69,85,130
2017_4,장안동사거리,4009,1994,2015,509,707,943,698,530,622,264,333,484,367,260,286,245,374,459,331,270,336
2017_4,서울 종로구 동대문역_2,647,410,237,21,55,80,73,168,250,13,29,51,50,119,148,8,26,29,23,49,102
2017_4,서울 종로구 동대문역_1,146,73,73,21,20,15,18,31,41,11,8,5,10,18,21,10,12,10,8,13,20
2017_4,동대문시장_2,29,14,15,1,1,6,3,7,11,0,0,3,2,5,4,1,1,3,1,2,7
2017_4,서울 종로구 종로5가역_1,27,7,20,1,2,0,3,4,17,1,0,0,2,0,4,0,2,0,1,4,13
2017_4,서울 종로구 종로3가역_1,172,130,42,10,37,13,22,48,42,6,31,8,16,38,31,4,6,5,6,10,11
2017_4,서울 종로구 광화문역_1,11,7,4,0,0,0,4,2,5,0,0,0,3,2,2,0,0,0,1,0,3
2017_4,종각역,6,2,4,1,1,2,1,1,0,0,0,1,1,0,0,1,1,1,0,1,0
2017_4,종각역 젊음의 거리,130,93,37,8,39,22,16,16,29,4,32,16,10,11,20,4,7,6,6,5,9
2017_4,서대문구 서대문역_1,565,297,268,105,61,94,107,101,97,55,31,42,55,61,53,50,30,52,52,40,44
2017_4,시청역_2,853,373,480,141,111,238,160,98,105,61,41,104,69,45,53,80,70,134,91,53,52
2017_4,서울시청,22,12,10,2,1,3,4,6,6,0,1,1,3,3,4,2,0,2,1,3,2
2017_4,서울 중구 을지로3가역_2,524,328,196,14,35,36,74,114,251,8,19,17,53,84,147,6,16,19,21,30,104
2017_4,서울 중구 신당역_2,324,167,157,14,66,75,41,56,72,8,24,39,24,35,37,6,42,36,17,21,35
2017_4,서대문구 서대문역_2,875,432,443,75,187,195,117,152,149,39,71,108,62,85,67,36,116,87,55,67,82
2017_4,동대문역사문화공원역,367,225,142,18,42,39,56,85,127,7,23,23,33,60,79,11,19,16,23,25,48
2017_4,서울 중구 을지로3가역_1,236,157,79,11,23,17,32,51,102,4,12,10,20,40,71,7,11,7,12,11,31
2017_4,명동거리,42,20,22,2,3,6,9,3,19,1,1,4,5,2,7,1,2,2,4,1,12
2017_4,롯데백화점,1,1,0,0,0,1,0,0,0,0,0,1,0,0,0,0,0,0,0,0,0
2017_4,서울 중구 신당역_1,930,496,434,85,126,117,141,202,259,41,73,69,78,108,127,44,53,48,63,94,132
2017_4,북창동,51,29,22,3,10,9,6,4,19,2,4,8,4,2,9,1,6,1,2,2,10
2017_4,서울 중구 충무로역_2,704,393,311,44,91,109,93,147,220,21,44,57,63,90,118,23,47,52,30,57,102
2017_4,서울 강서구 송정역,2150,1037,1113,167,425,380,260,385,533,87,182,201,139,185,243,80,243,179,121,200,290
2017_4,장한평역_2,1357,714,643,149,226,279,226,215,262,82,93,149,120,127,143,67,133,130,106,88,119
2017_4,시청역_1,87,40,47,25,18,15,9,7,13,13,6,4,7,3,7,12,12,11,2,4,6
2017_4,왕십리역_2,435,202,233,48,81,77,68,74,87,16,38,38,35,41,34,32,43,39,33,33,53
2017_4,서울 강서구 발산역,92,45,47,2,18,30,18,15,9,2,8,12,10,7,6,0,10,18,8,8,3
2017_4,장한평역_1,214,132,82,13,31,27,41,58,44,9,21,15,29,36,22,4,10,12,12,22,22
2017_4,서울 중구 충무로역_1,814,396,418,57,112,109,101,155,280,27,53,60,59,75,122,30,59,49,42,80,158
2017_4,장한평역,1308,911,397,73,197,256,287,309,186,41,86,167,220,269,128,32,111,89,67,40,58
2017_4,서울 중구 명동역,358,146,212,42,50,43,52,56,115,18,23,21,26,23,35,24,27,22,26,33,80
2017_4,장충동 족발거리,302,159,143,29,77,43,39,38,76,15,40,22,27,23,32,14,37,21,12,15,44
2017_4,한양시장,994,479,515,47,530,170,56,67,124,23,245,94,30,34,53,24,285,76,26,33,71
2017_4,서울 서대문구 이대역,1263,462,801,64,381,151,180,149,338,27,67,70,92,68,138,37,314,81,88,81,200
2017_4,서울 서대문구 신촌역,2656,1322,1334,157,996,472,286,292,453,82,454,246,165,160,215,75,542,226,121,132,238
2017_4,서울 마포구 홍대입구역_3,184,79,105,9,45,57,35,19,19,4,15,26,17,8,9,5,30,31,18,11,10
2017_4,서울 마포구 홍대입구역_2,522,244,278,59,91,100,75,59,138,26,46,44,43,23,62,33,45,56,32,36,76
2017_4,홍익대학교 주변,4995,2375,2620,451,1173,1216,724,525,906,241,537,578,378,242,399,210,636,638,346,283,507
2017_4,서울 광진구 군자역,1665,776,889,162,417,392,176,229,289,90,174,179,89,108,136,72,243,213,87,121,153
2017_4,신촌역,1194,597,597,79,364,259,164,111,217,44,161,125,96,68,103,35,203,134,68,43,114
2017_4,강서구청,2840,1397,1443,327,566,655,439,418,435,169,215,328,267,219,199,158,351,327,172,199,236
2017_4,서울 마포구 홍대입구역_1,690,331,359,74,135,164,111,70,136,34,54,94,53,35,61,40,81,70,58,35,75
2017_4,서울 중구 약수역_2,63,31,32,9,9,8,11,6,20,5,3,3,8,3,9,4,6,5,3,3,11
2017_4,서울 중구 약수역_1,12,6,6,0,1,3,3,2,3,0,0,2,2,0,2,0,1,1,1,2,1
2017_4,서울 강동구 고덕역,1907,946,961,387,308,224,338,381,269,210,168,111,134,188,135,177,140,113,204,193,134
2017_4,등촌역,1059,487,572,135,198,307,138,126,155,74,63,148,73,62,67,61,135,159,65,64,88
2017_4,서울 강동구 명일역,2185,1081,1104,318,290,343,381,339,514,164,143,183,192,153,246,154,147,160,189,186,268
2017_4,어린이대공원역,544,302,242,72,102,76,92,107,95,41,49,48,50,68,46,31,53,28,42,39,49
2017_4,서울 마포구 공덕역_2,24,13,11,1,3,1,3,8,8,0,2,1,2,5,3,1,1,0,1,3,5
2017_4,공덕역,434,215,219,54,66,55,68,92,99,21,37,24,33,43,57,33,29,31,35,49,42
2017_4,서울 용산구 숙대입구역,586,325,261,52,79,98,108,108,141,31,40,53,68,64,69,21,39,45,40,44,72
2017_4,남영역,198,98,100,10,46,71,26,20,25,4,20,41,11,11,11,6,26,30,15,9,14
2017_4,서울 마포구 공덕역_1,535,250,285,77,113,91,86,112,56,44,50,42,39,51,24,33,63,49,47,61,32
2017_4,서울 마포구 마포역_2,3525,1599,1926,564,431,891,722,441,476,279,160,410,326,213,211,285,271,481,396,228,265
2017_4,서울 광진구 건대입구역_2,2111,974,1137,150,763,425,225,197,351,79,303,213,115,103,161,71,460,212,110,94,190
2017_4,서울 마포구 마포역_1,851,425,426,86,102,181,122,133,227,44,48,96,68,66,103,42,54,85,54,67,124
2017_4,서울 강동구 천호역_2,4159,2028,2131,358,612,978,722,687,802,177,256,468,393,362,372,181,356,510,329,325,430
2017_4,서울 광진구 건대입구역_1,1091,536,555,90,215,214,159,160,253,42,82,119,84,81,128,48,133,95,75,79,125
2017_4,건대입구역,580,245,335,37,22,24,31,31,435,19,9,7,14,15,181,18,13,17,17,16,254
2017_4,서울 광진구 구의역,1907,876,1031,134,449,475,304,241,304,69,169,225,165,112,136,65,280,250,139,129,168
2017_4,서울 강동구 천호역,287,134,153,27,37,56,47,44,76,14,16,24,25,17,38,13,21,32,22,27,38
2017_4,당산역_2,573,235,338,36,208,148,61,47,73,18,53,62,34,29,39,18,155,86,27,18,34
2017_4,서울 강동구 천호역_1,334,162,172,34,61,40,55,68,76,15,33,20,31,33,30,19,28,20,24,35,46
2017_4,서울 강동구 길동역,2962,1455,1507,220,771,684,455,437,395,107,274,345,274,243,212,113,497,339,181,194,183
2017_4,용산 전자상가_5,593,341,252,42,92,130,105,76,148,22,52,82,70,47,68,20,40,48,35,29,80
2017_4,용산 전자상가_4,161,95,66,16,13,26,32,24,50,8,9,16,24,17,21,8,4,10,8,7,29
2017_4,당산역_1,988,467,521,65,273,312,110,111,117,35,103,150,65,59,55,30,170,162,45,52,62
2017_4,서울 광진구 강변역,208,96,112,27,37,31,16,32,65,14,18,13,5,13,33,13,19,18,11,19,32
2017_4,용산 전자상가_3,265,141,124,28,38,61,30,44,64,17,22,35,15,20,32,11,16,26,15,24,32
2017_4,서울 용산구 이태원역,937,491,446,63,170,181,153,160,210,34,89,98,79,94,97,29,81,83,74,66,113
2017_4,한남오거리,168,89,79,8,35,15,22,30,58,4,24,7,10,15,29,4,11,8,12,15,29
2017_4,목동사거리,74,42,32,5,13,17,17,13,9,2,3,6,13,10,8,3,10,11,4,3,1
2017_4,용산 전자상가_2,161,88,73,26,21,34,22,27,31,19,12,14,14,14,15,7,9,20,8,13,16
2017_4,용산구청,119,52,67,19,13,25,20,11,31,6,6,11,13,3,13,13,7,14,7,8,18
2017_4,용산 전자상가_1,686,364,322,98,117,179,114,94,84,41,59,95,62,55,52,57,58,84,52,39,32
2017_4,국회의사당역_2,653,335,318,43,109,190,119,96,96,25,48,93,66,54,49,18,61,97,53,42,47
2017_4,서울 용산구 신용산역,394,201,193,28,34,47,55,86,144,19,17,30,37,44,54,9,17,17,18,42,90
2017_4,압구정 로데오거리_2,1326,636,690,200,164,257,258,166,281,93,80,124,132,83,124,107,84,133,126,83,157
2017_4,서울 강남구 압구정역,1933,880,1053,253,312,387,327,238,416,136,141,153,161,111,178,117,171,234,166,127,238
2017_4,서울 영등포구 영등포구청역,1343,681,662,92,255,254,186,218,338,44,122,122,102,126,165,48,133,132,84,92,173
2017_4,압구정 로데오거리_1,565,262,303,86,62,78,93,74,172,41,27,32,46,34,82,45,35,46,47,40,90
2017_4,서울 강동구 둔촌동역,791,427,364,106,121,123,131,125,185,58,76,64,74,72,83,48,45,59,57,53,102
2017_4,오목교역,877,432,445,210,115,110,182,126,134,112,49,51,96,56,68,98,66,59,86,70,66
2017_4,신사동 가로수길,3866,1792,2074,527,577,794,721,488,759,266,248,349,359,242,328,261,329,445,362,246,431
2017_4,서울 영등포구 여의도역_2,16,12,4,3,2,1,2,6,2,2,1,1,2,4,2,1,1,0,0,2,0
2017_4,청담사거리_3,923,405,518,68,75,124,180,149,327,31,38,58,81,62,135,37,37,66,99,87,192
2017_4,영등포유통상가,435,248,187,40,57,64,83,60,131,22,31,38,55,37,65,18,26,26,28,23,66
2017_4,청담역_2,1051,483,568,185,143,220,212,147,144,95,67,90,96,71,64,90,76,130,116,76,80
2017_4,청담역_1,219,106,113,45,31,28,35,36,44,19,21,13,17,15,21,26,10,15,18,21,23
2017_4,청담사거리_2,419,207,212,61,55,70,70,69,94,29,28,33,33,35,49,32,27,37,37,34,45
2017_4,청담사거리_1,232,104,128,36,34,46,55,25,36,14,11,22,30,12,15,22,23,24,25,13,21
2017_4,서울 영등포구 여의도역_1,2543,1219,1324,396,340,361,392,449,605,204,158,153,178,218,308,192,182,208,214,231,297
2017_4,서울 양천구 신정네거리역_2,284,139,145,28,54,29,38,52,83,17,27,17,21,23,34,11,27,12,17,29,49
2017_4,학동사거리_2,454,231,223,70,68,80,82,71,83,43,38,41,34,33,42,27,30,39,48,38,41
2017_4,서울 영등포구 영등포시장역,1399,872,527,53,102,138,217,344,545,27,60,82,145,244,314,26,42,56,72,100,231
2017_4,학동사거리_1,457,218,239,47,70,92,92,59,97,27,23,41,52,31,44,20,47,51,40,28,53
2017_4,여의도 시범아파트앞,1453,708,745,208,155,229,209,234,418,114,82,101,105,115,191,94,73,128,104,119,227
2017_4,영등포역_3,406,240,166,19,101,95,53,62,76,11,38,53,36,48,54,8,63,42,17,14,22
2017_4,도산공원사거리_1,258,113,145,24,58,73,33,25,45,13,22,33,15,11,19,11,36,40,18,14,26
2017_4,영등포역_2,661,469,192,23,93,94,125,171,155,11,30,65,116,139,108,12,63,29,9,32,47
2017_4,문래동 주민센터,1521,753,768,239,154,230,226,267,405,121,82,108,117,137,188,118,72,122,109,130,217
2017_4,강남구 신사역_2,1023,458,565,86,197,272,171,116,181,47,80,115,83,57,76,39,117,157,88,59,105
2017_4,영등포역_1,246,131,115,18,90,77,25,21,15,8,41,44,15,14,9,10,49,33,10,7,6
2017_4,서울 강남구 강남구청역_2,736,384,352,36,59,136,163,130,212,18,26,74,82,91,93,18,33,62,81,39,119
2017_4,강남구 신사역_1,780,421,359,56,128,171,151,114,160,32,64,91,92,61,81,24,64,80,59,53,79
2017_4,서울 동작구 노량진1동_1,18,14,4,0,1,3,4,4,6,0,1,3,4,4,2,0,0,0,0,0,4
2017_4,서울 강남구 학동역_3,122,60,62,6,20,27,22,21,26,4,9,12,11,12,12,2,11,15,11,9,14
2017_4,서울 강남구 강남구청역_1,743,364,379,73,124,204,149,107,86,38,63,91,68,63,41,35,61,113,81,44,45
2017_4,잠실역,3223,1539,1684,543,436,614,517,505,608,276,224,287,220,243,289,267,212,327,297,262,319
2017_4,강남구 논현역_4,1907,932,975,177,327,488,336,276,303,87,153,226,167,154,145,90,174,262,169,122,158
2017_4,학동역,464,188,276,35,79,151,80,62,57,23,32,55,27,28,23,12,47,96,53,34,34
2017_4,방이동 먹자골목,1449,778,671,120,264,336,236,247,246,62,128,184,135,136,133,58,136,152,101,111,113
2017_4,서울 강남구 학동역_2,125,66,59,13,25,38,21,12,16,7,7,24,12,8,8,6,18,14,9,4,8
2017_4,서울 동작구 노량진역,982,484,498,50,454,179,106,70,123,22,205,101,66,34,56,28,249,78,40,36,67
2017_4,삼성역_3,52,36,16,1,12,9,6,8,16,0,9,6,5,4,12,1,3,3,1,4,4
2017_4,코엑스,21,15,6,5,1,3,3,4,5,4,0,2,2,3,4,1,1,1,1,1,1
2017_4,서울 강남구 학동역_1,901,398,503,83,169,230,152,96,171,41,61,102,75,43,76,42,108,128,77,53,95
2017_4,선정릉역_2,3034,1397,1637,400,429,723,594,391,497,209,196,315,277,196,204,191,233,408,317,195,293
2017_4,강남구 논현역_3,83,30,53,5,17,19,14,13,15,2,5,2,9,6,6,3,12,17,5,7,9
2017_4,포스코사거리_2,708,359,349,79,134,151,127,111,106,45,55,83,62,64,50,34,79,68,65,47,56
2017_4,포스코사거리_1,2102,1009,1093,252,320,490,382,301,357,130,148,212,202,154,163,122,172,278,180,147,194
2017_4,신도림역,4912,2329,2583,835,756,1085,778,826,632,419,335,519,364,375,317,416,421,566,414,451,315
2017_4,강남구 논현역_2,3919,1886,2033,352,738,1068,637,453,671,187,314,511,332,243,299,165,424,557,305,210,372
2017_4,선정릉역_1,634,286,348,91,124,117,112,98,92,46,52,48,49,45,46,45,72,69,63,53,46
2017_4,신천역,2847,1366,1481,295,475,678,458,426,515,150,217,327,248,195,229,145,258,351,210,231,286
2017_4,강남구 논현역_1,1995,1039,956,132,367,509,362,285,340,69,170,249,218,162,171,63,197,260,144,123,169
2017_4,삼성역_2,9,6,3,0,1,2,1,2,3,0,0,2,1,1,2,0,1,0,0,1,1
2017_4,삼정역_2,588,287,301,47,87,172,107,80,95,23,45,69,62,39,49,24,42,103,45,41,46
2017_4,삼정역_1,90,41,49,4,15,25,8,18,20,0,5,15,3,8,10,4,10,10,5,10,10
2017_4,삼성역_1,1327,675,652,180,232,324,229,169,193,97,102,176,112,91,97,83,130,148,117,78,96
2017_4,서울 강남구 선릉역_2,2105,1019,1086,144,449,603,337,259,313,79,190,295,191,118,146,65,259,308,146,141,167
2017_4,서울 서초구 강남역,2971,1511,1460,184,653,900,419,377,438,95,298,467,237,196,218,89,355,433,182,181,220
2017_4,서울 강남구 선릉역_1,695,357,338,64,97,182,182,88,82,36,45,88,96,51,41,28,52,94,86,37,41
2017_4,서울 송파구 석촌역_2,594,284,310,98,88,147,92,73,96,52,38,69,43,37,45,46,50,78,49,36,51
2017_4,선릉역_2,4081,1854,2227,488,705,1120,836,481,451,222,279,481,403,252,217,266,426,639,433,229,234
2017_4,서울 강남구 역삼역_2,965,471,494,80,191,241,145,146,162,48,79,110,80,73,81,32,112,131,65,73,81
2017_4,서울 송파구 석촌역_1,200,86,114,21,31,49,39,24,36,13,10,18,21,9,15,8,21,31,18,15,21
2017_4,석촌역,7,3,4,0,3,1,1,1,1,0,2,0,0,1,0,0,1,1,1,0,1
2017_4,서울 강남구 강남역_2,2000,914,1086,205,323,367,397,279,429,90,123,172,185,149,195,115,200,195,212,130,234
2017_4,선릉역_1,1236,526,710,260,145,247,320,137,127,104,58,95,139,73,57,156,87,152,181,64,70
2017_4,구로역,695,341,354,115,103,176,104,97,100,61,37,84,62,48,49,54,66,92,42,49,51
2017_4,역삼역_2,620,377,243,325,53,81,82,41,38,225,24,42,48,24,14,100,29,39,34,17,24
2017_4,대림역_2,2531,1216,1315,250,627,733,410,280,231,128,211,366,231,171,109,122,416,367,179,109,122
2017_4,서울 강남구 역삼역_1,5343,2735,2608,418,962,1373,1054,702,834,215,401,717,596,399,407,203,561,656,458,303,427
2017_4,신대방삼거리역,1205,579,626,116,245,267,191,165,221,53,101,119,106,93,107,63,144,148,85,72,114
2017_4,서울 강남구 한티역,2153,1012,1141,407,341,280,453,347,325,218,155,139,187,173,140,189,186,141,266,174,185
2017_4,은마아파트입구사거리_4,362,194,168,98,37,30,95,63,39,70,19,14,37,35,19,28,18,16,58,28,20
2017_4,은마아파트입구사거리_3,325,164,161,63,54,34,70,51,53,35,26,20,29,28,26,28,28,14,41,23,27
2017_4,은마아파트입구사거리_2,196,91,105,55,37,34,30,15,25,27,17,18,11,6,12,28,20,16,19,9,13
2017_4,오류동역,3645,1760,1885,298,831,1054,534,390,538,143,311,544,311,196,255,155,520,510,223,194,283
2017_4,서울 강남구 강남역,2424,1147,1277,205,577,729,363,253,297,119,246,333,196,118,135,86,331,396,167,135,162
2017_4,은마아파트입구사거리_1,225,116,109,53,32,23,51,37,29,30,20,15,24,18,9,23,12,8,27,19,20
2017_4,대림역_1,1696,793,903,109,588,550,243,95,111,56,182,291,139,70,55,53,406,259,104,25,56
2017_4,교대역_4,1411,692,719,287,216,155,270,205,278,139,110,79,119,105,140,148,106,76,151,100,138
2017_4,서울 강남구 강남역_1,1368,626,742,199,203,341,233,186,206,81,100,148,116,88,93,118,103,193,117,98,113
2017_4,방배동카페골목,2675,1283,1392,639,291,400,573,359,413,316,148,175,284,183,177,323,143,225,289,176,236
2017_4,교대역_3,17,8,9,1,0,6,1,4,5,0,0,2,1,2,3,1,0,4,0,2,2
2017_4,역삼역_1,2799,1342,1457,328,500,798,453,332,388,159,249,401,213,135,185,169,251,397,240,197,203
2017_4,교대역_2,1524,709,815,174,268,330,274,218,260,86,121,152,132,102,116,88,147,178,142,116,144
2017_4,서울 송파구 가락시장역,507,281,226,31,77,109,76,102,112,15,29,52,48,74,63,16,48,57,28,28,49
2017_4,서울 서초구 서초역,58,32,26,8,10,7,7,10,16,4,6,5,5,4,8,4,4,2,2,6,8
2017_4,서울 강남구 대치역_2,401,194,207,123,52,51,90,54,31,61,28,20,43,29,13,62,24,31,47,25,18
2017_4,서울 강남구 대치역_1,506,258,248,159,49,37,140,72,49,82,25,17,69,39,26,77,24,20,71,33,23
2017_4,뱅뱅사거리_2,1770,790,980,155,414,564,281,176,180,77,152,267,137,76,81,78,262,297,144,100,99
2017_4,보라매공원,5211,2488,2723,909,674,850,845,640,1293,447,337,389,409,295,611,462,337,461,436,345,682
2017_4,교대역_1,2608,1276,1332,286,498,512,379,446,487,135,243,246,194,227,231,151,255,266,185,219,256
2017_4,개봉동 현대아파트 인근,2759,1395,1364,338,342,401,410,513,755,182,191,215,206,260,341,156,151,186,204,253,414
2017_4,뱅뱅사거리,1383,599,784,111,368,459,241,119,85,61,126,197,122,51,42,50,242,262,119,68,43
2017_4,뱅뱅사거리_1,1096,566,530,138,218,312,177,123,128,71,98,172,105,60,60,67,120,140,72,63,68
2017_4,서울 관악구 신림역_4,2992,1472,1520,150,1102,937,351,208,244,86,459,509,190,108,120,64,643,428,161,100,124
2017_4,동작구 총신대입구역_1,1122,524,598,97,242,222,156,137,268,44,101,110,83,67,119,53,141,112,73,70,149
2017_4,양재역_3,1940,934,1006,247,311,462,316,257,347,124,152,218,146,125,169,123,159,244,170,132,178
2017_4,동작구 총신대입구역_2,1769,778,991,364,219,350,417,217,202,162,77,156,178,121,84,202,142,194,239,96,118
2017_4,서울 서초구 남부터미널역_3,453,220,233,51,90,113,68,42,89,29,42,46,41,19,43,22,48,67,27,23,46
2017_4,서울 강남구 수서역,1670,786,884,171,165,283,260,254,537,88,71,132,147,147,201,83,94,151,113,107,336
2017_4,서울 관악구 신림역_3,855,462,393,23,326,222,102,75,107,10,140,140,62,53,57,13,186,82,40,22,50
2017_4,서울 서초구 남부터미널역_2,1481,755,726,100,277,419,299,229,157,59,98,201,158,151,88,41,179,218,141,78,69
2017_4,구로디지탈1단지,134,69,65,14,13,28,14,31,34,6,8,14,7,19,15,8,5,14,7,12,19
2017_4,양재역,1653,732,921,252,295,342,282,225,257,109,132,142,135,97,117,143,163,200,147,128,140
2017_4,문정역,379,199,180,58,53,75,67,63,63,37,26,40,38,31,27,21,27,35,29,32,36
2017_4,매봉역,535,264,271,71,106,85,99,86,88,37,47,38,55,46,41,34,59,47,44,40,47
2017_4,서울 서초구 방배역,1217,597,620,163,182,263,228,167,214,87,77,129,125,86,93,76,105,134,103,81,121
2017_4,서울 서초구 남부터미널역_1,1301,626,675,229,196,217,202,219,238,123,90,98,97,98,120,106,106,119,105,121,118
2017_4,서울 관악구 신림역_2,1567,825,742,98,518,352,180,173,246,54,266,201,95,83,126,44,252,151,85,90,120
2017_4,서울 관악구 신림역_1,499,230,269,19,185,141,61,49,44,9,71,74,32,23,21,10,114,67,29,26,23
2017_4,양재역_2,854,412,442,110,146,186,138,119,155,58,64,86,71,62,71,52,82,100,67,57,84
2017_4,양재역_1,11,6,5,0,3,0,2,4,2,0,2,0,2,1,1,0,1,0,0,3,1
2017_4,서울 관악구 서울대입구역_2,470,252,218,21,162,109,50,49,79,11,76,62,36,27,40,10,86,47,14,22,39
2017_4,가산디지털단지역_3,1474,802,672,51,383,368,224,238,210,20,123,212,151,173,123,31,260,156,73,65,87
2017_4,구로디지털단지역,366,212,154,25,34,33,55,99,120,19,17,26,30,65,55,6,17,7,25,34,65
2017_4,서울 관악구 서울대입구역_1,6011,2828,3183,304,2524,1475,600,539,569,148,1048,724,323,298,287,156,1476,751,277,241,282
2017_4,관악구 사당역_1,903,434,469,132,156,158,147,149,161,61,77,72,75,67,82,71,79,86,72,82,79
2017_4,가산디지털단지역_2,470,248,222,44,70,107,61,62,126,22,35,63,39,31,58,22,35,44,22,31,68
2017_4,관악구 사당역_2,938,430,508,51,237,206,114,130,200,28,89,96,53,69,95,23,148,110,61,61,105
2017_4,가산디지털단지역_1,30,19,11,2,3,6,6,7,6,1,0,3,5,5,5,1,3,3,1,2,1
2017_4,포이사거리_1,76,45,31,10,14,22,15,8,7,6,9,11,11,3,5,4,5,11,4,5,2
2017_4,포이사거리_2,1763,974,789,172,292,417,332,280,270,102,148,229,198,164,133,70,144,188,134,116,137
2017_4,관악구 사당역_3,301,136,165,13,90,77,37,34,50,5,35,39,18,15,24,8,55,38,19,19,26
2017_4,서울 관악구 대학동_1,1571,962,609,116,620,321,180,131,203,62,380,230,121,73,96,54,240,91,59,58,107
2017_4,서울 금천구 독산1동_1,1061,587,474,60,167,257,210,186,181,28,83,155,128,113,80,32,84,102,82,73,101
2017_4,양재 화물트럭터미널앞_2,1823,872,951,511,186,287,379,198,262,268,86,122,205,86,105,243,100,165,174,112,157
2017_4,양재 화물트럭터미널앞_1,2,2,0,0,0,0,0,1,1,0,0,0,0,1,1,0,0,0,0,0,0
2017_4,서울 금천구 시흥1동_4,1614,843,771,132,182,229,267,306,498,70,91,117,161,179,225,62,91,112,106,127,273
2017_4,풍성로37가길,3324,1689,1635,410,463,596,554,594,707,213,234,321,303,299,319,197,229,275,251,295,388
2017_4,천호옛길,4022,2015,2007,485,585,697,628,696,931,234,293,378,342,348,420,251,292,319,286,348,511
2017_4,천호옛14길,2108,1035,1073,203,331,361,298,383,532,100,169,181,150,188,247,103,162,180,148,195,285
2017_4,천호대로219길,2379,1201,1178,351,337,300,358,489,544,184,178,155,189,252,243,167,159,145,169,237,301
2017_4,천호대로197길,5074,2527,2547,782,783,800,782,908,1019,406,395,419,389,438,480,376,388,381,393,470,539
2017_4,천호대로187길,2894,1420,1474,423,405,535,402,493,636,215,206,284,189,235,291,208,199,251,213,258,345
2017_4,천호대로170길,4471,2219,2252,612,683,941,667,712,856,307,345,489,333,337,408,305,338,452,334,375,448
2017_4,천호대로162길,2701,1363,1338,389,398,444,415,479,576,208,198,233,226,227,271,181,200,211,189,252,305
2017_4,천중로51길,4625,2243,2382,699,670,763,667,775,1051,358,335,387,328,357,478,341,335,376,339,418,573
2017_4,천중로39길,6968,3429,3539,1059,1018,1194,1092,1192,1413,551,505,629,544,541,659,508,513,565,548,651,754
2017_4,진황도로47길,1752,857,895,199,268,372,258,290,365,103,120,195,134,135,170,96,148,177,124,155,195
2017_4,진황도로27길,7306,3666,3640,857,1017,1372,1091,1203,1766,433,479,738,590,586,840,424,538,634,501,617,926
2017_4,올림픽로98길,3373,1659,1714,401,413,606,540,630,783,203,206,326,272,314,338,198,207,280,268,316,445
2017_4,올림픽로80길,2085,1077,1008,250,263,258,344,413,557,138,147,137,180,224,251,112,116,121,164,189,306
2017_4,올림픽로78길,1952,1026,926,172,196,243,318,430,593,82,100,140,182,240,282,90,96,103,136,190,311
2017_4,올림픽로77길,2558,1304,1254,293,350,467,388,484,576,148,169,263,213,245,266,145,181,204,175,239,310
2017_4,올림픽로71길,2582,1295,1287,244,343,425,382,480,708,130,182,230,203,236,314,114,161,195,179,244,394
2017_4,올림픽로48길,1525,727,798,257,209,282,264,211,302,136,104,127,124,106,130,121,105,155,140,105,172
2017_4,양재대로96길,3684,1842,1842,733,451,644,634,503,719,391,237,322,314,239,339,342,214,322,320,264,380
2017_4,양재대로95길,3528,1733,1795,500,560,622,532,621,693,270,287,325,270,277,304,230,273,297,262,344,389
2017_4,양재대로91길,4388,2151,2237,745,609,685,721,771,857,407,322,351,351,364,356,338,287,334,370,407,501
2017_4,양재대로133길,5337,2641,2696,763,785,831,769,967,1222,390,411,438,393,448,561,373,374,393,376,519,661
2017_4,양재대로124길,4561,2290,2271,661,700,766,703,832,899,349,380,391,355,397,418,312,320,375,348,435,481
2017_4,양재대로116길,1560,749,811,217,259,277,237,260,310,114,124,142,121,112,136,103,135,135,116,148,174
2017_4,양재대로101길,4954,2441,2513,627,753,1114,733,783,944,338,370,574,370,342,447,289,383,540,363,441,497
2017_4,암사길,7098,3557,3541,1075,1000,1187,1088,1235,1513,555,517,631,558,613,683,520,483,556,530,622,830
2017_4,성안로3길,4877,2410,2467,845,713,817,859,787,856,463,352,407,415,366,407,382,361,410,444,421,449
2017_4,성내로5길,3742,1805,1937,717,518,609,634,576,688,361,265,275,319,268,317,356,253,334,315,308,371
2017_4,상일로5길,1392,709,683,227,229,191,197,296,252,115,139,91,96,139,129,112,90,100,101,157,123
2017_4,상암로5길,1976,979,997,274,259,390,323,286,444,139,128,213,161,136,202,135,131,177,162,150,242
2017_4,상암로51길,3219,1547,1672,550,473,438,531,548,679,275,239,215,251,250,317,275,234,223,280,298,362
2017_4,상암로4길,3364,1674,1690,482,452,739,554,552,585,240,216,373,286,275,284,242,236,366,268,277,301
2017_4,상암로14길,4321,2106,2215,661,595,815,643,715,892,321,291,425,315,335,419,340,304,390,328,380,473
2017_4,명일로13길,2663,1369,1294,406,426,391,400,470,570,235,226,203,210,237,258,171,200,188,190,233,312
2017_4,동남로85길,3015,1559,1456,470,441,358,457,577,712,253,244,202,237,289,334,217,197,156,220,288,378
2017_4,동남로82길,1878,1009,869,236,269,225,282,423,443,126,152,131,157,227,216,110,117,94,125,196,227
2017_4,동남로65길,2730,1338,1392,531,368,319,512,477,523,281,195,173,234,234,221,250,173,146,278,243,302
2017_4,구천면로42길,4572,2374,2198,626,591,708,739,886,1022,333,308,383,404,463,483,293,283,325,335,423,539
2017_4,구천면로41길,5445,2744,2701,761,721,893,879,984,1207,396,383,476,471,466,552,365,338,417,408,518,655
2017_4,구천면로36길,2728,1407,1321,339,397,396,414,544,638,189,196,225,212,283,302,150,201,171,202,261,336
2017_4,고덕로61길,1489,751,738,290,182,251,240,238,288,150,98,128,131,115,129,140,84,123,109,123,159
2017_4,고덕로25길,1578,792,786,326,192,269,242,237,312,158,107,136,122,119,150,168,85,133,120,118,162
2017_4,고덕로10길,2195,1089,1106,347,295,417,379,349,408,185,148,209,197,157,193,162,147,208,182,192,215
2017_4,강동대로53길,4187,2137,2050,792,567,621,717,731,759,480,303,327,343,339,345,312,264,294,374,392,414
2017_4,풍성로25길,1810,896,914,210,226,273,245,348,508,118,115,144,139,152,228,92,111,129,106,196,280
2017_4,오금로46길,2763,1374,1389,581,393,414,464,445,466,308,207,204,223,207,225,273,186,210,241,238,241
2017_4,오금로36길,2906,1422,1484,435,519,527,467,468,490,219,253,273,226,213,238,216,266,254,241,255,252
2017_4,오금로11길,4959,2357,2602,577,766,1187,744,795,890,296,369,595,368,346,383,281,397,592,376,449,507
2017_4,양재대로72길,2839,1381,1458,457,475,359,469,538,541,228,247,176,209,262,259,229,228,183,260,276,282
2017_4,양재대로71길,1574,744,830,265,232,271,237,255,314,133,110,130,102,120,149,132,122,141,135,135,165
2017_4,양재대로64길,2627,1327,1300,397,401,477,424,445,483,196,204,237,228,219,243,201,197,240,196,226,240
2017_4,양재대로62길,1599,822,777,248,212,340,276,238,285,145,102,176,139,126,134,103,110,164,137,112,151
2017_4,송파대로30길,2907,1485,1422,393,456,451,486,567,554,208,223,237,252,284,281,185,233,214,234,283,273
2017_4,송이로36길,3206,1584,1622,498,486,614,510,516,582,269,242,302,258,238,275,229,244,312,252,278,307
2017_4,송이로32길,5195,2562,2633,829,849,1023,842,859,793,425,439,524,408,403,363,404,410,499,434,456,430
2017_4,송이로23길,4697,2341,2356,690,769,935,730,736,837,374,384,476,350,356,401,316,385,459,380,380,436
2017_4,삼전로13길,6571,3093,3478,874,1142,1511,1050,957,1037,460,519,716,491,438,469,414,623,795,559,519,568
2017_4,백제고분로50길,8662,4261,4401,1338,1351,1644,1333,1385,1611,737,678,816,641,631,758,601,673,828,692,754,853
2017_4,백제고분로46길,3205,1536,1669,504,497,680,521,477,526,255,241,329,243,228,240,249,256,351,278,249,286
2017_4,백제고분로45길,4828,2323,2505,700,807,1114,713,703,791,350,385,540,355,327,366,350,422,574,358,376,425
2017_4,백제고분로42길,4256,2040,2216,526,775,1028,637,613,677,282,347,495,303,285,328,244,428,533,334,328,349
2017_4,백제고분로39길,3382,1567,1815,453,585,800,491,469,584,260,228,378,237,199,265,193,357,422,254,270,319
2017_4,백제고분로34길,7936,3889,4047,1193,1182,1726,1325,1149,1361,640,587,877,647,542,596,553,595,849,678,607,765
2017_4,백제고분로33길,6085,2885,3200,777,1056,1510,926,830,986,405,470,733,465,382,430,372,586,777,461,448,556
2017_4,백제고분로32길,6684,3213,3471,1106,1002,1432,1154,934,1056,573,474,722,554,426,464,533,528,710,600,508,592
2017_4,백제고분로31길,6411,2945,3466,966,977,1433,1120,877,1038,484,442,649,531,390,449,482,535,784,589,487,589
2017_4,백제고분로22길,7026,3340,3686,1064,1086,1607,1202,998,1069,553,502,750,594,449,492,511,584,857,608,549,577
2017_4,백제고분로21길,2463,1200,1263,279,401,606,416,384,377,149,182,287,214,201,167,130,219,319,202,183,210
2017_4,마천로51길,4565,2309,2256,662,586,629,727,825,1136,326,292,341,389,440,521,336,294,288,338,385,615
2017_4,동남로20길,3485,1655,1830,649,515,577,616,552,576,320,239,290,282,265,259,329,276,287,334,287,317
2017_4,거마로20길,3365,1702,1663,474,364,429,542,645,911,249,210,226,290,335,392,225,154,203,252,310,519
2017_4,학동로77길,2519,1209,1310,558,320,453,542,310,336,321,147,177,258,151,155,237,173,276,284,159,181
2017_4,학동로6길,1622,706,916,164,309,436,276,161,276,81,120,175,128,78,124,83,189,261,148,83,152
2017_4,학동로56길,1023,490,533,182,162,187,181,128,183,91,91,87,80,56,85,91,71,100,101,72,98
2017_4,학동로38길,1502,676,826,174,270,386,255,168,249,82,110,182,132,76,94,92,160,204,123,92,155
2017_4,테헤란로81길,423,202,221,39,62,94,64,60,104,24,28,51,31,25,43,15,34,43,33,35,61
2017_4,일원로9길,3339,1629,1710,569,606,557,522,518,567,315,305,259,257,237,256,254,301,298,265,281,311
2017_4,일원로3길,2317,1152,1165,437,360,383,376,361,400,241,188,186,188,162,187,196,172,197,188,199,213
2017_4,영동대로65길,2521,1259,1262,395,370,320,414,440,582,233,207,161,176,224,258,162,163,159,238,216,324
2017_4,영동대로112길,2002,978,1024,351,298,348,380,269,356,196,159,167,168,123,165,155,139,181,212,146,191
2017_4,언주로81길,3419,1639,1780,427,598,862,603,474,455,194,266,417,313,241,208,233,332,445,290,233,247
2017_4,압구정로2길,1025,458,567,156,174,222,190,124,159,77,75,86,92,58,70,79,99,136,98,66,89
2017_4,선릉로18길,1668,847,821,264,254,231,262,296,361,150,143,121,122,153,158,114,111,110,140,143,203
2017_4,선릉로146길,2080,974,1106,272,357,459,381,262,349,144,150,219,187,125,149,128,207,240,194,137,200
2017_4,선릉로133길,1558,693,865,215,264,337,276,192,274,110,97,143,128,96,119,105,167,194,148,96,155
2017_4,선릉로132길,2075,934,1141,388,327,380,376,279,325,207,127,141,178,138,143,181,200,239,198,141,182
2017_4,선릉로121길,830,377,453,99,135,194,156,101,145,51,68,81,76,44,57,48,67,113,80,57,88
2017_4,삼성로75길,2528,1236,1292,446,422,476,502,329,353,258,208,218,207,171,174,188,214,258,295,158,179
2017_4,삼성로69길,3343,1611,1732,626,555,531,723,466,442,350,269,261,318,223,190,276,286,270,405,243,252
2017_4,삼성로64길,3264,1706,1558,853,471,245,827,544,324,541,251,115,358,297,144,312,220,130,469,247,180
2017_4,삼성로63길,4151,1958,2193,729,711,641,870,678,522,398,336,292,375,333,224,331,375,349,495,345,298
2017_4,삼성로57길,1733,906,827,519,201,126,425,312,150,322,100,46,183,183,72,197,101,80,242,129,78
2017_4,삼성로147길,1210,539,671,186,203,259,198,159,205,90,84,101,95,79,90,96,119,158,103,80,115
2017_4,삼성로115길,2842,1326,1516,559,385,588,547,326,437,312,191,236,243,152,192,247,194,352,304,174,245
2017_4,봉은사로68길,1476,666,810,200,214,410,275,151,226,106,91,168,136,73,92,94,123,242,139,78,134
2017_4,봉은사로57길,1557,697,860,234,265,352,297,184,225,133,113,144,120,93,94,101,152,208,177,91,131
2017_4,봉은사로43길,3197,1508,1689,554,459,658,611,368,547,309,199,294,282,179,245,245,260,364,329,189,302
2017_4,봉은사로29길,1248,566,682,136,213,348,228,144,179,69,95,144,107,70,81,67,118,204,121,74,98
2017_4,봉은사로109길,2221,1067,1154,442,297,363,361,339,419,230,147,169,163,162,196,212,150,194,198,177,223
2017_4,도산대로89길,1986,930,1056,305,318,351,362,293,357,162,150,167,159,127,165,143,168,184,203,166,192
2017_4,도산대로81길,1294,613,681,227,188,192,206,176,305,117,89,85,90,82,150,110,99,107,116,94,155
2017_4,도산대로50길,2425,1123,1302,361,337,534,370,315,508,190,151,230,181,150,221,171,186,304,189,165,287
2017_4,도산대로38길,1019,457,562,95,183,308,163,110,160,49,71,143,86,41,67,46,112,165,77,69,93
2017_4,도산대로30길,941,442,499,81,173,219,175,107,186,44,79,92,84,52,91,37,94,127,91,55,95
2017_4,도산대로23길,1527,665,862,196,306,320,261,198,246,90,130,134,117,81,113,106,176,186,144,117,133
2017_4,도산대로15길,740,323,417,98,136,177,127,83,119,45,55,74,52,46,51,53,81,103,75,37,68
2017_4,도곡로37길,5633,2601,3032,760,880,1316,985,710,982,386,392,602,459,339,423,374,488,714,526,371,559
2017_4,논현로8길,3380,1667,1713,571,531,620,608,511,539,293,269,323,285,257,240,278,262,297,323,254,299
2017_4,논현로63길,2679,1270,1409,392,411,620,462,353,441,205,187,269,234,168,207,187,224,351,228,185,234
2017_4,논현로28길,86,48,38,15,10,12,13,14,22,8,7,7,6,5,15,7,3,5,7,9,7
2017_4,논현로26길,1244,576,668,138,204,210,213,201,278,70,92,89,107,85,133,68,112,121,106,116,145
2017_4,논현로159길,442,197,245,69,71,86,70,60,86,41,26,36,33,24,37,28,45,50,37,36,49
2017_4,논현로139길,1433,676,757,176,218,311,242,176,310,90,100,145,122,81,138,86,118,166,120,95,172
2017_4,논현로123길,2114,1012,1102,150,357,543,447,289,328,82,164,247,226,148,145,68,193,296,221,141,183
2017_4,논현로115길,3295,1557,1738,309,667,881,495,433,510,148,296,397,271,208,237,161,371,484,224,225,273
2017_4,논현로10길,1541,758,783,281,218,263,322,235,222,144,98,141,148,124,103,137,120,122,174,111,119
2017_4,논현로106길,1985,881,1104,180,351,662,335,191,266,86,139,289,163,82,122,94,212,373,172,109,144
2017_4,남부순환로365길,3653,1775,1878,772,505,609,699,551,517,398,247,290,331,279,230,374,258,319,368,272,287
2017_4,개포로82길,38,28,10,0,5,12,8,7,6,0,2,10,7,5,4,0,3,2,1,2,2
2017_4,개포로28길,1947,952,995,390,289,307,411,300,250,195,149,150,189,148,121,195,140,157,222,152,129
2017_4,개포로20길,2307,1127,1180,322,418,424,404,400,339,164,210,217,200,178,158,158,208,207,204,222,181
2017_4,개포로17길,3620,1767,1853,641,523,612,655,579,610,338,261,302,298,287,281,303,262,310,357,292,329
2017_4,강남대로140길,1557,726,831,155,279,375,212,259,277,83,124,183,106,108,122,72,155,192,106,151,155
2017_4,강남대로136길,1195,542,653,137,177,248,204,169,260,74,74,98,97,70,129,63,103,150,107,99,131
2017_4,강남대로118길,1459,641,818,121,304,418,237,163,216,61,126,181,119,63,91,60,178,237,118,100,125
2017_4,서초중앙로8길,2731,1327,1404,508,373,519,478,339,514,251,184,255,234,158,245,257,189,264,244,181,269
2017_4,방배중앙로21길,2736,1285,1451,553,386,385,529,453,430,255,170,190,232,231,207,298,216,195,297,222,223
2017_4,효령로72길,2143,1069,1074,426,255,410,445,276,331,228,125,179,237,133,167,198,130,231,208,143,164
2017_4,효령로34길,1528,751,777,247,200,290,257,236,298,138,96,149,122,107,139,109,104,141,135,129,159
2017_4,효령로31길,1852,866,986,268,251,396,327,239,371,140,112,186,163,108,157,128,139,210,164,131,214
2017_4,효령로23길,4316,2001,2315,721,688,834,718,609,746,381,311,380,316,281,332,340,377,454,402,328,414
2017_4,청두곶길,4087,1938,2149,645,631,690,679,587,855,331,299,330,319,271,388,314,332,360,360,316,467
2017_4,주흥길,4069,1953,2116,281,883,1153,677,471,604,142,393,554,368,230,266,139,490,599,309,241,338
2017_4,주흥15길,2697,1280,1417,240,462,748,465,316,466,121,206,347,261,155,190,119,256,401,204,161,276
2017_4,언남길,2022,1004,1018,314,315,394,380,287,332,160,163,180,198,152,151,154,152,214,182,135,181
2017_4,신반포로45길,2673,1265,1408,334,425,578,457,354,525,182,180,268,219,172,244,152,245,310,238,182,281
2017_4,서초대로8길,4032,1966,2066,550,604,601,628,652,997,301,307,312,303,290,453,249,297,289,325,362,544
2017_4,서초대로64길,1784,863,921,400,228,296,370,254,236,210,110,121,188,119,115,190,118,175,182,135,121
2017_4,서초대로4길,3467,1613,1854,539,542,615,543,508,720,267,248,304,240,227,327,272,294,311,303,281,393
2017_4,서초대로25길,1241,580,661,197,199,244,189,178,234,106,95,116,82,74,107,91,104,128,107,104,127
2017_4,서초대로23길,2741,1274,1467,424,374,528,458,391,566,215,176,242,215,184,242,209,198,286,243,207,324
2017_4,서초대로15길,3693,1685,2008,618,576,725,628,506,640,289,276,306,304,232,278,329,300,419,324,274,362
2017_4,사평대로57길,1243,544,699,83,263,341,195,148,213,39,103,151,92,66,93,44,160,190,103,82,120
2017_4,사평대로26길,295,127,168,52,50,40,45,37,71,22,19,17,19,15,35,30,31,23,26,22,36
2017_4,사평대로22길,1620,746,874,333,203,262,316,249,257,172,101,105,133,115,120,161,102,157,183,134,137
2017_4,사임당로17길,1098,522,576,173,178,238,171,146,192,84,86,111,89,65,87,89,92,127,82,81,105
2017_4,방배로42길,973,452,521,227,130,142,191,130,153,107,62,65,95,60,63,120,68,77,96,70,90
2017_4,방배로35길,1820,839,981,353,259,247,360,292,309,161,117,107,158,150,146,192,142,140,202,142,163
2017_4,방배로18길,1674,777,897,229,287,387,255,206,310,123,116,185,122,95,136,106,171,202,133,111,174
2017_4,반포대로9길,1695,817,878,280,263,237,282,292,341,156,135,120,125,130,151,124,128,117,157,162,190
2017_4,바우뫼로39길,2798,1358,1440,382,425,585,416,399,591,202,211,295,198,183,269,180,214,290,218,216,322
2017_4,마방로2길,1487,742,745,233,205,335,260,198,256,115,106,172,142,97,110,118,99,163,118,101,146
2017_4,방배천로4안길,1158,544,614,176,205,220,175,169,213,97,87,94,94,73,99,79,118,126,81,96,114
2017_4,동산로19길,1984,1000,984,297,281,463,381,274,288,149,153,244,192,138,124,148,128,219,189,136,164
2017_4,동산로10길,3320,1646,1674,521,516,678,566,468,571,299,250,340,278,221,258,222,266,338,288,247,313
2017_4,동광로39길,1674,777,897,312,211,260,321,243,327,163,94,117,143,125,135,149,117,143,178,118,192
2017_4,동광로1길,3414,1610,1804,627,506,595,659,520,507,324,240,301,295,242,208,303,266,294,364,278,299
2017_4,동광로12길,1363,611,752,286,189,195,253,190,250,118,84,93,110,97,109,168,105,102,143,93,141
2017_4,논현로27길,1814,859,955,196,267,400,357,239,355,97,123,198,176,112,153,99,144,202,181,127,202
2017_4,논현로1길,3132,1522,1610,555,448,621,581,495,432,268,225,313,298,233,185,287,223,308,283,262,247
2017_4,남부순환로339길,1473,700,773,249,203,361,265,163,232,121,92,178,130,77,102,128,111,183,135,86,130
2017_4,남부순환로325길,2641,1286,1355,406,397,380,438,449,571,210,181,187,224,220,264,196,216,193,214,229,307
2017_4,남부순환로317길,1733,844,889,338,281,269,330,253,262,181,146,115,154,122,126,157,135,154,176,131,136
2017_4,고무래로8길,2017,954,1063,434,230,317,371,285,380,225,111,138,179,134,167,209,119,179,192,151,213
2017_4,강남대로8길,3589,1769,1820,481,596,835,568,530,579,257,277,415,292,253,275,224,319,420,276,277,304
2017_4,강남대로34길,2617,1246,1371,325,427,658,397,335,475,165,197,353,189,149,193,160,230,305,208,186,282
2017_4,강남대로23길,1184,567,617,146,190,263,180,160,245,82,85,124,88,71,117,64,105,139,92,89,128
2017_4,소담길,749,409,340,49,54,92,164,144,246,33,23,45,104,90,114,16,31,47,60,54,132
2017_4,원신길,1392,693,699,162,187,223,177,257,386,83,88,127,99,131,165,79,99,96,78,126,221
2017_4,양지길,1840,908,932,201,220,228,282,324,585,95,118,126,159,166,244,106,102,102,123,158,341
2017_4,양산길,1605,810,795,151,262,297,266,247,382,85,141,172,146,104,162,66,121,125,120,143,220
2017_4,호암로24길,2374,1483,891,94,717,594,393,238,338,49,416,407,296,161,154,45,301,187,97,77,184
2017_4,호암로20길,2863,1761,1102,166,789,670,486,329,423,91,466,456,360,189,199,75,323,214,126,140,224
2017_4,행운길,4902,2444,2458,364,1463,1291,583,465,736,192,681,700,328,207,336,172,782,591,255,258,400
2017_4,행운1길,3192,1620,1572,299,649,574,420,463,787,160,317,312,227,248,356,139,332,262,193,215,431
2017_4,청림3길,4351,2152,2199,558,581,633,635,709,1235,280,324,360,335,346,507,278,257,273,300,363,728
2017_4,청룡길,3445,1649,1796,229,1088,788,403,379,558,117,469,411,204,182,266,112,619,377,199,197,292
2017_4,청룡8길,1635,812,823,214,349,317,224,188,343,108,177,166,110,92,159,106,172,151,114,96,184
2017_4,중앙길,3089,1521,1568,354,657,532,456,386,704,181,319,294,241,197,289,173,338,238,215,189,415
2017_4,조원중앙로2길,4334,2224,2110,527,697,743,646,765,956,278,343,430,336,403,434,249,354,313,310,362,522
2017_4,조원로18길,1795,915,880,165,484,418,234,179,315,91,220,246,139,73,146,74,264,172,95,106,169
2017_4,조원로10길,1400,723,677,111,252,287,198,233,319,49,128,161,102,127,156,62,124,126,96,106,163
2017_4,장군봉2길,1741,858,883,162,383,384,201,214,397,87,179,207,115,94,176,75,204,177,86,120,221
2017_4,장군봉1길,918,449,469,114,125,152,113,145,269,67,60,77,66,71,108,47,65,75,47,74,161
2017_4,인헌길,3061,1483,1578,399,503,598,503,411,647,207,251,300,242,193,290,192,252,298,261,218,357
2017_4,은천로25길,1544,760,784,304,184,278,260,213,305,147,102,145,133,111,122,157,82,133,127,102,183
2017_4,양녕로6길,4690,2294,2396,444,1063,928,584,646,1025,225,486,492,313,321,457,219,577,436,271,325,568
2017_4,신원로3길,2760,1377,1383,216,570,513,359,417,685,100,263,301,216,202,295,116,307,212,143,215,390
2017_4,신사로20길,1851,944,907,161,450,397,271,225,347,85,232,213,138,117,159,76,218,184,133,108,188
2017_4,신림로65길,1845,870,975,82,719,513,191,157,183,38,297,276,98,76,85,44,422,237,93,81,98
2017_4,신림로64길,1608,848,760,62,581,456,182,143,184,31,251,270,112,93,91,31,330,186,70,50,93
2017_4,신림로48길,2518,1320,1198,232,592,532,338,374,450,124,307,322,192,171,204,108,285,210,146,203,246
2017_4,신림로38길,1982,1020,962,201,415,414,271,264,417,110,207,238,159,120,186,91,208,176,112,144,231
2017_4,신림로28길,3311,1883,1428,303,822,748,470,424,544,152,455,487,284,236,269,151,367,261,186,188,275
2017_4,신림로11길,4171,2454,1717,313,1161,928,628,494,647,158,671,615,429,292,289,155,490,313,199,202,358
2017_4,신림동길,3882,1974,1908,175,1349,1092,477,327,462,89,621,607,287,177,193,86,728,485,190,150,269
2017_4,승방길,3009,1431,1578,244,824,780,320,372,469,116,342,422,155,161,235,128,482,358,165,211,234
2017_4,서림7길,4025,2604,1421,250,1391,1021,525,341,497,142,886,741,393,205,237,108,505,280,132,136,260
2017_4,봉천로33길,3820,1906,1914,423,680,686,566,537,928,227,324,371,309,256,419,196,356,315,257,281,509
2017_4,봉천로13길,3736,1865,1871,526,626,620,545,544,875,294,325,328,276,249,393,232,301,292,269,295,482
2017_4,복은길,4305,2301,2004,442,1004,904,606,557,792,221,550,539,350,285,356,221,454,365,256,272,436
2017_4,법원단지길,1407,685,722,217,225,195,230,242,298,105,110,115,108,113,134,112,115,80,122,129,164
2017_4,법원단지9길,5447,2757,2690,839,885,729,895,952,1147,457,489,377,458,448,528,382,396,352,437,504,619
2017_4,미성5길,4132,2067,2065,612,669,622,633,728,868,310,357,334,308,357,401,302,312,288,325,371,467
2017_4,대학길,1716,1025,691,118,505,382,250,189,272,63,301,248,178,115,120,55,204,134,72,74,152
2017_4,대학14길,2871,1953,918,197,770,597,517,373,417,107,511,439,397,276,223,90,259,158,120,97,194
2017_4,당곡길,1863,919,944,211,354,337,290,264,407,98,177,177,141,133,193,113,177,160,149,131,214
2017_4,남현길,1971,934,1037,246,404,392,275,247,407,126,171,188,141,118,190,120,233,204,134,129,217
2017_4,남현3길,1567,709,858,109,369,418,189,192,290,48,156,195,95,86,129,61,213,223,94,106,161
2017_4,남현2길,2843,1377,1466,288,630,635,370,391,529,139,280,332,205,184,237,149,350,303,165,207,292
2017_4,남부순환로248길,1684,790,894,175,365,310,246,234,354,87,162,150,114,117,160,88,203,160,132,117,194
2017_4,남부순환로234길,1987,1030,957,185,497,433,272,215,385,93,271,238,143,104,181,92,226,195,129,111,204
2017_4,남부순환로172길,2500,1289,1211,278,531,444,384,372,491,147,293,251,189,177,232,131,238,193,195,195,259
2017_4,남부순환로161길,3941,1988,1953,491,778,644,650,661,717,262,368,385,306,341,326,229,410,259,344,320,391
2017_4,남부순환로151길,3389,1683,1706,386,720,667,508,492,616,203,347,360,254,224,295,183,373,307,254,268,321
2017_4,남부순환로142길,3251,1628,1623,383,600,649,472,516,631,186,294,363,249,261,275,197,306,286,223,255,356
2017_4,난향길,2699,1405,1294,316,359,290,456,445,833,162,197,161,252,247,386,154,162,129,204,198,447
2017_4,난우길,2495,1254,1241,398,362,350,433,410,542,199,197,187,209,206,256,199,165,163,224,204,286
2017_4,난곡로74길,1861,868,993,186,447,376,246,232,374,96,191,188,123,104,166,90,256,188,123,128,208
2017_4,난곡로34길,2659,1353,1306,360,433,397,422,488,559,193,220,215,228,237,260,167,213,182,194,251,299
2017_4,난곡로26길,3417,1753,1664,417,550,447,530,641,832,212,282,279,286,333,361,205,268,168,244,308,471
2017_4,난곡로24길,2509,1315,1194,326,319,327,403,425,709,175,183,192,221,216,328,151,136,135,182,209,381
2017_4,낙성대역길,5268,2685,2583,575,1484,1230,701,507,771,285,748,661,388,250,353,290,736,569,313,257,418
2017_4,국회단지길,5607,2786,2821,840,809,913,940,890,1215,423,418,492,503,404,546,417,391,421,437,486,669
2017_4,구암길,3115,1558,1557,478,361,340,549,523,864,251,189,172,294,270,382,227,172,168,255,253,482
2017_4,관천로22길,4303,2124,2179,426,984,1001,552,520,820,200,478,539,298,243,366,226,506,462,254,277,454
2017_4,관천로15길,4588,2331,2257,632,890,809,718,687,852,336,452,465,364,330,384,296,438,344,354,357,468
2017_4,관악로30길,1943,987,956,319,291,329,314,280,410,167,161,170,161,140,188,152,130,159,153,140,222
2017_4,관악로28길,1548,768,780,254,213,254,246,243,338,130,107,127,131,117,156,124,106,127,115,126,182
2017_4,관악로14길,1317,645,672,103,445,256,149,131,233,52,213,134,76,73,97,51,232,122,73,58,136
2017_4,관악로10길,4505,2266,2239,542,1234,868,618,504,739,281,597,501,328,241,318,261,637,367,290,263,421
2017_4,흑석로9길,1932,969,963,204,552,279,231,249,417,102,322,141,120,109,175,102,230,138,111,140,242
2017_4,흑석로13길,555,290,265,71,109,74,78,88,135,36,65,46,45,38,60,35,44,28,33,50,75
2017_4,장승배기로27길,2412,1241,1171,206,468,391,333,375,639,120,252,228,179,179,283,86,216,163,154,196,356
2017_4,장승배기로19길,2578,1333,1245,235,415,339,375,478,736,123,231,195,206,249,329,112,184,144,169,229,407
2017_4,장승배기로10길,386,204,182,40,61,55,62,72,96,20,35,32,30,39,48,20,26,23,32,33,48
2017_4,여의대방로46길,3269,1502,1767,822,507,402,727,446,365,353,215,189,340,247,158,469,292,213,387,199,207
2017_4,여의대방로24길,2830,1342,1488,441,471,553,461,384,520,232,191,264,225,192,238,209,280,289,236,192,282
2017_4,여의대방로22카길,2896,1443,1453,376,565,552,437,404,562,201,266,293,208,212,263,175,299,259,229,192,299
2017_4,여의대방로22나길,2578,1247,1331,410,372,416,452,384,544,212,185,198,224,191,237,198,187,218,228,193,307
2017_4,여의대방로22길,2289,1141,1148,291,427,453,353,330,435,167,200,240,186,155,193,124,227,213,167,175,242
2017_4,양녕로26길,1923,947,976,333,272,307,336,298,377,185,130,151,175,134,172,148,142,156,161,164,205
2017_4,신대방길,4027,1953,2074,496,581,619,677,665,989,265,283,328,322,327,428,231,298,291,355,338,561
2017_4,성대로29길,2263,1129,1134,314,346,376,386,360,481,175,193,191,192,184,194,139,153,185,194,176,287
2017_4,성대로1길,1007,511,496,97,200,196,131,175,208,51,108,100,71,86,95,46,92,96,60,89,113
2017_4,서달로8가길,695,332,363,65,120,89,94,126,201,25,62,44,52,66,83,40,58,45,42,60,118
2017_4,서달로15길,364,187,177,39,44,59,49,58,115,19,22,29,31,31,55,20,22,30,18,27,60
2017_4,서달로14길,382,181,201,45,66,44,51,64,112,17,34,19,31,33,47,28,32,25,20,31,65
2017_4,서달로10길,2866,1390,1476,306,469,426,438,481,746,150,252,217,226,238,307,156,217,209,212,243,439
2017_4,상도로62길,2845,1345,1500,397,793,538,392,285,440,184,370,268,200,128,195,213,423,270,192,157,245
2017_4,상도로61길,2245,1184,1061,256,645,401,291,257,395,145,384,221,140,115,179,111,261,180,151,142,216
2017_4,상도로47길,4087,2075,2012,542,1111,700,482,510,742,285,634,345,235,241,335,257,477,355,247,269,407
2017_4,상도로37길,1330,622,708,188,345,247,171,149,230,82,160,122,90,64,104,106,185,125,81,85,126
2017_4,상도로15길,3791,1844,1947,393,735,797,536,545,785,202,376,401,271,251,343,191,359,396,265,294,442
2017_4,사당로8길,2574,1234,1340,283,460,497,393,385,556,154,216,249,198,177,240,129,244,248,195,208,316
2017_4,사당로30길,1039,496,543,81,207,258,153,122,218,48,98,112,93,53,92,33,109,146,60,69,126
2017_4,사당로2차길,3370,1627,1743,530,517,624,553,465,681,280,234,302,282,216,313,250,283,322,271,249,368
2017_4,사당로29길,2621,1243,1378,284,458,501,362,446,570,138,218,239,178,221,249,146,240,262,184,225,321
2017_4,사당로26길,2870,1356,1514,285,602,631,337,401,614,153,260,317,165,177,284,132,342,314,172,224,330
2017_4,사당로23나길,1057,541,516,130,142,170,162,164,289,69,79,97,87,82,127,61,63,73,75,82,162
2017_4,사당로23길,1249,594,655,250,169,210,216,167,237,128,76,92,108,82,108,122,93,118,108,85,129
2017_4,사당로20길,2627,1244,1383,309,456,518,396,377,571,149,224,273,201,155,242,160,232,245,195,222,329
2017_4,사당로16길,3517,1704,1813,429,482,639,548,513,906,210,236,345,285,249,379,219,246,294,263,264,527
2017_4,사당로16가길,2126,1027,1099,269,396,385,321,286,469,137,191,185,172,138,204,132,205,200,149,148,265
2017_4,만양로8길,3709,1902,1807,570,710,629,533,492,775,310,404,357,266,227,338,260,306,272,267,265,437
2017_4,만양로14길,873,533,340,46,309,194,84,79,161,27,212,134,59,36,65,19,97,60,25,43,96
2017_4,등용로14길,2010,1006,1004,216,370,345,256,348,475,116,192,194,129,174,201,100,178,151,127,174,274
2017_4,동작대로7길,3286,1589,1697,240,774,720,385,465,702,139,349,349,212,216,324,101,425,371,173,249,378
2017_4,동작대로35길,2560,1299,1261,337,341,440,387,433,622,193,170,243,207,204,282,144,171,197,180,229,340
2017_4,동작대로33길,2623,1233,1390,252,418,468,387,396,702,138,207,232,184,161,311,114,211,236,203,235,391
2017_4,동작대로29길,853,420,433,104,142,135,107,125,240,53,79,66,52,59,111,51,63,69,55,66,129
2017_4,동작대로17길,2402,1114,1288,216,458,494,351,349,534,106,196,219,186,152,255,110,262,275,165,197,279
2017_4,대방동2길,3329,1515,1814,527,646,619,532,440,565,268,282,267,236,203,259,259,364,352,296,237,306
2017_4,대방동27길,4189,2069,2120,795,743,704,789,546,612,401,362,367,401,281,257,394,381,337,388,265,355
2017_4,노량진로6길,3319,1661,1658,363,579,433,495,645,804,184,289,244,266,314,364,179,290,189,229,331,440
2017_4,국사봉길,3922,1886,2036,528,638,808,557,527,864,266,296,425,286,231,382,262,342,383,271,296,482
2017_4,국사봉2길,1230,576,654,144,269,276,169,144,228,77,108,133,77,74,107,67,161,143,92,70,121
2017_4,국사봉1길,3307,1553,1754,361,585,600,496,494,771,181,255,315,249,226,327,180,330,285,247,268,444
2017_4,영신로9길,2734,1394,1340,264,389,514,371,494,702,132,207,267,204,250,334,132,182,247,167,244,368
2017_4,영등포로84길,2500,1281,1219,210,469,421,386,422,592,108,228,245,216,210,274,102,241,176,170,212,318
2017_4,영등포로80길,2211,1112,1099,219,355,381,332,381,543,116,168,217,179,197,235,103,187,164,153,184,308
2017_4,영등포로62길,1658,878,780,155,270,362,249,252,370,76,143,215,136,130,178,79,127,147,113,122,192
2017_4,영등포로35길,1186,683,503,99,233,226,162,194,272,55,121,133,98,129,147,44,112,93,64,65,125
2017_4,영등포로27길,1846,1037,809,177,277,380,279,298,435,96,142,228,177,177,217,81,135,152,102,121,218
2017_4,영등포로25길,1678,827,851,169,312,276,235,286,400,79,132,159,128,148,181,90,180,117,107,138,219
2017_4,여의대방로61길,2355,1192,1163,249,311,479,389,366,561,121,158,271,201,187,254,128,153,208,188,179,307
2017_4,여의대방로43나길,3533,1765,1768,454,502,540,568,630,839,249,246,293,295,306,376,205,256,247,273,324,463
2017_4,여의대방로39길,400,195,205,31,59,71,56,81,102,20,25,39,28,39,44,11,34,32,28,42,58
2017_4,여의대방로35길,1565,804,761,205,216,216,251,249,428,106,118,114,132,129,205,99,98,102,119,120,223
2017_4,양평로28길,3867,1973,1894,573,611,948,604,545,586,295,271,531,316,283,277,278,340,417,288,262,309
2017_4,양평로22라길,1568,781,787,200,262,482,265,162,197,112,103,264,136,83,83,88,159,218,129,79,114
2017_4,양평로19길,3326,1650,1676,592,502,631,548,463,590,307,242,312,286,226,277,285,260,319,262,237,313
2017_4,신길로60길,3082,1535,1547,330,380,433,492,537,910,172,180,229,250,286,418,158,200,204,242,251,492
2017_4,신길로42길,3059,1541,1518,368,465,409,469,560,788,191,228,234,251,287,350,177,237,175,218,273,438
2017_4,신길로42가길,4792,2367,2425,658,651,586,818,880,1199,347,330,319,409,439,523,311,321,267,409,441,676
2017_4,신길로39길,2078,1055,1023,257,264,236,361,398,562,133,146,132,179,207,258,124,118,104,182,191,304
2017_4,신길로17길,2430,1173,1257,258,365,310,370,467,660,134,192,166,169,227,285,124,173,144,201,240,375
2017_4,선유서로28길,1117,579,538,156,117,185,165,183,311,96,64,97,90,87,145,60,53,88,75,96,166
2017_4,선유서로25길,2929,1532,1397,371,423,602,491,399,643,201,219,326,283,205,298,170,204,276,208,194,345
2017_4,선유서로24길,1385,707,678,134,131,174,187,278,481,64,79,103,104,156,201,70,52,71,83,122,280
2017_4,선유로55길,2808,1432,1376,255,632,679,358,374,510,142,272,356,208,216,238,113,360,323,150,158,272
2017_4,디지털로74길,117,86,31,51,16,14,9,14,13,49,10,7,7,6,7,2,6,7,2,8,6
2017_4,디지털로57길,1580,769,811,161,161,195,272,309,482,88,80,92,143,164,202,73,81,103,129,145,280
2017_4,디지털로37길,1525,760,765,171,148,164,269,253,520,88,81,89,136,128,238,83,67,75,133,125,282
2017_4,도신로62길,1548,744,804,185,221,206,242,257,437,91,124,108,126,109,186,94,97,98,116,148,251
2017_4,도신로60길,761,385,376,92,84,91,119,142,233,45,47,48,62,70,113,47,37,43,57,72,120
2017_4,도신로29길,1711,869,842,242,248,245,307,292,377,136,133,121,154,147,178,106,115,124,153,145,199
2017_4,도신로15길,3703,1860,1843,384,651,785,538,592,753,207,309,403,290,302,349,177,342,382,248,290,404
2017_4,도림천로21길,2242,1111,1131,257,346,385,287,393,574,126,177,201,149,176,282,131,169,184,138,217,292
2017_4,도림로63길,1350,700,650,192,198,160,216,266,318,103,109,88,106,142,152,89,89,72,110,124,166
2017_4,도림로147길,384,199,185,23,54,55,40,60,152,12,28,25,28,33,73,11,26,30,12,27,79
2017_4,도림로112길,2288,1167,1121,270,285,293,401,409,630,132,149,165,216,212,293,138,136,128,185,197,337
2017_4,대림로8길,3110,1536,1574,356,452,418,498,522,864,189,219,225,249,261,393,167,233,193,249,261,471
2017_4,대림로7길,1097,523,574,122,135,148,150,216,326,57,57,89,62,111,147,65,78,59,88,105,179
2017_4,대림로44길,2420,1262,1158,383,356,310,429,466,476,207,199,163,216,247,230,176,157,147,213,219,246
2017_4,대림로34길,2892,1500,1392,419,413,355,474,554,677,220,222,204,250,282,322,199,191,151,224,272,355
2017_4,대림로31길,2496,1279,1217,276,321,364,450,481,604,147,162,204,229,251,286,129,159,160,221,230,318
2017_4,대림로29길,2034,1068,966,196,281,332,319,380,526,109,142,196,172,209,240,87,139,136,147,171,286
2017_4,대림로22길,4441,2257,2184,560,614,547,708,872,1140,295,317,297,368,443,537,265,297,250,340,429,603
2017_4,당산로46길,2070,1019,1051,162,471,434,264,296,443,78,219,234,130,152,206,84,252,200,134,144,237
2017_4,당산로38길,1618,783,835,143,490,431,197,152,205,70,207,248,97,68,93,73,283,183,100,84,112
2017_4,당산로37길,1368,636,732,158,174,248,198,205,385,71,81,115,104,110,155,87,93,133,94,95,230
2017_4,당산로31길,866,451,415,107,146,167,141,112,193,60,64,93,82,64,88,47,82,74,59,48,105
2017_4,국회대로56길,2430,1450,980,133,673,820,272,236,296,66,360,538,188,142,156,67,313,282,84,94,140
2017_4,경인로90길,163,122,41,4,13,14,18,36,78,1,8,11,15,29,58,3,5,3,3,7,20
2017_4,경인로80길,149,85,64,10,9,21,22,25,62,5,6,16,13,17,28,5,3,5,9,8,34
2017_4,경인로77길,282,167,115,9,40,50,33,55,95,4,25,30,23,38,47,5,15,20,10,17,48
2017_4,가마산로61길,2010,1033,977,253,297,229,337,401,493,135,165,126,172,220,215,118,132,103,165,181,278
2017_4,시흥대로94길,4024,2034,1990,516,622,615,634,794,843,273,312,348,301,393,407,243,310,267,333,401,436
2017_4,시흥대로84길,6166,3119,3047,843,928,885,964,1187,1359,455,481,471,477,591,644,388,447,414,487,596,715
2017_4,시흥대로68길,2619,1348,1271,350,347,371,398,497,656,199,174,207,215,238,315,151,173,164,183,259,341
2017_4,시흥대로63길,1620,799,821,191,215,304,261,268,381,89,107,161,131,129,182,102,108,143,130,139,199
2017_4,시흥대로62가길,3211,1589,1622,435,438,429,532,613,764,221,246,223,271,296,332,214,192,206,261,317,432
2017_4,시흥대로36길,1982,1019,963,315,266,292,334,330,445,160,140,162,178,171,208,155,126,130,156,159,237
2017_4,시흥대로22길,3575,1796,1779,537,491,537,508,611,891,273,258,284,272,296,413,264,233,253,236,315,478
2017_4,시흥대로153길,2003,1096,907,194,408,453,265,354,329,102,215,269,145,198,167,92,193,184,120,156,162
2017_4,시흥대로150길,4925,2508,2417,671,708,746,777,907,1116,334,374,402,410,458,530,337,334,344,367,449,586
2017_4,시흥대로141길,2299,1239,1060,203,440,409,344,440,463,93,203,237,213,250,243,110,237,172,131,190,220
2017_4,시흥대로138길,620,319,301,78,55,82,97,116,192,40,32,45,52,56,94,38,23,37,45,60,98
2017_4,시흥대로120길,3345,1678,1667,417,488,446,532,691,771,209,243,233,283,359,351,208,245,213,249,332,420
2017_4,벚꽃로56길,1124,580,544,102,135,171,181,226,309,49,74,100,99,122,136,53,61,71,82,104,173
2017_4,범안로17길,1594,848,746,201,280,347,274,221,271,96,144,204,153,121,130,105,136,143,121,100,141
2017_4,범안로11길,1271,712,559,96,349,429,167,104,126,41,161,273,112,62,63,55,188,156,55,42,63
2017_4,문성로5길,3156,1589,1567,356,486,465,504,606,739,171,249,270,257,297,345,185,237,195,247,309,394
2017_4,독산로85길,669,318,351,85,84,104,125,126,145,42,41,56,62,59,58,43,43,48,63,67,87
2017_4,독산로78다길,3461,1741,1720,491,485,461,545,686,793,232,256,256,266,367,364,259,229,205,279,319,429
2017_4,독산로70길,2698,1372,1326,288,338,323,497,599,653,137,175,176,250,329,305,151,163,147,247,270,348
2017_4,독산로64길,2491,1273,1218,343,359,312,428,516,533,181,191,175,216,270,240,162,168,137,212,246,293
2017_4,독산로50길,2412,1204,1208,357,354,347,352,467,535,190,180,176,173,219,266,167,174,171,179,248,269
2017_4,독산로40길,2588,1290,1298,385,338,370,418,480,597,195,181,197,208,231,278,190,157,173,210,249,319
2017_4,독산로108길,1985,1047,938,246,321,331,322,390,375,140,166,195,159,208,179,106,155,136,163,182,196
2017_4,남부순환로112길,2212,1292,920,127,545,497,316,383,344,58,265,321,217,232,199,69,280,176,99,151,145
2017_4,금하로24길,4425,2247,2178,606,589,518,720,853,1139,309,314,296,365,452,511,297,275,222,355,401,628
2017_4,금하로1길,2112,1087,1025,302,298,282,393,366,471,149,144,180,193,203,218,153,154,102,200,163,253
2017_4,금하로14길,1778,864,914,224,248,247,283,315,461,99,116,135,139,158,217,125,132,112,144,157,244
2017_4,가산로5길,3259,1867,1392,312,740,859,438,418,492,163,381,556,270,245,252,149,359,303,168,173,240
2017_4,가산로3길,980,600,380,57,252,316,156,105,94,25,140,214,113,59,49,32,112,102,43,46,45
2017_4,중앙로1길,1213,622,591,180,196,201,185,190,261,97,97,107,96,101,124,83,99,94,89,89,137
2017_4,중앙로15길,1581,788,793,243,220,226,231,277,384,120,122,121,123,127,175,123,98,105,108,150,209
2017_4,우마길,959,532,427,62,123,92,131,276,275,34,63,51,85,157,142,28,60,41,46,119,133
2017_4,오류로8길,2215,1129,1086,301,290,311,298,363,652,163,160,177,157,180,292,138,130,134,141,183,360
2017_4,신도림로13길,554,278,276,62,67,67,86,106,166,24,36,31,50,58,79,38,31,36,36,48,87
2017_4,새말로18길,2758,1354,1404,380,425,619,372,398,564,209,195,306,185,183,276,171,230,313,187,215,288
2017_4,부일로1길,1456,750,706,187,177,274,219,232,367,111,82,143,123,119,172,76,95,131,96,113,195
2017_4,부일로15길,1585,781,804,243,215,224,274,232,397,119,115,117,137,114,179,124,100,107,137,118,218
2017_4,부일로11길,2718,1394,1324,459,408,351,490,454,556,256,220,190,224,238,266,203,188,161,266,216,290
2017_4,디지털로32길,1525,803,722,55,482,530,219,129,110,29,200,301,134,82,57,26,282,229,85,47,53
2017_4,디지털로32가길,4546,2494,2052,177,1590,1713,496,240,330,99,734,1028,334,127,172,78,856,685,162,113,158
2017_4,디지털로27길,1367,722,645,169,119,197,228,240,414,84,68,109,131,136,194,85,51,88,97,104,220
2017_4,도림로6길,1589,804,785,192,210,223,237,316,411,92,110,126,135,170,171,100,100,97,102,146,240
2017_4,도림로12길,2350,1146,1204,327,290,351,387,402,593,166,155,177,194,196,258,161,135,174,193,206,335
2017_4,남부순환로97길,1296,608,688,201,143,234,176,173,369,91,66,115,83,69,184,110,77,119,93,104,185
2017_4,구로중앙로8길,3023,1483,1540,354,375,414,451,577,852,182,200,197,234,280,390,172,175,217,217,297,462
2017_4,구로중앙로7길,754,376,378,71,67,98,109,139,270,40,34,51,66,66,119,31,33,47,43,73,151
2017_4,구로중앙로42길,916,508,408,117,133,131,140,160,235,63,83,82,85,83,112,54,50,49,55,77,123
2017_4,구로중앙로34길,1216,610,606,136,176,146,201,246,311,67,102,80,95,124,142,69,74,66,106,122,169
2017_4,구로중앙로28길,3336,1647,1689,443,494,594,576,558,671,210,215,310,306,294,312,233,279,284,270,264,359
2017_4,구로중앙로19길,880,436,444,107,114,105,142,164,248,53,50,60,72,92,109,54,64,45,70,72,139
2017_4,구로동로8길,6422,3211,3211,797,849,840,992,1195,1749,423,494,433,512,566,783,374,355,407,480,629,966
2017_4,구로동로7길,2804,1500,1304,329,337,328,459,558,793,188,200,180,264,283,385,141,137,148,195,275,408
2017_4,구로동로42길,1973,970,1003,269,221,255,349,338,541,137,114,121,180,176,242,132,107,134,169,162,299
2017_4,구로동로41길,2571,1332,1239,323,340,321,434,508,645,167,177,174,243,270,301,156,163,147,191,238,344
2017_4,구로동로38길,2204,1085,1119,289,277,272,336,415,615,140,147,156,167,213,262,149,130,116,169,202,353
2017_4,구로동로28길,2149,1079,1070,256,247,252,398,385,611,137,122,142,194,212,272,119,125,110,204,173,339
2017_4,구로동로15길,1019,534,485,111,123,113,142,225,305,59,76,68,66,123,142,52,47,45,76,102,163
2017_4,공원로6가길,2024,912,1112,221,514,512,272,210,295,90,176,253,145,104,144,131,338,259,127,106,151
2017_4,고척로52길,3217,1579,1638,532,437,468,525,577,678,263,217,248,261,277,313,269,220,220,264,300,365
2017_4,고척로27다길,4443,2194,2249,666,673,544,758,829,973,326,352,283,367,422,444,340,321,261,391,407,529
2017_4,고척로27길,2604,1334,1270,368,359,354,429,457,637,198,194,197,213,242,290,170,165,157,216,215,347
2017_4,고척로21나길,2635,1366,1269,398,330,353,436,454,664,217,182,196,227,243,301,181,148,157,209,211,363
2017_4,경인로47길,2100,1050,1050,298,325,298,324,360,495,139,167,154,166,184,240,159,158,144,158,176,255
2017_4,경인로35길,3107,1588,1519,366,389,365,470,618,899,193,196,192,262,326,419,173,193,173,208,292,480
2017_4,경인로31길,2002,1048,954,216,238,244,345,412,547,105,128,142,198,227,248,111,110,102,147,185,299
2017_4,경인로15길,3649,1847,1802,495,475,588,583,604,904,251,248,307,323,301,417,244,227,281,260,303,487
2017_4,개봉로3길,3121,1527,1594,477,393,532,512,525,682,230,200,284,262,255,296,247,193,248,250,270,386
2017_4,개봉로2길,2383,1136,1247,417,290,417,390,357,512,203,150,209,190,157,227,214,140,208,200,200,285
2017_4,개봉로23가길,2276,1097,1179,310,237,405,336,348,640,137,124,201,180,163,292,173,113,204,156,185,348
2017_4,개봉로20길,3697,1784,1913,609,491,616,531,586,864,319,240,281,268,260,416,290,251,335,263,326,448
2017_4,개봉로1길,2232,1125,1107,346,293,367,376,347,503,173,152,212,182,174,232,173,141,155,194,173,271
2017_4,개봉로17다길,3524,1779,1745,510,488,611,518,577,820,263,262,317,258,284,395,247,226,294,260,293,425
2017_4,개봉로17길,5849,2877,2972,927,858,944,934,987,1199,476,435,488,478,463,537,451,423,456,456,524,662
2017_4,개봉로11길,5282,2613,2669,833,753,810,875,844,1167,449,382,420,430,391,541,384,371,390,445,453,626
2017_4,화곡로64길,3889,1881,2008,475,775,812,575,577,675,261,286,434,289,294,317,214,489,378,286,283,358
2017_4,화곡로59길,2333,1133,1200,378,371,380,353,444,407,194,193,175,161,220,190,184,178,205,192,224,217
2017_4,화곡로44나길,3186,1596,1590,451,481,685,533,467,569,244,218,384,286,206,258,207,263,301,247,261,311
2017_4,화곡로31길,4002,1934,2068,425,657,765,540,656,959,226,347,392,250,288,431,199,310,373,290,368,528
2017_4,화곡로20길,3416,1683,1733,533,462,641,516,532,732,276,233,332,253,251,338,257,229,309,263,281,394
2017_4,화곡로13길,3286,1595,1691,542,501,479,588,511,665,287,253,237,279,234,305,255,248,242,309,277,360
2017_4,초원로16길,3688,1883,1805,498,530,528,538,650,944,262,277,286,293,317,448,236,253,242,245,333,496
2017_4,초록마을로8길,4951,2451,2500,944,698,976,884,667,782,505,349,510,451,310,326,439,349,466,433,357,456
2017_4,초록마을로3길,2519,1287,1232,217,455,651,449,331,416,109,217,372,250,165,174,108,238,279,199,166,242
2017_4,월정로20길,2201,1184,1017,189,386,632,335,321,338,86,191,366,202,175,164,103,195,266,133,146,174
2017_4,우장산로6길,5841,2774,3067,1393,786,793,1219,864,786,653,363,374,586,427,371,740,423,419,633,437,415
2017_4,양천로73가길,2795,1440,1355,735,327,482,611,329,311,418,156,230,319,176,141,317,171,252,292,153,170
2017_4,양천로71길,7357,3599,3758,1889,897,1015,1595,1040,921,920,478,459,810,509,423,969,419,556,785,531,498
2017_4,양천로49길,1104,573,531,153,216,227,142,161,205,88,104,121,77,86,97,65,112,106,65,75,108
2017_4,양천로26길,2239,1080,1159,479,248,426,381,315,390,237,132,198,186,157,170,242,116,228,195,158,220
2017_4,양천로24길,3832,1947,1885,614,499,672,559,618,870,341,259,343,297,277,430,273,240,329,262,341,440
2017_4,양천로24가길,2889,1428,1461,500,362,459,519,444,605,254,186,246,253,216,273,246,176,213,266,228,332
2017_4,양천로14길,4408,2175,2233,792,577,664,699,733,943,400,289,351,364,338,433,392,288,313,335,395,510
2017_4,방화대로6라길,2440,1265,1175,352,314,447,472,368,487,188,152,241,259,194,231,164,162,206,213,174,256
2017_4,방화대로21길,2393,1213,1180,308,357,360,336,431,601,155,173,215,179,207,284,153,184,145,157,224,317
2017_4,등촌로5길,1534,717,817,204,241,296,195,248,350,98,113,156,96,107,147,106,128,140,99,141,203
2017_4,등촌로55길,2773,1343,1430,401,491,719,412,349,401,215,213,384,197,150,184,186,278,335,215,199,217
2017_4,등촌로51길,2154,1082,1072,364,346,340,309,367,428,185,198,172,150,170,207,179,148,168,159,197,221
2017_4,등촌로39길,3287,1690,1597,570,492,600,519,529,577,315,265,338,264,256,252,255,227,262,255,273,325
2017_4,등촌로13길,3962,1956,2006,567,565,783,636,629,782,298,303,409,306,296,344,269,262,374,330,333,438
2017_4,남부순환로11길,4017,2063,1954,624,539,792,707,616,739,330,261,431,382,326,333,294,278,361,325,290,406
2017_4,까치산로4길,4517,2179,2338,854,596,879,784,592,812,448,273,443,400,276,339,406,323,436,384,316,473
2017_4,국회대로7길,2356,1153,1203,277,347,434,346,384,568,125,177,249,173,175,254,152,170,185,173,209,314
2017_4,공항대로8길,3012,1530,1482,364,509,535,456,443,705,188,261,286,257,207,331,176,248,249,199,236,374
2017_4,공항대로61길,2036,1018,1018,384,265,408,383,286,310,206,133,205,194,144,136,178,132,203,189,142,174
2017_4,공항대로59다길,2839,1408,1431,541,379,437,450,475,557,293,193,202,225,232,263,248,186,235,225,243,294
2017_4,공항대로59길,2139,982,1157,203,440,568,326,281,321,97,168,282,159,136,140,106,272,286,167,145,181
2017_4,공항대로55길,1466,734,732,233,229,268,207,231,298,129,117,149,96,110,133,104,112,119,111,121,165
2017_4,공항대로42길,1114,538,576,238,139,173,230,164,170,108,70,87,112,79,82,130,69,86,118,85,88
2017_4,공항대로38길,444,216,228,82,70,98,70,65,59,42,42,48,34,29,21,40,28,50,36,36,38
2017_4,곰달래로60길,2063,1028,1035,202,325,441,289,330,476,112,169,228,144,154,221,90,156,213,145,176,255
2017_4,곰달래로53길,3764,1874,1890,668,495,626,689,557,729,355,255,331,333,282,318,313,240,295,356,275,411
2017_4,곰달래로47길,4238,2060,2178,762,561,775,793,611,736,364,277,406,387,289,337,398,284,369,406,322,399
2017_4,곰달래로31길,3447,1676,1771,716,414,694,636,429,558,373,199,344,308,195,257,343,215,350,328,234,301
2017_4,곰달래로25길,3027,1447,1580,433,372,545,509,498,670,212,183,272,275,218,287,221,189,273,234,280,383
2017_4,개화동로25길,2441,1235,1206,222,625,462,312,334,486,104,287,269,168,175,232,118,338,193,144,159,254
2017_4,개화동로23길,3953,1946,2007,485,524,544,589,753,1058,254,280,273,288,372,479,231,244,271,301,381,579
2017_4,강서로8길,3350,1655,1695,449,440,638,517,488,818,220,210,335,273,223,394,229,230,303,244,265,424
2017_4,강서로5라길,2909,1444,1465,438,373,603,449,459,587,235,182,324,233,202,268,203,191,279,216,257,319
2017_4,강서로5나길,2975,1470,1505,277,630,809,410,337,512,141,259,454,220,151,245,136,371,355,190,186,267
2017_4,강서로5가길,1832,935,897,181,307,410,283,250,401,96,134,218,162,126,199,85,173,192,121,124,202
2017_4,강서로47라길,3813,1802,2011,870,551,492,757,622,521,402,263,249,350,315,223,468,288,243,407,307,298
2017_4,강서로47길,4319,2071,2248,942,597,568,859,694,659,434,301,283,409,368,276,508,296,285,450,326,383
2017_4,강서로45다길,2783,1352,1431,450,390,520,450,410,563,226,192,281,224,179,250,224,198,239,226,231,313
2017_4,강서로45길,1009,494,515,197,135,159,184,143,191,88,62,79,98,64,103,109,73,80,86,79,88
2017_4,강서로35길,3847,1860,1987,478,586,698,565,687,833,244,272,367,266,336,375,234,314,331,299,351,458
2017_4,강서로29길,3275,1588,1687,474,551,804,449,461,536,241,258,424,219,203,243,233,293,380,230,258,293
2017_4,강서로18길,6906,3349,3557,1061,971,1365,1106,985,1418,543,463,706,549,465,623,518,508,659,557,520,795
2017_4,강서로17가길,3258,1639,1619,373,511,646,474,554,700,198,251,352,251,253,334,175,260,294,223,301,366
2017_4,강서로15길,5623,2803,2820,679,807,1111,838,970,1218,329,420,597,432,500,525,350,387,514,406,470,693
2017_4,가로공원로80길,3079,1545,1534,463,452,583,465,481,635,247,236,304,246,228,284,216,216,279,219,253,351
2017_4,가로공원로76가길,3223,1565,1658,464,465,628,506,502,658,235,226,326,255,222,301,229,239,302,251,280,357
2017_4,화곡로4길,1634,817,817,240,208,236,246,321,383,128,106,121,118,156,188,112,102,115,128,165,195
2017_4,화곡로3길,3523,1759,1764,729,531,547,582,530,604,381,273,271,293,263,278,348,258,276,289,267,326
2017_4,지양로7길,3552,1751,1801,512,439,513,529,614,945,255,229,292,283,270,422,257,210,221,246,344,523
2017_4,중앙로55길,4189,2106,2083,677,555,629,681,739,908,361,299,326,340,368,412,316,256,303,341,371,496
2017_4,중앙로51길,4554,2244,2310,831,595,732,726,692,978,401,310,372,359,342,460,430,285,360,367,350,518
2017_4,중앙로47길,2177,1137,1040,255,275,293,357,453,544,138,154,167,192,231,255,117,121,126,165,222,289
2017_4,중앙로45길,2098,1027,1071,315,288,309,355,369,462,161,145,164,176,166,215,154,143,145,179,203,247
2017_4,중앙로36길,922,453,469,171,106,103,187,136,219,97,48,53,90,70,95,74,58,50,97,66,124
2017_4,중앙로32길,1089,537,552,242,151,125,197,172,202,122,79,65,88,98,85,120,72,60,109,74,117
2017_4,중앙로25길,2678,1382,1296,330,313,346,465,508,716,181,162,188,254,262,335,149,151,158,211,246,381
2017_4,은행정로7길,3283,1615,1668,532,425,538,544,515,729,273,222,270,267,245,338,259,203,268,277,270,391
2017_4,은행정로5길,787,424,363,121,80,104,139,132,211,69,45,59,70,73,108,52,35,45,69,59,103
2017_4,오목로5길,4115,2022,2093,856,452,698,664,619,826,447,233,323,336,305,378,409,219,375,328,314,448
2017_4,오목로3길,3779,1870,1909,783,435,609,638,573,741,403,229,296,326,267,349,380,206,313,312,306,392
2017_4,오목로30길,3617,1788,1829,449,530,593,573,624,848,237,258,324,280,295,394,212,272,269,293,329,454
2017_4,오목로23길,4542,2279,2263,671,642,884,768,707,870,343,326,462,376,347,425,328,316,422,392,360,445
2017_4,신월로20길,2040,1039,1001,390,245,341,359,309,396,204,138,173,179,145,200,186,107,168,180,164,196
2017_4,신월로15길,5773,2848,2925,1026,770,809,933,1000,1235,546,397,406,455,489,555,480,373,403,478,511,680
2017_4,신목로6길,2439,1204,1235,466,332,314,450,414,463,257,172,153,206,216,200,209,160,161,244,198,263
2017_4,신목로5길,2207,1100,1107,548,310,224,478,379,268,279,171,104,211,208,127,269,139,120,267,171,141
2017_4,신목로2길,2114,1024,1090,379,350,204,387,440,354,198,181,98,175,217,155,181,169,106,212,223,199
2017_4,목동중앙서로8가길,1386,676,710,210,197,269,212,201,297,117,101,129,105,100,124,93,96,140,107,101,173
2017_4,목동중앙서로7길,3682,1829,1853,593,574,599,665,598,653,320,305,315,320,288,281,273,269,284,345,310,372
2017_4,목동중앙북로8길,2164,1009,1155,318,312,398,331,342,463,162,157,191,164,143,192,156,155,207,167,199,271
2017_4,목동중앙북로16길,3354,1651,1703,435,574,828,486,468,563,240,267,422,235,225,262,195,307,406,251,243,301
2017_4,목동중앙본로7길,2972,1487,1485,557,449,456,500,500,510,331,236,217,237,243,223,226,213,239,263,257,287
2017_4,목동중앙로3길,2454,1210,1244,581,342,289,484,405,353,293,187,138,221,218,153,288,155,151,263,187,200
2017_4,목동중앙로13나길,1098,575,523,173,169,247,174,147,188,105,73,138,88,81,90,68,96,109,86,66,98
2017_4,목동중앙남로3가길,2710,1371,1339,520,429,402,458,439,462,309,234,188,217,209,214,211,195,214,241,230,248
2017_4,목동로9길,3502,1671,1831,616,553,569,624,547,593,324,256,264,290,254,283,292,297,305,334,293,310
2017_4,목동로19길,2349,1094,1255,396,332,401,383,347,490,175,155,196,180,171,217,221,177,205,203,176,273
2017_4,목동동로8길,975,449,526,231,117,110,228,159,130,107,51,53,101,88,49,124,66,57,127,71,81
2017_4,목동동로12길,2306,1100,1206,523,325,261,458,361,378,250,159,125,208,184,174,273,166,136,250,177,204
2017_4,목동남로4길,1269,614,655,267,183,152,238,196,233,130,86,81,110,101,106,137,97,71,128,95,127
2017_4,남부순환로88길,1738,848,890,456,195,220,383,258,226,224,99,108,179,125,113,232,96,112,204,133,113
2017_4,남부순환로79길,792,417,375,96,88,111,114,182,201,47,53,69,59,92,97,49,35,42,55,90,104
2017_4,남부순환로70길,4861,2432,2429,651,691,612,745,932,1230,319,384,337,371,479,542,332,307,275,374,453,688
2017_4,남부순환로58길,2170,1092,1078,338,313,323,333,382,481,175,157,189,161,179,231,163,156,134,172,203,250
2017_4,남부순환로40길,2503,1350,1153,283,282,335,416,517,670,142,138,203,250,295,322,141,144,132,166,222,348
2017_4,남부순환로33길,3817,1890,1927,520,549,602,572,693,881,252,281,339,275,334,409,268,268,263,297,359,472
2017_4,곰달래로5길,3859,1974,1885,470,563,506,574,790,956,242,285,281,288,417,461,228,278,225,286,373,495
2017_4,곰달래로3길,3945,2055,1890,570,513,531,679,754,898,296,295,277,363,396,428,274,218,254,316,358,470
2017_4,곰달래로2길,3816,1949,1867,606,494,580,634,680,822,310,260,306,342,339,392,296,234,274,292,341,430
2017_4,곰달래로10길,3439,1747,1692,483,428,574,568,602,784,243,218,308,289,311,378,240,210,266,279,291,406
2017_4,가로공원로58길,2401,1286,1115,284,299,276,411,484,647,137,157,167,236,283,306,147,142,109,175,201,341
2017_4,효창원로93길,3499,1689,1810,432,586,471,612,623,775,213,272,268,293,301,342,219,314,203,319,322,433
2017_4,토정로37길,2809,1364,1445,656,307,452,617,372,405,321,143,211,320,181,188,335,164,241,297,191,217
2017_4,월드컵로8길,1636,728,908,172,289,383,277,202,313,87,125,172,123,87,134,85,164,211,154,115,179
2017_4,월드컵로7길,1888,858,1030,251,357,438,275,248,319,121,151,202,124,126,134,130,206,236,151,122,185
2017_4,월드컵로36길,3857,1737,2120,505,719,773,680,505,675,248,269,341,337,249,293,257,450,432,343,256,382
2017_4,월드컵로25길,3152,1522,1630,545,457,571,575,405,599,272,221,277,295,203,254,273,236,294,280,202,345
2017_4,월드컵로19길,1703,789,914,183,314,339,277,223,367,88,146,165,132,112,146,95,168,174,145,111,221
2017_4,월드컵로16길,2529,1176,1353,343,424,561,427,335,439,170,192,255,196,173,190,173,232,306,231,162,249
2017_4,월드컵로11길,2405,1115,1290,294,426,512,375,335,463,154,168,237,196,162,198,140,258,275,179,173,265
2017_4,월드컵로10길,4164,1919,2245,550,643,740,702,691,838,269,272,321,327,343,387,281,371,419,375,348,451
2017_4,와우산로3길,1803,857,946,156,372,444,264,238,329,71,182,233,124,112,135,85,190,211,140,126,194
2017_4,와우산로29길,818,394,424,90,150,172,153,98,155,47,71,82,76,47,71,43,79,90,77,51,84
2017_4,와우산로29가길,511,239,272,39,192,113,56,42,69,17,90,58,20,22,32,22,102,55,36,20,37
2017_4,양화진길,1340,640,700,130,224,305,200,200,281,74,101,168,104,82,111,56,123,137,96,118,170
2017_4,양화로1길,2733,1260,1473,383,489,573,461,323,504,183,211,265,229,153,219,200,278,308,232,170,285
2017_4,양화로11길,732,316,416,72,139,172,119,82,148,34,51,83,50,40,58,38,88,89,69,42,90
2017_4,신촌로30길,605,296,309,60,83,67,79,117,199,29,40,37,48,59,83,31,43,30,31,58,116
2017_4,신촌로28가길,389,211,178,31,41,56,54,81,126,15,20,36,29,50,61,16,21,20,25,31,65
2017_4,신촌로12길,1921,924,997,145,541,410,246,215,364,77,251,207,125,112,152,68,290,203,121,103,212
2017_4,숭문길,2806,1381,1425,352,400,331,438,488,797,178,221,174,220,249,339,174,179,157,218,239,458
2017_4,숭문8길,591,289,302,103,70,129,98,71,120,46,37,70,58,30,48,57,33,59,40,41,72
2017_4,성지3길,1043,477,566,109,209,236,139,131,219,56,86,120,68,59,88,53,123,116,71,72,131
2017_4,성산로4길,3363,1644,1719,450,535,574,543,532,729,230,254,297,282,254,327,220,281,277,261,278,402
2017_4,성미산로32길,1206,554,652,115,252,308,158,166,207,61,100,143,89,77,84,54,152,165,69,89,123
2017_4,성미산로1길,3203,1502,1701,528,481,584,613,420,577,287,223,262,282,193,255,241,258,322,331,227,322
2017_4,성미산로11길,3755,1799,1956,551,559,725,683,526,711,298,261,346,336,253,305,253,298,379,347,273,406
2017_4,백범로16길,1710,825,885,242,250,314,293,243,368,122,120,142,155,122,164,120,130,172,138,121,204
2017_4,방울내로9안길,5569,2714,2855,981,731,1028,1006,759,1064,478,374,483,522,385,472,503,357,545,484,374,592
2017_4,모래내로7길,1963,972,991,289,317,306,356,283,412,153,153,165,186,134,181,136,164,141,170,149,231
2017_4,매봉산로2길,2934,1459,1475,384,556,565,452,388,589,202,251,301,242,210,253,182,305,264,210,178,336
2017_4,망원로2길,4632,2210,2422,677,689,916,760,700,890,347,336,435,380,326,386,330,353,481,380,374,504
2017_4,망원로11길,2336,1100,1236,367,350,361,425,323,510,178,154,190,211,156,211,189,196,171,214,167,299
2017_4,만리재옛길,2663,1296,1367,342,365,495,472,378,611,174,161,257,245,192,267,168,204,238,227,186,344
2017_4,마포대로4길,869,399,470,120,157,173,124,127,168,63,65,90,56,58,67,57,92,83,68,69,101
2017_4,마포대로20길,2116,1040,1076,276,335,437,379,311,378,144,148,216,197,162,173,132,187,221,182,149,205
2017_4,마포대로12길,455,215,240,74,50,82,74,63,112,35,21,43,36,35,45,39,29,39,38,28,67
2017_4,동교로38길,1362,639,723,109,295,332,191,158,277,56,130,155,104,80,114,53,165,177,87,78,163
2017_4,동교로27길,2549,1166,1383,289,532,609,394,255,470,147,227,281,176,117,218,142,305,328,218,138,252
2017_4,동교로25길,1329,598,731,133,308,313,184,169,222,63,128,138,90,80,99,70,180,175,94,89,123
2017_4,동교로19길,1867,871,996,233,290,406,386,244,308,106,145,191,185,122,122,127,145,215,201,122,186
2017_4,동교로17길,1854,866,988,236,317,431,332,234,304,133,135,189,172,108,129,103,182,242,160,126,175
2017_4,독막로8길,1379,632,747,162,264,337,202,185,229,82,115,153,100,86,96,80,149,184,102,99,133
2017_4,독막로32길,2847,1384,1463,407,404,476,452,435,673,205,202,251,222,214,290,202,202,225,230,221,383
2017_4,독막로22길,1051,502,549,175,158,198,208,126,186,93,68,97,101,59,84,82,90,101,107,67,102
2017_4,도화길,1035,466,569,142,200,227,166,122,178,71,74,103,78,68,72,71,126,124,88,54,106
2017_4,도화4길,3907,1858,2049,648,450,625,664,623,897,324,226,302,331,301,374,324,224,323,333,322,523
2017_4,대흥로28길,1536,736,800,106,399,224,209,236,362,42,173,112,105,132,172,64,226,112,104,104,190
2017_4,대흥로21길,3624,1829,1795,337,786,575,499,548,879,185,405,299,270,302,368,152,381,276,229,246,511
2017_4,광성로6길,2054,1078,976,264,482,307,326,291,384,145,286,165,168,152,162,119,196,142,158,139,222
2017_4,홍제내길,3363,1567,1796,518,428,515,561,484,857,252,215,260,275,222,343,266,213,255,286,262,514
2017_4,홍연길,1133,590,543,151,144,152,180,188,318,89,74,81,101,106,139,62,70,71,79,82,179
2017_4,통일로39길,1627,820,807,199,237,200,264,286,441,109,130,109,129,136,207,90,107,91,135,150,234
2017_4,통일로37길,1577,719,858,154,194,176,256,307,490,68,91,93,124,138,205,86,103,83,132,169,285
2017_4,통일로11길,299,162,137,28,43,41,39,43,105,16,22,21,23,29,51,12,21,20,16,14,54
2017_4,충정로6길,695,387,308,44,117,136,96,126,176,23,62,77,64,78,83,21,55,59,32,48,93
2017_4,충정로4길,720,351,369,89,107,136,117,102,169,42,56,60,63,49,81,47,51,76,54,53,88
2017_4,증가로6길,3186,1571,1615,452,469,499,492,504,770,233,240,268,254,239,337,219,229,231,238,265,433
2017_4,증가로23나길,5247,2523,2724,767,754,797,813,885,1231,388,378,399,400,426,532,379,376,398,413,459,699
2017_4,증가로20가길,3545,1762,1783,615,615,460,634,563,658,323,308,243,322,265,301,292,307,217,312,298,357
2017_4,증가로10길,3833,1883,1950,432,674,531,607,623,966,213,318,296,301,326,429,219,356,235,306,297,537
2017_4,응암로1길,3833,1848,1985,521,459,661,625,606,961,257,223,331,325,268,444,264,236,330,300,338,517
2017_4,연희로10길,3231,1730,1501,296,1230,621,359,265,460,156,724,344,176,126,204,140,506,277,183,139,256
2017_4,신촌로37길,762,408,354,56,129,117,117,148,195,25,72,65,63,86,97,31,57,52,54,62,98
2017_4,수색로8길,3779,1825,1954,572,461,637,566,574,969,272,238,316,295,271,433,300,223,321,271,303,536
2017_4,세무서길,2814,1339,1475,343,409,337,416,456,853,173,203,180,209,220,354,170,206,157,207,236,499
2017_4,세무서2길,1521,749,772,176,204,194,262,229,456,92,112,98,140,115,192,84,92,96,122,114,264
2017_4,세검정로1길,1165,556,609,175,132,134,192,188,344,85,57,63,101,107,143,90,75,71,91,81,201
2017_4,북아현로4길,3582,1724,1858,362,535,472,596,624,993,187,268,269,289,313,398,175,267,203,307,311,595
2017_4,모래내로15길,11074,5349,5725,2553,1318,1823,2045,1481,1854,1261,657,867,1038,712,814,1292,661,956,1007,769,1040
2017_4,명지대길,2376,1150,1226,312,524,335,339,357,509,164,250,172,160,171,233,148,274,163,179,186,276
2017_4,독립문로8길,4159,1957,2202,620,574,655,713,585,1012,289,287,340,364,264,413,331,287,315,349,321,599
2017_4,가재울로6길,2787,1358,1429,395,369,395,480,409,739,196,177,196,262,212,315,199,192,199,218,197,424
2017_4,통일로92길,5780,2911,2869,738,931,935,843,1048,1285,392,481,527,438,474,599,346,450,408,405,574,686
2017_4,통일로87길,1852,882,970,235,290,315,316,266,430,119,131,163,160,121,188,116,159,152,156,145,242
2017_4,통일로78길,4520,2169,2351,607,661,748,691,764,1049,302,335,386,332,341,473,305,326,362,359,423,576
2017_4,통일로69길,1844,873,971,262,252,272,295,303,460,130,118,145,146,136,198,132,134,127,149,167,262
2017_4,진흥로1길,4307,2080,2227,710,591,711,743,652,900,364,290,332,377,312,405,346,301,379,366,340,495
2017_4,진흥로12길,5845,2850,2995,781,754,945,951,944,1470,404,382,507,493,445,619,377,372,438,458,499,851
2017_4,증산서길,1035,555,480,164,139,153,153,167,259,94,81,84,94,85,117,70,58,69,59,82,142
2017_4,증산로9길,2851,1385,1466,438,384,427,468,453,681,207,191,221,232,210,324,231,193,206,236,243,357
2017_4,증산로5길,2838,1355,1483,384,355,355,466,478,800,183,177,170,237,229,359,201,178,185,229,249,441
2017_4,증산로21길,5290,2572,2718,791,752,895,861,799,1192,412,382,465,419,367,527,379,370,430,442,432,665
2017_4,증산로17길,2096,1012,1084,298,288,318,333,322,537,144,143,164,160,160,241,154,145,154,173,162,296
2017_4,증산로15길,2597,1293,1304,366,314,363,435,426,693,182,164,193,235,208,311,184,150,170,200,218,382
2017_4,증산로13길,2018,1037,981,235,264,252,308,418,541,118,144,135,159,219,262,117,120,117,149,199,279
2017_4,응암로34길,2806,1349,1457,493,348,459,501,397,608,263,166,227,248,185,260,230,182,232,253,212,348
2017_4,응암로22길,1795,886,909,221,222,216,277,314,545,119,126,114,150,145,232,102,96,102,127,169,313
2017_4,응암로14길,1951,968,983,241,251,257,317,352,533,123,133,132,171,185,224,118,118,125,146,167,309
2017_4,응암로13길,1672,823,849,177,223,317,275,256,424,99,100,170,135,131,188,78,123,147,140,125,236
2017_4,응암로12길,1528,761,767,184,191,173,229,280,471,100,103,92,120,134,212,84,88,81,109,146,259
2017_4,은평로8길,3496,1680,1816,625,473,681,642,429,646,325,228,331,330,198,268,300,245,350,312,231,378
2017_4,은평로3길,2418,1094,1324,397,318,401,428,349,525,198,140,186,205,147,218,199,178,215,223,202,307
2017_4,은평로20길,435,213,222,37,64,50,78,88,118,21,35,24,42,42,49,16,29,26,36,46,69
2017_4,은평로13길,3253,1538,1715,497,388,513,579,519,757,248,177,256,277,243,337,249,211,257,302,276,420
2017_4,은평로10길,3037,1490,1547,475,389,434,549,477,713,259,196,229,272,223,311,216,193,205,277,254,402
2017_4,연서로5길,2753,1306,1447,483,383,452,461,441,533,244,170,228,229,204,231,239,213,224,232,237,302
2017_4,연서로41길,4012,1952,2060,545,500,537,693,722,1015,263,269,272,359,330,459,282,231,265,334,392,556
2017_4,연서로3길,3694,1762,1932,660,521,670,605,535,703,335,260,321,298,242,306,325,261,349,307,293,397
2017_4,연서로34길,2911,1377,1534,398,395,423,453,482,760,196,204,217,230,215,315,202,191,206,223,267,445
2017_4,연서로33길,2091,1049,1042,223,293,295,297,366,617,118,159,164,152,184,272,105,134,131,145,182,345
2017_4,연서로29길,1049,503,546,124,170,212,149,162,232,61,82,109,71,75,105,63,88,103,78,87,127
2017_4,연서로28길,3676,1751,1925,445,628,629,572,565,837,209,298,320,277,269,378,236,330,309,295,296,459
2017_4,연서로27길,3012,1417,1595,387,447,471,500,499,708,200,207,240,243,230,297,187,240,231,257,269,411
2017_4,연서로21길,4420,2104,2316,760,596,713,807,653,891,381,290,380,371,294,388,379,306,333,436,359,503
2017_4,연서로17길,2344,1135,1209,337,340,348,398,416,505,160,168,183,197,196,231,177,172,165,201,220,274
2017_4,연서로16길,4676,2228,2448,739,590,697,786,800,1064,376,283,340,389,370,470,363,307,357,397,430,594
2017_4,연서로13길,3898,1844,2054,636,553,582,699,611,817,312,240,299,332,304,357,324,313,283,367,307,460
2017_4,연서로11길,3875,1850,2025,726,509,650,665,587,738,356,248,329,317,269,331,370,261,321,348,318,407
2017_4,역말로9길,5759,2769,2990,849,755,927,977,912,1339,412,363,480,498,437,579,437,392,447,479,475,760
2017_4,수색로18길,2246,1144,1102,265,296,252,361,423,649,148,162,143,198,227,266,117,134,109,163,196,383
2017_4,서오릉로8길,2743,1312,1431,341,374,417,447,451,713,164,185,211,236,217,299,177,189,206,211,234,414
2017_4,서오릉로21길,3885,1880,2005,628,536,580,619,634,888,313,288,291,295,292,401,315,248,289,324,342,487
2017_4,불광천길,5189,2538,2651,675,695,790,876,856,1297,341,350,429,456,423,539,334,345,361,420,433,758
2017_4,갈현로7길,2691,1308,1383,445,351,382,482,440,591,246,176,182,241,195,268,199,175,200,241,245,323
2017_4,갈현로41길,3186,1565,1621,421,437,387,511,572,858,237,235,205,251,270,367,184,202,182,260,302,491
2017_4,갈현로33길,3676,1805,1871,652,566,516,607,610,725,339,293,273,277,288,335,313,273,243,330,322,390
2017_4,갈현로1길,2446,1182,1264,421,317,393,436,393,486,208,150,212,216,199,197,213,167,181,220,194,289
2017_4,가좌로7길,3666,1813,1853,522,512,466,589,641,936,279,263,250,292,309,420,243,249,216,297,332,516
2017_4,한글비석로44길,4061,2001,2060,548,544,481,682,680,1126,268,286,272,343,337,495,280,258,209,339,343,631
2017_4,한글비석로24길,2412,1232,1180,291,340,297,336,439,709,156,185,176,163,223,329,135,155,121,173,216,380
2017_4,한글비석로22길,1773,899,874,316,260,197,304,309,387,165,129,102,150,157,196,151,131,95,154,152,191
2017_4,석계로1길,2595,1317,1278,336,357,332,395,429,746,182,190,171,205,223,346,154,167,161,190,206,400
2017_4,상계로9가길,2575,1331,1244,341,349,341,386,441,717,188,195,187,205,227,329,153,154,154,181,214,388
2017_4,상계로1길,1230,615,615,223,185,193,223,195,211,115,98,96,106,91,109,108,87,97,117,104,102
2017_4,상계로12길,3530,1745,1785,458,609,447,564,605,847,235,309,255,277,293,376,223,300,192,287,312,471
2017_4,동일로242길,2021,993,1028,297,310,264,273,376,501,150,162,134,134,184,229,147,148,130,139,192,272
2017_4,동일로192길,2750,1421,1329,305,772,401,309,416,547,151,409,218,167,212,264,154,363,183,142,204,283
2017_4,동일로173가길,3728,1873,1855,587,542,641,551,589,818,297,275,335,310,271,385,290,267,306,241,318,433
2017_4,공릉로58길,1506,748,758,288,304,152,229,263,270,155,159,78,100,126,130,133,145,74,129,137,140
2017_4,해등로16길,2229,1079,1150,318,365,302,346,439,459,166,180,149,155,211,218,152,185,153,191,228,241
2017_4,우이천로4다길,2364,1196,1168,361,336,277,381,423,586,192,185,147,180,225,267,169,151,130,201,198,319
2017_4,우이천로32길,3112,1497,1615,532,413,438,557,495,677,255,210,223,266,247,296,277,203,215,291,248,381
2017_4,시루봉로23길,3577,1850,1727,420,492,418,571,690,986,230,261,229,305,353,472,190,231,189,266,337,514
2017_4,삼양로144길,967,456,511,148,142,130,158,137,252,95,45,65,71,69,111,53,97,65,87,68,141
2017_4,방학로6가길,2209,1094,1115,274,322,282,353,443,535,127,173,157,180,221,236,147,149,125,173,222,299
2017_4,방학로5길,3893,1958,1935,561,526,568,568,657,1013,300,278,311,299,316,454,261,248,257,269,341,559
2017_4,방학로15길,3905,1936,1969,832,526,452,728,679,688,420,287,227,328,336,338,412,239,225,400,343,350
2017_4,방학로10길,1934,967,967,281,283,245,331,354,440,142,164,135,159,173,194,139,119,110,172,181,246
2017_4,도봉산길,1789,905,884,200,225,234,269,331,530,97,118,126,151,166,247,103,107,108,118,165,283
2017_4,도봉산4길,374,191,183,24,54,51,46,81,118,13,29,30,29,41,49,11,25,21,17,40,69
2017_4,도봉로181길,2042,1022,1020,278,240,272,301,344,607,143,126,159,154,164,276,135,114,113,147,180,331
2017_4,도봉로169나길,3066,1552,1514,337,336,436,444,556,957,174,176,233,234,280,455,163,160,203,210,276,502
2017_4,도봉로156길,1413,760,653,153,175,180,216,274,415,71,98,102,128,155,206,82,77,78,88,119,209
2017_4,도봉로152가길,706,364,342,68,89,94,75,158,222,33,52,53,41,87,98,35,37,41,34,71,124
2017_4,도봉로147길,3584,1751,1833,458,493,444,556,679,954,233,232,231,298,339,418,225,261,213,258,340,536
2017_4,도봉로143길,1799,886,913,229,263,232,260,339,476,118,130,121,123,165,229,111,133,111,137,174,247
2017_4,도봉로114길,5036,2433,2603,525,774,751,843,902,1241,252,389,400,430,428,534,273,385,351,413,474,707
2017_4,도봉로109길,2699,1313,1386,391,357,451,419,396,685,198,176,230,216,194,299,193,181,221,203,202,386
2017_4,도당로29길,2856,1420,1436,327,384,333,492,487,833,165,188,176,247,253,391,162,196,157,245,234,442
2017_4,도당로19길,3942,2041,1901,543,515,460,695,672,1057,276,277,243,371,375,499,267,238,217,324,297,558
2017_4,도당로13바길,3551,1832,1719,554,490,484,575,635,813,299,279,275,287,322,370,255,211,209,288,313,443
2017_4,도당로13가길,1737,899,838,188,246,226,261,359,457,110,130,127,143,179,210,78,116,99,118,180,247
2017_4,덕릉로60길,2707,1339,1368,408,397,368,421,457,656,213,205,198,207,219,297,195,192,170,214,238,359
2017_4,노해로63다길,1920,934,986,284,262,274,304,357,439,156,124,135,143,165,211,128,138,139,161,192,228
2017_4,노해로60길,1812,890,922,184,319,326,262,315,406,99,139,174,145,143,190,85,180,152,117,172,216
2017_4,한천로140길,1689,822,867,163,294,298,252,295,387,88,138,160,131,136,169,75,156,138,121,159,218
2017_4,한천로139가길,1518,702,816,123,273,249,215,239,419,54,126,129,108,104,181,69,147,120,107,135,238
2017_4,한천로132길,1727,868,859,194,270,308,294,272,389,106,131,167,144,130,190,88,139,141,150,142,199
2017_4,한천로130길,3125,1554,1571,428,451,433,527,545,741,237,238,214,269,275,321,191,213,219,258,270,420
2017_4,한천로124나길,2121,1045,1076,248,287,317,348,342,579,130,133,169,190,182,241,118,154,148,158,160,338
2017_4,한천로109길,3053,1483,1570,557,422,412,502,511,649,299,208,191,252,238,295,258,214,221,250,273,354
2017_4,인수봉로79길,2760,1409,1351,382,341,350,444,502,741,195,182,191,228,258,355,187,159,159,216,244,386
2017_4,인수봉로72길,4216,2015,2201,608,605,565,602,734,1102,292,312,299,283,337,492,316,293,266,319,397,610
2017_4,인수봉로56길,1915,909,1006,282,277,236,324,320,476,136,139,122,166,134,212,146,138,114,158,186,264
2017_4,오패산로67길,2065,1014,1051,191,349,392,366,326,441,99,161,200,189,160,205,92,188,192,177,166,236
2017_4,오패산로52길,3006,1480,1526,381,420,393,475,492,845,210,219,213,247,218,373,171,201,180,228,274,472
2017_4,오패산로30길,1369,678,691,203,162,196,225,205,378,113,82,101,115,99,168,90,80,95,110,106,210
2017_4,수유로12길,3395,1663,1732,394,591,576,497,524,813,211,276,315,256,243,362,183,315,261,241,281,451
2017_4,솔샘로65길,2908,1420,1488,376,418,433,450,534,697,192,199,235,219,249,326,184,219,198,231,285,371
2017_4,솔매로50길,2125,1030,1095,298,315,301,363,335,513,156,146,162,178,158,230,142,169,139,185,177,283
2017_4,솔매로45길,2080,1009,1071,237,326,298,315,372,532,130,145,150,153,190,241,107,181,148,162,182,291
2017_4,솔매로41길,3348,1620,1728,393,502,454,516,630,853,199,249,256,259,287,370,194,253,198,257,343,483
2017_4,삼양로93길,3150,1560,1590,482,436,396,507,532,797,258,217,222,249,253,361,224,219,174,258,279,436
2017_4,삼양로77길,3254,1640,1614,467,430,447,494,559,857,245,245,233,262,267,388,222,185,214,232,292,469
2017_4,삼양로54길,3785,1845,1940,482,534,565,580,670,954,249,256,295,297,340,408,233,278,270,283,330,546
2017_4,삼양로41길,4380,2205,2175,519,579,521,676,823,1262,275,296,290,361,433,550,244,283,231,315,390,712
2017_4,삼양로27길,1347,654,693,305,141,215,300,187,199,150,76,106,152,92,78,155,65,109,148,95,121
2017_4,삼양로24길,3424,1705,1719,355,397,426,517,637,1092,178,213,230,268,318,498,177,184,196,249,319,594
2017_4,삼양로20길,2194,1105,1089,257,342,228,337,428,602,132,196,130,174,210,263,125,146,98,163,218,339
2017_4,삼각산로28길,3829,1869,1960,449,616,672,552,664,876,238,317,359,256,310,389,211,299,313,296,354,487
2017_4,도봉로99길,2252,1105,1147,244,381,372,342,392,521,129,208,197,166,185,220,115,173,175,176,207,301
2017_4,도봉로8길,247,123,124,19,25,41,58,41,63,10,12,23,35,22,21,9,13,18,23,19,42
2017_4,도봉로76길,3460,1585,1875,350,676,578,487,548,821,144,254,293,257,267,370,206,422,285,230,281,451
2017_4,도봉로67길,1633,787,846,199,205,250,216,289,474,102,94,129,110,135,217,97,111,121,106,154,257
2017_4,도봉로45길,3368,1620,1748,438,469,537,564,546,814,223,202,286,293,236,380,215,267,251,271,310,434
2017_4,도봉로18길,3115,1562,1553,367,398,443,493,569,845,197,198,258,250,279,380,170,200,185,243,290,465
2017_4,도봉로13길,1776,898,878,207,242,242,255,346,484,108,133,137,130,174,216,99,109,105,125,172,268
2017_4,덕릉로41길,2309,1123,1186,220,457,391,339,348,554,106,213,217,168,167,252,114,244,174,171,181,302
2017_4,덕릉로40길,2056,1042,1014,309,275,308,338,355,471,167,123,150,197,181,224,142,152,158,141,174,247
2017_4,노해로33길,2520,1206,1314,312,355,359,366,443,685,165,191,192,167,206,285,147,164,167,199,237,400
2017_4,노해로23길,1357,640,717,208,180,207,238,223,301,93,87,109,118,96,137,115,93,98,120,127,164
2017_4,노해로17길,2665,1321,1344,340,401,390,446,452,636,172,205,212,232,218,282,168,196,178,214,234,354
2017_4,화랑로40길,2109,1083,1026,268,282,321,371,386,481,151,145,164,191,202,230,117,137,157,180,184,251
2017_4,화랑로32길,3426,1697,1729,430,537,436,561,561,901,233,269,220,301,274,400,197,268,216,260,287,501
2017_4,화랑로1길,2736,1375,1361,379,314,388,463,446,746,197,159,201,259,231,328,182,155,187,204,215,418
2017_4,화랑로19길,2405,1215,1190,322,315,299,380,444,645,164,176,155,198,226,296,158,139,144,182,218,349
2017_4,화랑로14길,1398,706,692,182,275,191,211,237,302,94,142,105,121,118,126,88,133,86,90,119,176
2017_4,화랑로13길,1202,535,667,137,307,180,156,170,252,63,103,95,78,86,110,74,204,85,78,84,142
2017_4,한천로76길,1859,932,927,227,299,285,282,329,437,112,152,146,152,160,210,115,147,139,130,169,227
2017_4,한천로101가길,1444,727,717,318,155,183,303,211,274,144,85,92,154,117,135,174,70,91,149,94,139
2017_4,창경궁로43길,1270,558,712,142,305,232,183,177,231,69,139,95,83,86,86,73,166,137,100,91,145
2017_4,지봉로20길,2675,1349,1326,325,478,428,425,422,597,169,244,238,220,203,275,156,234,190,205,219,322
2017_4,종암로5길,2476,1339,1137,281,698,422,293,274,508,136,431,249,149,139,235,145,267,173,144,135,273
2017_4,종암로24가길,2215,1107,1108,389,275,384,371,318,478,203,147,200,187,158,212,186,128,184,184,160,266
2017_4,종암로21길,1714,834,880,319,248,259,306,253,329,159,124,123,160,123,145,160,124,136,146,130,184
2017_4,종암로19길,1767,864,903,258,276,254,293,272,414,129,149,132,142,129,183,129,127,122,151,143,231
2017_4,종암로16길,3394,1637,1757,401,460,403,492,578,1060,238,235,205,226,296,437,163,225,198,266,282,623
2017_4,정릉로8길,1781,894,887,214,331,281,218,286,451,105,179,155,120,147,188,109,152,126,98,139,263
2017_4,정릉로27길,3624,1791,1833,583,477,500,587,552,925,316,257,271,276,271,400,267,220,229,311,281,525
2017_4,정릉로26길,1969,965,1004,314,207,271,352,318,507,169,109,125,183,157,222,145,98,146,169,161,285
2017_4,장위로50길,1686,885,801,163,242,201,245,330,505,81,124,109,138,179,254,82,118,92,107,151,251
2017_4,장월로1길,2069,957,1112,238,433,277,289,314,518,110,154,150,161,157,225,128,279,127,128,157,293
2017_4,인촌로6길,1008,495,513,159,142,182,171,141,213,79,77,84,85,72,98,80,65,98,86,69,115
2017_4,인촌로5길,1461,644,817,140,440,245,192,180,264,71,157,113,94,89,120,69,283,132,98,91,144
2017_4,인촌로24길,675,387,288,55,247,115,62,78,118,28,133,78,38,46,64,27,114,37,24,32,54
2017_4,개운사길,1081,549,532,99,537,138,83,76,148,48,279,81,44,36,61,51,258,57,39,40,87
2017_4,인촌로1길,1107,543,564,100,236,185,165,164,257,49,100,100,95,87,112,51,136,85,70,77,145
2017_4,인촌로17가길,1613,797,816,167,500,243,236,177,290,90,268,113,111,90,125,77,232,130,125,87,165
2017_4,오패산로4길,2995,1442,1553,368,567,419,448,469,724,168,235,224,244,240,331,200,332,195,204,229,393
2017_4,오패산로3길,3447,1704,1743,472,443,460,489,583,1000,229,239,250,261,272,453,243,204,210,228,311,547
2017_4,오패산로19길,1724,864,860,182,218,218,260,338,508,97,121,111,142,168,225,85,97,107,118,170,283
2017_4,안암로5길,2214,1102,1112,268,425,384,366,327,444,140,220,205,188,163,186,128,205,179,178,164,258
2017_4,아리랑로4길,2954,1319,1635,304,777,558,385,343,587,151,312,264,180,162,250,153,465,294,205,181,337
2017_4,솔샘로6길,1879,920,959,265,280,265,269,309,491,131,142,142,137,164,204,134,138,123,132,145,287
2017_4,성북로8길,1624,808,816,278,249,214,304,260,319,148,140,94,147,132,147,130,109,120,157,128,172
2017_4,삼양로8길,1095,537,558,115,144,129,160,195,352,52,82,73,83,102,145,63,62,56,77,93,207
2017_4,삼선교로16가길,1956,988,968,283,299,272,316,319,467,147,162,150,167,159,203,136,137,122,149,160,264
2017_4,삼선교로10다길,2256,1128,1128,254,398,336,346,368,554,133,217,176,180,179,243,121,181,160,166,189,311
2017_4,삼선교로10길,2301,1081,1220,293,438,389,330,333,518,151,213,191,160,139,227,142,225,198,170,194,291
2017_4,보문로32길,1265,457,808,100,445,292,135,111,182,42,105,124,60,48,78,58,340,168,75,63,104
2017_4,보문로31길,2911,1339,1572,371,623,491,445,387,594,192,272,226,226,180,243,179,351,265,219,207,351
2017_4,보문로26길,1276,611,665,129,329,217,177,168,256,68,155,118,83,87,100,61,174,99,94,81,156
2017_4,보문로13길,2537,1232,1305,283,399,398,444,415,598,151,189,211,212,197,272,132,210,187,232,218,326
2017_4,보국문로16길,3011,1472,1539,470,413,450,502,471,705,239,215,226,265,217,310,231,198,224,237,254,395
2017_4,동소문로6길,296,138,158,31,43,37,39,53,93,15,23,15,21,27,37,16,20,22,18,26,56
2017_4,동소문로2길,403,208,195,37,61,51,65,68,121,21,27,34,34,36,56,16,34,17,31,32,65
2017_4,동소문로26가길,2238,902,1336,180,624,371,309,244,510,76,196,154,161,101,214,104,428,217,148,143,296
2017_4,동소문로15길,1149,499,650,149,269,207,175,136,213,79,94,98,84,61,83,70,175,109,91,75,130
2017_4,동소문로13길,2799,1294,1505,459,501,400,443,429,567,241,221,188,196,204,244,218,280,212,247,225,323
2017_4,돌곶이로8길,1358,690,668,166,184,164,182,268,394,86,95,91,103,140,175,80,89,73,79,128,219
2017_4,돌곶이로41길,1987,1015,972,311,255,281,320,342,478,174,131,153,159,175,223,137,124,128,161,167,255
2017_4,돌곶이로28길,1660,895,765,187,225,239,277,300,432,103,117,129,171,163,212,84,108,110,106,137,220
2017_4,돌곶이로27길,3203,1627,1576,408,420,393,525,590,867,219,221,220,264,313,390,189,199,173,261,277,477
2017_4,돌곶이로22길,1150,583,567,159,170,175,158,214,274,80,87,100,79,105,132,79,83,75,79,109,142
2017_4,돌곶이로14길,1410,701,709,209,182,170,234,256,359,111,82,92,126,129,161,98,100,78,108,127,198
2017_4,길음로7길,301,150,151,17,23,35,42,51,133,7,12,18,23,29,61,10,11,17,19,22,72
2017_4,중랑천로10길,2779,1405,1374,352,388,433,482,493,631,189,184,244,253,257,278,163,204,189,229,236,353
2017_4,용마산로94길,3357,1749,1608,453,471,453,533,663,784,231,257,250,294,336,381,222,214,203,239,327,403
2017_4,용마산로118길,2032,1076,956,186,251,256,313,450,576,101,131,153,172,244,275,85,120,103,141,206,301
2017_4,용마산로112길,2717,1362,1355,374,370,364,400,528,681,183,189,188,197,274,331,191,181,176,203,254,350
2017_4,용마산로100길,3222,1651,1571,529,451,444,529,581,688,273,236,241,258,319,324,256,215,203,271,262,364
2017_4,신내로7가길,2615,1279,1336,578,319,414,477,389,438,296,162,206,228,195,192,282,157,208,249,194,246
2017_4,사가정로54길,3176,1575,1601,358,494,557,503,520,744,199,241,297,271,232,335,159,253,260,232,288,409
2017_4,사가정로42길,3288,1623,1665,499,465,490,500,595,739,259,231,244,251,289,349,240,234,246,249,306,390
2017_4,봉화산로56길,5388,2656,2732,954,752,820,883,898,1081,486,394,434,448,417,477,468,358,386,435,481,604
2017_4,봉화산로4길,4594,2425,2169,475,601,695,727,924,1172,255,312,389,397,506,566,220,289,306,330,418,606
2017_4,봉화산로30길,3152,1596,1556,448,455,548,457,548,696,227,234,300,229,287,319,221,221,248,228,261,377
2017_4,봉우재로33길,1958,970,988,191,323,374,280,340,450,91,154,199,149,163,214,100,169,175,131,177,236
2017_4,면목로78길,5499,2753,2746,701,809,876,860,988,1265,367,414,487,447,472,566,334,395,389,413,516,699
2017_4,면목로56길,2893,1476,1417,350,479,388,474,576,626,189,263,210,253,274,287,161,216,178,221,302,339
2017_4,면목로55길,2019,1015,1004,308,274,312,371,364,390,150,140,163,184,190,188,158,134,149,187,174,202
2017_4,면목로49길,2939,1467,1472,309,363,523,514,504,726,175,159,280,287,246,320,134,204,243,227,258,406
2017_4,면목로48길,3586,1722,1864,450,608,618,564,609,737,225,279,318,290,293,317,225,329,300,274,316,420
2017_4,면목로45길,1504,769,735,161,228,263,245,246,361,78,118,144,138,130,161,83,110,119,107,116,200
2017_4,면목로33길,2756,1376,1380,454,373,381,483,450,615,231,184,198,248,235,280,223,189,183,235,215,335
2017_4,면목로21길,1892,954,938,257,276,296,308,346,409,139,142,149,172,171,181,118,134,147,136,175,228
2017_4,망우로73길,1527,793,734,215,217,179,244,269,403,107,119,104,129,136,198,108,98,75,115,133,205
2017_4,망우로68길,2448,1277,1171,327,360,332,386,496,547,169,209,176,202,247,274,158,151,156,184,249,273
2017_4,동일로163길,3829,1943,1886,498,578,693,590,684,786,265,284,392,285,353,364,233,294,301,305,331,422
2017_4,동일로157길,2558,1267,1291,274,409,454,398,426,597,135,191,252,227,200,262,139,218,202,171,226,335
2017_4,동일로149길,2930,1478,1452,457,402,496,460,498,617,257,188,273,240,251,269,200,214,223,220,247,348
2017_4,동일로140길,2450,1272,1178,331,361,417,342,460,539,182,200,227,188,229,246,149,161,190,154,231,293
2017_4,동일로139길,2949,1496,1453,272,394,392,470,637,784,136,177,217,250,343,373,136,217,175,220,294,411
2017_4,동일로139가길,1898,978,920,262,283,280,286,374,413,148,151,144,161,188,186,114,132,136,125,186,227
2017_4,동일로130길,3511,1683,1828,493,537,603,491,635,752,230,275,302,251,291,334,263,262,301,240,344,418
2017_4,동일로123길,2629,1338,1291,293,361,329,405,571,670,165,187,164,209,298,315,128,174,165,196,273,355
2017_4,동일로112길,4468,2186,2282,445,803,884,646,749,941,240,377,456,340,350,423,205,426,428,306,399,518
2017_4,동일로101길,3156,1570,1586,511,417,418,561,571,678,231,211,227,295,299,307,280,206,191,266,272,371
2017_4,동일로100길,5488,2791,2697,722,836,900,802,1022,1206,385,421,508,401,510,566,337,415,392,401,512,640
2017_4,답십리로75길,2245,1119,1126,334,341,337,367,432,434,180,158,187,180,214,200,154,183,150,187,218,234
2017_4,공릉로2길,5204,2520,2684,693,799,930,796,783,1203,341,411,446,405,353,564,352,388,484,391,430,639
2017_4,공릉로12가길,1269,634,635,246,171,186,219,206,241,132,93,92,108,101,108,114,78,94,111,105,133
2017_4,겸재로54길,5222,2618,2604,693,826,871,864,960,1008,361,427,461,431,475,463,332,399,410,433,485,545
2017_4,겸재로36길,4533,2253,2280,564,616,713,799,788,1053,293,296,369,396,398,501,271,320,344,403,390,552
2017_4,겸재로29길,2354,1195,1159,257,369,391,372,445,520,136,178,198,202,242,239,121,191,193,170,203,281
2017_4,휘경로3길,3583,1786,1797,356,686,558,552,595,836,177,353,308,293,297,358,179,333,250,259,298,478
2017_4,휘경로2길,1260,623,637,127,326,198,173,163,273,58,149,122,92,82,120,69,177,76,81,81,153
2017_4,휘경로23길,2614,1305,1309,253,327,362,452,448,772,120,180,210,246,229,320,133,147,152,206,219,452
2017_4,휘경로14길,2080,1076,1004,189,311,289,343,396,552,94,173,152,203,207,247,95,138,137,140,189,305
2017_4,한천로46길,2436,1205,1231,454,292,314,458,378,540,235,142,174,220,191,243,219,150,140,238,187,297
2017_4,한천로40길,1827,917,910,210,238,216,298,359,506,99,127,113,156,194,228,111,111,103,142,165,278
2017_4,한천로33길,794,392,402,122,119,106,138,149,160,59,56,57,69,71,80,63,63,49,69,78,80
2017_4,한천로14길,3309,1714,1595,367,435,444,552,659,852,183,228,240,305,358,400,184,207,204,247,301,452
2017_4,천호대로97길,2837,1428,1409,460,442,529,457,411,538,239,227,256,236,198,272,221,215,273,221,213,266
2017_4,천호대로77길,2370,1237,1133,319,370,393,348,432,508,178,197,211,188,211,252,141,173,182,160,221,256
2017_4,천호대로45길,2466,1280,1186,230,366,312,326,448,784,119,204,176,189,232,360,111,162,136,137,216,424
2017_4,천호대로17길,2848,1431,1417,274,576,582,433,427,556,131,258,334,237,224,247,143,318,248,196,203,309
2017_4,천호대로12길,310,170,140,36,36,26,47,64,101,17,14,9,34,45,51,19,22,17,13,19,50
2017_4,천장산로7길,1346,696,650,116,673,176,108,97,176,57,368,88,57,46,80,59,305,88,51,51,96
2017_4,제기로5길,1017,548,469,75,172,176,153,149,292,39,94,107,94,84,130,36,78,69,59,65,162
2017_4,제기로21길,3219,1622,1597,310,344,363,442,558,1202,145,192,217,236,289,543,165,152,146,206,269,659
2017_4,전농로4길,1550,814,736,130,192,168,271,308,481,77,105,93,152,168,219,53,87,75,119,140,262
2017_4,전농로3길,1913,956,957,270,273,244,310,332,484,138,134,130,155,183,216,132,139,114,155,149,268
2017_4,전농로29길,2213,1109,1104,299,327,256,349,399,583,142,192,142,178,205,250,157,135,114,171,194,333
2017_4,장한로8길,2299,1148,1151,329,345,424,343,390,468,176,170,212,180,181,229,153,175,212,163,209,239
2017_4,장한로5길,2144,1079,1065,323,309,375,321,353,463,167,164,197,166,173,212,156,145,178,155,180,251
2017_4,장한로27길,1054,559,495,127,139,167,177,201,243,73,70,100,96,99,121,54,69,67,81,102,122
2017_4,장한로27가길,1089,552,537,152,145,146,167,186,293,75,75,76,86,101,139,77,70,70,81,85,154
2017_4,장한로26길,2692,1345,1347,508,298,429,489,383,585,272,159,210,246,185,273,236,139,219,243,198,312
2017_4,장한로26가길,1217,610,607,162,189,242,182,179,263,81,89,123,101,82,134,81,100,119,81,97,129
2017_4,장한로25길,700,357,343,94,102,123,118,127,136,57,55,64,54,63,64,37,47,59,64,64,72
2017_4,장한로14길,1446,726,720,247,179,225,245,205,345,127,98,111,130,105,155,120,81,114,115,100,190
2017_4,이문로42길,3552,1811,1741,421,578,501,532,601,919,210,298,297,276,317,413,211,280,204,256,284,506
2017_4,왕산로43길,3523,1798,1725,386,403,517,525,649,1043,187,230,280,303,345,453,199,173,237,222,304,590
2017_4,왕산로33길,537,269,268,42,62,61,60,90,222,17,33,31,36,47,105,25,29,30,24,43,117
2017_4,왕산로32길,1078,557,521,96,168,139,154,197,324,47,83,68,97,106,156,49,85,71,57,91,168
2017_4,약령시로17길,1576,811,765,137,198,214,194,285,548,82,100,117,115,153,244,55,98,97,79,132,304
2017_4,서울시립대로4길,2245,1140,1105,372,302,370,395,312,494,195,152,184,211,167,231,177,150,186,184,145,263
2017_4,서울시립대로29길,4422,2240,2182,523,1129,690,499,581,1000,263,612,394,264,274,433,260,517,296,235,307,567
2017_4,서울시립대로16길,3413,1694,1719,456,525,383,545,672,832,235,263,237,268,329,362,221,262,146,277,343,470
2017_4,사가정로2길,1899,958,941,280,255,297,333,304,430,138,136,149,176,168,191,142,119,148,157,136,239
2017_4,사가정로23가길,1735,870,865,249,274,265,237,349,361,131,131,156,114,173,165,118,143,109,123,176,196
2017_4,사가정로13길,1996,994,1002,220,248,266,290,399,573,118,135,148,148,191,254,102,113,118,142,208,319
2017_4,무학로45길,2075,1138,937,228,447,318,278,332,472,117,271,203,154,175,218,111,176,115,124,157,254
2017_4,무학로16길,1236,636,600,169,167,168,179,232,321,92,92,91,96,117,148,77,75,77,83,115,173
2017_4,망우로21길,569,303,266,75,72,80,74,97,171,45,41,43,39,51,84,30,31,37,35,46,87
2017_4,망우로18길,1477,717,760,190,434,232,187,155,279,86,220,122,97,75,117,104,214,110,90,80,162
2017_4,망우로18가길,2585,1335,1250,271,771,345,311,341,546,143,426,194,159,159,254,128,345,151,152,182,292
2017_4,답십리로72길,1248,621,627,183,198,226,205,204,232,95,99,107,108,96,116,88,99,119,97,108,116
2017_4,답십리로69길,1910,1001,909,334,232,307,318,302,417,173,140,158,173,153,204,161,92,149,145,149,213
2017_4,답십리로68길,3319,1689,1630,420,503,720,546,571,559,229,261,380,274,274,271,191,242,340,272,297,288
2017_4,답십리로64길,2909,1441,1468,402,389,445,485,540,648,196,198,247,254,254,292,206,191,198,231,286,356
2017_4,답십리로63길,1438,729,709,186,210,192,225,261,364,88,116,111,117,131,166,98,94,81,108,130,198
2017_4,답십리로60길,2043,1037,1006,257,316,254,300,383,533,130,166,135,158,202,246,127,150,119,142,181,287
2017_4,답십리로56길,3879,1912,1967,490,511,506,623,698,1051,239,284,257,325,343,464,251,227,249,298,355,587
2017_4,답십리로23길,2164,1072,1092,298,338,310,332,376,510,170,174,153,157,188,230,128,164,157,175,188,280
2017_4,난계로30길,247,149,98,37,32,35,41,38,64,23,15,23,26,22,40,14,17,12,15,16,24
2017_4,경희대로4길,1272,638,634,142,386,182,169,149,244,65,197,102,87,74,113,77,189,80,82,75,131
2017_4,경희대로3길,602,295,307,54,228,102,53,59,106,28,106,52,27,32,50,26,122,50,26,27,56
2017_4,천호대로129길,3432,1647,1785,523,536,576,550,557,690,270,265,284,258,258,312,253,271,292,292,299,378
2017_4,천호대로123길,3090,1512,1578,464,499,532,474,557,564,245,260,257,226,271,253,219,239,275,248,286,311
2017_4,천호대로109길,3601,1731,1870,445,623,769,543,562,659,230,290,372,262,262,315,215,333,397,281,300,344
2017_4,자양번영로3길,4202,2127,2075,673,674,615,695,732,813,344,361,318,357,366,381,329,313,297,338,366,432
2017_4,자양로53길,2789,1352,1437,419,407,453,400,505,605,211,196,223,192,245,285,208,211,230,208,260,320
2017_4,자양로50길,4697,2294,2403,696,659,773,738,787,1044,370,344,408,353,354,465,326,315,365,385,433,579
2017_4,자양로45길,2701,1293,1408,353,432,478,426,455,557,191,199,227,216,206,254,162,233,251,210,249,303
2017_4,자양로26길,3146,1488,1658,424,604,591,550,489,488,222,267,285,264,232,218,202,337,306,286,257,270
2017_4,자양로15길,1923,906,1017,244,354,317,293,293,422,122,169,134,157,142,182,122,185,183,136,151,240
2017_4,자양로11길,3960,1920,2040,440,635,745,623,697,820,215,308,398,304,329,366,225,327,347,319,368,454
2017_4,용마산로3길,3907,1909,1998,670,603,781,603,599,651,342,316,376,287,287,301,328,287,405,316,312,350
2017_4,용마산로21길,5387,2693,2694,756,877,959,840,966,989,388,447,512,407,475,464,368,430,447,433,491,525
2017_4,아차산로78길,1758,834,924,285,271,312,284,281,325,150,126,148,127,133,150,135,145,164,157,148,175
2017_4,아차산로65길,2961,1432,1529,552,441,473,541,435,519,279,225,227,263,204,234,273,216,246,278,231,285
2017_4,아차산로55길,2940,1391,1549,293,608,654,417,401,567,156,282,337,208,167,241,137,326,317,209,234,326
2017_4,아차산로51길,1709,809,900,207,373,390,230,249,260,107,172,175,113,121,121,100,201,215,117,128,139
2017_4,아차산로40길,3173,1583,1590,422,601,559,510,477,604,226,293,294,263,239,268,196,308,265,247,238,336
2017_4,면목로17길,4168,2097,2071,467,611,744,625,794,927,221,319,408,318,397,434,246,292,336,307,397,493
2017_4,뚝섬로64길,2984,1495,1489,439,483,499,444,513,606,239,229,272,219,246,290,200,254,227,225,267,316
2017_4,뚝섬로58길,3578,1715,1863,645,527,633,627,528,618,325,260,310,296,241,283,320,267,323,331,287,335
2017_4,뚝섬로54길,3643,1786,1857,655,540,673,634,573,568,335,275,334,304,274,264,320,265,339,330,299,304
2017_4,뚝섬로48길,3497,1705,1792,507,536,644,587,554,669,244,272,312,306,266,305,263,264,332,281,288,364
2017_4,뚝섬로24길,2974,1514,1460,348,426,495,488,552,665,171,226,280,253,280,304,177,200,215,235,272,361
2017_4,뚝섬로23길,2126,1023,1103,233,301,367,321,372,532,107,160,179,172,172,233,126,141,188,149,200,299
2017_4,동일로24길,3076,1473,1603,310,842,621,441,366,496,159,361,321,225,179,228,151,481,300,216,187,268
2017_4,동일로18길,1971,1009,962,200,346,362,284,366,413,98,179,189,161,195,187,102,167,173,123,171,226
2017_4,능동로4길,3137,1528,1609,682,455,530,570,497,403,332,230,240,279,248,199,350,225,290,291,249,204
2017_4,능동로3길,3757,1877,1880,410,442,550,564,766,1025,198,230,275,309,390,475,212,212,275,255,376,550
2017_4,능동로34길,5162,2392,2770,666,931,1242,772,612,939,360,377,562,385,290,418,306,554,680,387,322,521
2017_4,능동로19길,2065,999,1066,138,682,377,247,241,380,63,293,195,143,139,166,75,389,182,104,102,214
2017_4,능동로13길,3674,1750,1924,274,1217,809,403,406,565,151,514,420,200,208,257,123,703,389,203,198,308
2017_4,긴고랑로9길,2138,1068,1070,283,334,351,342,380,448,153,169,180,168,190,208,130,165,171,174,190,240
2017_4,긴고랑로8길,4078,2065,2013,434,664,800,623,710,847,244,324,426,331,349,391,190,340,374,292,361,456
2017_4,긴고랑로7길,4939,2419,2520,731,698,792,886,867,965,381,332,407,448,423,428,350,366,385,438,444,537
2017_4,긴고랑로20길,4237,2022,2215,596,668,761,663,719,830,304,318,373,314,336,377,292,350,388,349,383,453
2017_4,광나루로52길,4365,2062,2303,635,701,817,715,672,825,284,351,402,349,322,354,351,350,415,366,350,471
2017_4,광나루로40길,3765,1874,1891,479,631,723,624,536,772,240,319,372,309,287,347,239,312,351,315,249,425
2017_4,광나루로37길,679,323,356,109,98,97,106,121,148,48,48,53,54,58,62,61,50,44,52,63,86
2017_4,광나루로36길,2616,1269,1347,359,394,460,446,410,547,184,196,214,237,208,230,175,198,246,209,202,317
2017_4,광나루로24길,1259,682,577,102,378,201,168,162,248,53,226,117,99,78,109,49,152,84,69,84,139
2017_4,광나루로12길,1696,821,875,131,777,360,151,133,144,60,344,206,74,70,67,71,433,154,77,63,77
2017_4,한림말길,2218,1030,1188,228,301,359,336,410,584,98,141,174,171,209,237,130,160,185,165,201,347
2017_4,한림말3길,939,443,496,133,133,182,150,111,230,69,55,88,80,48,103,64,78,94,70,63,127
2017_4,청계천로10나길,2782,1419,1363,371,446,380,451,474,660,190,251,207,225,256,290,181,195,173,226,218,370
2017_4,장터길,1964,968,996,210,258,311,341,312,532,116,129,164,182,152,225,94,129,147,159,160,307
2017_4,용답중앙길,2860,1478,1382,359,446,402,479,505,669,189,231,222,244,274,318,170,215,180,235,231,351
2017_4,용답29길,3238,1634,1604,389,496,518,513,589,733,189,238,270,286,318,333,200,258,248,227,271,400
2017_4,왕십리로6길,2088,1088,1000,290,349,352,358,329,410,153,186,187,192,175,195,137,163,165,166,154,215
2017_4,왕십리로31길,3290,1580,1710,404,553,532,543,514,744,196,247,275,279,250,333,208,306,257,264,264,411
2017_4,왕십리로26길,2886,1457,1429,402,521,434,473,471,585,212,272,214,234,258,267,190,249,220,239,213,318
2017_4,왕십리로21길,2403,1159,1244,319,417,374,388,406,499,152,203,196,192,201,215,167,214,178,196,205,284
2017_4,왕십리로14길,1918,1004,914,256,316,332,309,322,383,155,152,161,156,172,208,101,164,171,153,150,175
2017_4,아차산로5길,2178,1120,1058,297,383,400,327,381,390,169,180,220,170,202,179,128,203,180,157,179,211
2017_4,아차산로15길,406,244,162,12,115,151,66,30,32,5,53,100,47,20,19,7,62,51,19,10,13
2017_4,아차산로11길,407,237,170,50,54,68,78,84,73,27,30,32,51,55,42,23,24,36,27,29,31
2017_4,송정4가길,2790,1493,1297,350,456,400,422,562,600,180,242,223,237,313,298,170,214,177,185,249,302
2017_4,송정12라길,1248,676,572,145,198,187,196,238,284,85,109,99,121,125,137,60,89,88,75,113,147
2017_4,성수일로6길,387,223,164,49,55,53,81,78,71,22,26,28,52,59,36,27,29,25,29,19,35
2017_4,성수이로7길,1323,715,608,120,280,247,188,236,252,64,126,141,108,141,135,56,154,106,80,95,117
2017_4,성수이로18길,271,144,127,41,36,23,50,64,57,20,19,15,28,39,23,21,17,8,22,25,34
2017_4,성덕정길,3343,1724,1619,462,546,446,546,700,643,235,300,250,266,390,283,227,246,196,280,310,360
2017_4,성덕정17길,3689,1945,1744,458,532,523,595,722,859,229,292,278,331,424,391,229,240,245,264,298,468
2017_4,서울숲2길,2228,1120,1108,280,346,399,390,364,449,143,178,200,205,189,205,137,168,199,185,175,244
2017_4,상원길,1272,634,638,166,227,248,222,191,218,90,106,122,114,97,105,76,121,126,108,94,113
2017_4,상원12길,2447,1228,1219,359,395,455,389,412,437,188,185,250,206,205,194,171,210,205,183,207,243
2017_4,사근동길,2223,1228,995,198,841,279,219,243,443,97,533,166,117,119,196,101,308,113,102,124,247
2017_4,무학봉길,2350,1167,1183,379,381,343,373,357,517,202,197,175,185,175,233,177,184,168,188,182,284
2017_4,무학봉28길,1045,496,549,110,211,149,162,172,241,53,108,70,89,86,90,57,103,79,73,86,151
2017_4,무학로6길,1806,891,915,202,302,299,287,308,408,111,142,140,161,153,184,91,160,159,126,155,224
2017_4,무수막길,2307,1104,1203,280,283,345,414,395,590,134,124,192,208,197,249,146,159,153,206,198,341
2017_4,매봉길,5968,2862,3106,961,803,1550,946,867,841,491,401,710,470,405,385,470,402,840,476,462,456
2017_4,마조로1길,1197,579,618,100,504,205,106,110,172,53,226,113,47,54,86,47,278,92,59,56,86
2017_4,마조로16길,2607,1317,1290,324,390,337,387,455,714,181,190,174,200,242,330,143,200,163,187,213,384
2017_4,마장로39길,993,487,506,184,156,140,166,174,173,94,73,70,81,86,83,90,83,70,85,88,90
2017_4,마장로27길,1926,962,964,253,309,322,282,304,456,134,162,168,147,152,199,119,147,154,135,152,257
2017_4,뚝섬로5길,1848,912,936,272,285,339,324,290,338,135,124,167,156,169,161,137,161,172,168,121,177
2017_4,둘레9길,2974,1590,1384,343,442,412,501,629,647,183,237,220,276,371,303,160,205,192,225,258,344
2017_4,금호산길,3522,1750,1772,514,490,477,579,606,856,285,250,265,273,314,363,229,240,212,306,292,493
2017_4,금호산2길,2365,1178,1187,339,350,324,366,382,604,182,195,166,195,180,260,157,155,158,171,202,344
2017_4,고산자로6길,3092,1588,1504,335,510,405,481,588,773,176,279,221,254,303,355,159,231,184,227,285,418
2017_4,후암로28길,5653,2741,2912,918,715,939,966,885,1230,488,368,477,473,416,519,430,347,462,493,469,711
2017_4,효창원로39길,2999,1419,1580,439,436,557,475,429,663,217,206,265,242,217,272,222,230,292,233,212,391
2017_4,회나무로13길,2274,1009,1265,202,263,360,347,377,725,106,136,169,157,157,284,96,127,191,190,220,441
2017_4,한남대로20길,693,311,382,73,115,160,118,79,148,37,39,79,61,32,63,36,76,81,57,47,85
2017_4,한강대로88길,107,79,28,2,11,9,20,29,36,1,4,4,16,28,26,1,7,5,4,1,10
2017_4,한강대로7길,766,406,360,61,55,111,103,142,294,35,35,65,65,76,130,26,20,46,38,66,164
2017_4,한강대로62길,803,412,391,78,95,129,113,149,239,41,55,65,60,82,109,37,40,64,53,67,130
2017_4,한강대로52길,626,295,331,48,73,118,86,77,224,28,35,61,45,48,78,20,38,57,41,29,146
2017_4,한강대로43길,1394,677,717,109,230,418,216,176,245,54,93,193,120,89,128,55,137,225,96,87,117
2017_4,한강대로15길,497,266,231,41,57,82,77,83,157,25,37,50,43,44,67,16,20,32,34,39,90
2017_4,한강대로104길,2749,1481,1268,305,388,408,444,556,648,169,179,201,277,335,320,136,209,207,167,221,328
2017_4,청파로73길,2781,1427,1354,342,449,456,456,477,601,184,240,252,238,246,267,158,209,204,218,231,334
2017_4,청파로71길,4281,2140,2141,567,770,688,720,678,858,297,405,357,365,332,384,270,365,331,355,346,474
2017_4,청파로47나길,3023,1425,1598,398,688,617,459,364,497,207,258,325,230,185,220,191,430,292,229,179,277
2017_4,청파로47길,1590,650,940,141,492,284,192,180,301,64,137,137,89,95,128,77,355,147,103,85,173
2017_4,장문로45길,2861,1391,1470,347,435,442,459,482,696,178,238,230,235,209,301,169,197,212,224,273,395
2017_4,이태원로54길,2447,1079,1368,157,246,426,416,436,766,76,101,200,217,197,288,81,145,226,199,239,478
2017_4,이태원로27길,731,353,378,74,107,128,127,97,198,36,54,70,58,47,88,38,53,58,69,50,110
2017_4,이촌로22길,2003,949,1054,211,212,257,336,362,625,107,106,133,178,187,238,104,106,124,158,175,387
2017_4,원효로89길,960,469,491,86,186,150,157,147,234,44,84,78,77,82,104,42,102,72,80,65,130
2017_4,원효로53길,2102,1055,1047,246,306,368,334,301,547,126,163,209,181,150,226,120,143,159,153,151,321
2017_4,원효로41길,1440,679,761,213,165,214,251,203,394,92,86,118,128,89,166,121,79,96,123,114,228
2017_4,원효로19길,1985,976,1009,304,316,329,319,307,410,159,155,158,165,162,177,145,161,171,154,145,233
2017_4,우사단로4길,2421,1198,1223,260,412,391,396,384,578,136,240,214,196,183,229,124,172,177,200,201,349
2017_4,우사단로14길,1370,702,668,140,183,300,246,186,315,72,99,165,135,92,139,68,84,135,111,94,176
2017_4,우사단로10길,2805,1457,1348,281,425,509,455,461,674,156,246,292,256,229,278,125,179,217,199,232,396
2017_4,신흥로20길,2795,1375,1420,390,375,443,459,416,712,215,184,245,234,202,295,175,191,198,225,214,417
2017_4,소월로20길,2307,1110,1197,259,343,398,344,371,592,128,176,212,161,172,261,131,167,186,183,199,331
2017_4,서빙고로71길,2669,1273,1396,333,320,364,442,465,745,160,167,193,232,229,292,173,153,171,210,236,453
2017_4,백범로90길,3817,1832,1985,575,579,967,623,479,594,288,238,459,317,232,298,287,341,508,306,247,296
2017_4,백범로79길,3999,1885,2114,639,606,766,697,532,759,328,263,380,341,250,323,311,343,386,356,282,436
2017_4,두텁바위로1길,3316,1744,1572,328,460,466,532,563,967,179,244,247,282,315,477,149,216,219,250,248,490
2017_4,대사관로34길,1472,676,796,170,250,281,208,235,328,89,111,140,92,102,142,81,139,141,116,133,186
2017_4,녹사평대로46길,857,430,427,101,145,166,119,110,216,56,84,80,68,56,86,45,61,86,51,54,130
2017_4,녹사평대로40나길,755,361,394,105,107,135,127,88,193,48,48,73,69,42,81,57,59,62,58,46,112
2017_4,녹사평대로32길,511,262,249,40,82,124,65,78,122,24,44,62,40,35,57,16,38,62,25,43,65
2017_4,녹사평대로26길,980,460,520,81,150,201,130,164,254,40,77,107,59,86,91,41,73,94,71,78,163
2017_4,녹사평대로11길,448,229,219,66,49,75,82,63,113,34,29,36,46,35,49,32,20,39,36,28,64
2017_4,퇴계로90길,3619,1824,1795,421,559,452,643,673,871,212,291,237,358,359,367,209,268,215,285,314,504
2017_4,퇴계로8길,1642,841,801,112,160,175,225,274,696,45,75,96,119,146,360,67,85,79,106,128,336
2017_4,퇴계로56길,1233,629,604,118,184,160,194,203,374,66,97,82,114,99,171,52,87,78,80,104,203
2017_4,퇴계로46길,892,446,446,111,171,146,129,120,215,61,82,88,69,55,91,50,89,58,60,65,124
2017_4,퇴계로18길,231,111,120,32,23,33,31,38,74,18,14,19,17,12,31,14,9,14,14,26,43
2017_4,퇴계로12길,953,459,494,107,115,126,165,143,297,58,61,69,86,67,118,49,54,57,79,76,179
2017_4,청구로1길,2137,1026,1111,245,308,264,373,401,546,122,145,137,191,214,217,123,163,127,182,187,329
2017_4,청구로17길,1821,927,894,230,302,299,270,306,414,122,146,162,141,158,198,108,156,137,129,148,216
2017_4,장충단로8길,1559,770,789,180,278,233,252,244,372,95,152,112,137,117,157,85,126,121,115,127,215
2017_4,삼일대로4길,100,48,52,32,11,20,24,4,9,19,2,12,11,1,3,13,9,8,13,3,6
2017_4,명동길,308,49,259,6,10,22,81,51,138,3,5,10,9,3,19,3,5,12,72,48,119
2017_4,동호로8길,715,340,375,97,134,124,104,106,150,47,61,62,57,49,64,50,73,62,47,57,86
2017_4,동호로20길,2288,1080,1208,325,377,356,395,366,469,163,182,177,190,164,204,162,195,179,205,202,265
2017_4,동호로15길,2007,982,1025,208,281,274,340,330,574,117,146,135,171,170,243,91,135,139,169,160,331
2017_4,동호로11길,5001,2454,2547,647,780,849,853,762,1110,346,410,454,410,362,472,301,370,395,443,400,638
2017_4,동호로10길,2115,1027,1088,232,423,429,323,318,390,129,196,200,156,165,181,103,227,229,167,153,209
2017_4,다산로39길,892,484,408,58,111,101,132,215,275,23,58,60,74,127,142,35,53,41,58,88,133
2017_4,다산로38길,1524,736,788,206,246,243,250,257,322,99,123,117,124,136,137,107,123,126,126,121,185
2017_4,다산로36길,2328,1178,1150,273,326,332,398,445,554,149,171,179,213,230,236,124,155,153,185,215,318
2017_4,다산로33길,3858,1984,1874,412,631,535,656,692,932,207,347,308,354,353,415,205,284,227,302,339,517
2017_4,난계로21길,835,426,409,77,169,182,108,118,181,42,84,96,57,70,77,35,85,86,51,48,104
2017_4,난계로11길,3325,1589,1736,303,675,679,523,527,618,146,268,324,274,284,293,157,407,355,249,243,325
2017_4,필운대로1길,703,334,369,125,87,83,148,104,156,64,40,40,63,56,71,61,47,43,85,48,85
2017_4,평창길,1899,934,965,317,366,221,246,281,468,189,186,111,109,128,211,128,180,110,137,153,257
2017_4,통일로12길,901,425,476,117,106,114,186,110,268,58,49,57,95,57,109,59,57,57,91,53,159
2017_4,창신길,2432,1218,1214,324,367,283,427,480,551,164,182,158,216,249,249,160,185,125,211,231,302
2017_4,창신5길,1421,753,668,132,182,134,241,301,431,69,108,74,128,169,205,63,74,60,113,132,226
2017_4,창신2길,863,445,418,83,109,103,128,191,249,49,55,60,71,96,114,34,54,43,57,95,135
2017_4,창경궁로35길,942,418,524,81,178,125,157,136,265,41,83,57,76,62,99,40,95,68,81,74,166
2017_4,지봉로8길,2468,1238,1230,272,354,320,418,447,657,138,181,174,229,216,300,134,173,146,189,231,357
2017_4,종로65길,3892,1992,1900,379,511,503,653,826,1020,194,256,274,339,439,490,185,255,229,314,387,530
2017_4,종로58가길,444,223,221,23,122,111,58,50,80,7,52,57,38,26,43,16,70,54,20,24,37
2017_4,종로24길,50,37,13,3,1,6,8,9,23,0,1,5,8,7,16,3,0,1,0,2,7
2017_4,자하문로7길,693,315,378,107,86,99,115,95,191,60,45,44,50,38,78,47,41,55,65,57,113
2017_4,이화장길,1714,848,866,210,361,318,243,251,331,107,166,167,118,135,155,103,195,151,125,116,176
2017_4,율곡로16길,486,271,215,58,72,81,82,80,113,39,45,47,51,40,49,19,27,34,31,40,64
2017_4,율곡로10길,299,169,130,20,27,35,60,52,105,11,14,23,41,30,50,9,13,12,19,22,55
2017_4,옥인길,2470,1105,1365,454,285,425,491,334,481,217,142,189,215,146,196,237,143,236,276,188,285
2017_4,숭인동길,920,476,444,88,129,100,147,183,273,48,76,55,76,105,116,40,53,45,71,78,157
2017_4,성균관로5길,948,449,499,80,298,159,120,118,173,42,138,85,59,55,70,38,160,74,61,63,103
2017_4,삼청로5길,743,337,406,78,77,102,92,128,266,36,32,50,44,58,117,42,45,52,48,70,149
2017_4,북촌로5나길,727,343,384,109,100,106,127,110,175,63,53,46,64,40,77,46,47,60,63,70,98
2017_4,북촌로5길,474,218,256,68,61,56,70,71,148,41,20,26,38,34,59,27,41,30,32,37,89
2017_4,북촌로11길,711,335,376,70,87,82,110,130,232,41,44,43,57,56,94,29,43,39,53,74,138
2017_4,백석동길,1768,861,907,261,254,261,320,300,372,133,147,127,148,135,171,128,107,134,172,165,201
2017_4,명륜길,1471,750,721,145,434,196,173,182,341,73,242,114,92,84,145,72,192,82,81,98,196
2017_4,돈화문로11가길,1084,610,474,107,146,178,202,184,267,60,85,111,115,114,125,47,61,67,87,70,142
2017_4,난계로27길,738,334,404,26,313,226,65,38,70,10,109,112,36,27,40,16,204,114,29,11,30
2017_4,계동길,1827,853,974,263,215,254,321,282,492,123,97,135,152,135,211,140,118,119,169,147,281
2017_3,강남 마이스 관광특구,20,15,5,5,1,1,4,4,5,4,0,1,3,3,4,1,1,0,1,1,1
2017_3,잠실 관광특구,9122,4432,4690,1094,1384,1965,1309,1465,1905,575,638,904,665,697,953,519,746,1061,644,768,952
2017_3,종로·청계 관광특구,2765,1723,1042,123,317,286,349,653,1037,63,204,187,227,448,594,60,113,99,122,205,443
2017_3,동대문패션타운 관광특구,3010,1486,1524,252,576,624,448,518,592,112,240,321,240,270,303,140,336,303,208,248,289
2017_3,명동 남대문 북창동 다동 무교동 관광특구,1297,495,802,18,76,159,223,283,538,5,40,79,75,119,177,13,36,80,148,164,361
2017_3,이태원 관광특구,6730,3207,3523,532,892,1277,1050,1098,1881,266,441,658,539,524,779,266,451,619,511,574,1102
2017_3,길동복조리시장,3402,1694,1708,517,446,559,521,536,823,294,221,280,276,234,389,223,225,279,245,302,434
2017_3,둔촌역전통시장,624,315,309,104,89,80,111,119,121,52,57,34,51,67,54,52,32,46,60,52,67
2017_3,성내골목시장,1020,533,487,118,141,171,161,194,235,53,77,100,80,103,120,65,64,71,81,91,115
2017_3,천호시장,146,76,70,3,8,21,29,36,49,1,4,8,18,24,21,2,4,13,11,12,28
2017_3,동서울시장,224,107,117,10,11,27,44,49,83,2,3,15,29,25,33,8,8,12,15,24,50
2017_3,고분다리골목시장,372,196,176,41,51,53,53,81,93,19,30,27,34,48,38,22,21,26,19,33,55
2017_3,양지골목시장,751,376,375,134,107,146,130,105,129,60,64,76,69,46,61,74,43,70,61,59,68
2017_3,암사종합시장,952,497,455,92,157,200,144,160,199,52,77,117,79,77,95,40,80,83,65,83,104
2017_3,고덕전통시장,308,156,152,33,29,46,48,64,88,21,20,26,24,32,33,12,9,20,24,32,55
2017_3,명일골목시장,2024,989,1035,441,250,268,383,309,373,215,133,124,196,144,177,226,117,144,187,165,196
2017_3,새마을시장,2342,1149,1193,215,379,472,329,361,586,116,186,223,187,173,264,99,193,249,142,188,322
2017_3,석촌시장,817,414,403,109,133,121,144,160,150,51,67,59,79,87,71,58,66,62,65,73,79
2017_3,방이시장,5229,2510,2719,711,853,1080,794,839,952,383,393,545,387,371,431,328,460,535,407,468,521
2017_3,마천시장,1017,528,489,130,128,110,148,215,286,53,84,56,83,115,137,77,44,54,65,100,149
2017_3,풍납시장,2568,1275,1293,283,334,381,411,447,712,132,179,205,214,216,329,151,155,176,197,231,383
2017_3,강남개포시장,4,2,2,1,0,0,1,1,1,1,0,0,0,1,0,0,0,0,1,0,1
2017_3,도곡시장,235,104,131,64,29,29,60,32,21,35,13,7,24,18,7,29,16,22,36,14,14
2017_3,청담삼익시장,145,69,76,17,18,20,13,24,53,8,8,8,8,10,27,9,10,12,5,14,26
2017_3,논현종합시장,89,35,54,14,3,20,15,7,30,4,1,8,5,3,14,10,2,12,10,4,16
2017_3,영동전통시장,1256,578,678,113,234,335,207,161,206,53,104,152,106,69,94,60,130,183,101,92,112
2017_3,강남시장_강남,294,136,158,45,29,53,52,31,84,23,13,27,22,14,37,22,16,26,30,17,47
2017_3,양재시장,83,47,36,8,20,10,14,9,22,5,12,4,6,7,13,3,8,6,8,2,9
2017_3,남부종합시장,186,92,94,39,24,15,36,29,43,24,12,5,18,12,21,15,12,10,18,17,22
2017_3,우림시장,83,37,46,9,9,19,9,11,26,5,3,8,4,4,13,4,6,11,5,7,13
2017_3,미성동도깨비시장,674,317,357,77,90,77,116,102,212,39,40,36,64,50,88,38,50,41,52,52,124
2017_3,신신림시장,131,61,70,16,9,16,15,17,58,5,5,9,7,14,21,11,4,7,8,3,37
2017_3,삼성동시장,153,83,70,12,16,13,25,29,58,7,10,8,15,16,27,5,6,5,10,13,31
2017_3,신림중앙시장,66,38,28,6,20,21,5,5,9,3,11,13,4,1,6,3,9,8,1,4,3
2017_3,강남골목시장,602,305,297,53,129,128,86,87,119,23,63,73,45,49,52,30,66,55,41,38,67
2017_3,신림종합시장,3,2,1,0,0,0,2,0,1,0,0,0,1,0,1,0,0,0,1,0,0
2017_3,관악신사시장,2216,1129,1087,235,397,368,370,363,483,129,189,210,194,197,210,106,208,158,176,166,273
2017_3,신원시장,419,231,188,43,81,56,60,70,109,25,46,29,35,39,57,18,35,27,25,31,52
2017_3,인헌시장,1482,727,755,112,286,323,217,208,336,64,123,166,113,113,148,48,163,157,104,95,188
2017_3,봉천중앙시장,338,153,185,19,128,96,41,28,26,6,49,43,26,14,15,13,79,53,15,14,11
2017_3,봉천현대시장,12,4,8,1,1,0,2,5,3,1,0,0,1,2,0,0,1,0,1,3,3
2017_3,봉일시장,115,57,58,1,52,21,5,17,19,0,29,8,2,9,9,1,23,13,3,8,10
2017_3,봉천제일종합시장,396,184,212,24,94,61,59,66,92,14,31,33,28,38,40,10,63,28,31,28,52
2017_3,낙성대시장,659,308,351,44,246,148,75,58,88,20,99,83,43,24,39,24,147,65,32,34,49
2017_3,중부시장,574,274,300,41,144,120,71,64,134,18,59,63,41,34,59,23,85,57,30,30,75
2017_3,사당시장,15,10,5,2,4,0,3,5,1,1,3,0,2,3,1,1,1,0,1,2,0
2017_3,남성역골목시장,547,229,318,52,100,98,71,76,150,27,36,41,30,35,60,25,64,57,41,41,90
2017_3,남성사계시장,582,286,296,30,102,106,83,81,180,18,38,54,52,45,79,12,64,52,31,36,101
2017_3,흑석시장,1028,478,550,144,166,133,171,148,266,74,84,67,85,71,97,70,82,66,86,77,169
2017_3,상도4동도깨비골목시장,1983,963,1020,179,263,304,296,330,611,86,136,170,154,155,262,93,127,134,142,175,349
2017_3,성대시장,140,66,74,10,43,21,14,30,22,5,18,10,6,17,10,5,25,11,8,13,12
2017_3,영도시장,63,34,29,1,12,7,10,12,21,0,7,3,8,7,9,1,5,4,2,5,12
2017_3,상도전통시장,1633,790,843,137,307,264,234,235,456,77,151,143,110,122,187,60,156,121,124,113,269
2017_3,강남시장_동작,143,62,81,11,25,30,16,17,44,7,10,13,8,4,20,4,15,17,8,13,24
2017_3,신노량진시장,23,13,10,2,2,1,5,7,6,1,0,1,2,5,4,1,2,0,3,2,2
2017_3,본동인정시장,452,243,209,32,81,81,72,70,116,14,53,49,44,40,43,18,28,32,28,30,73
2017_3,노량진중앙시장,161,100,61,4,67,25,17,16,32,2,43,19,12,11,13,2,24,6,5,5,19
2017_3,대림중앙시장,404,195,209,34,42,39,66,85,138,21,22,22,30,39,61,13,20,17,36,46,77
2017_3,우리시장,364,177,187,38,48,40,51,65,122,17,24,20,28,30,58,21,24,20,23,35,64
2017_3,영진시장A동,127,67,60,17,13,16,21,22,38,8,5,10,14,10,20,9,8,6,7,12,18
2017_3,사러가시장,108,48,60,13,12,8,26,14,35,8,6,5,12,4,13,5,6,3,14,10,22
2017_3,대신시장,236,107,129,40,22,29,41,38,66,18,12,12,22,15,28,22,10,17,19,23,38
2017_3,영일시장,734,383,351,72,112,149,117,99,185,39,57,92,64,55,76,33,55,57,53,44,109
2017_3,도림시장,60,28,32,8,15,4,10,7,16,4,10,3,4,2,5,4,5,1,6,5,11
2017_3,영등포청과시장,281,157,124,25,36,31,44,54,91,14,21,19,27,36,40,11,15,12,17,18,51
2017_3,영등포전통시장,2274,1371,903,95,290,423,366,430,670,58,128,236,252,317,380,37,162,187,114,113,290
2017_3,은행나무시장,422,212,210,62,41,67,71,66,115,36,23,41,33,31,48,26,18,26,38,35,67
2017_3,박미시장,291,159,132,27,23,28,64,53,96,21,10,18,29,36,45,6,13,10,35,17,51
2017_3,현대시장,2994,1420,1574,367,430,411,418,560,808,180,193,205,206,256,380,187,237,206,212,304,428
2017_3,대명시장,7,5,2,0,1,1,0,2,3,0,1,0,0,2,2,0,0,1,0,0,1
2017_3,푸른터시장,44,25,19,6,1,14,7,3,13,5,0,8,4,1,7,1,1,6,3,2,6
2017_3,남문시장,1751,875,876,211,225,220,280,411,404,103,107,125,133,231,176,108,118,95,147,180,228
2017_3,독산동 우시장,97,49,48,1,35,24,17,11,9,0,10,15,13,7,4,1,25,9,4,4,5
2017_3,오류시장,159,87,72,13,15,20,20,32,59,8,10,13,15,18,23,5,5,7,5,14,36
2017_3,개봉중앙시장,385,180,205,59,65,54,61,66,80,27,31,33,25,28,36,32,34,21,36,38,44
2017_3,고척근린시장,663,327,336,83,82,84,91,122,201,46,38,50,43,61,89,37,44,34,48,61,112
2017_3,가리봉시장,431,149,282,22,40,32,95,106,136,10,24,12,22,36,45,12,16,20,73,70,91
2017_3,남구로시장,717,405,312,76,65,86,129,143,218,32,30,53,82,94,114,44,35,33,47,49,104
2017_3,구로시장,134,73,61,15,11,12,22,32,42,3,6,9,15,21,19,12,5,3,7,11,23
2017_3,공항시장,179,72,107,1,91,39,19,15,14,1,26,13,13,12,7,0,65,26,6,3,7
2017_3,방신전통시장,902,452,450,87,104,94,171,186,260,38,51,48,94,97,124,49,53,46,77,89,136
2017_3,송화골목시장,528,244,284,86,81,78,94,82,107,45,35,32,38,45,49,41,46,46,56,37,58
2017_3,까치산시장,1093,483,610,144,153,214,167,145,270,73,60,106,81,58,105,71,93,108,86,87,165
2017_3,화곡본동시장,346,148,198,47,48,78,51,39,83,23,17,35,20,18,35,24,31,43,31,21,48
2017_3,남부골목시장,2008,958,1050,245,256,332,293,350,532,126,130,160,153,173,216,119,126,172,140,177,316
2017_3,화곡중앙골목시장,1080,519,561,185,136,220,155,172,212,77,65,122,81,77,97,108,71,98,74,95,115
2017_3,신월중앙시장,86,48,38,18,10,22,12,6,18,10,7,11,7,4,9,8,3,11,5,2,9
2017_3,등마루시장,3,2,1,0,0,0,1,1,1,0,0,0,1,1,0,0,0,0,0,0,1
2017_3,신정3동골목시장,327,187,140,31,32,35,61,65,103,17,17,15,42,47,49,14,15,20,19,18,54
2017_3,신정2동골목시장,492,245,247,74,60,75,92,57,134,36,31,41,48,32,57,38,29,34,44,25,77
2017_3,신정제일시장,180,78,102,24,20,19,20,42,55,7,8,8,11,20,24,17,12,11,9,22,31
2017_3,신월7동골목시장,138,67,71,12,33,11,22,29,31,5,18,4,15,11,14,7,15,7,7,18,17
2017_3,신월6동골목시장,172,96,76,16,21,17,28,39,51,11,15,11,14,21,24,5,6,6,14,18,27
2017_3,신곡종합시장,61,27,34,11,5,17,9,4,15,5,2,7,5,3,5,6,3,10,4,1,10
2017_3,신월3동골목시장,396,217,179,50,38,49,67,82,110,30,17,28,38,52,52,20,21,21,29,30,58
2017_3,경창시장,372,179,193,62,39,48,67,49,107,32,19,23,36,24,45,30,20,25,31,25,62
2017_3,월정로시장,1696,873,823,222,195,242,275,319,443,118,98,131,141,174,211,104,97,111,134,145,232
2017_3,신영시장,1263,619,644,189,140,166,222,239,307,79,74,78,127,116,145,110,66,88,95,123,162
2017_3,목4동시장,1151,575,576,176,196,139,190,221,229,96,120,64,85,105,105,80,76,75,105,116,124
2017_3,목3동시장,1211,612,599,154,182,256,190,184,245,72,87,154,103,88,108,82,95,102,87,96,137
2017_3,목2동시장,1108,551,557,86,149,207,146,193,327,43,63,115,76,99,155,43,86,92,70,94,172
2017_3,동진시장,37,18,19,6,8,8,2,4,9,2,6,2,1,2,5,4,2,6,1,2,4
2017_3,망원월드컵시장,825,386,439,134,114,145,142,117,173,66,48,70,70,51,81,68,66,75,72,66,92
2017_3,망원시장,2028,965,1063,214,267,404,356,308,479,119,124,194,189,137,202,95,143,210,167,171,277
2017_3,합정시장,86,37,49,11,13,21,10,9,22,6,4,10,5,4,8,5,9,11,5,5,14
2017_3,영진시장,213,92,121,19,29,46,26,36,57,11,13,20,10,12,26,8,16,26,16,24,31
2017_3,서교시장,31,23,8,1,6,10,4,4,6,1,4,8,3,4,3,0,2,2,1,0,3
2017_3,신수시장,71,36,35,7,9,12,7,13,23,3,6,6,4,7,10,4,3,6,3,6,13
2017_3,아현시장,440,205,235,61,57,50,74,57,141,35,26,27,33,28,56,26,31,23,41,29,85
2017_3,마포시장,16,7,9,3,1,0,2,3,7,1,1,0,1,2,2,2,0,0,1,1,5
2017_3,공덕시장,11,7,4,0,2,1,1,6,1,0,1,0,1,4,1,0,1,1,0,2,0
2017_3,백련시장,151,68,83,14,14,28,19,27,49,10,8,9,10,13,18,4,6,19,9,14,31
2017_3,모래내시장,725,369,356,28,45,54,95,147,356,10,24,32,49,90,164,18,21,22,46,57,192
2017_3,포방터시장,502,245,257,60,58,62,85,93,144,29,38,31,39,52,56,31,20,31,46,41,88
2017_3,인왕시장,320,162,158,33,38,40,44,62,103,19,15,28,24,33,43,14,23,12,20,29,60
2017_3,아현가구거리상점가,144,77,67,11,27,21,19,26,40,9,17,12,9,12,18,2,10,9,10,14,22
2017_3,영천시장,389,200,189,30,49,41,66,74,129,13,27,27,40,38,55,17,22,14,26,36,74
2017_3,수일시장,118,54,64,3,12,9,9,26,59,1,5,6,6,11,25,2,7,3,3,15,34
2017_3,증산종합시장,144,66,78,20,21,14,22,29,38,10,9,9,11,9,18,10,12,5,11,20,20
2017_3,대림골목시장,638,319,319,88,56,82,94,114,204,51,27,42,50,64,85,37,29,40,44,50,119
2017_3,신응암시장,216,118,98,38,26,40,34,33,45,20,16,27,18,18,19,18,10,13,16,15,26
2017_3,녹번시장,28,14,14,6,2,0,6,3,11,3,1,0,2,2,6,3,1,0,4,1,5
2017_3,대조시장,509,243,266,74,61,95,94,72,113,32,31,51,46,35,48,42,30,44,48,37,65
2017_3,역촌중앙시장,10,7,3,0,0,0,2,6,2,0,0,0,0,6,1,0,0,0,2,0,1
2017_3,갈현시장,66,35,31,8,15,10,4,15,14,3,11,4,4,5,8,5,4,6,0,10,6
2017_3,연서시장,269,126,143,21,32,39,30,53,94,10,11,23,17,26,39,11,21,16,13,27,55
2017_3,상계중앙시장,1905,908,997,230,303,205,305,373,489,115,144,110,149,173,217,115,159,95,156,200,272
2017_3,공릉동도깨비시장,1457,726,731,179,277,276,183,239,303,82,134,147,94,125,144,97,143,129,89,114,159
2017_3,방학동도깨비시장,1062,526,536,126,158,105,183,202,288,64,97,57,93,92,123,62,61,48,90,110,165
2017_3,쌍문역골목시장,751,380,371,69,96,135,109,110,232,37,53,75,54,52,109,32,43,60,55,58,123
2017_3,백운시장,338,161,177,43,47,43,58,53,94,22,23,20,29,30,37,21,24,23,29,23,57
2017_3,신도봉시장,189,99,90,18,37,21,25,41,47,5,21,14,9,24,26,13,16,7,16,17,21
2017_3,창동골목시장,1301,656,645,161,159,179,202,221,379,83,85,94,106,121,167,78,74,85,96,100,212
2017_3,창동신창시장,2299,1109,1190,324,351,335,397,409,483,153,179,161,197,195,224,171,172,174,200,214,259
2017_3,수유북부시장,66,34,32,4,5,11,8,7,31,3,3,6,6,3,13,1,2,5,2,4,18
2017_3,장미원골목시장,1357,655,702,204,184,223,182,217,347,110,96,124,79,102,144,94,88,99,103,115,203
2017_3,수유중앙시장,41,27,14,3,8,4,5,12,9,3,6,3,5,7,3,0,2,1,0,5,6
2017_3,강북종합시장,738,375,363,65,116,87,114,149,207,34,43,48,64,86,100,31,73,39,50,63,107
2017_3,우이시장,1632,815,817,245,211,210,280,277,409,130,116,117,136,147,169,115,95,93,144,130,240
2017_3,수유전통시장,620,297,323,65,94,96,85,116,164,33,45,45,43,53,78,32,49,51,42,63,86
2017_3,번동북부골목시장,1097,533,564,167,141,184,210,146,249,81,66,93,110,70,113,86,75,91,100,76,136
2017_3,솔샘시장,149,74,75,17,22,15,21,28,46,9,12,7,13,14,19,8,10,8,8,14,27
2017_3,숭인시장,246,130,116,20,27,36,43,51,69,11,11,20,24,33,31,9,16,16,19,18,38
2017_3,방천골목시장,1542,753,789,159,241,210,257,275,400,86,115,113,131,131,177,73,126,97,126,144,223
2017_3,동북시장,37,19,18,5,3,6,2,3,18,1,1,4,1,2,10,4,2,2,1,1,8
2017_3,석관황금시장,1936,984,952,225,264,241,333,345,528,117,141,129,185,175,237,108,123,112,148,170,291
2017_3,석관시장,167,100,67,19,23,15,33,36,41,14,14,10,23,21,18,5,9,5,10,15,23
2017_3,새석관시장,94,48,46,7,13,13,9,19,33,5,5,7,8,11,12,2,8,6,1,8,21
2017_3,번동시장,32,18,14,7,3,3,5,6,8,5,1,2,2,3,5,2,2,1,3,3,3
2017_3,장위전통시장,1575,781,794,225,196,193,245,278,438,123,101,104,134,127,192,102,95,89,111,151,246
2017_3,밤나무골시장,246,119,127,39,19,33,43,41,71,19,12,20,20,19,29,20,7,13,23,22,42
2017_3,길음시장,11,10,1,0,2,1,5,2,1,0,2,1,5,1,1,0,0,0,0,1,0
2017_3,정릉시장,1330,675,655,171,234,195,187,201,342,96,128,110,95,98,148,75,106,85,92,103,194
2017_3,정릉아리랑시장,1077,518,559,194,133,161,209,164,216,100,66,83,109,72,88,94,67,78,100,92,128
2017_3,돈암제일시장,239,110,129,22,40,46,17,33,81,9,22,25,12,15,27,13,18,21,5,18,54
2017_3,유영시장,148,74,74,31,20,21,28,16,32,17,13,9,12,8,15,14,7,12,16,8,17
2017_3,우림골목시장,2140,1108,1032,248,257,285,327,435,588,127,142,165,178,224,272,121,115,120,149,211,316
2017_3,묵1동도깨비시장,1175,590,585,183,144,203,192,165,288,94,80,94,105,72,145,89,64,109,87,93,143
2017_3,태능시장,963,479,484,134,123,134,141,206,225,60,62,78,69,102,108,74,61,56,72,104,117
2017_3,중화제일시장,1850,929,921,244,257,250,316,337,446,124,132,140,160,162,211,120,125,110,156,175,235
2017_3,사가정시장,1957,977,980,198,318,280,279,353,529,102,166,159,132,174,244,96,152,121,147,179,285
2017_3,면목골목시장,1380,714,666,166,192,188,253,233,348,96,97,109,137,116,159,70,95,79,116,117,189
2017_3,동원시장,2165,1078,1087,258,302,311,307,418,569,133,153,165,165,211,251,125,149,146,142,207,318
2017_3,동부골목시장,1602,816,786,161,292,346,221,261,321,77,141,179,121,148,150,84,151,167,100,113,171
2017_3,이문제일시장,65,29,36,10,5,5,14,13,18,2,3,2,7,8,7,8,2,3,7,5,11
2017_3,이경시장,256,130,126,25,32,31,31,53,84,16,17,13,18,31,35,9,15,18,13,22,49
2017_3,회기시장,1173,509,664,78,443,186,130,120,216,32,175,96,55,57,94,46,268,90,75,63,122
2017_3,청량리청과물시장,54,37,17,0,0,4,10,19,21,0,0,3,7,15,12,0,0,1,3,4,9
2017_3,전곡시장,222,110,112,32,25,24,45,38,58,17,12,14,21,18,28,15,13,10,24,20,30
2017_3,답십리시장,470,218,252,73,67,60,81,77,112,30,31,29,40,39,49,43,36,31,41,38,63
2017_3,답십리현대시장,340,172,168,32,35,39,49,58,127,18,14,27,29,30,54,14,21,12,20,28,73
2017_3,전농로터리시장,89,54,35,4,11,7,15,19,33,3,9,6,10,10,16,1,2,1,5,9,17
2017_3,청량리종합시장,107,59,48,2,9,17,8,24,47,1,5,11,5,14,23,1,4,6,3,10,24
2017_3,청량리전통시장,176,140,36,2,10,11,17,50,86,1,9,7,16,42,65,1,1,4,1,8,21
2017_3,청량리농수산물시장,175,83,92,26,33,22,16,35,43,19,18,10,5,13,18,7,15,12,11,22,25
2017_3,서울약령시장,2168,1145,1023,134,316,287,301,391,739,77,171,168,178,210,341,57,145,119,123,181,398
2017_3,동서시장,2,2,0,0,0,0,0,2,0,0,0,0,0,2,0,0,0,0,0,0,0
2017_3,경동시장,13,7,6,0,0,0,1,3,9,0,0,0,1,3,3,0,0,0,0,0,6
2017_3,청량리수산시장,486,247,239,36,80,91,68,70,141,16,35,48,42,41,65,20,45,43,26,29,76
2017_3,용두시장,23,15,8,1,3,1,4,4,10,0,2,1,3,3,6,1,1,0,1,1,4
2017_3,동부청과시장,1,1,0,0,0,0,0,0,1,0,0,0,0,0,1,0,0,0,0,0,0
2017_3,구의시장,157,82,75,22,24,22,23,24,42,9,12,14,12,13,22,13,12,8,11,11,20
2017_3,조양시장,85,36,49,5,34,12,9,5,20,2,15,6,3,3,7,3,19,6,6,2,13
2017_3,영동교골목시장,1249,625,624,111,171,165,201,229,372,58,91,92,109,118,157,53,80,73,92,111,215
2017_3,능동로골목시장,378,193,185,40,56,49,52,78,103,19,28,26,23,43,54,21,28,23,29,35,49
2017_3,노룬산골목시장,340,178,162,23,48,42,44,87,96,17,26,25,22,50,38,6,22,17,22,37,58
2017_3,자양종합시장,62,35,27,14,6,14,8,11,9,7,3,8,5,5,7,7,3,6,3,6,2
2017_3,자양골목시장,1973,974,999,251,308,362,309,340,403,131,157,183,165,158,180,120,151,179,144,182,223
2017_3,신성골목시장,93,43,50,12,11,12,12,17,29,7,5,7,6,6,12,5,6,5,6,11,17
2017_3,면곡골목시장,463,237,226,57,62,79,75,85,105,33,30,36,40,48,50,24,32,43,35,37,55
2017_3,중곡제일시장,832,425,407,115,111,139,113,160,194,62,53,83,50,82,95,53,58,56,63,78,99
2017_3,화양제일골목시장,952,409,543,51,359,228,92,89,133,24,118,119,48,42,58,27,241,109,44,47,75
2017_3,한아름시장,20,12,8,0,11,3,1,2,3,0,7,1,1,1,2,0,4,2,0,1,1
2017_3,성동용답상가시장,2092,1052,1040,246,305,306,342,398,495,126,149,165,175,204,233,120,156,141,167,194,262
2017_3,뚝도시장,592,323,269,62,80,70,79,144,157,32,52,44,45,77,73,30,28,26,34,67,84
2017_3,금남시장,271,135,136,17,35,33,37,57,92,10,17,18,20,33,37,7,18,15,17,24,55
2017_3,행당시장,1518,769,749,153,307,209,226,280,343,75,146,128,103,156,161,78,161,81,123,124,182
2017_3,마장축산물시장,357,205,152,41,41,40,58,62,115,29,25,23,34,38,56,12,16,17,24,24,59
2017_3,보광시장,8,4,4,0,1,1,1,1,4,0,0,1,0,1,2,0,1,0,1,0,2
2017_3,이태원제일시장,37,15,22,2,4,8,6,5,12,1,1,3,5,1,4,1,3,5,1,4,8
2017_3,이태원시장,68,32,36,11,2,12,9,14,20,6,0,5,6,6,9,5,2,7,3,8,11
2017_3,이촌종합시장,105,56,49,10,13,13,17,23,29,2,10,6,9,13,16,8,3,7,8,10,13
2017_3,용문전통시장,428,212,216,41,66,69,62,68,122,18,34,45,34,33,48,23,32,24,28,35,74
2017_3,만리시장,34,20,14,2,2,1,4,11,14,1,2,0,3,6,8,1,0,1,1,5,6
2017_3,신흥시장,125,62,63,11,16,17,10,24,47,3,8,9,6,15,21,8,8,8,4,9,26
2017_3,후암시장,296,152,144,24,52,43,29,62,86,12,30,24,19,32,35,12,22,19,10,30,51
2017_3,합동(새벽)시장,77,56,21,4,6,10,11,23,23,2,4,6,9,19,16,2,2,4,2,4,7
2017_3,서울중앙시장,1063,574,489,85,133,125,129,202,389,51,76,76,65,112,194,34,57,49,64,90,195
2017_3,백학시장,866,454,412,83,96,112,133,174,268,43,61,58,80,91,121,40,35,54,53,83,147
2017_3,약수시장,1047,502,545,125,172,150,162,154,284,67,81,72,89,72,121,58,91,78,73,82,163
2017_3,청평화시장,1,1,0,0,0,0,1,0,0,0,0,0,1,0,0,0,0,0,0,0,0
2017_3,동평화시장,62,27,35,2,8,7,7,21,17,2,4,2,4,9,6,0,4,5,3,12,11
2017_3,방산종합시장,304,196,108,21,34,33,39,65,112,12,23,18,28,42,73,9,11,15,11,23,39
2017_3,평화시장,2,2,0,0,1,0,0,0,1,0,1,0,0,0,1,0,0,0,0,0,0
2017_3,인현시장,148,82,66,8,17,15,13,39,56,4,8,8,8,25,29,4,9,7,5,14,27
2017_3,신중부시장,282,192,90,13,16,24,38,73,118,10,8,12,27,59,76,3,8,12,11,14,42
2017_3,남대문시장,86,50,36,0,4,9,13,25,35,0,3,6,8,16,17,0,1,3,5,9,18
2017_3,신설종합시장,17,12,5,0,1,1,2,5,8,0,1,1,2,4,4,0,0,0,0,1,4
2017_3,동묘시장,817,479,338,33,184,135,104,135,226,15,90,71,71,93,139,18,94,64,33,42,87
2017_3,창신골목시장,418,223,195,36,42,44,62,82,152,16,32,29,33,50,63,20,10,15,29,32,89
2017_3,동문시장,69,35,34,6,6,12,14,10,21,2,3,9,4,7,10,4,3,3,10,3,11
2017_3,충신시장,175,87,88,18,23,10,36,28,60,7,12,6,19,15,28,11,11,4,17,13,32
2017_3,종로신진시장,117,76,41,2,11,7,19,32,46,1,6,5,16,21,27,1,5,2,3,11,19
2017_3,동대문종합시장,3,3,0,0,0,0,1,2,0,0,0,0,1,2,0,0,0,0,0,0,0
2017_3,광장시장,54,26,28,2,5,2,4,19,22,2,2,0,1,12,9,0,3,2,3,7,13
2017_3,통인시장,764,361,403,104,90,94,131,123,222,59,41,35,66,63,97,45,49,59,65,60,125
2017_3,서울 노원구 노원역_3,265,165,100,10,48,41,53,50,63,4,20,25,31,37,48,6,28,16,22,13,15
2017_3,서울 노원구 노원역_2,30,29,1,0,1,4,8,7,10,0,1,3,8,7,10,0,0,1,0,0,0
2017_3,서울 노원구 노원역_1,715,315,400,111,101,95,114,145,149,47,46,43,48,66,65,64,55,52,66,79,84
2017_3,창동역,543,327,216,24,97,99,104,121,98,10,37,58,74,82,66,14,60,41,30,39,32
2017_3,서울 강북구 수유역_3,724,400,324,45,144,127,103,134,171,21,64,64,61,90,100,24,80,63,42,44,71
2017_3,등나무근린공원 주변,196,87,109,30,20,60,53,19,14,10,10,31,24,7,5,20,10,29,29,12,9
2017_3,서울 강북구 수유역_2,2135,1068,1067,117,374,395,367,361,521,57,161,226,194,192,238,60,213,169,173,169,283
2017_3,서울 강북구 수유역_1,770,367,403,73,163,165,111,113,145,35,72,76,62,58,64,38,91,89,49,55,81
2017_3,서울 은평구 연신내역_3,88,50,38,7,24,8,17,15,17,2,12,3,11,10,12,5,12,5,6,5,5
2017_3,서울 은평구 연신내역_2,1130,577,553,103,218,233,187,168,221,62,101,131,103,85,95,41,117,102,84,83,126
2017_3,서울 은평구 연신내역_1,245,112,133,25,55,49,36,40,40,16,23,21,14,20,18,9,32,28,22,20,22
2017_3,서울 성북구 미아삼거리역_2,481,260,221,23,90,68,46,110,144,12,49,38,29,59,73,11,41,30,17,51,71
2017_3,서울 강북구 미아삼거리역_1,406,234,172,25,45,46,82,79,129,17,31,26,53,40,67,8,14,20,29,39,62
2017_3,서울 은평구 불광역_3,784,334,450,66,221,273,91,58,75,31,71,127,45,28,32,35,150,146,46,30,43
2017_3,서울 은평구 불광역_2,665,347,318,47,170,141,86,86,135,21,89,77,47,47,66,26,81,64,39,39,69
2017_3,서울 은평구 불광역_1,602,293,309,42,117,105,75,106,157,24,44,61,38,50,76,18,73,44,37,56,81
2017_3,미아사거리_2,103,53,50,8,16,14,12,21,32,3,9,8,7,11,15,5,7,6,5,10,17
2017_3,미아사거리_1,933,459,474,153,142,173,178,128,159,88,58,84,90,57,82,65,84,89,88,71,77
2017_3,서울 성북구 성신여대입구역,1050,488,562,68,268,225,153,154,182,38,99,100,83,84,84,30,169,125,70,70,98
2017_3,경희대학교,367,171,196,27,127,65,37,35,76,11,50,35,23,17,35,16,77,30,14,18,41
2017_3,서울 성북구 안암역,372,175,197,30,165,52,20,36,69,18,72,26,13,15,31,12,93,26,7,21,38
2017_3,혜화역 대학로_3,662,308,354,39,222,110,74,84,133,20,98,53,39,39,59,19,124,57,35,45,74
2017_3,혜화역 대학로_2,807,393,414,70,302,157,88,76,114,33,136,88,51,33,52,37,166,69,37,43,62
2017_3,혜화역 대학로_1,510,225,285,44,123,97,63,72,111,22,54,41,27,37,44,22,69,56,36,35,67
2017_3,디지털미디어시티,1043,486,557,216,193,196,230,141,67,102,75,89,113,75,32,114,118,107,117,66,35
2017_3,서울 동대문구 청량리역,2917,1461,1456,316,415,380,381,524,901,136,194,204,198,283,446,180,221,176,183,241,455
2017_3,서울 종로구 경복궁역_2,310,140,170,41,46,61,52,39,71,21,27,32,16,15,29,20,19,29,36,24,42
2017_3,서울 종로구 안국역_2,291,137,154,31,38,29,41,61,91,17,22,14,15,29,40,14,16,15,26,32,51
2017_3,서울 종로구 안국역_1,121,54,67,15,8,17,21,15,45,9,5,6,10,9,15,6,3,11,11,6,30
2017_3,서울 종로구 경복궁역_1,659,306,353,72,84,99,118,102,184,39,34,54,56,45,78,33,50,45,62,57,106
2017_3,서울 종로구 종로3가역_3,161,123,38,7,15,10,21,55,53,2,12,6,17,45,41,5,3,4,4,10,12
2017_3,서울 종로구 종로3가역_2,2462,1685,777,57,84,149,289,653,1230,35,59,92,215,511,773,22,25,57,74,142,457
2017_3,서울 동대문구 신설동역_2,361,221,140,9,82,84,44,57,85,4,41,42,34,43,57,5,41,42,10,14,28
2017_3,인사동,829,456,373,76,76,126,115,130,306,47,43,65,70,77,154,29,33,61,45,53,152
2017_3,서울 종로구 종로5가역_4,286,165,121,17,40,39,34,56,100,10,20,27,23,37,48,7,20,12,11,19,52
2017_3,서울 종로구 종로5가역_3,775,479,296,42,51,74,125,168,315,26,32,48,82,118,173,16,19,26,43,50,142
2017_3,종로구청,585,327,258,42,85,76,94,117,171,24,52,44,51,63,93,18,33,32,43,54,78
2017_3,서울 종로구 종로5가역_2,2023,1011,1012,216,488,388,243,274,414,109,231,197,126,152,196,107,257,191,117,122,218
2017_3,신설동역,406,244,162,9,120,86,58,66,67,5,47,51,40,50,51,4,73,35,18,16,16
2017_3,서울 동대문구 신설동역_1,182,131,51,6,14,34,11,42,75,4,7,17,9,35,59,2,7,17,2,7,16
2017_3,서울 종로구 광화문역_2,2577,1164,1413,357,284,421,444,377,694,186,123,169,186,180,320,171,161,252,258,197,374
2017_3,동묘앞역,898,439,459,124,126,120,138,165,225,60,68,65,70,83,93,64,58,55,68,82,132
2017_3,장안동사거리,4065,2017,2048,483,711,1017,729,514,611,253,321,530,381,251,281,230,390,487,348,263,330
2017_3,서울 종로구 동대문역_2,650,425,225,18,57,71,63,175,266,9,34,48,46,128,160,9,23,23,17,47,106
2017_3,서울 종로구 동대문역_1,139,70,69,17,18,15,18,30,41,8,7,6,10,18,21,9,11,9,8,12,20
2017_3,동대문시장_2,34,17,17,1,1,6,3,8,15,0,0,3,2,6,6,1,1,3,1,2,9
2017_3,서울 종로구 종로5가역_1,25,6,19,0,0,0,3,4,18,0,0,0,2,0,4,0,0,0,1,4,14
2017_3,서울 종로구 종로3가역_1,186,146,40,6,44,15,23,50,48,3,38,9,17,41,38,3,6,6,6,9,10
2017_3,서울 종로구 광화문역_1,10,8,2,0,0,0,4,2,4,0,0,0,3,2,3,0,0,0,1,0,1
2017_3,종각역,4,1,3,0,1,1,0,2,0,0,0,0,0,1,0,0,1,1,0,1,0
2017_3,종각역 젊음의 거리,137,100,37,4,47,25,15,18,28,1,38,20,10,11,20,3,9,5,5,7,8
2017_3,서대문구 서대문역_1,517,279,238,97,52,79,99,98,92,51,28,37,51,60,52,46,24,42,48,38,40
2017_3,동대문시장_1,34,21,13,0,4,7,2,10,11,0,1,5,2,8,5,0,3,2,0,2,6
2017_3,시청역_2,941,414,527,152,113,289,180,107,100,62,47,129,75,51,50,90,66,160,105,56,50
2017_3,서울시청,91,56,35,7,1,9,14,28,32,4,1,5,9,15,22,3,0,4,5,13,10
2017_3,서울 중구 을지로3가역_2,550,364,186,15,34,33,79,120,269,7,18,19,60,93,167,8,16,14,19,27,102
2017_3,서울 중구 신당역_2,319,162,157,13,72,68,41,56,69,7,28,33,21,34,39,6,44,35,20,22,30
2017_3,서대문구 서대문역_2,898,448,450,65,191,204,118,162,158,34,69,114,64,91,76,31,122,90,54,71,82
2017_3,동대문역사문화공원역,456,277,179,12,56,43,69,108,168,4,31,25,43,71,103,8,25,18,26,37,65
2017_3,서울 중구 을지로3가역_1,230,158,72,8,17,12,33,52,108,3,10,6,21,41,77,5,7,6,12,11,31
2017_3,명동거리,150,83,67,5,18,21,29,38,39,1,10,10,19,22,21,4,8,11,10,16,18
2017_3,롯데백화점,2,2,0,0,0,2,0,0,0,0,0,2,0,0,0,0,0,0,0,0,0
2017_3,서울 중구 신당역_1,920,504,416,83,115,111,144,204,263,48,68,66,82,110,130,35,47,45,62,94,133
2017_3,북창동,258,155,103,2,21,34,36,54,111,0,11,27,21,32,64,2,10,7,15,22,47
2017_3,서울 중구 충무로역_2,694,392,302,34,92,104,95,142,227,16,43,55,65,92,121,18,49,49,30,50,106
2017_3,서울 강서구 송정역,2158,1038,1120,151,428,378,259,388,554,77,182,195,137,190,257,74,246,183,122,198,297
2017_3,장한평역_2,1364,737,627,143,232,273,227,226,263,79,96,149,128,138,147,64,136,124,99,88,116
2017_3,시청역_1,327,168,159,57,28,87,63,35,57,32,13,40,35,19,29,25,15,47,28,16,28
2017_3,왕십리역_2,443,209,234,52,86,72,71,74,88,19,39,36,38,40,37,33,47,36,33,34,51
2017_3,서울 강서구 발산역,104,48,56,4,17,36,23,15,9,1,6,14,14,7,6,3,11,22,9,8,3
2017_3,장한평역_1,219,136,83,10,30,26,47,61,45,7,20,14,33,40,22,3,10,12,14,21,23
2017_3,서울 중구 충무로역_1,767,386,381,50,113,97,97,141,269,24,55,58,58,73,118,26,58,39,39,68,151
2017_3,왕십리역_1,3,2,1,0,0,0,1,2,0,0,0,0,1,1,0,0,0,0,0,1,0
2017_3,장한평역,1354,976,378,53,206,272,299,329,195,31,86,183,240,293,143,22,120,89,59,36,52
2017_3,서울 중구 명동역,1298,610,688,125,154,177,212,229,401,58,61,86,110,109,186,67,93,91,102,120,215
2017_3,장충동 족발거리,297,160,137,27,85,42,37,31,75,14,45,23,26,20,32,13,40,19,11,11,43
2017_3,한양시장,1013,487,526,36,584,173,50,60,110,15,274,93,28,31,46,21,310,80,22,29,64
2017_3,서울 서대문구 이대역,1491,539,952,82,445,186,223,177,378,38,72,81,110,83,155,44,373,105,113,94,223
2017_3,서울 서대문구 신촌역,2750,1398,1352,132,1103,503,274,285,453,72,521,272,158,161,214,60,582,231,116,124,239
2017_3,서울 마포구 홍대입구역_3,186,81,105,7,46,60,32,23,18,3,15,28,15,11,9,4,31,32,17,12,9
2017_3,서울 마포구 홍대입구역_2,524,246,278,61,88,114,76,50,135,30,47,46,43,19,61,31,41,68,33,31,74
2017_3,홍익대학교 주변,5094,2421,2673,407,1247,1268,724,532,916,216,571,601,383,247,403,191,676,667,341,285,513
2017_3,서울 광진구 군자역,1679,794,885,142,407,442,175,219,294,81,173,204,89,105,142,61,234,238,86,114,152
2017_3,신촌역,1233,636,597,71,389,276,155,118,224,41,186,136,93,68,112,30,203,140,62,50,112
2017_3,강서구청,2898,1428,1470,317,586,672,462,412,449,165,213,339,278,223,210,152,373,333,184,189,239
2017_3,서울 마포구 홍대입구역_1,683,337,346,63,131,169,112,68,140,30,54,99,55,35,64,33,77,70,57,33,76
2017_3,서울 중구 약수역_2,58,31,27,7,8,7,11,6,19,5,3,3,8,3,9,2,5,4,3,3,10
2017_3,서울 중구 약수역_1,11,7,4,1,0,3,3,1,3,1,0,2,2,0,2,0,0,1,1,1,1
2017_3,서울 강동구 고덕역,2677,1338,1339,571,410,304,491,506,395,317,230,138,211,247,195,254,180,166,280,259,200
2017_3,등촌역,1100,500,600,121,224,334,139,131,151,65,68,165,74,62,66,56,156,169,65,69,85
2017_3,서울 강동구 명일역,2127,1064,1063,302,290,319,366,341,509,161,145,165,189,159,245,141,145,154,177,182,264
2017_3,어린이대공원역,626,354,272,76,127,91,105,121,106,42,62,55,62,79,54,34,65,36,43,42,52
2017_3,서울 마포구 공덕역_2,27,16,11,1,5,1,3,8,9,0,4,1,2,5,4,1,1,0,1,3,5
2017_3,공덕역,416,206,210,53,62,45,65,93,98,21,33,20,32,42,58,32,29,25,33,51,40
2017_3,서울 용산구 숙대입구역,611,341,270,52,89,101,114,112,143,28,46,56,74,66,71,24,43,45,40,46,72
2017_3,남영역,186,93,93,7,45,65,24,20,25,4,20,36,11,10,12,3,25,29,13,10,13
2017_3,서울 마포구 공덕역_1,536,247,289,73,111,87,85,118,62,40,50,39,35,56,27,33,61,48,50,62,35
2017_3,서울 마포구 마포역_2,3300,1490,1810,481,396,870,711,405,437,228,150,404,318,194,196,253,246,466,393,211,241
2017_3,서울 광진구 건대입구역_2,2077,941,1136,119,802,449,196,185,326,60,321,221,97,99,143,59,481,228,99,86,183
2017_3,서울 마포구 마포역_1,884,445,439,87,108,191,119,146,233,49,51,97,66,72,110,38,57,94,53,74,123
2017_3,서울 강동구 천호역_2,4260,2089,2171,318,649,1049,713,703,828,159,271,504,382,381,392,159,378,545,331,322,436
2017_3,서울 광진구 건대입구역_1,1072,516,556,83,214,202,158,162,253,40,84,109,78,81,124,43,130,93,80,81,129
2017_3,건대입구역,557,235,322,23,13,13,27,28,453,13,4,3,12,13,190,10,9,10,15,15,263
2017_3,서울 광진구 구의역,1966,907,1059,134,457,500,311,255,309,65,166,240,171,117,148,69,291,260,140,138,161
2017_3,서울 강동구 천호역,285,135,150,22,38,55,47,47,76,11,20,25,25,17,37,11,18,30,22,30,39
2017_3,당산역_2,596,232,364,30,231,150,66,47,72,14,59,59,33,30,37,16,172,91,33,17,35
2017_3,서울 강동구 천호역_1,319,155,164,27,62,37,52,65,76,10,34,19,29,32,31,17,28,18,23,33,45
2017_3,서울 강동구 길동역,3061,1492,1569,186,836,740,459,434,406,90,292,372,283,236,219,96,544,368,176,198,187
2017_3,용산 전자상가_5,612,353,259,42,101,142,99,81,147,21,59,92,64,48,69,21,42,50,35,33,78
2017_3,용산 전자상가_4,163,96,67,14,12,27,37,25,48,6,8,17,28,17,20,8,4,10,9,8,28
2017_3,당산역_1,1037,480,557,67,291,354,110,103,112,34,111,166,64,56,49,33,180,188,46,47,63
2017_3,서울 광진구 강변역,192,89,103,24,32,28,15,32,61,13,15,9,7,13,32,11,17,19,8,19,29
2017_3,용산 전자상가_3,260,133,127,23,35,62,31,44,65,14,19,33,16,19,32,9,16,29,15,25,33
2017_3,서울 용산구 이태원역,935,499,436,63,164,186,148,163,211,36,91,102,79,94,97,27,73,84,69,69,114
2017_3,한남오거리,187,100,87,8,39,15,25,37,63,5,25,9,11,19,31,3,14,6,14,18,32
2017_3,목동사거리,73,39,34,4,15,18,16,10,10,2,2,6,13,7,9,2,13,12,3,3,1
2017_3,용산 전자상가_2,161,86,75,24,23,35,24,26,29,17,13,14,15,13,14,7,10,21,9,13,15
2017_3,용산구청,124,52,72,18,15,23,24,12,32,7,7,7,15,3,13,11,8,16,9,9,19
2017_3,용산 전자상가_1,487,264,223,59,70,124,97,76,61,25,36,66,53,47,37,34,34,58,44,29,24
2017_3,국회의사당역_2,663,344,319,29,113,200,122,103,96,17,51,96,68,60,52,12,62,104,54,43,44
2017_3,서울 용산구 신용산역,399,205,194,22,31,45,58,91,152,17,17,29,38,45,59,5,14,16,20,46,93
2017_3,압구정 로데오거리_2,1338,636,702,185,172,261,259,169,292,87,80,127,131,82,129,98,92,134,128,87,163
2017_3,서울 강남구 압구정역,1957,888,1069,238,317,411,330,249,412,133,141,161,160,113,180,105,176,250,170,136,232
2017_3,서울 영등포구 영등포구청역,1333,674,659,70,273,249,175,225,341,35,129,116,96,134,164,35,144,133,79,91,177
2017_3,압구정 로데오거리_1,546,256,290,81,59,76,85,74,171,42,28,32,39,34,81,39,31,44,46,40,90
2017_3,서울 강동구 둔촌동역,764,417,347,94,121,106,137,128,178,56,71,57,78,72,83,38,50,49,59,56,95
2017_3,오목교역,899,434,465,219,111,112,193,126,138,114,48,49,97,55,71,105,63,63,96,71,67
2017_3,신사동 가로수길,3928,1836,2092,504,590,839,721,501,773,266,257,369,359,245,340,238,333,470,362,256,433
2017_3,서울 영등포구 여의도역_2,16,13,3,1,1,2,3,6,3,0,1,2,3,4,3,1,0,0,0,2,0
2017_3,청담사거리_3,908,395,513,59,76,122,175,149,327,23,40,57,77,64,134,36,36,65,98,85,193
2017_3,영등포유통상가,446,252,194,39,61,65,83,63,135,19,37,38,57,38,63,20,24,27,26,25,72
2017_3,청담역_2,1061,475,586,174,144,228,212,151,152,85,62,89,96,74,69,89,82,139,116,77,83
2017_3,청담역_1,209,104,105,44,27,25,35,34,44,19,20,12,17,16,20,25,7,13,18,18,24
2017_3,청담사거리_2,386,190,196,53,48,66,64,62,93,24,27,31,30,30,48,29,21,35,34,32,45
2017_3,청담사거리_1,259,115,144,35,41,52,61,33,37,13,15,25,33,15,14,22,26,27,28,18,23
2017_3,서울 영등포구 여의도역_1,2593,1248,1345,422,335,352,408,461,615,219,154,152,185,226,312,203,181,200,223,235,303
2017_3,서울 양천구 신정네거리역_2,287,140,147,26,54,34,38,57,78,16,26,19,21,25,33,10,28,15,17,32,45
2017_3,학동사거리_2,476,242,234,74,71,82,91,74,84,47,39,42,38,34,42,27,32,40,53,40,42
2017_3,서울 영등포구 영등포시장역,1412,899,513,43,94,135,224,356,560,23,55,86,151,257,327,20,39,49,73,99,233
2017_3,학동사거리_1,449,218,231,42,72,95,85,57,98,23,25,47,46,32,45,19,47,48,39,25,53
2017_3,여의도 시범아파트앞,1420,680,740,209,148,203,203,234,423,108,79,87,100,114,192,101,69,116,103,120,231
2017_3,영등포역_3,419,255,164,8,117,101,53,64,76,5,48,59,38,49,56,3,69,42,15,15,20
2017_3,도산공원사거리_1,269,123,146,20,68,75,32,28,46,9,31,36,15,12,20,11,37,39,17,16,26
2017_3,영등포역_2,660,497,163,11,92,81,135,181,160,6,33,64,127,152,115,5,59,17,8,29,45
2017_3,문래동 주민센터,1482,739,743,224,139,226,226,258,409,112,76,111,117,134,189,112,63,115,109,124,220
2017_3,강남구 신사역_2,1004,448,556,65,195,292,157,109,186,35,75,123,80,56,79,30,120,169,77,53,107
2017_3,영등포역_1,261,143,118,13,108,80,24,19,17,5,49,46,16,14,13,8,59,34,8,5,4
2017_3,서울 강남구 강남구청역_2,726,379,347,34,55,131,156,136,214,15,25,70,78,95,96,19,30,61,78,41,118
2017_3,강남구 신사역_1,800,426,374,44,137,179,153,118,169,24,64,94,91,66,87,20,73,85,62,52,82
2017_3,서울 동작구 노량진1동_1,18,14,4,0,1,3,4,4,6,0,1,3,4,4,2,0,0,0,0,0,4
2017_3,서울 강남구 학동역_3,122,62,60,2,23,27,23,21,26,2,10,15,10,12,13,0,13,12,13,9,13
2017_3,서울 강남구 강남구청역_1,763,364,399,72,126,215,156,106,88,34,60,93,68,63,46,38,66,122,88,43,42
2017_3,잠실역,4505,2135,2370,721,610,873,661,737,903,355,306,404,279,344,447,366,304,469,382,393,456
2017_3,강남구 논현역_4,1915,940,975,151,354,507,343,266,294,79,163,233,173,151,141,72,191,274,170,115,153
2017_3,학동역,470,186,284,23,78,174,81,59,55,13,32,66,26,27,22,10,46,108,55,32,33
2017_3,방이동 먹자골목,1498,809,689,101,264,370,247,248,268,51,129,204,144,139,142,50,135,166,103,109,126
2017_3,서울 강남구 학동역_2,98,52,46,5,21,35,14,11,12,2,6,22,9,8,5,3,15,13,5,3,7
2017_3,서울 동작구 노량진역,1045,520,525,38,534,186,105,63,119,20,243,111,65,28,53,18,291,75,40,35,66
2017_3,삼성역_3,50,36,14,0,12,8,7,8,15,0,9,6,6,4,11,0,3,2,1,4,4
2017_3,코엑스,20,15,5,5,1,1,4,4,5,4,0,1,3,3,4,1,1,0,1,1,1
2017_3,서울 강남구 학동역_1,936,411,525,83,190,251,156,87,169,43,70,100,79,41,78,40,120,151,77,46,91
2017_3,선정릉역_2,3092,1396,1696,386,449,755,615,395,492,195,195,321,286,198,201,191,254,434,329,197,291
2017_3,강남구 논현역_3,83,30,53,4,16,19,15,13,16,2,3,3,10,5,7,2,13,16,5,8,9
2017_3,포스코사거리_2,732,372,360,72,142,155,139,117,107,43,60,80,71,67,51,29,82,75,68,50,56
2017_3,포스코사거리_1,2157,1047,1110,247,336,514,404,299,357,126,158,228,214,156,165,121,178,286,190,143,192
2017_3,신도림역,5105,2428,2677,878,788,1185,787,833,634,434,347,569,372,388,318,444,441,616,415,445,316
2017_3,강남구 논현역_2,3980,1905,2075,288,807,1110,632,455,688,152,350,525,331,246,301,136,457,585,301,209,387
2017_3,선정릉역_1,627,282,345,84,127,111,112,103,90,42,51,45,51,49,44,42,76,66,61,54,46
2017_3,신천역,2839,1370,1469,267,486,684,474,414,514,148,220,332,248,189,233,119,266,352,226,225,281
2017_3,강남구 논현역_1,2063,1062,1001,108,392,554,366,296,347,54,184,269,218,169,168,54,208,285,148,127,179
2017_3,삼성역_2,9,6,3,0,1,2,1,2,3,0,0,2,1,1,2,0,1,0,0,1,1
2017_3,삼정역_2,599,291,308,44,92,176,106,81,100,23,48,70,61,39,50,21,44,106,45,42,50
2017_3,삼정역_1,95,44,51,4,19,24,10,18,20,1,6,15,4,8,10,3,13,9,6,10,10
2017_3,삼성역_1,1371,684,687,173,243,347,233,176,199,93,101,182,113,96,99,80,142,165,120,80,100
2017_3,서울 강남구 선릉역_2,2213,1082,1131,120,488,662,349,270,324,60,213,326,198,128,157,60,275,336,151,142,167
2017_3,서울 서초구 강남역,3045,1564,1481,133,711,974,409,367,451,73,334,503,238,188,228,60,377,471,171,179,223
2017_3,서울 강남구 선릉역_1,697,359,338,54,92,189,191,86,85,30,43,91,102,51,42,24,49,98,89,35,43
2017_3,서울 송파구 석촌역_2,608,289,319,98,89,155,96,75,95,55,36,69,44,38,47,43,53,86,52,37,48
2017_3,선릉역_2,4112,1854,2258,453,713,1172,841,483,450,201,273,499,411,255,215,252,440,673,430,228,235
2017_3,서울 강남구 역삼역_2,984,486,498,73,198,264,143,143,163,43,84,121,81,74,83,30,114,143,62,69,80
2017_3,서울 송파구 석촌역_1,203,89,114,21,34,54,38,23,33,13,11,20,21,9,15,8,23,34,17,14,18
2017_3,석촌역,6,2,4,0,2,1,1,1,1,0,1,0,0,1,0,0,1,1,1,0,1
2017_3,서울 강남구 강남역_2,2017,914,1103,194,342,389,375,291,426,81,135,176,175,153,194,113,207,213,200,138,232
2017_3,선릉역_1,1274,544,730,262,149,263,327,144,129,105,57,100,145,77,60,157,92,163,182,67,69
2017_3,구로역,714,344,370,116,107,200,110,89,92,59,37,95,65,44,44,57,70,105,45,45,48
2017_3,역삼역_2,454,318,136,356,24,38,11,12,13,261,10,21,8,10,8,95,14,17,3,2,5
2017_3,대림역_2,2666,1276,1390,244,685,790,438,276,233,122,221,400,255,168,110,122,464,390,183,108,123
2017_3,서울 강남구 역삼역_1,5422,2814,2608,357,1024,1465,1017,701,858,178,439,784,584,404,425,179,585,681,433,297,433
2017_3,신대방삼거리역,1255,617,638,114,255,293,195,166,232,54,108,135,110,98,112,60,147,158,85,68,120
2017_3,서울 강남구 한티역,2174,1030,1144,410,358,256,459,363,328,217,166,122,194,184,147,193,192,134,265,179,181
2017_3,은마아파트입구사거리_4,364,194,170,99,39,27,98,66,35,70,19,12,39,37,17,29,20,15,59,29,18
2017_3,은마아파트입구사거리_3,326,164,162,66,51,30,76,50,53,37,24,18,31,27,27,29,27,12,45,23,26
2017_3,은마아파트입구사거리_2,33,15,18,3,8,3,3,7,9,0,4,1,2,3,5,3,4,2,1,4,4
2017_3,오류동역,3809,1845,1964,280,923,1133,557,383,533,129,346,588,330,194,258,151,577,545,227,189,275
2017_3,서울 강남구 강남역,2454,1152,1302,174,615,771,361,245,288,98,266,351,192,114,131,76,349,420,169,131,157
2017_3,은마아파트입구사거리_1,182,97,85,40,29,16,38,37,22,24,19,10,19,17,8,16,10,6,19,20,14
2017_3,대림역_1,1777,817,960,82,639,605,258,90,103,41,194,317,149,66,50,41,445,288,109,24,53
2017_3,교대역_4,1423,688,735,286,225,145,284,201,282,131,111,74,124,107,141,155,114,71,160,94,141
2017_3,서울 강남구 강남역_1,1367,624,743,180,205,368,229,180,205,72,96,165,112,86,93,108,109,203,117,94,112
2017_3,방배동카페골목,2675,1278,1397,637,283,382,591,357,425,308,149,166,283,188,184,329,134,216,308,169,241
2017_3,교대역_3,20,9,11,1,0,6,1,6,6,0,0,2,1,3,3,1,0,4,0,3,3
2017_3,역삼역_1,2814,1371,1443,303,520,835,442,306,408,146,255,430,214,130,196,157,265,405,228,176,212
2017_3,교대역_2,1561,727,834,164,297,352,258,231,259,80,133,164,128,108,114,84,164,188,130,123,145
2017_3,서울 송파구 가락시장역,517,294,223,24,71,119,79,103,121,13,29,55,50,78,69,11,42,64,29,25,52
2017_3,서울 서초구 서초역,55,30,25,8,9,7,6,10,15,4,6,5,4,4,7,4,3,2,2,6,8
2017_3,서울 강남구 대치역_2,420,203,217,135,49,48,98,58,32,70,26,15,47,31,14,65,23,33,51,27,18
2017_3,서울 강남구 대치역_1,503,253,250,154,52,34,143,72,48,80,28,15,69,38,23,74,24,19,74,34,25
2017_3,뱅뱅사거리_2,1847,812,1035,122,459,621,278,188,179,62,162,293,132,82,81,60,297,328,146,106,98
2017_3,보라매공원,5255,2491,2764,938,640,859,869,623,1326,460,322,382,412,289,626,478,318,477,457,334,700
2017_3,교대역_1,2582,1265,1317,258,504,528,371,446,475,120,240,260,192,227,226,138,264,268,179,219,249
2017_3,개봉동 현대아파트 인근,2800,1402,1398,339,356,406,419,517,763,180,192,216,207,263,344,159,164,190,212,254,419
2017_3,뱅뱅사거리,1430,605,825,90,416,497,240,106,81,49,134,220,117,47,38,41,282,277,123,59,43
2017_3,뱅뱅사거리_1,1121,600,521,124,239,343,164,122,129,64,112,199,101,59,65,60,127,144,63,63,64
2017_3,서울 관악구 신림역_4,3052,1493,1559,130,1132,1009,341,195,245,77,461,541,189,106,119,53,671,468,152,89,126
2017_3,동작구 총신대입구역_1,1146,527,619,90,244,230,160,145,277,38,94,113,85,73,124,52,150,117,75,72,153
2017_3,양재역_3,1989,956,1033,236,321,504,310,260,358,117,158,237,147,124,173,119,163,267,163,136,185
2017_3,동작구 총신대입구역_2,1819,796,1023,371,231,359,429,228,201,164,83,159,185,123,82,207,148,200,244,105,119
2017_3,서울 서초구 남부터미널역_3,449,217,232,47,90,109,72,44,87,26,43,43,42,22,41,21,47,66,30,22,46
2017_3,서울 강남구 수서역,1579,739,840,144,142,264,244,239,546,72,56,117,141,146,207,72,86,147,103,93,339
2017_3,서울 관악구 신림역_3,877,478,399,17,343,235,98,80,104,6,144,155,64,54,55,11,199,80,34,26,49
2017_3,서울 서초구 남부터미널역_2,1571,818,753,84,306,479,304,232,166,51,112,232,169,158,96,33,194,247,135,74,70
2017_3,구로디지탈1단지,133,73,60,12,11,27,17,32,34,5,8,14,9,21,16,7,3,13,8,11,18
2017_3,양재역,1690,759,931,245,305,356,283,233,268,100,130,160,139,104,126,145,175,196,144,129,142
2017_3,문정역,384,206,178,54,64,75,67,60,64,35,34,40,39,29,29,19,30,35,28,31,35
2017_3,매봉역,549,276,273,67,107,93,98,89,95,36,50,43,53,47,47,31,57,50,45,42,48
2017_3,서울 서초구 방배역,1234,603,631,157,182,282,222,161,230,88,77,137,123,79,99,69,105,145,99,82,131
2017_3,서울 서초구 남부터미널역_1,1318,635,683,217,204,215,209,226,247,115,94,100,101,103,122,102,110,115,108,123,125
2017_3,서울 관악구 신림역_2,1571,831,740,80,527,374,177,165,248,47,273,215,96,76,124,33,254,159,81,89,124
2017_3,서울 관악구 신림역_1,521,239,282,15,197,153,62,44,50,7,74,79,33,22,24,8,123,74,29,22,26
2017_3,양재역_2,887,423,464,102,152,207,148,125,153,49,66,100,76,63,69,53,86,107,72,62,84
2017_3,양재역_1,11,6,5,0,3,0,2,4,2,0,2,0,2,1,1,0,1,0,0,3,1
2017_3,서울 관악구 서울대입구역_2,463,247,216,14,161,105,49,52,82,9,74,56,36,30,42,5,87,49,13,22,40
2017_3,가산디지털단지역_3,1523,838,685,27,408,406,230,248,204,13,130,231,155,188,121,14,278,175,75,60,83
2017_3,구로디지털단지역,407,234,173,24,41,37,61,112,132,16,19,25,37,74,63,8,22,12,24,38,69
2017_3,서울 관악구 서울대입구역_1,6088,2873,3215,252,2623,1527,598,510,578,111,1098,748,339,276,301,141,1525,779,259,234,277
2017_3,관악구 사당역_1,897,430,467,131,148,156,156,146,160,62,71,70,80,64,83,69,77,86,76,82,77
2017_3,가산디지털단지역_2,477,248,229,43,75,107,60,66,126,22,39,58,36,34,59,21,36,49,24,32,67
2017_3,관악구 사당역_2,948,436,512,44,240,219,114,123,208,21,91,104,54,64,102,23,149,115,60,59,106
2017_3,가산디지털단지역_1,29,20,9,1,3,7,5,7,6,0,0,4,5,6,5,1,3,3,0,1,1
2017_3,포이사거리_1,77,46,31,9,13,22,17,8,8,5,8,11,13,3,6,4,5,11,4,5,2
2017_3,포이사거리_2,1797,994,803,166,302,428,342,296,263,99,150,236,207,174,128,67,152,192,135,122,135
2017_3,관악구 사당역_3,307,136,171,14,83,85,37,36,52,5,27,44,19,16,25,9,56,41,18,20,27
2017_3,서울 관악구 대학동_1,1633,1011,622,102,653,357,187,136,198,55,402,261,126,73,94,47,251,96,61,63,104
2017_3,서울 금천구 독산1동_1,1058,584,474,51,177,273,202,175,180,26,84,164,123,105,82,25,93,109,79,70,98
2017_3,양재 화물트럭터미널앞_2,1731,831,900,491,167,273,349,193,258,258,80,120,186,86,101,233,87,153,163,107,157
2017_3,양재 화물트럭터미널앞_1,2,2,0,0,0,0,0,1,1,0,0,0,0,1,1,0,0,0,0,0,0
2017_3,서울 금천구 시흥1동_4,1602,838,764,114,181,221,258,319,509,58,94,114,155,189,228,56,87,107,103,130,281
2017_3,풍성로37가길,3307,1684,1623,390,470,595,542,600,710,205,240,329,291,295,324,185,230,266,251,305,386
2017_3,천호옛길,4041,2042,1999,464,570,718,621,715,953,227,282,397,340,358,438,237,288,321,281,357,515
2017_3,천호옛14길,2103,1025,1078,200,328,358,304,382,531,98,158,187,155,181,246,102,170,171,149,201,285
2017_3,천호대로219길,2316,1179,1137,332,326,284,358,475,541,173,171,155,185,246,249,159,155,129,173,229,292
2017_3,천호대로197길,4978,2481,2497,766,755,799,764,898,996,397,389,418,376,433,468,369,366,381,388,465,528
2017_3,천호대로187길,2865,1413,1452,404,394,547,396,495,629,203,200,293,185,236,296,201,194,254,211,259,333
2017_3,천호대로170길,4325,2158,2167,554,672,942,631,703,823,285,333,493,317,336,394,269,339,449,314,367,429
2017_3,천호대로162길,2664,1339,1325,364,392,461,406,471,570,188,202,242,216,220,271,176,190,219,190,251,299
2017_3,천중로51길,4566,2223,2343,677,652,755,651,771,1060,358,330,383,320,357,475,319,322,372,331,414,585
2017_3,천중로39길,6879,3391,3488,1032,1019,1182,1071,1167,1408,532,501,635,532,538,653,500,518,547,539,629,755
2017_3,진황도로47길,1795,886,909,200,272,387,258,300,378,107,119,205,139,138,178,93,153,182,119,162,200
2017_3,진황도로27길,7268,3663,3605,815,988,1428,1057,1212,1768,407,470,772,576,595,843,408,518,656,481,617,925
2017_3,올림픽로98길,3277,1634,1643,377,403,609,516,606,766,194,210,335,261,303,331,183,193,274,255,303,435
2017_3,올림픽로80길,2120,1095,1025,239,254,275,342,420,590,130,142,149,179,225,270,109,112,126,163,195,320
2017_3,올림픽로78길,1923,1017,906,149,195,229,325,438,587,65,101,133,190,251,277,84,94,96,135,187,310
2017_3,올림픽로77길,2487,1274,1213,261,333,467,363,473,590,130,159,261,203,246,275,131,174,206,160,227,315
2017_3,올림픽로71길,2545,1277,1268,232,338,419,363,477,716,127,176,225,191,239,319,105,162,194,172,238,397
2017_3,올림픽로48길,1529,732,797,254,197,307,270,206,295,132,97,138,134,102,129,122,100,169,136,104,166
2017_3,양재대로96길,3580,1794,1786,717,428,628,613,487,707,385,223,312,311,234,329,332,205,316,302,253,378
2017_3,양재대로95길,3564,1741,1823,500,551,649,548,627,689,272,282,331,276,281,299,228,269,318,272,346,390
2017_3,양재대로91길,4318,2133,2185,735,611,682,716,745,829,401,335,343,347,357,350,334,276,339,369,388,479
2017_3,양재대로133길,5262,2591,2671,745,779,821,753,939,1225,372,401,437,387,429,565,373,378,384,366,510,660
2017_3,양재대로124길,4535,2266,2269,634,686,781,697,848,889,330,365,408,348,402,413,304,321,373,349,446,476
2017_3,양재대로116길,1513,726,787,201,248,272,218,250,324,104,118,138,110,113,143,97,130,134,108,137,181
2017_3,양재대로101길,4947,2438,2509,588,760,1156,720,774,949,310,366,602,367,340,453,278,394,554,353,434,496
2017_3,암사길,6995,3499,3496,1033,971,1187,1067,1218,1519,525,509,642,544,602,677,508,462,545,523,616,842
2017_3,성안로3길,4752,2339,2413,811,694,810,834,756,847,447,346,403,399,351,393,364,348,407,435,405,454
2017_3,성내로5길,3667,1774,1893,700,495,625,613,552,682,353,251,283,311,256,320,347,244,342,302,296,362
2017_3,상일로5길,1374,699,675,228,232,172,206,288,248,118,138,81,98,141,123,110,94,91,108,147,125
2017_3,상암로5길,1955,984,971,276,256,395,324,273,431,154,126,210,165,133,196,122,130,185,159,140,235
2017_3,상암로51길,3072,1486,1586,505,455,409,507,533,663,259,236,208,241,239,303,246,219,201,266,294,360
2017_3,상암로4길,3328,1681,1647,460,450,748,554,530,586,231,218,384,299,261,288,229,232,364,255,269,298
2017_3,상암로14길,4271,2077,2194,642,568,841,629,704,887,310,282,427,313,331,414,332,286,414,316,373,473
2017_3,명일로13길,2585,1329,1256,384,406,373,399,458,565,221,211,201,210,229,257,163,195,172,189,229,308
2017_3,동남로85길,3009,1554,1455,458,434,357,464,583,713,238,240,204,241,292,339,220,194,153,223,291,374
2017_3,동남로82길,1847,991,856,234,258,213,274,420,448,126,147,121,152,227,218,108,111,92,122,193,230
2017_3,동남로65길,2727,1342,1385,553,366,282,535,467,524,294,198,153,247,230,220,259,168,129,288,237,304
2017_3,구천면로42길,4498,2331,2167,595,559,706,727,882,1029,317,288,384,396,460,486,278,271,322,331,422,543
2017_3,구천면로41길,5364,2718,2646,750,693,870,882,964,1205,393,370,467,480,457,551,357,323,403,402,507,654
2017_3,구천면로36길,2682,1384,1298,333,391,370,411,545,632,183,192,206,212,290,301,150,199,164,199,255,331
2017_3,고덕로61길,1474,744,730,289,181,245,244,234,281,149,97,121,133,118,126,140,84,124,111,116,155
2017_3,고덕로25길,1583,781,802,329,195,269,242,232,316,157,106,134,118,118,148,172,89,135,124,114,168
2017_3,고덕로10길,2210,1097,1113,350,307,417,382,346,408,190,148,213,201,153,192,160,159,204,181,193,216
2017_3,강동대로53길,4175,2123,2052,780,577,625,724,708,761,467,308,328,355,320,345,313,269,297,369,388,416
2017_3,풍성로25길,2035,990,1045,222,252,307,290,390,574,118,128,159,160,170,255,104,124,148,130,220,319
2017_3,오금로46길,2764,1385,1379,562,400,410,474,452,466,301,207,208,230,212,227,261,193,202,244,240,239
2017_3,오금로36길,2808,1385,1423,401,505,523,447,454,478,204,240,285,219,207,230,197,265,238,228,247,248
2017_3,오금로11길,4882,2345,2537,519,761,1219,709,769,905,271,368,617,362,330,397,248,393,602,347,439,508
2017_3,양재대로72길,2798,1360,1438,441,476,335,463,540,543,223,251,161,209,262,254,218,225,174,254,278,289
2017_3,양재대로71길,1529,730,799,260,232,248,241,247,301,131,119,119,106,113,142,129,113,129,135,134,159
2017_3,양재대로64길,2591,1322,1269,396,386,483,409,450,467,203,201,246,215,223,234,193,185,237,194,227,233
2017_3,양재대로62길,1593,817,776,239,218,344,266,240,286,131,107,188,134,127,130,108,111,156,132,113,156
2017_3,송파대로30길,2690,1400,1290,323,425,409,453,551,529,176,217,213,238,279,277,147,208,196,215,272,252
2017_3,송이로36길,3186,1580,1606,491,485,616,497,517,580,262,247,307,249,238,277,229,238,309,248,279,303
2017_3,송이로32길,5231,2569,2662,810,860,1051,851,864,795,409,440,544,413,398,365,401,420,507,438,466,430
2017_3,송이로23길,4746,2384,2362,669,797,961,730,752,837,368,397,493,360,366,400,301,400,468,370,386,437
2017_3,삼전로13길,6560,3088,3472,789,1178,1589,1028,951,1025,419,538,754,482,434,461,370,640,835,546,517,564
2017_3,백제고분로50길,8587,4187,4400,1302,1332,1625,1319,1380,1629,718,657,802,635,625,750,584,675,823,684,755,879
2017_3,백제고분로46길,3249,1547,1702,503,514,693,514,487,538,254,246,344,232,234,237,249,268,349,282,253,301
2017_3,백제고분로45길,4737,2270,2467,659,777,1142,695,674,790,326,361,554,353,306,370,333,416,588,342,368,420
2017_3,백제고분로42길,4234,2007,2227,495,777,1072,637,589,664,260,342,522,302,273,308,235,435,550,335,316,356
2017_3,백제고분로39길,3362,1550,1812,421,589,815,496,460,581,241,225,389,236,198,261,180,364,426,260,262,320
2017_3,백제고분로34길,7835,3850,3985,1118,1150,1766,1300,1155,1346,603,573,896,646,549,583,515,577,870,654,606,763
2017_3,백제고분로33길,6139,2901,3238,724,1077,1585,945,815,993,380,476,768,477,366,434,344,601,817,468,449,559
2017_3,백제고분로32길,6540,3147,3393,1042,964,1434,1136,900,1064,542,466,714,554,407,464,500,498,720,582,493,600
2017_3,백제고분로31길,6369,2929,3440,924,994,1452,1093,866,1040,468,443,665,520,385,448,456,551,787,573,481,592
2017_3,백제고분로22길,6883,3277,3606,1001,1074,1624,1187,963,1034,508,504,769,578,436,482,493,570,855,609,527,552
2017_3,백제고분로21길,2451,1199,1252,276,381,632,408,389,365,150,172,296,207,210,164,126,209,336,201,179,201
2017_3,마천로51길,4395,2224,2171,602,558,584,702,810,1139,304,281,309,381,428,521,298,277,275,321,382,618
2017_3,동남로20길,3436,1629,1807,641,502,583,595,533,582,312,228,297,273,260,259,329,274,286,322,273,323
2017_3,거마로20길,3389,1714,1675,470,359,417,553,662,928,239,203,220,296,347,409,231,156,197,257,315,519
2017_3,학동로77길,2518,1204,1314,562,299,467,556,298,336,331,133,178,261,144,157,231,166,289,295,154,179
2017_3,학동로6길,1652,734,918,143,322,457,286,165,279,72,133,194,132,81,122,71,189,263,154,84,157
2017_3,학동로56길,1003,473,530,169,151,188,178,134,183,82,82,86,76,63,84,87,69,102,102,71,99
2017_3,학동로38길,1531,693,838,163,274,423,255,168,248,76,109,201,134,77,96,87,165,222,121,91,152
2017_3,테헤란로81길,444,210,234,39,68,99,65,64,109,24,33,53,29,29,42,15,35,46,36,35,67
2017_3,일원로9길,3420,1667,1753,555,635,559,529,543,599,301,324,264,259,248,271,254,311,295,270,295,328
2017_3,일원로3길,2353,1174,1179,436,371,379,373,376,418,241,197,187,186,169,194,195,174,192,187,207,224
2017_3,영동대로65길,2501,1252,1249,376,361,311,417,440,596,223,206,160,177,219,267,153,155,151,240,221,329
2017_3,영동대로112길,1966,964,1002,336,291,340,367,269,363,188,156,163,164,122,171,148,135,177,203,147,192
2017_3,언주로81길,3539,1703,1836,399,624,941,636,484,455,178,273,457,337,251,207,221,351,484,299,233,248
2017_3,압구정로2길,1044,470,574,150,180,228,199,124,163,76,81,86,96,59,72,74,99,142,103,65,91
2017_3,선릉로18길,1660,845,815,250,246,238,257,301,368,140,138,123,124,155,165,110,108,115,133,146,203
2017_3,선릉로146길,2103,964,1139,244,387,482,367,278,345,129,150,229,179,131,146,115,237,253,188,147,199
2017_3,선릉로133길,1573,697,876,204,270,356,274,189,280,104,102,153,126,92,120,100,168,203,148,97,160
2017_3,선릉로132길,2058,937,1121,386,311,387,379,268,327,206,125,149,183,132,142,180,186,238,196,136,185
2017_3,선릉로121길,846,392,454,89,139,208,164,104,142,46,72,85,86,45,58,43,67,123,78,59,84
2017_3,삼성로75길,2529,1229,1300,425,416,484,503,330,371,246,204,220,209,172,178,179,212,264,294,158,193
2017_3,삼성로69길,3414,1647,1767,635,577,549,726,486,441,361,280,262,311,246,187,274,297,287,415,240,254
2017_3,삼성로64길,3265,1724,1541,861,471,199,846,557,331,553,260,95,368,300,148,308,211,104,478,257,183
2017_3,삼성로63길,4216,1988,2228,737,736,639,885,694,525,408,341,296,376,344,223,329,395,343,509,350,302
2017_3,삼성로57길,1767,919,848,544,207,108,443,314,151,338,102,42,186,178,73,206,105,66,257,136,78
2017_3,삼성로147길,1260,557,703,183,214,284,196,165,218,86,91,114,93,80,93,97,123,170,103,85,125
2017_3,삼성로115길,2820,1307,1513,534,398,587,546,326,429,295,195,233,249,148,187,239,203,354,297,178,242
2017_3,봉은사로68길,1482,662,820,173,231,430,269,153,226,89,100,179,130,72,92,84,131,251,139,81,134
2017_3,봉은사로57길,1562,702,860,217,269,376,302,178,220,123,120,153,125,91,90,94,149,223,177,87,130
2017_3,봉은사로43길,3240,1540,1700,551,458,674,630,372,555,305,206,302,293,182,252,246,252,372,337,190,303
2017_3,봉은사로29길,1275,580,695,118,225,376,226,145,185,55,107,156,109,69,84,63,118,220,117,76,101
2017_3,봉은사로109길,2276,1091,1185,440,306,372,389,333,436,234,148,177,172,157,203,206,158,195,217,176,233
2017_3,도산대로89길,2014,943,1071,288,325,386,354,293,368,158,149,186,154,128,168,130,176,200,200,165,200
2017_3,도산대로81길,1271,598,673,226,172,180,198,184,311,121,80,82,82,83,150,105,92,98,116,101,161
2017_3,도산대로50길,2431,1112,1319,360,326,542,382,294,527,185,143,228,189,137,230,175,183,314,193,157,297
2017_3,도산대로38길,1037,470,567,94,185,332,169,105,152,45,77,153,93,39,63,49,108,179,76,66,89
2017_3,도산대로30길,931,443,488,77,170,224,173,108,179,39,79,103,81,51,90,38,91,121,92,57,89
2017_3,도산대로23길,1563,684,879,193,316,351,255,204,244,93,137,145,114,83,112,100,179,206,141,121,132
2017_3,도산대로15길,792,353,439,99,148,200,128,91,126,50,57,86,55,49,56,49,91,114,73,42,70
2017_3,도곡로37길,5832,2669,3163,730,937,1426,990,739,1010,365,405,655,455,346,443,365,532,771,535,393,567
2017_3,논현로8길,3410,1697,1713,564,519,641,601,541,544,297,270,340,284,270,236,267,249,301,317,271,308
2017_3,논현로63길,2720,1296,1424,361,432,657,459,360,451,186,199,289,239,166,217,175,233,368,220,194,234
2017_3,논현로28길,86,47,39,14,10,12,14,14,22,7,7,7,7,5,14,7,3,5,7,9,8
2017_3,논현로26길,1282,577,705,139,213,220,213,206,291,68,85,95,105,89,135,71,128,125,108,117,156
2017_3,논현로159길,474,209,265,55,89,103,73,67,87,32,32,47,34,25,39,23,57,56,39,42,48
2017_3,논현로139길,1448,685,763,166,218,333,246,178,307,82,104,159,118,84,138,84,114,174,128,94,169
2017_3,논현로123길,2160,1020,1140,125,371,583,460,292,329,68,169,264,230,149,140,57,202,319,230,143,189
2017_3,논현로115길,3379,1601,1778,273,712,947,498,436,513,127,314,440,270,210,240,146,398,507,228,226,273
2017_3,논현로10길,1598,790,808,285,224,274,333,252,230,151,102,151,154,129,103,134,122,123,179,123,127
2017_3,논현로106길,2048,890,1158,152,373,709,336,201,277,70,146,298,166,84,126,82,227,411,170,117,151
2017_3,남부순환로365길,3583,1733,1850,760,467,597,686,547,526,383,229,286,324,273,238,377,238,311,362,274,288
2017_3,개포로82길,32,24,8,0,2,10,6,8,6,0,1,8,6,5,4,0,1,2,0,3,2
2017_3,개포로28길,1997,970,1027,388,293,329,412,311,264,186,149,167,193,152,123,202,144,162,219,159,141
2017_3,개포로20길,2293,1126,1167,304,403,439,401,400,346,153,206,228,201,180,158,151,197,211,200,220,188
2017_3,개포로17길,3601,1781,1820,620,519,611,653,586,612,336,256,309,306,294,280,284,263,302,347,292,332
2017_3,강남대로140길,1681,789,892,161,305,423,230,275,287,84,136,205,118,118,128,77,169,218,112,157,159
2017_3,강남대로136길,1226,556,670,130,173,264,211,169,279,72,73,103,100,69,139,58,100,161,111,100,140
2017_3,강남대로118길,1486,650,836,109,329,448,232,157,211,59,135,190,114,63,89,50,194,258,118,94,122
2017_3,서초중앙로8길,2699,1321,1378,479,372,523,458,353,514,234,186,263,223,167,248,245,186,260,235,186,266
2017_3,방배중앙로21길,2752,1273,1479,557,394,387,526,453,435,250,169,186,230,231,207,307,225,201,296,222,228
2017_3,효령로72길,2167,1071,1096,428,253,432,435,283,336,224,122,197,225,136,167,204,131,235,210,147,169
2017_3,효령로34길,1844,903,941,271,211,340,317,283,422,149,106,167,157,130,194,122,105,173,160,153,228
2017_3,효령로31길,1869,857,1012,269,249,411,327,236,377,143,109,188,156,99,162,126,140,223,171,137,215
2017_3,효령로23길,4293,1986,2307,676,699,840,718,616,744,362,315,382,310,279,338,314,384,458,408,337,406
2017_3,청두곶길,4019,1923,2096,603,621,689,662,578,866,314,297,338,314,267,393,289,324,351,348,311,473
2017_3,주흥길,4142,2009,2133,238,952,1210,693,469,580,122,426,584,381,236,260,116,526,626,312,233,320
2017_3,주흥15길,2815,1337,1478,221,510,808,481,323,472,112,226,376,267,162,194,109,284,432,214,161,278
2017_3,언남길,2129,1068,1061,323,334,429,401,298,344,168,176,196,210,163,155,155,158,233,191,135,189
2017_3,신반포로45길,2694,1287,1407,321,434,622,447,356,514,172,186,301,221,165,242,149,248,321,226,191,272
2017_3,서초대로8길,4061,1972,2089,538,606,610,622,664,1021,291,304,315,300,296,466,247,302,295,322,368,555
2017_3,서초대로64길,1784,874,910,407,221,299,365,261,231,218,114,122,183,123,114,189,107,177,182,138,117
2017_3,서초대로4길,3520,1641,1879,532,559,641,548,512,728,259,250,320,250,226,336,273,309,321,298,286,392
2017_3,서초대로25길,1231,576,655,197,186,238,197,180,233,103,89,113,86,77,108,94,97,125,111,103,125
2017_3,서초대로23길,2759,1290,1469,413,362,531,469,401,583,214,163,249,222,196,246,199,199,282,247,205,337
2017_3,서초대로15길,3797,1721,2076,602,605,789,619,520,662,277,280,335,301,241,287,325,325,454,318,279,375
2017_3,사평대로57길,1233,544,689,60,281,342,195,146,209,30,113,151,94,65,91,30,168,191,101,81,118
2017_3,사평대로26길,274,116,158,42,45,35,47,35,70,19,18,13,19,14,33,23,27,22,28,21,37
2017_3,사평대로22길,1605,734,871,319,208,258,308,250,262,164,102,106,128,113,121,155,106,152,180,137,141
2017_3,사임당로17길,1085,528,557,160,183,243,161,144,194,80,93,118,87,62,88,80,90,125,74,82,106
2017_3,방배로42길,1002,456,546,233,135,154,193,132,155,110,63,72,90,60,61,123,72,82,103,72,94
2017_3,방배로35길,1821,846,975,356,257,229,358,297,324,166,118,99,159,154,150,190,139,130,199,143,174
2017_3,방배로18길,1691,795,896,219,286,412,255,209,310,119,120,202,122,97,135,100,166,210,133,112,175
2017_3,반포대로9길,1679,817,862,281,258,241,283,280,336,159,132,121,124,130,151,122,126,120,159,150,185
2017_3,바우뫼로39길,2833,1381,1452,384,417,613,408,415,596,204,207,313,192,193,272,180,210,300,216,222,324
2017_3,마방로2길,1516,758,758,235,203,358,258,201,261,118,106,189,139,95,111,117,97,169,119,106,150
2017_3,방배천로4안길,1165,541,624,166,212,240,165,173,209,92,84,107,87,74,97,74,128,133,78,99,112
2017_3,동산로19길,2047,1039,1008,299,291,503,388,276,290,149,156,263,204,140,127,150,135,240,184,136,163
2017_3,동산로10길,3313,1645,1668,522,503,679,574,469,566,290,252,350,281,222,250,232,251,329,293,247,316
2017_3,동광로39길,1707,776,931,321,211,261,336,247,331,163,94,112,148,125,134,158,117,149,188,122,197
2017_3,동광로1길,3407,1581,1826,601,509,596,671,521,509,300,233,296,298,243,211,301,276,300,373,278,298
2017_3,동광로12길,1379,620,759,271,191,193,271,201,252,105,83,96,124,101,111,166,108,97,147,100,141
2017_3,논현로27길,1814,870,944,183,257,433,351,235,355,90,121,217,174,108,160,93,136,216,177,127,195
2017_3,논현로1길,3145,1539,1606,530,439,653,583,511,429,254,218,333,301,241,192,276,221,320,282,270,237
2017_3,남부순환로339길,1477,710,767,242,217,360,267,163,228,115,101,185,131,77,101,127,116,175,136,86,127
2017_3,남부순환로325길,2631,1282,1349,393,403,377,433,457,568,202,192,186,217,226,259,191,211,191,216,231,309
2017_3,남부순환로317길,1779,870,909,348,291,287,312,264,277,196,153,127,139,126,129,152,138,160,173,138,148
2017_3,고무래로8길,2057,980,1077,446,236,320,380,284,391,232,113,141,188,132,174,214,123,179,192,152,217
2017_3,강남대로8길,3669,1815,1854,465,617,889,570,540,588,243,282,459,295,262,274,222,335,430,275,278,314
2017_3,강남대로34길,2656,1268,1388,308,435,708,383,335,487,158,193,381,187,150,199,150,242,327,196,185,288
2017_3,강남대로23길,1183,567,616,135,189,259,178,166,256,75,83,127,87,72,123,60,106,132,91,94,133
2017_3,소담길,710,397,313,44,38,79,163,142,244,32,16,40,105,90,114,12,22,39,58,52,130
2017_3,원신길,1366,685,681,157,176,207,175,259,392,83,84,119,96,134,169,74,92,88,79,125,223
2017_3,양지길,1817,906,911,195,204,221,282,321,594,95,110,123,163,163,252,100,94,98,119,158,342
2017_3,양산길,1639,829,810,152,270,311,264,249,393,86,142,181,147,105,168,66,128,130,117,144,225
2017_3,호암로24길,2474,1592,882,78,780,633,405,246,332,41,476,444,311,167,153,37,304,189,94,79,179
2017_3,호암로20길,2943,1872,1071,146,852,721,490,333,401,81,537,499,366,193,196,65,315,222,124,140,205
2017_3,행운길,4944,2454,2490,332,1501,1369,563,446,733,172,685,741,316,193,347,160,816,628,247,253,386
2017_3,행운1길,3281,1653,1628,302,658,599,429,488,805,159,311,319,232,262,370,143,347,280,197,226,435
2017_3,청림3길,4354,2142,2212,561,543,638,642,713,1257,282,302,358,342,348,510,279,241,280,300,365,747
2017_3,청룡길,3489,1652,1837,218,1151,802,377,379,562,110,477,424,192,177,272,108,674,378,185,202,290
2017_3,청룡8길,1718,844,874,223,343,344,241,205,362,118,168,182,115,97,164,105,175,162,126,108,198
2017_3,중앙길,3129,1545,1584,353,632,572,454,397,721,176,305,315,249,201,299,177,327,257,205,196,422
2017_3,조원중앙로2길,4355,2240,2115,522,666,757,661,771,978,276,325,435,346,406,452,246,341,322,315,365,526
2017_3,조원로18길,1803,916,887,155,488,436,241,180,303,82,218,254,144,76,142,73,270,182,97,104,161
2017_3,조원로10길,1384,724,660,106,239,281,202,230,326,51,125,152,108,129,159,55,114,129,94,101,167
2017_3,장군봉2길,1794,873,921,172,388,402,212,224,396,88,183,212,121,96,173,84,205,190,91,128,223
2017_3,장군봉1길,905,433,472,105,116,141,114,147,282,60,49,70,65,72,117,45,67,71,49,75,165
2017_3,인헌길,3037,1469,1568,394,469,599,500,417,658,204,232,301,238,198,296,190,237,298,262,219,362
2017_3,은천로25길,1549,762,787,312,168,281,275,206,307,155,93,143,141,108,122,157,75,138,134,98,185
2017_3,양녕로6길,4693,2280,2413,418,1090,945,571,649,1020,219,489,493,302,318,459,199,601,452,269,331,561
2017_3,신원로3길,2750,1358,1392,207,580,504,351,415,693,98,264,290,210,198,298,109,316,214,141,217,395
2017_3,신사로20길,1892,961,931,154,470,409,265,243,351,84,227,228,134,126,162,70,243,181,131,117,189
2017_3,신림로65길,1964,940,1024,71,794,555,201,159,184,32,336,306,103,78,85,39,458,249,98,81,99
2017_3,신림로64길,1642,882,760,44,608,477,190,146,177,25,272,278,118,101,88,19,336,199,72,45,89
2017_3,신림로48길,2590,1365,1225,214,624,565,350,383,454,119,332,340,199,168,207,95,292,225,151,215,247
2017_3,신림로38길,2057,1063,994,207,439,425,290,276,420,111,232,245,164,126,185,96,207,180,126,150,235
2017_3,신림로28길,3336,1929,1407,283,845,764,481,420,543,146,477,509,292,239,266,137,368,255,189,181,277
2017_3,신림로11길,4647,2774,1873,341,1266,1013,711,578,738,179,749,681,482,343,340,162,517,332,229,235,398
2017_3,신림동길,3992,2054,1938,132,1429,1193,470,316,452,73,660,676,280,172,193,59,769,517,190,144,259
2017_3,승방길,3006,1414,1592,223,811,813,319,370,470,110,321,435,154,161,233,113,490,378,165,209,237
2017_3,서림7길,4196,2753,1443,235,1518,1089,540,327,487,131,994,790,406,192,240,104,524,299,134,135,247
2017_3,봉천로33길,3862,1933,1929,431,650,734,575,537,935,231,313,397,314,256,422,200,337,337,261,281,513
2017_3,봉천로13길,3819,1905,1914,554,607,633,567,559,899,309,318,328,289,258,403,245,289,305,278,301,496
2017_3,복은길,4312,2346,1966,443,988,919,609,554,799,221,562,561,355,285,362,222,426,358,254,269,437
2017_3,법원단지길,1417,683,734,212,211,195,227,255,317,101,100,111,112,117,142,111,111,84,115,138,175
2017_3,법원단지9길,5340,2692,2648,821,805,714,912,945,1143,446,441,373,461,449,522,375,364,341,451,496,621
2017_3,미성5길,4171,2079,2092,614,639,615,656,745,902,311,332,338,317,369,412,303,307,277,339,376,490
2017_3,대학길,1811,1103,708,101,556,416,259,185,294,50,337,280,188,117,131,51,219,136,71,68,163
2017_3,대학14길,2971,2060,911,169,850,619,545,380,408,87,571,473,424,285,220,82,279,146,121,95,188
2017_3,당곡길,1869,923,946,205,330,344,299,277,414,100,164,177,148,137,197,105,166,167,151,140,217
2017_3,남현길,2022,948,1074,253,390,413,285,256,425,127,164,195,142,122,198,126,226,218,143,134,227
2017_3,남현3길,1563,710,853,102,356,420,190,203,292,46,143,204,91,91,135,56,213,216,99,112,157
2017_3,남현2길,2870,1371,1499,275,604,667,364,403,557,137,265,343,196,181,249,138,339,324,168,222,308
2017_3,남부순환로248길,1687,795,892,173,347,304,249,248,366,87,147,156,119,125,161,86,200,148,130,123,205
2017_3,남부순환로234길,2026,1057,969,176,513,454,271,214,398,88,280,259,139,103,188,88,233,195,132,111,210
2017_3,남부순환로172길,2546,1301,1245,290,529,458,395,370,504,145,290,262,185,174,245,145,239,196,210,196,259
2017_3,남부순환로161길,3927,1973,1954,493,742,643,660,662,727,260,354,370,315,341,333,233,388,273,345,321,394
2017_3,남부순환로151길,3447,1700,1747,386,717,692,523,512,617,206,328,378,264,234,290,180,389,314,259,278,327
2017_3,남부순환로142길,3221,1613,1608,386,568,642,474,498,653,187,284,355,248,254,285,199,284,287,226,244,368
2017_3,난향길,2668,1381,1287,310,337,285,460,443,833,154,188,160,247,244,388,156,149,125,213,199,445
2017_3,난우길,2462,1230,1232,402,323,345,426,415,551,199,173,182,204,212,260,203,150,163,222,203,291
2017_3,난곡로74길,1857,873,984,175,446,384,247,235,370,99,187,194,123,108,162,76,259,190,124,127,208
2017_3,난곡로34길,2661,1350,1311,357,417,400,421,500,566,192,213,213,230,242,260,165,204,187,191,258,306
2017_3,난곡로26길,3426,1763,1663,428,519,451,544,653,831,216,272,286,293,340,356,212,247,165,251,313,475
2017_3,난곡로24길,2567,1357,1210,318,311,327,420,450,741,171,182,189,235,235,345,147,129,138,185,215,396
2017_3,낙성대역길,5319,2680,2639,563,1528,1273,684,502,769,255,760,691,385,246,343,308,768,582,299,256,426
2017_3,국회단지길,5561,2752,2809,857,742,935,936,874,1217,427,382,496,497,399,551,430,360,439,439,475,666
2017_3,구암길,3112,1551,1561,475,334,331,561,513,898,247,174,173,299,262,396,228,160,158,262,251,502
2017_3,관천로22길,4355,2163,2192,399,1020,1044,560,506,826,196,497,574,304,229,363,203,523,470,256,277,463
2017_3,관천로15길,4647,2352,2295,627,861,835,755,697,872,330,437,478,383,324,400,297,424,357,372,373,472
2017_3,관악로30길,1982,1000,982,332,274,347,311,297,421,175,155,175,157,143,195,157,119,172,154,154,226
2017_3,관악로28길,1652,822,830,269,217,281,269,256,360,137,110,146,141,120,168,132,107,135,128,136,192
2017_3,관악로14길,1350,657,693,102,481,254,147,131,235,50,230,134,74,71,98,52,251,120,73,60,137
2017_3,관악로10길,4566,2288,2278,529,1293,904,614,505,721,272,619,517,324,242,314,257,674,387,290,263,407
2017_3,흑석로9길,1937,986,951,194,582,283,225,247,406,97,343,145,117,108,176,97,239,138,108,139,230
2017_3,흑석로13길,565,295,270,66,114,75,80,88,142,33,66,48,44,41,63,33,48,27,36,47,79
2017_3,장승배기로27길,2432,1273,1159,193,480,389,326,395,649,119,260,233,181,192,288,74,220,156,145,203,361
2017_3,장승배기로19길,2561,1316,1245,228,396,341,373,479,744,113,227,194,201,250,331,115,169,147,172,229,413
2017_3,장승배기로10길,400,208,192,39,69,58,59,72,103,19,38,34,29,39,49,20,31,24,30,33,54
2017_3,여의대방로46길,3255,1499,1756,824,494,390,739,448,360,354,211,185,344,248,157,470,283,205,395,200,203
2017_3,여의대방로24길,2841,1348,1493,428,473,574,450,397,519,229,179,281,218,202,239,199,294,293,232,195,280
2017_3,여의대방로22카길,2927,1454,1473,343,580,568,441,427,568,188,263,304,215,215,269,155,317,264,226,212,299
2017_3,여의대방로22나길,2576,1256,1320,411,343,435,448,381,558,214,167,212,227,193,243,197,176,223,221,188,315
2017_3,여의대방로22길,2316,1148,1168,290,426,476,363,335,426,166,193,257,187,158,187,124,233,219,176,177,239
2017_3,양녕로26길,1926,952,974,329,262,312,332,298,393,180,128,152,172,137,183,149,134,160,160,161,210
2017_3,신대방길,4064,1966,2098,482,586,625,670,676,1025,261,284,330,316,332,443,221,302,295,354,344,582
2017_3,성대로29길,2254,1122,1132,318,329,384,390,359,474,173,187,195,198,181,188,145,142,189,192,178,286
2017_3,성대로1길,1032,525,507,93,207,199,136,178,219,48,107,103,74,90,103,45,100,96,62,88,116
2017_3,서달로8가길,674,318,356,61,118,89,86,117,203,25,61,40,46,63,83,36,57,49,40,54,120
2017_3,서달로15길,361,184,177,33,47,58,45,57,121,17,23,28,29,31,56,16,24,30,16,26,65
2017_3,서달로14길,394,184,210,48,72,45,49,67,113,18,37,20,27,34,48,30,35,25,22,33,65
2017_3,서달로10길,2962,1448,1514,319,476,441,465,498,763,159,267,227,241,243,311,160,209,214,224,255,452
2017_3,상도로62길,2914,1382,1532,394,851,556,402,271,440,183,404,273,205,124,193,211,447,283,197,147,247
2017_3,상도로61길,2304,1216,1088,250,688,414,284,256,412,136,407,227,140,113,193,114,281,187,144,143,219
2017_3,상도로47길,4088,2076,2012,510,1173,702,466,495,742,268,661,353,222,235,337,242,512,349,244,260,405
2017_3,상도로37길,1331,628,703,175,352,250,172,153,229,77,163,128,92,67,101,98,189,122,80,86,128
2017_3,상도로15길,3865,1873,1992,374,764,830,549,551,797,193,382,418,282,258,340,181,382,412,267,293,457
2017_3,사당로8길,2576,1240,1336,277,436,524,400,383,556,147,206,260,205,179,243,130,230,264,195,204,313
2017_3,사당로30길,1047,499,548,74,205,278,150,122,218,44,97,125,89,52,92,30,108,153,61,70,126
2017_3,사당로2차길,3341,1627,1714,523,508,616,546,468,680,286,235,306,276,218,306,237,273,310,270,250,374
2017_3,사당로29길,2601,1228,1373,266,446,514,352,447,576,131,212,241,173,222,249,135,234,273,179,225,327
2017_3,사당로26길,2936,1399,1537,272,626,658,343,412,625,147,283,332,172,178,287,125,343,326,171,234,338
2017_3,사당로23나길,1051,533,518,128,137,172,163,164,287,67,75,99,86,81,125,61,62,73,77,83,162
2017_3,사당로23길,1234,592,642,247,155,199,223,170,240,132,68,81,114,85,112,115,87,118,109,85,128
2017_3,사당로20길,2647,1262,1385,302,466,512,401,379,587,149,223,269,200,164,257,153,243,243,201,215,330
2017_3,사당로16길,3599,1727,1872,425,480,657,561,539,937,207,226,355,292,257,390,218,254,302,269,282,547
2017_3,사당로16가길,2193,1056,1137,254,404,414,336,299,486,130,195,202,180,143,206,124,209,212,156,156,280
2017_3,만양로8길,3723,1920,1803,552,723,652,512,494,790,294,422,377,256,221,350,258,301,275,256,273,440
2017_3,만양로14길,953,597,356,46,371,218,84,78,156,28,257,156,59,34,63,18,114,62,25,44,93
2017_3,등용로14길,2031,1020,1011,206,377,357,262,343,486,112,195,202,134,171,206,94,182,155,128,172,280
2017_3,동작대로7길,3371,1620,1751,216,825,764,385,475,706,119,374,371,210,220,326,97,451,393,175,255,380
2017_3,동작대로35길,2575,1294,1281,334,336,437,393,438,637,185,165,239,209,207,289,149,171,198,184,231,348
2017_3,동작대로33길,2614,1236,1378,243,402,465,399,393,712,137,197,235,189,162,316,106,205,230,210,231,396
2017_3,동작대로29길,857,425,432,104,136,136,112,128,241,57,73,71,53,59,112,47,63,65,59,69,129
2017_3,동작대로17길,2434,1128,1306,205,455,513,358,350,553,100,189,234,194,150,261,105,266,279,164,200,292
2017_3,대방동2길,3342,1526,1816,515,650,640,535,437,565,267,286,271,241,200,261,248,364,369,294,237,304
2017_3,대방동27길,4169,2069,2100,801,721,700,804,532,611,418,352,358,409,269,263,383,369,342,395,263,348
2017_3,노량진로6길,3359,1689,1670,349,586,443,488,676,817,175,297,255,264,330,368,174,289,188,224,346,449
2017_3,국사봉길,3950,1895,2055,525,642,841,562,532,848,267,298,440,281,235,374,258,344,401,281,297,474
2017_3,국사봉2길,1294,588,706,140,275,308,183,151,237,78,106,140,83,74,107,62,169,168,100,77,130
2017_3,국사봉1길,3331,1562,1769,339,595,608,506,493,790,173,257,309,254,222,347,166,338,299,252,271,443
2017_3,영신로9길,2730,1422,1308,252,372,512,398,482,714,130,205,277,222,248,340,122,167,235,176,234,374
2017_3,영등포로84길,2462,1253,1209,190,483,424,384,401,580,96,229,245,220,206,257,94,254,179,164,195,323
2017_3,영등포로80길,2245,1138,1107,211,368,374,348,387,557,112,177,217,194,198,240,99,191,157,154,189,317
2017_3,영등포로62길,1693,897,796,141,292,374,244,254,388,71,146,227,135,129,189,70,146,147,109,125,199
2017_3,영등포로35길,1235,724,511,96,238,241,175,204,281,50,128,145,109,138,154,46,110,96,66,66,127
2017_3,영등포로27길,1854,1034,820,162,291,373,283,305,440,80,150,233,179,180,212,82,141,140,104,125,228
2017_3,영등포로25길,1688,836,852,145,317,284,235,297,410,63,136,163,132,152,190,82,181,121,103,145,220
2017_3,여의대방로61길,2368,1198,1170,254,312,492,383,367,560,122,148,287,202,187,252,132,164,205,181,180,308
2017_3,여의대방로43나길,3504,1753,1751,445,497,533,569,629,831,246,249,290,291,304,373,199,248,243,278,325,458
2017_3,여의대방로39길,405,194,211,34,57,65,59,79,111,21,23,34,30,39,47,13,34,31,29,40,64
2017_3,여의대방로35길,1622,825,797,196,226,217,267,274,442,104,122,118,138,135,208,92,104,99,129,139,234
2017_3,양평로28길,3969,2026,1943,601,620,998,608,552,590,308,282,555,319,287,275,293,338,443,289,265,315
2017_3,양평로22라길,1559,768,791,197,263,502,257,154,186,109,99,274,132,77,77,88,164,228,125,77,109
2017_3,양평로19길,3254,1615,1639,569,476,613,552,462,582,294,237,310,284,225,265,275,239,303,268,237,317
2017_3,신길로60길,3151,1548,1603,332,390,451,489,555,934,167,185,236,244,284,432,165,205,215,245,271,502
2017_3,신길로42길,2891,1451,1440,333,419,350,451,555,783,168,209,208,237,283,346,165,210,142,214,272,437
2017_3,신길로42가길,4729,2337,2392,643,625,539,827,878,1217,339,326,293,407,441,531,304,299,246,420,437,686
2017_3,신길로39길,2081,1046,1035,260,260,221,362,405,573,138,139,121,178,210,260,122,121,100,184,195,313
2017_3,신길로17길,2433,1184,1249,248,355,305,371,474,680,132,190,166,169,233,294,116,165,139,202,241,386
2017_3,선유서로28길,1112,582,530,154,108,183,171,179,317,94,62,96,94,88,148,60,46,87,77,91,169
2017_3,선유서로25길,2959,1554,1405,380,411,626,496,399,647,213,218,331,295,200,297,167,193,295,201,199,350
2017_3,선유서로24길,1352,687,665,129,124,160,177,275,487,62,75,90,101,153,206,67,49,70,76,122,281
2017_3,선유로55길,2831,1430,1401,227,660,708,360,370,506,121,278,375,204,213,239,106,382,333,156,157,267
2017_3,디지털로74길,162,123,39,77,12,16,13,17,27,75,7,11,10,7,13,2,5,5,3,10,14
2017_3,디지털로57길,1581,769,812,155,147,206,275,310,488,88,70,100,144,163,204,67,77,106,131,147,284
2017_3,디지털로37길,1540,755,785,167,129,158,281,264,541,87,70,84,136,134,244,80,59,74,145,130,297
2017_3,도신로62길,1575,769,806,190,220,209,251,262,443,96,127,111,129,114,192,94,93,98,122,148,251
2017_3,도신로60길,835,433,402,94,99,114,136,143,249,46,60,69,71,70,117,48,39,45,65,73,132
2017_3,도신로29길,1695,868,827,232,236,240,304,294,389,136,128,122,154,147,181,96,108,118,150,147,208
2017_3,도신로15길,3751,1871,1880,368,704,795,528,602,754,200,327,399,284,304,357,168,377,396,244,298,397
2017_3,도림천로21길,2285,1142,1143,259,338,384,316,402,586,127,184,200,161,181,289,132,154,184,155,221,297
2017_3,도림로63길,1591,821,770,218,201,183,263,319,407,117,110,97,131,172,194,101,91,86,132,147,213
2017_3,도림로147길,375,199,176,16,48,53,39,64,155,9,24,25,28,35,78,7,24,28,11,29,77
2017_3,도림로112길,2308,1185,1123,271,267,304,412,414,640,129,141,171,226,220,298,142,126,133,186,194,342
2017_3,대림로8길,3096,1530,1566,348,441,427,497,507,876,184,218,226,248,254,400,164,223,201,249,253,476
2017_3,대림로7길,1107,527,580,114,132,147,154,227,333,53,59,85,62,116,152,61,73,62,92,111,181
2017_3,대림로44길,2388,1237,1151,363,351,296,431,474,473,188,196,155,211,257,230,175,155,141,220,217,243
2017_3,대림로34길,2915,1503,1412,434,410,335,478,580,678,229,217,193,250,290,324,205,193,142,228,290,354
2017_3,대림로31길,2505,1285,1220,266,313,359,449,505,613,137,167,204,231,263,283,129,146,155,218,242,330
2017_3,대림로29길,2077,1093,984,178,283,341,334,395,546,98,141,205,183,217,249,80,142,136,151,178,297
2017_3,대림로22길,4487,2275,2212,580,611,539,735,871,1151,302,323,294,380,438,538,278,288,245,355,433,613
2017_3,당산로46길,2132,1063,1069,166,483,456,276,303,448,77,229,251,140,159,207,89,254,205,136,144,241
2017_3,당산로38길,1663,805,858,132,535,454,189,160,193,63,227,264,92,71,88,69,308,190,97,89,105
2017_3,당산로37길,1335,623,712,146,179,238,188,201,383,66,83,113,99,105,157,80,96,125,89,96,226
2017_3,당산로31길,880,453,427,102,158,170,144,116,190,57,69,94,80,64,89,45,89,76,64,52,101
2017_3,국회대로56길,2475,1490,985,106,710,855,266,229,309,55,376,567,190,137,165,51,334,288,76,92,144
2017_3,경인로90길,164,124,40,2,8,12,18,40,84,0,4,10,15,31,64,2,4,2,3,9,20
2017_3,경인로80길,145,83,62,8,10,19,22,25,61,4,7,14,14,17,27,4,3,5,8,8,34
2017_3,경인로77길,296,176,120,6,44,52,35,58,101,4,27,32,25,39,49,2,17,20,10,19,52
2017_3,가마산로61길,2018,1025,993,250,296,223,345,403,501,135,164,122,170,215,219,115,132,101,175,188,282
2017_3,시흥대로94길,4010,2034,1976,510,597,620,632,797,854,273,298,351,299,400,413,237,299,269,333,397,441
2017_3,시흥대로84길,6202,3111,3091,838,922,892,963,1220,1367,445,479,466,478,609,634,393,443,426,485,611,733
2017_3,시흥대로68길,2664,1365,1299,345,340,392,409,498,680,192,174,216,219,241,323,153,166,176,190,257,357
2017_3,시흥대로63길,1640,817,823,187,215,321,265,272,380,90,105,175,135,130,182,97,110,146,130,142,198
2017_3,시흥대로62가길,3214,1612,1602,439,437,419,529,615,775,226,249,222,270,300,345,213,188,197,259,315,430
2017_3,시흥대로36길,1971,1012,959,301,251,281,333,337,468,147,137,151,179,177,221,154,114,130,154,160,247
2017_3,시흥대로22길,3539,1763,1776,531,465,545,501,609,888,264,240,286,268,297,408,267,225,259,233,312,480
2017_3,시흥대로153길,2001,1113,888,185,420,462,246,351,337,98,218,282,138,199,178,87,202,180,108,152,159
2017_3,시흥대로150길,4924,2493,2431,654,681,767,763,917,1142,326,358,417,394,455,543,328,323,350,369,462,599
2017_3,시흥대로141길,2344,1270,1074,193,486,421,341,439,464,85,226,246,214,252,247,108,260,175,127,187,217
2017_3,시흥대로138길,617,322,295,73,58,77,100,117,192,40,34,42,56,55,95,33,24,35,44,62,97
2017_3,시흥대로120길,3385,1698,1687,427,498,459,537,684,780,215,256,238,283,352,354,212,242,221,254,332,426
2017_3,벚꽃로56길,1125,592,533,100,134,176,178,226,311,49,76,104,102,124,137,51,58,72,76,102,174
2017_3,범안로17길,1613,863,750,194,278,348,287,220,286,90,145,208,162,121,137,104,133,140,125,99,149
2017_3,범안로11길,1288,739,549,77,394,452,157,94,114,31,193,295,107,56,57,46,201,157,50,38,57
2017_3,문성로5길,3181,1594,1587,344,478,471,517,618,753,161,243,275,264,301,350,183,235,196,253,317,403
2017_3,독산로85길,688,326,362,89,88,103,126,132,150,45,44,55,61,62,59,44,44,48,65,70,91
2017_3,독산로78다길,3750,1884,1866,558,507,510,595,718,862,268,266,277,294,384,395,290,241,233,301,334,467
2017_3,독산로70길,2726,1381,1345,280,339,328,509,602,668,135,175,179,261,331,300,145,164,149,248,271,368
2017_3,독산로64길,2513,1268,1245,339,354,305,438,533,544,171,196,165,219,280,237,168,158,140,219,253,307
2017_3,독산로50길,2410,1202,1208,368,345,346,358,462,531,195,175,176,175,212,269,173,170,170,183,250,262
2017_3,독산로40길,2617,1300,1317,391,330,374,415,490,617,200,173,204,208,233,282,191,157,170,207,257,335
2017_3,독산로108길,1968,1038,930,223,322,343,319,379,382,125,169,202,153,206,183,98,153,141,166,173,199
2017_3,남부순환로112길,2298,1353,945,114,595,531,332,382,344,50,299,349,225,233,197,64,296,182,107,149,147
2017_3,금하로24길,4435,2264,2171,617,584,509,723,855,1147,317,314,293,366,463,511,300,270,216,357,392,636
2017_3,금하로1길,2181,1107,1074,315,311,293,401,372,489,149,152,188,199,199,220,166,159,105,202,173,269
2017_3,금하로14길,1781,870,911,214,250,245,296,316,460,95,119,133,148,160,215,119,131,112,148,156,245
2017_3,가산로5길,3367,1977,1390,282,788,954,441,413,489,159,419,618,280,248,253,123,369,336,161,165,236
2017_3,가산로3길,1019,636,383,61,280,340,153,98,87,19,154,241,118,59,45,42,126,99,35,39,42
2017_3,중앙로1길,1227,615,612,183,204,193,188,198,261,96,104,104,95,99,117,87,100,89,93,99,144
2017_3,중앙로15길,1644,819,825,251,225,248,241,286,393,127,123,129,130,133,177,124,102,119,111,153,216
2017_3,우마길,953,536,417,55,120,79,141,277,281,29,62,51,92,158,144,26,58,28,49,119,137
2017_3,오류로8길,2224,1121,1103,301,299,297,299,363,665,159,167,167,160,181,287,142,132,130,139,182,378
2017_3,신도림로13길,548,277,271,53,71,59,89,110,166,20,41,25,53,61,77,33,30,34,36,49,89
2017_3,새말로18길,2758,1357,1401,359,440,624,376,389,570,194,207,304,188,185,279,165,233,320,188,204,291
2017_3,부일로1길,1470,759,711,186,170,283,216,236,379,109,77,149,123,123,178,77,93,134,93,113,201
2017_3,부일로15길,1615,791,824,249,206,245,273,240,402,122,112,121,139,119,178,127,94,124,134,121,224
2017_3,부일로11길,2726,1394,1332,461,400,335,490,467,573,259,216,174,228,240,277,202,184,161,262,227,296
2017_3,디지털로32길,1560,853,707,36,528,562,210,116,108,17,229,338,133,78,58,19,299,224,77,38,50
2017_3,디지털로32가길,4808,2636,2172,115,1794,1883,488,227,301,61,816,1145,332,122,160,54,978,738,156,105,141
2017_3,디지털로27길,1371,733,638,158,128,187,224,250,424,79,72,105,132,141,204,79,56,82,92,109,220
2017_3,도림로6길,1569,795,774,176,208,217,229,326,413,87,108,123,128,175,174,89,100,94,101,151,239
2017_3,도림로12길,2370,1147,1223,327,291,354,387,407,604,162,158,174,194,196,263,165,133,180,193,211,341
2017_3,남부순환로97길,1314,626,688,205,137,245,183,170,374,95,66,122,88,68,187,110,71,123,95,102,187
2017_3,구로중앙로8길,3053,1492,1561,338,365,405,470,585,890,168,195,189,241,286,413,170,170,216,229,299,477
2017_3,구로중앙로7길,777,390,387,74,62,103,111,148,279,39,31,53,67,73,127,35,31,50,44,75,152
2017_3,구로중앙로42길,925,507,418,112,134,136,139,163,241,60,85,81,81,85,115,52,49,55,58,78,126
2017_3,구로중앙로34길,1220,617,603,133,175,133,196,256,327,69,99,75,93,133,148,64,76,58,103,123,179
2017_3,구로중앙로28길,3382,1679,1703,438,515,610,571,565,683,209,225,326,307,298,314,229,290,284,264,267,369
2017_3,구로중앙로19길,865,421,444,100,114,98,140,164,249,49,49,58,70,87,108,51,65,40,70,77,141
2017_3,구로동로8길,6516,3275,3241,782,867,875,1004,1225,1763,421,507,456,517,580,794,361,360,419,487,645,969
2017_3,구로동로7길,2819,1503,1316,321,322,332,457,566,821,187,189,188,261,284,394,134,133,144,196,282,427
2017_3,구로동로42길,2012,1002,1010,256,228,249,350,350,579,130,118,125,182,185,262,126,110,124,168,165,317
2017_3,구로동로41길,2578,1326,1252,311,342,312,439,516,658,159,175,174,248,268,302,152,167,138,191,248,356
2017_3,구로동로38길,2153,1048,1105,269,268,256,341,419,600,119,141,143,172,214,259,150,127,113,169,205,341
2017_3,구로동로28길,2132,1077,1055,254,249,249,386,389,605,138,124,140,191,218,266,116,125,109,195,171,339
2017_3,구로동로15길,1021,534,487,110,119,106,142,235,309,58,78,63,68,124,143,52,41,43,74,111,166
2017_3,공원로6가길,2064,911,1153,201,569,538,265,206,285,85,184,258,141,101,142,116,385,280,124,105,143
2017_3,고척로52길,3239,1595,1644,545,433,457,539,591,674,275,216,234,272,287,311,270,217,223,267,304,363
2017_3,고척로27다길,4487,2224,2263,666,660,557,766,839,999,328,352,288,376,427,453,338,308,269,390,412,546
2017_3,고척로27길,2673,1371,1302,372,371,358,435,473,664,196,197,199,222,250,307,176,174,159,213,223,357
2017_3,고척로21나길,2677,1386,1291,406,324,357,448,469,673,213,178,200,230,248,317,193,146,157,218,221,356
2017_3,경인로47길,2170,1077,1093,302,346,313,327,375,507,139,175,160,167,191,245,163,171,153,160,184,262
2017_3,경인로35길,3180,1640,1540,373,385,378,481,626,937,196,197,202,271,334,440,177,188,176,210,292,497
2017_3,경인로31길,1990,1043,947,206,243,223,352,422,544,99,131,129,205,231,248,107,112,94,147,191,296
2017_3,경인로15길,3709,1876,1833,496,475,587,589,610,952,258,249,303,328,298,440,238,226,284,261,312,512
2017_3,개봉로3길,3103,1525,1578,485,385,534,511,514,674,239,200,282,262,250,292,246,185,252,249,264,382
2017_3,개봉로2길,2443,1159,1284,428,279,438,403,364,531,209,144,211,194,161,240,219,135,227,209,203,291
2017_3,개봉로23가길,2322,1124,1198,312,247,426,327,349,661,142,128,211,176,165,302,170,119,215,151,184,359
2017_3,개봉로20길,3685,1768,1917,609,471,635,516,577,877,315,225,293,263,253,419,294,246,342,253,324,458
2017_3,개봉로1길,2229,1111,1118,349,285,362,366,351,516,174,145,204,177,173,238,175,140,158,189,178,278
2017_3,개봉로17다길,3475,1754,1721,482,479,595,537,565,817,245,252,309,267,284,397,237,227,286,270,281,420
2017_3,개봉로17길,5715,2807,2908,883,822,919,907,975,1209,462,416,475,458,457,539,421,406,444,449,518,670
2017_3,개봉로11길,5317,2621,2696,829,743,829,889,853,1174,447,372,428,433,397,544,382,371,401,456,456,630
2017_3,화곡로64길,3848,1852,1996,476,757,803,572,564,676,272,271,421,285,287,316,204,486,382,287,277,360
2017_3,화곡로59길,2328,1119,1209,363,385,374,359,446,401,184,201,170,158,215,191,179,184,204,201,231,210
2017_3,화곡로44나길,3234,1611,1623,455,484,697,532,483,583,239,223,387,281,214,267,216,261,310,251,269,316
2017_3,화곡로31길,4017,1929,2088,412,657,770,539,656,983,218,340,384,253,290,444,194,317,386,286,366,539
2017_3,화곡로20길,3387,1663,1724,506,458,643,518,533,729,252,232,331,258,250,340,254,226,312,260,283,389
2017_3,화곡로13길,3262,1585,1677,523,510,467,561,531,670,273,265,234,268,237,308,250,245,233,293,294,362
2017_3,초원로16길,3706,1895,1811,487,540,513,539,670,957,263,286,289,290,318,449,224,254,224,249,352,508
2017_3,초록마을로8길,4897,2429,2468,940,685,944,889,668,771,500,348,492,453,308,328,440,337,452,436,360,443
2017_3,초록마을로3길,2548,1308,1240,199,480,658,462,332,417,93,232,378,263,168,174,106,248,280,199,164,243
2017_3,월정로20길,2213,1185,1028,167,390,648,330,326,352,74,188,375,200,179,169,93,202,273,130,147,183
2017_3,우장산로6길,5752,2719,3033,1401,763,744,1204,858,782,656,356,345,574,425,363,745,407,399,630,433,419
2017_3,양천로73가길,2696,1390,1306,718,310,456,599,315,298,406,153,211,310,172,138,312,157,245,289,143,160
2017_3,양천로71길,7302,3580,3722,1908,867,999,1584,1036,908,943,467,444,805,515,406,965,400,555,779,521,502
2017_3,양천로49길,1195,618,577,162,220,234,162,177,240,94,109,121,88,94,112,68,111,113,74,83,128
2017_3,양천로26길,2229,1081,1148,483,232,435,384,306,389,243,126,204,188,149,171,240,106,231,196,157,218
2017_3,양천로24길,3831,1956,1875,619,494,673,555,615,875,347,263,342,295,279,430,272,231,331,260,336,445
2017_3,양천로24가길,2898,1437,1461,509,357,451,534,436,611,258,183,243,265,215,273,251,174,208,269,221,338
2017_3,양천로14길,4620,2280,2340,828,595,683,732,770,1012,421,299,350,388,361,461,407,296,333,344,409,551
2017_3,방화대로6라길,2436,1266,1170,348,293,443,480,379,493,186,143,238,267,200,232,162,150,205,213,179,261
2017_3,방화대로21길,2405,1231,1174,313,345,366,341,444,596,167,169,218,188,209,280,146,176,148,153,235,316
2017_3,등촌로5길,1508,706,802,198,236,282,201,248,343,99,110,149,95,107,146,99,126,133,106,141,197
2017_3,등촌로55길,2724,1313,1411,381,475,723,400,347,398,203,209,385,188,143,185,178,266,338,212,204,213
2017_3,등촌로51길,2154,1078,1076,363,331,334,317,372,437,185,191,166,152,171,213,178,140,168,165,201,224
2017_3,등촌로39길,3310,1694,1616,571,499,598,537,533,572,314,274,331,269,256,250,257,225,267,268,277,322
2017_3,등촌로13길,3907,1931,1976,545,542,745,637,640,798,288,286,390,314,301,352,257,256,355,323,339,446
2017_3,남부순환로11길,3975,2099,1876,602,518,781,704,623,747,325,268,434,396,332,344,277,250,347,308,291,403
2017_3,까치산로4길,4505,2188,2317,848,591,912,777,572,805,443,275,467,398,269,336,405,316,445,379,303,469
2017_3,국회대로7길,2358,1153,1205,259,339,442,343,389,586,119,182,247,168,175,262,140,157,195,175,214,324
2017_3,공항대로8길,2979,1518,1461,347,517,521,444,444,706,186,267,273,245,212,335,161,250,248,199,232,371
2017_3,공항대로61길,2062,1023,1039,397,268,410,388,282,317,206,136,201,196,144,140,191,132,209,192,138,177
2017_3,공항대로59다길,2843,1408,1435,525,377,431,451,494,565,288,189,201,223,242,265,237,188,230,228,252,300
2017_3,공항대로59길,2183,1014,1169,198,450,591,338,282,324,98,164,293,173,139,147,100,286,298,165,143,177
2017_3,공항대로55길,2092,1053,1039,349,316,347,324,342,414,197,170,184,149,164,189,152,146,163,175,178,225
2017_3,공항대로42길,1139,548,591,252,140,163,238,170,176,119,70,77,115,82,85,133,70,86,123,88,91
2017_3,공항대로38길,410,202,208,73,64,89,66,65,53,36,37,47,32,30,20,37,27,42,34,35,33
2017_3,곰달래로60길,2048,1016,1032,201,309,445,292,326,475,104,160,229,144,153,226,97,149,216,148,173,249
2017_3,곰달래로53길,3731,1854,1877,667,492,604,697,546,725,356,258,317,341,268,314,311,234,287,356,278,411
2017_3,곰달래로47길,4163,2025,2138,740,543,757,782,595,746,358,276,395,378,281,337,382,267,362,404,314,409
2017_3,곰달래로31길,3431,1653,1778,720,409,695,616,429,562,370,197,342,298,190,256,350,212,353,318,239,306
2017_3,곰달래로25길,3070,1454,1616,437,361,566,521,498,687,203,180,280,276,221,294,234,181,286,245,277,393
2017_3,개화동로25길,2457,1246,1211,208,659,462,314,328,486,100,300,276,169,168,233,108,359,186,145,160,253
2017_3,개화동로23길,3923,1931,1992,472,498,519,599,762,1073,238,270,264,299,369,491,234,228,255,300,393,582
2017_3,강서로8길,3348,1670,1678,462,414,643,510,492,827,233,201,343,270,228,395,229,213,300,240,264,432
2017_3,강서로5라길,2913,1446,1467,432,360,599,452,472,598,224,181,321,235,211,274,208,179,278,217,261,324
2017_3,강서로5나길,2990,1491,1499,229,666,864,385,334,512,115,271,497,212,151,245,114,395,367,173,183,267
2017_3,강서로5가길,1866,946,920,160,318,438,273,266,411,83,136,236,156,132,203,77,182,202,117,134,208
2017_3,강서로47라길,3803,1789,2014,893,551,475,771,608,505,415,272,238,354,295,215,478,279,237,417,313,290
2017_3,강서로47길,4323,2092,2231,954,586,546,873,702,662,454,298,272,424,370,274,500,288,274,449,332,388
2017_3,강서로45다길,2765,1331,1434,430,396,514,437,414,574,216,192,269,221,179,254,214,204,245,216,235,320
2017_3,강서로45길,983,483,500,197,128,154,172,137,195,91,57,78,88,62,107,106,71,76,84,75,88
2017_3,강서로35길,3961,1903,2058,491,611,704,595,704,856,246,282,364,282,345,384,245,329,340,313,359,472
2017_3,강서로29길,3209,1553,1656,435,531,805,452,452,534,220,251,416,223,201,242,215,280,389,229,251,292
2017_3,강서로18길,6976,3399,3577,1073,931,1410,1120,991,1451,556,450,726,557,465,645,517,481,684,563,526,806
2017_3,강서로17가길,3205,1615,1590,354,503,626,468,558,696,190,255,344,245,249,332,164,248,282,223,309,364
2017_3,강서로15길,5579,2787,2792,626,798,1094,843,972,1246,299,405,597,442,500,544,327,393,497,401,472,702
2017_3,가로공원로80길,3041,1537,1504,445,428,585,462,486,635,240,230,310,242,227,288,205,198,275,220,259,347
2017_3,가로공원로76가길,3207,1556,1651,458,448,615,518,500,668,225,221,322,264,222,302,233,227,293,254,278,366
2017_3,화곡로4길,1635,806,829,230,215,238,249,322,381,119,111,122,119,153,182,111,104,116,130,169,199
2017_3,화곡로3길,3487,1734,1753,717,531,551,578,521,589,375,273,272,286,259,269,342,258,279,292,262,320
2017_3,지양로7길,3557,1743,1814,487,448,526,525,620,951,234,233,298,277,272,429,253,215,228,248,348,522
2017_3,중앙로55길,4171,2101,2070,660,562,623,673,737,916,348,304,327,334,370,418,312,258,296,339,367,498
2017_3,중앙로51길,4552,2256,2296,816,602,740,719,693,982,397,315,382,360,340,462,419,287,358,359,353,520
2017_3,중앙로47길,2367,1241,1126,244,298,323,394,488,620,138,166,186,209,250,292,106,132,137,185,238,328
2017_3,중앙로45길,2226,1095,1131,316,284,341,365,384,536,164,147,184,183,168,249,152,137,157,182,216,287
2017_3,중앙로36길,951,458,493,176,106,107,190,139,233,96,46,56,89,72,99,80,60,51,101,67,134
2017_3,중앙로32길,1078,533,545,235,144,123,198,170,208,121,77,63,91,96,85,114,67,60,107,74,123
2017_3,중앙로25길,2648,1358,1290,303,307,345,461,505,727,162,162,188,252,258,336,141,145,157,209,247,391
2017_3,은행정로7길,3275,1619,1656,510,414,561,533,521,736,266,215,284,271,244,339,244,199,277,262,277,397
2017_3,은행정로5길,811,431,380,124,83,106,138,146,214,69,45,61,69,80,107,55,38,45,69,66,107
2017_3,오목로5길,4090,1997,2093,831,448,695,640,626,850,418,235,317,329,309,389,413,213,378,311,317,461
2017_3,오목로3길,3797,1883,1914,782,434,617,641,568,755,404,228,294,329,268,360,378,206,323,312,300,395
2017_3,오목로30길,3714,1830,1884,432,571,631,576,644,860,222,278,355,274,306,395,210,293,276,302,338,465
2017_3,오목로23길,4483,2223,2260,625,663,896,740,698,861,315,332,463,357,342,414,310,331,433,383,356,447
2017_3,신월로20길,2039,1042,997,378,244,344,352,323,398,199,138,175,180,151,199,179,106,169,172,172,199
2017_3,신월로15길,5821,2882,2939,1011,775,821,932,1002,1280,539,408,408,454,492,581,472,367,413,478,510,699
2017_3,신목로6길,2471,1214,1257,459,335,324,464,420,469,253,172,157,214,218,200,206,163,167,250,202,269
2017_3,신목로5길,2255,1134,1121,564,327,213,494,394,263,290,179,103,217,221,124,274,148,110,277,173,139
2017_3,신목로2길,2108,1033,1075,376,363,195,363,452,359,199,189,93,163,228,161,177,174,102,200,224,198
2017_3,목동중앙서로8가길,1394,681,713,190,205,268,207,214,310,109,106,128,100,108,130,81,99,140,107,106,180
2017_3,목동중앙서로7길,3703,1853,1850,589,570,607,663,613,661,325,306,322,314,298,288,264,264,285,349,315,373
2017_3,목동중앙북로8길,2203,1029,1174,303,323,417,323,351,486,157,156,203,161,147,205,146,167,214,162,204,281
2017_3,목동중앙북로16길,3382,1643,1739,409,595,856,464,500,558,220,259,434,228,239,263,189,336,422,236,261,295
2017_3,목동중앙본로7길,2985,1502,1483,541,454,445,505,508,532,328,247,219,227,246,235,213,207,226,278,262,297
2017_3,목동중앙로3길,2485,1207,1278,587,347,294,500,401,356,294,185,142,222,211,153,293,162,152,278,190,203
2017_3,목동중앙로13나길,1123,582,541,176,184,257,169,151,186,106,78,142,84,86,86,70,106,115,85,65,100
2017_3,목동중앙남로3가길,2738,1376,1362,503,443,408,456,456,472,293,240,189,217,219,218,210,203,219,239,237,254
2017_3,목동로9길,3525,1666,1859,595,557,594,626,557,596,305,258,278,292,250,283,290,299,316,334,307,313
2017_3,목동로19길,2409,1124,1285,392,348,430,385,353,501,180,165,202,183,171,223,212,183,228,202,182,278
2017_3,목동동로8길,1002,455,547,235,122,116,230,158,141,109,52,56,103,84,51,126,70,60,127,74,90
2017_3,목동동로12길,2309,1101,1208,526,321,250,464,366,382,257,155,121,205,187,176,269,166,129,259,179,206
2017_3,목동남로4길,1296,626,670,272,183,162,244,202,233,132,87,86,110,107,104,140,96,76,134,95,129
2017_3,남부순환로88길,1861,909,952,478,219,238,408,277,241,238,111,117,187,137,119,240,108,121,221,140,122
2017_3,남부순환로79길,796,417,379,89,91,106,106,191,213,44,55,64,53,95,106,45,36,42,53,96,107
2017_3,남부순환로70길,4883,2440,2443,615,701,632,742,932,1261,293,392,349,368,480,558,322,309,283,374,452,703
2017_3,남부순환로58길,2190,1095,1095,319,317,326,345,392,491,166,156,184,168,187,234,153,161,142,177,205,257
2017_3,남부순환로40길,2541,1384,1157,267,284,347,427,520,696,136,143,214,251,299,341,131,141,133,176,221,355
2017_3,남부순환로33길,3880,1906,1974,510,573,629,575,707,886,240,287,352,275,341,411,270,286,277,300,366,475
2017_3,곰달래로5길,3911,2021,1890,458,580,517,580,799,977,237,295,299,293,420,477,221,285,218,287,379,500
2017_3,곰달래로3길,4012,2100,1912,553,517,538,678,785,941,291,287,283,372,416,451,262,230,255,306,369,490
2017_3,곰달래로2길,3798,1954,1844,592,494,574,636,683,819,301,258,314,342,348,391,291,236,260,294,335,428
2017_3,곰달래로10길,3414,1738,1676,448,428,577,556,612,793,215,221,321,285,311,385,233,207,256,271,301,408
2017_3,가로공원로58길,2421,1313,1108,267,298,272,414,518,652,132,163,165,242,305,306,135,135,107,172,213,346
2017_3,효창원로93길,3498,1678,1820,426,584,457,609,630,792,209,270,260,289,300,350,217,314,197,320,330,442
2017_3,토정로37길,2731,1322,1409,652,284,428,608,356,403,320,133,200,314,172,183,332,151,228,294,184,220
2017_3,월드컵로8길,1678,762,916,169,293,409,275,218,314,89,128,185,131,96,133,80,165,224,144,122,181
2017_3,월드컵로7길,1891,854,1037,242,351,446,284,246,322,113,144,207,131,123,136,129,207,239,153,123,186
2017_3,월드컵로36길,3886,1758,2128,492,716,796,682,520,680,246,268,350,341,258,295,246,448,446,341,262,385
2017_3,월드컵로25길,3130,1519,1611,542,436,558,581,404,609,269,215,271,297,203,264,273,221,287,284,201,345
2017_3,월드컵로19길,1759,826,933,182,324,362,270,231,390,90,157,178,129,116,156,92,167,184,141,115,234
2017_3,월드컵로16길,2550,1173,1377,327,429,596,416,336,446,163,188,268,187,173,194,164,241,328,229,163,252
2017_3,월드컵로11길,2450,1139,1311,284,435,525,384,339,483,152,180,246,195,162,204,132,255,279,189,177,279
2017_3,월드컵로10길,4132,1911,2221,518,627,748,702,689,848,253,272,328,325,340,393,265,355,420,377,349,455
2017_3,와우산로3길,1839,875,964,147,381,454,271,245,341,66,189,236,127,118,139,81,192,218,144,127,202
2017_3,와우산로29길,826,391,435,79,153,187,154,93,160,39,70,90,75,44,73,40,83,97,79,49,87
2017_3,와우산로29가길,511,237,274,32,204,112,55,40,68,14,95,56,21,21,30,18,109,56,34,19,38
2017_3,양화진길,1384,657,727,129,225,332,203,203,292,76,102,177,107,85,110,53,123,155,96,118,182
2017_3,양화로1길,2780,1268,1512,367,501,603,460,338,511,167,210,283,227,159,222,200,291,320,233,179,289
2017_3,양화로11길,781,342,439,73,144,205,126,85,148,37,51,102,53,40,59,36,93,103,73,45,89
2017_3,신촌로30길,646,322,324,58,86,65,82,127,228,30,45,36,52,63,96,28,41,29,30,64,132
2017_3,신촌로28가길,428,220,208,25,48,59,58,93,145,12,21,36,33,51,67,13,27,23,25,42,78
2017_3,신촌로12길,1944,937,1007,130,552,436,237,217,372,74,260,221,119,107,156,56,292,215,118,110,216
2017_3,숭문길,2854,1418,1436,344,398,322,456,507,827,178,227,169,233,263,348,166,171,153,223,244,479
2017_3,숭문8길,629,313,316,106,67,141,104,83,128,52,36,73,61,35,56,54,31,68,43,48,72
2017_3,성지3길,1065,486,579,99,213,246,149,139,219,52,84,127,71,65,87,47,129,119,78,74,132
2017_3,성산로4길,3388,1662,1726,442,508,594,560,539,745,230,239,307,289,261,336,212,269,287,271,278,409
2017_3,성미산로32길,1201,551,650,107,248,332,153,161,200,60,100,154,82,74,81,47,148,178,71,87,119
2017_3,성미산로1길,3224,1521,1703,512,461,603,626,425,597,285,211,270,295,199,261,227,250,333,331,226,336
2017_3,성미산로11길,3767,1797,1970,533,562,736,700,525,711,290,268,338,340,255,306,243,294,398,360,270,405
2017_3,백범로16길,1778,868,910,255,259,316,310,257,381,128,127,142,170,130,171,127,132,174,140,127,210
2017_3,방울내로9안길,5633,2734,2899,987,701,1056,1008,786,1095,483,351,502,515,391,492,504,350,554,493,395,603
2017_3,모래내로7길,1998,1001,997,291,294,321,361,295,436,156,146,178,189,139,193,135,148,143,172,156,243
2017_3,매봉산로2길,2998,1518,1480,396,551,596,476,389,590,205,252,327,261,213,260,191,299,269,215,176,330
2017_3,망원로2길,4743,2276,2467,677,685,956,776,717,932,347,339,449,393,337,411,330,346,507,383,380,521
2017_3,망원로11길,2317,1086,1231,359,343,362,423,336,494,174,154,185,205,164,204,185,189,177,218,172,290
2017_3,만리재옛길,2698,1309,1389,344,368,487,478,386,635,175,161,251,252,197,273,169,207,236,226,189,362
2017_3,마포대로4길,873,409,464,119,146,183,126,124,175,61,64,97,60,58,69,58,82,86,66,66,106
2017_3,마포대로20길,2129,1033,1096,270,328,437,390,316,388,138,139,216,199,166,175,132,189,221,191,150,213
2017_3,마포대로12길,451,219,232,68,55,72,72,65,119,35,25,38,37,36,48,33,30,34,35,29,71
2017_3,동교로38길,1389,658,731,97,322,350,188,158,274,52,141,171,102,82,110,45,181,179,86,76,164
2017_3,동교로27길,2593,1179,1414,278,579,606,399,257,474,139,247,281,179,116,217,139,332,325,220,141,257
2017_3,동교로25길,1347,608,739,132,303,335,189,166,222,60,126,150,95,79,98,72,177,185,94,87,124
2017_3,동교로19길,1864,866,998,217,284,404,398,238,323,100,139,191,189,118,129,117,145,213,209,120,194
2017_3,동교로17길,1924,890,1034,236,340,451,339,242,316,133,137,197,177,111,135,103,203,254,162,131,181
2017_3,독막로8길,1423,645,778,150,267,350,205,197,254,75,109,158,103,92,108,75,158,192,102,105,146
2017_3,독막로32길,2887,1415,1472,404,394,475,456,452,706,205,212,252,220,221,305,199,182,223,236,231,401
2017_3,독막로22길,1054,497,557,181,152,204,212,125,180,97,62,95,103,58,82,84,90,109,109,67,98
2017_3,도화길,1058,469,589,140,211,237,171,124,175,66,73,106,83,69,72,74,138,131,88,55,103
2017_3,도화4길,3901,1839,2062,633,438,610,666,636,918,316,212,293,331,308,379,317,226,317,335,328,539
2017_3,대흥로28길,1550,742,808,93,418,223,207,244,365,36,184,105,107,135,175,57,234,118,100,109,190
2017_3,대흥로21길,3695,1884,1811,325,831,582,511,562,884,178,441,309,276,308,372,147,390,273,235,254,512
2017_3,광성로6길,2088,1107,981,256,507,309,334,283,399,140,303,166,176,153,169,116,204,143,158,130,230
2017_3,홍제내길,3381,1582,1799,529,411,520,569,481,871,257,205,263,281,220,356,272,206,257,288,261,515
2017_3,홍연길,1180,621,559,157,137,155,192,200,339,90,74,84,109,112,152,67,63,71,83,88,187
2017_3,통일로39길,1607,816,791,191,233,202,248,281,452,105,129,108,126,134,214,86,104,94,122,147,238
2017_3,통일로37길,1594,717,877,158,191,174,271,301,499,71,85,90,131,134,206,87,106,84,140,167,293
2017_3,통일로11길,317,172,145,28,38,45,41,42,123,17,20,27,24,27,57,11,18,18,17,15,66
2017_3,충정로6길,726,400,326,39,116,154,103,124,190,16,62,83,70,80,89,23,54,71,33,44,101
2017_3,충정로4길,691,340,351,78,102,136,109,96,170,37,54,62,61,46,80,41,48,74,48,50,90
2017_3,증가로6길,3240,1599,1641,448,493,502,497,510,790,229,251,270,259,247,343,219,242,232,238,263,447
2017_3,증가로23나길,5208,2498,2710,740,744,793,819,884,1228,372,360,403,397,436,530,368,384,390,422,448,698
2017_3,증가로20가길,3603,1806,1797,610,635,480,631,581,666,327,320,260,323,271,305,283,315,220,308,310,361
2017_3,증가로10길,3860,1898,1962,431,690,531,605,631,972,215,324,299,299,328,433,216,366,232,306,303,539
2017_3,응암로1길,3887,1873,2014,545,443,681,631,617,970,270,219,334,331,273,446,275,224,347,300,344,524
2017_3,연희로10길,3235,1758,1477,249,1329,628,337,259,433,139,782,362,165,121,189,110,547,266,172,138,244
2017_3,신촌로37길,765,419,346,49,134,116,113,158,195,23,73,63,64,96,100,26,61,53,49,62,95
2017_3,수색로8길,3848,1867,1981,579,459,669,577,587,977,277,239,333,294,280,444,302,220,336,283,307,533
2017_3,세무서길,2968,1414,1554,349,426,372,438,485,898,173,209,197,218,240,377,176,217,175,220,245,521
2017_3,세무서2길,1615,788,827,191,202,208,283,248,483,94,110,108,147,126,203,97,92,100,136,122,280
2017_3,세검정로1길,1175,564,611,169,131,126,191,195,363,82,55,64,98,112,153,87,76,62,93,83,210
2017_3,북아현로4길,3601,1736,1865,354,531,473,587,634,1022,184,270,273,291,312,406,170,261,200,296,322,616
2017_3,모래내로15길,10667,5141,5526,2497,1190,1688,2045,1446,1801,1226,594,782,1042,698,799,1271,596,906,1003,748,1002
2017_3,명지대길,2391,1164,1227,304,545,329,343,355,515,161,259,173,166,171,234,143,286,156,177,184,281
2017_3,독립문로8길,4334,2054,2280,736,553,680,721,609,1035,362,274,356,367,276,419,374,279,324,354,333,616
2017_3,가재울로6길,2756,1351,1405,381,370,384,472,411,738,196,184,190,253,215,313,185,186,194,219,196,425
2017_3,통일로92길,5845,2935,2910,717,961,958,855,1063,1291,394,496,538,437,478,592,323,465,420,418,585,699
2017_3,통일로87길,1834,876,958,224,288,320,299,265,438,111,129,166,151,126,193,113,159,154,148,139,245
2017_3,통일로78길,4494,2145,2349,570,677,756,695,757,1039,283,340,390,335,330,467,287,337,366,360,427,572
2017_3,통일로69길,1834,870,964,253,241,280,289,300,471,125,113,151,145,133,203,128,128,129,144,167,268
2017_3,진흥로1길,4263,2059,2204,713,572,699,739,664,876,364,282,320,382,321,390,349,290,379,357,343,486
2017_3,진흥로12길,5877,2882,2995,750,748,960,955,969,1495,396,385,508,500,456,637,354,363,452,455,513,858
2017_3,증산서길,1850,963,887,276,253,265,268,315,473,151,145,137,155,158,217,125,108,128,113,157,256
2017_3,증산로9길,2830,1380,1450,421,381,433,456,461,678,205,189,226,228,212,320,216,192,207,228,249,358
2017_3,증산로5길,2854,1373,1481,407,349,354,480,474,790,200,180,168,244,227,354,207,169,186,236,247,436
2017_3,증산로21길,5315,2581,2734,785,754,911,887,803,1175,412,380,467,431,365,526,373,374,444,456,438,649
2017_3,증산로17길,2119,1032,1087,282,293,330,329,324,561,137,146,175,160,161,253,145,147,155,169,163,308
2017_3,증산로15길,2533,1249,1284,350,307,353,423,415,685,173,162,183,227,201,303,177,145,170,196,214,382
2017_3,증산로13길,2051,1066,985,222,275,259,314,413,568,119,150,142,164,220,271,103,125,117,150,193,297
2017_3,응암로34길,2768,1342,1426,480,333,443,505,393,614,258,160,214,252,183,275,222,173,229,253,210,339
2017_3,응암로22길,1817,891,926,223,215,209,285,321,564,121,120,109,150,149,242,102,95,100,135,172,322
2017_3,응암로14길,1965,982,983,241,243,264,326,348,543,125,134,134,173,187,229,116,109,130,153,161,314
2017_3,응암로13길,1761,882,879,183,256,318,282,274,448,107,118,172,142,140,203,76,138,146,140,134,245
2017_3,응암로12길,1549,776,773,192,198,169,235,283,472,103,109,89,122,138,215,89,89,80,113,145,257
2017_3,은평로8길,3560,1722,1838,656,467,678,654,447,658,342,224,333,337,210,276,314,243,345,317,237,382
2017_3,은평로3길,2407,1100,1307,383,329,392,428,355,520,188,154,186,202,155,215,195,175,206,226,200,305
2017_3,은평로20길,492,243,249,37,69,51,90,101,144,21,37,27,48,50,60,16,32,24,42,51,84
2017_3,은평로13길,3197,1514,1683,496,374,512,561,496,758,250,170,256,269,228,341,246,204,256,292,268,417
2017_3,은평로10길,3054,1501,1553,478,393,456,547,478,702,262,193,243,277,222,304,216,200,213,270,256,398
2017_3,연서로5길,2767,1323,1444,477,391,446,468,450,535,243,175,235,227,207,236,234,216,211,241,243,299
2017_3,연서로41길,4002,1939,2063,540,497,540,692,711,1022,267,267,273,351,322,459,273,230,267,341,389,563
2017_3,연서로3길,3689,1748,1941,660,526,658,606,529,710,331,253,314,302,235,313,329,273,344,304,294,397
2017_3,연서로34길,2918,1363,1555,386,400,431,435,496,770,185,201,218,217,224,318,201,199,213,218,272,452
2017_3,연서로33길,2134,1069,1065,217,292,294,309,369,653,118,154,167,156,184,290,99,138,127,153,185,363
2017_3,연서로29길,1082,512,570,129,172,227,162,169,223,64,78,118,76,77,99,65,94,109,86,92,124
2017_3,연서로28길,3706,1760,1946,412,646,652,561,570,865,187,299,339,279,266,390,225,347,313,282,304,475
2017_3,연서로27길,3056,1423,1633,391,456,469,511,512,717,197,206,236,243,235,306,194,250,233,268,277,411
2017_3,연서로21길,4437,2096,2341,756,601,729,800,654,897,375,288,380,365,298,390,381,313,349,435,356,507
2017_3,연서로17길,2333,1134,1199,328,333,359,392,415,506,161,164,189,197,194,229,167,169,170,195,221,277
2017_3,연서로16길,4709,2230,2479,716,611,699,792,820,1071,357,291,339,391,379,473,359,320,360,401,441,598
2017_3,연서로13길,4001,1901,2100,633,566,615,716,635,836,313,248,314,338,321,367,320,318,301,378,314,469
2017_3,연서로11길,3955,1893,2062,741,518,647,699,583,767,358,257,324,337,275,342,383,261,323,362,308,425
2017_3,역말로9길,5800,2804,2996,849,753,950,993,930,1325,409,371,494,503,451,576,440,382,456,490,479,749
2017_3,수색로18길,2334,1176,1158,253,314,266,375,452,674,137,172,148,199,245,275,116,142,118,176,207,399
2017_3,서오릉로8길,2718,1294,1424,326,370,419,437,457,709,158,184,212,224,216,300,168,186,207,213,241,409
2017_3,서오릉로21길,3956,1901,2055,638,540,598,621,656,903,306,288,297,300,301,409,332,252,301,321,355,494
2017_3,불광천길,5255,2578,2677,685,682,838,880,863,1307,343,347,461,454,424,549,342,335,377,426,439,758
2017_3,갈현로7길,2655,1295,1360,438,351,383,470,432,581,238,179,186,235,191,266,200,172,197,235,241,315
2017_3,갈현로41길,3225,1586,1639,430,437,391,535,576,856,241,237,205,263,273,367,189,200,186,272,303,489
2017_3,갈현로33길,3694,1803,1891,665,576,515,620,601,717,346,296,276,278,280,327,319,280,239,342,321,390
2017_3,갈현로1길,2390,1152,1238,411,312,388,417,392,470,193,152,207,208,199,193,218,160,181,209,193,277
2017_3,가좌로7길,3691,1816,1875,531,510,464,583,648,955,281,255,250,289,317,424,250,255,214,294,331,531
2017_3,한글비석로44길,4114,2049,2065,546,554,471,695,692,1156,273,299,269,357,346,505,273,255,202,338,346,651
2017_3,한글비석로24길,2461,1251,1210,283,352,316,343,449,718,149,194,183,167,230,328,134,158,133,176,219,390
2017_3,한글비석로22길,1858,955,903,326,274,206,323,331,398,171,143,107,157,174,203,155,131,99,166,157,195
2017_3,석계로1길,2654,1353,1301,339,350,347,398,434,786,185,187,182,208,223,368,154,163,165,190,211,418
2017_3,상계로9가길,2602,1338,1264,332,358,337,398,450,727,184,194,186,205,235,334,148,164,151,193,215,393
2017_3,상계로1길,1227,627,600,223,189,195,215,196,209,118,102,103,104,91,109,105,87,92,111,105,100
2017_3,상계로12길,3624,1785,1839,448,612,464,575,627,898,230,314,262,288,300,391,218,298,202,287,327,507
2017_3,동일로242길,2052,1008,1044,285,307,285,284,378,513,149,159,145,135,184,236,136,148,140,149,194,277
2017_3,동일로192길,2815,1448,1367,291,832,420,307,422,543,137,443,222,172,211,263,154,389,198,135,211,280
2017_3,동일로173가길,3728,1877,1851,579,559,651,535,586,818,297,284,343,297,264,392,282,275,308,238,322,426
2017_3,공릉로58길,1551,765,786,283,324,161,232,273,278,150,169,79,97,136,134,133,155,82,135,137,144
2017_3,해등로16길,2232,1070,1162,318,375,304,348,432,455,165,183,148,154,203,217,153,192,156,194,229,238
2017_3,우이천로4다길,2367,1190,1177,352,336,281,378,426,594,185,183,149,176,230,267,167,153,132,202,196,327
2017_3,우이천로32길,3082,1491,1591,531,412,453,545,481,660,255,215,233,261,238,289,276,197,220,284,243,371
2017_3,시루봉로23길,3614,1882,1732,406,495,415,582,712,1004,225,269,226,312,374,476,181,226,189,270,338,528
2017_3,삼양로144길,975,455,520,148,143,129,174,130,251,92,43,64,79,68,109,56,100,65,95,62,142
2017_3,방학로6가길,2272,1131,1141,271,335,290,362,459,555,129,175,165,186,235,241,142,160,125,176,224,314
2017_3,방학로5길,3894,1933,1961,563,516,568,560,657,1030,295,266,305,288,315,464,268,250,263,272,342,566
2017_3,방학로15길,3908,1935,1973,830,526,459,725,679,689,416,289,234,324,335,337,414,237,225,401,344,352
2017_3,방학로10길,1965,970,995,283,284,252,329,377,440,144,158,141,154,181,192,139,126,111,175,196,248
2017_3,도봉산길,1760,904,856,188,223,225,265,324,535,101,118,120,151,162,252,87,105,105,114,162,283
2017_3,도봉산4길,385,205,180,20,55,49,49,83,129,12,29,31,32,44,57,8,26,18,17,39,72
2017_3,도봉로181길,2041,1022,1019,272,247,269,290,346,617,139,131,156,150,168,278,133,116,113,140,178,339
2017_3,도봉로169나길,3051,1544,1507,328,329,435,441,562,956,168,171,237,235,281,452,160,158,198,206,281,504
2017_3,도봉로156길,1433,774,659,149,172,178,221,289,424,69,97,100,132,163,213,80,75,78,89,126,211
2017_3,도봉로152가길,716,379,337,65,87,88,78,164,234,36,49,54,44,91,105,29,38,34,34,73,129
2017_3,도봉로147길,3592,1776,1816,443,494,448,553,695,959,235,237,233,295,352,424,208,257,215,258,343,535
2017_3,도봉로143길,1834,913,921,225,266,239,270,356,478,119,134,123,137,172,228,106,132,116,133,184,250
2017_3,도봉로114길,5033,2428,2605,497,783,761,839,896,1257,236,384,403,433,431,541,261,399,358,406,465,716
2017_3,도봉로109길,2676,1320,1356,368,351,458,421,400,678,185,183,235,212,197,308,183,168,223,209,203,370
2017_3,도당로29길,2948,1486,1462,336,417,338,502,515,840,179,206,179,256,268,398,157,211,159,246,247,442
2017_3,도당로19길,3987,2058,1929,547,515,465,704,675,1081,275,275,249,374,379,506,272,240,216,330,296,575
2017_3,도당로13바길,3554,1825,1729,553,495,470,572,647,817,296,287,262,284,325,371,257,208,208,288,322,446
2017_3,도당로13가길,1783,918,865,192,259,225,271,364,472,111,135,126,143,186,217,81,124,99,128,178,255
2017_3,덕릉로60길,2724,1337,1387,410,401,367,427,468,651,214,203,197,205,224,294,196,198,170,222,244,357
2017_3,노해로63다길,1913,958,955,277,263,295,296,340,442,155,128,145,144,162,224,122,135,150,152,178,218
2017_3,노해로60길,1845,912,933,181,347,344,261,308,404,98,155,180,143,144,192,83,192,164,118,164,212
2017_3,한천로140길,1707,822,885,155,304,303,244,285,416,84,147,161,126,123,181,71,157,142,118,162,235
2017_3,한천로139가길,1562,729,833,131,297,260,225,239,410,56,141,136,110,106,180,75,156,124,115,133,230
2017_3,한천로132길,1807,908,899,191,292,334,306,292,392,100,141,178,159,139,191,91,151,156,147,153,201
2017_3,한천로130길,3152,1566,1586,435,446,449,537,545,740,242,230,219,272,280,323,193,216,230,265,265,417
2017_3,한천로124나길,2152,1070,1082,249,308,320,359,348,568,130,146,168,200,189,237,119,162,152,159,159,331
2017_3,한천로109길,3029,1463,1566,559,403,413,507,504,643,298,198,192,249,229,297,261,205,221,258,275,346
2017_3,인수봉로79길,2756,1403,1353,376,331,356,446,497,750,191,178,200,229,248,357,185,153,156,217,249,393
2017_3,인수봉로72길,4191,2003,2188,601,590,579,595,730,1096,291,303,307,278,338,486,310,287,272,317,392,610
2017_3,인수봉로56길,1907,901,1006,285,264,251,315,311,481,140,139,125,161,125,211,145,125,126,154,186,270
2017_3,오패산로67길,2096,1029,1067,177,365,399,375,329,451,89,169,206,193,160,212,88,196,193,182,169,239
2017_3,오패산로52길,2963,1455,1508,380,413,381,470,482,837,204,217,208,245,208,373,176,196,173,225,274,464
2017_3,오패산로30길,1411,703,708,206,173,203,223,215,391,106,95,106,119,101,176,100,78,97,104,114,215
2017_3,수유로12길,3349,1647,1702,365,593,589,486,511,805,189,277,321,252,240,368,176,316,268,234,271,437
2017_3,솔샘로65길,2921,1440,1481,371,422,433,455,532,708,185,205,237,229,250,334,186,217,196,226,282,374
2017_3,솔매로50길,2143,1037,1106,297,319,301,374,335,517,156,146,157,188,158,232,141,173,144,186,177,285
2017_3,솔매로45길,2096,1013,1083,238,331,299,323,374,531,133,150,146,155,194,235,105,181,153,168,180,296
2017_3,솔매로41길,3396,1660,1736,394,509,460,518,639,876,205,255,258,258,298,386,189,254,202,260,341,490
2017_3,삼양로93길,3121,1541,1580,462,421,389,504,537,808,239,213,214,250,252,373,223,208,175,254,285,435
2017_3,삼양로77길,3282,1664,1618,461,425,478,494,549,875,242,241,252,262,267,400,219,184,226,232,282,475
2017_3,삼양로54길,3730,1823,1907,461,513,556,567,672,961,236,245,290,293,342,417,225,268,266,274,330,544
2017_3,삼양로41길,4437,2232,2205,523,584,517,683,827,1303,279,307,283,359,437,567,244,277,234,324,390,736
2017_3,삼양로27길,1393,683,710,325,150,241,303,181,193,165,84,115,153,87,79,160,66,126,150,94,114
2017_3,삼양로24길,3362,1696,1666,338,369,413,508,637,1097,169,200,237,267,321,502,169,169,176,241,316,595
2017_3,삼양로20길,2204,1121,1083,256,341,225,343,431,608,132,198,128,176,214,273,124,143,97,167,217,335
2017_3,삼각산로28길,3849,1894,1955,441,627,677,560,671,873,232,321,371,264,312,394,209,306,306,296,359,479
2017_3,도봉로99길,2281,1127,1154,241,383,379,339,410,529,124,213,205,166,197,222,117,170,174,173,213,307
2017_3,도봉로8길,249,125,124,21,23,41,54,44,66,10,11,23,34,23,24,11,12,18,20,21,42
2017_3,도봉로76길,3549,1638,1911,335,712,606,491,575,830,140,263,314,261,282,378,195,449,292,230,293,452
2017_3,도봉로67길,1667,806,861,197,217,251,222,286,494,105,99,130,114,132,226,92,118,121,108,154,268
2017_3,도봉로45길,3400,1641,1759,429,479,551,562,554,825,219,212,294,291,244,381,210,267,257,271,310,444
2017_3,도봉로18길,3095,1548,1547,365,389,440,490,571,840,191,194,257,250,275,381,174,195,183,240,296,459
2017_3,도봉로13길,1753,869,884,189,239,239,245,348,493,94,132,137,117,171,218,95,107,102,128,177,275
2017_3,덕릉로41길,2376,1135,1241,209,472,412,352,363,568,102,216,223,177,165,252,107,256,189,175,198,316
2017_3,덕릉로40길,2060,1032,1028,307,268,305,339,363,478,166,115,149,192,181,229,141,153,156,147,182,249
2017_3,노해로33길,2520,1220,1300,308,351,351,378,441,691,162,194,189,178,206,291,146,157,162,200,235,400
2017_3,노해로23길,1380,669,711,207,186,212,240,227,308,100,93,119,122,97,138,107,93,93,118,130,170
2017_3,노해로17길,2743,1369,1374,352,415,405,453,460,658,182,214,216,241,221,295,170,201,189,212,239,363
2017_3,화랑로40길,2097,1088,1009,245,272,320,378,378,504,134,139,174,197,200,244,111,133,146,181,178,260
2017_3,화랑로32길,3479,1734,1745,418,530,446,583,586,916,235,266,228,313,291,401,183,264,218,270,295,515
2017_3,화랑로1길,2759,1395,1364,378,306,402,461,456,756,192,162,212,259,235,335,186,144,190,202,221,421
2017_3,화랑로19길,2419,1230,1189,324,315,289,387,459,645,160,179,157,201,235,298,164,136,132,186,224,347
2017_3,화랑로14길,1416,712,704,164,303,194,207,242,306,85,159,104,116,120,128,79,144,90,91,122,178
2017_3,화랑로13길,1212,535,677,137,319,182,154,169,251,62,104,100,78,85,106,75,215,82,76,84,145
2017_3,한천로76길,1837,916,921,213,294,282,282,325,441,105,152,146,149,152,212,108,142,136,133,173,229
2017_3,한천로101가길,1625,820,805,333,164,209,328,246,345,150,94,106,166,137,167,183,70,103,162,109,178
2017_3,창경궁로43길,1352,595,757,136,335,264,191,182,244,66,148,103,91,92,95,70,187,161,100,90,149
2017_3,지봉로20길,2728,1386,1342,309,491,462,439,424,603,161,254,260,230,204,277,148,237,202,209,220,326
2017_3,종암로5길,2508,1379,1129,267,741,431,296,273,500,126,468,267,150,139,229,141,273,164,146,134,271
2017_3,종암로24가길,2186,1093,1093,377,253,394,357,326,479,200,137,202,188,161,205,177,116,192,169,165,274
2017_3,종암로21길,1720,830,890,318,251,255,308,257,331,153,127,122,158,124,146,165,124,133,150,133,185
2017_3,종암로19길,1746,851,895,247,269,258,284,278,410,121,144,133,138,131,184,126,125,125,146,147,226
2017_3,종암로16길,3429,1649,1780,388,449,400,497,588,1107,232,227,201,226,299,464,156,222,199,271,289,643
2017_3,정릉로8길,1771,916,855,206,344,283,218,274,446,107,191,160,120,144,194,99,153,123,98,130,252
2017_3,정릉로27길,3657,1811,1846,586,451,526,586,561,947,311,250,283,283,274,410,275,201,243,303,287,537
2017_3,정릉로26길,1864,915,949,284,193,251,338,305,493,159,101,110,174,154,217,125,92,141,164,151,276
2017_3,장위로50길,2296,1183,1113,242,311,279,350,432,682,116,152,154,194,228,339,126,159,125,156,204,343
2017_3,장월로1길,2084,969,1115,224,458,273,291,316,522,105,170,147,161,159,227,119,288,126,130,157,295
2017_3,인촌로6길,1011,498,513,156,141,181,177,141,215,74,79,81,91,74,99,82,62,100,86,67,116
2017_3,인촌로5길,1510,664,846,144,468,260,195,172,271,74,166,123,95,84,122,70,302,137,100,88,149
2017_3,인촌로24길,672,390,282,47,251,114,60,79,121,26,136,79,37,47,65,21,115,35,23,32,56
2017_3,개운사길,1098,562,536,86,592,140,75,67,138,42,311,83,38,32,56,44,281,57,37,35,82
2017_3,인촌로1길,1169,582,587,105,255,194,174,172,269,53,114,103,104,90,118,52,141,91,70,82,151
2017_3,인촌로17가길,1650,803,847,165,523,244,241,177,300,91,270,109,111,93,129,74,253,135,130,84,171
2017_3,오패산로4길,3041,1470,1571,365,581,438,436,476,745,164,241,235,244,244,342,201,340,203,192,232,403
2017_3,오패산로3길,3512,1746,1766,487,440,463,518,593,1011,241,235,251,283,276,460,246,205,212,235,317,551
2017_3,오패산로19길,1739,865,874,189,215,230,267,326,512,101,114,114,147,165,224,88,101,116,120,161,288
2017_3,안암로5길,2218,1115,1103,245,435,388,358,342,450,122,231,212,182,175,193,123,204,176,176,167,257
2017_3,아리랑로4길,3043,1341,1702,294,844,593,366,343,603,144,334,275,167,162,259,150,510,318,199,181,344
2017_3,솔샘로6길,1891,929,962,270,288,266,271,305,491,134,148,146,138,158,205,136,140,120,133,147,286
2017_3,성북로8길,1605,799,806,266,251,222,292,256,318,141,140,106,142,128,142,125,111,116,150,128,176
2017_3,삼양로8길,1149,572,577,120,148,140,169,196,376,57,83,84,90,101,157,63,65,56,79,95,219
2017_3,삼선교로16가길,1947,990,957,277,292,277,319,325,457,146,163,158,166,158,199,131,129,119,153,167,258
2017_3,삼선교로10다길,2299,1155,1144,245,409,349,351,374,571,128,225,182,186,182,252,117,184,167,165,192,319
2017_3,삼선교로10길,2368,1108,1260,283,468,401,335,346,535,145,224,199,162,142,236,138,244,202,173,204,299
2017_3,보문로32길,1262,443,819,85,462,306,135,105,169,36,101,128,63,44,71,49,361,178,72,61,98
2017_3,보문로31길,2993,1385,1608,372,646,530,455,396,594,203,272,252,226,189,243,169,374,278,229,207,351
2017_3,보문로26길,1267,602,665,114,352,224,172,161,244,55,168,122,79,83,95,59,184,102,93,78,149
2017_3,보문로13길,2542,1237,1305,269,404,391,440,428,610,140,194,213,215,199,276,129,210,178,225,229,334
2017_3,보국문로16길,3045,1497,1548,481,417,452,516,473,706,251,215,230,267,221,313,230,202,222,249,252,393
2017_3,동소문로6길,296,140,156,31,40,37,41,52,95,16,20,18,22,26,38,15,20,19,19,26,57
2017_3,동소문로2길,401,207,194,35,64,50,65,66,121,20,29,33,35,35,55,15,35,17,30,31,66
2017_3,동소문로26가길,2334,937,1397,168,671,410,327,243,515,71,203,168,172,105,218,97,468,242,155,138,297
2017_3,동소문로15길,1164,497,667,140,277,216,181,133,217,73,92,100,87,60,85,67,185,116,94,73,132
2017_3,동소문로13길,2873,1322,1551,471,518,422,457,435,570,234,227,198,203,211,249,237,291,224,254,224,321
2017_3,돌곶이로8길,1384,712,672,166,181,168,193,280,396,91,95,94,109,147,176,75,86,74,84,133,220
2017_3,돌곶이로41길,1980,1005,975,309,253,269,328,341,480,171,130,151,160,174,219,138,123,118,168,167,261
2017_3,돌곶이로28길,1937,1042,895,217,266,267,320,354,513,123,136,149,188,192,254,94,130,118,132,162,259
2017_3,돌곶이로27길,3196,1614,1582,395,404,393,519,597,888,210,206,219,261,313,405,185,198,174,258,284,483
2017_3,돌곶이로22길,1169,580,589,156,175,172,169,218,279,76,87,96,83,105,133,80,88,76,86,113,146
2017_3,돌곶이로14길,1390,688,702,195,181,168,232,260,354,102,79,85,124,136,162,93,102,83,108,124,192
2017_3,길음로7길,307,159,148,18,25,32,42,55,135,8,13,18,24,32,64,10,12,14,18,23,71
2017_3,중랑천로10길,2670,1366,1304,333,356,414,460,478,629,177,170,238,249,251,281,156,186,176,211,227,348
2017_3,용마산로94길,3368,1747,1621,436,485,448,538,668,793,219,261,254,297,335,381,217,224,194,241,333,412
2017_3,용마산로118길,2044,1089,955,184,246,250,321,458,585,98,125,153,178,254,281,86,121,97,143,204,304
2017_3,용마산로112길,2711,1367,1344,375,368,357,389,536,686,193,186,185,194,277,332,182,182,172,195,259,354
2017_3,용마산로100길,3168,1618,1550,510,436,440,523,571,688,257,231,235,256,316,323,253,205,205,267,255,365
2017_3,신내로7가길,2668,1306,1362,586,322,428,485,406,441,301,166,214,228,207,190,285,156,214,257,199,251
2017_3,사가정로54길,3133,1536,1597,337,488,559,505,512,732,181,233,298,271,233,320,156,255,261,234,279,412
2017_3,사가정로42길,3285,1622,1663,511,445,464,510,594,761,259,226,236,260,284,357,252,219,228,250,310,404
2017_3,봉화산로56길,4791,2342,2449,858,649,683,790,808,1003,432,348,350,397,366,449,426,301,333,393,442,554
2017_3,봉화산로4길,4603,2439,2164,462,595,681,736,950,1179,259,311,386,401,520,562,203,284,295,335,430,617
2017_3,봉화산로30길,3131,1565,1566,432,451,557,453,543,695,216,230,299,228,278,314,216,221,258,225,265,381
2017_3,봉우재로33길,2061,1028,1033,197,337,388,279,376,484,96,169,209,150,181,223,101,168,179,129,195,261
2017_3,면목로78길,5426,2705,2721,676,808,873,841,971,1257,343,412,477,437,473,563,333,396,396,404,498,694
2017_3,면목로56길,2889,1464,1425,338,461,398,489,573,630,177,250,217,260,272,288,161,211,181,229,301,342
2017_3,면목로55길,2003,1001,1002,303,274,306,360,369,391,147,139,159,180,187,189,156,135,147,180,182,202
2017_3,면목로49길,2923,1451,1472,311,372,514,499,514,713,177,167,268,273,251,315,134,205,246,226,263,398
2017_3,면목로48길,3428,1665,1763,412,575,581,545,609,706,213,263,306,285,291,307,199,312,275,260,318,399
2017_3,면목로45길,1504,763,741,148,242,257,246,253,358,68,125,135,141,137,157,80,117,122,105,116,201
2017_3,면목로33길,2745,1389,1356,438,369,378,488,454,618,235,182,200,252,239,281,203,187,178,236,215,337
2017_3,면목로21길,1883,949,934,265,261,303,312,331,411,140,144,144,170,165,186,125,117,159,142,166,225
2017_3,망우로73길,1536,791,745,197,228,169,261,269,412,96,124,99,134,134,204,101,104,70,127,135,208
2017_3,망우로68길,2404,1269,1135,308,356,313,375,496,556,165,214,169,194,246,281,143,142,144,181,250,275
2017_3,동일로163길,3725,1873,1852,469,573,701,565,665,752,240,272,397,271,340,353,229,301,304,294,325,399
2017_3,동일로157길,2556,1249,1307,260,411,469,401,429,586,128,183,253,225,205,255,132,228,216,176,224,331
2017_3,동일로149길,2824,1410,1414,446,381,470,451,487,589,246,175,252,230,245,262,200,206,218,221,242,327
2017_3,동일로140길,2399,1246,1153,315,361,421,329,444,529,178,200,225,179,223,241,137,161,196,150,221,288
2017_3,동일로139길,2915,1489,1426,262,376,366,466,640,805,135,172,205,248,346,383,127,204,161,218,294,422
2017_3,동일로139가길,1863,959,904,252,276,262,297,366,410,140,146,134,169,181,189,112,130,128,128,185,221
2017_3,동일로130길,3492,1667,1825,495,548,592,479,632,746,228,282,297,237,288,335,267,266,295,242,344,411
2017_3,동일로123길,2650,1345,1305,289,371,337,404,576,673,162,202,166,208,298,309,127,169,171,196,278,364
2017_3,동일로112길,4456,2197,2259,438,818,893,654,733,920,232,388,455,348,345,429,206,430,438,306,388,491
2017_3,동일로101길,3136,1553,1583,497,406,402,576,584,671,218,201,214,303,305,312,279,205,188,273,279,359
2017_3,동일로100길,5416,2761,2655,711,795,886,802,1012,1210,384,400,494,408,509,566,327,395,392,394,503,644
2017_3,답십리로75길,1934,954,980,275,297,300,318,362,382,146,133,166,155,186,168,129,164,134,163,176,214
2017_3,공릉로2길,4686,2264,2422,590,694,853,728,712,1109,293,344,416,379,326,506,297,350,437,349,386,603
2017_3,공릉로12가길,1232,617,615,239,163,167,218,213,232,129,92,83,104,104,105,110,71,84,114,109,127
2017_3,겸재로54길,5152,2587,2565,670,824,868,844,949,997,347,429,452,425,479,455,323,395,416,419,470,542
2017_3,겸재로36길,4268,2129,2139,474,598,672,735,763,1026,244,284,350,364,397,490,230,314,322,371,366,536
2017_3,겸재로29길,2305,1170,1135,244,372,378,364,425,522,126,180,192,199,232,241,118,192,186,165,193,281
2017_3,휘경로3길,3616,1814,1802,354,692,573,566,586,845,177,356,322,308,289,362,177,336,251,258,297,483
2017_3,휘경로2길,1328,666,662,124,358,212,177,174,283,60,170,128,97,88,123,64,188,84,80,86,160
2017_3,휘경로23길,2609,1300,1309,242,313,351,466,457,780,112,178,201,254,233,322,130,135,150,212,224,458
2017_3,휘경로14길,2067,1066,1001,179,306,280,346,390,566,88,164,157,204,203,250,91,142,123,142,187,316
2017_3,한천로46길,2461,1207,1254,465,282,323,463,383,545,240,134,174,221,194,244,225,148,149,242,189,301
2017_3,한천로40길,1812,908,904,206,230,207,299,355,515,98,120,107,158,194,231,108,110,100,141,161,284
2017_3,한천로33길,787,385,402,123,111,101,135,149,168,58,50,52,71,73,81,65,61,49,64,76,87
2017_3,한천로14길,3258,1701,1557,349,406,431,546,669,857,171,216,231,310,366,407,178,190,200,236,303,450
2017_3,천호대로97길,2873,1464,1409,446,442,544,469,422,550,229,230,271,247,210,277,217,212,273,222,212,273
2017_3,천호대로77길,2384,1234,1150,329,356,401,366,433,499,183,187,210,197,209,248,146,169,191,169,224,251
2017_3,천호대로45길,2497,1309,1188,223,348,330,326,469,801,121,194,196,188,238,372,102,154,134,138,231,429
2017_3,천호대로17길,2860,1433,1427,250,593,605,427,421,564,117,270,345,235,217,249,133,323,260,192,204,315
2017_3,천호대로12길,737,392,345,73,86,71,101,151,255,37,43,41,69,86,116,36,43,30,32,65,139
2017_3,천장산로7길,1413,728,685,120,762,176,98,90,167,55,418,90,48,41,76,65,344,86,50,49,91
2017_3,제기로5길,1061,576,485,79,189,181,151,164,297,43,103,115,91,92,132,36,86,66,60,72,165
2017_3,제기로21길,3342,1698,1644,317,348,364,452,589,1272,148,192,222,242,313,581,169,156,142,210,276,691
2017_3,전농로4길,1536,803,733,130,183,160,274,309,480,81,98,85,152,168,219,49,85,75,122,141,261
2017_3,전농로3길,1881,933,948,260,256,229,306,332,498,135,127,118,152,178,223,125,129,111,154,154,275
2017_3,전농로29길,2137,1056,1081,277,312,243,342,393,570,134,177,134,172,202,237,143,135,109,170,191,333
2017_3,장한로8길,2287,1143,1144,331,331,424,353,378,470,181,161,216,183,173,229,150,170,208,170,205,241
2017_3,장한로5길,2101,1060,1041,317,295,378,320,335,456,168,149,199,166,165,213,149,146,179,154,170,243
2017_3,장한로27길,1034,552,482,119,137,164,176,195,243,66,70,102,99,94,121,53,67,62,77,101,122
2017_3,장한로27가길,1097,559,538,152,139,141,167,192,306,76,74,74,86,107,142,76,65,67,81,85,164
2017_3,장한로26길,2685,1331,1354,503,268,434,504,384,592,265,141,210,258,183,274,238,127,224,246,201,318
2017_3,장한로26가길,1272,627,645,175,199,257,193,176,272,78,98,133,102,80,136,97,101,124,91,96,136
2017_3,장한로25길,725,367,358,98,109,125,125,132,136,58,56,66,58,66,63,40,53,59,67,66,73
2017_3,장한로14길,1478,744,734,250,177,240,248,205,358,131,97,122,131,100,163,119,80,118,117,105,195
2017_3,이문로42길,3636,1859,1777,448,585,510,551,607,935,223,304,298,286,320,428,225,281,212,265,287,507
2017_3,왕산로43길,3485,1768,1717,368,388,507,523,642,1057,179,220,278,296,338,457,189,168,229,227,304,600
2017_3,왕산로33길,533,268,265,33,58,58,62,98,224,13,31,29,35,53,107,20,27,29,27,45,117
2017_3,왕산로32길,1076,555,521,84,173,143,153,200,323,43,86,71,93,102,160,41,87,72,60,98,163
2017_3,약령시로17길,1551,805,746,122,184,199,192,287,567,72,99,113,115,154,252,50,85,86,77,133,315
2017_3,서울시립대로4길,2255,1144,1111,370,286,365,394,333,507,194,144,182,210,181,233,176,142,183,184,152,274
2017_3,서울시립대로29길,4418,2253,2165,503,1154,666,492,583,1020,255,632,389,258,270,449,248,522,277,234,313,571
2017_3,서울시립대로16길,3529,1736,1793,477,544,400,574,686,848,247,268,228,283,337,373,230,276,172,291,349,475
2017_3,사가정로2길,1943,983,960,277,258,315,340,320,433,138,141,160,181,173,190,139,117,155,159,147,243
2017_3,사가정로23가길,1742,872,870,244,259,276,248,343,372,128,126,158,120,168,172,116,133,118,128,175,200
2017_3,사가정로13길,2005,995,1010,220,253,258,284,413,577,117,137,141,141,200,259,103,116,117,143,213,318
2017_3,무학로45길,2037,1118,919,210,441,321,272,328,465,109,272,204,149,169,215,101,169,117,123,159,250
2017_3,무학로16길,1202,609,593,155,160,174,173,226,314,77,88,96,93,113,142,78,72,78,80,113,172
2017_3,망우로21길,571,302,269,68,79,76,72,103,173,40,44,39,40,52,87,28,35,37,32,51,86
2017_3,망우로18길,1483,724,759,174,452,233,184,163,277,76,233,124,95,79,117,98,219,109,89,84,160
2017_3,망우로18가길,2623,1355,1268,255,838,345,309,328,548,135,460,205,159,147,249,120,378,140,150,181,299
2017_3,답십리로72길,1286,649,637,184,194,240,213,206,249,98,97,115,116,98,125,86,97,125,97,108,124
2017_3,답십리로69길,1957,1026,931,350,224,322,326,301,434,185,130,164,180,154,213,165,94,158,146,147,221
2017_3,답십리로68길,3384,1726,1658,417,496,756,553,595,567,224,253,408,277,285,279,193,243,348,276,310,288
2017_3,답십리로64길,2974,1463,1511,418,384,462,495,544,671,205,200,244,253,258,303,213,184,218,242,286,368
2017_3,답십리로63길,1499,759,740,186,220,202,235,274,382,83,122,118,125,140,171,103,98,84,110,134,211
2017_3,답십리로60길,1999,1020,979,247,303,240,304,380,525,128,157,131,157,205,242,119,146,109,147,175,283
2017_3,답십리로56길,3881,1926,1955,480,507,514,617,699,1064,234,289,263,330,341,469,246,218,251,287,358,595
2017_3,답십리로23길,2212,1092,1120,298,346,324,336,377,531,165,178,161,161,188,239,133,168,163,175,189,292
2017_3,난계로30길,255,152,103,34,32,37,45,40,67,20,16,23,28,22,43,14,16,14,17,18,24
2017_3,경희대로4길,1266,635,631,134,407,181,156,144,244,60,210,101,78,73,113,74,197,80,78,71,131
2017_3,경희대로3길,601,290,311,42,240,105,54,61,99,20,109,58,26,32,45,22,131,47,28,29,54
2017_3,천호대로129길,3413,1639,1774,530,517,579,549,551,687,275,254,281,265,256,308,255,263,298,284,295,379
2017_3,천호대로123길,3102,1511,1591,461,490,537,485,560,569,244,247,257,239,272,252,217,243,280,246,288,317
2017_3,천호대로109길,3533,1699,1834,425,619,744,538,552,655,225,282,359,258,262,313,200,337,385,280,290,342
2017_3,자양번영로3길,4087,2063,2024,652,630,605,668,730,802,334,338,313,335,372,371,318,292,292,333,358,431
2017_3,자양로53길,2748,1329,1419,410,375,447,399,499,618,211,178,218,191,240,291,199,197,229,208,259,327
2017_3,자양로50길,4608,2260,2348,698,629,734,724,786,1037,369,332,387,350,357,465,329,297,347,374,429,572
2017_3,자양로45길,2676,1280,1396,353,399,477,426,455,566,188,184,223,210,212,263,165,215,254,216,243,303
2017_3,자양로26길,3103,1450,1653,405,594,573,556,479,496,204,254,270,271,228,223,201,340,303,285,251,273
2017_3,자양로15길,1941,926,1015,249,339,328,304,298,423,128,165,142,157,148,186,121,174,186,147,150,237
2017_3,자양로11길,3946,1919,2027,431,619,742,622,691,841,216,296,397,305,330,375,215,323,345,317,361,466
2017_3,용마산로3길,3847,1867,1980,642,592,786,592,585,650,332,309,369,287,275,295,310,283,417,305,310,355
2017_3,용마산로21길,5348,2668,2680,737,859,928,840,975,1009,368,449,489,414,471,477,369,410,439,426,504,532
2017_3,아차산로78길,1774,850,924,292,257,324,279,286,336,157,128,150,125,133,157,135,129,174,154,153,179
2017_3,아차산로65길,2919,1409,1510,556,417,473,534,437,502,273,214,237,256,204,225,283,203,236,278,233,277
2017_3,아차산로55길,2977,1400,1577,284,602,678,433,410,570,147,286,338,217,171,241,137,316,340,216,239,329
2017_3,아차산로51길,1701,794,907,189,376,397,229,251,259,95,169,188,103,120,119,94,207,209,126,131,140
2017_3,아차산로40길,3146,1566,1580,409,602,545,498,490,602,226,290,282,255,242,271,183,312,263,243,248,331
2017_3,면목로17길,4136,2095,2041,457,596,727,620,787,949,222,319,397,317,401,439,235,277,330,303,386,510
2017_3,뚝섬로64길,2969,1497,1472,425,474,490,450,516,614,236,224,276,222,244,295,189,250,214,228,272,319
2017_3,뚝섬로58길,3488,1672,1816,617,504,617,603,523,624,308,247,304,284,241,288,309,257,313,319,282,336
2017_3,뚝섬로54길,3586,1754,1832,647,512,678,640,553,556,333,254,339,308,262,258,314,258,339,332,291,298
2017_3,뚝섬로48길,3572,1732,1840,522,528,674,612,555,681,254,273,318,314,268,305,268,255,356,298,287,376
2017_3,뚝섬로24길,3022,1534,1488,340,424,499,482,580,697,168,224,284,246,293,319,172,200,215,236,287,378
2017_3,뚝섬로23길,2101,1019,1082,219,295,356,319,386,526,101,155,178,171,180,234,118,140,178,148,206,292
2017_3,동일로24길,2997,1458,1539,267,870,639,401,349,471,137,381,335,206,180,219,130,489,304,195,169,252
2017_3,동일로18길,1929,997,932,181,343,358,284,347,416,87,178,190,163,190,189,94,165,168,121,157,227
2017_3,능동로4길,3066,1490,1576,680,413,517,574,489,393,330,212,229,284,240,195,350,201,288,290,249,198
2017_3,능동로3길,3728,1868,1860,378,429,559,554,776,1032,186,223,285,301,395,478,192,206,274,253,381,554
2017_3,능동로34길,5177,2429,2748,640,921,1304,768,616,928,356,384,600,381,294,414,284,537,704,387,322,514
2017_3,능동로19길,2305,1098,1207,117,849,424,240,264,411,52,360,212,142,152,180,65,489,212,98,112,231
2017_3,능동로13길,3707,1769,1938,251,1292,813,390,399,562,140,547,427,199,209,247,111,745,386,191,190,315
2017_3,긴고랑로9길,2086,1044,1042,277,304,341,325,387,452,153,155,177,158,188,213,124,149,164,167,199,239
2017_3,긴고랑로8길,4071,2081,1990,423,655,809,613,710,861,243,322,434,328,356,398,180,333,375,285,354,463
2017_3,긴고랑로7길,4880,2393,2487,713,672,777,867,866,985,368,330,391,442,428,434,345,342,386,425,438,551
2017_3,긴고랑로20길,4202,1999,2203,573,655,770,649,717,838,289,310,383,308,332,377,284,345,387,341,385,461
2017_3,광나루로52길,4387,2121,2266,638,679,840,730,682,818,290,350,432,366,330,353,348,329,408,364,352,465
2017_3,광나루로40길,3761,1855,1906,468,619,745,626,532,771,230,307,385,309,278,346,238,312,360,317,254,425
2017_3,광나루로37길,691,322,369,110,94,102,104,121,160,49,47,52,53,55,66,61,47,50,51,66,94
2017_3,광나루로36길,2645,1266,1379,360,386,473,454,413,559,171,188,224,243,204,236,189,198,249,211,209,323
2017_3,광나루로24길,1250,673,577,90,389,211,157,154,249,49,223,125,92,75,109,41,166,86,65,79,140
2017_3,광나루로12길,2378,1211,1167,140,1128,540,208,177,185,72,516,311,113,105,94,68,612,229,95,72,91
2017_3,한림말길,2165,1029,1136,212,297,357,323,395,581,101,141,177,169,204,237,111,156,180,154,191,344
2017_3,한림말3길,959,443,516,130,137,187,157,117,231,69,54,89,83,49,99,61,83,98,74,68,132
2017_3,청계천로10나길,2732,1396,1336,353,429,371,443,474,662,188,241,200,223,257,287,165,188,171,220,217,375
2017_3,장터길,1942,939,1003,206,257,300,326,314,539,110,130,152,172,149,226,96,127,148,154,165,313
2017_3,용답중앙길,2782,1444,1338,350,422,366,463,510,671,183,224,204,241,271,321,167,198,162,222,239,350
2017_3,용답29길,3219,1636,1583,375,485,502,527,584,746,182,231,263,295,318,347,193,254,239,232,266,399
2017_3,왕십리로6길,2086,1077,1009,297,340,346,372,325,406,154,176,185,195,172,195,143,164,161,177,153,211
2017_3,왕십리로31길,3235,1551,1684,382,554,545,538,506,710,185,243,278,277,251,317,197,311,267,261,255,393
2017_3,왕십리로26길,2906,1478,1428,384,524,449,480,467,602,202,269,230,244,263,270,182,255,219,236,204,332
2017_3,왕십리로21길,2450,1179,1271,325,427,375,401,410,512,160,210,196,193,199,221,165,217,179,208,211,291
2017_3,왕십리로14길,1921,1016,905,247,315,330,302,326,401,148,150,164,161,177,216,99,165,166,141,149,185
2017_3,아차산로5길,2209,1136,1073,287,387,418,329,387,401,160,185,234,171,207,179,127,202,184,158,180,222
2017_3,아차산로15길,404,243,161,5,119,157,62,33,28,2,53,100,46,23,19,3,66,57,16,10,9
2017_3,아차산로11길,384,227,157,44,46,64,76,81,73,22,26,30,53,53,43,22,20,34,23,28,30
2017_3,송정4가길,2742,1480,1262,309,448,395,419,571,600,160,243,217,239,320,301,149,205,178,180,251,299
2017_3,송정12라길,1271,685,586,146,197,177,209,239,303,81,112,93,130,126,143,65,85,84,79,113,160
2017_3,성수일로6길,397,229,168,48,59,52,84,80,74,21,29,26,53,60,40,27,30,26,31,20,34
2017_3,성수이로7길,1348,722,626,117,287,253,186,242,263,56,134,145,106,141,140,61,153,108,80,101,123
2017_3,성수이로18길,272,147,125,40,39,23,52,62,56,19,22,14,28,39,25,21,17,9,24,23,31
2017_3,성덕정길,3316,1727,1589,455,531,426,550,699,655,226,301,232,273,398,297,229,230,194,277,301,358
2017_3,성덕정17길,3644,1927,1717,420,503,519,580,735,887,214,275,274,323,436,405,206,228,245,257,299,482
2017_3,서울숲2길,2299,1165,1134,284,359,425,394,371,466,142,187,223,204,193,216,142,172,202,190,178,250
2017_3,상원길,1215,607,608,142,220,236,218,181,218,74,103,115,119,92,104,68,117,121,99,89,114
2017_3,상원12길,2448,1233,1215,345,401,476,390,412,424,178,193,258,209,208,187,167,208,218,181,204,237
2017_3,사근동길,2388,1335,1053,186,898,304,236,271,493,94,582,182,128,131,218,92,316,122,108,140,275
2017_3,무학봉길,2330,1151,1179,372,378,353,374,364,489,198,193,173,190,179,218,174,185,180,184,185,271
2017_3,무학봉28길,1012,487,525,99,219,146,163,165,220,42,116,70,88,85,86,57,103,76,75,80,134
2017_3,무학로6길,1793,879,914,197,301,298,290,298,409,107,142,143,161,143,183,90,159,155,129,155,226
2017_3,무수막길,2287,1097,1190,279,266,341,412,391,598,138,116,180,212,195,256,141,150,161,200,196,342
2017_3,매봉길,5583,2645,2938,916,723,1486,908,794,756,455,361,675,443,367,344,461,362,811,465,427,412
2017_3,마조로1길,1177,572,605,84,532,206,95,96,164,40,238,114,47,47,86,44,294,92,48,49,78
2017_3,마조로16길,2548,1277,1271,314,369,325,377,458,705,168,180,160,197,245,327,146,189,165,180,213,378
2017_3,마장로39길,973,489,484,185,146,142,160,173,167,95,76,71,80,87,80,90,70,71,80,86,87
2017_3,마장로27길,1916,958,958,248,311,306,284,312,455,134,164,160,146,156,198,114,147,146,138,156,257
2017_3,뚝섬로5길,1869,926,943,278,279,355,341,279,337,140,115,180,169,163,159,138,164,175,172,116,178
2017_3,둘레9길,2982,1593,1389,324,435,410,505,632,676,175,232,218,271,373,324,149,203,192,234,259,352
2017_3,금호산길,3450,1718,1732,493,471,465,572,597,852,273,251,256,268,304,366,220,220,209,304,293,486
2017_3,금호산2길,2327,1150,1177,312,344,296,362,388,625,167,190,156,190,184,263,145,154,140,172,204,362
2017_3,고산자로6길,2999,1542,1457,300,521,375,466,577,760,164,284,200,251,288,355,136,237,175,215,289,405
2017_3,후암로28길,5649,2753,2896,932,692,945,975,867,1238,511,357,478,483,406,518,421,335,467,492,461,720
2017_3,효창원로39길,2959,1400,1559,429,407,567,474,415,667,212,188,273,241,209,277,217,219,294,233,206,390
2017_3,회나무로13길,2290,1021,1269,194,271,367,353,373,732,105,136,170,164,159,287,89,135,197,189,214,445
2017_3,한남대로20길,670,307,363,61,106,160,115,72,156,30,36,82,61,30,68,31,70,78,54,42,88
2017_3,한강대로88길,118,93,25,3,8,10,23,38,36,1,5,6,18,36,27,2,3,4,5,2,9
2017_3,한강대로7길,767,411,356,55,58,115,103,135,301,34,35,66,63,74,139,21,23,49,40,61,162
2017_3,한강대로62길,922,464,458,83,112,149,137,160,281,48,62,75,74,77,128,35,50,74,63,83,153
2017_3,한강대로52길,613,290,323,38,70,116,90,77,222,22,35,59,48,48,78,16,35,57,42,29,144
2017_3,한강대로43길,1380,662,718,105,225,417,211,173,249,51,86,187,115,89,134,54,139,230,96,84,115
2017_3,한강대로15길,498,260,238,39,52,80,71,82,174,22,34,47,40,42,75,17,18,33,31,40,99
2017_3,한강대로104길,2809,1528,1281,301,395,416,444,584,669,166,185,201,276,358,342,135,210,215,168,226,327
2017_3,청파로73길,2730,1408,1322,338,438,423,460,466,605,183,232,240,240,247,266,155,206,183,220,219,339
2017_3,청파로71길,4313,2170,2143,580,788,703,710,675,857,305,408,380,359,330,388,275,380,323,351,345,469
2017_3,청파로47나길,3065,1431,1634,416,699,651,459,355,485,212,252,332,235,181,219,204,447,319,224,174,266
2017_3,청파로47길,1962,631,1331,132,523,286,260,279,482,60,133,124,89,94,131,72,390,162,171,185,351
2017_3,장문로45길,2869,1404,1465,338,429,439,471,486,706,176,242,232,239,212,303,162,187,207,232,274,403
2017_3,이태원로54길,2312,1013,1299,122,231,412,405,398,744,57,93,198,216,176,273,65,138,214,189,222,471
2017_3,이태원로27길,740,355,385,69,105,135,131,97,203,34,51,73,63,46,88,35,54,62,68,51,115
2017_3,이촌로22길,1990,939,1051,215,207,254,331,353,630,107,99,139,173,179,242,108,108,115,158,174,388
2017_3,원효로89길,953,468,485,88,179,148,161,145,232,43,79,81,81,81,103,45,100,67,80,64,129
2017_3,원효로53길,2081,1061,1020,226,300,365,332,302,556,120,165,214,186,145,231,106,135,151,146,157,325
2017_3,원효로41길,1465,693,772,212,163,215,252,215,408,90,84,118,133,96,172,122,79,97,119,119,236
2017_3,원효로19길,1993,981,1012,314,315,318,324,306,416,163,160,155,165,160,178,151,155,163,159,146,238
2017_3,우사단로4길,2408,1197,1211,243,414,391,393,382,585,130,239,216,196,183,233,113,175,175,197,199,352
2017_3,우사단로14길,1353,705,648,128,185,289,247,185,319,67,104,161,137,93,143,61,81,128,110,92,176
2017_3,우사단로10길,2827,1484,1343,256,429,519,461,474,688,144,258,300,265,238,279,112,171,219,196,236,409
2017_3,신흥로20길,2825,1395,1430,390,383,471,451,416,714,220,188,258,230,201,298,170,195,213,221,215,416
2017_3,소월로20길,2346,1134,1212,256,350,409,345,374,612,134,174,215,165,178,268,122,176,194,180,196,344
2017_3,서빙고로71길,2679,1280,1399,328,315,350,445,474,767,160,159,186,232,235,308,168,156,164,213,239,459
2017_3,백범로90길,3874,1863,2011,582,557,1017,660,470,588,293,215,494,343,222,296,289,342,523,317,248,292
2017_3,백범로79길,3989,1894,2095,646,588,758,702,526,769,339,267,376,340,247,325,307,321,382,362,279,444
2017_3,두텁바위로1길,3332,1773,1559,313,478,456,526,573,986,174,253,248,278,329,491,139,225,208,248,244,495
2017_3,대사관로34길,1451,685,766,153,254,277,204,237,326,84,118,141,95,105,142,69,136,136,109,132,184
2017_3,녹사평대로46길,852,431,421,97,145,167,123,111,209,56,86,82,68,55,84,41,59,85,55,56,125
2017_3,녹사평대로40나길,764,363,401,107,110,131,124,89,203,50,49,70,67,42,85,57,61,61,57,47,118
2017_3,녹사평대로32길,517,260,257,40,77,121,68,78,133,24,39,59,40,35,63,16,38,62,28,43,70
2017_3,녹사평대로26길,991,462,529,77,160,206,132,159,257,39,84,105,58,81,95,38,76,101,74,78,162
2017_3,녹사평대로11길,442,224,218,64,48,69,89,63,109,34,26,34,48,36,46,30,22,35,41,27,63
2017_3,퇴계로90길,3480,1742,1738,395,547,405,634,653,846,201,284,210,347,347,353,194,263,195,287,306,493
2017_3,퇴계로8길,1567,809,758,93,142,154,214,269,695,35,67,91,111,146,359,58,75,63,103,123,336
2017_3,퇴계로56길,1186,599,587,110,193,149,171,200,363,60,93,78,102,100,166,50,100,71,69,100,197
2017_3,퇴계로46길,869,434,435,112,184,150,124,102,197,62,89,85,68,47,83,50,95,65,56,55,114
2017_3,퇴계로18길,769,373,396,96,101,140,132,108,192,51,50,76,66,50,80,45,51,64,66,58,112
2017_3,퇴계로12길,929,447,482,93,105,116,166,141,308,51,56,65,87,64,124,42,49,51,79,77,184
2017_3,청구로1길,2085,992,1093,245,299,242,364,386,549,120,147,125,182,206,212,125,152,117,182,180,337
2017_3,청구로17길,1780,896,884,218,288,289,267,300,418,112,144,157,136,152,195,106,144,132,131,148,223
2017_3,장충단로8길,1532,767,765,177,281,232,245,238,359,92,150,116,135,117,157,85,131,116,110,121,202
2017_3,삼일대로4길,117,68,49,34,14,24,27,8,10,21,6,14,16,5,6,13,8,10,11,3,4
2017_3,명동길,563,49,514,1,14,62,117,108,261,0,3,10,9,15,12,1,11,52,108,93,249
2017_3,동호로8길,703,327,376,86,139,128,106,102,142,38,64,63,56,48,58,48,75,65,50,54,84
2017_3,동호로20길,2239,1030,1209,315,383,350,394,339,458,149,184,170,185,147,195,166,199,180,209,192,263
2017_3,동호로15길,1964,953,1011,206,277,262,324,330,565,117,140,125,166,171,234,89,137,137,158,159,331
2017_3,동호로11길,4803,2357,2446,619,759,809,821,725,1070,337,401,433,392,343,451,282,358,376,429,382,619
2017_3,동호로10길,2054,1004,1050,229,413,408,311,314,379,129,197,187,152,163,176,100,216,221,159,151,203
2017_3,다산로39길,867,480,387,54,104,88,132,230,259,19,61,56,78,138,128,35,43,32,54,92,131
2017_3,다산로38길,1452,702,750,192,232,241,229,246,312,91,120,117,114,129,131,101,112,124,115,117,181
2017_3,다산로36길,2236,1109,1127,266,311,304,386,431,538,145,152,161,202,228,221,121,159,143,184,203,317
2017_3,다산로33길,3785,1931,1854,406,639,525,641,688,886,204,345,306,345,353,378,202,294,219,296,335,508
2017_3,난계로21길,822,426,396,70,175,196,96,114,171,38,89,106,49,69,75,32,86,90,47,45,96
2017_3,난계로11길,3287,1550,1737,289,699,689,506,502,602,135,277,326,259,266,287,154,422,363,247,236,315
2017_3,필운대로1길,714,327,387,132,88,89,155,96,154,63,38,43,64,54,65,69,50,46,91,42,89
2017_3,평창길,1873,935,938,319,381,211,235,270,457,192,197,110,104,124,208,127,184,101,131,146,249
2017_3,통일로12길,946,439,507,118,107,121,198,124,278,61,46,56,101,62,113,57,61,65,97,62,165
2017_3,창신길,2458,1246,1212,312,368,293,437,496,552,154,190,167,224,261,250,158,178,126,213,235,302
2017_3,창신5길,1402,741,661,118,177,133,237,302,435,61,107,73,124,171,205,57,70,60,113,131,230
2017_3,창신2길,868,449,419,80,106,104,131,200,247,45,53,62,76,100,113,35,53,42,55,100,134
2017_3,창경궁로35길,931,418,513,74,178,125,161,133,260,38,84,57,80,60,99,36,94,68,81,73,161
2017_3,지봉로8길,2423,1216,1207,254,341,309,414,449,656,132,174,170,227,217,296,122,167,139,187,232,360
2017_3,종로65길,3908,2006,1902,371,507,499,655,836,1040,187,257,274,338,448,502,184,250,225,317,388,538
2017_3,종로58가길,473,242,231,22,137,123,59,52,80,7,60,63,38,29,45,15,77,60,21,23,35
2017_3,종로24길,48,36,12,2,1,6,7,9,23,0,1,5,7,8,15,2,0,1,0,1,8
2017_3,자하문로7길,725,334,391,115,91,109,116,93,201,68,46,48,51,38,83,47,45,61,65,55,118
2017_3,이화장길,1704,834,870,206,376,321,230,241,330,105,173,168,107,126,155,101,203,153,123,115,175
2017_3,율곡로16길,493,278,215,51,74,87,84,78,119,37,45,54,51,39,52,14,29,33,33,39,67
2017_3,율곡로10길,290,167,123,14,27,34,54,55,106,8,14,22,38,33,52,6,13,12,16,22,54
2017_3,옥인길,2524,1122,1402,456,292,440,505,340,491,219,139,195,223,147,199,237,153,245,282,193,292
2017_3,숭인동길,933,488,445,88,131,108,147,180,279,49,76,61,76,105,121,39,55,47,71,75,158
2017_3,성균관로5길,995,487,508,83,334,166,122,115,175,46,163,92,61,55,70,37,171,74,61,60,105
2017_3,삼청로5길,733,329,404,76,80,101,96,122,258,33,33,48,46,56,113,43,47,53,50,66,145
2017_3,북촌로5나길,724,344,380,105,91,109,125,115,179,62,48,50,62,43,79,43,43,59,63,72,100
2017_3,북촌로5길,473,218,255,67,59,57,65,73,152,39,20,25,38,34,62,28,39,32,27,39,90
2017_3,북촌로11길,692,326,366,72,78,80,110,126,226,43,38,41,59,56,89,29,40,39,51,70,137
2017_3,백석동길,1744,851,893,250,246,260,313,295,380,129,145,125,144,132,176,121,101,135,169,163,204
2017_3,명륜길,1475,758,717,139,477,196,160,173,330,75,263,116,90,79,135,64,214,80,70,94,195
2017_3,돈화문로11가길,1095,617,478,95,158,184,200,179,279,52,92,117,116,108,132,43,66,67,84,71,147
2017_3,난계로27길,767,346,421,16,342,244,63,34,68,8,115,120,34,27,42,8,227,124,29,7,26
2017_3,계동길,1855,862,993,262,222,263,325,289,494,118,101,140,150,138,215,144,121,123,175,151,279
2017_2,강남 마이스 관광특구,20,15,5,5,1,1,4,4,5,4,0,1,3,3,4,1,1,0,1,1,1
2017_2,잠실 관광특구,9122,4432,4690,1094,1384,1965,1309,1465,1905,575,638,904,665,697,953,519,746,1061,644,768,952
2017_2,종로·청계 관광특구,2765,1723,1042,123,317,286,349,653,1037,63,204,187,227,448,594,60,113,99,122,205,443
2017_2,동대문패션타운 관광특구,3010,1486,1524,252,576,624,448,518,592,112,240,321,240,270,303,140,336,303,208,248,289
2017_2,명동 남대문 북창동 다동 무교동 관광특구,1297,495,802,18,76,159,223,283,538,5,40,79,75,119,177,13,36,80,148,164,361
2017_2,이태원 관광특구,6730,3207,3523,532,892,1277,1050,1098,1881,266,441,658,539,524,779,266,451,619,511,574,1102
2017_2,길동복조리시장,3402,1694,1708,517,446,559,521,536,823,294,221,280,276,234,389,223,225,279,245,302,434
2017_2,둔촌역전통시장,624,315,309,104,89,80,111,119,121,52,57,34,51,67,54,52,32,46,60,52,67
2017_2,성내골목시장,1020,533,487,118,141,171,161,194,235,53,77,100,80,103,120,65,64,71,81,91,115
2017_2,천호시장,146,76,70,3,8,21,29,36,49,1,4,8,18,24,21,2,4,13,11,12,28
2017_2,동서울시장,224,107,117,10,11,27,44,49,83,2,3,15,29,25,33,8,8,12,15,24,50
2017_2,고분다리골목시장,372,196,176,41,51,53,53,81,93,19,30,27,34,48,38,22,21,26,19,33,55
2017_2,양지골목시장,751,376,375,134,107,146,130,105,129,60,64,76,69,46,61,74,43,70,61,59,68
2017_2,암사종합시장,952,497,455,92,157,200,144,160,199,52,77,117,79,77,95,40,80,83,65,83,104
2017_2,고덕전통시장,308,156,152,33,29,46,48,64,88,21,20,26,24,32,33,12,9,20,24,32,55
2017_2,명일골목시장,2024,989,1035,441,250,268,383,309,373,215,133,124,196,144,177,226,117,144,187,165,196
2017_2,새마을시장,2342,1149,1193,215,379,472,329,361,586,116,186,223,187,173,264,99,193,249,142,188,322
2017_2,석촌시장,817,414,403,109,133,121,144,160,150,51,67,59,79,87,71,58,66,62,65,73,79
2017_2,방이시장,5229,2510,2719,711,853,1080,794,839,952,383,393,545,387,371,431,328,460,535,407,468,521
2017_2,마천시장,1017,528,489,130,128,110,148,215,286,53,84,56,83,115,137,77,44,54,65,100,149
2017_2,풍납시장,2568,1275,1293,283,334,381,411,447,712,132,179,205,214,216,329,151,155,176,197,231,383
2017_2,강남개포시장,4,2,2,1,0,0,1,1,1,1,0,0,0,1,0,0,0,0,1,0,1
2017_2,도곡시장,235,104,131,64,29,29,60,32,21,35,13,7,24,18,7,29,16,22,36,14,14
2017_2,청담삼익시장,145,69,76,17,18,20,13,24,53,8,8,8,8,10,27,9,10,12,5,14,26
2017_2,논현종합시장,89,35,54,14,3,20,15,7,30,4,1,8,5,3,14,10,2,12,10,4,16
2017_2,영동전통시장,1256,578,678,113,234,335,207,161,206,53,104,152,106,69,94,60,130,183,101,92,112
2017_2,강남시장_강남,294,136,158,45,29,53,52,31,84,23,13,27,22,14,37,22,16,26,30,17,47
2017_2,양재시장,83,47,36,8,20,10,14,9,22,5,12,4,6,7,13,3,8,6,8,2,9
2017_2,남부종합시장,186,92,94,39,24,15,36,29,43,24,12,5,18,12,21,15,12,10,18,17,22
2017_2,우림시장,83,37,46,9,9,19,9,11,26,5,3,8,4,4,13,4,6,11,5,7,13
2017_2,미성동도깨비시장,674,317,357,77,90,77,116,102,212,39,40,36,64,50,88,38,50,41,52,52,124
2017_2,신신림시장,131,61,70,16,9,16,15,17,58,5,5,9,7,14,21,11,4,7,8,3,37
2017_2,삼성동시장,153,83,70,12,16,13,25,29,58,7,10,8,15,16,27,5,6,5,10,13,31
2017_2,신림중앙시장,66,38,28,6,20,21,5,5,9,3,11,13,4,1,6,3,9,8,1,4,3
2017_2,강남골목시장,602,305,297,53,129,128,86,87,119,23,63,73,45,49,52,30,66,55,41,38,67
2017_2,신림종합시장,3,2,1,0,0,0,2,0,1,0,0,0,1,0,1,0,0,0,1,0,0
2017_2,관악신사시장,2216,1129,1087,235,397,368,370,363,483,129,189,210,194,197,210,106,208,158,176,166,273
2017_2,신원시장,419,231,188,43,81,56,60,70,109,25,46,29,35,39,57,18,35,27,25,31,52
2017_2,인헌시장,1482,727,755,112,286,323,217,208,336,64,123,166,113,113,148,48,163,157,104,95,188
2017_2,봉천중앙시장,338,153,185,19,128,96,41,28,26,6,49,43,26,14,15,13,79,53,15,14,11
2017_2,봉천현대시장,12,4,8,1,1,0,2,5,3,1,0,0,1,2,0,0,1,0,1,3,3
2017_2,봉일시장,115,57,58,1,52,21,5,17,19,0,29,8,2,9,9,1,23,13,3,8,10
2017_2,봉천제일종합시장,396,184,212,24,94,61,59,66,92,14,31,33,28,38,40,10,63,28,31,28,52
2017_2,낙성대시장,659,308,351,44,246,148,75,58,88,20,99,83,43,24,39,24,147,65,32,34,49
2017_2,중부시장,574,274,300,41,144,120,71,64,134,18,59,63,41,34,59,23,85,57,30,30,75
2017_2,사당시장,15,10,5,2,4,0,3,5,1,1,3,0,2,3,1,1,1,0,1,2,0
2017_2,남성역골목시장,547,229,318,52,100,98,71,76,150,27,36,41,30,35,60,25,64,57,41,41,90
2017_2,남성사계시장,582,286,296,30,102,106,83,81,180,18,38,54,52,45,79,12,64,52,31,36,101
2017_2,흑석시장,1028,478,550,144,166,133,171,148,266,74,84,67,85,71,97,70,82,66,86,77,169
2017_2,상도4동도깨비골목시장,1983,963,1020,179,263,304,296,330,611,86,136,170,154,155,262,93,127,134,142,175,349
2017_2,성대시장,140,66,74,10,43,21,14,30,22,5,18,10,6,17,10,5,25,11,8,13,12
2017_2,영도시장,63,34,29,1,12,7,10,12,21,0,7,3,8,7,9,1,5,4,2,5,12
2017_2,상도전통시장,1633,790,843,137,307,264,234,235,456,77,151,143,110,122,187,60,156,121,124,113,269
2017_2,강남시장_동작,143,62,81,11,25,30,16,17,44,7,10,13,8,4,20,4,15,17,8,13,24
2017_2,신노량진시장,23,13,10,2,2,1,5,7,6,1,0,1,2,5,4,1,2,0,3,2,2
2017_2,본동인정시장,452,243,209,32,81,81,72,70,116,14,53,49,44,40,43,18,28,32,28,30,73
2017_2,노량진중앙시장,161,100,61,4,67,25,17,16,32,2,43,19,12,11,13,2,24,6,5,5,19
2017_2,대림중앙시장,404,195,209,34,42,39,66,85,138,21,22,22,30,39,61,13,20,17,36,46,77
2017_2,우리시장,364,177,187,38,48,40,51,65,122,17,24,20,28,30,58,21,24,20,23,35,64
2017_2,영진시장A동,127,67,60,17,13,16,21,22,38,8,5,10,14,10,20,9,8,6,7,12,18
2017_2,사러가시장,108,48,60,13,12,8,26,14,35,8,6,5,12,4,13,5,6,3,14,10,22
2017_2,대신시장,236,107,129,40,22,29,41,38,66,18,12,12,22,15,28,22,10,17,19,23,38
2017_2,영일시장,734,383,351,72,112,149,117,99,185,39,57,92,64,55,76,33,55,57,53,44,109
2017_2,도림시장,60,28,32,8,15,4,10,7,16,4,10,3,4,2,5,4,5,1,6,5,11
2017_2,영등포청과시장,281,157,124,25,36,31,44,54,91,14,21,19,27,36,40,11,15,12,17,18,51
2017_2,영등포전통시장,2274,1371,903,95,290,423,366,430,670,58,128,236,252,317,380,37,162,187,114,113,290
2017_2,은행나무시장,422,212,210,62,41,67,71,66,115,36,23,41,33,31,48,26,18,26,38,35,67
2017_2,박미시장,291,159,132,27,23,28,64,53,96,21,10,18,29,36,45,6,13,10,35,17,51
2017_2,현대시장,2994,1420,1574,367,430,411,418,560,808,180,193,205,206,256,380,187,237,206,212,304,428
2017_2,대명시장,7,5,2,0,1,1,0,2,3,0,1,0,0,2,2,0,0,1,0,0,1
2017_2,푸른터시장,44,25,19,6,1,14,7,3,13,5,0,8,4,1,7,1,1,6,3,2,6
2017_2,남문시장,1751,875,876,211,225,220,280,411,404,103,107,125,133,231,176,108,118,95,147,180,228
2017_2,독산동 우시장,97,49,48,1,35,24,17,11,9,0,10,15,13,7,4,1,25,9,4,4,5
2017_2,오류시장,159,87,72,13,15,20,20,32,59,8,10,13,15,18,23,5,5,7,5,14,36
2017_2,개봉중앙시장,385,180,205,59,65,54,61,66,80,27,31,33,25,28,36,32,34,21,36,38,44
2017_2,고척근린시장,663,327,336,83,82,84,91,122,201,46,38,50,43,61,89,37,44,34,48,61,112
2017_2,가리봉시장,431,149,282,22,40,32,95,106,136,10,24,12,22,36,45,12,16,20,73,70,91
2017_2,남구로시장,717,405,312,76,65,86,129,143,218,32,30,53,82,94,114,44,35,33,47,49,104
2017_2,구로시장,134,73,61,15,11,12,22,32,42,3,6,9,15,21,19,12,5,3,7,11,23
2017_2,공항시장,179,72,107,1,91,39,19,15,14,1,26,13,13,12,7,0,65,26,6,3,7
2017_2,방신전통시장,902,452,450,87,104,94,171,186,260,38,51,48,94,97,124,49,53,46,77,89,136
2017_2,송화골목시장,528,244,284,86,81,78,94,82,107,45,35,32,38,45,49,41,46,46,56,37,58
2017_2,까치산시장,1093,483,610,144,153,214,167,145,270,73,60,106,81,58,105,71,93,108,86,87,165
2017_2,화곡본동시장,346,148,198,47,48,78,51,39,83,23,17,35,20,18,35,24,31,43,31,21,48
2017_2,남부골목시장,2008,958,1050,245,256,332,293,350,532,126,130,160,153,173,216,119,126,172,140,177,316
2017_2,화곡중앙골목시장,1080,519,561,185,136,220,155,172,212,77,65,122,81,77,97,108,71,98,74,95,115
2017_2,신월중앙시장,86,48,38,18,10,22,12,6,18,10,7,11,7,4,9,8,3,11,5,2,9
2017_2,등마루시장,3,2,1,0,0,0,1,1,1,0,0,0,1,1,0,0,0,0,0,0,1
2017_2,신정3동골목시장,327,187,140,31,32,35,61,65,103,17,17,15,42,47,49,14,15,20,19,18,54
2017_2,신정2동골목시장,492,245,247,74,60,75,92,57,134,36,31,41,48,32,57,38,29,34,44,25,77
2017_2,신정제일시장,180,78,102,24,20,19,20,42,55,7,8,8,11,20,24,17,12,11,9,22,31
2017_2,신월7동골목시장,138,67,71,12,33,11,22,29,31,5,18,4,15,11,14,7,15,7,7,18,17
2017_2,신월6동골목시장,172,96,76,16,21,17,28,39,51,11,15,11,14,21,24,5,6,6,14,18,27
2017_2,신곡종합시장,61,27,34,11,5,17,9,4,15,5,2,7,5,3,5,6,3,10,4,1,10
2017_2,신월3동골목시장,396,217,179,50,38,49,67,82,110,30,17,28,38,52,52,20,21,21,29,30,58
2017_2,경창시장,372,179,193,62,39,48,67,49,107,32,19,23,36,24,45,30,20,25,31,25,62
2017_2,월정로시장,1696,873,823,222,195,242,275,319,443,118,98,131,141,174,211,104,97,111,134,145,232
2017_2,신영시장,1263,619,644,189,140,166,222,239,307,79,74,78,127,116,145,110,66,88,95,123,162
2017_2,목4동시장,1151,575,576,176,196,139,190,221,229,96,120,64,85,105,105,80,76,75,105,116,124
2017_2,목3동시장,1211,612,599,154,182,256,190,184,245,72,87,154,103,88,108,82,95,102,87,96,137
2017_2,목2동시장,1108,551,557,86,149,207,146,193,327,43,63,115,76,99,155,43,86,92,70,94,172
2017_2,동진시장,37,18,19,6,8,8,2,4,9,2,6,2,1,2,5,4,2,6,1,2,4
2017_2,망원월드컵시장,825,386,439,134,114,145,142,117,173,66,48,70,70,51,81,68,66,75,72,66,92
2017_2,망원시장,2028,965,1063,214,267,404,356,308,479,119,124,194,189,137,202,95,143,210,167,171,277
2017_2,합정시장,86,37,49,11,13,21,10,9,22,6,4,10,5,4,8,5,9,11,5,5,14
2017_2,영진시장,213,92,121,19,29,46,26,36,57,11,13,20,10,12,26,8,16,26,16,24,31
2017_2,서교시장,31,23,8,1,6,10,4,4,6,1,4,8,3,4,3,0,2,2,1,0,3
2017_2,신수시장,71,36,35,7,9,12,7,13,23,3,6,6,4,7,10,4,3,6,3,6,13
2017_2,아현시장,440,205,235,61,57,50,74,57,141,35,26,27,33,28,56,26,31,23,41,29,85
2017_2,마포시장,16,7,9,3,1,0,2,3,7,1,1,0,1,2,2,2,0,0,1,1,5
2017_2,공덕시장,11,7,4,0,2,1,1,6,1,0,1,0,1,4,1,0,1,1,0,2,0
2017_2,백련시장,151,68,83,14,14,28,19,27,49,10,8,9,10,13,18,4,6,19,9,14,31
2017_2,모래내시장,725,369,356,28,45,54,95,147,356,10,24,32,49,90,164,18,21,22,46,57,192
2017_2,포방터시장,502,245,257,60,58,62,85,93,144,29,38,31,39,52,56,31,20,31,46,41,88
2017_2,인왕시장,320,162,158,33,38,40,44,62,103,19,15,28,24,33,43,14,23,12,20,29,60
2017_2,아현가구거리상점가,144,77,67,11,27,21,19,26,40,9,17,12,9,12,18,2,10,9,10,14,22
2017_2,영천시장,389,200,189,30,49,41,66,74,129,13,27,27,40,38,55,17,22,14,26,36,74
2017_2,수일시장,118,54,64,3,12,9,9,26,59,1,5,6,6,11,25,2,7,3,3,15,34
2017_2,증산종합시장,144,66,78,20,21,14,22,29,38,10,9,9,11,9,18,10,12,5,11,20,20
2017_2,대림골목시장,638,319,319,88,56,82,94,114,204,51,27,42,50,64,85,37,29,40,44,50,119
2017_2,신응암시장,216,118,98,38,26,40,34,33,45,20,16,27,18,18,19,18,10,13,16,15,26
2017_2,녹번시장,28,14,14,6,2,0,6,3,11,3,1,0,2,2,6,3,1,0,4,1,5
2017_2,대조시장,509,243,266,74,61,95,94,72,113,32,31,51,46,35,48,42,30,44,48,37,65
2017_2,역촌중앙시장,10,7,3,0,0,0,2,6,2,0,0,0,0,6,1,0,0,0,2,0,1
2017_2,갈현시장,66,35,31,8,15,10,4,15,14,3,11,4,4,5,8,5,4,6,0,10,6
2017_2,연서시장,269,126,143,21,32,39,30,53,94,10,11,23,17,26,39,11,21,16,13,27,55
2017_2,상계중앙시장,1905,908,997,230,303,205,305,373,489,115,144,110,149,173,217,115,159,95,156,200,272
2017_2,공릉동도깨비시장,1457,726,731,179,277,276,183,239,303,82,134,147,94,125,144,97,143,129,89,114,159
2017_2,방학동도깨비시장,1062,526,536,126,158,105,183,202,288,64,97,57,93,92,123,62,61,48,90,110,165
2017_2,쌍문역골목시장,751,380,371,69,96,135,109,110,232,37,53,75,54,52,109,32,43,60,55,58,123
2017_2,백운시장,338,161,177,43,47,43,58,53,94,22,23,20,29,30,37,21,24,23,29,23,57
2017_2,신도봉시장,189,99,90,18,37,21,25,41,47,5,21,14,9,24,26,13,16,7,16,17,21
2017_2,창동골목시장,1301,656,645,161,159,179,202,221,379,83,85,94,106,121,167,78,74,85,96,100,212
2017_2,창동신창시장,2299,1109,1190,324,351,335,397,409,483,153,179,161,197,195,224,171,172,174,200,214,259
2017_2,수유북부시장,66,34,32,4,5,11,8,7,31,3,3,6,6,3,13,1,2,5,2,4,18
2017_2,장미원골목시장,1357,655,702,204,184,223,182,217,347,110,96,124,79,102,144,94,88,99,103,115,203
2017_2,수유중앙시장,41,27,14,3,8,4,5,12,9,3,6,3,5,7,3,0,2,1,0,5,6
2017_2,강북종합시장,738,375,363,65,116,87,114,149,207,34,43,48,64,86,100,31,73,39,50,63,107
2017_2,우이시장,1632,815,817,245,211,210,280,277,409,130,116,117,136,147,169,115,95,93,144,130,240
2017_2,수유전통시장,620,297,323,65,94,96,85,116,164,33,45,45,43,53,78,32,49,51,42,63,86
2017_2,번동북부골목시장,1097,533,564,167,141,184,210,146,249,81,66,93,110,70,113,86,75,91,100,76,136
2017_2,솔샘시장,149,74,75,17,22,15,21,28,46,9,12,7,13,14,19,8,10,8,8,14,27
2017_2,숭인시장,246,130,116,20,27,36,43,51,69,11,11,20,24,33,31,9,16,16,19,18,38
2017_2,방천골목시장,1542,753,789,159,241,210,257,275,400,86,115,113,131,131,177,73,126,97,126,144,223
2017_2,동북시장,37,19,18,5,3,6,2,3,18,1,1,4,1,2,10,4,2,2,1,1,8
2017_2,석관황금시장,1936,984,952,225,264,241,333,345,528,117,141,129,185,175,237,108,123,112,148,170,291
2017_2,석관시장,167,100,67,19,23,15,33,36,41,14,14,10,23,21,18,5,9,5,10,15,23
2017_2,새석관시장,94,48,46,7,13,13,9,19,33,5,5,7,8,11,12,2,8,6,1,8,21
2017_2,번동시장,32,18,14,7,3,3,5,6,8,5,1,2,2,3,5,2,2,1,3,3,3
2017_2,장위전통시장,1575,781,794,225,196,193,245,278,438,123,101,104,134,127,192,102,95,89,111,151,246
2017_2,밤나무골시장,246,119,127,39,19,33,43,41,71,19,12,20,20,19,29,20,7,13,23,22,42
2017_2,길음시장,11,10,1,0,2,1,5,2,1,0,2,1,5,1,1,0,0,0,0,1,0
2017_2,정릉시장,1330,675,655,171,234,195,187,201,342,96,128,110,95,98,148,75,106,85,92,103,194
2017_2,정릉아리랑시장,1077,518,559,194,133,161,209,164,216,100,66,83,109,72,88,94,67,78,100,92,128
2017_2,돈암제일시장,239,110,129,22,40,46,17,33,81,9,22,25,12,15,27,13,18,21,5,18,54
2017_2,유영시장,148,74,74,31,20,21,28,16,32,17,13,9,12,8,15,14,7,12,16,8,17
2017_2,우림골목시장,2140,1108,1032,248,257,285,327,435,588,127,142,165,178,224,272,121,115,120,149,211,316
2017_2,묵1동도깨비시장,1175,590,585,183,144,203,192,165,288,94,80,94,105,72,145,89,64,109,87,93,143
2017_2,태능시장,963,479,484,134,123,134,141,206,225,60,62,78,69,102,108,74,61,56,72,104,117
2017_2,중화제일시장,1850,929,921,244,257,250,316,337,446,124,132,140,160,162,211,120,125,110,156,175,235
2017_2,사가정시장,1957,977,980,198,318,280,279,353,529,102,166,159,132,174,244,96,152,121,147,179,285
2017_2,면목골목시장,1380,714,666,166,192,188,253,233,348,96,97,109,137,116,159,70,95,79,116,117,189
2017_2,동원시장,2165,1078,1087,258,302,311,307,418,569,133,153,165,165,211,251,125,149,146,142,207,318
2017_2,동부골목시장,1602,816,786,161,292,346,221,261,321,77,141,179,121,148,150,84,151,167,100,113,171
2017_2,이문제일시장,65,29,36,10,5,5,14,13,18,2,3,2,7,8,7,8,2,3,7,5,11
2017_2,이경시장,256,130,126,25,32,31,31,53,84,16,17,13,18,31,35,9,15,18,13,22,49
2017_2,회기시장,1173,509,664,78,443,186,130,120,216,32,175,96,55,57,94,46,268,90,75,63,122
2017_2,청량리청과물시장,54,37,17,0,0,4,10,19,21,0,0,3,7,15,12,0,0,1,3,4,9
2017_2,전곡시장,222,110,112,32,25,24,45,38,58,17,12,14,21,18,28,15,13,10,24,20,30
2017_2,답십리시장,470,218,252,73,67,60,81,77,112,30,31,29,40,39,49,43,36,31,41,38,63
2017_2,답십리현대시장,340,172,168,32,35,39,49,58,127,18,14,27,29,30,54,14,21,12,20,28,73
2017_2,전농로터리시장,89,54,35,4,11,7,15,19,33,3,9,6,10,10,16,1,2,1,5,9,17
2017_2,청량리종합시장,107,59,48,2,9,17,8,24,47,1,5,11,5,14,23,1,4,6,3,10,24
2017_2,청량리전통시장,176,140,36,2,10,11,17,50,86,1,9,7,16,42,65,1,1,4,1,8,21
2017_2,청량리농수산물시장,175,83,92,26,33,22,16,35,43,19,18,10,5,13,18,7,15,12,11,22,25
2017_2,서울약령시장,2168,1145,1023,134,316,287,301,391,739,77,171,168,178,210,341,57,145,119,123,181,398
2017_2,동서시장,2,2,0,0,0,0,0,2,0,0,0,0,0,2,0,0,0,0,0,0,0
2017_2,경동시장,13,7,6,0,0,0,1,3,9,0,0,0,1,3,3,0,0,0,0,0,6
2017_2,청량리수산시장,486,247,239,36,80,91,68,70,141,16,35,48,42,41,65,20,45,43,26,29,76
2017_2,용두시장,23,15,8,1,3,1,4,4,10,0,2,1,3,3,6,1,1,0,1,1,4
2017_2,동부청과시장,1,1,0,0,0,0,0,0,1,0,0,0,0,0,1,0,0,0,0,0,0
2017_2,구의시장,157,82,75,22,24,22,23,24,42,9,12,14,12,13,22,13,12,8,11,11,20
2017_2,조양시장,85,36,49,5,34,12,9,5,20,2,15,6,3,3,7,3,19,6,6,2,13
2017_2,영동교골목시장,1249,625,624,111,171,165,201,229,372,58,91,92,109,118,157,53,80,73,92,111,215
2017_2,능동로골목시장,378,193,185,40,56,49,52,78,103,19,28,26,23,43,54,21,28,23,29,35,49
2017_2,노룬산골목시장,340,178,162,23,48,42,44,87,96,17,26,25,22,50,38,6,22,17,22,37,58
2017_2,자양종합시장,62,35,27,14,6,14,8,11,9,7,3,8,5,5,7,7,3,6,3,6,2
2017_2,자양골목시장,1973,974,999,251,308,362,309,340,403,131,157,183,165,158,180,120,151,179,144,182,223
2017_2,신성골목시장,93,43,50,12,11,12,12,17,29,7,5,7,6,6,12,5,6,5,6,11,17
2017_2,면곡골목시장,463,237,226,57,62,79,75,85,105,33,30,36,40,48,50,24,32,43,35,37,55
2017_2,중곡제일시장,832,425,407,115,111,139,113,160,194,62,53,83,50,82,95,53,58,56,63,78,99
2017_2,화양제일골목시장,952,409,543,51,359,228,92,89,133,24,118,119,48,42,58,27,241,109,44,47,75
2017_2,한아름시장,20,12,8,0,11,3,1,2,3,0,7,1,1,1,2,0,4,2,0,1,1
2017_2,성동용답상가시장,2092,1052,1040,246,305,306,342,398,495,126,149,165,175,204,233,120,156,141,167,194,262
2017_2,뚝도시장,592,323,269,62,80,70,79,144,157,32,52,44,45,77,73,30,28,26,34,67,84
2017_2,금남시장,271,135,136,17,35,33,37,57,92,10,17,18,20,33,37,7,18,15,17,24,55
2017_2,행당시장,1518,769,749,153,307,209,226,280,343,75,146,128,103,156,161,78,161,81,123,124,182
2017_2,마장축산물시장,357,205,152,41,41,40,58,62,115,29,25,23,34,38,56,12,16,17,24,24,59
2017_2,보광시장,8,4,4,0,1,1,1,1,4,0,0,1,0,1,2,0,1,0,1,0,2
2017_2,이태원제일시장,37,15,22,2,4,8,6,5,12,1,1,3,5,1,4,1,3,5,1,4,8
2017_2,이태원시장,68,32,36,11,2,12,9,14,20,6,0,5,6,6,9,5,2,7,3,8,11
2017_2,이촌종합시장,105,56,49,10,13,13,17,23,29,2,10,6,9,13,16,8,3,7,8,10,13
2017_2,용문전통시장,428,212,216,41,66,69,62,68,122,18,34,45,34,33,48,23,32,24,28,35,74
2017_2,만리시장,34,20,14,2,2,1,4,11,14,1,2,0,3,6,8,1,0,1,1,5,6
2017_2,신흥시장,125,62,63,11,16,17,10,24,47,3,8,9,6,15,21,8,8,8,4,9,26
2017_2,후암시장,296,152,144,24,52,43,29,62,86,12,30,24,19,32,35,12,22,19,10,30,51
2017_2,합동(새벽)시장,77,56,21,4,6,10,11,23,23,2,4,6,9,19,16,2,2,4,2,4,7
2017_2,서울중앙시장,1063,574,489,85,133,125,129,202,389,51,76,76,65,112,194,34,57,49,64,90,195
2017_2,백학시장,866,454,412,83,96,112,133,174,268,43,61,58,80,91,121,40,35,54,53,83,147
2017_2,약수시장,1047,502,545,125,172,150,162,154,284,67,81,72,89,72,121,58,91,78,73,82,163
2017_2,청평화시장,1,1,0,0,0,0,1,0,0,0,0,0,1,0,0,0,0,0,0,0,0
2017_2,동평화시장,62,27,35,2,8,7,7,21,17,2,4,2,4,9,6,0,4,5,3,12,11
2017_2,방산종합시장,304,196,108,21,34,33,39,65,112,12,23,18,28,42,73,9,11,15,11,23,39
2017_2,평화시장,2,2,0,0,1,0,0,0,1,0,1,0,0,0,1,0,0,0,0,0,0
2017_2,인현시장,148,82,66,8,17,15,13,39,56,4,8,8,8,25,29,4,9,7,5,14,27
2017_2,신중부시장,282,192,90,13,16,24,38,73,118,10,8,12,27,59,76,3,8,12,11,14,42
2017_2,남대문시장,86,50,36,0,4,9,13,25,35,0,3,6,8,16,17,0,1,3,5,9,18
2017_2,신설종합시장,17,12,5,0,1,1,2,5,8,0,1,1,2,4,4,0,0,0,0,1,4
2017_2,동묘시장,817,479,338,33,184,135,104,135,226,15,90,71,71,93,139,18,94,64,33,42,87
2017_2,창신골목시장,418,223,195,36,42,44,62,82,152,16,32,29,33,50,63,20,10,15,29,32,89
2017_2,동문시장,69,35,34,6,6,12,14,10,21,2,3,9,4,7,10,4,3,3,10,3,11
2017_2,충신시장,175,87,88,18,23,10,36,28,60,7,12,6,19,15,28,11,11,4,17,13,32
2017_2,종로신진시장,117,76,41,2,11,7,19,32,46,1,6,5,16,21,27,1,5,2,3,11,19
2017_2,동대문종합시장,3,3,0,0,0,0,1,2,0,0,0,0,1,2,0,0,0,0,0,0,0
2017_2,광장시장,54,26,28,2,5,2,4,19,22,2,2,0,1,12,9,0,3,2,3,7,13
2017_2,통인시장,764,361,403,104,90,94,131,123,222,59,41,35,66,63,97,45,49,59,65,60,125
2017_2,서울 노원구 노원역_3,265,165,100,10,48,41,53,50,63,4,20,25,31,37,48,6,28,16,22,13,15
2017_2,서울 노원구 노원역_2,30,29,1,0,1,4,8,7,10,0,1,3,8,7,10,0,0,1,0,0,0
2017_2,서울 노원구 노원역_1,715,315,400,111,101,95,114,145,149,47,46,43,48,66,65,64,55,52,66,79,84
2017_2,창동역,543,327,216,24,97,99,104,121,98,10,37,58,74,82,66,14,60,41,30,39,32
2017_2,서울 강북구 수유역_3,724,400,324,45,144,127,103,134,171,21,64,64,61,90,100,24,80,63,42,44,71
2017_2,등나무근린공원 주변,196,87,109,30,20,60,53,19,14,10,10,31,24,7,5,20,10,29,29,12,9
2017_2,서울 강북구 수유역_2,2135,1068,1067,117,374,395,367,361,521,57,161,226,194,192,238,60,213,169,173,169,283
2017_2,서울 강북구 수유역_1,770,367,403,73,163,165,111,113,145,35,72,76,62,58,64,38,91,89,49,55,81
2017_2,서울 은평구 연신내역_3,88,50,38,7,24,8,17,15,17,2,12,3,11,10,12,5,12,5,6,5,5
2017_2,서울 은평구 연신내역_2,1130,577,553,103,218,233,187,168,221,62,101,131,103,85,95,41,117,102,84,83,126
2017_2,서울 은평구 연신내역_1,245,112,133,25,55,49,36,40,40,16,23,21,14,20,18,9,32,28,22,20,22
2017_2,서울 성북구 미아삼거리역_2,481,260,221,23,90,68,46,110,144,12,49,38,29,59,73,11,41,30,17,51,71
2017_2,서울 강북구 미아삼거리역_1,406,234,172,25,45,46,82,79,129,17,31,26,53,40,67,8,14,20,29,39,62
2017_2,서울 은평구 불광역_3,784,334,450,66,221,273,91,58,75,31,71,127,45,28,32,35,150,146,46,30,43
2017_2,서울 은평구 불광역_2,665,347,318,47,170,141,86,86,135,21,89,77,47,47,66,26,81,64,39,39,69
2017_2,서울 은평구 불광역_1,602,293,309,42,117,105,75,106,157,24,44,61,38,50,76,18,73,44,37,56,81
2017_2,미아사거리_2,103,53,50,8,16,14,12,21,32,3,9,8,7,11,15,5,7,6,5,10,17
2017_2,미아사거리_1,933,459,474,153,142,173,178,128,159,88,58,84,90,57,82,65,84,89,88,71,77
2017_2,서울 성북구 성신여대입구역,1050,488,562,68,268,225,153,154,182,38,99,100,83,84,84,30,169,125,70,70,98
2017_2,경희대학교,367,171,196,27,127,65,37,35,76,11,50,35,23,17,35,16,77,30,14,18,41
2017_2,서울 성북구 안암역,372,175,197,30,165,52,20,36,69,18,72,26,13,15,31,12,93,26,7,21,38
2017_2,혜화역 대학로_3,662,308,354,39,222,110,74,84,133,20,98,53,39,39,59,19,124,57,35,45,74
2017_2,혜화역 대학로_2,807,393,414,70,302,157,88,76,114,33,136,88,51,33,52,37,166,69,37,43,62
2017_2,혜화역 대학로_1,510,225,285,44,123,97,63,72,111,22,54,41,27,37,44,22,69,56,36,35,67
2017_2,디지털미디어시티,1043,486,557,216,193,196,230,141,67,102,75,89,113,75,32,114,118,107,117,66,35
2017_2,서울 동대문구 청량리역,2917,1461,1456,316,415,380,381,524,901,136,194,204,198,283,446,180,221,176,183,241,455
2017_2,서울 종로구 경복궁역_2,310,140,170,41,46,61,52,39,71,21,27,32,16,15,29,20,19,29,36,24,42
2017_2,서울 종로구 안국역_2,291,137,154,31,38,29,41,61,91,17,22,14,15,29,40,14,16,15,26,32,51
2017_2,서울 종로구 안국역_1,121,54,67,15,8,17,21,15,45,9,5,6,10,9,15,6,3,11,11,6,30
2017_2,서울 종로구 경복궁역_1,659,306,353,72,84,99,118,102,184,39,34,54,56,45,78,33,50,45,62,57,106
2017_2,서울 종로구 종로3가역_3,161,123,38,7,15,10,21,55,53,2,12,6,17,45,41,5,3,4,4,10,12
2017_2,서울 종로구 종로3가역_2,2462,1685,777,57,84,149,289,653,1230,35,59,92,215,511,773,22,25,57,74,142,457
2017_2,서울 동대문구 신설동역_2,361,221,140,9,82,84,44,57,85,4,41,42,34,43,57,5,41,42,10,14,28
2017_2,인사동,829,456,373,76,76,126,115,130,306,47,43,65,70,77,154,29,33,61,45,53,152
2017_2,서울 종로구 종로5가역_4,286,165,121,17,40,39,34,56,100,10,20,27,23,37,48,7,20,12,11,19,52
2017_2,서울 종로구 종로5가역_3,775,479,296,42,51,74,125,168,315,26,32,48,82,118,173,16,19,26,43,50,142
2017_2,종로구청,585,327,258,42,85,76,94,117,171,24,52,44,51,63,93,18,33,32,43,54,78
2017_2,서울 종로구 종로5가역_2,2023,1011,1012,216,488,388,243,274,414,109,231,197,126,152,196,107,257,191,117,122,218
2017_2,신설동역,406,244,162,9,120,86,58,66,67,5,47,51,40,50,51,4,73,35,18,16,16
2017_2,서울 동대문구 신설동역_1,182,131,51,6,14,34,11,42,75,4,7,17,9,35,59,2,7,17,2,7,16
2017_2,서울 종로구 광화문역_2,2577,1164,1413,357,284,421,444,377,694,186,123,169,186,180,320,171,161,252,258,197,374
2017_2,동묘앞역,898,439,459,124,126,120,138,165,225,60,68,65,70,83,93,64,58,55,68,82,132
2017_2,장안동사거리,4065,2017,2048,483,711,1017,729,514,611,253,321,530,381,251,281,230,390,487,348,263,330
2017_2,서울 종로구 동대문역_2,650,425,225,18,57,71,63,175,266,9,34,48,46,128,160,9,23,23,17,47,106
2017_2,서울 종로구 동대문역_1,139,70,69,17,18,15,18,30,41,8,7,6,10,18,21,9,11,9,8,12,20
2017_2,동대문시장_2,34,17,17,1,1,6,3,8,15,0,0,3,2,6,6,1,1,3,1,2,9
2017_2,서울 종로구 종로5가역_1,25,6,19,0,0,0,3,4,18,0,0,0,2,0,4,0,0,0,1,4,14
2017_2,서울 종로구 종로3가역_1,186,146,40,6,44,15,23,50,48,3,38,9,17,41,38,3,6,6,6,9,10
2017_2,서울 종로구 광화문역_1,10,8,2,0,0,0,4,2,4,0,0,0,3,2,3,0,0,0,1,0,1
2017_2,종각역,4,1,3,0,1,1,0,2,0,0,0,0,0,1,0,0,1,1,0,1,0
2017_2,종각역 젊음의 거리,137,100,37,4,47,25,15,18,28,1,38,20,10,11,20,3,9,5,5,7,8
2017_2,서대문구 서대문역_1,517,279,238,97,52,79,99,98,92,51,28,37,51,60,52,46,24,42,48,38,40
2017_2,동대문시장_1,34,21,13,0,4,7,2,10,11,0,1,5,2,8,5,0,3,2,0,2,6
2017_2,시청역_2,941,414,527,152,113,289,180,107,100,62,47,129,75,51,50,90,66,160,105,56,50
2017_2,서울시청,91,56,35,7,1,9,14,28,32,4,1,5,9,15,22,3,0,4,5,13,10
2017_2,서울 중구 을지로3가역_2,550,364,186,15,34,33,79,120,269,7,18,19,60,93,167,8,16,14,19,27,102
2017_2,서울 중구 신당역_2,319,162,157,13,72,68,41,56,69,7,28,33,21,34,39,6,44,35,20,22,30
2017_2,서대문구 서대문역_2,898,448,450,65,191,204,118,162,158,34,69,114,64,91,76,31,122,90,54,71,82
2017_2,동대문역사문화공원역,456,277,179,12,56,43,69,108,168,4,31,25,43,71,103,8,25,18,26,37,65
2017_2,서울 중구 을지로3가역_1,230,158,72,8,17,12,33,52,108,3,10,6,21,41,77,5,7,6,12,11,31
2017_2,명동거리,150,83,67,5,18,21,29,38,39,1,10,10,19,22,21,4,8,11,10,16,18
2017_2,롯데백화점,2,2,0,0,0,2,0,0,0,0,0,2,0,0,0,0,0,0,0,0,0
2017_2,서울 중구 신당역_1,920,504,416,83,115,111,144,204,263,48,68,66,82,110,130,35,47,45,62,94,133
2017_2,북창동,258,155,103,2,21,34,36,54,111,0,11,27,21,32,64,2,10,7,15,22,47
2017_2,서울 중구 충무로역_2,694,392,302,34,92,104,95,142,227,16,43,55,65,92,121,18,49,49,30,50,106
2017_2,서울 강서구 송정역,2158,1038,1120,151,428,378,259,388,554,77,182,195,137,190,257,74,246,183,122,198,297
2017_2,장한평역_2,1364,737,627,143,232,273,227,226,263,79,96,149,128,138,147,64,136,124,99,88,116
2017_2,시청역_1,327,168,159,57,28,87,63,35,57,32,13,40,35,19,29,25,15,47,28,16,28
2017_2,왕십리역_2,443,209,234,52,86,72,71,74,88,19,39,36,38,40,37,33,47,36,33,34,51
2017_2,서울 강서구 발산역,104,48,56,4,17,36,23,15,9,1,6,14,14,7,6,3,11,22,9,8,3
2017_2,장한평역_1,219,136,83,10,30,26,47,61,45,7,20,14,33,40,22,3,10,12,14,21,23
2017_2,서울 중구 충무로역_1,767,386,381,50,113,97,97,141,269,24,55,58,58,73,118,26,58,39,39,68,151
2017_2,왕십리역_1,3,2,1,0,0,0,1,2,0,0,0,0,1,1,0,0,0,0,0,1,0
2017_2,장한평역,1354,976,378,53,206,272,299,329,195,31,86,183,240,293,143,22,120,89,59,36,52
2017_2,서울 중구 명동역,1298,610,688,125,154,177,212,229,401,58,61,86,110,109,186,67,93,91,102,120,215
2017_2,장충동 족발거리,297,160,137,27,85,42,37,31,75,14,45,23,26,20,32,13,40,19,11,11,43
2017_2,한양시장,1013,487,526,36,584,173,50,60,110,15,274,93,28,31,46,21,310,80,22,29,64
2017_2,서울 서대문구 이대역,1491,539,952,82,445,186,223,177,378,38,72,81,110,83,155,44,373,105,113,94,223
2017_2,서울 서대문구 신촌역,2750,1398,1352,132,1103,503,274,285,453,72,521,272,158,161,214,60,582,231,116,124,239
2017_2,서울 마포구 홍대입구역_3,186,81,105,7,46,60,32,23,18,3,15,28,15,11,9,4,31,32,17,12,9
2017_2,서울 마포구 홍대입구역_2,524,246,278,61,88,114,76,50,135,30,47,46,43,19,61,31,41,68,33,31,74
2017_2,홍익대학교 주변,5094,2421,2673,407,1247,1268,724,532,916,216,571,601,383,247,403,191,676,667,341,285,513
2017_2,서울 광진구 군자역,1679,794,885,142,407,442,175,219,294,81,173,204,89,105,142,61,234,238,86,114,152
2017_2,신촌역,1233,636,597,71,389,276,155,118,224,41,186,136,93,68,112,30,203,140,62,50,112
2017_2,강서구청,2898,1428,1470,317,586,672,462,412,449,165,213,339,278,223,210,152,373,333,184,189,239
2017_2,서울 마포구 홍대입구역_1,683,337,346,63,131,169,112,68,140,30,54,99,55,35,64,33,77,70,57,33,76
2017_2,서울 중구 약수역_2,58,31,27,7,8,7,11,6,19,5,3,3,8,3,9,2,5,4,3,3,10
2017_2,서울 중구 약수역_1,11,7,4,1,0,3,3,1,3,1,0,2,2,0,2,0,0,1,1,1,1
2017_2,서울 강동구 고덕역,2677,1338,1339,571,410,304,491,506,395,317,230,138,211,247,195,254,180,166,280,259,200
2017_2,등촌역,1100,500,600,121,224,334,139,131,151,65,68,165,74,62,66,56,156,169,65,69,85
2017_2,서울 강동구 명일역,2127,1064,1063,302,290,319,366,341,509,161,145,165,189,159,245,141,145,154,177,182,264
2017_2,어린이대공원역,626,354,272,76,127,91,105,121,106,42,62,55,62,79,54,34,65,36,43,42,52
2017_2,서울 마포구 공덕역_2,27,16,11,1,5,1,3,8,9,0,4,1,2,5,4,1,1,0,1,3,5
2017_2,공덕역,416,206,210,53,62,45,65,93,98,21,33,20,32,42,58,32,29,25,33,51,40
2017_2,서울 용산구 숙대입구역,611,341,270,52,89,101,114,112,143,28,46,56,74,66,71,24,43,45,40,46,72
2017_2,남영역,186,93,93,7,45,65,24,20,25,4,20,36,11,10,12,3,25,29,13,10,13
2017_2,서울 마포구 공덕역_1,536,247,289,73,111,87,85,118,62,40,50,39,35,56,27,33,61,48,50,62,35
2017_2,서울 마포구 마포역_2,3300,1490,1810,481,396,870,711,405,437,228,150,404,318,194,196,253,246,466,393,211,241
2017_2,서울 광진구 건대입구역_2,2077,941,1136,119,802,449,196,185,326,60,321,221,97,99,143,59,481,228,99,86,183
2017_2,서울 마포구 마포역_1,884,445,439,87,108,191,119,146,233,49,51,97,66,72,110,38,57,94,53,74,123
2017_2,서울 강동구 천호역_2,4260,2089,2171,318,649,1049,713,703,828,159,271,504,382,381,392,159,378,545,331,322,436
2017_2,서울 광진구 건대입구역_1,1072,516,556,83,214,202,158,162,253,40,84,109,78,81,124,43,130,93,80,81,129
2017_2,건대입구역,557,235,322,23,13,13,27,28,453,13,4,3,12,13,190,10,9,10,15,15,263
2017_2,서울 광진구 구의역,1966,907,1059,134,457,500,311,255,309,65,166,240,171,117,148,69,291,260,140,138,161
2017_2,서울 강동구 천호역,285,135,150,22,38,55,47,47,76,11,20,25,25,17,37,11,18,30,22,30,39
2017_2,당산역_2,596,232,364,30,231,150,66,47,72,14,59,59,33,30,37,16,172,91,33,17,35
2017_2,서울 강동구 천호역_1,319,155,164,27,62,37,52,65,76,10,34,19,29,32,31,17,28,18,23,33,45
2017_2,서울 강동구 길동역,3061,1492,1569,186,836,740,459,434,406,90,292,372,283,236,219,96,544,368,176,198,187
2017_2,용산 전자상가_5,612,353,259,42,101,142,99,81,147,21,59,92,64,48,69,21,42,50,35,33,78
2017_2,용산 전자상가_4,163,96,67,14,12,27,37,25,48,6,8,17,28,17,20,8,4,10,9,8,28
2017_2,당산역_1,1037,480,557,67,291,354,110,103,112,34,111,166,64,56,49,33,180,188,46,47,63
2017_2,서울 광진구 강변역,192,89,103,24,32,28,15,32,61,13,15,9,7,13,32,11,17,19,8,19,29
2017_2,용산 전자상가_3,260,133,127,23,35,62,31,44,65,14,19,33,16,19,32,9,16,29,15,25,33
2017_2,서울 용산구 이태원역,935,499,436,63,164,186,148,163,211,36,91,102,79,94,97,27,73,84,69,69,114
2017_2,한남오거리,187,100,87,8,39,15,25,37,63,5,25,9,11,19,31,3,14,6,14,18,32
2017_2,목동사거리,73,39,34,4,15,18,16,10,10,2,2,6,13,7,9,2,13,12,3,3,1
2017_2,용산 전자상가_2,161,86,75,24,23,35,24,26,29,17,13,14,15,13,14,7,10,21,9,13,15
2017_2,용산구청,124,52,72,18,15,23,24,12,32,7,7,7,15,3,13,11,8,16,9,9,19
2017_2,용산 전자상가_1,487,264,223,59,70,124,97,76,61,25,36,66,53,47,37,34,34,58,44,29,24
2017_2,국회의사당역_2,663,344,319,29,113,200,122,103,96,17,51,96,68,60,52,12,62,104,54,43,44
2017_2,서울 용산구 신용산역,399,205,194,22,31,45,58,91,152,17,17,29,38,45,59,5,14,16,20,46,93
2017_2,압구정 로데오거리_2,1338,636,702,185,172,261,259,169,292,87,80,127,131,82,129,98,92,134,128,87,163
2017_2,서울 강남구 압구정역,1957,888,1069,238,317,411,330,249,412,133,141,161,160,113,180,105,176,250,170,136,232
2017_2,서울 영등포구 영등포구청역,1333,674,659,70,273,249,175,225,341,35,129,116,96,134,164,35,144,133,79,91,177
2017_2,압구정 로데오거리_1,546,256,290,81,59,76,85,74,171,42,28,32,39,34,81,39,31,44,46,40,90
2017_2,서울 강동구 둔촌동역,764,417,347,94,121,106,137,128,178,56,71,57,78,72,83,38,50,49,59,56,95
2017_2,오목교역,899,434,465,219,111,112,193,126,138,114,48,49,97,55,71,105,63,63,96,71,67
2017_2,신사동 가로수길,3928,1836,2092,504,590,839,721,501,773,266,257,369,359,245,340,238,333,470,362,256,433
2017_2,서울 영등포구 여의도역_2,16,13,3,1,1,2,3,6,3,0,1,2,3,4,3,1,0,0,0,2,0
2017_2,청담사거리_3,908,395,513,59,76,122,175,149,327,23,40,57,77,64,134,36,36,65,98,85,193
2017_2,영등포유통상가,446,252,194,39,61,65,83,63,135,19,37,38,57,38,63,20,24,27,26,25,72
2017_2,청담역_2,1061,475,586,174,144,228,212,151,152,85,62,89,96,74,69,89,82,139,116,77,83
2017_2,청담역_1,209,104,105,44,27,25,35,34,44,19,20,12,17,16,20,25,7,13,18,18,24
2017_2,청담사거리_2,386,190,196,53,48,66,64,62,93,24,27,31,30,30,48,29,21,35,34,32,45
2017_2,청담사거리_1,259,115,144,35,41,52,61,33,37,13,15,25,33,15,14,22,26,27,28,18,23
2017_2,서울 영등포구 여의도역_1,2593,1248,1345,422,335,352,408,461,615,219,154,152,185,226,312,203,181,200,223,235,303
2017_2,서울 양천구 신정네거리역_2,287,140,147,26,54,34,38,57,78,16,26,19,21,25,33,10,28,15,17,32,45
2017_2,학동사거리_2,476,242,234,74,71,82,91,74,84,47,39,42,38,34,42,27,32,40,53,40,42
2017_2,서울 영등포구 영등포시장역,1412,899,513,43,94,135,224,356,560,23,55,86,151,257,327,20,39,49,73,99,233
2017_2,학동사거리_1,449,218,231,42,72,95,85,57,98,23,25,47,46,32,45,19,47,48,39,25,53
2017_2,여의도 시범아파트앞,1420,680,740,209,148,203,203,234,423,108,79,87,100,114,192,101,69,116,103,120,231
2017_2,영등포역_3,419,255,164,8,117,101,53,64,76,5,48,59,38,49,56,3,69,42,15,15,20
2017_2,도산공원사거리_1,269,123,146,20,68,75,32,28,46,9,31,36,15,12,20,11,37,39,17,16,26
2017_2,영등포역_2,660,497,163,11,92,81,135,181,160,6,33,64,127,152,115,5,59,17,8,29,45
2017_2,문래동 주민센터,1482,739,743,224,139,226,226,258,409,112,76,111,117,134,189,112,63,115,109,124,220
2017_2,강남구 신사역_2,1004,448,556,65,195,292,157,109,186,35,75,123,80,56,79,30,120,169,77,53,107
2017_2,영등포역_1,261,143,118,13,108,80,24,19,17,5,49,46,16,14,13,8,59,34,8,5,4
2017_2,서울 강남구 강남구청역_2,726,379,347,34,55,131,156,136,214,15,25,70,78,95,96,19,30,61,78,41,118
2017_2,강남구 신사역_1,800,426,374,44,137,179,153,118,169,24,64,94,91,66,87,20,73,85,62,52,82
2017_2,서울 동작구 노량진1동_1,18,14,4,0,1,3,4,4,6,0,1,3,4,4,2,0,0,0,0,0,4
2017_2,서울 강남구 학동역_3,122,62,60,2,23,27,23,21,26,2,10,15,10,12,13,0,13,12,13,9,13
2017_2,서울 강남구 강남구청역_1,763,364,399,72,126,215,156,106,88,34,60,93,68,63,46,38,66,122,88,43,42
2017_2,잠실역,4505,2135,2370,721,610,873,661,737,903,355,306,404,279,344,447,366,304,469,382,393,456
2017_2,강남구 논현역_4,1915,940,975,151,354,507,343,266,294,79,163,233,173,151,141,72,191,274,170,115,153
2017_2,학동역,470,186,284,23,78,174,81,59,55,13,32,66,26,27,22,10,46,108,55,32,33
2017_2,방이동 먹자골목,1498,809,689,101,264,370,247,248,268,51,129,204,144,139,142,50,135,166,103,109,126
2017_2,서울 강남구 학동역_2,98,52,46,5,21,35,14,11,12,2,6,22,9,8,5,3,15,13,5,3,7
2017_2,서울 동작구 노량진역,1045,520,525,38,534,186,105,63,119,20,243,111,65,28,53,18,291,75,40,35,66
2017_2,삼성역_3,50,36,14,0,12,8,7,8,15,0,9,6,6,4,11,0,3,2,1,4,4
2017_2,코엑스,20,15,5,5,1,1,4,4,5,4,0,1,3,3,4,1,1,0,1,1,1
2017_2,서울 강남구 학동역_1,936,411,525,83,190,251,156,87,169,43,70,100,79,41,78,40,120,151,77,46,91
2017_2,선정릉역_2,3092,1396,1696,386,449,755,615,395,492,195,195,321,286,198,201,191,254,434,329,197,291
2017_2,강남구 논현역_3,83,30,53,4,16,19,15,13,16,2,3,3,10,5,7,2,13,16,5,8,9
2017_2,포스코사거리_2,732,372,360,72,142,155,139,117,107,43,60,80,71,67,51,29,82,75,68,50,56
2017_2,포스코사거리_1,2157,1047,1110,247,336,514,404,299,357,126,158,228,214,156,165,121,178,286,190,143,192
2017_2,신도림역,5105,2428,2677,878,788,1185,787,833,634,434,347,569,372,388,318,444,441,616,415,445,316
2017_2,강남구 논현역_2,3980,1905,2075,288,807,1110,632,455,688,152,350,525,331,246,301,136,457,585,301,209,387
2017_2,선정릉역_1,627,282,345,84,127,111,112,103,90,42,51,45,51,49,44,42,76,66,61,54,46
2017_2,신천역,2839,1370,1469,267,486,684,474,414,514,148,220,332,248,189,233,119,266,352,226,225,281
2017_2,강남구 논현역_1,2063,1062,1001,108,392,554,366,296,347,54,184,269,218,169,168,54,208,285,148,127,179
2017_2,삼성역_2,9,6,3,0,1,2,1,2,3,0,0,2,1,1,2,0,1,0,0,1,1
2017_2,삼정역_2,599,291,308,44,92,176,106,81,100,23,48,70,61,39,50,21,44,106,45,42,50
2017_2,삼정역_1,95,44,51,4,19,24,10,18,20,1,6,15,4,8,10,3,13,9,6,10,10
2017_2,삼성역_1,1371,684,687,173,243,347,233,176,199,93,101,182,113,96,99,80,142,165,120,80,100
2017_2,서울 강남구 선릉역_2,2213,1082,1131,120,488,662,349,270,324,60,213,326,198,128,157,60,275,336,151,142,167
2017_2,서울 서초구 강남역,3045,1564,1481,133,711,974,409,367,451,73,334,503,238,188,228,60,377,471,171,179,223
2017_2,서울 강남구 선릉역_1,697,359,338,54,92,189,191,86,85,30,43,91,102,51,42,24,49,98,89,35,43
2017_2,서울 송파구 석촌역_2,608,289,319,98,89,155,96,75,95,55,36,69,44,38,47,43,53,86,52,37,48
2017_2,선릉역_2,4112,1854,2258,453,713,1172,841,483,450,201,273,499,411,255,215,252,440,673,430,228,235
2017_2,서울 강남구 역삼역_2,984,486,498,73,198,264,143,143,163,43,84,121,81,74,83,30,114,143,62,69,80
2017_2,서울 송파구 석촌역_1,203,89,114,21,34,54,38,23,33,13,11,20,21,9,15,8,23,34,17,14,18
2017_2,석촌역,6,2,4,0,2,1,1,1,1,0,1,0,0,1,0,0,1,1,1,0,1
2017_2,서울 강남구 강남역_2,2017,914,1103,194,342,389,375,291,426,81,135,176,175,153,194,113,207,213,200,138,232
2017_2,선릉역_1,1274,544,730,262,149,263,327,144,129,105,57,100,145,77,60,157,92,163,182,67,69
2017_2,구로역,714,344,370,116,107,200,110,89,92,59,37,95,65,44,44,57,70,105,45,45,48
2017_2,역삼역_2,454,318,136,356,24,38,11,12,13,261,10,21,8,10,8,95,14,17,3,2,5
2017_2,대림역_2,2666,1276,1390,244,685,790,438,276,233,122,221,400,255,168,110,122,464,390,183,108,123
2017_2,서울 강남구 역삼역_1,5422,2814,2608,357,1024,1465,1017,701,858,178,439,784,584,404,425,179,585,681,433,297,433
2017_2,신대방삼거리역,1255,617,638,114,255,293,195,166,232,54,108,135,110,98,112,60,147,158,85,68,120
2017_2,서울 강남구 한티역,2174,1030,1144,410,358,256,459,363,328,217,166,122,194,184,147,193,192,134,265,179,181
2017_2,은마아파트입구사거리_4,364,194,170,99,39,27,98,66,35,70,19,12,39,37,17,29,20,15,59,29,18
2017_2,은마아파트입구사거리_3,326,164,162,66,51,30,76,50,53,37,24,18,31,27,27,29,27,12,45,23,26
2017_2,은마아파트입구사거리_2,33,15,18,3,8,3,3,7,9,0,4,1,2,3,5,3,4,2,1,4,4
2017_2,오류동역,3809,1845,1964,280,923,1133,557,383,533,129,346,588,330,194,258,151,577,545,227,189,275
2017_2,서울 강남구 강남역,2454,1152,1302,174,615,771,361,245,288,98,266,351,192,114,131,76,349,420,169,131,157
2017_2,은마아파트입구사거리_1,182,97,85,40,29,16,38,37,22,24,19,10,19,17,8,16,10,6,19,20,14
2017_2,대림역_1,1777,817,960,82,639,605,258,90,103,41,194,317,149,66,50,41,445,288,109,24,53
2017_2,교대역_4,1423,688,735,286,225,145,284,201,282,131,111,74,124,107,141,155,114,71,160,94,141
2017_2,서울 강남구 강남역_1,1367,624,743,180,205,368,229,180,205,72,96,165,112,86,93,108,109,203,117,94,112
2017_2,방배동카페골목,2675,1278,1397,637,283,382,591,357,425,308,149,166,283,188,184,329,134,216,308,169,241
2017_2,교대역_3,20,9,11,1,0,6,1,6,6,0,0,2,1,3,3,1,0,4,0,3,3
2017_2,역삼역_1,2814,1371,1443,303,520,835,442,306,408,146,255,430,214,130,196,157,265,405,228,176,212
2017_2,교대역_2,1561,727,834,164,297,352,258,231,259,80,133,164,128,108,114,84,164,188,130,123,145
2017_2,서울 송파구 가락시장역,517,294,223,24,71,119,79,103,121,13,29,55,50,78,69,11,42,64,29,25,52
2017_2,서울 서초구 서초역,55,30,25,8,9,7,6,10,15,4,6,5,4,4,7,4,3,2,2,6,8
2017_2,서울 강남구 대치역_2,420,203,217,135,49,48,98,58,32,70,26,15,47,31,14,65,23,33,51,27,18
2017_2,서울 강남구 대치역_1,503,253,250,154,52,34,143,72,48,80,28,15,69,38,23,74,24,19,74,34,25
2017_2,뱅뱅사거리_2,1847,812,1035,122,459,621,278,188,179,62,162,293,132,82,81,60,297,328,146,106,98
2017_2,보라매공원,5255,2491,2764,938,640,859,869,623,1326,460,322,382,412,289,626,478,318,477,457,334,700
2017_2,교대역_1,2582,1265,1317,258,504,528,371,446,475,120,240,260,192,227,226,138,264,268,179,219,249
2017_2,개봉동 현대아파트 인근,2800,1402,1398,339,356,406,419,517,763,180,192,216,207,263,344,159,164,190,212,254,419
2017_2,뱅뱅사거리,1430,605,825,90,416,497,240,106,81,49,134,220,117,47,38,41,282,277,123,59,43
2017_2,뱅뱅사거리_1,1121,600,521,124,239,343,164,122,129,64,112,199,101,59,65,60,127,144,63,63,64
2017_2,서울 관악구 신림역_4,3052,1493,1559,130,1132,1009,341,195,245,77,461,541,189,106,119,53,671,468,152,89,126
2017_2,동작구 총신대입구역_1,1146,527,619,90,244,230,160,145,277,38,94,113,85,73,124,52,150,117,75,72,153
2017_2,양재역_3,1989,956,1033,236,321,504,310,260,358,117,158,237,147,124,173,119,163,267,163,136,185
2017_2,동작구 총신대입구역_2,1819,796,1023,371,231,359,429,228,201,164,83,159,185,123,82,207,148,200,244,105,119
2017_2,서울 서초구 남부터미널역_3,449,217,232,47,90,109,72,44,87,26,43,43,42,22,41,21,47,66,30,22,46
2017_2,서울 강남구 수서역,1579,739,840,144,142,264,244,239,546,72,56,117,141,146,207,72,86,147,103,93,339
2017_2,서울 관악구 신림역_3,877,478,399,17,343,235,98,80,104,6,144,155,64,54,55,11,199,80,34,26,49
2017_2,서울 서초구 남부터미널역_2,1571,818,753,84,306,479,304,232,166,51,112,232,169,158,96,33,194,247,135,74,70
2017_2,구로디지탈1단지,133,73,60,12,11,27,17,32,34,5,8,14,9,21,16,7,3,13,8,11,18
2017_2,양재역,1690,759,931,245,305,356,283,233,268,100,130,160,139,104,126,145,175,196,144,129,142
2017_2,문정역,384,206,178,54,64,75,67,60,64,35,34,40,39,29,29,19,30,35,28,31,35
2017_2,매봉역,549,276,273,67,107,93,98,89,95,36,50,43,53,47,47,31,57,50,45,42,48
2017_2,서울 서초구 방배역,1234,603,631,157,182,282,222,161,230,88,77,137,123,79,99,69,105,145,99,82,131
2017_2,서울 서초구 남부터미널역_1,1318,635,683,217,204,215,209,226,247,115,94,100,101,103,122,102,110,115,108,123,125
2017_2,서울 관악구 신림역_2,1571,831,740,80,527,374,177,165,248,47,273,215,96,76,124,33,254,159,81,89,124
2017_2,서울 관악구 신림역_1,521,239,282,15,197,153,62,44,50,7,74,79,33,22,24,8,123,74,29,22,26
2017_2,양재역_2,887,423,464,102,152,207,148,125,153,49,66,100,76,63,69,53,86,107,72,62,84
2017_2,양재역_1,11,6,5,0,3,0,2,4,2,0,2,0,2,1,1,0,1,0,0,3,1
2017_2,서울 관악구 서울대입구역_2,463,247,216,14,161,105,49,52,82,9,74,56,36,30,42,5,87,49,13,22,40
2017_2,가산디지털단지역_3,1523,838,685,27,408,406,230,248,204,13,130,231,155,188,121,14,278,175,75,60,83
2017_2,구로디지털단지역,407,234,173,24,41,37,61,112,132,16,19,25,37,74,63,8,22,12,24,38,69
2017_2,서울 관악구 서울대입구역_1,6088,2873,3215,252,2623,1527,598,510,578,111,1098,748,339,276,301,141,1525,779,259,234,277
2017_2,관악구 사당역_1,897,430,467,131,148,156,156,146,160,62,71,70,80,64,83,69,77,86,76,82,77
2017_2,가산디지털단지역_2,477,248,229,43,75,107,60,66,126,22,39,58,36,34,59,21,36,49,24,32,67
2017_2,관악구 사당역_2,948,436,512,44,240,219,114,123,208,21,91,104,54,64,102,23,149,115,60,59,106
2017_2,가산디지털단지역_1,29,20,9,1,3,7,5,7,6,0,0,4,5,6,5,1,3,3,0,1,1
2017_2,포이사거리_1,77,46,31,9,13,22,17,8,8,5,8,11,13,3,6,4,5,11,4,5,2
2017_2,포이사거리_2,1797,994,803,166,302,428,342,296,263,99,150,236,207,174,128,67,152,192,135,122,135
2017_2,관악구 사당역_3,307,136,171,14,83,85,37,36,52,5,27,44,19,16,25,9,56,41,18,20,27
2017_2,서울 관악구 대학동_1,1633,1011,622,102,653,357,187,136,198,55,402,261,126,73,94,47,251,96,61,63,104
2017_2,서울 금천구 독산1동_1,1058,584,474,51,177,273,202,175,180,26,84,164,123,105,82,25,93,109,79,70,98
2017_2,양재 화물트럭터미널앞_2,1731,831,900,491,167,273,349,193,258,258,80,120,186,86,101,233,87,153,163,107,157
2017_2,양재 화물트럭터미널앞_1,2,2,0,0,0,0,0,1,1,0,0,0,0,1,1,0,0,0,0,0,0
2017_2,서울 금천구 시흥1동_4,1602,838,764,114,181,221,258,319,509,58,94,114,155,189,228,56,87,107,103,130,281
2017_2,풍성로37가길,3307,1684,1623,390,470,595,542,600,710,205,240,329,291,295,324,185,230,266,251,305,386
2017_2,천호옛길,4041,2042,1999,464,570,718,621,715,953,227,282,397,340,358,438,237,288,321,281,357,515
2017_2,천호옛14길,2103,1025,1078,200,328,358,304,382,531,98,158,187,155,181,246,102,170,171,149,201,285
2017_2,천호대로219길,2316,1179,1137,332,326,284,358,475,541,173,171,155,185,246,249,159,155,129,173,229,292
2017_2,천호대로197길,4978,2481,2497,766,755,799,764,898,996,397,389,418,376,433,468,369,366,381,388,465,528
2017_2,천호대로187길,2865,1413,1452,404,394,547,396,495,629,203,200,293,185,236,296,201,194,254,211,259,333
2017_2,천호대로170길,4325,2158,2167,554,672,942,631,703,823,285,333,493,317,336,394,269,339,449,314,367,429
2017_2,천호대로162길,2664,1339,1325,364,392,461,406,471,570,188,202,242,216,220,271,176,190,219,190,251,299
2017_2,천중로51길,4566,2223,2343,677,652,755,651,771,1060,358,330,383,320,357,475,319,322,372,331,414,585
2017_2,천중로39길,6879,3391,3488,1032,1019,1182,1071,1167,1408,532,501,635,532,538,653,500,518,547,539,629,755
2017_2,진황도로47길,1795,886,909,200,272,387,258,300,378,107,119,205,139,138,178,93,153,182,119,162,200
2017_2,진황도로27길,7268,3663,3605,815,988,1428,1057,1212,1768,407,470,772,576,595,843,408,518,656,481,617,925
2017_2,올림픽로98길,3277,1634,1643,377,403,609,516,606,766,194,210,335,261,303,331,183,193,274,255,303,435
2017_2,올림픽로80길,2120,1095,1025,239,254,275,342,420,590,130,142,149,179,225,270,109,112,126,163,195,320
2017_2,올림픽로78길,1923,1017,906,149,195,229,325,438,587,65,101,133,190,251,277,84,94,96,135,187,310
2017_2,올림픽로77길,2487,1274,1213,261,333,467,363,473,590,130,159,261,203,246,275,131,174,206,160,227,315
2017_2,올림픽로71길,2545,1277,1268,232,338,419,363,477,716,127,176,225,191,239,319,105,162,194,172,238,397
2017_2,올림픽로48길,1529,732,797,254,197,307,270,206,295,132,97,138,134,102,129,122,100,169,136,104,166
2017_2,양재대로96길,3580,1794,1786,717,428,628,613,487,707,385,223,312,311,234,329,332,205,316,302,253,378
2017_2,양재대로95길,3564,1741,1823,500,551,649,548,627,689,272,282,331,276,281,299,228,269,318,272,346,390
2017_2,양재대로91길,4318,2133,2185,735,611,682,716,745,829,401,335,343,347,357,350,334,276,339,369,388,479
2017_2,양재대로133길,5262,2591,2671,745,779,821,753,939,1225,372,401,437,387,429,565,373,378,384,366,510,660
2017_2,양재대로124길,4535,2266,2269,634,686,781,697,848,889,330,365,408,348,402,413,304,321,373,349,446,476
2017_2,양재대로116길,1513,726,787,201,248,272,218,250,324,104,118,138,110,113,143,97,130,134,108,137,181
2017_2,양재대로101길,4947,2438,2509,588,760,1156,720,774,949,310,366,602,367,340,453,278,394,554,353,434,496
2017_2,암사길,6995,3499,3496,1033,971,1187,1067,1218,1519,525,509,642,544,602,677,508,462,545,523,616,842
2017_2,성안로3길,4752,2339,2413,811,694,810,834,756,847,447,346,403,399,351,393,364,348,407,435,405,454
2017_2,성내로5길,3667,1774,1893,700,495,625,613,552,682,353,251,283,311,256,320,347,244,342,302,296,362
2017_2,상일로5길,1374,699,675,228,232,172,206,288,248,118,138,81,98,141,123,110,94,91,108,147,125
2017_2,상암로5길,1955,984,971,276,256,395,324,273,431,154,126,210,165,133,196,122,130,185,159,140,235
2017_2,상암로51길,3072,1486,1586,505,455,409,507,533,663,259,236,208,241,239,303,246,219,201,266,294,360
2017_2,상암로4길,3328,1681,1647,460,450,748,554,530,586,231,218,384,299,261,288,229,232,364,255,269,298
2017_2,상암로14길,4271,2077,2194,642,568,841,629,704,887,310,282,427,313,331,414,332,286,414,316,373,473
2017_2,명일로13길,2585,1329,1256,384,406,373,399,458,565,221,211,201,210,229,257,163,195,172,189,229,308
2017_2,동남로85길,3009,1554,1455,458,434,357,464,583,713,238,240,204,241,292,339,220,194,153,223,291,374
2017_2,동남로82길,1847,991,856,234,258,213,274,420,448,126,147,121,152,227,218,108,111,92,122,193,230
2017_2,동남로65길,2727,1342,1385,553,366,282,535,467,524,294,198,153,247,230,220,259,168,129,288,237,304
2017_2,구천면로42길,4498,2331,2167,595,559,706,727,882,1029,317,288,384,396,460,486,278,271,322,331,422,543
2017_2,구천면로41길,5364,2718,2646,750,693,870,882,964,1205,393,370,467,480,457,551,357,323,403,402,507,654
2017_2,구천면로36길,2682,1384,1298,333,391,370,411,545,632,183,192,206,212,290,301,150,199,164,199,255,331
2017_2,고덕로61길,1474,744,730,289,181,245,244,234,281,149,97,121,133,118,126,140,84,124,111,116,155
2017_2,고덕로25길,1583,781,802,329,195,269,242,232,316,157,106,134,118,118,148,172,89,135,124,114,168
2017_2,고덕로10길,2210,1097,1113,350,307,417,382,346,408,190,148,213,201,153,192,160,159,204,181,193,216
2017_2,강동대로53길,4175,2123,2052,780,577,625,724,708,761,467,308,328,355,320,345,313,269,297,369,388,416
2017_2,풍성로25길,2035,990,1045,222,252,307,290,390,574,118,128,159,160,170,255,104,124,148,130,220,319
2017_2,오금로46길,2764,1385,1379,562,400,410,474,452,466,301,207,208,230,212,227,261,193,202,244,240,239
2017_2,오금로36길,2808,1385,1423,401,505,523,447,454,478,204,240,285,219,207,230,197,265,238,228,247,248
2017_2,오금로11길,4882,2345,2537,519,761,1219,709,769,905,271,368,617,362,330,397,248,393,602,347,439,508
2017_2,양재대로72길,2798,1360,1438,441,476,335,463,540,543,223,251,161,209,262,254,218,225,174,254,278,289
2017_2,양재대로71길,1529,730,799,260,232,248,241,247,301,131,119,119,106,113,142,129,113,129,135,134,159
2017_2,양재대로64길,2591,1322,1269,396,386,483,409,450,467,203,201,246,215,223,234,193,185,237,194,227,233
2017_2,양재대로62길,1593,817,776,239,218,344,266,240,286,131,107,188,134,127,130,108,111,156,132,113,156
2017_2,송파대로30길,2690,1400,1290,323,425,409,453,551,529,176,217,213,238,279,277,147,208,196,215,272,252
2017_2,송이로36길,3186,1580,1606,491,485,616,497,517,580,262,247,307,249,238,277,229,238,309,248,279,303
2017_2,송이로32길,5231,2569,2662,810,860,1051,851,864,795,409,440,544,413,398,365,401,420,507,438,466,430
2017_2,송이로23길,4746,2384,2362,669,797,961,730,752,837,368,397,493,360,366,400,301,400,468,370,386,437
2017_2,삼전로13길,6560,3088,3472,789,1178,1589,1028,951,1025,419,538,754,482,434,461,370,640,835,546,517,564
2017_2,백제고분로50길,8587,4187,4400,1302,1332,1625,1319,1380,1629,718,657,802,635,625,750,584,675,823,684,755,879
2017_2,백제고분로46길,3249,1547,1702,503,514,693,514,487,538,254,246,344,232,234,237,249,268,349,282,253,301
2017_2,백제고분로45길,4737,2270,2467,659,777,1142,695,674,790,326,361,554,353,306,370,333,416,588,342,368,420
2017_2,백제고분로42길,4234,2007,2227,495,777,1072,637,589,664,260,342,522,302,273,308,235,435,550,335,316,356
2017_2,백제고분로39길,3362,1550,1812,421,589,815,496,460,581,241,225,389,236,198,261,180,364,426,260,262,320
2017_2,백제고분로34길,7835,3850,3985,1118,1150,1766,1300,1155,1346,603,573,896,646,549,583,515,577,870,654,606,763
2017_2,백제고분로33길,6139,2901,3238,724,1077,1585,945,815,993,380,476,768,477,366,434,344,601,817,468,449,559
2017_2,백제고분로32길,6540,3147,3393,1042,964,1434,1136,900,1064,542,466,714,554,407,464,500,498,720,582,493,600
2017_2,백제고분로31길,6369,2929,3440,924,994,1452,1093,866,1040,468,443,665,520,385,448,456,551,787,573,481,592
2017_2,백제고분로22길,6883,3277,3606,1001,1074,1624,1187,963,1034,508,504,769,578,436,482,493,570,855,609,527,552
2017_2,백제고분로21길,2451,1199,1252,276,381,632,408,389,365,150,172,296,207,210,164,126,209,336,201,179,201
2017_2,마천로51길,4395,2224,2171,602,558,584,702,810,1139,304,281,309,381,428,521,298,277,275,321,382,618
2017_2,동남로20길,3436,1629,1807,641,502,583,595,533,582,312,228,297,273,260,259,329,274,286,322,273,323
2017_2,거마로20길,3389,1714,1675,470,359,417,553,662,928,239,203,220,296,347,409,231,156,197,257,315,519
2017_2,학동로77길,2518,1204,1314,562,299,467,556,298,336,331,133,178,261,144,157,231,166,289,295,154,179
2017_2,학동로6길,1652,734,918,143,322,457,286,165,279,72,133,194,132,81,122,71,189,263,154,84,157
2017_2,학동로56길,1003,473,530,169,151,188,178,134,183,82,82,86,76,63,84,87,69,102,102,71,99
2017_2,학동로38길,1531,693,838,163,274,423,255,168,248,76,109,201,134,77,96,87,165,222,121,91,152
2017_2,테헤란로81길,444,210,234,39,68,99,65,64,109,24,33,53,29,29,42,15,35,46,36,35,67
2017_2,일원로9길,3420,1667,1753,555,635,559,529,543,599,301,324,264,259,248,271,254,311,295,270,295,328
2017_2,일원로3길,2353,1174,1179,436,371,379,373,376,418,241,197,187,186,169,194,195,174,192,187,207,224
2017_2,영동대로65길,2501,1252,1249,376,361,311,417,440,596,223,206,160,177,219,267,153,155,151,240,221,329
2017_2,영동대로112길,1966,964,1002,336,291,340,367,269,363,188,156,163,164,122,171,148,135,177,203,147,192
2017_2,언주로81길,3539,1703,1836,399,624,941,636,484,455,178,273,457,337,251,207,221,351,484,299,233,248
2017_2,압구정로2길,1044,470,574,150,180,228,199,124,163,76,81,86,96,59,72,74,99,142,103,65,91
2017_2,선릉로18길,1660,845,815,250,246,238,257,301,368,140,138,123,124,155,165,110,108,115,133,146,203
2017_2,선릉로146길,2103,964,1139,244,387,482,367,278,345,129,150,229,179,131,146,115,237,253,188,147,199
2017_2,선릉로133길,1573,697,876,204,270,356,274,189,280,104,102,153,126,92,120,100,168,203,148,97,160
2017_2,선릉로132길,2058,937,1121,386,311,387,379,268,327,206,125,149,183,132,142,180,186,238,196,136,185
2017_2,선릉로121길,846,392,454,89,139,208,164,104,142,46,72,85,86,45,58,43,67,123,78,59,84
2017_2,삼성로75길,2529,1229,1300,425,416,484,503,330,371,246,204,220,209,172,178,179,212,264,294,158,193
2017_2,삼성로69길,3414,1647,1767,635,577,549,726,486,441,361,280,262,311,246,187,274,297,287,415,240,254
2017_2,삼성로64길,3265,1724,1541,861,471,199,846,557,331,553,260,95,368,300,148,308,211,104,478,257,183
2017_2,삼성로63길,4216,1988,2228,737,736,639,885,694,525,408,341,296,376,344,223,329,395,343,509,350,302
2017_2,삼성로57길,1767,919,848,544,207,108,443,314,151,338,102,42,186,178,73,206,105,66,257,136,78
2017_2,삼성로147길,1260,557,703,183,214,284,196,165,218,86,91,114,93,80,93,97,123,170,103,85,125
2017_2,삼성로115길,2820,1307,1513,534,398,587,546,326,429,295,195,233,249,148,187,239,203,354,297,178,242
2017_2,봉은사로68길,1482,662,820,173,231,430,269,153,226,89,100,179,130,72,92,84,131,251,139,81,134
2017_2,봉은사로57길,1562,702,860,217,269,376,302,178,220,123,120,153,125,91,90,94,149,223,177,87,130
2017_2,봉은사로43길,3240,1540,1700,551,458,674,630,372,555,305,206,302,293,182,252,246,252,372,337,190,303
2017_2,봉은사로29길,1275,580,695,118,225,376,226,145,185,55,107,156,109,69,84,63,118,220,117,76,101
2017_2,봉은사로109길,2276,1091,1185,440,306,372,389,333,436,234,148,177,172,157,203,206,158,195,217,176,233
2017_2,도산대로89길,2014,943,1071,288,325,386,354,293,368,158,149,186,154,128,168,130,176,200,200,165,200
2017_2,도산대로81길,1271,598,673,226,172,180,198,184,311,121,80,82,82,83,150,105,92,98,116,101,161
2017_2,도산대로50길,2431,1112,1319,360,326,542,382,294,527,185,143,228,189,137,230,175,183,314,193,157,297
2017_2,도산대로38길,1037,470,567,94,185,332,169,105,152,45,77,153,93,39,63,49,108,179,76,66,89
2017_2,도산대로30길,931,443,488,77,170,224,173,108,179,39,79,103,81,51,90,38,91,121,92,57,89
2017_2,도산대로23길,1563,684,879,193,316,351,255,204,244,93,137,145,114,83,112,100,179,206,141,121,132
2017_2,도산대로15길,792,353,439,99,148,200,128,91,126,50,57,86,55,49,56,49,91,114,73,42,70
2017_2,도곡로37길,5832,2669,3163,730,937,1426,990,739,1010,365,405,655,455,346,443,365,532,771,535,393,567
2017_2,논현로8길,3410,1697,1713,564,519,641,601,541,544,297,270,340,284,270,236,267,249,301,317,271,308
2017_2,논현로63길,2720,1296,1424,361,432,657,459,360,451,186,199,289,239,166,217,175,233,368,220,194,234
2017_2,논현로28길,86,47,39,14,10,12,14,14,22,7,7,7,7,5,14,7,3,5,7,9,8
2017_2,논현로26길,1282,577,705,139,213,220,213,206,291,68,85,95,105,89,135,71,128,125,108,117,156
2017_2,논현로159길,474,209,265,55,89,103,73,67,87,32,32,47,34,25,39,23,57,56,39,42,48
2017_2,논현로139길,1448,685,763,166,218,333,246,178,307,82,104,159,118,84,138,84,114,174,128,94,169
2017_2,논현로123길,2160,1020,1140,125,371,583,460,292,329,68,169,264,230,149,140,57,202,319,230,143,189
2017_2,논현로115길,3379,1601,1778,273,712,947,498,436,513,127,314,440,270,210,240,146,398,507,228,226,273
2017_2,논현로10길,1598,790,808,285,224,274,333,252,230,151,102,151,154,129,103,134,122,123,179,123,127
2017_2,논현로106길,2048,890,1158,152,373,709,336,201,277,70,146,298,166,84,126,82,227,411,170,117,151
2017_2,남부순환로365길,3583,1733,1850,760,467,597,686,547,526,383,229,286,324,273,238,377,238,311,362,274,288
2017_2,개포로82길,32,24,8,0,2,10,6,8,6,0,1,8,6,5,4,0,1,2,0,3,2
2017_2,개포로28길,1997,970,1027,388,293,329,412,311,264,186,149,167,193,152,123,202,144,162,219,159,141
2017_2,개포로20길,2293,1126,1167,304,403,439,401,400,346,153,206,228,201,180,158,151,197,211,200,220,188
2017_2,개포로17길,3601,1781,1820,620,519,611,653,586,612,336,256,309,306,294,280,284,263,302,347,292,332
2017_2,강남대로140길,1681,789,892,161,305,423,230,275,287,84,136,205,118,118,128,77,169,218,112,157,159
2017_2,강남대로136길,1226,556,670,130,173,264,211,169,279,72,73,103,100,69,139,58,100,161,111,100,140
2017_2,강남대로118길,1486,650,836,109,329,448,232,157,211,59,135,190,114,63,89,50,194,258,118,94,122
2017_2,서초중앙로8길,2699,1321,1378,479,372,523,458,353,514,234,186,263,223,167,248,245,186,260,235,186,266
2017_2,방배중앙로21길,2752,1273,1479,557,394,387,526,453,435,250,169,186,230,231,207,307,225,201,296,222,228
2017_2,효령로72길,2167,1071,1096,428,253,432,435,283,336,224,122,197,225,136,167,204,131,235,210,147,169
2017_2,효령로34길,1844,903,941,271,211,340,317,283,422,149,106,167,157,130,194,122,105,173,160,153,228
2017_2,효령로31길,1869,857,1012,269,249,411,327,236,377,143,109,188,156,99,162,126,140,223,171,137,215
2017_2,효령로23길,4293,1986,2307,676,699,840,718,616,744,362,315,382,310,279,338,314,384,458,408,337,406
2017_2,청두곶길,4019,1923,2096,603,621,689,662,578,866,314,297,338,314,267,393,289,324,351,348,311,473
2017_2,주흥길,4142,2009,2133,238,952,1210,693,469,580,122,426,584,381,236,260,116,526,626,312,233,320
2017_2,주흥15길,2815,1337,1478,221,510,808,481,323,472,112,226,376,267,162,194,109,284,432,214,161,278
2017_2,언남길,2129,1068,1061,323,334,429,401,298,344,168,176,196,210,163,155,155,158,233,191,135,189
2017_2,신반포로45길,2694,1287,1407,321,434,622,447,356,514,172,186,301,221,165,242,149,248,321,226,191,272
2017_2,서초대로8길,4061,1972,2089,538,606,610,622,664,1021,291,304,315,300,296,466,247,302,295,322,368,555
2017_2,서초대로64길,1784,874,910,407,221,299,365,261,231,218,114,122,183,123,114,189,107,177,182,138,117
2017_2,서초대로4길,3520,1641,1879,532,559,641,548,512,728,259,250,320,250,226,336,273,309,321,298,286,392
2017_2,서초대로25길,1231,576,655,197,186,238,197,180,233,103,89,113,86,77,108,94,97,125,111,103,125
2017_2,서초대로23길,2759,1290,1469,413,362,531,469,401,583,214,163,249,222,196,246,199,199,282,247,205,337
2017_2,서초대로15길,3797,1721,2076,602,605,789,619,520,662,277,280,335,301,241,287,325,325,454,318,279,375
2017_2,사평대로57길,1233,544,689,60,281,342,195,146,209,30,113,151,94,65,91,30,168,191,101,81,118
2017_2,사평대로26길,274,116,158,42,45,35,47,35,70,19,18,13,19,14,33,23,27,22,28,21,37
2017_2,사평대로22길,1605,734,871,319,208,258,308,250,262,164,102,106,128,113,121,155,106,152,180,137,141
2017_2,사임당로17길,1085,528,557,160,183,243,161,144,194,80,93,118,87,62,88,80,90,125,74,82,106
2017_2,방배로42길,1002,456,546,233,135,154,193,132,155,110,63,72,90,60,61,123,72,82,103,72,94
2017_2,방배로35길,1821,846,975,356,257,229,358,297,324,166,118,99,159,154,150,190,139,130,199,143,174
2017_2,방배로18길,1691,795,896,219,286,412,255,209,310,119,120,202,122,97,135,100,166,210,133,112,175
2017_2,반포대로9길,1679,817,862,281,258,241,283,280,336,159,132,121,124,130,151,122,126,120,159,150,185
2017_2,바우뫼로39길,2833,1381,1452,384,417,613,408,415,596,204,207,313,192,193,272,180,210,300,216,222,324
2017_2,마방로2길,1516,758,758,235,203,358,258,201,261,118,106,189,139,95,111,117,97,169,119,106,150
2017_2,방배천로4안길,1165,541,624,166,212,240,165,173,209,92,84,107,87,74,97,74,128,133,78,99,112
2017_2,동산로19길,2047,1039,1008,299,291,503,388,276,290,149,156,263,204,140,127,150,135,240,184,136,163
2017_2,동산로10길,3313,1645,1668,522,503,679,574,469,566,290,252,350,281,222,250,232,251,329,293,247,316
2017_2,동광로39길,1707,776,931,321,211,261,336,247,331,163,94,112,148,125,134,158,117,149,188,122,197
2017_2,동광로1길,3407,1581,1826,601,509,596,671,521,509,300,233,296,298,243,211,301,276,300,373,278,298
2017_2,동광로12길,1379,620,759,271,191,193,271,201,252,105,83,96,124,101,111,166,108,97,147,100,141
2017_2,논현로27길,1814,870,944,183,257,433,351,235,355,90,121,217,174,108,160,93,136,216,177,127,195
2017_2,논현로1길,3145,1539,1606,530,439,653,583,511,429,254,218,333,301,241,192,276,221,320,282,270,237
2017_2,남부순환로339길,1477,710,767,242,217,360,267,163,228,115,101,185,131,77,101,127,116,175,136,86,127
2017_2,남부순환로325길,2631,1282,1349,393,403,377,433,457,568,202,192,186,217,226,259,191,211,191,216,231,309
2017_2,남부순환로317길,1779,870,909,348,291,287,312,264,277,196,153,127,139,126,129,152,138,160,173,138,148
2017_2,고무래로8길,2057,980,1077,446,236,320,380,284,391,232,113,141,188,132,174,214,123,179,192,152,217
2017_2,강남대로8길,3669,1815,1854,465,617,889,570,540,588,243,282,459,295,262,274,222,335,430,275,278,314
2017_2,강남대로34길,2656,1268,1388,308,435,708,383,335,487,158,193,381,187,150,199,150,242,327,196,185,288
2017_2,강남대로23길,1183,567,616,135,189,259,178,166,256,75,83,127,87,72,123,60,106,132,91,94,133
2017_2,소담길,710,397,313,44,38,79,163,142,244,32,16,40,105,90,114,12,22,39,58,52,130
2017_2,원신길,1366,685,681,157,176,207,175,259,392,83,84,119,96,134,169,74,92,88,79,125,223
2017_2,양지길,1817,906,911,195,204,221,282,321,594,95,110,123,163,163,252,100,94,98,119,158,342
2017_2,양산길,1639,829,810,152,270,311,264,249,393,86,142,181,147,105,168,66,128,130,117,144,225
2017_2,호암로24길,2474,1592,882,78,780,633,405,246,332,41,476,444,311,167,153,37,304,189,94,79,179
2017_2,호암로20길,2943,1872,1071,146,852,721,490,333,401,81,537,499,366,193,196,65,315,222,124,140,205
2017_2,행운길,4944,2454,2490,332,1501,1369,563,446,733,172,685,741,316,193,347,160,816,628,247,253,386
2017_2,행운1길,3281,1653,1628,302,658,599,429,488,805,159,311,319,232,262,370,143,347,280,197,226,435
2017_2,청림3길,4354,2142,2212,561,543,638,642,713,1257,282,302,358,342,348,510,279,241,280,300,365,747
2017_2,청룡길,3489,1652,1837,218,1151,802,377,379,562,110,477,424,192,177,272,108,674,378,185,202,290
2017_2,청룡8길,1718,844,874,223,343,344,241,205,362,118,168,182,115,97,164,105,175,162,126,108,198
2017_2,중앙길,3129,1545,1584,353,632,572,454,397,721,176,305,315,249,201,299,177,327,257,205,196,422
2017_2,조원중앙로2길,4355,2240,2115,522,666,757,661,771,978,276,325,435,346,406,452,246,341,322,315,365,526
2017_2,조원로18길,1803,916,887,155,488,436,241,180,303,82,218,254,144,76,142,73,270,182,97,104,161
2017_2,조원로10길,1384,724,660,106,239,281,202,230,326,51,125,152,108,129,159,55,114,129,94,101,167
2017_2,장군봉2길,1794,873,921,172,388,402,212,224,396,88,183,212,121,96,173,84,205,190,91,128,223
2017_2,장군봉1길,905,433,472,105,116,141,114,147,282,60,49,70,65,72,117,45,67,71,49,75,165
2017_2,인헌길,3037,1469,1568,394,469,599,500,417,658,204,232,301,238,198,296,190,237,298,262,219,362
2017_2,은천로25길,1549,762,787,312,168,281,275,206,307,155,93,143,141,108,122,157,75,138,134,98,185
2017_2,양녕로6길,4693,2280,2413,418,1090,945,571,649,1020,219,489,493,302,318,459,199,601,452,269,331,561
2017_2,신원로3길,2750,1358,1392,207,580,504,351,415,693,98,264,290,210,198,298,109,316,214,141,217,395
2017_2,신사로20길,1892,961,931,154,470,409,265,243,351,84,227,228,134,126,162,70,243,181,131,117,189
2017_2,신림로65길,1964,940,1024,71,794,555,201,159,184,32,336,306,103,78,85,39,458,249,98,81,99
2017_2,신림로64길,1642,882,760,44,608,477,190,146,177,25,272,278,118,101,88,19,336,199,72,45,89
2017_2,신림로48길,2590,1365,1225,214,624,565,350,383,454,119,332,340,199,168,207,95,292,225,151,215,247
2017_2,신림로38길,2057,1063,994,207,439,425,290,276,420,111,232,245,164,126,185,96,207,180,126,150,235
2017_2,신림로28길,3336,1929,1407,283,845,764,481,420,543,146,477,509,292,239,266,137,368,255,189,181,277
2017_2,신림로11길,4647,2774,1873,341,1266,1013,711,578,738,179,749,681,482,343,340,162,517,332,229,235,398
2017_2,신림동길,3992,2054,1938,132,1429,1193,470,316,452,73,660,676,280,172,193,59,769,517,190,144,259
2017_2,승방길,3006,1414,1592,223,811,813,319,370,470,110,321,435,154,161,233,113,490,378,165,209,237
2017_2,서림7길,4196,2753,1443,235,1518,1089,540,327,487,131,994,790,406,192,240,104,524,299,134,135,247
2017_2,봉천로33길,3862,1933,1929,431,650,734,575,537,935,231,313,397,314,256,422,200,337,337,261,281,513
2017_2,봉천로13길,3819,1905,1914,554,607,633,567,559,899,309,318,328,289,258,403,245,289,305,278,301,496
2017_2,복은길,4312,2346,1966,443,988,919,609,554,799,221,562,561,355,285,362,222,426,358,254,269,437
2017_2,법원단지길,1417,683,734,212,211,195,227,255,317,101,100,111,112,117,142,111,111,84,115,138,175
2017_2,법원단지9길,5340,2692,2648,821,805,714,912,945,1143,446,441,373,461,449,522,375,364,341,451,496,621
2017_2,미성5길,4171,2079,2092,614,639,615,656,745,902,311,332,338,317,369,412,303,307,277,339,376,490
2017_2,대학길,1811,1103,708,101,556,416,259,185,294,50,337,280,188,117,131,51,219,136,71,68,163
2017_2,대학14길,2971,2060,911,169,850,619,545,380,408,87,571,473,424,285,220,82,279,146,121,95,188
2017_2,당곡길,1869,923,946,205,330,344,299,277,414,100,164,177,148,137,197,105,166,167,151,140,217
2017_2,남현길,2022,948,1074,253,390,413,285,256,425,127,164,195,142,122,198,126,226,218,143,134,227
2017_2,남현3길,1563,710,853,102,356,420,190,203,292,46,143,204,91,91,135,56,213,216,99,112,157
2017_2,남현2길,2870,1371,1499,275,604,667,364,403,557,137,265,343,196,181,249,138,339,324,168,222,308
2017_2,남부순환로248길,1687,795,892,173,347,304,249,248,366,87,147,156,119,125,161,86,200,148,130,123,205
2017_2,남부순환로234길,2026,1057,969,176,513,454,271,214,398,88,280,259,139,103,188,88,233,195,132,111,210
2017_2,남부순환로172길,2546,1301,1245,290,529,458,395,370,504,145,290,262,185,174,245,145,239,196,210,196,259
2017_2,남부순환로161길,3927,1973,1954,493,742,643,660,662,727,260,354,370,315,341,333,233,388,273,345,321,394
2017_2,남부순환로151길,3447,1700,1747,386,717,692,523,512,617,206,328,378,264,234,290,180,389,314,259,278,327
2017_2,남부순환로142길,3221,1613,1608,386,568,642,474,498,653,187,284,355,248,254,285,199,284,287,226,244,368
2017_2,난향길,2668,1381,1287,310,337,285,460,443,833,154,188,160,247,244,388,156,149,125,213,199,445
2017_2,난우길,2462,1230,1232,402,323,345,426,415,551,199,173,182,204,212,260,203,150,163,222,203,291
2017_2,난곡로74길,1857,873,984,175,446,384,247,235,370,99,187,194,123,108,162,76,259,190,124,127,208
2017_2,난곡로34길,2661,1350,1311,357,417,400,421,500,566,192,213,213,230,242,260,165,204,187,191,258,306
2017_2,난곡로26길,3426,1763,1663,428,519,451,544,653,831,216,272,286,293,340,356,212,247,165,251,313,475
2017_2,난곡로24길,2567,1357,1210,318,311,327,420,450,741,171,182,189,235,235,345,147,129,138,185,215,396
2017_2,낙성대역길,5319,2680,2639,563,1528,1273,684,502,769,255,760,691,385,246,343,308,768,582,299,256,426
2017_2,국회단지길,5561,2752,2809,857,742,935,936,874,1217,427,382,496,497,399,551,430,360,439,439,475,666
2017_2,구암길,3112,1551,1561,475,334,331,561,513,898,247,174,173,299,262,396,228,160,158,262,251,502
2017_2,관천로22길,4355,2163,2192,399,1020,1044,560,506,826,196,497,574,304,229,363,203,523,470,256,277,463
2017_2,관천로15길,4647,2352,2295,627,861,835,755,697,872,330,437,478,383,324,400,297,424,357,372,373,472
2017_2,관악로30길,1982,1000,982,332,274,347,311,297,421,175,155,175,157,143,195,157,119,172,154,154,226
2017_2,관악로28길,1652,822,830,269,217,281,269,256,360,137,110,146,141,120,168,132,107,135,128,136,192
2017_2,관악로14길,1350,657,693,102,481,254,147,131,235,50,230,134,74,71,98,52,251,120,73,60,137
2017_2,관악로10길,4566,2288,2278,529,1293,904,614,505,721,272,619,517,324,242,314,257,674,387,290,263,407
2017_2,흑석로9길,1937,986,951,194,582,283,225,247,406,97,343,145,117,108,176,97,239,138,108,139,230
2017_2,흑석로13길,565,295,270,66,114,75,80,88,142,33,66,48,44,41,63,33,48,27,36,47,79
2017_2,장승배기로27길,2432,1273,1159,193,480,389,326,395,649,119,260,233,181,192,288,74,220,156,145,203,361
2017_2,장승배기로19길,2561,1316,1245,228,396,341,373,479,744,113,227,194,201,250,331,115,169,147,172,229,413
2017_2,장승배기로10길,400,208,192,39,69,58,59,72,103,19,38,34,29,39,49,20,31,24,30,33,54
2017_2,여의대방로46길,3255,1499,1756,824,494,390,739,448,360,354,211,185,344,248,157,470,283,205,395,200,203
2017_2,여의대방로24길,2841,1348,1493,428,473,574,450,397,519,229,179,281,218,202,239,199,294,293,232,195,280
2017_2,여의대방로22카길,2927,1454,1473,343,580,568,441,427,568,188,263,304,215,215,269,155,317,264,226,212,299
2017_2,여의대방로22나길,2576,1256,1320,411,343,435,448,381,558,214,167,212,227,193,243,197,176,223,221,188,315
2017_2,여의대방로22길,2316,1148,1168,290,426,476,363,335,426,166,193,257,187,158,187,124,233,219,176,177,239
2017_2,양녕로26길,1926,952,974,329,262,312,332,298,393,180,128,152,172,137,183,149,134,160,160,161,210
2017_2,신대방길,4064,1966,2098,482,586,625,670,676,1025,261,284,330,316,332,443,221,302,295,354,344,582
2017_2,성대로29길,2254,1122,1132,318,329,384,390,359,474,173,187,195,198,181,188,145,142,189,192,178,286
2017_2,성대로1길,1032,525,507,93,207,199,136,178,219,48,107,103,74,90,103,45,100,96,62,88,116
2017_2,서달로8가길,674,318,356,61,118,89,86,117,203,25,61,40,46,63,83,36,57,49,40,54,120
2017_2,서달로15길,361,184,177,33,47,58,45,57,121,17,23,28,29,31,56,16,24,30,16,26,65
2017_2,서달로14길,394,184,210,48,72,45,49,67,113,18,37,20,27,34,48,30,35,25,22,33,65
2017_2,서달로10길,2962,1448,1514,319,476,441,465,498,763,159,267,227,241,243,311,160,209,214,224,255,452
2017_2,상도로62길,2914,1382,1532,394,851,556,402,271,440,183,404,273,205,124,193,211,447,283,197,147,247
2017_2,상도로61길,2304,1216,1088,250,688,414,284,256,412,136,407,227,140,113,193,114,281,187,144,143,219
2017_2,상도로47길,4088,2076,2012,510,1173,702,466,495,742,268,661,353,222,235,337,242,512,349,244,260,405
2017_2,상도로37길,1331,628,703,175,352,250,172,153,229,77,163,128,92,67,101,98,189,122,80,86,128
2017_2,상도로15길,3865,1873,1992,374,764,830,549,551,797,193,382,418,282,258,340,181,382,412,267,293,457
2017_2,사당로8길,2576,1240,1336,277,436,524,400,383,556,147,206,260,205,179,243,130,230,264,195,204,313
2017_2,사당로30길,1047,499,548,74,205,278,150,122,218,44,97,125,89,52,92,30,108,153,61,70,126
2017_2,사당로2차길,3341,1627,1714,523,508,616,546,468,680,286,235,306,276,218,306,237,273,310,270,250,374
2017_2,사당로29길,2601,1228,1373,266,446,514,352,447,576,131,212,241,173,222,249,135,234,273,179,225,327
2017_2,사당로26길,2936,1399,1537,272,626,658,343,412,625,147,283,332,172,178,287,125,343,326,171,234,338
2017_2,사당로23나길,1051,533,518,128,137,172,163,164,287,67,75,99,86,81,125,61,62,73,77,83,162
2017_2,사당로23길,1234,592,642,247,155,199,223,170,240,132,68,81,114,85,112,115,87,118,109,85,128
2017_2,사당로20길,2647,1262,1385,302,466,512,401,379,587,149,223,269,200,164,257,153,243,243,201,215,330
2017_2,사당로16길,3599,1727,1872,425,480,657,561,539,937,207,226,355,292,257,390,218,254,302,269,282,547
2017_2,사당로16가길,2193,1056,1137,254,404,414,336,299,486,130,195,202,180,143,206,124,209,212,156,156,280
2017_2,만양로8길,3723,1920,1803,552,723,652,512,494,790,294,422,377,256,221,350,258,301,275,256,273,440
2017_2,만양로14길,953,597,356,46,371,218,84,78,156,28,257,156,59,34,63,18,114,62,25,44,93
2017_2,등용로14길,2031,1020,1011,206,377,357,262,343,486,112,195,202,134,171,206,94,182,155,128,172,280
2017_2,동작대로7길,3371,1620,1751,216,825,764,385,475,706,119,374,371,210,220,326,97,451,393,175,255,380
2017_2,동작대로35길,2575,1294,1281,334,336,437,393,438,637,185,165,239,209,207,289,149,171,198,184,231,348
2017_2,동작대로33길,2614,1236,1378,243,402,465,399,393,712,137,197,235,189,162,316,106,205,230,210,231,396
2017_2,동작대로29길,857,425,432,104,136,136,112,128,241,57,73,71,53,59,112,47,63,65,59,69,129
2017_2,동작대로17길,2434,1128,1306,205,455,513,358,350,553,100,189,234,194,150,261,105,266,279,164,200,292
2017_2,대방동2길,3342,1526,1816,515,650,640,535,437,565,267,286,271,241,200,261,248,364,369,294,237,304
2017_2,대방동27길,4169,2069,2100,801,721,700,804,532,611,418,352,358,409,269,263,383,369,342,395,263,348
2017_2,노량진로6길,3359,1689,1670,349,586,443,488,676,817,175,297,255,264,330,368,174,289,188,224,346,449
2017_2,국사봉길,3950,1895,2055,525,642,841,562,532,848,267,298,440,281,235,374,258,344,401,281,297,474
2017_2,국사봉2길,1294,588,706,140,275,308,183,151,237,78,106,140,83,74,107,62,169,168,100,77,130
2017_2,국사봉1길,3331,1562,1769,339,595,608,506,493,790,173,257,309,254,222,347,166,338,299,252,271,443
2017_2,영신로9길,2730,1422,1308,252,372,512,398,482,714,130,205,277,222,248,340,122,167,235,176,234,374
2017_2,영등포로84길,2462,1253,1209,190,483,424,384,401,580,96,229,245,220,206,257,94,254,179,164,195,323
2017_2,영등포로80길,2245,1138,1107,211,368,374,348,387,557,112,177,217,194,198,240,99,191,157,154,189,317
2017_2,영등포로62길,1693,897,796,141,292,374,244,254,388,71,146,227,135,129,189,70,146,147,109,125,199
2017_2,영등포로35길,1235,724,511,96,238,241,175,204,281,50,128,145,109,138,154,46,110,96,66,66,127
2017_2,영등포로27길,1854,1034,820,162,291,373,283,305,440,80,150,233,179,180,212,82,141,140,104,125,228
2017_2,영등포로25길,1688,836,852,145,317,284,235,297,410,63,136,163,132,152,190,82,181,121,103,145,220
2017_2,여의대방로61길,2368,1198,1170,254,312,492,383,367,560,122,148,287,202,187,252,132,164,205,181,180,308
2017_2,여의대방로43나길,3504,1753,1751,445,497,533,569,629,831,246,249,290,291,304,373,199,248,243,278,325,458
2017_2,여의대방로39길,405,194,211,34,57,65,59,79,111,21,23,34,30,39,47,13,34,31,29,40,64
2017_2,여의대방로35길,1622,825,797,196,226,217,267,274,442,104,122,118,138,135,208,92,104,99,129,139,234
2017_2,양평로28길,3969,2026,1943,601,620,998,608,552,590,308,282,555,319,287,275,293,338,443,289,265,315
2017_2,양평로22라길,1559,768,791,197,263,502,257,154,186,109,99,274,132,77,77,88,164,228,125,77,109
2017_2,양평로19길,3254,1615,1639,569,476,613,552,462,582,294,237,310,284,225,265,275,239,303,268,237,317
2017_2,신길로60길,3151,1548,1603,332,390,451,489,555,934,167,185,236,244,284,432,165,205,215,245,271,502
2017_2,신길로42길,2891,1451,1440,333,419,350,451,555,783,168,209,208,237,283,346,165,210,142,214,272,437
2017_2,신길로42가길,4729,2337,2392,643,625,539,827,878,1217,339,326,293,407,441,531,304,299,246,420,437,686
2017_2,신길로39길,2081,1046,1035,260,260,221,362,405,573,138,139,121,178,210,260,122,121,100,184,195,313
2017_2,신길로17길,2433,1184,1249,248,355,305,371,474,680,132,190,166,169,233,294,116,165,139,202,241,386
2017_2,선유서로28길,1112,582,530,154,108,183,171,179,317,94,62,96,94,88,148,60,46,87,77,91,169
2017_2,선유서로25길,2959,1554,1405,380,411,626,496,399,647,213,218,331,295,200,297,167,193,295,201,199,350
2017_2,선유서로24길,1352,687,665,129,124,160,177,275,487,62,75,90,101,153,206,67,49,70,76,122,281
2017_2,선유로55길,2831,1430,1401,227,660,708,360,370,506,121,278,375,204,213,239,106,382,333,156,157,267
2017_2,디지털로74길,162,123,39,77,12,16,13,17,27,75,7,11,10,7,13,2,5,5,3,10,14
2017_2,디지털로57길,1581,769,812,155,147,206,275,310,488,88,70,100,144,163,204,67,77,106,131,147,284
2017_2,디지털로37길,1540,755,785,167,129,158,281,264,541,87,70,84,136,134,244,80,59,74,145,130,297
2017_2,도신로62길,1575,769,806,190,220,209,251,262,443,96,127,111,129,114,192,94,93,98,122,148,251
2017_2,도신로60길,835,433,402,94,99,114,136,143,249,46,60,69,71,70,117,48,39,45,65,73,132
2017_2,도신로29길,1695,868,827,232,236,240,304,294,389,136,128,122,154,147,181,96,108,118,150,147,208
2017_2,도신로15길,3751,1871,1880,368,704,795,528,602,754,200,327,399,284,304,357,168,377,396,244,298,397
2017_2,도림천로21길,2285,1142,1143,259,338,384,316,402,586,127,184,200,161,181,289,132,154,184,155,221,297
2017_2,도림로63길,1591,821,770,218,201,183,263,319,407,117,110,97,131,172,194,101,91,86,132,147,213
2017_2,도림로147길,375,199,176,16,48,53,39,64,155,9,24,25,28,35,78,7,24,28,11,29,77
2017_2,도림로112길,2308,1185,1123,271,267,304,412,414,640,129,141,171,226,220,298,142,126,133,186,194,342
2017_2,대림로8길,3096,1530,1566,348,441,427,497,507,876,184,218,226,248,254,400,164,223,201,249,253,476
2017_2,대림로7길,1107,527,580,114,132,147,154,227,333,53,59,85,62,116,152,61,73,62,92,111,181
2017_2,대림로44길,2388,1237,1151,363,351,296,431,474,473,188,196,155,211,257,230,175,155,141,220,217,243
2017_2,대림로34길,2915,1503,1412,434,410,335,478,580,678,229,217,193,250,290,324,205,193,142,228,290,354
2017_2,대림로31길,2505,1285,1220,266,313,359,449,505,613,137,167,204,231,263,283,129,146,155,218,242,330
2017_2,대림로29길,2077,1093,984,178,283,341,334,395,546,98,141,205,183,217,249,80,142,136,151,178,297
2017_2,대림로22길,4487,2275,2212,580,611,539,735,871,1151,302,323,294,380,438,538,278,288,245,355,433,613
2017_2,당산로46길,2132,1063,1069,166,483,456,276,303,448,77,229,251,140,159,207,89,254,205,136,144,241
2017_2,당산로38길,1663,805,858,132,535,454,189,160,193,63,227,264,92,71,88,69,308,190,97,89,105
2017_2,당산로37길,1335,623,712,146,179,238,188,201,383,66,83,113,99,105,157,80,96,125,89,96,226
2017_2,당산로31길,880,453,427,102,158,170,144,116,190,57,69,94,80,64,89,45,89,76,64,52,101
2017_2,국회대로56길,2475,1490,985,106,710,855,266,229,309,55,376,567,190,137,165,51,334,288,76,92,144
2017_2,경인로90길,164,124,40,2,8,12,18,40,84,0,4,10,15,31,64,2,4,2,3,9,20
2017_2,경인로80길,145,83,62,8,10,19,22,25,61,4,7,14,14,17,27,4,3,5,8,8,34
2017_2,경인로77길,296,176,120,6,44,52,35,58,101,4,27,32,25,39,49,2,17,20,10,19,52
2017_2,가마산로61길,2018,1025,993,250,296,223,345,403,501,135,164,122,170,215,219,115,132,101,175,188,282
2017_2,시흥대로94길,4010,2034,1976,510,597,620,632,797,854,273,298,351,299,400,413,237,299,269,333,397,441
2017_2,시흥대로84길,6202,3111,3091,838,922,892,963,1220,1367,445,479,466,478,609,634,393,443,426,485,611,733
2017_2,시흥대로68길,2664,1365,1299,345,340,392,409,498,680,192,174,216,219,241,323,153,166,176,190,257,357
2017_2,시흥대로63길,1640,817,823,187,215,321,265,272,380,90,105,175,135,130,182,97,110,146,130,142,198
2017_2,시흥대로62가길,3214,1612,1602,439,437,419,529,615,775,226,249,222,270,300,345,213,188,197,259,315,430
2017_2,시흥대로36길,1971,1012,959,301,251,281,333,337,468,147,137,151,179,177,221,154,114,130,154,160,247
2017_2,시흥대로22길,3539,1763,1776,531,465,545,501,609,888,264,240,286,268,297,408,267,225,259,233,312,480
2017_2,시흥대로153길,2001,1113,888,185,420,462,246,351,337,98,218,282,138,199,178,87,202,180,108,152,159
2017_2,시흥대로150길,4924,2493,2431,654,681,767,763,917,1142,326,358,417,394,455,543,328,323,350,369,462,599
2017_2,시흥대로141길,2344,1270,1074,193,486,421,341,439,464,85,226,246,214,252,247,108,260,175,127,187,217
2017_2,시흥대로138길,617,322,295,73,58,77,100,117,192,40,34,42,56,55,95,33,24,35,44,62,97
2017_2,시흥대로120길,3385,1698,1687,427,498,459,537,684,780,215,256,238,283,352,354,212,242,221,254,332,426
2017_2,벚꽃로56길,1125,592,533,100,134,176,178,226,311,49,76,104,102,124,137,51,58,72,76,102,174
2017_2,범안로17길,1613,863,750,194,278,348,287,220,286,90,145,208,162,121,137,104,133,140,125,99,149
2017_2,범안로11길,1288,739,549,77,394,452,157,94,114,31,193,295,107,56,57,46,201,157,50,38,57
2017_2,문성로5길,3181,1594,1587,344,478,471,517,618,753,161,243,275,264,301,350,183,235,196,253,317,403
2017_2,독산로85길,688,326,362,89,88,103,126,132,150,45,44,55,61,62,59,44,44,48,65,70,91
2017_2,독산로78다길,3750,1884,1866,558,507,510,595,718,862,268,266,277,294,384,395,290,241,233,301,334,467
2017_2,독산로70길,2726,1381,1345,280,339,328,509,602,668,135,175,179,261,331,300,145,164,149,248,271,368
2017_2,독산로64길,2513,1268,1245,339,354,305,438,533,544,171,196,165,219,280,237,168,158,140,219,253,307
2017_2,독산로50길,2410,1202,1208,368,345,346,358,462,531,195,175,176,175,212,269,173,170,170,183,250,262
2017_2,독산로40길,2617,1300,1317,391,330,374,415,490,617,200,173,204,208,233,282,191,157,170,207,257,335
2017_2,독산로108길,1968,1038,930,223,322,343,319,379,382,125,169,202,153,206,183,98,153,141,166,173,199
2017_2,남부순환로112길,2298,1353,945,114,595,531,332,382,344,50,299,349,225,233,197,64,296,182,107,149,147
2017_2,금하로24길,4435,2264,2171,617,584,509,723,855,1147,317,314,293,366,463,511,300,270,216,357,392,636
2017_2,금하로1길,2181,1107,1074,315,311,293,401,372,489,149,152,188,199,199,220,166,159,105,202,173,269
2017_2,금하로14길,1781,870,911,214,250,245,296,316,460,95,119,133,148,160,215,119,131,112,148,156,245
2017_2,가산로5길,3367,1977,1390,282,788,954,441,413,489,159,419,618,280,248,253,123,369,336,161,165,236
2017_2,가산로3길,1019,636,383,61,280,340,153,98,87,19,154,241,118,59,45,42,126,99,35,39,42
2017_2,중앙로1길,1227,615,612,183,204,193,188,198,261,96,104,104,95,99,117,87,100,89,93,99,144
2017_2,중앙로15길,1644,819,825,251,225,248,241,286,393,127,123,129,130,133,177,124,102,119,111,153,216
2017_2,우마길,953,536,417,55,120,79,141,277,281,29,62,51,92,158,144,26,58,28,49,119,137
2017_2,오류로8길,2224,1121,1103,301,299,297,299,363,665,159,167,167,160,181,287,142,132,130,139,182,378
2017_2,신도림로13길,548,277,271,53,71,59,89,110,166,20,41,25,53,61,77,33,30,34,36,49,89
2017_2,새말로18길,2758,1357,1401,359,440,624,376,389,570,194,207,304,188,185,279,165,233,320,188,204,291
2017_2,부일로1길,1470,759,711,186,170,283,216,236,379,109,77,149,123,123,178,77,93,134,93,113,201
2017_2,부일로15길,1615,791,824,249,206,245,273,240,402,122,112,121,139,119,178,127,94,124,134,121,224
2017_2,부일로11길,2726,1394,1332,461,400,335,490,467,573,259,216,174,228,240,277,202,184,161,262,227,296
2017_2,디지털로32길,1560,853,707,36,528,562,210,116,108,17,229,338,133,78,58,19,299,224,77,38,50
2017_2,디지털로32가길,4808,2636,2172,115,1794,1883,488,227,301,61,816,1145,332,122,160,54,978,738,156,105,141
2017_2,디지털로27길,1371,733,638,158,128,187,224,250,424,79,72,105,132,141,204,79,56,82,92,109,220
2017_2,도림로6길,1569,795,774,176,208,217,229,326,413,87,108,123,128,175,174,89,100,94,101,151,239
2017_2,도림로12길,2370,1147,1223,327,291,354,387,407,604,162,158,174,194,196,263,165,133,180,193,211,341
2017_2,남부순환로97길,1314,626,688,205,137,245,183,170,374,95,66,122,88,68,187,110,71,123,95,102,187
2017_2,구로중앙로8길,3053,1492,1561,338,365,405,470,585,890,168,195,189,241,286,413,170,170,216,229,299,477
2017_2,구로중앙로7길,777,390,387,74,62,103,111,148,279,39,31,53,67,73,127,35,31,50,44,75,152
2017_2,구로중앙로42길,925,507,418,112,134,136,139,163,241,60,85,81,81,85,115,52,49,55,58,78,126
2017_2,구로중앙로34길,1220,617,603,133,175,133,196,256,327,69,99,75,93,133,148,64,76,58,103,123,179
2017_2,구로중앙로28길,3382,1679,1703,438,515,610,571,565,683,209,225,326,307,298,314,229,290,284,264,267,369
2017_2,구로중앙로19길,865,421,444,100,114,98,140,164,249,49,49,58,70,87,108,51,65,40,70,77,141
2017_2,구로동로8길,6516,3275,3241,782,867,875,1004,1225,1763,421,507,456,517,580,794,361,360,419,487,645,969
2017_2,구로동로7길,2819,1503,1316,321,322,332,457,566,821,187,189,188,261,284,394,134,133,144,196,282,427
2017_2,구로동로42길,2012,1002,1010,256,228,249,350,350,579,130,118,125,182,185,262,126,110,124,168,165,317
2017_2,구로동로41길,2578,1326,1252,311,342,312,439,516,658,159,175,174,248,268,302,152,167,138,191,248,356
2017_2,구로동로38길,2153,1048,1105,269,268,256,341,419,600,119,141,143,172,214,259,150,127,113,169,205,341
2017_2,구로동로28길,2132,1077,1055,254,249,249,386,389,605,138,124,140,191,218,266,116,125,109,195,171,339
2017_2,구로동로15길,1021,534,487,110,119,106,142,235,309,58,78,63,68,124,143,52,41,43,74,111,166
2017_2,공원로6가길,2064,911,1153,201,569,538,265,206,285,85,184,258,141,101,142,116,385,280,124,105,143
2017_2,고척로52길,3239,1595,1644,545,433,457,539,591,674,275,216,234,272,287,311,270,217,223,267,304,363
2017_2,고척로27다길,4487,2224,2263,666,660,557,766,839,999,328,352,288,376,427,453,338,308,269,390,412,546
2017_2,고척로27길,2673,1371,1302,372,371,358,435,473,664,196,197,199,222,250,307,176,174,159,213,223,357
2017_2,고척로21나길,2677,1386,1291,406,324,357,448,469,673,213,178,200,230,248,317,193,146,157,218,221,356
2017_2,경인로47길,2170,1077,1093,302,346,313,327,375,507,139,175,160,167,191,245,163,171,153,160,184,262
2017_2,경인로35길,3180,1640,1540,373,385,378,481,626,937,196,197,202,271,334,440,177,188,176,210,292,497
2017_2,경인로31길,1990,1043,947,206,243,223,352,422,544,99,131,129,205,231,248,107,112,94,147,191,296
2017_2,경인로15길,3709,1876,1833,496,475,587,589,610,952,258,249,303,328,298,440,238,226,284,261,312,512
2017_2,개봉로3길,3103,1525,1578,485,385,534,511,514,674,239,200,282,262,250,292,246,185,252,249,264,382
2017_2,개봉로2길,2443,1159,1284,428,279,438,403,364,531,209,144,211,194,161,240,219,135,227,209,203,291
2017_2,개봉로23가길,2322,1124,1198,312,247,426,327,349,661,142,128,211,176,165,302,170,119,215,151,184,359
2017_2,개봉로20길,3685,1768,1917,609,471,635,516,577,877,315,225,293,263,253,419,294,246,342,253,324,458
2017_2,개봉로1길,2229,1111,1118,349,285,362,366,351,516,174,145,204,177,173,238,175,140,158,189,178,278
2017_2,개봉로17다길,3475,1754,1721,482,479,595,537,565,817,245,252,309,267,284,397,237,227,286,270,281,420
2017_2,개봉로17길,5715,2807,2908,883,822,919,907,975,1209,462,416,475,458,457,539,421,406,444,449,518,670
2017_2,개봉로11길,5317,2621,2696,829,743,829,889,853,1174,447,372,428,433,397,544,382,371,401,456,456,630
2017_2,화곡로64길,3848,1852,1996,476,757,803,572,564,676,272,271,421,285,287,316,204,486,382,287,277,360
2017_2,화곡로59길,2328,1119,1209,363,385,374,359,446,401,184,201,170,158,215,191,179,184,204,201,231,210
2017_2,화곡로44나길,3234,1611,1623,455,484,697,532,483,583,239,223,387,281,214,267,216,261,310,251,269,316
2017_2,화곡로31길,4017,1929,2088,412,657,770,539,656,983,218,340,384,253,290,444,194,317,386,286,366,539
2017_2,화곡로20길,3387,1663,1724,506,458,643,518,533,729,252,232,331,258,250,340,254,226,312,260,283,389
2017_2,화곡로13길,3262,1585,1677,523,510,467,561,531,670,273,265,234,268,237,308,250,245,233,293,294,362
2017_2,초원로16길,3706,1895,1811,487,540,513,539,670,957,263,286,289,290,318,449,224,254,224,249,352,508
2017_2,초록마을로8길,4897,2429,2468,940,685,944,889,668,771,500,348,492,453,308,328,440,337,452,436,360,443
2017_2,초록마을로3길,2548,1308,1240,199,480,658,462,332,417,93,232,378,263,168,174,106,248,280,199,164,243
2017_2,월정로20길,2213,1185,1028,167,390,648,330,326,352,74,188,375,200,179,169,93,202,273,130,147,183
2017_2,우장산로6길,5752,2719,3033,1401,763,744,1204,858,782,656,356,345,574,425,363,745,407,399,630,433,419
2017_2,양천로73가길,2696,1390,1306,718,310,456,599,315,298,406,153,211,310,172,138,312,157,245,289,143,160
2017_2,양천로71길,7302,3580,3722,1908,867,999,1584,1036,908,943,467,444,805,515,406,965,400,555,779,521,502
2017_2,양천로49길,1195,618,577,162,220,234,162,177,240,94,109,121,88,94,112,68,111,113,74,83,128
2017_2,양천로26길,2229,1081,1148,483,232,435,384,306,389,243,126,204,188,149,171,240,106,231,196,157,218
2017_2,양천로24길,3831,1956,1875,619,494,673,555,615,875,347,263,342,295,279,430,272,231,331,260,336,445
2017_2,양천로24가길,2898,1437,1461,509,357,451,534,436,611,258,183,243,265,215,273,251,174,208,269,221,338
2017_2,양천로14길,4620,2280,2340,828,595,683,732,770,1012,421,299,350,388,361,461,407,296,333,344,409,551
2017_2,방화대로6라길,2436,1266,1170,348,293,443,480,379,493,186,143,238,267,200,232,162,150,205,213,179,261
2017_2,방화대로21길,2405,1231,1174,313,345,366,341,444,596,167,169,218,188,209,280,146,176,148,153,235,316
2017_2,등촌로5길,1508,706,802,198,236,282,201,248,343,99,110,149,95,107,146,99,126,133,106,141,197
2017_2,등촌로55길,2724,1313,1411,381,475,723,400,347,398,203,209,385,188,143,185,178,266,338,212,204,213
2017_2,등촌로51길,2154,1078,1076,363,331,334,317,372,437,185,191,166,152,171,213,178,140,168,165,201,224
2017_2,등촌로39길,3310,1694,1616,571,499,598,537,533,572,314,274,331,269,256,250,257,225,267,268,277,322
2017_2,등촌로13길,3907,1931,1976,545,542,745,637,640,798,288,286,390,314,301,352,257,256,355,323,339,446
2017_2,남부순환로11길,3975,2099,1876,602,518,781,704,623,747,325,268,434,396,332,344,277,250,347,308,291,403
2017_2,까치산로4길,4505,2188,2317,848,591,912,777,572,805,443,275,467,398,269,336,405,316,445,379,303,469
2017_2,국회대로7길,2358,1153,1205,259,339,442,343,389,586,119,182,247,168,175,262,140,157,195,175,214,324
2017_2,공항대로8길,2979,1518,1461,347,517,521,444,444,706,186,267,273,245,212,335,161,250,248,199,232,371
2017_2,공항대로61길,2062,1023,1039,397,268,410,388,282,317,206,136,201,196,144,140,191,132,209,192,138,177
2017_2,공항대로59다길,2843,1408,1435,525,377,431,451,494,565,288,189,201,223,242,265,237,188,230,228,252,300
2017_2,공항대로59길,2183,1014,1169,198,450,591,338,282,324,98,164,293,173,139,147,100,286,298,165,143,177
2017_2,공항대로55길,2092,1053,1039,349,316,347,324,342,414,197,170,184,149,164,189,152,146,163,175,178,225
2017_2,공항대로42길,1139,548,591,252,140,163,238,170,176,119,70,77,115,82,85,133,70,86,123,88,91
2017_2,공항대로38길,410,202,208,73,64,89,66,65,53,36,37,47,32,30,20,37,27,42,34,35,33
2017_2,곰달래로60길,2048,1016,1032,201,309,445,292,326,475,104,160,229,144,153,226,97,149,216,148,173,249
2017_2,곰달래로53길,3731,1854,1877,667,492,604,697,546,725,356,258,317,341,268,314,311,234,287,356,278,411
2017_2,곰달래로47길,4163,2025,2138,740,543,757,782,595,746,358,276,395,378,281,337,382,267,362,404,314,409
2017_2,곰달래로31길,3431,1653,1778,720,409,695,616,429,562,370,197,342,298,190,256,350,212,353,318,239,306
2017_2,곰달래로25길,3070,1454,1616,437,361,566,521,498,687,203,180,280,276,221,294,234,181,286,245,277,393
2017_2,개화동로25길,2457,1246,1211,208,659,462,314,328,486,100,300,276,169,168,233,108,359,186,145,160,253
2017_2,개화동로23길,3923,1931,1992,472,498,519,599,762,1073,238,270,264,299,369,491,234,228,255,300,393,582
2017_2,강서로8길,3348,1670,1678,462,414,643,510,492,827,233,201,343,270,228,395,229,213,300,240,264,432
2017_2,강서로5라길,2913,1446,1467,432,360,599,452,472,598,224,181,321,235,211,274,208,179,278,217,261,324
2017_2,강서로5나길,2990,1491,1499,229,666,864,385,334,512,115,271,497,212,151,245,114,395,367,173,183,267
2017_2,강서로5가길,1866,946,920,160,318,438,273,266,411,83,136,236,156,132,203,77,182,202,117,134,208
2017_2,강서로47라길,3803,1789,2014,893,551,475,771,608,505,415,272,238,354,295,215,478,279,237,417,313,290
2017_2,강서로47길,4323,2092,2231,954,586,546,873,702,662,454,298,272,424,370,274,500,288,274,449,332,388
2017_2,강서로45다길,2765,1331,1434,430,396,514,437,414,574,216,192,269,221,179,254,214,204,245,216,235,320
2017_2,강서로45길,983,483,500,197,128,154,172,137,195,91,57,78,88,62,107,106,71,76,84,75,88
2017_2,강서로35길,3961,1903,2058,491,611,704,595,704,856,246,282,364,282,345,384,245,329,340,313,359,472
2017_2,강서로29길,3209,1553,1656,435,531,805,452,452,534,220,251,416,223,201,242,215,280,389,229,251,292
2017_2,강서로18길,6976,3399,3577,1073,931,1410,1120,991,1451,556,450,726,557,465,645,517,481,684,563,526,806
2017_2,강서로17가길,3205,1615,1590,354,503,626,468,558,696,190,255,344,245,249,332,164,248,282,223,309,364
2017_2,강서로15길,5579,2787,2792,626,798,1094,843,972,1246,299,405,597,442,500,544,327,393,497,401,472,702
2017_2,가로공원로80길,3041,1537,1504,445,428,585,462,486,635,240,230,310,242,227,288,205,198,275,220,259,347
2017_2,가로공원로76가길,3207,1556,1651,458,448,615,518,500,668,225,221,322,264,222,302,233,227,293,254,278,366
2017_2,화곡로4길,1635,806,829,230,215,238,249,322,381,119,111,122,119,153,182,111,104,116,130,169,199
2017_2,화곡로3길,3487,1734,1753,717,531,551,578,521,589,375,273,272,286,259,269,342,258,279,292,262,320
2017_2,지양로7길,3557,1743,1814,487,448,526,525,620,951,234,233,298,277,272,429,253,215,228,248,348,522
2017_2,중앙로55길,4171,2101,2070,660,562,623,673,737,916,348,304,327,334,370,418,312,258,296,339,367,498
2017_2,중앙로51길,4552,2256,2296,816,602,740,719,693,982,397,315,382,360,340,462,419,287,358,359,353,520
2017_2,중앙로47길,2367,1241,1126,244,298,323,394,488,620,138,166,186,209,250,292,106,132,137,185,238,328
2017_2,중앙로45길,2226,1095,1131,316,284,341,365,384,536,164,147,184,183,168,249,152,137,157,182,216,287
2017_2,중앙로36길,951,458,493,176,106,107,190,139,233,96,46,56,89,72,99,80,60,51,101,67,134
2017_2,중앙로32길,1078,533,545,235,144,123,198,170,208,121,77,63,91,96,85,114,67,60,107,74,123
2017_2,중앙로25길,2648,1358,1290,303,307,345,461,505,727,162,162,188,252,258,336,141,145,157,209,247,391
2017_2,은행정로7길,3275,1619,1656,510,414,561,533,521,736,266,215,284,271,244,339,244,199,277,262,277,397
2017_2,은행정로5길,811,431,380,124,83,106,138,146,214,69,45,61,69,80,107,55,38,45,69,66,107
2017_2,오목로5길,4090,1997,2093,831,448,695,640,626,850,418,235,317,329,309,389,413,213,378,311,317,461
2017_2,오목로3길,3797,1883,1914,782,434,617,641,568,755,404,228,294,329,268,360,378,206,323,312,300,395
2017_2,오목로30길,3714,1830,1884,432,571,631,576,644,860,222,278,355,274,306,395,210,293,276,302,338,465
2017_2,오목로23길,4483,2223,2260,625,663,896,740,698,861,315,332,463,357,342,414,310,331,433,383,356,447
2017_2,신월로20길,2039,1042,997,378,244,344,352,323,398,199,138,175,180,151,199,179,106,169,172,172,199
2017_2,신월로15길,5821,2882,2939,1011,775,821,932,1002,1280,539,408,408,454,492,581,472,367,413,478,510,699
2017_2,신목로6길,2471,1214,1257,459,335,324,464,420,469,253,172,157,214,218,200,206,163,167,250,202,269
2017_2,신목로5길,2255,1134,1121,564,327,213,494,394,263,290,179,103,217,221,124,274,148,110,277,173,139
2017_2,신목로2길,2108,1033,1075,376,363,195,363,452,359,199,189,93,163,228,161,177,174,102,200,224,198
2017_2,목동중앙서로8가길,1394,681,713,190,205,268,207,214,310,109,106,128,100,108,130,81,99,140,107,106,180
2017_2,목동중앙서로7길,3703,1853,1850,589,570,607,663,613,661,325,306,322,314,298,288,264,264,285,349,315,373
2017_2,목동중앙북로8길,2203,1029,1174,303,323,417,323,351,486,157,156,203,161,147,205,146,167,214,162,204,281
2017_2,목동중앙북로16길,3382,1643,1739,409,595,856,464,500,558,220,259,434,228,239,263,189,336,422,236,261,295
2017_2,목동중앙본로7길,2985,1502,1483,541,454,445,505,508,532,328,247,219,227,246,235,213,207,226,278,262,297
2017_2,목동중앙로3길,2485,1207,1278,587,347,294,500,401,356,294,185,142,222,211,153,293,162,152,278,190,203
2017_2,목동중앙로13나길,1123,582,541,176,184,257,169,151,186,106,78,142,84,86,86,70,106,115,85,65,100
2017_2,목동중앙남로3가길,2738,1376,1362,503,443,408,456,456,472,293,240,189,217,219,218,210,203,219,239,237,254
2017_2,목동로9길,3525,1666,1859,595,557,594,626,557,596,305,258,278,292,250,283,290,299,316,334,307,313
2017_2,목동로19길,2409,1124,1285,392,348,430,385,353,501,180,165,202,183,171,223,212,183,228,202,182,278
2017_2,목동동로8길,1002,455,547,235,122,116,230,158,141,109,52,56,103,84,51,126,70,60,127,74,90
2017_2,목동동로12길,2309,1101,1208,526,321,250,464,366,382,257,155,121,205,187,176,269,166,129,259,179,206
2017_2,목동남로4길,1296,626,670,272,183,162,244,202,233,132,87,86,110,107,104,140,96,76,134,95,129
2017_2,남부순환로88길,1861,909,952,478,219,238,408,277,241,238,111,117,187,137,119,240,108,121,221,140,122
2017_2,남부순환로79길,796,417,379,89,91,106,106,191,213,44,55,64,53,95,106,45,36,42,53,96,107
2017_2,남부순환로70길,4883,2440,2443,615,701,632,742,932,1261,293,392,349,368,480,558,322,309,283,374,452,703
2017_2,남부순환로58길,2190,1095,1095,319,317,326,345,392,491,166,156,184,168,187,234,153,161,142,177,205,257
2017_2,남부순환로40길,2541,1384,1157,267,284,347,427,520,696,136,143,214,251,299,341,131,141,133,176,221,355
2017_2,남부순환로33길,3880,1906,1974,510,573,629,575,707,886,240,287,352,275,341,411,270,286,277,300,366,475
2017_2,곰달래로5길,3911,2021,1890,458,580,517,580,799,977,237,295,299,293,420,477,221,285,218,287,379,500
2017_2,곰달래로3길,4012,2100,1912,553,517,538,678,785,941,291,287,283,372,416,451,262,230,255,306,369,490
2017_2,곰달래로2길,3798,1954,1844,592,494,574,636,683,819,301,258,314,342,348,391,291,236,260,294,335,428
2017_2,곰달래로10길,3414,1738,1676,448,428,577,556,612,793,215,221,321,285,311,385,233,207,256,271,301,408
2017_2,가로공원로58길,2421,1313,1108,267,298,272,414,518,652,132,163,165,242,305,306,135,135,107,172,213,346
2017_2,효창원로93길,3498,1678,1820,426,584,457,609,630,792,209,270,260,289,300,350,217,314,197,320,330,442
2017_2,토정로37길,2731,1322,1409,652,284,428,608,356,403,320,133,200,314,172,183,332,151,228,294,184,220
2017_2,월드컵로8길,1678,762,916,169,293,409,275,218,314,89,128,185,131,96,133,80,165,224,144,122,181
2017_2,월드컵로7길,1891,854,1037,242,351,446,284,246,322,113,144,207,131,123,136,129,207,239,153,123,186
2017_2,월드컵로36길,3886,1758,2128,492,716,796,682,520,680,246,268,350,341,258,295,246,448,446,341,262,385
2017_2,월드컵로25길,3130,1519,1611,542,436,558,581,404,609,269,215,271,297,203,264,273,221,287,284,201,345
2017_2,월드컵로19길,1759,826,933,182,324,362,270,231,390,90,157,178,129,116,156,92,167,184,141,115,234
2017_2,월드컵로16길,2550,1173,1377,327,429,596,416,336,446,163,188,268,187,173,194,164,241,328,229,163,252
2017_2,월드컵로11길,2450,1139,1311,284,435,525,384,339,483,152,180,246,195,162,204,132,255,279,189,177,279
2017_2,월드컵로10길,4132,1911,2221,518,627,748,702,689,848,253,272,328,325,340,393,265,355,420,377,349,455
2017_2,와우산로3길,1839,875,964,147,381,454,271,245,341,66,189,236,127,118,139,81,192,218,144,127,202
2017_2,와우산로29길,826,391,435,79,153,187,154,93,160,39,70,90,75,44,73,40,83,97,79,49,87
2017_2,와우산로29가길,511,237,274,32,204,112,55,40,68,14,95,56,21,21,30,18,109,56,34,19,38
2017_2,양화진길,1384,657,727,129,225,332,203,203,292,76,102,177,107,85,110,53,123,155,96,118,182
2017_2,양화로1길,2780,1268,1512,367,501,603,460,338,511,167,210,283,227,159,222,200,291,320,233,179,289
2017_2,양화로11길,781,342,439,73,144,205,126,85,148,37,51,102,53,40,59,36,93,103,73,45,89
2017_2,신촌로30길,646,322,324,58,86,65,82,127,228,30,45,36,52,63,96,28,41,29,30,64,132
2017_2,신촌로28가길,428,220,208,25,48,59,58,93,145,12,21,36,33,51,67,13,27,23,25,42,78
2017_2,신촌로12길,1944,937,1007,130,552,436,237,217,372,74,260,221,119,107,156,56,292,215,118,110,216
2017_2,숭문길,2854,1418,1436,344,398,322,456,507,827,178,227,169,233,263,348,166,171,153,223,244,479
2017_2,숭문8길,629,313,316,106,67,141,104,83,128,52,36,73,61,35,56,54,31,68,43,48,72
2017_2,성지3길,1065,486,579,99,213,246,149,139,219,52,84,127,71,65,87,47,129,119,78,74,132
2017_2,성산로4길,3388,1662,1726,442,508,594,560,539,745,230,239,307,289,261,336,212,269,287,271,278,409
2017_2,성미산로32길,1201,551,650,107,248,332,153,161,200,60,100,154,82,74,81,47,148,178,71,87,119
2017_2,성미산로1길,3224,1521,1703,512,461,603,626,425,597,285,211,270,295,199,261,227,250,333,331,226,336
2017_2,성미산로11길,3767,1797,1970,533,562,736,700,525,711,290,268,338,340,255,306,243,294,398,360,270,405
2017_2,백범로16길,1778,868,910,255,259,316,310,257,381,128,127,142,170,130,171,127,132,174,140,127,210
2017_2,방울내로9안길,5633,2734,2899,987,701,1056,1008,786,1095,483,351,502,515,391,492,504,350,554,493,395,603
2017_2,모래내로7길,1998,1001,997,291,294,321,361,295,436,156,146,178,189,139,193,135,148,143,172,156,243
2017_2,매봉산로2길,2998,1518,1480,396,551,596,476,389,590,205,252,327,261,213,260,191,299,269,215,176,330
2017_2,망원로2길,4743,2276,2467,677,685,956,776,717,932,347,339,449,393,337,411,330,346,507,383,380,521
2017_2,망원로11길,2317,1086,1231,359,343,362,423,336,494,174,154,185,205,164,204,185,189,177,218,172,290
2017_2,만리재옛길,2698,1309,1389,344,368,487,478,386,635,175,161,251,252,197,273,169,207,236,226,189,362
2017_2,마포대로4길,873,409,464,119,146,183,126,124,175,61,64,97,60,58,69,58,82,86,66,66,106
2017_2,마포대로20길,2129,1033,1096,270,328,437,390,316,388,138,139,216,199,166,175,132,189,221,191,150,213
2017_2,마포대로12길,451,219,232,68,55,72,72,65,119,35,25,38,37,36,48,33,30,34,35,29,71
2017_2,동교로38길,1389,658,731,97,322,350,188,158,274,52,141,171,102,82,110,45,181,179,86,76,164
2017_2,동교로27길,2593,1179,1414,278,579,606,399,257,474,139,247,281,179,116,217,139,332,325,220,141,257
2017_2,동교로25길,1347,608,739,132,303,335,189,166,222,60,126,150,95,79,98,72,177,185,94,87,124
2017_2,동교로19길,1864,866,998,217,284,404,398,238,323,100,139,191,189,118,129,117,145,213,209,120,194
2017_2,동교로17길,1924,890,1034,236,340,451,339,242,316,133,137,197,177,111,135,103,203,254,162,131,181
2017_2,독막로8길,1423,645,778,150,267,350,205,197,254,75,109,158,103,92,108,75,158,192,102,105,146
2017_2,독막로32길,2887,1415,1472,404,394,475,456,452,706,205,212,252,220,221,305,199,182,223,236,231,401
2017_2,독막로22길,1054,497,557,181,152,204,212,125,180,97,62,95,103,58,82,84,90,109,109,67,98
2017_2,도화길,1058,469,589,140,211,237,171,124,175,66,73,106,83,69,72,74,138,131,88,55,103
2017_2,도화4길,3901,1839,2062,633,438,610,666,636,918,316,212,293,331,308,379,317,226,317,335,328,539
2017_2,대흥로28길,1550,742,808,93,418,223,207,244,365,36,184,105,107,135,175,57,234,118,100,109,190
2017_2,대흥로21길,3695,1884,1811,325,831,582,511,562,884,178,441,309,276,308,372,147,390,273,235,254,512
2017_2,광성로6길,2088,1107,981,256,507,309,334,283,399,140,303,166,176,153,169,116,204,143,158,130,230
2017_2,홍제내길,3381,1582,1799,529,411,520,569,481,871,257,205,263,281,220,356,272,206,257,288,261,515
2017_2,홍연길,1180,621,559,157,137,155,192,200,339,90,74,84,109,112,152,67,63,71,83,88,187
2017_2,통일로39길,1607,816,791,191,233,202,248,281,452,105,129,108,126,134,214,86,104,94,122,147,238
2017_2,통일로37길,1594,717,877,158,191,174,271,301,499,71,85,90,131,134,206,87,106,84,140,167,293
2017_2,통일로11길,317,172,145,28,38,45,41,42,123,17,20,27,24,27,57,11,18,18,17,15,66
2017_2,충정로6길,726,400,326,39,116,154,103,124,190,16,62,83,70,80,89,23,54,71,33,44,101
2017_2,충정로4길,691,340,351,78,102,136,109,96,170,37,54,62,61,46,80,41,48,74,48,50,90
2017_2,증가로6길,3240,1599,1641,448,493,502,497,510,790,229,251,270,259,247,343,219,242,232,238,263,447
2017_2,증가로23나길,5208,2498,2710,740,744,793,819,884,1228,372,360,403,397,436,530,368,384,390,422,448,698
2017_2,증가로20가길,3603,1806,1797,610,635,480,631,581,666,327,320,260,323,271,305,283,315,220,308,310,361
2017_2,증가로10길,3860,1898,1962,431,690,531,605,631,972,215,324,299,299,328,433,216,366,232,306,303,539
2017_2,응암로1길,3887,1873,2014,545,443,681,631,617,970,270,219,334,331,273,446,275,224,347,300,344,524
2017_2,연희로10길,3235,1758,1477,249,1329,628,337,259,433,139,782,362,165,121,189,110,547,266,172,138,244
2017_2,신촌로37길,765,419,346,49,134,116,113,158,195,23,73,63,64,96,100,26,61,53,49,62,95
2017_2,수색로8길,3848,1867,1981,579,459,669,577,587,977,277,239,333,294,280,444,302,220,336,283,307,533
2017_2,세무서길,2968,1414,1554,349,426,372,438,485,898,173,209,197,218,240,377,176,217,175,220,245,521
2017_2,세무서2길,1615,788,827,191,202,208,283,248,483,94,110,108,147,126,203,97,92,100,136,122,280
2017_2,세검정로1길,1175,564,611,169,131,126,191,195,363,82,55,64,98,112,153,87,76,62,93,83,210
2017_2,북아현로4길,3601,1736,1865,354,531,473,587,634,1022,184,270,273,291,312,406,170,261,200,296,322,616
2017_2,모래내로15길,10667,5141,5526,2497,1190,1688,2045,1446,1801,1226,594,782,1042,698,799,1271,596,906,1003,748,1002
2017_2,명지대길,2391,1164,1227,304,545,329,343,355,515,161,259,173,166,171,234,143,286,156,177,184,281
2017_2,독립문로8길,4334,2054,2280,736,553,680,721,609,1035,362,274,356,367,276,419,374,279,324,354,333,616
2017_2,가재울로6길,2756,1351,1405,381,370,384,472,411,738,196,184,190,253,215,313,185,186,194,219,196,425
2017_2,통일로92길,5845,2935,2910,717,961,958,855,1063,1291,394,496,538,437,478,592,323,465,420,418,585,699
2017_2,통일로87길,1834,876,958,224,288,320,299,265,438,111,129,166,151,126,193,113,159,154,148,139,245
2017_2,통일로78길,4494,2145,2349,570,677,756,695,757,1039,283,340,390,335,330,467,287,337,366,360,427,572
2017_2,통일로69길,1834,870,964,253,241,280,289,300,471,125,113,151,145,133,203,128,128,129,144,167,268
2017_2,진흥로1길,4263,2059,2204,713,572,699,739,664,876,364,282,320,382,321,390,349,290,379,357,343,486
2017_2,진흥로12길,5877,2882,2995,750,748,960,955,969,1495,396,385,508,500,456,637,354,363,452,455,513,858
2017_2,증산서길,1850,963,887,276,253,265,268,315,473,151,145,137,155,158,217,125,108,128,113,157,256
2017_2,증산로9길,2830,1380,1450,421,381,433,456,461,678,205,189,226,228,212,320,216,192,207,228,249,358
2017_2,증산로5길,2854,1373,1481,407,349,354,480,474,790,200,180,168,244,227,354,207,169,186,236,247,436
2017_2,증산로21길,5315,2581,2734,785,754,911,887,803,1175,412,380,467,431,365,526,373,374,444,456,438,649
2017_2,증산로17길,2119,1032,1087,282,293,330,329,324,561,137,146,175,160,161,253,145,147,155,169,163,308
2017_2,증산로15길,2533,1249,1284,350,307,353,423,415,685,173,162,183,227,201,303,177,145,170,196,214,382
2017_2,증산로13길,2051,1066,985,222,275,259,314,413,568,119,150,142,164,220,271,103,125,117,150,193,297
2017_2,응암로34길,2768,1342,1426,480,333,443,505,393,614,258,160,214,252,183,275,222,173,229,253,210,339
2017_2,응암로22길,1817,891,926,223,215,209,285,321,564,121,120,109,150,149,242,102,95,100,135,172,322
2017_2,응암로14길,1965,982,983,241,243,264,326,348,543,125,134,134,173,187,229,116,109,130,153,161,314
2017_2,응암로13길,1761,882,879,183,256,318,282,274,448,107,118,172,142,140,203,76,138,146,140,134,245
2017_2,응암로12길,1549,776,773,192,198,169,235,283,472,103,109,89,122,138,215,89,89,80,113,145,257
2017_2,은평로8길,3560,1722,1838,656,467,678,654,447,658,342,224,333,337,210,276,314,243,345,317,237,382
2017_2,은평로3길,2407,1100,1307,383,329,392,428,355,520,188,154,186,202,155,215,195,175,206,226,200,305
2017_2,은평로20길,492,243,249,37,69,51,90,101,144,21,37,27,48,50,60,16,32,24,42,51,84
2017_2,은평로13길,3197,1514,1683,496,374,512,561,496,758,250,170,256,269,228,341,246,204,256,292,268,417
2017_2,은평로10길,3054,1501,1553,478,393,456,547,478,702,262,193,243,277,222,304,216,200,213,270,256,398
2017_2,연서로5길,2767,1323,1444,477,391,446,468,450,535,243,175,235,227,207,236,234,216,211,241,243,299
2017_2,연서로41길,4002,1939,2063,540,497,540,692,711,1022,267,267,273,351,322,459,273,230,267,341,389,563
2017_2,연서로3길,3689,1748,1941,660,526,658,606,529,710,331,253,314,302,235,313,329,273,344,304,294,397
2017_2,연서로34길,2918,1363,1555,386,400,431,435,496,770,185,201,218,217,224,318,201,199,213,218,272,452
2017_2,연서로33길,2134,1069,1065,217,292,294,309,369,653,118,154,167,156,184,290,99,138,127,153,185,363
2017_2,연서로29길,1082,512,570,129,172,227,162,169,223,64,78,118,76,77,99,65,94,109,86,92,124
2017_2,연서로28길,3706,1760,1946,412,646,652,561,570,865,187,299,339,279,266,390,225,347,313,282,304,475
2017_2,연서로27길,3056,1423,1633,391,456,469,511,512,717,197,206,236,243,235,306,194,250,233,268,277,411
2017_2,연서로21길,4437,2096,2341,756,601,729,800,654,897,375,288,380,365,298,390,381,313,349,435,356,507
2017_2,연서로17길,2333,1134,1199,328,333,359,392,415,506,161,164,189,197,194,229,167,169,170,195,221,277
2017_2,연서로16길,4709,2230,2479,716,611,699,792,820,1071,357,291,339,391,379,473,359,320,360,401,441,598
2017_2,연서로13길,4001,1901,2100,633,566,615,716,635,836,313,248,314,338,321,367,320,318,301,378,314,469
2017_2,연서로11길,3955,1893,2062,741,518,647,699,583,767,358,257,324,337,275,342,383,261,323,362,308,425
2017_2,역말로9길,5800,2804,2996,849,753,950,993,930,1325,409,371,494,503,451,576,440,382,456,490,479,749
2017_2,수색로18길,2334,1176,1158,253,314,266,375,452,674,137,172,148,199,245,275,116,142,118,176,207,399
2017_2,서오릉로8길,2718,1294,1424,326,370,419,437,457,709,158,184,212,224,216,300,168,186,207,213,241,409
2017_2,서오릉로21길,3956,1901,2055,638,540,598,621,656,903,306,288,297,300,301,409,332,252,301,321,355,494
2017_2,불광천길,5255,2578,2677,685,682,838,880,863,1307,343,347,461,454,424,549,342,335,377,426,439,758
2017_2,갈현로7길,2655,1295,1360,438,351,383,470,432,581,238,179,186,235,191,266,200,172,197,235,241,315
2017_2,갈현로41길,3225,1586,1639,430,437,391,535,576,856,241,237,205,263,273,367,189,200,186,272,303,489
2017_2,갈현로33길,3694,1803,1891,665,576,515,620,601,717,346,296,276,278,280,327,319,280,239,342,321,390
2017_2,갈현로1길,2390,1152,1238,411,312,388,417,392,470,193,152,207,208,199,193,218,160,181,209,193,277
2017_2,가좌로7길,3691,1816,1875,531,510,464,583,648,955,281,255,250,289,317,424,250,255,214,294,331,531
2017_2,한글비석로44길,4114,2049,2065,546,554,471,695,692,1156,273,299,269,357,346,505,273,255,202,338,346,651
2017_2,한글비석로24길,2461,1251,1210,283,352,316,343,449,718,149,194,183,167,230,328,134,158,133,176,219,390
2017_2,한글비석로22길,1858,955,903,326,274,206,323,331,398,171,143,107,157,174,203,155,131,99,166,157,195
2017_2,석계로1길,2654,1353,1301,339,350,347,398,434,786,185,187,182,208,223,368,154,163,165,190,211,418
2017_2,상계로9가길,2602,1338,1264,332,358,337,398,450,727,184,194,186,205,235,334,148,164,151,193,215,393
2017_2,상계로1길,1227,627,600,223,189,195,215,196,209,118,102,103,104,91,109,105,87,92,111,105,100
2017_2,상계로12길,3624,1785,1839,448,612,464,575,627,898,230,314,262,288,300,391,218,298,202,287,327,507
2017_2,동일로242길,2052,1008,1044,285,307,285,284,378,513,149,159,145,135,184,236,136,148,140,149,194,277
2017_2,동일로192길,2815,1448,1367,291,832,420,307,422,543,137,443,222,172,211,263,154,389,198,135,211,280
2017_2,동일로173가길,3728,1877,1851,579,559,651,535,586,818,297,284,343,297,264,392,282,275,308,238,322,426
2017_2,공릉로58길,1551,765,786,283,324,161,232,273,278,150,169,79,97,136,134,133,155,82,135,137,144
2017_2,해등로16길,2232,1070,1162,318,375,304,348,432,455,165,183,148,154,203,217,153,192,156,194,229,238
2017_2,우이천로4다길,2367,1190,1177,352,336,281,378,426,594,185,183,149,176,230,267,167,153,132,202,196,327
2017_2,우이천로32길,3082,1491,1591,531,412,453,545,481,660,255,215,233,261,238,289,276,197,220,284,243,371
2017_2,시루봉로23길,3614,1882,1732,406,495,415,582,712,1004,225,269,226,312,374,476,181,226,189,270,338,528
2017_2,삼양로144길,975,455,520,148,143,129,174,130,251,92,43,64,79,68,109,56,100,65,95,62,142
2017_2,방학로6가길,2272,1131,1141,271,335,290,362,459,555,129,175,165,186,235,241,142,160,125,176,224,314
2017_2,방학로5길,3894,1933,1961,563,516,568,560,657,1030,295,266,305,288,315,464,268,250,263,272,342,566
2017_2,방학로15길,3908,1935,1973,830,526,459,725,679,689,416,289,234,324,335,337,414,237,225,401,344,352
2017_2,방학로10길,1965,970,995,283,284,252,329,377,440,144,158,141,154,181,192,139,126,111,175,196,248
2017_2,도봉산길,1760,904,856,188,223,225,265,324,535,101,118,120,151,162,252,87,105,105,114,162,283
2017_2,도봉산4길,385,205,180,20,55,49,49,83,129,12,29,31,32,44,57,8,26,18,17,39,72
2017_2,도봉로181길,2041,1022,1019,272,247,269,290,346,617,139,131,156,150,168,278,133,116,113,140,178,339
2017_2,도봉로169나길,3051,1544,1507,328,329,435,441,562,956,168,171,237,235,281,452,160,158,198,206,281,504
2017_2,도봉로156길,1433,774,659,149,172,178,221,289,424,69,97,100,132,163,213,80,75,78,89,126,211
2017_2,도봉로152가길,716,379,337,65,87,88,78,164,234,36,49,54,44,91,105,29,38,34,34,73,129
2017_2,도봉로147길,3592,1776,1816,443,494,448,553,695,959,235,237,233,295,352,424,208,257,215,258,343,535
2017_2,도봉로143길,1834,913,921,225,266,239,270,356,478,119,134,123,137,172,228,106,132,116,133,184,250
2017_2,도봉로114길,5033,2428,2605,497,783,761,839,896,1257,236,384,403,433,431,541,261,399,358,406,465,716
2017_2,도봉로109길,2676,1320,1356,368,351,458,421,400,678,185,183,235,212,197,308,183,168,223,209,203,370
2017_2,도당로29길,2948,1486,1462,336,417,338,502,515,840,179,206,179,256,268,398,157,211,159,246,247,442
2017_2,도당로19길,3987,2058,1929,547,515,465,704,675,1081,275,275,249,374,379,506,272,240,216,330,296,575
2017_2,도당로13바길,3554,1825,1729,553,495,470,572,647,817,296,287,262,284,325,371,257,208,208,288,322,446
2017_2,도당로13가길,1783,918,865,192,259,225,271,364,472,111,135,126,143,186,217,81,124,99,128,178,255
2017_2,덕릉로60길,2724,1337,1387,410,401,367,427,468,651,214,203,197,205,224,294,196,198,170,222,244,357
2017_2,노해로63다길,1913,958,955,277,263,295,296,340,442,155,128,145,144,162,224,122,135,150,152,178,218
2017_2,노해로60길,1845,912,933,181,347,344,261,308,404,98,155,180,143,144,192,83,192,164,118,164,212
2017_2,한천로140길,1707,822,885,155,304,303,244,285,416,84,147,161,126,123,181,71,157,142,118,162,235
2017_2,한천로139가길,1562,729,833,131,297,260,225,239,410,56,141,136,110,106,180,75,156,124,115,133,230
2017_2,한천로132길,1807,908,899,191,292,334,306,292,392,100,141,178,159,139,191,91,151,156,147,153,201
2017_2,한천로130길,3152,1566,1586,435,446,449,537,545,740,242,230,219,272,280,323,193,216,230,265,265,417
2017_2,한천로124나길,2152,1070,1082,249,308,320,359,348,568,130,146,168,200,189,237,119,162,152,159,159,331
2017_2,한천로109길,3029,1463,1566,559,403,413,507,504,643,298,198,192,249,229,297,261,205,221,258,275,346
2017_2,인수봉로79길,2756,1403,1353,376,331,356,446,497,750,191,178,200,229,248,357,185,153,156,217,249,393
2017_2,인수봉로72길,4191,2003,2188,601,590,579,595,730,1096,291,303,307,278,338,486,310,287,272,317,392,610
2017_2,인수봉로56길,1907,901,1006,285,264,251,315,311,481,140,139,125,161,125,211,145,125,126,154,186,270
2017_2,오패산로67길,2096,1029,1067,177,365,399,375,329,451,89,169,206,193,160,212,88,196,193,182,169,239
2017_2,오패산로52길,2963,1455,1508,380,413,381,470,482,837,204,217,208,245,208,373,176,196,173,225,274,464
2017_2,오패산로30길,1411,703,708,206,173,203,223,215,391,106,95,106,119,101,176,100,78,97,104,114,215
2017_2,수유로12길,3349,1647,1702,365,593,589,486,511,805,189,277,321,252,240,368,176,316,268,234,271,437
2017_2,솔샘로65길,2921,1440,1481,371,422,433,455,532,708,185,205,237,229,250,334,186,217,196,226,282,374
2017_2,솔매로50길,2143,1037,1106,297,319,301,374,335,517,156,146,157,188,158,232,141,173,144,186,177,285
2017_2,솔매로45길,2096,1013,1083,238,331,299,323,374,531,133,150,146,155,194,235,105,181,153,168,180,296
2017_2,솔매로41길,3396,1660,1736,394,509,460,518,639,876,205,255,258,258,298,386,189,254,202,260,341,490
2017_2,삼양로93길,3121,1541,1580,462,421,389,504,537,808,239,213,214,250,252,373,223,208,175,254,285,435
2017_2,삼양로77길,3282,1664,1618,461,425,478,494,549,875,242,241,252,262,267,400,219,184,226,232,282,475
2017_2,삼양로54길,3730,1823,1907,461,513,556,567,672,961,236,245,290,293,342,417,225,268,266,274,330,544
2017_2,삼양로41길,4437,2232,2205,523,584,517,683,827,1303,279,307,283,359,437,567,244,277,234,324,390,736
2017_2,삼양로27길,1393,683,710,325,150,241,303,181,193,165,84,115,153,87,79,160,66,126,150,94,114
2017_2,삼양로24길,3362,1696,1666,338,369,413,508,637,1097,169,200,237,267,321,502,169,169,176,241,316,595
2017_2,삼양로20길,2204,1121,1083,256,341,225,343,431,608,132,198,128,176,214,273,124,143,97,167,217,335
2017_2,삼각산로28길,3849,1894,1955,441,627,677,560,671,873,232,321,371,264,312,394,209,306,306,296,359,479
2017_2,도봉로99길,2281,1127,1154,241,383,379,339,410,529,124,213,205,166,197,222,117,170,174,173,213,307
2017_2,도봉로8길,249,125,124,21,23,41,54,44,66,10,11,23,34,23,24,11,12,18,20,21,42
2017_2,도봉로76길,3549,1638,1911,335,712,606,491,575,830,140,263,314,261,282,378,195,449,292,230,293,452
2017_2,도봉로67길,1667,806,861,197,217,251,222,286,494,105,99,130,114,132,226,92,118,121,108,154,268
2017_2,도봉로45길,3400,1641,1759,429,479,551,562,554,825,219,212,294,291,244,381,210,267,257,271,310,444
2017_2,도봉로18길,3095,1548,1547,365,389,440,490,571,840,191,194,257,250,275,381,174,195,183,240,296,459
2017_2,도봉로13길,1753,869,884,189,239,239,245,348,493,94,132,137,117,171,218,95,107,102,128,177,275
2017_2,덕릉로41길,2376,1135,1241,209,472,412,352,363,568,102,216,223,177,165,252,107,256,189,175,198,316
2017_2,덕릉로40길,2060,1032,1028,307,268,305,339,363,478,166,115,149,192,181,229,141,153,156,147,182,249
2017_2,노해로33길,2520,1220,1300,308,351,351,378,441,691,162,194,189,178,206,291,146,157,162,200,235,400
2017_2,노해로23길,1380,669,711,207,186,212,240,227,308,100,93,119,122,97,138,107,93,93,118,130,170
2017_2,노해로17길,2743,1369,1374,352,415,405,453,460,658,182,214,216,241,221,295,170,201,189,212,239,363
2017_2,화랑로40길,2097,1088,1009,245,272,320,378,378,504,134,139,174,197,200,244,111,133,146,181,178,260
2017_2,화랑로32길,3479,1734,1745,418,530,446,583,586,916,235,266,228,313,291,401,183,264,218,270,295,515
2017_2,화랑로1길,2759,1395,1364,378,306,402,461,456,756,192,162,212,259,235,335,186,144,190,202,221,421
2017_2,화랑로19길,2419,1230,1189,324,315,289,387,459,645,160,179,157,201,235,298,164,136,132,186,224,347
2017_2,화랑로14길,1416,712,704,164,303,194,207,242,306,85,159,104,116,120,128,79,144,90,91,122,178
2017_2,화랑로13길,1212,535,677,137,319,182,154,169,251,62,104,100,78,85,106,75,215,82,76,84,145
2017_2,한천로76길,1837,916,921,213,294,282,282,325,441,105,152,146,149,152,212,108,142,136,133,173,229
2017_2,한천로101가길,1625,820,805,333,164,209,328,246,345,150,94,106,166,137,167,183,70,103,162,109,178
2017_2,창경궁로43길,1352,595,757,136,335,264,191,182,244,66,148,103,91,92,95,70,187,161,100,90,149
2017_2,지봉로20길,2728,1386,1342,309,491,462,439,424,603,161,254,260,230,204,277,148,237,202,209,220,326
2017_2,종암로5길,2508,1379,1129,267,741,431,296,273,500,126,468,267,150,139,229,141,273,164,146,134,271
2017_2,종암로24가길,2186,1093,1093,377,253,394,357,326,479,200,137,202,188,161,205,177,116,192,169,165,274
2017_2,종암로21길,1720,830,890,318,251,255,308,257,331,153,127,122,158,124,146,165,124,133,150,133,185
2017_2,종암로19길,1746,851,895,247,269,258,284,278,410,121,144,133,138,131,184,126,125,125,146,147,226
2017_2,종암로16길,3429,1649,1780,388,449,400,497,588,1107,232,227,201,226,299,464,156,222,199,271,289,643
2017_2,정릉로8길,1771,916,855,206,344,283,218,274,446,107,191,160,120,144,194,99,153,123,98,130,252
2017_2,정릉로27길,3657,1811,1846,586,451,526,586,561,947,311,250,283,283,274,410,275,201,243,303,287,537
2017_2,정릉로26길,1864,915,949,284,193,251,338,305,493,159,101,110,174,154,217,125,92,141,164,151,276
2017_2,장위로50길,2296,1183,1113,242,311,279,350,432,682,116,152,154,194,228,339,126,159,125,156,204,343
2017_2,장월로1길,2084,969,1115,224,458,273,291,316,522,105,170,147,161,159,227,119,288,126,130,157,295
2017_2,인촌로6길,1011,498,513,156,141,181,177,141,215,74,79,81,91,74,99,82,62,100,86,67,116
2017_2,인촌로5길,1510,664,846,144,468,260,195,172,271,74,166,123,95,84,122,70,302,137,100,88,149
2017_2,인촌로24길,672,390,282,47,251,114,60,79,121,26,136,79,37,47,65,21,115,35,23,32,56
2017_2,개운사길,1098,562,536,86,592,140,75,67,138,42,311,83,38,32,56,44,281,57,37,35,82
2017_2,인촌로1길,1169,582,587,105,255,194,174,172,269,53,114,103,104,90,118,52,141,91,70,82,151
2017_2,인촌로17가길,1650,803,847,165,523,244,241,177,300,91,270,109,111,93,129,74,253,135,130,84,171
2017_2,오패산로4길,3041,1470,1571,365,581,438,436,476,745,164,241,235,244,244,342,201,340,203,192,232,403
2017_2,오패산로3길,3512,1746,1766,487,440,463,518,593,1011,241,235,251,283,276,460,246,205,212,235,317,551
2017_2,오패산로19길,1739,865,874,189,215,230,267,326,512,101,114,114,147,165,224,88,101,116,120,161,288
2017_2,안암로5길,2218,1115,1103,245,435,388,358,342,450,122,231,212,182,175,193,123,204,176,176,167,257
2017_2,아리랑로4길,3043,1341,1702,294,844,593,366,343,603,144,334,275,167,162,259,150,510,318,199,181,344
2017_2,솔샘로6길,1891,929,962,270,288,266,271,305,491,134,148,146,138,158,205,136,140,120,133,147,286
2017_2,성북로8길,1605,799,806,266,251,222,292,256,318,141,140,106,142,128,142,125,111,116,150,128,176
2017_2,삼양로8길,1149,572,577,120,148,140,169,196,376,57,83,84,90,101,157,63,65,56,79,95,219
2017_2,삼선교로16가길,1947,990,957,277,292,277,319,325,457,146,163,158,166,158,199,131,129,119,153,167,258
2017_2,삼선교로10다길,2299,1155,1144,245,409,349,351,374,571,128,225,182,186,182,252,117,184,167,165,192,319
2017_2,삼선교로10길,2368,1108,1260,283,468,401,335,346,535,145,224,199,162,142,236,138,244,202,173,204,299
2017_2,보문로32길,1262,443,819,85,462,306,135,105,169,36,101,128,63,44,71,49,361,178,72,61,98
2017_2,보문로31길,2993,1385,1608,372,646,530,455,396,594,203,272,252,226,189,243,169,374,278,229,207,351
2017_2,보문로26길,1267,602,665,114,352,224,172,161,244,55,168,122,79,83,95,59,184,102,93,78,149
2017_2,보문로13길,2542,1237,1305,269,404,391,440,428,610,140,194,213,215,199,276,129,210,178,225,229,334
2017_2,보국문로16길,3045,1497,1548,481,417,452,516,473,706,251,215,230,267,221,313,230,202,222,249,252,393
2017_2,동소문로6길,296,140,156,31,40,37,41,52,95,16,20,18,22,26,38,15,20,19,19,26,57
2017_2,동소문로2길,401,207,194,35,64,50,65,66,121,20,29,33,35,35,55,15,35,17,30,31,66
2017_2,동소문로26가길,2334,937,1397,168,671,410,327,243,515,71,203,168,172,105,218,97,468,242,155,138,297
2017_2,동소문로15길,1164,497,667,140,277,216,181,133,217,73,92,100,87,60,85,67,185,116,94,73,132
2017_2,동소문로13길,2873,1322,1551,471,518,422,457,435,570,234,227,198,203,211,249,237,291,224,254,224,321
2017_2,돌곶이로8길,1384,712,672,166,181,168,193,280,396,91,95,94,109,147,176,75,86,74,84,133,220
2017_2,돌곶이로41길,1980,1005,975,309,253,269,328,341,480,171,130,151,160,174,219,138,123,118,168,167,261
2017_2,돌곶이로28길,1937,1042,895,217,266,267,320,354,513,123,136,149,188,192,254,94,130,118,132,162,259
2017_2,돌곶이로27길,3196,1614,1582,395,404,393,519,597,888,210,206,219,261,313,405,185,198,174,258,284,483
2017_2,돌곶이로22길,1169,580,589,156,175,172,169,218,279,76,87,96,83,105,133,80,88,76,86,113,146
2017_2,돌곶이로14길,1390,688,702,195,181,168,232,260,354,102,79,85,124,136,162,93,102,83,108,124,192
2017_2,길음로7길,307,159,148,18,25,32,42,55,135,8,13,18,24,32,64,10,12,14,18,23,71
2017_2,중랑천로10길,2670,1366,1304,333,356,414,460,478,629,177,170,238,249,251,281,156,186,176,211,227,348
2017_2,용마산로94길,3368,1747,1621,436,485,448,538,668,793,219,261,254,297,335,381,217,224,194,241,333,412
2017_2,용마산로118길,2044,1089,955,184,246,250,321,458,585,98,125,153,178,254,281,86,121,97,143,204,304
2017_2,용마산로112길,2711,1367,1344,375,368,357,389,536,686,193,186,185,194,277,332,182,182,172,195,259,354
2017_2,용마산로100길,3168,1618,1550,510,436,440,523,571,688,257,231,235,256,316,323,253,205,205,267,255,365
2017_2,신내로7가길,2668,1306,1362,586,322,428,485,406,441,301,166,214,228,207,190,285,156,214,257,199,251
2017_2,사가정로54길,3133,1536,1597,337,488,559,505,512,732,181,233,298,271,233,320,156,255,261,234,279,412
2017_2,사가정로42길,3285,1622,1663,511,445,464,510,594,761,259,226,236,260,284,357,252,219,228,250,310,404
2017_2,봉화산로56길,4791,2342,2449,858,649,683,790,808,1003,432,348,350,397,366,449,426,301,333,393,442,554
2017_2,봉화산로4길,4603,2439,2164,462,595,681,736,950,1179,259,311,386,401,520,562,203,284,295,335,430,617
2017_2,봉화산로30길,3131,1565,1566,432,451,557,453,543,695,216,230,299,228,278,314,216,221,258,225,265,381
2017_2,봉우재로33길,2061,1028,1033,197,337,388,279,376,484,96,169,209,150,181,223,101,168,179,129,195,261
2017_2,면목로78길,5426,2705,2721,676,808,873,841,971,1257,343,412,477,437,473,563,333,396,396,404,498,694
2017_2,면목로56길,2889,1464,1425,338,461,398,489,573,630,177,250,217,260,272,288,161,211,181,229,301,342
2017_2,면목로55길,2003,1001,1002,303,274,306,360,369,391,147,139,159,180,187,189,156,135,147,180,182,202
2017_2,면목로49길,2923,1451,1472,311,372,514,499,514,713,177,167,268,273,251,315,134,205,246,226,263,398
2017_2,면목로48길,3428,1665,1763,412,575,581,545,609,706,213,263,306,285,291,307,199,312,275,260,318,399
2017_2,면목로45길,1504,763,741,148,242,257,246,253,358,68,125,135,141,137,157,80,117,122,105,116,201
2017_2,면목로33길,2745,1389,1356,438,369,378,488,454,618,235,182,200,252,239,281,203,187,178,236,215,337
2017_2,면목로21길,1883,949,934,265,261,303,312,331,411,140,144,144,170,165,186,125,117,159,142,166,225
2017_2,망우로73길,1536,791,745,197,228,169,261,269,412,96,124,99,134,134,204,101,104,70,127,135,208
2017_2,망우로68길,2404,1269,1135,308,356,313,375,496,556,165,214,169,194,246,281,143,142,144,181,250,275
2017_2,동일로163길,3725,1873,1852,469,573,701,565,665,752,240,272,397,271,340,353,229,301,304,294,325,399
2017_2,동일로157길,2556,1249,1307,260,411,469,401,429,586,128,183,253,225,205,255,132,228,216,176,224,331
2017_2,동일로149길,2824,1410,1414,446,381,470,451,487,589,246,175,252,230,245,262,200,206,218,221,242,327
2017_2,동일로140길,2399,1246,1153,315,361,421,329,444,529,178,200,225,179,223,241,137,161,196,150,221,288
2017_2,동일로139길,2915,1489,1426,262,376,366,466,640,805,135,172,205,248,346,383,127,204,161,218,294,422
2017_2,동일로139가길,1863,959,904,252,276,262,297,366,410,140,146,134,169,181,189,112,130,128,128,185,221
2017_2,동일로130길,3492,1667,1825,495,548,592,479,632,746,228,282,297,237,288,335,267,266,295,242,344,411
2017_2,동일로123길,2650,1345,1305,289,371,337,404,576,673,162,202,166,208,298,309,127,169,171,196,278,364
2017_2,동일로112길,4456,2197,2259,438,818,893,654,733,920,232,388,455,348,345,429,206,430,438,306,388,491
2017_2,동일로101길,3136,1553,1583,497,406,402,576,584,671,218,201,214,303,305,312,279,205,188,273,279,359
2017_2,동일로100길,5416,2761,2655,711,795,886,802,1012,1210,384,400,494,408,509,566,327,395,392,394,503,644
2017_2,답십리로75길,1934,954,980,275,297,300,318,362,382,146,133,166,155,186,168,129,164,134,163,176,214
2017_2,공릉로2길,4686,2264,2422,590,694,853,728,712,1109,293,344,416,379,326,506,297,350,437,349,386,603
2017_2,공릉로12가길,1232,617,615,239,163,167,218,213,232,129,92,83,104,104,105,110,71,84,114,109,127
2017_2,겸재로54길,5152,2587,2565,670,824,868,844,949,997,347,429,452,425,479,455,323,395,416,419,470,542
2017_2,겸재로36길,4268,2129,2139,474,598,672,735,763,1026,244,284,350,364,397,490,230,314,322,371,366,536
2017_2,겸재로29길,2305,1170,1135,244,372,378,364,425,522,126,180,192,199,232,241,118,192,186,165,193,281
2017_2,휘경로3길,3616,1814,1802,354,692,573,566,586,845,177,356,322,308,289,362,177,336,251,258,297,483
2017_2,휘경로2길,1328,666,662,124,358,212,177,174,283,60,170,128,97,88,123,64,188,84,80,86,160
2017_2,휘경로23길,2609,1300,1309,242,313,351,466,457,780,112,178,201,254,233,322,130,135,150,212,224,458
2017_2,휘경로14길,2067,1066,1001,179,306,280,346,390,566,88,164,157,204,203,250,91,142,123,142,187,316
2017_2,한천로46길,2461,1207,1254,465,282,323,463,383,545,240,134,174,221,194,244,225,148,149,242,189,301
2017_2,한천로40길,1812,908,904,206,230,207,299,355,515,98,120,107,158,194,231,108,110,100,141,161,284
2017_2,한천로33길,787,385,402,123,111,101,135,149,168,58,50,52,71,73,81,65,61,49,64,76,87
2017_2,한천로14길,3258,1701,1557,349,406,431,546,669,857,171,216,231,310,366,407,178,190,200,236,303,450
2017_2,천호대로97길,2873,1464,1409,446,442,544,469,422,550,229,230,271,247,210,277,217,212,273,222,212,273
2017_2,천호대로77길,2384,1234,1150,329,356,401,366,433,499,183,187,210,197,209,248,146,169,191,169,224,251
2017_2,천호대로45길,2497,1309,1188,223,348,330,326,469,801,121,194,196,188,238,372,102,154,134,138,231,429
2017_2,천호대로17길,2860,1433,1427,250,593,605,427,421,564,117,270,345,235,217,249,133,323,260,192,204,315
2017_2,천호대로12길,737,392,345,73,86,71,101,151,255,37,43,41,69,86,116,36,43,30,32,65,139
2017_2,천장산로7길,1413,728,685,120,762,176,98,90,167,55,418,90,48,41,76,65,344,86,50,49,91
2017_2,제기로5길,1061,576,485,79,189,181,151,164,297,43,103,115,91,92,132,36,86,66,60,72,165
2017_2,제기로21길,3342,1698,1644,317,348,364,452,589,1272,148,192,222,242,313,581,169,156,142,210,276,691
2017_2,전농로4길,1536,803,733,130,183,160,274,309,480,81,98,85,152,168,219,49,85,75,122,141,261
2017_2,전농로3길,1881,933,948,260,256,229,306,332,498,135,127,118,152,178,223,125,129,111,154,154,275
2017_2,전농로29길,2137,1056,1081,277,312,243,342,393,570,134,177,134,172,202,237,143,135,109,170,191,333
2017_2,장한로8길,2287,1143,1144,331,331,424,353,378,470,181,161,216,183,173,229,150,170,208,170,205,241
2017_2,장한로5길,2101,1060,1041,317,295,378,320,335,456,168,149,199,166,165,213,149,146,179,154,170,243
2017_2,장한로27길,1034,552,482,119,137,164,176,195,243,66,70,102,99,94,121,53,67,62,77,101,122
2017_2,장한로27가길,1097,559,538,152,139,141,167,192,306,76,74,74,86,107,142,76,65,67,81,85,164
2017_2,장한로26길,2685,1331,1354,503,268,434,504,384,592,265,141,210,258,183,274,238,127,224,246,201,318
2017_2,장한로26가길,1272,627,645,175,199,257,193,176,272,78,98,133,102,80,136,97,101,124,91,96,136
2017_2,장한로25길,725,367,358,98,109,125,125,132,136,58,56,66,58,66,63,40,53,59,67,66,73
2017_2,장한로14길,1478,744,734,250,177,240,248,205,358,131,97,122,131,100,163,119,80,118,117,105,195
2017_2,이문로42길,3636,1859,1777,448,585,510,551,607,935,223,304,298,286,320,428,225,281,212,265,287,507
2017_2,왕산로43길,3485,1768,1717,368,388,507,523,642,1057,179,220,278,296,338,457,189,168,229,227,304,600
2017_2,왕산로33길,533,268,265,33,58,58,62,98,224,13,31,29,35,53,107,20,27,29,27,45,117
2017_2,왕산로32길,1076,555,521,84,173,143,153,200,323,43,86,71,93,102,160,41,87,72,60,98,163
2017_2,약령시로17길,1551,805,746,122,184,199,192,287,567,72,99,113,115,154,252,50,85,86,77,133,315
2017_2,서울시립대로4길,2255,1144,1111,370,286,365,394,333,507,194,144,182,210,181,233,176,142,183,184,152,274
2017_2,서울시립대로29길,4418,2253,2165,503,1154,666,492,583,1020,255,632,389,258,270,449,248,522,277,234,313,571
2017_2,서울시립대로16길,3529,1736,1793,477,544,400,574,686,848,247,268,228,283,337,373,230,276,172,291,349,475
2017_2,사가정로2길,1943,983,960,277,258,315,340,320,433,138,141,160,181,173,190,139,117,155,159,147,243
2017_2,사가정로23가길,1742,872,870,244,259,276,248,343,372,128,126,158,120,168,172,116,133,118,128,175,200
2017_2,사가정로13길,2005,995,1010,220,253,258,284,413,577,117,137,141,141,200,259,103,116,117,143,213,318
2017_2,무학로45길,2037,1118,919,210,441,321,272,328,465,109,272,204,149,169,215,101,169,117,123,159,250
2017_2,무학로16길,1202,609,593,155,160,174,173,226,314,77,88,96,93,113,142,78,72,78,80,113,172
2017_2,망우로21길,571,302,269,68,79,76,72,103,173,40,44,39,40,52,87,28,35,37,32,51,86
2017_2,망우로18길,1483,724,759,174,452,233,184,163,277,76,233,124,95,79,117,98,219,109,89,84,160
2017_2,망우로18가길,2623,1355,1268,255,838,345,309,328,548,135,460,205,159,147,249,120,378,140,150,181,299
2017_2,답십리로72길,1286,649,637,184,194,240,213,206,249,98,97,115,116,98,125,86,97,125,97,108,124
2017_2,답십리로69길,1957,1026,931,350,224,322,326,301,434,185,130,164,180,154,213,165,94,158,146,147,221
2017_2,답십리로68길,3384,1726,1658,417,496,756,553,595,567,224,253,408,277,285,279,193,243,348,276,310,288
2017_2,답십리로64길,2974,1463,1511,418,384,462,495,544,671,205,200,244,253,258,303,213,184,218,242,286,368
2017_2,답십리로63길,1499,759,740,186,220,202,235,274,382,83,122,118,125,140,171,103,98,84,110,134,211
2017_2,답십리로60길,1999,1020,979,247,303,240,304,380,525,128,157,131,157,205,242,119,146,109,147,175,283
2017_2,답십리로56길,3881,1926,1955,480,507,514,617,699,1064,234,289,263,330,341,469,246,218,251,287,358,595
2017_2,답십리로23길,2212,1092,1120,298,346,324,336,377,531,165,178,161,161,188,239,133,168,163,175,189,292
2017_2,난계로30길,255,152,103,34,32,37,45,40,67,20,16,23,28,22,43,14,16,14,17,18,24
2017_2,경희대로4길,1266,635,631,134,407,181,156,144,244,60,210,101,78,73,113,74,197,80,78,71,131
2017_2,경희대로3길,601,290,311,42,240,105,54,61,99,20,109,58,26,32,45,22,131,47,28,29,54
2017_2,천호대로129길,3413,1639,1774,530,517,579,549,551,687,275,254,281,265,256,308,255,263,298,284,295,379
2017_2,천호대로123길,3102,1511,1591,461,490,537,485,560,569,244,247,257,239,272,252,217,243,280,246,288,317
2017_2,천호대로109길,3533,1699,1834,425,619,744,538,552,655,225,282,359,258,262,313,200,337,385,280,290,342
2017_2,자양번영로3길,4087,2063,2024,652,630,605,668,730,802,334,338,313,335,372,371,318,292,292,333,358,431
2017_2,자양로53길,2748,1329,1419,410,375,447,399,499,618,211,178,218,191,240,291,199,197,229,208,259,327
2017_2,자양로50길,4608,2260,2348,698,629,734,724,786,1037,369,332,387,350,357,465,329,297,347,374,429,572
2017_2,자양로45길,2676,1280,1396,353,399,477,426,455,566,188,184,223,210,212,263,165,215,254,216,243,303
2017_2,자양로26길,3103,1450,1653,405,594,573,556,479,496,204,254,270,271,228,223,201,340,303,285,251,273
2017_2,자양로15길,1941,926,1015,249,339,328,304,298,423,128,165,142,157,148,186,121,174,186,147,150,237
2017_2,자양로11길,3946,1919,2027,431,619,742,622,691,841,216,296,397,305,330,375,215,323,345,317,361,466
2017_2,용마산로3길,3847,1867,1980,642,592,786,592,585,650,332,309,369,287,275,295,310,283,417,305,310,355
2017_2,용마산로21길,5348,2668,2680,737,859,928,840,975,1009,368,449,489,414,471,477,369,410,439,426,504,532
2017_2,아차산로78길,1774,850,924,292,257,324,279,286,336,157,128,150,125,133,157,135,129,174,154,153,179
2017_2,아차산로65길,2919,1409,1510,556,417,473,534,437,502,273,214,237,256,204,225,283,203,236,278,233,277
2017_2,아차산로55길,2977,1400,1577,284,602,678,433,410,570,147,286,338,217,171,241,137,316,340,216,239,329
2017_2,아차산로51길,1701,794,907,189,376,397,229,251,259,95,169,188,103,120,119,94,207,209,126,131,140
2017_2,아차산로40길,3146,1566,1580,409,602,545,498,490,602,226,290,282,255,242,271,183,312,263,243,248,331
2017_2,면목로17길,4136,2095,2041,457,596,727,620,787,949,222,319,397,317,401,439,235,277,330,303,386,510
2017_2,뚝섬로64길,2969,1497,1472,425,474,490,450,516,614,236,224,276,222,244,295,189,250,214,228,272,319
2017_2,뚝섬로58길,3488,1672,1816,617,504,617,603,523,624,308,247,304,284,241,288,309,257,313,319,282,336
2017_2,뚝섬로54길,3586,1754,1832,647,512,678,640,553,556,333,254,339,308,262,258,314,258,339,332,291,298
2017_2,뚝섬로48길,3572,1732,1840,522,528,674,612,555,681,254,273,318,314,268,305,268,255,356,298,287,376
2017_2,뚝섬로24길,3022,1534,1488,340,424,499,482,580,697,168,224,284,246,293,319,172,200,215,236,287,378
2017_2,뚝섬로23길,2101,1019,1082,219,295,356,319,386,526,101,155,178,171,180,234,118,140,178,148,206,292
2017_2,동일로24길,2997,1458,1539,267,870,639,401,349,471,137,381,335,206,180,219,130,489,304,195,169,252
2017_2,동일로18길,1929,997,932,181,343,358,284,347,416,87,178,190,163,190,189,94,165,168,121,157,227
2017_2,능동로4길,3066,1490,1576,680,413,517,574,489,393,330,212,229,284,240,195,350,201,288,290,249,198
2017_2,능동로3길,3728,1868,1860,378,429,559,554,776,1032,186,223,285,301,395,478,192,206,274,253,381,554
2017_2,능동로34길,5177,2429,2748,640,921,1304,768,616,928,356,384,600,381,294,414,284,537,704,387,322,514
2017_2,능동로19길,2305,1098,1207,117,849,424,240,264,411,52,360,212,142,152,180,65,489,212,98,112,231
2017_2,능동로13길,3707,1769,1938,251,1292,813,390,399,562,140,547,427,199,209,247,111,745,386,191,190,315
2017_2,긴고랑로9길,2086,1044,1042,277,304,341,325,387,452,153,155,177,158,188,213,124,149,164,167,199,239
2017_2,긴고랑로8길,4071,2081,1990,423,655,809,613,710,861,243,322,434,328,356,398,180,333,375,285,354,463
2017_2,긴고랑로7길,4880,2393,2487,713,672,777,867,866,985,368,330,391,442,428,434,345,342,386,425,438,551
2017_2,긴고랑로20길,4202,1999,2203,573,655,770,649,717,838,289,310,383,308,332,377,284,345,387,341,385,461
2017_2,광나루로52길,4387,2121,2266,638,679,840,730,682,818,290,350,432,366,330,353,348,329,408,364,352,465
2017_2,광나루로40길,3761,1855,1906,468,619,745,626,532,771,230,307,385,309,278,346,238,312,360,317,254,425
2017_2,광나루로37길,691,322,369,110,94,102,104,121,160,49,47,52,53,55,66,61,47,50,51,66,94
2017_2,광나루로36길,2645,1266,1379,360,386,473,454,413,559,171,188,224,243,204,236,189,198,249,211,209,323
2017_2,광나루로24길,1250,673,577,90,389,211,157,154,249,49,223,125,92,75,109,41,166,86,65,79,140
2017_2,광나루로12길,2378,1211,1167,140,1128,540,208,177,185,72,516,311,113,105,94,68,612,229,95,72,91
2017_2,한림말길,2165,1029,1136,212,297,357,323,395,581,101,141,177,169,204,237,111,156,180,154,191,344
2017_2,한림말3길,959,443,516,130,137,187,157,117,231,69,54,89,83,49,99,61,83,98,74,68,132
2017_2,청계천로10나길,2732,1396,1336,353,429,371,443,474,662,188,241,200,223,257,287,165,188,171,220,217,375
2017_2,장터길,1942,939,1003,206,257,300,326,314,539,110,130,152,172,149,226,96,127,148,154,165,313
2017_2,용답중앙길,2782,1444,1338,350,422,366,463,510,671,183,224,204,241,271,321,167,198,162,222,239,350
2017_2,용답29길,3219,1636,1583,375,485,502,527,584,746,182,231,263,295,318,347,193,254,239,232,266,399
2017_2,왕십리로6길,2086,1077,1009,297,340,346,372,325,406,154,176,185,195,172,195,143,164,161,177,153,211
2017_2,왕십리로31길,3235,1551,1684,382,554,545,538,506,710,185,243,278,277,251,317,197,311,267,261,255,393
2017_2,왕십리로26길,2906,1478,1428,384,524,449,480,467,602,202,269,230,244,263,270,182,255,219,236,204,332
2017_2,왕십리로21길,2450,1179,1271,325,427,375,401,410,512,160,210,196,193,199,221,165,217,179,208,211,291
2017_2,왕십리로14길,1921,1016,905,247,315,330,302,326,401,148,150,164,161,177,216,99,165,166,141,149,185
2017_2,아차산로5길,2209,1136,1073,287,387,418,329,387,401,160,185,234,171,207,179,127,202,184,158,180,222
2017_2,아차산로15길,404,243,161,5,119,157,62,33,28,2,53,100,46,23,19,3,66,57,16,10,9
2017_2,아차산로11길,384,227,157,44,46,64,76,81,73,22,26,30,53,53,43,22,20,34,23,28,30
2017_2,송정4가길,2742,1480,1262,309,448,395,419,571,600,160,243,217,239,320,301,149,205,178,180,251,299
2017_2,송정12라길,1271,685,586,146,197,177,209,239,303,81,112,93,130,126,143,65,85,84,79,113,160
2017_2,성수일로6길,397,229,168,48,59,52,84,80,74,21,29,26,53,60,40,27,30,26,31,20,34
2017_2,성수이로7길,1348,722,626,117,287,253,186,242,263,56,134,145,106,141,140,61,153,108,80,101,123
2017_2,성수이로18길,272,147,125,40,39,23,52,62,56,19,22,14,28,39,25,21,17,9,24,23,31
2017_2,성덕정길,3316,1727,1589,455,531,426,550,699,655,226,301,232,273,398,297,229,230,194,277,301,358
2017_2,성덕정17길,3644,1927,1717,420,503,519,580,735,887,214,275,274,323,436,405,206,228,245,257,299,482
2017_2,서울숲2길,2299,1165,1134,284,359,425,394,371,466,142,187,223,204,193,216,142,172,202,190,178,250
2017_2,상원길,1215,607,608,142,220,236,218,181,218,74,103,115,119,92,104,68,117,121,99,89,114
2017_2,상원12길,2448,1233,1215,345,401,476,390,412,424,178,193,258,209,208,187,167,208,218,181,204,237
2017_2,사근동길,2388,1335,1053,186,898,304,236,271,493,94,582,182,128,131,218,92,316,122,108,140,275
2017_2,무학봉길,2330,1151,1179,372,378,353,374,364,489,198,193,173,190,179,218,174,185,180,184,185,271
2017_2,무학봉28길,1012,487,525,99,219,146,163,165,220,42,116,70,88,85,86,57,103,76,75,80,134
2017_2,무학로6길,1793,879,914,197,301,298,290,298,409,107,142,143,161,143,183,90,159,155,129,155,226
2017_2,무수막길,2287,1097,1190,279,266,341,412,391,598,138,116,180,212,195,256,141,150,161,200,196,342
2017_2,매봉길,5583,2645,2938,916,723,1486,908,794,756,455,361,675,443,367,344,461,362,811,465,427,412
2017_2,마조로1길,1177,572,605,84,532,206,95,96,164,40,238,114,47,47,86,44,294,92,48,49,78
2017_2,마조로16길,2548,1277,1271,314,369,325,377,458,705,168,180,160,197,245,327,146,189,165,180,213,378
2017_2,마장로39길,973,489,484,185,146,142,160,173,167,95,76,71,80,87,80,90,70,71,80,86,87
2017_2,마장로27길,1916,958,958,248,311,306,284,312,455,134,164,160,146,156,198,114,147,146,138,156,257
2017_2,뚝섬로5길,1869,926,943,278,279,355,341,279,337,140,115,180,169,163,159,138,164,175,172,116,178
2017_2,둘레9길,2982,1593,1389,324,435,410,505,632,676,175,232,218,271,373,324,149,203,192,234,259,352
2017_2,금호산길,3450,1718,1732,493,471,465,572,597,852,273,251,256,268,304,366,220,220,209,304,293,486
2017_2,금호산2길,2327,1150,1177,312,344,296,362,388,625,167,190,156,190,184,263,145,154,140,172,204,362
2017_2,고산자로6길,2999,1542,1457,300,521,375,466,577,760,164,284,200,251,288,355,136,237,175,215,289,405
2017_2,후암로28길,5649,2753,2896,932,692,945,975,867,1238,511,357,478,483,406,518,421,335,467,492,461,720
2017_2,효창원로39길,2959,1400,1559,429,407,567,474,415,667,212,188,273,241,209,277,217,219,294,233,206,390
2017_2,회나무로13길,2290,1021,1269,194,271,367,353,373,732,105,136,170,164,159,287,89,135,197,189,214,445
2017_2,한남대로20길,670,307,363,61,106,160,115,72,156,30,36,82,61,30,68,31,70,78,54,42,88
2017_2,한강대로88길,118,93,25,3,8,10,23,38,36,1,5,6,18,36,27,2,3,4,5,2,9
2017_2,한강대로7길,767,411,356,55,58,115,103,135,301,34,35,66,63,74,139,21,23,49,40,61,162
2017_2,한강대로62길,922,464,458,83,112,149,137,160,281,48,62,75,74,77,128,35,50,74,63,83,153
2017_2,한강대로52길,613,290,323,38,70,116,90,77,222,22,35,59,48,48,78,16,35,57,42,29,144
2017_2,한강대로43길,1380,662,718,105,225,417,211,173,249,51,86,187,115,89,134,54,139,230,96,84,115
2017_2,한강대로15길,498,260,238,39,52,80,71,82,174,22,34,47,40,42,75,17,18,33,31,40,99
2017_2,한강대로104길,2809,1528,1281,301,395,416,444,584,669,166,185,201,276,358,342,135,210,215,168,226,327
2017_2,청파로73길,2730,1408,1322,338,438,423,460,466,605,183,232,240,240,247,266,155,206,183,220,219,339
2017_2,청파로71길,4313,2170,2143,580,788,703,710,675,857,305,408,380,359,330,388,275,380,323,351,345,469
2017_2,청파로47나길,3065,1431,1634,416,699,651,459,355,485,212,252,332,235,181,219,204,447,319,224,174,266
2017_2,청파로47길,1962,631,1331,132,523,286,260,279,482,60,133,124,89,94,131,72,390,162,171,185,351
2017_2,장문로45길,2869,1404,1465,338,429,439,471,486,706,176,242,232,239,212,303,162,187,207,232,274,403
2017_2,이태원로54길,2312,1013,1299,122,231,412,405,398,744,57,93,198,216,176,273,65,138,214,189,222,471
2017_2,이태원로27길,740,355,385,69,105,135,131,97,203,34,51,73,63,46,88,35,54,62,68,51,115
2017_2,이촌로22길,1990,939,1051,215,207,254,331,353,630,107,99,139,173,179,242,108,108,115,158,174,388
2017_2,원효로89길,953,468,485,88,179,148,161,145,232,43,79,81,81,81,103,45,100,67,80,64,129
2017_2,원효로53길,2081,1061,1020,226,300,365,332,302,556,120,165,214,186,145,231,106,135,151,146,157,325
2017_2,원효로41길,1465,693,772,212,163,215,252,215,408,90,84,118,133,96,172,122,79,97,119,119,236
2017_2,원효로19길,1993,981,1012,314,315,318,324,306,416,163,160,155,165,160,178,151,155,163,159,146,238
2017_2,우사단로4길,2408,1197,1211,243,414,391,393,382,585,130,239,216,196,183,233,113,175,175,197,199,352
2017_2,우사단로14길,1353,705,648,128,185,289,247,185,319,67,104,161,137,93,143,61,81,128,110,92,176
2017_2,우사단로10길,2827,1484,1343,256,429,519,461,474,688,144,258,300,265,238,279,112,171,219,196,236,409
2017_2,신흥로20길,2825,1395,1430,390,383,471,451,416,714,220,188,258,230,201,298,170,195,213,221,215,416
2017_2,소월로20길,2346,1134,1212,256,350,409,345,374,612,134,174,215,165,178,268,122,176,194,180,196,344
2017_2,서빙고로71길,2679,1280,1399,328,315,350,445,474,767,160,159,186,232,235,308,168,156,164,213,239,459
2017_2,백범로90길,3874,1863,2011,582,557,1017,660,470,588,293,215,494,343,222,296,289,342,523,317,248,292
2017_2,백범로79길,3989,1894,2095,646,588,758,702,526,769,339,267,376,340,247,325,307,321,382,362,279,444
2017_2,두텁바위로1길,3332,1773,1559,313,478,456,526,573,986,174,253,248,278,329,491,139,225,208,248,244,495
2017_2,대사관로34길,1451,685,766,153,254,277,204,237,326,84,118,141,95,105,142,69,136,136,109,132,184
2017_2,녹사평대로46길,852,431,421,97,145,167,123,111,209,56,86,82,68,55,84,41,59,85,55,56,125
2017_2,녹사평대로40나길,764,363,401,107,110,131,124,89,203,50,49,70,67,42,85,57,61,61,57,47,118
2017_2,녹사평대로32길,517,260,257,40,77,121,68,78,133,24,39,59,40,35,63,16,38,62,28,43,70
2017_2,녹사평대로26길,991,462,529,77,160,206,132,159,257,39,84,105,58,81,95,38,76,101,74,78,162
2017_2,녹사평대로11길,442,224,218,64,48,69,89,63,109,34,26,34,48,36,46,30,22,35,41,27,63
2017_2,퇴계로90길,3480,1742,1738,395,547,405,634,653,846,201,284,210,347,347,353,194,263,195,287,306,493
2017_2,퇴계로8길,1567,809,758,93,142,154,214,269,695,35,67,91,111,146,359,58,75,63,103,123,336
2017_2,퇴계로56길,1186,599,587,110,193,149,171,200,363,60,93,78,102,100,166,50,100,71,69,100,197
2017_2,퇴계로46길,869,434,435,112,184,150,124,102,197,62,89,85,68,47,83,50,95,65,56,55,114
2017_2,퇴계로18길,769,373,396,96,101,140,132,108,192,51,50,76,66,50,80,45,51,64,66,58,112
2017_2,퇴계로12길,929,447,482,93,105,116,166,141,308,51,56,65,87,64,124,42,49,51,79,77,184
2017_2,청구로1길,2085,992,1093,245,299,242,364,386,549,120,147,125,182,206,212,125,152,117,182,180,337
2017_2,청구로17길,1780,896,884,218,288,289,267,300,418,112,144,157,136,152,195,106,144,132,131,148,223
2017_2,장충단로8길,1532,767,765,177,281,232,245,238,359,92,150,116,135,117,157,85,131,116,110,121,202
2017_2,삼일대로4길,117,68,49,34,14,24,27,8,10,21,6,14,16,5,6,13,8,10,11,3,4
2017_2,명동길,563,49,514,1,14,62,117,108,261,0,3,10,9,15,12,1,11,52,108,93,249
2017_2,동호로8길,703,327,376,86,139,128,106,102,142,38,64,63,56,48,58,48,75,65,50,54,84
2017_2,동호로20길,2239,1030,1209,315,383,350,394,339,458,149,184,170,185,147,195,166,199,180,209,192,263
2017_2,동호로15길,1964,953,1011,206,277,262,324,330,565,117,140,125,166,171,234,89,137,137,158,159,331
2017_2,동호로11길,4803,2357,2446,619,759,809,821,725,1070,337,401,433,392,343,451,282,358,376,429,382,619
2017_2,동호로10길,2054,1004,1050,229,413,408,311,314,379,129,197,187,152,163,176,100,216,221,159,151,203
2017_2,다산로39길,867,480,387,54,104,88,132,230,259,19,61,56,78,138,128,35,43,32,54,92,131
2017_2,다산로38길,1452,702,750,192,232,241,229,246,312,91,120,117,114,129,131,101,112,124,115,117,181
2017_2,다산로36길,2236,1109,1127,266,311,304,386,431,538,145,152,161,202,228,221,121,159,143,184,203,317
2017_2,다산로33길,3785,1931,1854,406,639,525,641,688,886,204,345,306,345,353,378,202,294,219,296,335,508
2017_2,난계로21길,822,426,396,70,175,196,96,114,171,38,89,106,49,69,75,32,86,90,47,45,96
2017_2,난계로11길,3287,1550,1737,289,699,689,506,502,602,135,277,326,259,266,287,154,422,363,247,236,315
2017_2,필운대로1길,714,327,387,132,88,89,155,96,154,63,38,43,64,54,65,69,50,46,91,42,89
2017_2,평창길,1873,935,938,319,381,211,235,270,457,192,197,110,104,124,208,127,184,101,131,146,249
2017_2,통일로12길,946,439,507,118,107,121,198,124,278,61,46,56,101,62,113,57,61,65,97,62,165
2017_2,창신길,2458,1246,1212,312,368,293,437,496,552,154,190,167,224,261,250,158,178,126,213,235,302
2017_2,창신5길,1402,741,661,118,177,133,237,302,435,61,107,73,124,171,205,57,70,60,113,131,230
2017_2,창신2길,868,449,419,80,106,104,131,200,247,45,53,62,76,100,113,35,53,42,55,100,134
2017_2,창경궁로35길,931,418,513,74,178,125,161,133,260,38,84,57,80,60,99,36,94,68,81,73,161
2017_2,지봉로8길,2423,1216,1207,254,341,309,414,449,656,132,174,170,227,217,296,122,167,139,187,232,360
2017_2,종로65길,3908,2006,1902,371,507,499,655,836,1040,187,257,274,338,448,502,184,250,225,317,388,538
2017_2,종로58가길,473,242,231,22,137,123,59,52,80,7,60,63,38,29,45,15,77,60,21,23,35
2017_2,종로24길,48,36,12,2,1,6,7,9,23,0,1,5,7,8,15,2,0,1,0,1,8
2017_2,자하문로7길,725,334,391,115,91,109,116,93,201,68,46,48,51,38,83,47,45,61,65,55,118
2017_2,이화장길,1704,834,870,206,376,321,230,241,330,105,173,168,107,126,155,101,203,153,123,115,175
2017_2,율곡로16길,493,278,215,51,74,87,84,78,119,37,45,54,51,39,52,14,29,33,33,39,67
2017_2,율곡로10길,290,167,123,14,27,34,54,55,106,8,14,22,38,33,52,6,13,12,16,22,54
2017_2,옥인길,2524,1122,1402,456,292,440,505,340,491,219,139,195,223,147,199,237,153,245,282,193,292
2017_2,숭인동길,933,488,445,88,131,108,147,180,279,49,76,61,76,105,121,39,55,47,71,75,158
2017_2,성균관로5길,995,487,508,83,334,166,122,115,175,46,163,92,61,55,70,37,171,74,61,60,105
2017_2,삼청로5길,733,329,404,76,80,101,96,122,258,33,33,48,46,56,113,43,47,53,50,66,145
2017_2,북촌로5나길,724,344,380,105,91,109,125,115,179,62,48,50,62,43,79,43,43,59,63,72,100
2017_2,북촌로5길,473,218,255,67,59,57,65,73,152,39,20,25,38,34,62,28,39,32,27,39,90
2017_2,북촌로11길,692,326,366,72,78,80,110,126,226,43,38,41,59,56,89,29,40,39,51,70,137
2017_2,백석동길,1744,851,893,250,246,260,313,295,380,129,145,125,144,132,176,121,101,135,169,163,204
2017_2,명륜길,1475,758,717,139,477,196,160,173,330,75,263,116,90,79,135,64,214,80,70,94,195
2017_2,돈화문로11가길,1095,617,478,95,158,184,200,179,279,52,92,117,116,108,132,43,66,67,84,71,147
2017_2,난계로27길,767,346,421,16,342,244,63,34,68,8,115,120,34,27,42,8,227,124,29,7,26
2017_2,계동길,1855,862,993,262,222,263,325,289,494,118,101,140,150,138,215,144,121,123,175,151,279
2017_1,강남 마이스 관광특구,19,11,8,6,1,1,3,4,4,3,0,1,1,3,3,3,1,0,2,1,1
2017_1,잠실 관광특구,8977,4405,4572,1157,1341,1898,1294,1529,1758,606,650,873,647,733,896,551,691,1025,647,796,862
2017_1,종로·청계 관광특구,2750,1678,1072,140,298,291,377,678,966,71,180,183,246,451,547,69,118,108,131,227,419
2017_1,동대문패션타운 관광특구,2509,1294,1215,236,374,486,387,487,539,117,176,243,218,256,284,119,198,243,169,231,255
2017_1,명동 남대문 북창동 다동 무교동 관광특구,1299,496,803,24,67,157,228,303,520,8,34,76,79,128,171,16,33,81,149,175,349
2017_1,이태원 관광특구,6948,3306,3642,592,943,1351,1101,1131,1830,291,464,694,566,528,763,301,479,657,535,603,1067
2017_1,길동복조리시장,3337,1637,1700,536,449,557,510,556,729,294,220,278,259,241,345,242,229,279,251,315,384
2017_1,둔촌역전통시장,626,318,308,106,86,93,112,118,111,54,61,38,50,63,52,52,25,55,62,55,59
2017_1,성내골목시장,1038,533,505,119,152,186,154,196,231,55,80,104,80,102,112,64,72,82,74,94,119
2017_1,천호시장,145,77,68,3,8,16,29,37,52,1,5,5,19,25,22,2,3,11,10,12,30
2017_1,동서울시장,229,109,120,14,16,26,41,51,81,4,6,12,27,24,36,10,10,14,14,27,45
2017_1,고분다리골목시장,376,200,176,50,46,49,62,89,80,25,24,25,38,52,36,25,22,24,24,37,44
2017_1,양지골목시장,765,391,374,136,107,142,140,116,124,65,60,76,77,56,57,71,47,66,63,60,67
2017_1,암사종합시장,943,481,462,93,160,209,138,165,178,48,90,114,69,77,83,45,70,95,69,88,95
2017_1,고덕전통시장,339,166,173,38,40,49,56,69,87,23,25,24,25,36,33,15,15,25,31,33,54
2017_1,명일골목시장,2051,1016,1035,460,259,290,385,310,347,246,131,133,197,148,161,214,128,157,188,162,186
2017_1,새마을시장,2358,1162,1196,239,391,444,336,403,545,127,191,225,186,189,244,112,200,219,150,214,301
2017_1,석촌시장,811,410,401,112,138,116,145,149,151,58,65,57,79,81,70,54,73,59,66,68,81
2017_1,방이시장,5392,2597,2795,773,893,1115,829,876,906,414,415,563,413,385,407,359,478,552,416,491,499
2017_1,마천시장,1042,546,496,146,136,125,160,202,273,68,78,61,93,112,134,78,58,64,67,90,139
2017_1,풍납시장,2747,1365,1382,313,376,427,438,501,692,148,198,230,229,236,324,165,178,197,209,265,368
2017_1,강남개포시장,5,3,2,1,1,0,1,1,1,1,1,0,0,1,0,0,0,0,1,0,1
2017_1,도곡시장,250,110,140,69,30,35,67,26,23,39,10,11,29,13,8,30,20,24,38,13,15
2017_1,청담삼익시장,158,76,82,21,23,16,18,28,52,12,9,8,8,14,25,9,14,8,10,14,27
2017_1,논현종합시장,91,35,56,12,7,19,17,6,30,3,3,6,6,3,14,9,4,13,11,3,16
2017_1,영동전통시장,1259,580,679,119,228,327,220,156,209,58,100,148,117,65,92,61,128,179,103,91,117
2017_1,강남시장_강남,294,142,152,43,35,63,40,36,77,23,17,32,19,18,33,20,18,31,21,18,44
2017_1,양재시장,78,41,37,9,14,9,17,9,20,6,6,4,8,7,10,3,8,5,9,2,10
2017_1,남부종합시장,188,89,99,44,19,17,43,23,42,24,8,7,21,10,19,20,11,10,22,13,23
2017_1,우림시장,82,37,45,8,7,22,8,12,25,5,3,8,5,2,14,3,4,14,3,10,11
2017_1,미성동도깨비시장,693,326,367,82,80,85,131,109,206,38,35,43,72,52,86,44,45,42,59,57,120
2017_1,신신림시장,74,33,41,13,5,10,13,6,27,4,2,3,9,4,11,9,3,7,4,2,16
2017_1,삼성동시장,189,109,80,10,19,21,26,37,76,7,14,14,17,18,39,3,5,7,9,19,37
2017_1,신림중앙시장,69,33,36,8,21,19,8,6,7,3,10,9,4,2,5,5,11,10,4,4,2
2017_1,강남골목시장,565,283,282,53,106,130,75,91,110,22,50,74,44,48,45,31,56,56,31,43,65
2017_1,신림종합시장,3,2,1,0,0,0,2,0,1,0,0,0,1,0,1,0,0,0,1,0,0
2017_1,관악신사시장,2151,1099,1052,246,352,345,371,370,467,130,173,194,199,199,204,116,179,151,172,171,263
2017_1,신원시장,412,230,182,41,77,56,56,73,109,22,46,30,32,45,55,19,31,26,24,28,54
2017_1,인헌시장,1413,710,703,116,254,307,215,204,317,66,117,160,113,111,143,50,137,147,102,93,174
2017_1,봉천중앙시장,336,151,185,21,130,90,41,28,26,7,50,41,25,14,14,14,80,49,16,14,12
2017_1,봉천현대시장,14,5,9,1,2,0,2,5,4,1,1,0,1,2,0,0,1,0,1,3,4
2017_1,봉일시장,102,43,59,6,38,23,4,17,14,2,15,9,2,9,6,4,23,14,2,8,8
2017_1,봉천제일종합시장,384,178,206,27,75,59,63,67,93,14,27,32,28,37,40,13,48,27,35,30,53
2017_1,낙성대시장,684,333,351,52,251,155,81,61,84,21,117,82,48,27,38,31,134,73,33,34,46
2017_1,중부시장,580,285,295,50,144,114,74,64,134,26,62,59,44,35,59,24,82,55,30,29,75
2017_1,사당시장,15,10,5,2,4,0,4,4,1,1,3,0,2,3,1,1,1,0,2,1,0
2017_1,남성역골목시장,545,239,306,56,94,92,78,71,154,28,39,38,33,34,67,28,55,54,45,37,87
2017_1,남성사계시장,611,304,307,33,111,107,82,98,180,21,38,58,54,52,81,12,73,49,28,46,99
2017_1,흑석시장,1000,464,536,148,163,138,163,137,251,76,82,67,80,60,99,72,81,71,83,77,152
2017_1,상도4동도깨비골목시장,2029,987,1042,202,267,305,324,343,588,100,139,168,165,164,251,102,128,137,159,179,337
2017_1,성대시장,133,65,68,13,36,15,19,29,21,8,16,7,8,17,9,5,20,8,11,12,12
2017_1,영도시장,64,31,33,1,10,8,9,15,21,1,5,3,7,7,8,0,5,5,2,8,13
2017_1,상도전통시장,1629,787,842,159,296,282,232,228,432,91,145,142,120,113,176,68,151,140,112,115,256
2017_1,강남시장_동작,155,70,85,14,30,29,20,24,38,9,14,11,10,11,15,5,16,18,10,13,23
2017_1,신노량진시장,23,12,11,1,3,2,5,7,5,0,1,1,1,6,3,1,2,1,4,1,2
2017_1,본동인정시장,466,253,213,43,80,86,70,76,111,22,53,52,44,42,40,21,27,34,26,34,71
2017_1,노량진중앙시장,169,95,74,8,58,30,17,20,36,3,36,19,10,13,14,5,22,11,7,7,22
2017_1,대림중앙시장,447,217,230,45,43,48,77,86,148,29,25,26,34,38,65,16,18,22,43,48,83
2017_1,우리시장,382,190,192,44,55,39,60,68,116,22,29,20,32,34,53,22,26,19,28,34,63
2017_1,영진시장A동,136,72,64,24,14,20,18,17,43,11,8,13,8,9,23,13,6,7,10,8,20
2017_1,사러가시장,108,49,59,12,11,13,21,14,37,7,6,7,10,5,14,5,5,6,11,9,23
2017_1,대신시장,216,97,119,36,24,23,36,38,59,14,14,9,19,16,25,22,10,14,17,22,34
2017_1,양남시장,1,1,0,0,0,0,0,1,0,0,0,0,0,1,0,0,0,0,0,0,0
2017_1,영일시장,733,371,362,79,112,162,111,94,175,35,55,95,63,49,74,44,57,67,48,45,101
2017_1,도림시장,62,31,31,5,14,10,9,7,17,2,10,6,5,3,5,3,4,4,4,4,12
2017_1,영등포청과시장,286,162,124,27,38,31,39,64,87,16,22,19,24,42,39,11,16,12,15,22,48
2017_1,영등포전통시장,2247,1335,912,96,318,414,357,456,606,58,142,223,254,320,338,38,176,191,103,136,268
2017_1,은행나무시장,434,215,219,70,40,67,80,70,107,38,19,41,37,33,47,32,21,26,43,37,60
2017_1,박미시장,289,158,131,26,20,33,60,54,96,20,8,21,26,35,48,6,12,12,34,19,48
2017_1,현대시장,2421,1164,1257,280,377,312,348,464,640,142,176,159,170,221,296,138,201,153,178,243,344
2017_1,대명시장,7,6,1,0,1,1,0,2,3,0,1,1,0,2,2,0,0,0,0,0,1
2017_1,푸른터시장,30,18,12,7,0,10,5,1,7,5,0,6,3,1,3,2,0,4,2,0,4
2017_1,남문시장,1581,787,794,195,205,196,265,372,348,86,104,115,122,202,158,109,101,81,143,170,190
2017_1,독산동 우시장,93,45,48,2,36,21,15,9,10,0,11,14,10,5,5,2,25,7,5,4,5
2017_1,오류시장,161,85,76,11,14,19,24,29,64,6,9,10,18,17,25,5,5,9,6,12,39
2017_1,개봉중앙시장,408,188,220,74,66,64,63,68,73,37,28,39,24,29,31,37,38,25,39,39,42
2017_1,고척근린시장,650,321,329,86,78,83,98,117,188,45,39,47,50,59,81,41,39,36,48,58,107
2017_1,가리봉시장,305,161,144,24,44,23,41,72,101,10,25,14,22,43,47,14,19,9,19,29,54
2017_1,남구로시장,734,416,318,85,65,89,139,149,207,40,30,55,91,95,105,45,35,34,48,54,102
2017_1,구로시장,140,75,65,15,15,14,25,35,36,5,7,9,14,25,15,10,8,5,11,10,21
2017_1,공항시장,164,62,102,1,90,38,16,14,5,1,24,13,9,11,4,0,66,25,7,3,1
2017_1,방신전통시장,912,463,449,94,103,107,171,186,251,40,51,59,94,96,123,54,52,48,77,90,128
2017_1,송화골목시장,598,293,305,111,86,89,113,85,114,58,37,40,54,46,58,53,49,49,59,39,56
2017_1,까치산시장,1064,476,588,141,145,214,162,149,253,73,53,109,81,62,98,68,92,105,81,87,155
2017_1,화곡본동시장,358,159,199,47,62,78,51,40,80,26,22,37,20,17,37,21,40,41,31,23,43
2017_1,남부골목시장,2017,959,1058,256,269,348,293,354,497,132,138,162,157,161,209,124,131,186,136,193,288
2017_1,화곡중앙골목시장,1089,527,562,188,153,199,173,176,200,87,73,107,86,85,89,101,80,92,87,91,111
2017_1,신월중앙시장,81,48,33,15,12,22,11,8,13,9,8,11,7,5,8,6,4,11,4,3,5
2017_1,등마루시장,3,2,1,0,0,0,1,1,1,0,0,0,1,1,0,0,0,0,0,0,1
2017_1,신정3동골목시장,484,261,223,38,57,55,84,93,157,20,31,21,61,61,67,18,26,34,23,32,90
2017_1,신정2동골목시장,495,249,246,76,64,76,95,60,124,36,36,38,51,32,56,40,28,38,44,28,68
2017_1,신정제일시장,190,82,108,26,22,18,23,43,58,5,9,6,14,22,26,21,13,12,9,21,32
2017_1,신월7동골목시장,136,64,72,16,29,20,19,26,26,9,14,9,12,9,11,7,15,11,7,17,15
2017_1,신월6동골목시장,171,94,77,17,17,15,33,37,52,12,12,9,17,20,24,5,5,6,16,17,28
2017_1,신곡종합시장,109,51,58,13,13,20,15,17,31,7,4,10,10,8,12,6,9,10,5,9,19
2017_1,신월3동골목시장,455,250,205,57,52,64,74,94,114,34,28,36,43,57,52,23,24,28,31,37,62
2017_1,경창시장,371,182,189,62,43,49,59,57,101,33,21,24,33,29,42,29,22,25,26,28,59
2017_1,월정로시장,1706,880,826,254,202,233,273,320,424,131,100,131,147,176,195,123,102,102,126,144,229
2017_1,신영시장,1298,613,685,195,147,176,229,249,302,76,68,82,123,124,140,119,79,94,106,125,162
2017_1,목4동시장,1171,576,595,199,195,138,210,213,216,104,114,65,96,100,97,95,81,73,114,113,119
2017_1,목3동시장,1256,642,614,168,216,253,200,197,222,84,109,149,104,100,96,84,107,104,96,97,126
2017_1,목2동시장,1098,558,540,89,149,201,147,201,311,45,65,118,72,107,151,44,84,83,75,94,160
2017_1,동진시장,36,18,18,7,4,11,3,4,7,3,3,4,1,2,5,4,1,7,2,2,2
2017_1,망원월드컵시장,856,405,451,149,121,155,153,117,161,76,55,71,77,48,78,73,66,84,76,69,83
2017_1,망원시장,2069,986,1083,230,276,413,353,308,489,130,128,197,187,140,204,100,148,216,166,168,285
2017_1,합정시장,86,32,54,12,10,21,9,11,23,4,4,9,4,3,8,8,6,12,5,8,15
2017_1,영진시장,213,96,117,18,29,41,31,35,59,11,15,17,14,14,25,7,14,24,17,21,34
2017_1,서교시장,36,27,9,1,10,12,2,6,5,1,7,11,1,4,3,0,3,1,1,2,2
2017_1,신수시장,73,35,38,10,8,12,5,15,23,4,3,6,2,8,12,6,5,6,3,7,11
2017_1,아현시장,441,213,228,65,52,55,84,58,127,35,27,29,41,30,51,30,25,26,43,28,76
2017_1,마포시장,14,6,8,3,0,0,3,2,6,1,0,0,1,2,2,2,0,0,2,0,4
2017_1,공덕시장,10,7,3,0,3,0,2,4,1,0,2,0,1,3,1,0,1,0,1,1,0
2017_1,백련시장,145,67,78,14,11,28,19,28,45,9,7,11,10,14,16,5,4,17,9,14,29
2017_1,모래내시장,459,240,219,27,40,43,56,100,193,12,23,29,33,62,81,15,17,14,23,38,112
2017_1,포방터시장,499,246,253,66,61,60,80,88,144,35,34,32,38,52,55,31,27,28,42,36,89
2017_1,인왕시장,315,161,154,34,41,35,50,60,95,18,18,25,29,34,37,16,23,10,21,26,58
2017_1,아현가구거리상점가,140,72,68,15,26,19,21,24,35,10,18,10,8,11,15,5,8,9,13,13,20
2017_1,영천시장,404,195,209,39,50,44,72,77,122,15,24,29,38,41,48,24,26,15,34,36,74
2017_1,수일시장,120,57,63,2,13,7,14,29,55,1,6,6,9,11,24,1,7,1,5,18,31
2017_1,증산종합시장,151,69,82,20,17,17,29,32,36,7,6,10,15,12,19,13,11,7,14,20,17
2017_1,대림골목시장,660,325,335,100,59,78,106,128,189,54,28,41,52,70,80,46,31,37,54,58,109
2017_1,신응암시장,213,118,95,35,27,44,34,28,45,21,16,28,19,14,20,14,11,16,15,14,25
2017_1,녹번시장,33,17,16,7,3,0,11,1,11,4,2,0,4,1,6,3,1,0,7,0,5
2017_1,대조시장,497,242,255,74,63,91,90,75,104,35,32,51,45,35,44,39,31,40,45,40,60
2017_1,역촌중앙시장,11,7,4,0,1,0,2,4,4,0,1,0,0,4,2,0,0,0,2,0,2
2017_1,갈현시장,66,33,33,7,14,12,1,21,11,3,9,7,1,8,5,4,5,5,0,13,6
2017_1,연서시장,274,129,145,25,34,42,28,54,91,11,15,21,18,25,39,14,19,21,10,29,52
2017_1,상계중앙시장,1918,914,1004,248,281,220,311,397,461,122,136,117,151,181,207,126,145,103,160,216,254
2017_1,공릉동도깨비시장,1295,647,648,153,250,231,157,229,275,68,115,131,79,121,133,85,135,100,78,108,142
2017_1,방학동도깨비시장,1083,544,539,143,158,111,197,203,271,76,97,58,104,93,116,67,61,53,93,110,155
2017_1,쌍문역골목시장,753,385,368,75,104,126,109,123,216,37,61,66,57,62,102,38,43,60,52,61,114
2017_1,백운시장,355,170,185,54,43,45,62,59,92,27,19,24,33,33,34,27,24,21,29,26,58
2017_1,신도봉시장,196,101,95,24,35,19,31,41,46,8,19,13,11,25,25,16,16,6,20,16,21
2017_1,창동골목시장,1292,646,646,164,165,171,214,215,363,89,88,85,116,112,156,75,77,86,98,103,207
2017_1,창동신창시장,2224,1070,1154,339,326,335,376,407,441,157,169,156,190,196,202,182,157,179,186,211,239
2017_1,수유북부시장,67,34,33,4,6,12,7,8,30,3,4,6,6,3,12,1,2,6,1,5,18
2017_1,장미원골목시장,1273,616,657,203,162,200,188,205,315,113,79,113,87,93,131,90,83,87,101,112,184
2017_1,수유중앙시장,49,30,19,3,14,2,5,16,9,3,8,2,5,9,3,0,6,0,0,7,6
2017_1,강북종합시장,755,383,372,72,113,102,120,147,201,37,48,52,68,85,93,35,65,50,52,62,108
2017_1,우이시장,1544,776,768,231,202,193,274,257,387,118,114,107,136,136,165,113,88,86,138,121,222
2017_1,수유전통시장,632,310,322,73,93,99,86,115,166,38,49,47,44,55,77,35,44,52,42,60,89
2017_1,번동북부골목시장,1035,489,546,168,127,176,187,141,236,80,54,85,101,60,109,88,73,91,86,81,127
2017_1,솔샘시장,165,80,85,20,24,17,27,27,50,12,13,7,16,12,20,8,11,10,11,15,30
2017_1,숭인시장,247,123,124,25,26,43,44,51,58,12,10,23,21,31,26,13,16,20,23,20,32
2017_1,방천골목시장,1523,745,778,164,217,225,248,292,377,82,107,121,128,144,163,82,110,104,120,148,214
2017_1,동북시장,38,19,19,5,4,5,2,4,18,1,2,3,1,2,10,4,2,2,1,2,8
2017_1,석관황금시장,1951,996,955,230,283,234,346,360,498,116,156,118,193,182,231,114,127,116,153,178,267
2017_1,석관시장,180,108,72,22,25,19,37,39,38,16,15,10,27,24,16,6,10,9,10,15,22
2017_1,새석관시장,88,41,47,7,15,7,10,16,33,5,3,5,8,9,11,2,12,2,2,7,22
2017_1,번동시장,30,18,12,7,2,3,4,6,8,5,1,2,2,3,5,2,1,1,2,3,3
2017_1,장위전통시장,1622,799,823,228,224,196,258,289,427,122,117,105,140,127,188,106,107,91,118,162,239
2017_1,밤나무골시장,244,117,127,38,17,36,41,44,68,18,10,20,20,22,27,20,7,16,21,22,41
2017_1,길음시장,11,10,1,0,2,2,5,2,0,0,2,2,5,1,0,0,0,0,0,1,0
2017_1,정릉시장,1319,679,640,152,248,197,180,211,331,88,140,112,95,93,151,64,108,85,85,118,180
2017_1,정릉아리랑시장,1054,513,541,193,117,184,197,158,205,99,61,97,104,69,83,94,56,87,93,89,122
2017_1,돈암제일시장,242,112,130,19,49,37,20,34,83,8,27,22,12,15,28,11,22,15,8,19,55
2017_1,유영시장,117,56,61,25,12,15,28,10,27,14,7,6,12,5,12,11,5,9,16,5,15
2017_1,우림골목시장,2181,1134,1047,256,279,304,337,444,561,130,152,177,182,229,264,126,127,127,155,215,297
2017_1,묵1동도깨비시장,982,500,482,151,144,136,176,146,229,85,80,68,86,72,109,66,64,68,90,74,120
2017_1,태능시장,981,489,492,138,132,133,159,199,220,62,72,76,82,93,104,76,60,57,77,106,116
2017_1,중화제일시장,1869,948,921,256,275,250,333,349,406,124,147,140,173,173,191,132,128,110,160,176,215
2017_1,사가정시장,1988,1001,987,225,325,286,307,342,503,110,171,163,150,175,232,115,154,123,157,167,271
2017_1,면목골목시장,1389,722,667,176,187,207,254,241,324,98,97,125,134,127,141,78,90,82,120,114,183
2017_1,동원시장,2189,1095,1094,281,308,336,318,425,521,146,163,180,163,217,226,135,145,156,155,208,295
2017_1,동부골목시장,1533,794,739,174,288,318,208,260,285,79,147,183,109,150,126,95,141,135,99,110,159
2017_1,이문제일시장,72,31,41,12,5,9,13,15,18,3,2,5,6,9,6,9,3,4,7,6,12
2017_1,이경시장,246,125,121,27,35,28,33,48,75,15,19,11,19,27,34,12,16,17,14,21,41
2017_1,회기시장,1149,510,639,75,443,192,121,101,217,30,183,102,53,48,94,45,260,90,68,53,123
2017_1,청량리청과물시장,63,43,20,0,1,4,13,20,25,0,1,2,10,15,15,0,0,2,3,5,10
2017_1,전곡시장,232,116,116,36,26,23,50,38,59,17,15,13,26,17,28,19,11,10,24,21,31
2017_1,답십리시장,461,220,241,65,59,66,86,78,107,30,27,33,45,38,47,35,32,33,41,40,60
2017_1,답십리현대시장,346,173,173,38,32,44,51,56,125,20,15,27,32,28,51,18,17,17,19,28,74
2017_1,전농로터리시장,95,60,35,5,9,12,16,22,31,4,6,10,10,13,17,1,3,2,6,9,14
2017_1,청량리종합시장,117,65,52,5,9,19,10,27,47,3,5,11,7,14,25,2,4,8,3,13,22
2017_1,청량리전통시장,172,131,41,3,10,13,14,51,81,2,9,6,13,44,57,1,1,7,1,7,24
2017_1,청량리농수산물시장,179,87,92,34,29,22,18,35,41,23,15,10,5,16,18,11,14,12,13,19,23
2017_1,서울약령시장,2176,1186,990,146,305,287,329,399,710,89,184,167,199,215,332,57,121,120,130,184,378
2017_1,동서시장,2,2,0,0,0,0,1,1,0,0,0,0,1,1,0,0,0,0,0,0,0
2017_1,경동시장,13,8,5,0,0,0,2,3,8,0,0,0,2,3,3,0,0,0,0,0,5
2017_1,청량리수산시장,482,256,226,34,83,84,68,74,139,18,36,48,44,41,69,16,47,36,24,33,70
2017_1,용두시장,19,13,6,0,2,2,5,1,9,0,1,2,4,1,5,0,1,0,1,0,4
2017_1,동부청과시장,2,2,0,0,0,1,0,0,1,0,0,1,0,0,1,0,0,0,0,0,0
2017_1,구의시장,148,76,72,19,19,20,23,23,44,8,9,13,13,10,23,11,10,7,10,13,21
2017_1,조양시장,76,31,45,3,35,9,3,7,19,2,14,4,0,4,7,1,21,5,3,3,12
2017_1,영동교골목시장,1268,646,622,127,179,162,236,226,338,69,91,88,127,123,148,58,88,74,109,103,190
2017_1,능동로골목시장,407,208,199,48,62,47,56,86,108,25,29,23,28,47,56,23,33,24,28,39,52
2017_1,노룬산골목시장,335,177,158,27,42,42,48,87,89,19,26,23,26,49,34,8,16,19,22,38,55
2017_1,자양종합시장,61,33,28,14,7,12,8,13,7,6,3,8,5,6,5,8,4,4,3,7,2
2017_1,자양골목시장,2003,976,1027,273,318,357,325,360,370,136,157,181,163,171,168,137,161,176,162,189,202
2017_1,신성골목시장,101,45,56,14,14,10,17,18,28,7,7,5,8,5,13,7,7,5,9,13,15
2017_1,면곡골목시장,477,243,234,70,63,74,82,85,103,40,28,35,46,46,48,30,35,39,36,39,55
2017_1,중곡제일시장,862,431,431,122,112,138,125,173,192,64,54,79,55,87,92,58,58,59,70,86,100
2017_1,화양제일골목시장,938,413,525,59,347,217,92,100,123,31,126,104,51,48,53,28,221,113,41,52,70
2017_1,한아름시장,13,6,7,0,4,3,2,1,3,0,1,1,1,1,2,0,3,2,1,0,1
2017_1,성동용답상가시장,2076,1042,1034,265,305,299,349,394,464,132,155,156,185,203,211,133,150,143,164,191,253
2017_1,뚝도시장,600,316,284,69,75,68,101,134,153,36,47,41,52,72,68,33,28,27,49,62,85
2017_1,금남시장,249,128,121,19,22,37,37,44,90,11,12,21,24,23,37,8,10,16,13,21,53
2017_1,행당시장,1510,770,740,168,276,226,220,282,338,82,131,131,113,151,162,86,145,95,107,131,176
2017_1,마장축산물시장,357,202,155,41,37,44,57,63,115,27,25,24,33,40,53,14,12,20,24,23,62
2017_1,보광시장,7,3,4,0,0,1,1,0,5,0,0,1,0,0,2,0,0,0,1,0,3
2017_1,이태원제일시장,41,19,22,3,7,6,7,6,12,2,2,3,5,2,5,1,5,3,2,4,7
2017_1,이태원시장,62,30,32,11,4,10,9,10,18,5,0,5,7,4,9,6,4,5,2,6,9
2017_1,이촌종합시장,96,55,41,8,14,13,14,20,27,3,9,9,7,11,16,5,5,4,7,9,11
2017_1,용문전통시장,425,209,216,41,75,68,58,68,115,20,40,44,31,32,42,21,35,24,27,36,73
2017_1,만리시장,30,19,11,0,2,1,4,12,11,0,1,1,3,8,6,0,1,0,1,4,5
2017_1,신흥시장,134,69,65,10,17,18,9,28,52,3,9,9,6,18,24,7,8,9,3,10,28
2017_1,후암시장,289,146,143,21,51,35,36,63,83,11,26,21,24,27,37,10,25,14,12,36,46
2017_1,합동(새벽)시장,75,53,22,4,5,11,13,19,23,2,1,7,12,15,16,2,4,4,1,4,7
2017_1,서울중앙시장,1123,597,526,101,123,134,150,218,397,57,70,81,84,121,184,44,53,53,66,97,213
2017_1,백학시장,890,465,425,89,108,126,134,176,257,41,67,69,76,94,118,48,41,57,58,82,139
2017_1,약수시장,1034,497,537,128,167,145,177,148,269,67,77,65,97,75,116,61,90,80,80,73,153
2017_1,청평화시장,1,1,0,0,0,0,1,0,0,0,0,0,1,0,0,0,0,0,0,0,0
2017_1,동평화시장,60,26,34,3,8,6,7,21,15,2,4,1,5,8,6,1,4,5,2,13,9
2017_1,방산종합시장,305,198,107,21,38,34,49,61,102,12,22,23,33,41,67,9,16,11,16,20,35
2017_1,평화시장,1,1,0,0,0,0,0,0,1,0,0,0,0,0,1,0,0,0,0,0,0
2017_1,인현시장,151,86,65,10,23,11,19,38,50,5,13,6,12,23,27,5,10,5,7,15,23
2017_1,신중부시장,277,182,95,11,16,25,43,74,108,9,8,14,28,57,66,2,8,11,15,17,42
2017_1,남대문시장,83,48,35,1,5,9,12,23,33,1,4,5,8,15,15,0,1,4,4,8,18
2017_1,신설종합시장,17,12,5,0,1,1,2,4,9,0,1,1,2,3,5,0,0,0,0,1,4
2017_1,동묘시장,827,462,365,51,190,120,104,139,223,22,84,69,66,94,127,29,106,51,38,45,96
2017_1,창신골목시장,434,229,205,43,49,44,72,84,142,21,35,27,40,46,60,22,14,17,32,38,82
2017_1,동문시장,73,37,36,6,6,13,14,13,21,2,4,8,4,8,11,4,2,5,10,5,10
2017_1,충신시장,172,87,85,20,23,11,35,36,47,9,12,6,18,21,21,11,11,5,17,15,26
2017_1,종로신진시장,119,78,41,2,13,7,21,34,42,1,9,6,17,24,21,1,4,1,4,10,21
2017_1,동대문종합시장,3,3,0,0,0,0,1,2,0,0,0,0,1,2,0,0,0,0,0,0,0
2017_1,광장시장,52,24,28,2,4,1,5,15,25,2,2,0,1,10,9,0,2,1,4,5,16
2017_1,통인시장,791,374,417,115,96,114,124,124,218,68,42,52,62,55,95,47,54,62,62,69,123
2017_1,서울 노원구 노원역_3,244,152,92,14,46,29,53,42,60,6,19,19,32,32,44,8,27,10,21,10,16
2017_1,서울 노원구 노원역_2,33,28,5,0,4,3,8,10,8,0,1,3,8,9,7,0,3,0,0,1,1
2017_1,서울 노원구 노원역_1,690,309,381,120,92,102,114,123,139,49,51,44,50,55,60,71,41,58,64,68,79
2017_1,창동역,404,262,142,16,99,71,81,74,63,6,42,43,64,58,49,10,57,28,17,16,14
2017_1,서울 강북구 수유역_3,703,378,325,52,138,131,102,122,158,29,57,66,57,78,91,23,81,65,45,44,67
2017_1,등나무근린공원 주변,205,95,110,38,18,55,58,21,15,18,8,30,26,9,4,20,10,25,32,12,11
2017_1,서울 강북구 수유역_2,2079,1047,1032,135,371,380,354,331,508,69,169,206,188,186,229,66,202,174,166,145,279
2017_1,서울 강북구 수유역_1,812,403,409,86,170,173,128,120,135,49,66,84,76,66,62,37,104,89,52,54,73
2017_1,서울 은평구 연신내역_3,82,52,30,5,22,5,18,16,16,2,13,4,10,12,11,3,9,1,8,4,5
2017_1,서울 은평구 연신내역_2,1190,607,583,133,221,253,190,172,221,74,106,141,106,85,95,59,115,112,84,87,126
2017_1,서울 은평구 연신내역_1,256,111,145,27,57,55,35,47,35,17,21,16,16,24,17,10,36,39,19,23,18
2017_1,서울 성북구 미아삼거리역_2,491,269,222,30,88,67,52,109,145,16,56,34,33,58,72,14,32,33,19,51,73
2017_1,서울 강북구 미아삼거리역_1,394,229,165,22,37,50,81,87,117,16,28,28,52,43,62,6,9,22,29,44,55
2017_1,서울 은평구 불광역_3,789,350,439,62,240,265,89,65,68,36,75,134,44,31,30,26,165,131,45,34,38
2017_1,서울 은평구 불광역_2,673,340,333,47,175,140,88,97,126,23,82,76,50,48,61,24,93,64,38,49,65
2017_1,서울 은평구 불광역_1,577,274,303,41,111,113,68,92,152,21,45,62,32,42,72,20,66,51,36,50,80
2017_1,미아사거리_2,111,56,55,9,17,14,15,22,34,4,10,9,8,13,12,5,7,5,7,9,22
2017_1,미아사거리_1,950,463,487,150,163,170,169,144,154,86,62,79,86,69,81,64,101,91,83,75,73
2017_1,서울 성북구 성신여대입구역,1091,505,586,80,307,217,159,150,178,41,121,96,83,77,87,39,186,121,76,73,91
2017_1,경희대학교,406,190,216,38,133,69,47,42,77,18,55,36,26,20,35,20,78,33,21,22,42
2017_1,서울 성북구 안암역,404,183,221,30,175,55,29,42,73,14,73,25,19,20,32,16,102,30,10,22,41
2017_1,혜화역 대학로_3,680,307,373,50,231,118,78,73,130,23,97,57,38,36,56,27,134,61,40,37,74
2017_1,혜화역 대학로_2,816,395,421,83,299,162,81,69,122,41,137,81,51,32,53,42,162,81,30,37,69
2017_1,혜화역 대학로_1,543,241,302,56,132,107,74,69,105,26,56,50,34,33,42,30,76,57,40,36,63
2017_1,디지털미디어시티,1055,496,559,224,212,201,217,137,64,110,80,92,109,75,30,114,132,109,108,62,34
2017_1,서울 동대문구 청량리역,2964,1505,1459,356,408,400,401,527,872,159,200,207,218,280,441,197,208,193,183,247,431
2017_1,서울 종로구 경복궁역_2,306,142,164,40,38,68,44,43,73,21,21,34,16,17,33,19,17,34,28,26,40
2017_1,서울 종로구 안국역_2,293,138,155,37,37,26,49,58,86,19,20,12,19,28,40,18,17,14,30,30,46
2017_1,서울 종로구 안국역_1,125,57,68,16,7,21,20,18,43,9,4,8,11,13,12,7,3,13,9,5,31
2017_1,서울 종로구 경복궁역_1,689,319,370,78,95,104,119,114,179,38,43,52,56,53,77,40,52,52,63,61,102
2017_1,서울 종로구 종로3가역_3,157,117,40,9,12,8,26,53,49,5,8,5,19,43,37,4,4,3,7,10,12
2017_1,서울 종로구 종로3가역_2,2508,1705,803,69,105,145,311,689,1189,42,75,91,235,538,724,27,30,54,76,151,465
2017_1,서울 동대문구 신설동역_2,337,211,126,12,76,74,52,49,74,8,34,37,40,37,55,4,42,37,12,12,19
2017_1,인사동,807,441,366,74,78,108,121,137,289,44,43,58,73,78,145,30,35,50,48,59,144
2017_1,서울 종로구 종로5가역_4,285,161,124,20,35,37,40,57,96,13,17,25,27,34,45,7,18,12,13,23,51
2017_1,서울 종로구 종로5가역_3,818,502,316,48,53,90,134,183,310,29,28,54,89,127,175,19,25,36,45,56,135
2017_1,종로구청,556,305,251,42,84,75,91,118,146,25,45,45,48,66,76,17,39,30,43,52,70
2017_1,서울 종로구 종로5가역_2,1970,981,989,247,407,365,259,278,414,119,197,182,133,143,207,128,210,183,126,135,207
2017_1,신설동역,349,207,142,11,105,70,52,49,62,5,39,42,36,39,46,6,66,28,16,10,16
2017_1,서울 동대문구 신설동역_1,167,121,46,4,18,32,11,39,63,2,7,20,10,32,50,2,11,12,1,7,13
2017_1,서울 종로구 광화문역_2,2349,1058,1291,353,252,450,374,329,591,178,107,185,162,161,265,175,145,265,212,168,326
2017_1,동묘앞역,915,461,454,134,124,126,142,174,215,75,64,62,79,86,95,59,60,64,63,88,120
2017_1,장안동사거리,3634,1829,1805,440,623,953,604,472,542,231,287,508,313,231,259,209,336,445,291,241,283
2017_1,서울 종로구 동대문역_2,662,422,240,26,61,72,76,190,237,11,33,53,53,131,141,15,28,19,23,59,96
2017_1,서울 종로구 동대문역_1,136,71,65,18,19,14,22,27,36,8,7,7,14,14,21,10,12,7,8,13,15
2017_1,동대문시장_2,36,19,17,1,2,6,4,8,15,0,0,2,3,5,9,1,2,4,1,3,6
2017_1,서울 종로구 종로5가역_1,25,6,19,0,0,0,3,5,17,0,0,0,2,0,4,0,0,0,1,5,13
2017_1,서울 종로구 종로3가역_1,167,132,35,4,37,13,23,43,47,2,32,9,21,33,35,2,5,4,2,10,12
2017_1,서울 종로구 광화문역_1,10,8,2,1,0,0,4,2,3,0,0,0,3,2,3,1,0,0,1,0,0
2017_1,종각역,3,1,2,0,0,1,0,2,0,0,0,0,0,1,0,0,0,1,0,1,0
2017_1,종각역 젊음의 거리,113,78,35,5,28,21,13,22,24,2,22,16,8,13,17,3,6,5,5,9,7
2017_1,서대문구 서대문역_1,118,86,32,6,3,8,18,37,46,1,2,6,15,31,31,5,1,2,3,6,15
2017_1,동대문시장_1,35,22,13,1,1,7,3,11,12,1,0,4,3,8,6,0,1,3,0,3,6
2017_1,시청역_2,224,112,112,37,22,74,45,24,22,18,11,37,20,14,12,19,11,37,25,10,10
2017_1,서울시청,91,56,35,8,1,14,11,23,34,5,1,8,6,12,24,3,0,6,5,11,10
2017_1,서울 중구 을지로3가역_2,556,374,182,15,34,35,69,138,265,8,18,23,50,108,167,7,16,12,19,30,98
2017_1,서울 중구 신당역_2,325,169,156,20,73,61,51,59,61,11,27,30,31,36,34,9,46,31,20,23,27
2017_1,서대문구 서대문역_2,881,427,454,71,187,191,128,148,156,34,67,103,72,84,67,37,120,88,56,64,89
2017_1,동대문역사문화공원역,442,271,171,12,49,58,72,101,150,3,28,32,47,69,92,9,21,26,25,32,58
2017_1,서울 중구 을지로3가역_1,239,164,75,9,13,18,35,59,105,3,6,11,25,45,74,6,7,7,10,14,31
2017_1,명동거리,639,73,566,7,19,68,129,140,276,0,6,7,16,24,20,7,13,61,113,116,256
2017_1,롯데백화점,1,1,0,0,0,1,0,0,0,0,0,1,0,0,0,0,0,0,0,0,0
2017_1,서울 중구 신당역_1,954,516,438,93,120,121,157,214,249,52,70,74,81,120,119,41,50,47,76,94,130
2017_1,북창동,266,166,100,3,19,31,47,63,103,0,10,27,29,38,62,3,9,4,18,25,41
2017_1,서울 중구 충무로역_2,1453,758,695,121,189,222,184,275,462,61,96,116,113,148,224,60,93,106,71,127,238
2017_1,서울 강서구 송정역,2146,1026,1120,175,446,364,276,366,519,92,184,194,147,182,227,83,262,170,129,184,292
2017_1,장한평역_2,1136,632,504,111,183,226,192,193,231,62,75,129,116,126,124,49,108,97,76,67,107
2017_1,시청역_1,320,158,162,55,28,89,58,42,48,28,9,41,33,23,24,27,19,48,25,19,24
2017_1,왕십리역_2,454,210,244,59,88,66,79,69,93,22,37,35,40,35,41,37,51,31,39,34,52
2017_1,서울 강서구 발산역,106,50,56,2,20,39,19,19,7,0,6,18,10,12,4,2,14,21,9,7,3
2017_1,장한평역_1,211,126,85,12,32,23,46,48,50,8,22,12,32,27,25,4,10,11,14,21,25
2017_1,서울 중구 충무로역_1,820,407,413,66,112,102,118,153,269,27,55,60,70,80,115,39,57,42,48,73,154
2017_1,왕십리역_1,3,2,1,0,0,0,1,2,0,0,0,0,1,1,0,0,0,0,0,1,0
2017_1,장한평역,1104,832,272,24,165,259,244,270,142,15,72,172,214,250,109,9,93,87,30,20,33
2017_1,서울 중구 명동역,1283,616,667,131,161,171,209,236,375,62,69,86,109,110,180,69,92,85,100,126,195
2017_1,장충동 족발거리,307,167,140,27,82,42,48,33,75,13,45,25,31,21,32,14,37,17,17,12,43
2017_1,한양시장,982,471,511,42,577,148,53,58,104,19,271,80,28,29,44,23,306,68,25,29,60
2017_1,서울 서대문구 이대역,1306,489,817,61,378,173,187,163,344,21,72,75,100,76,145,40,306,98,87,87,199
2017_1,서울 서대문구 신촌역,2803,1404,1399,155,1159,482,290,286,431,79,538,258,175,159,195,76,621,224,115,127,236
2017_1,서울 마포구 홍대입구역_3,189,85,104,10,47,59,33,19,21,5,20,24,18,8,10,5,27,35,15,11,11
2017_1,서울 마포구 홍대입구역_2,563,260,303,63,102,129,65,59,145,33,46,51,34,28,68,30,56,78,31,31,77
2017_1,홍익대학교 주변,5383,2540,2843,456,1349,1344,763,546,925,226,603,659,396,254,402,230,746,685,367,292,523
2017_1,서울 광진구 군자역,1706,791,915,141,424,446,184,232,279,70,168,205,104,107,137,71,256,241,80,125,142
2017_1,신촌역,1266,652,614,73,400,277,168,132,216,43,192,139,92,75,111,30,208,138,76,57,105
2017_1,강서구청,2791,1347,1444,317,544,660,457,391,422,162,184,333,268,206,194,155,360,327,189,185,228
2017_1,서울 마포구 홍대입구역_1,662,343,319,62,110,177,110,65,138,26,57,105,56,38,61,36,53,72,54,27,77
2017_1,서울 중구 약수역_2,52,29,23,5,5,8,11,4,19,4,2,3,8,1,11,1,3,5,3,3,8
2017_1,서울 중구 약수역_1,13,8,5,1,3,3,2,1,3,1,2,1,2,0,2,0,1,2,0,1,1
2017_1,서울 강동구 고덕역,2671,1339,1332,588,407,306,496,512,362,325,232,134,225,250,173,263,175,172,271,262,189
2017_1,등촌역,1035,474,561,116,233,291,131,120,144,63,72,150,69,60,60,53,161,141,62,60,84
2017_1,서울 강동구 명일역,2014,1013,1001,303,258,316,339,335,463,165,129,164,170,167,218,138,129,152,169,168,245
2017_1,어린이대공원역,662,379,283,86,135,106,120,116,99,48,67,66,73,73,52,38,68,40,47,43,47
2017_1,서울 마포구 공덕역_2,31,16,15,1,7,2,4,7,10,0,4,1,3,4,4,1,3,1,1,3,6
2017_1,공덕역,385,193,192,42,61,44,57,96,85,16,32,22,28,46,49,26,29,22,29,50,36
2017_1,서울 용산구 숙대입구역,513,286,227,33,76,80,82,102,140,17,47,42,49,60,71,16,29,38,33,42,69
2017_1,남영역,180,87,93,5,54,55,26,17,23,1,22,31,16,6,11,4,32,24,10,11,12
2017_1,서울 마포구 공덕역_1,570,267,303,89,107,100,97,125,52,48,48,45,43,58,25,41,59,55,54,67,27
2017_1,서울 마포구 마포역_2,3271,1491,1780,508,433,868,683,382,397,249,167,398,327,181,169,259,266,470,356,201,228
2017_1,서울 광진구 건대입구역_2,2078,923,1155,132,770,458,214,172,332,69,287,224,109,88,146,63,483,234,105,84,186
2017_1,서울 마포구 마포역_1,913,454,459,99,131,187,136,147,213,58,60,95,74,69,98,41,71,92,62,78,115
2017_1,서울 강동구 천호역_2,4441,2212,2229,355,699,1090,685,752,860,180,321,533,376,388,414,175,378,557,309,364,446
2017_1,서울 광진구 건대입구역_1,1112,525,587,89,240,206,173,164,240,42,98,99,86,81,119,47,142,107,87,83,121
2017_1,건대입구역,540,229,311,25,15,18,23,19,440,14,4,5,10,8,188,11,11,13,13,11,252
2017_1,서울 광진구 구의역,1974,918,1056,151,468,486,310,269,290,72,171,236,175,127,137,79,297,250,135,142,153
2017_1,서울 강동구 천호역,323,154,169,28,45,65,55,46,84,15,21,31,27,20,40,13,24,34,28,26,44
2017_1,당산역_2,527,216,311,27,197,132,54,50,67,14,55,56,28,30,33,13,142,76,26,20,34
2017_1,서울 강동구 천호역_1,338,164,174,42,60,47,56,55,78,18,32,25,31,28,30,24,28,22,25,27,48
2017_1,서울 강동구 길동역,3018,1495,1523,195,850,723,447,417,386,95,308,372,285,227,208,100,542,351,162,190,178
2017_1,용산 전자상가_5,586,334,252,49,82,141,100,69,145,23,46,95,66,41,63,26,36,46,34,28,82
2017_1,용산 전자상가_4,655,330,325,131,63,124,146,77,114,74,39,55,79,38,45,57,24,69,67,39,69
2017_1,당산역_1,1043,506,537,82,314,329,110,108,100,43,120,171,65,60,47,39,194,158,45,48,53
2017_1,서울 광진구 강변역,194,90,104,28,33,21,22,33,57,14,15,7,10,13,31,14,18,14,12,20,26
2017_1,용산 전자상가_3,235,118,117,20,34,45,30,41,65,11,18,23,17,17,32,9,16,22,13,24,33
2017_1,서울 용산구 이태원역,953,507,446,68,164,180,153,174,214,35,88,103,80,101,100,33,76,77,73,73,114
2017_1,한남오거리,189,102,87,9,35,21,30,32,62,5,22,13,17,16,29,4,13,8,13,16,33
2017_1,목동사거리,61,34,27,4,14,14,14,7,8,2,1,6,12,6,7,2,13,8,2,1,1
2017_1,용산 전자상가_2,163,87,76,24,28,37,17,30,27,16,13,18,11,16,13,8,15,19,6,14,14
2017_1,용산구청,114,52,62,18,13,21,22,10,30,7,7,9,13,3,13,11,6,12,9,7,17
2017_1,용산 전자상가_1,350,198,152,42,44,102,73,53,36,17,23,54,49,33,22,25,21,48,24,20,14
2017_1,국회의사당역_2,648,342,306,34,108,174,126,114,92,21,47,82,73,70,49,13,61,92,53,44,43
2017_1,서울 용산구 신용산역,1062,520,542,28,52,101,156,206,519,19,29,51,86,112,223,9,23,50,70,94,296
2017_1,압구정 로데오거리_2,1363,659,704,205,162,274,280,169,273,99,78,130,146,86,120,106,84,144,134,83,153
2017_1,서울 강남구 압구정역,1975,872,1103,253,321,409,343,234,415,131,140,161,146,114,180,122,181,248,197,120,235
2017_1,서울 영등포구 영등포구청역,1345,678,667,90,263,262,192,219,319,44,124,126,98,129,157,46,139,136,94,90,162
2017_1,압구정 로데오거리_1,596,282,314,90,62,89,90,83,182,44,34,37,37,42,88,46,28,52,53,41,94
2017_1,서울 강동구 둔촌동역,803,435,368,116,114,119,163,127,164,74,66,64,79,76,76,42,48,55,84,51,88
2017_1,오목교역,893,421,472,227,114,101,203,126,122,111,49,41,99,59,62,116,65,60,104,67,60
2017_1,신사동 가로수길,4038,1858,2180,557,593,904,742,489,753,293,238,399,358,236,334,264,355,505,384,253,419
2017_1,서울 영등포구 여의도역_2,13,10,3,1,1,1,4,4,2,0,1,1,3,3,2,1,0,0,1,1,0
2017_1,청담사거리_3,892,397,495,62,77,115,181,153,304,26,40,54,84,70,123,36,37,61,97,83,181
2017_1,영등포유통상가,415,239,176,35,52,66,70,69,123,18,32,42,46,39,62,17,20,24,24,30,61
2017_1,청담역_2,1072,481,591,188,150,228,218,151,137,98,59,90,100,69,65,90,91,138,118,82,72
2017_1,청담역_1,210,100,110,48,31,25,36,33,37,22,17,11,17,17,16,26,14,14,19,16,21
2017_1,청담사거리_2,354,168,186,50,45,61,60,54,84,20,26,28,29,25,40,30,19,33,31,29,44
2017_1,청담사거리_1,262,116,146,36,45,56,53,37,35,16,19,26,25,18,12,20,26,30,28,19,23
2017_1,서울 영등포구 여의도역_1,2651,1289,1362,466,337,363,439,461,585,249,146,164,204,232,294,217,191,199,235,229,291
2017_1,서울 양천구 신정네거리역_2,279,137,142,24,51,38,36,57,73,15,25,21,19,24,33,9,26,17,17,33,40
2017_1,학동사거리_2,493,248,245,94,63,89,98,62,87,57,35,35,48,27,46,37,28,54,50,35,41
2017_1,서울 영등포구 영등포시장역,1471,946,525,50,92,142,255,357,575,27,55,94,175,259,336,23,37,48,80,98,239
2017_1,학동사거리_1,481,236,245,50,77,106,89,56,103,26,30,51,44,34,51,24,47,55,45,22,52
2017_1,여의도 시범아파트앞,1453,693,760,237,161,194,221,229,411,125,85,76,106,113,188,112,76,118,115,116,223
2017_1,영등포역_3,411,252,159,11,116,97,51,61,75,8,43,62,38,46,55,3,73,35,13,15,20
2017_1,도산공원사거리_1,421,191,230,58,71,114,58,48,72,31,29,53,25,20,33,27,42,61,33,28,39
2017_1,영등포역_2,620,461,159,14,101,73,116,165,151,9,39,56,110,139,108,5,62,17,6,26,43
2017_1,문래동 주민센터,1501,758,743,240,147,227,240,261,386,123,80,108,125,142,180,117,67,119,115,119,206
2017_1,강남구 신사역_2,1047,484,563,73,208,296,166,121,183,38,83,129,95,61,78,35,125,167,71,60,105
2017_1,영등포역_1,226,126,100,3,110,57,24,22,10,1,45,36,18,18,8,2,65,21,6,4,2
2017_1,서울 강남구 강남구청역_2,708,357,351,33,56,123,161,135,200,14,30,54,80,91,88,19,26,69,81,44,112
2017_1,강남구 신사역_1,830,451,379,50,138,196,162,116,168,29,66,103,100,64,89,21,72,93,62,52,79
2017_1,서울 동작구 노량진1동_1,22,16,6,0,2,4,3,6,7,0,1,4,3,6,2,0,1,0,0,0,5
2017_1,서울 강남구 학동역_3,140,76,64,4,22,40,25,22,27,3,11,24,12,12,14,1,11,16,13,10,13
2017_1,서울 강남구 강남구청역_1,580,286,294,53,111,158,104,81,73,28,52,70,48,48,40,25,59,88,56,33,33
2017_1,잠실역,2449,1163,1286,359,378,352,317,454,589,177,192,159,129,206,300,182,186,193,188,248,289
2017_1,강남구 논현역_4,1938,955,983,164,365,518,342,255,294,88,167,240,172,147,141,76,198,278,170,108,153
2017_1,학동역,483,185,298,23,95,174,76,58,57,13,34,59,31,26,22,10,61,115,45,32,35
2017_1,방이동 먹자골목,1510,818,692,119,263,376,252,253,247,68,124,204,151,144,127,51,139,172,101,109,120
2017_1,서울 강남구 학동역_2,100,48,52,3,28,34,12,10,13,0,9,19,8,6,6,3,19,15,4,4,7
2017_1,서울 동작구 노량진역,1110,542,568,59,583,179,93,74,122,25,263,114,55,34,51,34,320,65,38,40,71
2017_1,삼성역_3,52,38,14,0,15,8,7,8,14,0,11,6,6,4,11,0,4,2,1,4,3
2017_1,코엑스,19,11,8,6,1,1,3,4,4,3,0,1,1,3,3,3,1,0,2,1,1
2017_1,서울 강남구 학동역_1,936,421,515,84,203,261,154,86,148,42,86,111,75,39,68,42,117,150,79,47,80
2017_1,선정릉역_2,3151,1424,1727,418,480,764,620,386,483,212,211,322,285,192,202,206,269,442,335,194,281
2017_1,강남구 논현역_3,78,38,40,5,14,23,10,9,17,3,7,11,5,4,8,2,7,12,5,5,9
2017_1,포스코사거리_2,662,342,320,63,134,145,120,102,98,38,64,77,57,62,44,25,70,68,63,40,54
2017_1,포스코사거리_1,2142,1026,1116,248,349,541,378,293,333,123,158,243,204,148,150,125,191,298,174,145,183
2017_1,신도림역,4139,1996,2143,775,586,1020,641,644,473,379,288,475,318,296,240,396,298,545,323,348,233
2017_1,강남구 논현역_2,4074,1946,2128,324,861,1113,641,480,655,171,377,524,342,239,293,153,484,589,299,241,362
2017_1,선정릉역_1,649,297,352,95,129,125,114,95,91,48,52,56,54,44,43,47,77,69,60,51,48
2017_1,신천역,2859,1377,1482,265,508,697,474,422,493,144,218,342,249,204,220,121,290,355,225,218,273
2017_1,강남구 논현역_1,2031,996,1035,133,387,540,354,286,331,64,156,257,209,156,154,69,231,283,145,130,177
2017_1,삼성역_2,7,4,3,0,1,1,1,2,2,0,0,1,1,1,1,0,1,0,0,1,1
2017_1,삼정역_2,623,311,312,52,112,178,119,73,89,28,49,80,72,37,45,24,63,98,47,36,44
2017_1,삼정역_1,87,42,45,4,16,22,9,18,18,1,7,14,3,8,9,3,9,8,6,10,9
2017_1,삼성역_1,1373,687,686,202,242,327,251,166,185,117,106,161,127,83,93,85,136,166,124,83,92
2017_1,서울 강남구 선릉역_2,2147,1057,1090,147,486,621,336,263,294,69,233,303,179,129,144,78,253,318,157,134,150
2017_1,서울 서초구 강남역,3207,1624,1583,247,763,949,429,386,433,137,337,485,256,199,210,110,426,464,173,187,223
2017_1,서울 강남구 선릉역_1,716,356,360,65,98,193,195,77,88,31,41,91,105,45,43,34,57,102,90,32,45
2017_1,서울 송파구 석촌역_2,589,282,307,97,84,159,96,63,90,54,38,71,44,30,45,43,46,88,52,33,45
2017_1,선릉역_2,4094,1830,2264,480,695,1210,799,474,436,220,269,491,407,237,206,260,426,719,392,237,230
2017_1,서울 강남구 역삼역_2,996,488,508,79,196,277,159,132,153,46,77,129,92,71,73,33,119,148,67,61,80
2017_1,서울 송파구 석촌역_1,215,100,115,26,38,58,34,25,34,16,18,19,19,10,18,10,20,39,15,15,16
2017_1,석촌역,7,2,5,0,2,1,1,1,2,0,1,0,0,1,0,0,1,1,1,0,2
2017_1,서울 강남구 강남역_2,1961,897,1064,196,307,406,369,301,382,84,116,191,177,152,177,112,191,215,192,149,205
2017_1,선릉역_1,1209,521,688,246,156,265,292,128,122,97,68,99,132,66,59,149,88,166,160,62,63
2017_1,구로역,716,346,370,129,109,205,102,86,85,67,38,102,56,43,40,62,71,103,46,43,45
2017_1,역삼역_2,459,308,151,373,21,32,8,11,14,265,3,18,6,8,8,108,18,14,2,3,6
2017_1,대림역_2,2621,1274,1347,252,712,755,419,268,215,116,254,392,244,162,106,136,458,363,175,106,109
2017_1,서울 강남구 역삼역_1,5469,2852,2617,380,1078,1457,1034,710,810,194,479,782,608,396,393,186,599,675,426,314,417
2017_1,신대방삼거리역,1249,598,651,120,276,281,184,179,209,58,107,124,106,99,104,62,169,157,78,80,105
2017_1,서울 강남구 한티역,2128,1003,1125,416,350,257,449,344,312,219,167,120,184,174,139,197,183,137,265,170,173
2017_1,은마아파트입구사거리_4,383,201,182,106,39,24,121,64,29,72,17,10,51,39,12,34,22,14,70,25,17
2017_1,은마아파트입구사거리_3,340,166,174,74,58,26,87,46,49,39,31,12,38,22,24,35,27,14,49,24,25
2017_1,은마아파트입구사거리_2,24,13,11,4,3,3,2,7,5,2,1,3,0,4,3,2,2,0,2,3,2
2017_1,오류동역,3729,1833,1896,289,923,1106,536,376,499,140,359,589,318,192,235,149,564,517,218,184,264
2017_1,서울 강남구 강남역,2497,1170,1327,268,671,763,323,234,238,151,282,340,168,110,119,117,389,423,155,124,119
2017_1,은마아파트입구사거리_1,194,104,90,47,29,16,44,35,23,29,18,10,22,16,9,18,11,6,22,19,14
2017_1,대림역_1,1767,808,959,100,631,615,234,97,90,51,187,320,144,63,43,49,444,295,90,34,47
2017_1,교대역_4,1461,711,750,315,226,155,290,197,278,147,120,76,129,104,135,168,106,79,161,93,143
2017_1,서울 강남구 강남역_1,1333,621,712,165,221,352,229,181,185,77,97,163,116,82,86,88,124,189,113,99,99
2017_1,방배동카페골목,2711,1305,1406,663,291,402,596,360,399,323,151,183,284,193,171,340,140,219,312,167,228
2017_1,교대역_3,20,10,10,1,1,6,2,6,4,0,0,2,2,3,3,1,1,4,0,3,1
2017_1,역삼역_1,2824,1361,1463,332,515,814,440,334,389,160,239,426,212,144,180,172,276,388,228,190,209
2017_1,교대역_2,1690,792,898,244,346,353,263,239,245,123,165,160,125,112,107,121,181,193,138,127,138
2017_1,서울 송파구 가락시장역,536,298,238,33,72,118,89,105,119,18,28,52,53,78,69,15,44,66,36,27,50
2017_1,서울 서초구 서초역,63,33,30,8,10,10,9,10,16,3,7,5,5,4,9,5,3,5,4,6,7
2017_1,서울 강남구 대치역_2,615,295,320,191,82,49,142,103,48,94,38,18,66,56,23,97,44,31,76,47,25
2017_1,서울 강남구 대치역_1,523,268,255,171,46,41,146,75,44,94,24,19,68,43,20,77,22,22,78,32,24
2017_1,뱅뱅사거리_2,1898,836,1062,137,483,593,292,202,191,72,185,278,133,88,80,65,298,315,159,114,111
2017_1,보라매공원,5207,2473,2734,948,650,865,857,653,1234,467,331,382,409,310,574,481,319,483,448,343,660
2017_1,교대역_1,2520,1214,1306,292,488,509,346,430,455,140,213,258,169,216,218,152,275,251,177,214,237
2017_1,개봉동 현대아파트 인근,2846,1430,1416,360,382,397,437,527,743,181,206,209,228,270,336,179,176,188,209,257,407
2017_1,뱅뱅사거리,1488,662,826,124,390,449,256,145,124,66,140,201,130,69,56,58,250,248,126,76,68
2017_1,뱅뱅사거리_1,1080,554,526,133,236,323,145,117,126,67,101,184,90,51,61,66,135,139,55,66,65
2017_1,서울 관악구 신림역_4,2979,1474,1505,133,1133,946,343,207,217,71,496,501,196,105,105,62,637,445,147,102,112
2017_1,동작구 총신대입구역_1,1165,541,624,94,236,253,148,159,275,42,93,121,76,87,122,52,143,132,72,72,153
2017_1,양재역_3,1964,939,1025,254,324,492,288,270,336,131,148,232,139,127,162,123,176,260,149,143,174
2017_1,동작구 총신대입구역_2,1828,801,1027,385,241,374,413,225,190,166,91,163,186,115,80,219,150,211,227,110,110
2017_1,서울 서초구 남부터미널역_3,461,223,238,53,95,102,67,56,88,30,40,48,36,25,44,23,55,54,31,31,44
2017_1,서울 강남구 수서역,1596,737,859,149,152,300,232,248,515,71,62,135,134,146,189,78,90,165,98,102,326
2017_1,서울 관악구 신림역_3,832,448,384,21,330,214,93,86,88,10,136,144,57,56,45,11,194,70,36,30,43
2017_1,서울 서초구 남부터미널역_2,1461,764,697,80,267,473,293,207,141,44,89,232,179,137,83,36,178,241,114,70,58
2017_1,구로디지탈1단지,141,76,65,16,15,22,22,36,30,6,9,13,12,22,14,10,6,9,10,14,16
2017_1,양재역,1715,785,930,252,301,406,271,222,263,103,140,194,128,102,118,149,161,212,143,120,145
2017_1,문정역,398,208,190,64,63,78,72,60,61,33,40,39,40,27,29,31,23,39,32,33,32
2017_1,매봉역,584,297,287,81,106,101,99,102,95,47,48,49,55,49,49,34,58,52,44,53,46
2017_1,서울 서초구 방배역,1228,609,619,162,188,272,225,173,208,84,82,139,128,84,92,78,106,133,97,89,116
2017_1,서울 서초구 남부터미널역_1,1209,589,620,197,195,199,200,197,221,101,94,96,95,88,115,96,101,103,105,109,106
2017_1,서울 관악구 신림역_2,1601,848,753,91,531,376,182,174,247,53,272,213,102,79,129,38,259,163,80,95,118
2017_1,서울 관악구 신림역_1,513,233,280,15,202,148,61,41,46,7,68,81,33,21,23,8,134,67,28,20,23
2017_1,양재역_2,899,442,457,106,149,233,145,120,146,50,70,119,73,61,69,56,79,114,72,59,77
2017_1,서울 관악구 서울대입구역_2,433,234,199,22,148,88,48,52,75,11,72,48,34,28,41,11,76,40,14,24,34
2017_1,가산디지털단지역_3,1490,823,667,28,406,371,234,241,210,9,142,210,161,176,125,19,264,161,73,65,85
2017_1,구로디지털단지역,468,278,190,26,55,45,74,127,141,20,29,33,49,82,65,6,26,12,25,45,76
2017_1,서울 관악구 서울대입구역_1,5614,2652,2962,274,2374,1365,547,506,548,126,981,675,317,274,279,148,1393,690,230,232,269
2017_1,관악구 사당역_1,919,442,477,138,167,174,144,150,146,63,83,76,73,72,75,75,84,98,71,78,71
2017_1,가산디지털단지역_2,468,243,225,48,76,104,57,69,114,23,40,59,34,31,56,25,36,45,23,38,58
2017_1,관악구 사당역_2,942,439,503,49,265,212,102,119,195,32,103,99,54,59,92,17,162,113,48,60,103
2017_1,가산디지털단지역_1,19,14,5,1,0,4,4,6,4,0,0,2,4,5,3,1,0,2,0,1,1
2017_1,포이사거리_1,55,34,21,6,6,15,14,6,8,3,3,8,9,4,7,3,3,7,5,2,1
2017_1,포이사거리_2,1766,977,789,175,313,419,327,294,238,104,154,227,199,178,115,71,159,192,128,116,123
2017_1,관악구 사당역_3,311,142,169,17,95,79,35,39,46,8,35,41,18,19,21,9,60,38,17,20,25
2017_1,서울 관악구 대학동_1,1642,1003,639,105,660,354,192,142,189,60,400,250,129,73,91,45,260,104,63,69,98
2017_1,서울 금천구 독산1동_1,1033,576,457,56,180,249,194,164,190,26,91,162,112,97,88,30,89,87,82,67,102
2017_1,양재 화물트럭터미널앞_2,1748,843,905,504,166,315,328,189,246,263,78,140,181,81,100,241,88,175,147,108,146
2017_1,양재 화물트럭터미널앞_1,2,2,0,0,0,0,0,1,1,0,0,0,0,1,1,0,0,0,0,0,0
2017_1,서울 금천구 시흥1동_4,1607,851,756,117,183,231,272,310,494,62,102,124,156,174,233,55,81,107,116,136,261
2017_1,풍성로37가길,3228,1649,1579,405,467,605,518,576,657,218,248,320,279,287,297,187,219,285,239,289,360
2017_1,천호옛길,4050,2036,2014,487,599,703,637,726,898,236,298,383,341,361,417,251,301,320,296,365,481
2017_1,천호옛14길,2189,1063,1126,226,350,360,325,405,523,111,174,185,166,178,249,115,176,175,159,227,274
2017_1,천호대로219길,2382,1220,1162,345,364,283,378,497,515,170,199,153,198,265,235,175,165,130,180,232,280
2017_1,천호대로197길,4973,2478,2495,844,740,819,832,875,863,429,396,415,410,429,399,415,344,404,422,446,464
2017_1,천호대로187길,2805,1352,1453,430,389,550,395,474,567,210,200,269,187,226,260,220,189,281,208,248,307
2017_1,천호대로170길,4252,2109,2143,559,700,919,587,710,777,280,340,474,303,343,369,279,360,445,284,367,408
2017_1,천호대로162길,2635,1326,1309,369,394,462,391,482,537,186,204,250,202,230,254,183,190,212,189,252,283
2017_1,천중로51길,4674,2259,2415,725,713,751,684,831,970,391,352,371,341,366,438,334,361,380,343,465,532
2017_1,천중로39길,6747,3342,3405,1080,974,1172,1059,1155,1307,558,485,638,518,536,607,522,489,534,541,619,700
2017_1,진황도로47길,1779,890,889,209,280,383,264,296,347,115,126,205,147,136,161,94,154,178,117,160,186
2017_1,진황도로27길,7146,3622,3524,830,1013,1315,1029,1268,1691,400,505,747,546,615,809,430,508,568,483,653,882
2017_1,올림픽로98길,3284,1622,1662,408,402,610,552,587,725,211,204,329,270,295,313,197,198,281,282,292,412
2017_1,올림픽로80길,2169,1108,1061,270,257,281,356,425,580,142,140,149,189,224,264,128,117,132,167,201,316
2017_1,올림픽로78길,1930,1024,906,160,204,232,337,443,554,68,105,137,202,248,264,92,99,95,135,195,290
2017_1,올림픽로77길,2503,1289,1214,292,340,447,381,494,549,152,160,243,220,259,255,140,180,204,161,235,294
2017_1,올림픽로71길,2559,1280,1279,248,363,405,385,486,672,132,186,219,203,241,299,116,177,186,182,245,373
2017_1,올림픽로48길,1499,710,789,256,193,307,259,200,284,135,87,134,135,91,128,121,106,173,124,109,156
2017_1,양재대로96길,3646,1806,1840,781,443,651,617,500,654,405,218,326,320,232,305,376,225,325,297,268,349
2017_1,양재대로95길,3634,1788,1846,538,578,681,539,638,660,295,305,350,259,293,286,243,273,331,280,345,374
2017_1,양재대로91길,4418,2166,2252,792,641,698,762,747,778,424,357,348,364,350,323,368,284,350,398,397,455
2017_1,양재대로133길,5146,2533,2613,744,804,791,760,932,1115,374,414,426,394,413,512,370,390,365,366,519,603
2017_1,양재대로124길,4707,2338,2369,690,703,829,727,869,889,351,374,431,362,408,412,339,329,398,365,461,477
2017_1,양재대로116길,1557,750,807,218,260,295,208,264,312,117,128,148,101,118,138,101,132,147,107,146,174
2017_1,양재대로101길,4895,2406,2489,602,788,1179,714,731,881,311,373,609,369,329,415,291,415,570,345,402,466
2017_1,암사길,6888,3471,3417,1041,951,1166,1106,1198,1426,541,503,644,561,583,639,500,448,522,545,615,787
2017_1,성안로3길,4175,2048,2127,734,600,749,728,656,708,397,302,375,351,305,318,337,298,374,377,351,390
2017_1,성내로5길,3700,1799,1901,743,500,613,657,534,653,370,257,278,331,257,306,373,243,335,326,277,347
2017_1,상일로5길,1404,722,682,239,238,186,216,283,242,122,144,91,108,142,115,117,94,95,108,141,127
2017_1,상암로5길,1967,988,979,307,239,414,320,281,406,166,115,215,166,136,190,141,124,199,154,145,216
2017_1,상암로51길,3058,1476,1582,546,438,425,508,529,612,282,230,210,244,234,276,264,208,215,264,295,336
2017_1,상암로4길,3628,1815,1813,547,479,825,616,569,592,271,216,424,345,275,284,276,263,401,271,294,308
2017_1,상암로14길,3972,1933,2039,618,556,794,579,691,734,314,253,414,281,327,344,304,303,380,298,364,390
2017_1,명일로13길,2583,1312,1271,407,401,369,401,474,531,226,205,198,208,233,242,181,196,171,193,241,289
2017_1,동남로85길,3140,1620,1520,519,460,358,501,618,684,271,251,198,268,318,314,248,209,160,233,300,370
2017_1,동남로82길,1906,1016,890,282,264,204,313,408,435,154,148,123,169,220,202,128,116,81,144,188,233
2017_1,동남로65길,2823,1400,1423,593,394,295,552,478,511,326,209,158,253,234,220,267,185,137,299,244,291
2017_1,구천면로42길,4410,2304,2106,600,552,655,770,876,957,321,291,361,416,457,458,279,261,294,354,419,499
2017_1,구천면로41길,5315,2704,2611,784,684,911,852,973,1111,430,361,491,452,464,506,354,323,420,400,509,605
2017_1,구천면로36길,2655,1378,1277,354,387,381,409,528,596,191,193,220,213,277,284,163,194,161,196,251,312
2017_1,고덕로61길,988,507,481,167,141,113,152,190,225,86,75,68,73,95,110,81,66,45,79,95,115
2017_1,고덕로25길,1571,773,798,324,197,249,255,235,311,154,104,124,129,113,149,170,93,125,126,122,162
2017_1,고덕로10길,2214,1101,1113,380,300,437,376,340,381,199,150,221,196,154,181,181,150,216,180,186,200
2017_1,강동대로53길,4252,2167,2085,818,588,655,745,719,727,476,324,347,360,339,321,342,264,308,385,380,406
2017_1,풍성로25길,2068,991,1077,246,268,304,315,382,553,129,129,153,163,170,247,117,139,151,152,212,306
2017_1,오금로46길,2706,1353,1353,548,424,373,481,443,437,279,223,194,239,210,208,269,201,179,242,233,229
2017_1,오금로36길,2847,1401,1446,451,506,510,468,473,439,219,251,274,227,220,210,232,255,236,241,253,229
2017_1,오금로11길,4919,2385,2534,573,787,1225,702,774,858,302,382,640,347,332,382,271,405,585,355,442,476
2017_1,양재대로72길,2722,1334,1388,440,470,329,458,507,518,230,255,163,195,249,242,210,215,166,263,258,276
2017_1,양재대로71길,1566,746,820,283,237,259,246,263,278,139,119,121,118,115,134,144,118,138,128,148,144
2017_1,양재대로64길,2656,1378,1278,444,387,495,416,479,435,240,205,259,221,241,212,204,182,236,195,238,223
2017_1,양재대로62길,1593,812,781,256,214,327,285,243,268,130,103,180,150,129,120,126,111,147,135,114,148
2017_1,송파대로30길,2378,1229,1149,281,359,385,412,498,443,156,184,195,212,255,227,125,175,190,200,243,216
2017_1,송이로36길,3110,1530,1580,503,482,592,491,543,499,265,238,299,247,244,237,238,244,293,244,299,262
2017_1,송이로32길,5216,2541,2675,848,877,1007,867,885,732,418,444,526,408,414,331,430,433,481,459,471,401
2017_1,송이로23길,4803,2411,2392,742,820,946,748,790,757,407,397,496,367,384,360,335,423,450,381,406,397
2017_1,삼전로13길,6534,3076,3458,820,1183,1604,987,971,969,430,550,771,458,442,425,390,633,833,529,529,544
2017_1,백제고분로50길,8631,4207,4424,1395,1345,1671,1338,1385,1497,772,655,827,639,624,690,623,690,844,699,761,807
2017_1,백제고분로46길,3245,1542,1703,529,503,698,515,495,505,264,243,339,241,233,222,265,260,359,274,262,283
2017_1,백제고분로45길,4812,2307,2505,715,805,1163,716,688,725,362,363,554,358,321,349,353,442,609,358,367,376
2017_1,백제고분로42길,4147,1991,2156,522,744,1011,623,624,623,270,322,516,295,297,291,252,422,495,328,327,332
2017_1,백제고분로39길,3380,1563,1817,443,584,833,502,470,548,240,226,403,236,208,250,203,358,430,266,262,298
2017_1,백제고분로34길,7947,3901,4046,1171,1218,1799,1332,1164,1263,612,614,913,660,544,558,559,604,886,672,620,705
2017_1,백제고분로33길,6249,2941,3308,772,1114,1641,951,830,941,395,493,794,472,384,403,377,621,847,479,446,538
2017_1,백제고분로32길,6533,3144,3389,1089,991,1452,1107,949,945,583,477,703,542,427,412,506,514,749,565,522,533
2017_1,백제고분로31길,6418,2966,3452,985,1016,1473,1069,888,987,506,451,687,504,394,424,479,565,786,565,494,563
2017_1,백제고분로22길,6946,3328,3618,1082,1108,1618,1216,975,947,550,522,783,576,453,444,532,586,835,640,522,503
2017_1,백제고분로21길,2422,1180,1242,288,393,603,417,380,341,152,171,294,219,194,150,136,222,309,198,186,191
2017_1,마천로51길,4282,2159,2123,656,485,567,711,776,1087,327,246,304,385,401,496,329,239,263,326,375,591
2017_1,동남로20길,3437,1630,1807,673,510,581,618,531,524,334,234,288,286,259,229,339,276,293,332,272,295
2017_1,거마로20길,3402,1749,1653,488,391,424,580,666,853,258,220,226,312,354,379,230,171,198,268,312,474
2017_1,학동로77길,2528,1206,1322,559,327,499,521,305,317,323,148,197,246,145,147,236,179,302,275,160,170
2017_1,학동로6길,1643,720,923,133,348,487,259,155,261,71,135,219,112,71,112,62,213,268,147,84,149
2017_1,학동로56길,1034,485,549,174,162,211,183,131,173,91,80,94,78,63,79,83,82,117,105,68,94
2017_1,학동로38길,1534,701,833,167,293,428,247,165,234,77,129,204,124,74,93,90,164,224,123,91,141
2017_1,테헤란로81길,456,217,239,40,76,91,72,65,112,25,37,45,33,29,48,15,39,46,39,36,64
2017_1,일원로9길,3455,1694,1761,584,643,579,524,553,572,325,307,281,258,259,264,259,336,298,266,294,308
2017_1,일원로3길,2401,1195,1206,461,379,394,375,401,391,261,196,195,180,182,181,200,183,199,195,219,210
2017_1,영동대로65길,2541,1272,1269,439,343,293,456,451,559,262,189,148,202,226,245,177,154,145,254,225,314
2017_1,영동대로112길,2745,1346,1399,484,424,492,473,415,457,275,226,219,220,187,219,209,198,273,253,228,238
2017_1,언주로81길,3605,1777,1828,403,666,982,644,469,441,193,295,491,358,240,200,210,371,491,286,229,241
2017_1,압구정로2길,1056,474,582,165,178,243,184,123,163,84,83,89,86,59,73,81,95,154,98,64,90
2017_1,선릉로18길,1731,868,863,289,248,255,267,334,338,153,141,126,130,167,151,136,107,129,137,167,187
2017_1,선릉로146길,2184,1002,1182,300,401,477,393,274,339,156,153,227,195,127,144,144,248,250,198,147,195
2017_1,선릉로133길,1621,735,886,223,291,366,269,193,279,119,105,173,122,90,126,104,186,193,147,103,153
2017_1,선릉로132길,2350,1075,1275,467,345,442,428,306,362,246,146,168,211,147,157,221,199,274,217,159,205
2017_1,선릉로121길,816,382,434,78,144,214,147,101,132,39,73,89,80,44,57,39,71,125,67,57,75
2017_1,삼성로75길,2543,1232,1311,464,427,473,496,326,357,267,206,211,211,167,170,197,221,262,285,159,187
2017_1,삼성로69길,3410,1653,1757,669,598,571,699,485,388,383,291,269,296,258,156,286,307,302,403,227,232
2017_1,삼성로64길,3323,1752,1571,936,439,219,883,541,305,605,240,99,379,302,127,331,199,120,504,239,178
2017_1,삼성로63길,4244,2029,2215,783,742,638,897,694,490,436,354,284,392,345,218,347,388,354,505,349,272
2017_1,삼성로57길,1770,925,845,549,211,116,448,304,142,342,103,52,182,180,66,207,108,64,266,124,76
2017_1,삼성로147길,1302,587,715,184,238,264,227,169,220,84,104,114,110,83,92,100,134,150,117,86,128
2017_1,삼성로115길,2858,1327,1531,551,391,630,552,322,412,311,189,254,247,148,178,240,202,376,305,174,234
2017_1,봉은사로68길,1506,686,820,183,249,459,248,143,224,92,114,189,127,71,93,91,135,270,121,72,131
2017_1,봉은사로57길,1565,709,856,230,273,394,303,161,204,128,108,179,132,75,87,102,165,215,171,86,117
2017_1,봉은사로43길,3226,1548,1678,553,470,707,592,388,516,303,221,320,278,194,232,250,249,387,314,194,284
2017_1,봉은사로29길,1307,602,705,116,277,379,204,162,169,53,128,163,109,70,79,63,149,216,95,92,90
2017_1,봉은사로109길,2239,1085,1154,434,309,374,377,348,397,229,146,185,170,164,191,205,163,189,207,184,206
2017_1,도산대로89길,2040,955,1085,296,347,386,353,325,333,164,161,193,148,145,144,132,186,193,205,180,189
2017_1,도산대로81길,965,445,520,178,131,135,169,129,223,92,54,60,64,63,112,86,77,75,105,66,111
2017_1,도산대로50길,2393,1104,1289,348,342,532,360,290,521,175,155,227,186,132,229,173,187,305,174,158,292
2017_1,도산대로38길,1041,463,578,90,202,337,156,113,143,46,81,150,85,42,59,44,121,187,71,71,84
2017_1,도산대로30길,943,456,487,91,171,236,165,110,170,47,73,121,82,54,79,44,98,115,83,56,91
2017_1,도산대로23길,1585,697,888,206,324,364,254,215,222,93,142,163,108,85,106,113,182,201,146,130,116
2017_1,도산대로15길,856,379,477,118,155,207,146,103,127,60,56,92,64,49,58,58,99,115,82,54,69
2017_1,도곡로37길,6014,2749,3265,807,964,1468,1039,752,984,407,413,657,498,345,429,400,551,811,541,407,555
2017_1,논현로8길,3526,1760,1766,647,521,661,650,530,517,328,269,366,307,271,219,319,252,295,343,259,298
2017_1,논현로63길,2695,1284,1411,373,434,660,445,356,427,193,197,304,225,159,206,180,237,356,220,197,221
2017_1,논현로28길,81,45,36,14,10,12,10,13,22,7,9,6,4,6,13,7,1,6,6,7,9
2017_1,논현로26길,1267,582,685,133,232,216,212,199,275,70,89,98,105,87,133,63,143,118,107,112,142
2017_1,논현로159길,506,218,288,57,98,118,80,68,85,31,38,52,33,26,38,26,60,66,47,42,47
2017_1,논현로139길,1491,706,785,182,230,368,230,193,288,90,105,181,113,85,132,92,125,187,117,108,156
2017_1,논현로123길,2161,1021,1140,122,387,595,453,287,317,66,181,253,239,151,131,56,206,342,214,136,186
2017_1,논현로115길,3422,1641,1781,292,713,996,524,415,482,146,313,476,290,195,221,146,400,520,234,220,261
2017_1,논현로10길,1515,749,766,290,198,252,336,226,213,148,91,139,147,125,99,142,107,113,189,101,114
2017_1,논현로106길,2055,870,1185,163,389,745,298,190,270,74,149,288,155,84,120,89,240,457,143,106,150
2017_1,남부순환로365길,3299,1590,1709,687,442,555,643,509,463,345,213,262,306,257,207,342,229,293,337,252,256
2017_1,개포로82길,35,24,11,2,4,9,7,7,6,1,1,7,5,5,5,1,3,2,2,2,1
2017_1,개포로28길,2003,967,1036,428,276,335,405,302,257,206,140,171,187,145,118,222,136,164,218,157,139
2017_1,개포로20길,2420,1177,1243,357,456,444,432,418,313,178,229,227,206,199,138,179,227,217,226,219,175
2017_1,개포로17길,3625,1786,1839,670,482,670,666,578,559,356,246,326,307,290,261,314,236,344,359,288,298
2017_1,강남대로140길,1896,876,1020,200,341,463,274,307,311,103,149,219,132,128,145,97,192,244,142,179,166
2017_1,강남대로136길,1286,569,717,146,191,291,204,181,273,74,78,111,97,75,134,72,113,180,107,106,139
2017_1,강남대로118길,1495,656,839,120,341,466,219,154,195,58,145,195,109,65,84,62,196,271,110,89,111
2017_1,서초중앙로8길,2708,1325,1383,489,390,524,451,382,472,243,197,259,221,183,222,246,193,265,230,199,250
2017_1,방배중앙로21길,2693,1231,1462,560,381,376,540,441,395,250,159,169,245,222,186,310,222,207,295,219,209
2017_1,효령로72길,2169,1087,1082,449,254,468,404,291,303,236,134,227,211,130,149,213,120,241,193,161,154
2017_1,효령로34길,1859,913,946,283,221,349,313,281,412,153,115,175,151,135,184,130,106,174,162,146,228
2017_1,효령로31길,1875,868,1007,274,247,430,337,218,369,149,103,198,166,92,160,125,144,232,171,126,209
2017_1,효령로23길,4309,2009,2300,705,696,837,725,624,722,382,317,373,323,285,329,323,379,464,402,339,393
2017_1,청두곶길,4069,1956,2113,643,614,707,687,587,831,342,282,357,322,274,379,301,332,350,365,313,452
2017_1,주흥길,4184,2037,2147,255,1001,1218,673,493,544,135,436,593,376,248,249,120,565,625,297,245,295
2017_1,주흥15길,2865,1356,1509,233,530,819,477,343,463,117,220,395,264,173,187,116,310,424,213,170,276
2017_1,언남길,2121,1066,1055,324,309,471,389,303,325,172,158,225,215,155,141,152,151,246,174,148,184
2017_1,신반포로45길,2798,1331,1467,356,455,644,474,370,499,190,199,303,227,173,239,166,256,341,247,197,260
2017_1,서초대로8길,4257,2055,2202,593,657,647,653,716,991,308,340,327,315,313,452,285,317,320,338,403,539
2017_1,서초대로64길,1776,883,893,420,227,316,344,253,216,236,112,140,175,119,101,184,115,176,169,134,115
2017_1,서초대로4길,3522,1654,1868,603,545,628,569,514,663,299,247,307,267,229,305,304,298,321,302,285,358
2017_1,서초대로25길,1256,600,656,221,180,240,205,180,230,125,86,109,95,77,108,96,94,131,110,103,122
2017_1,서초대로23길,2769,1299,1470,430,378,540,478,411,532,220,174,255,223,201,226,210,204,285,255,210,306
2017_1,서초대로15길,3793,1720,2073,644,584,791,642,509,623,299,264,336,306,247,268,345,320,455,336,262,355
2017_1,사평대로57길,1224,553,671,68,304,329,181,162,180,33,127,147,97,74,75,35,177,182,84,88,105
2017_1,사평대로26길,222,92,130,37,35,34,29,31,56,18,13,13,13,8,27,19,22,21,16,23,29
2017_1,사평대로22길,1665,761,904,345,200,315,301,255,249,175,95,134,131,110,116,170,105,181,170,145,133
2017_1,사임당로17길,1065,492,573,154,185,228,153,158,187,73,98,106,72,64,79,81,87,122,81,94,108
2017_1,방배로42길,1002,450,552,241,116,182,188,124,151,111,48,86,88,56,61,130,68,96,100,68,90
2017_1,방배로35길,1835,857,978,372,248,241,373,288,313,176,117,109,165,146,144,196,131,132,208,142,169
2017_1,방배로18길,1643,772,871,233,269,399,255,202,285,127,115,194,119,94,123,106,154,205,136,108,162
2017_1,반포대로9길,1730,840,890,300,271,239,326,277,317,164,138,120,147,131,140,136,133,119,179,146,177
2017_1,바우뫼로39길,2841,1372,1469,405,438,620,408,408,562,211,214,302,199,190,256,194,224,318,209,218,306
2017_1,마방로2길,1570,784,786,245,220,372,260,199,274,122,113,195,134,92,128,123,107,177,126,107,146
2017_1,방배천로4안길,1191,550,641,166,220,264,169,172,200,88,98,117,84,74,89,78,122,147,85,98,111
2017_1,동산로19길,2025,1032,993,302,309,497,390,256,271,153,168,263,199,128,121,149,141,234,191,128,150
2017_1,동산로10길,3412,1707,1705,562,542,661,596,481,570,305,269,351,302,227,253,257,273,310,294,254,317
2017_1,동광로39길,1705,770,935,322,224,280,316,251,312,162,96,119,138,127,128,160,128,161,178,124,184
2017_1,동광로1길,3369,1549,1820,622,498,598,678,502,471,304,214,307,292,246,186,318,284,291,386,256,285
2017_1,동광로12길,1465,655,810,318,200,203,277,218,249,128,87,95,126,107,112,190,113,108,151,111,137
2017_1,논현로27길,1911,918,993,222,277,469,342,258,343,124,126,231,171,117,149,98,151,238,171,141,194
2017_1,논현로1길,3133,1522,1611,541,472,655,565,497,403,270,226,329,288,231,178,271,246,326,277,266,225
2017_1,남부순환로339길,1514,748,766,271,226,334,273,180,230,134,115,178,137,79,105,137,111,156,136,101,125
2017_1,남부순환로325길,2548,1230,1318,405,392,380,424,429,518,210,184,181,202,207,246,195,208,199,222,222,272
2017_1,남부순환로317길,1765,869,896,335,314,269,322,264,261,192,164,123,150,128,112,143,150,146,172,136,149
2017_1,고무래로8길,1982,959,1023,430,251,296,372,280,353,228,118,140,184,127,162,202,133,156,188,153,191
2017_1,강남대로8길,3618,1789,1829,492,639,832,579,530,546,258,291,439,293,262,246,234,348,393,286,268,300
2017_1,강남대로34길,2645,1239,1406,303,455,690,361,359,477,151,208,350,170,158,202,152,247,340,191,201,275
2017_1,강남대로23길,967,476,491,115,151,222,141,136,202,65,66,109,75,58,103,50,85,113,66,78,99
2017_1,소담길,821,448,373,51,47,104,174,172,273,32,19,50,116,102,129,19,28,54,58,70,144
2017_1,원신길,1406,708,698,173,174,211,199,253,396,94,78,128,104,132,172,79,96,83,95,121,224
2017_1,양지길,1907,957,950,231,221,235,295,341,584,110,119,129,175,174,250,121,102,106,120,167,334
2017_1,양산길,1654,835,819,166,277,341,260,233,377,94,144,202,138,99,158,72,133,139,122,134,219
2017_1,호암로24길,2427,1554,873,99,728,625,423,215,337,49,447,443,317,140,158,50,281,182,106,75,179
2017_1,호암로20길,2897,1858,1039,169,797,747,479,317,388,94,510,525,363,184,182,75,287,222,116,133,206
2017_1,행운길,4875,2427,2448,367,1532,1294,541,447,694,188,697,725,292,203,322,179,835,569,249,244,372
2017_1,행운1길,3249,1668,1581,326,617,561,458,502,785,174,316,305,242,257,374,152,301,256,216,245,411
2017_1,청림3길,4407,2162,2245,602,548,662,667,732,1196,307,296,358,365,349,487,295,252,304,302,383,709
2017_1,청룡길,3387,1618,1769,243,1119,738,396,363,528,125,470,391,209,175,248,118,649,347,187,188,280
2017_1,청룡8길,1840,901,939,257,354,360,260,233,376,138,162,193,131,110,167,119,192,167,129,123,209
2017_1,중앙길,3101,1530,1571,377,620,540,457,420,687,182,301,297,252,210,288,195,319,243,205,210,399
2017_1,조원중앙로2길,4430,2266,2164,544,711,764,690,789,932,273,360,435,372,400,426,271,351,329,318,389,506
2017_1,조원로18길,1827,920,907,181,483,445,238,196,284,94,217,259,128,91,131,87,266,186,110,105,153
2017_1,조원로10길,1774,908,866,169,283,375,256,309,382,84,148,202,128,162,184,85,135,173,128,147,198
2017_1,장군봉2길,1788,877,911,172,400,401,207,246,362,94,183,223,112,103,162,78,217,178,95,143,200
2017_1,장군봉1길,875,423,452,99,124,145,118,135,254,58,59,74,63,65,104,41,65,71,55,70,150
2017_1,인헌길,3008,1460,1548,431,433,621,477,397,649,231,210,304,234,185,296,200,223,317,243,212,353
2017_1,은천로25길,1481,727,754,289,170,284,237,217,284,141,97,146,125,107,111,148,73,138,112,110,173
2017_1,양녕로6길,4448,2206,2242,438,990,859,568,642,951,218,469,462,301,320,436,220,521,397,267,322,515
2017_1,신원로3길,2733,1364,1369,224,562,475,372,432,668,104,289,259,215,213,284,120,273,216,157,219,384
2017_1,신사로20길,1871,945,926,174,424,389,290,241,353,97,206,208,146,121,167,77,218,181,144,120,186
2017_1,신림로65길,1959,929,1030,82,760,547,213,171,186,40,316,297,109,81,86,42,444,250,104,90,100
2017_1,신림로64길,1568,842,726,52,599,430,181,139,167,30,264,252,114,93,89,22,335,178,67,46,78
2017_1,신림로48길,2615,1372,1243,233,604,580,356,402,440,128,323,335,210,174,202,105,281,245,146,228,238
2017_1,신림로38길,2103,1079,1024,234,452,431,301,285,400,128,230,234,170,129,188,106,222,197,131,156,212
2017_1,신림로28길,3025,1788,1237,264,779,724,460,369,429,138,462,489,288,201,210,126,317,235,172,168,219
2017_1,신림로11길,4656,2778,1878,363,1226,1028,731,588,720,175,758,679,496,339,331,188,468,349,235,249,389
2017_1,신림동길,4091,2101,1990,164,1497,1163,483,324,460,89,693,676,272,174,197,75,804,487,211,150,263
2017_1,승방길,2889,1372,1517,223,813,738,310,363,442,110,330,398,152,165,217,113,483,340,158,198,225
2017_1,서림7길,4124,2708,1416,242,1503,1045,536,336,462,131,988,766,408,185,230,111,515,279,128,151,232
2017_1,봉천로33길,3897,1966,1931,471,645,765,577,556,883,258,321,399,314,263,411,213,324,366,263,293,472
2017_1,봉천로13길,3832,1922,1910,592,581,647,599,576,837,329,292,344,309,272,376,263,289,303,290,304,461
2017_1,복은길,4331,2341,1990,472,1005,915,611,564,764,235,572,550,358,285,341,237,433,365,253,279,423
2017_1,법원단지길,1442,697,745,236,218,210,232,257,289,113,101,118,111,125,129,123,117,92,121,132,160
2017_1,법원단지9길,5517,2775,2742,931,817,766,971,944,1088,503,445,399,483,446,499,428,372,367,488,498,589
2017_1,미성5길,4866,2455,2411,755,770,705,801,855,980,394,395,386,393,430,457,361,375,319,408,425,523
2017_1,대학길,1785,1089,696,120,532,413,267,164,289,60,322,281,198,102,126,60,210,132,69,62,163
2017_1,대학14길,2988,2069,919,192,869,623,567,348,389,104,589,473,453,248,202,88,280,150,114,100,187
2017_1,당곡길,1860,925,935,220,309,341,313,270,407,108,163,172,158,134,190,112,146,169,155,136,217
2017_1,남현길,1992,937,1055,257,406,404,271,264,390,133,177,188,131,124,184,124,229,216,140,140,206
2017_1,남현3길,1562,704,858,110,382,402,185,206,277,49,162,188,89,96,120,61,220,214,96,110,157
2017_1,남현2길,2737,1333,1404,264,587,636,337,391,522,132,264,343,184,175,235,132,323,293,153,216,287
2017_1,남부순환로248길,1615,766,849,167,350,298,225,228,347,88,158,146,106,111,157,79,192,152,119,117,190
2017_1,남부순환로234길,2008,1058,950,167,534,454,257,226,370,76,302,263,130,110,177,91,232,191,127,116,193
2017_1,남부순환로172길,2502,1280,1222,306,498,452,399,361,486,156,270,263,179,174,238,150,228,189,220,187,248
2017_1,남부순환로161길,4010,2031,1979,568,723,668,701,652,698,299,363,380,329,343,317,269,360,288,372,309,381
2017_1,남부순환로151길,3455,1724,1731,407,761,683,515,526,563,223,360,374,259,243,265,184,401,309,256,283,298
2017_1,남부순환로142길,3296,1648,1648,437,577,616,505,517,644,215,294,336,259,266,278,222,283,280,246,251,366
2017_1,난향길,2765,1441,1324,340,335,320,481,463,826,171,184,187,265,254,380,169,151,133,216,209,446
2017_1,난우길,2431,1219,1212,406,314,359,425,400,527,203,166,202,200,208,240,203,148,157,225,192,287
2017_1,난곡로74길,1829,860,969,194,423,368,272,216,356,114,179,175,135,103,154,80,244,193,137,113,202
2017_1,난곡로34길,2679,1367,1312,400,417,380,447,507,528,214,213,210,236,247,247,186,204,170,211,260,281
2017_1,난곡로26길,3549,1808,1741,480,520,466,610,646,827,252,266,280,313,344,353,228,254,186,297,302,474
2017_1,난곡로24길,2564,1359,1205,343,305,355,415,454,692,187,179,208,226,232,327,156,126,147,189,222,365
2017_1,낙성대역길,5188,2604,2584,567,1536,1248,643,462,732,267,757,677,351,226,326,300,779,571,292,236,406
2017_1,국회단지길,5543,2749,2794,902,731,983,928,869,1130,440,379,528,489,393,520,462,352,455,439,476,610
2017_1,구암길,6067,2957,3110,1012,998,969,989,866,1233,518,474,490,501,440,534,494,524,479,488,426,699
2017_1,관천로22길,4317,2142,2175,436,989,1015,573,517,787,210,480,564,306,240,342,226,509,451,267,277,445
2017_1,관천로15길,4719,2400,2319,695,833,853,791,703,844,365,434,478,399,332,392,330,399,375,392,371,452
2017_1,관악로30길,2716,1342,1374,461,382,447,426,407,593,227,206,226,218,197,268,234,176,221,208,210,325
2017_1,관악로28길,2147,1060,1087,324,306,373,329,342,473,159,158,187,173,159,224,165,148,186,156,183,249
2017_1,관악로14길,1359,655,704,115,487,235,150,134,238,53,236,122,73,68,103,62,251,113,77,66,135
2017_1,관악로10길,4427,2234,2193,544,1177,888,627,480,711,276,579,505,328,232,314,268,598,383,299,248,397
2017_1,흑석로9길,1965,1008,957,212,577,293,254,241,388,110,340,158,124,109,167,102,237,135,130,132,221
2017_1,흑석로13길,582,310,272,80,105,83,89,85,140,42,63,47,55,39,64,38,42,36,34,46,76
2017_1,장승배기로27길,2467,1266,1201,217,485,398,333,406,628,120,259,221,181,207,278,97,226,177,152,199,350
2017_1,장승배기로19길,2617,1332,1285,247,412,355,372,520,711,128,225,201,196,269,313,119,187,154,176,251,398
2017_1,장승배기로10길,382,192,190,45,68,55,58,62,94,22,35,28,27,35,45,23,33,27,31,27,49
2017_1,여의대방로46길,2916,1353,1563,726,453,375,635,403,324,321,193,175,300,220,144,405,260,200,335,183,180
2017_1,여의대방로24길,2829,1358,1471,448,463,566,454,395,503,232,192,277,215,207,235,216,271,289,239,188,268
2017_1,여의대방로22카길,3058,1541,1517,413,588,581,486,432,558,230,278,314,237,218,264,183,310,267,249,214,294
2017_1,여의대방로22나길,2666,1307,1359,447,356,476,456,392,539,231,170,245,243,189,229,216,186,231,213,203,310
2017_1,여의대방로22길,2407,1211,1196,351,421,485,381,333,436,199,206,259,191,157,199,152,215,226,190,176,237
2017_1,양녕로26길,1892,924,968,328,266,334,300,303,361,172,128,164,156,143,161,156,138,170,144,160,200
2017_1,신대방길,4055,1979,2076,480,602,617,688,700,968,253,295,331,331,345,424,227,307,286,357,355,544
2017_1,성대로29길,2156,1060,1096,313,304,373,375,341,450,163,164,195,187,170,181,150,140,178,188,171,269
2017_1,성대로1길,1077,557,520,106,212,211,147,178,223,62,108,112,77,96,102,44,104,99,70,82,121
2017_1,서달로8가길,640,299,341,66,117,78,78,112,189,27,61,34,42,56,79,39,56,44,36,56,110
2017_1,서달로15길,359,174,185,36,40,63,41,62,117,19,18,31,25,32,49,17,22,32,16,30,68
2017_1,서달로14길,401,187,214,55,68,45,55,67,111,25,29,23,29,33,48,30,39,22,26,34,63
2017_1,서달로10길,3057,1492,1565,379,460,474,486,511,747,190,255,250,241,253,303,189,205,224,245,258,444
2017_1,상도로62길,2920,1418,1502,388,808,603,396,293,432,189,392,296,207,141,193,199,416,307,189,152,239
2017_1,상도로61길,2345,1206,1139,280,700,424,270,277,394,138,401,226,134,127,180,142,299,198,136,150,214
2017_1,상도로47길,4063,2083,1980,530,1134,703,471,515,710,274,655,361,232,249,312,256,479,342,239,266,398
2017_1,상도로37길,1307,628,679,177,350,237,171,150,222,86,171,122,79,72,98,91,179,115,92,78,124
2017_1,상도로15길,3871,1885,1986,409,787,862,513,561,739,207,400,439,257,257,325,202,387,423,256,304,414
2017_1,사당로8길,2618,1265,1353,320,423,540,412,386,537,163,210,266,211,182,233,157,213,274,201,204,304
2017_1,사당로30길,1026,483,543,84,199,267,151,120,205,48,88,128,83,49,87,36,111,139,68,71,118
2017_1,사당로2차길,3326,1601,1725,534,497,628,556,463,648,280,220,321,274,215,291,254,277,307,282,248,357
2017_1,사당로29길,2619,1266,1353,285,445,510,381,457,541,145,224,245,192,228,232,140,221,265,189,229,309
2017_1,사당로26길,3007,1431,1576,297,641,687,346,435,601,166,285,344,170,197,269,131,356,343,176,238,332
2017_1,사당로23나길,1058,546,512,145,136,174,163,166,274,75,82,96,87,82,124,70,54,78,76,84,150
2017_1,사당로23길,1251,601,650,256,152,208,234,179,222,136,61,90,124,87,103,120,91,118,110,92,119
2017_1,사당로20길,2749,1309,1440,334,479,537,423,372,604,167,220,274,223,159,266,167,259,263,200,213,338
2017_1,사당로16길,3556,1712,1844,442,477,684,551,547,855,213,222,374,287,261,355,229,255,310,264,286,500
2017_1,사당로16가길,2187,1048,1139,259,383,435,345,307,458,127,180,213,182,144,202,132,203,222,163,163,256
2017_1,만양로8길,3761,1954,1807,594,728,657,515,516,751,318,430,375,259,234,338,276,298,282,256,282,413
2017_1,만양로14길,983,610,373,54,387,212,91,75,164,33,265,154,58,34,66,21,122,58,33,41,98
2017_1,등용로14길,2037,1017,1020,229,394,335,278,346,455,120,206,188,144,171,188,109,188,147,134,175,267
2017_1,동작대로7길,3339,1618,1721,236,799,767,377,492,668,125,369,380,201,227,316,111,430,387,176,265,352
2017_1,동작대로35길,3103,1551,1552,428,437,561,459,509,709,230,206,304,248,241,322,198,231,257,211,268,387
2017_1,동작대로33길,2590,1219,1371,268,403,477,384,413,645,151,195,234,181,177,281,117,208,243,203,236,364
2017_1,동작대로29길,830,403,427,102,137,140,109,119,223,52,73,67,53,57,101,50,64,73,56,62,122
2017_1,동작대로17길,2444,1137,1307,216,445,543,348,359,533,110,171,262,186,161,247,106,274,281,162,198,286
2017_1,대방동2길,3366,1544,1822,563,649,628,547,434,545,284,277,280,252,198,253,279,372,348,295,236,292
2017_1,대방동27길,4157,2077,2080,827,705,660,844,517,604,439,350,333,437,248,270,388,355,327,407,269,334
2017_1,노량진로6길,3405,1730,1675,401,594,451,532,671,756,204,308,262,285,324,347,197,286,189,247,347,409
2017_1,국사봉길,3938,1919,2019,554,643,829,580,531,801,291,308,442,292,228,358,263,335,387,288,303,443
2017_1,국사봉2길,1334,624,710,162,267,307,188,177,233,88,105,148,88,92,103,74,162,159,100,85,130
2017_1,국사봉1길,3231,1520,1711,366,577,594,503,452,739,187,258,291,244,211,329,179,319,303,259,241,410
2017_1,영신로9길,2790,1444,1346,267,395,519,413,513,683,137,211,281,229,266,320,130,184,238,184,247,363
2017_1,영등포로84길,2607,1344,1263,219,524,473,409,407,575,112,239,284,233,215,261,107,285,189,176,192,314
2017_1,영등포로80길,2226,1143,1083,229,358,389,334,385,531,125,176,229,185,198,230,104,182,160,149,187,301
2017_1,영등포로62길,1687,905,782,158,292,381,238,239,379,78,155,235,132,121,184,80,137,146,106,118,195
2017_1,영등포로35길,1203,709,494,98,218,230,178,205,274,55,117,140,118,134,145,43,101,90,60,71,129
2017_1,영등포로27길,1771,980,791,163,270,354,270,301,413,86,133,224,170,178,189,77,137,130,100,123,224
2017_1,영등포로25길,1745,874,871,169,315,277,264,301,419,71,148,159,146,157,193,98,167,118,118,144,226
2017_1,여의대방로61길,2427,1241,1186,285,324,533,382,366,537,145,163,300,213,176,244,140,161,233,169,190,293
2017_1,여의대방로43나길,3598,1805,1793,487,532,536,605,676,762,257,275,291,307,336,339,230,257,245,298,340,423
2017_1,여의대방로39길,444,219,225,40,61,67,61,90,125,24,28,35,31,44,57,16,33,32,30,46,68
2017_1,여의대방로35길,1780,903,877,238,241,252,287,297,465,134,126,142,141,149,211,104,115,110,146,148,254
2017_1,양평로28길,3649,1866,1783,580,598,854,560,531,526,285,290,469,292,287,243,295,308,385,268,244,283
2017_1,양평로22라길,1471,730,741,216,242,453,244,150,166,115,99,243,122,83,68,101,143,210,122,67,98
2017_1,양평로19길,3144,1555,1589,607,420,559,548,460,550,309,216,284,286,222,238,298,204,275,262,238,312
2017_1,신길로60길,3204,1573,1631,362,408,478,481,599,876,177,201,244,244,308,399,185,207,234,237,291,477
2017_1,신길로42길,2859,1425,1434,365,401,333,476,569,715,182,209,188,241,293,312,183,192,145,235,276,403
2017_1,신길로42가길,4794,2358,2436,672,643,619,841,867,1152,342,335,340,404,434,503,330,308,279,437,433,649
2017_1,신길로39길,1999,990,1009,263,243,214,361,388,530,139,127,122,171,195,236,124,116,92,190,193,294
2017_1,신길로17길,2524,1236,1288,302,350,326,387,497,662,162,189,172,177,249,287,140,161,154,210,248,375
2017_1,선유서로28길,1112,586,526,154,122,174,178,183,301,91,74,94,96,93,138,63,48,80,82,90,163
2017_1,선유서로25길,2960,1524,1436,399,431,628,499,386,617,222,210,329,296,191,276,177,221,299,203,195,341
2017_1,선유서로24길,1382,705,677,144,120,176,202,268,472,69,68,95,121,148,204,75,52,81,81,120,268
2017_1,선유로55길,2800,1410,1390,233,649,691,364,383,480,119,268,362,198,230,233,114,381,329,166,153,247
2017_1,디지털로74길,562,337,225,130,61,67,73,88,143,105,38,39,43,41,71,25,23,28,30,47,72
2017_1,디지털로57길,1682,821,861,181,182,227,288,327,477,99,88,111,149,172,202,82,94,116,139,155,275
2017_1,디지털로37길,1631,798,833,191,143,177,301,289,530,96,71,102,139,150,240,95,72,75,162,139,290
2017_1,도신로62길,1662,820,842,218,226,212,267,298,441,112,130,119,135,134,190,106,96,93,132,164,251
2017_1,도신로60길,809,398,411,95,95,99,124,142,254,45,49,54,69,64,117,50,46,45,55,78,137
2017_1,도신로29길,1687,869,818,250,229,243,308,289,368,148,119,127,158,146,171,102,110,116,150,143,197
2017_1,도신로15길,3749,1888,1861,397,723,804,502,608,715,226,324,426,269,296,347,171,399,378,233,312,368
2017_1,도림천로21길,2375,1175,1200,278,352,397,339,427,582,142,183,210,156,201,283,136,169,187,183,226,299
2017_1,도림로63길,1911,991,920,285,229,221,338,373,465,162,120,125,170,197,217,123,109,96,168,176,248
2017_1,도림로147길,394,209,185,20,55,50,47,65,157,11,25,26,32,33,82,9,30,24,15,32,75
2017_1,도림로112길,2413,1208,1205,299,280,336,458,406,634,142,138,185,245,214,284,157,142,151,213,192,350
2017_1,대림로8길,3165,1576,1589,370,461,447,536,533,818,189,228,239,283,256,381,181,233,208,253,277,437
2017_1,대림로7길,1153,553,600,127,147,157,161,243,318,58,67,89,71,124,144,69,80,68,90,119,174
2017_1,대림로44길,2360,1230,1130,393,342,297,450,444,434,213,185,159,221,246,206,180,157,138,229,198,228
2017_1,대림로34길,2938,1517,1421,474,405,359,522,546,632,255,213,200,279,279,291,219,192,159,243,267,341
2017_1,대림로31길,2662,1382,1280,311,345,404,477,537,588,157,188,230,243,284,280,154,157,174,234,253,308
2017_1,대림로29길,2121,1106,1015,187,302,374,328,403,527,101,161,212,174,215,243,86,141,162,154,188,284
2017_1,대림로22길,4551,2311,2240,646,609,589,737,891,1079,341,318,328,374,446,504,305,291,261,363,445,575
2017_1,당산로46길,2151,1095,1056,184,499,451,282,305,430,89,233,259,149,166,199,95,266,192,133,139,231
2017_1,당산로38길,1628,778,850,150,523,437,182,156,180,76,225,237,90,65,85,74,298,200,92,91,95
2017_1,당산로37길,1356,652,704,151,176,240,194,217,378,68,81,129,102,112,160,83,95,111,92,105,218
2017_1,당산로31길,868,449,419,114,145,170,140,116,183,60,65,94,82,62,86,54,80,76,58,54,97
2017_1,국회대로56길,2213,1328,885,102,691,662,245,214,299,51,376,435,181,130,155,51,315,227,64,84,144
2017_1,경인로90길,170,130,40,4,9,14,19,43,81,2,5,9,16,36,62,2,4,5,3,7,19
2017_1,경인로80길,147,83,64,9,11,23,21,25,58,4,7,17,14,16,25,5,4,6,7,9,33
2017_1,경인로77길,304,179,125,6,46,50,44,55,103,3,30,32,31,35,48,3,16,18,13,20,55
2017_1,가마산로61길,2023,1039,984,264,286,233,369,403,468,145,158,125,191,213,207,119,128,108,178,190,261
2017_1,시흥대로94길,3940,1992,1948,532,599,589,662,782,776,279,307,318,313,394,381,253,292,271,349,388,395
2017_1,시흥대로84길,5960,3011,2949,850,912,835,969,1168,1226,454,478,459,478,571,571,396,434,376,491,597,655
2017_1,시흥대로68길,2793,1436,1357,386,369,419,448,509,662,206,199,229,235,255,312,180,170,190,213,254,350
2017_1,시흥대로63길,1546,762,784,188,200,322,247,247,342,88,100,172,123,121,158,100,100,150,124,126,184
2017_1,시흥대로62가길,3215,1618,1597,483,433,427,551,613,708,247,258,228,275,297,313,236,175,199,276,316,395
2017_1,시흥대로36길,2068,1066,1002,329,274,277,344,387,457,160,154,140,188,205,219,169,120,137,156,182,238
2017_1,시흥대로22길,3562,1781,1781,565,462,558,530,593,854,286,244,292,289,273,397,279,218,266,241,320,457
2017_1,시흥대로153길,2089,1147,942,192,483,450,260,368,336,109,242,271,151,201,173,83,241,179,109,167,163
2017_1,시흥대로150길,4382,2231,2151,626,544,669,709,816,1018,310,290,369,370,401,491,316,254,300,339,415,527
2017_1,시흥대로141길,2274,1250,1024,224,421,398,355,444,432,104,211,232,220,257,226,120,210,166,135,187,206
2017_1,시흥대로138길,625,330,295,83,57,89,96,129,171,46,31,51,53,64,85,37,26,38,43,65,86
2017_1,시흥대로120길,3426,1693,1733,459,487,500,582,669,729,223,243,252,301,340,334,236,244,248,281,329,395
2017_1,벚꽃로56길,1207,630,577,110,160,194,192,240,311,50,83,118,108,133,138,60,77,76,84,107,173
2017_1,범안로17길,1313,681,632,147,253,286,199,195,233,75,121,165,106,104,110,72,132,121,93,91,123
2017_1,범안로11길,1292,734,558,91,438,430,141,88,104,40,210,280,100,52,52,51,228,150,41,36,52
2017_1,문성로5길,3187,1600,1587,380,451,479,537,627,713,194,231,277,267,306,325,186,220,202,270,321,388
2017_1,독산로85길,556,262,294,84,63,74,107,112,116,42,30,39,51,52,48,42,33,35,56,60,68
2017_1,독산로78다길,3313,1696,1617,466,485,422,574,667,699,230,266,231,296,352,321,236,219,191,278,315,378
2017_1,독산로70길,2790,1424,1366,310,351,343,548,606,632,155,175,195,287,334,278,155,176,148,261,272,354
2017_1,독산로64길,2372,1195,1177,327,341,298,412,520,474,164,194,156,203,270,208,163,147,142,209,250,266
2017_1,독산로50길,2448,1223,1225,380,366,367,359,477,499,199,185,188,174,226,251,181,181,179,185,251,248
2017_1,독산로40길,2704,1338,1366,415,355,397,427,508,602,211,186,215,220,241,265,204,169,182,207,267,337
2017_1,독산로108길,1838,960,878,228,282,310,309,353,356,123,145,181,147,198,166,105,137,129,162,155,190
2017_1,남부순환로112길,2394,1407,987,141,644,521,348,387,353,64,317,350,233,243,200,77,327,171,115,144,153
2017_1,금하로24길,4520,2308,2212,681,591,543,780,829,1096,352,312,310,400,444,490,329,279,233,380,385,606
2017_1,금하로1길,2164,1099,1065,343,297,285,421,370,448,161,154,179,210,192,203,182,143,106,211,178,245
2017_1,금하로14길,1825,898,927,248,247,244,307,331,448,119,120,132,152,162,213,129,127,112,155,169,235
2017_1,가산로5길,3309,1989,1320,259,868,892,427,427,436,148,497,588,272,255,229,111,371,304,155,172,207
2017_1,가산로3길,985,630,355,53,284,329,140,91,88,15,167,240,107,53,48,38,117,89,33,38,40
2017_1,중앙로1길,1239,613,626,201,211,201,181,200,245,102,106,104,92,101,108,99,105,97,89,99,137
2017_1,중앙로15길,1658,829,829,281,222,257,246,292,360,152,110,133,131,140,163,129,112,124,115,152,197
2017_1,우마길,1026,576,450,75,118,93,185,275,280,40,59,59,117,162,139,35,59,34,68,113,141
2017_1,오류로8길,2232,1130,1102,322,286,307,304,374,639,183,144,173,166,188,276,139,142,134,138,186,363
2017_1,신도림로13길,588,295,293,56,85,70,89,124,164,25,46,32,51,66,75,31,39,38,38,58,89
2017_1,새말로18길,2689,1318,1371,364,461,571,382,385,526,189,212,288,190,184,255,175,249,283,192,201,271
2017_1,부일로1길,1335,693,642,164,153,265,198,214,341,99,74,134,115,111,160,65,79,131,83,103,181
2017_1,부일로15길,1665,826,839,261,222,264,277,258,383,139,112,142,135,129,169,122,110,122,142,129,214
2017_1,부일로11길,2714,1376,1338,492,373,367,478,461,543,268,198,182,226,231,271,224,175,185,252,230,272
2017_1,디지털로32길,1504,820,684,38,529,551,180,105,101,21,234,322,120,69,54,17,295,229,60,36,47
2017_1,디지털로32가길,4784,2622,2162,126,1964,1741,450,222,281,71,883,1079,320,123,146,55,1081,662,130,99,135
2017_1,디지털로27길,1427,762,665,184,148,194,242,257,402,92,85,108,135,147,195,92,63,86,107,110,207
2017_1,도림로6길,1556,797,759,196,189,210,268,310,383,101,96,129,152,161,158,95,93,81,116,149,225
2017_1,도림로12길,2468,1206,1262,371,306,380,397,428,586,184,168,186,206,204,258,187,138,194,191,224,328
2017_1,남부순환로97길,1305,618,687,204,148,257,154,187,355,92,71,130,75,73,177,112,77,127,79,114,178
2017_1,구로중앙로8길,3141,1569,1572,371,359,453,495,613,850,192,193,228,253,302,401,179,166,225,242,311,449
2017_1,구로중앙로7길,791,386,405,80,63,107,111,156,274,41,33,53,63,74,122,39,30,54,48,82,152
2017_1,구로중앙로42길,972,517,455,142,141,146,146,164,233,77,83,84,81,83,109,65,58,62,65,81,124
2017_1,구로중앙로34길,1248,651,597,149,165,160,208,241,325,84,96,94,106,124,147,65,69,66,102,117,178
2017_1,구로중앙로28길,3479,1744,1735,493,522,647,606,552,659,239,223,356,329,298,299,254,299,291,277,254,360
2017_1,구로중앙로19길,868,433,435,100,114,95,138,176,245,45,53,58,75,97,105,55,61,37,63,79,140
2017_1,구로동로8길,6753,3399,3354,883,895,951,1082,1240,1702,491,515,496,552,582,763,392,380,455,530,658,939
2017_1,구로동로7길,2919,1540,1379,354,330,364,490,583,798,201,185,209,276,291,378,153,145,155,214,292,420
2017_1,구로동로42길,1996,988,1008,277,212,249,370,337,551,135,106,132,193,169,253,142,106,117,177,168,298
2017_1,구로동로41길,2624,1345,1279,336,339,315,461,518,655,168,170,181,254,261,311,168,169,134,207,257,344
2017_1,구로동로38길,2104,1028,1076,294,263,208,368,414,557,136,144,108,192,213,235,158,119,100,176,201,322
2017_1,구로동로28길,2059,1048,1011,258,248,261,393,349,550,133,124,142,207,195,247,125,124,119,186,154,303
2017_1,구로동로15길,1072,563,509,131,114,121,163,241,302,72,73,71,82,127,138,59,41,50,81,114,164
2017_1,공원로6가길,2086,928,1158,218,584,552,252,208,272,99,196,268,126,105,134,119,388,284,126,103,138
2017_1,고척로52길,3257,1605,1652,594,434,453,561,581,634,304,218,220,287,288,288,290,216,233,274,293,346
2017_1,고척로27다길,4560,2260,2300,730,662,589,813,831,935,360,358,298,400,423,421,370,304,291,413,408,514
2017_1,고척로27길,2614,1346,1268,389,362,348,435,470,610,208,192,184,226,250,286,181,170,164,209,220,324
2017_1,고척로21나길,2853,1477,1376,458,386,382,477,494,656,236,220,218,240,262,301,222,166,164,237,232,355
2017_1,경인로47길,2144,1071,1073,322,350,301,321,384,466,146,173,162,163,203,224,176,177,139,158,181,242
2017_1,경인로35길,3192,1645,1547,393,405,382,488,630,894,192,212,207,274,335,425,201,193,175,214,295,469
2017_1,경인로31길,2002,1047,955,210,246,233,346,429,538,107,134,132,201,234,239,103,112,101,145,195,299
2017_1,경인로15길,3848,1944,1904,566,510,614,588,639,931,297,262,325,327,312,421,269,248,289,261,327,510
2017_1,개봉로3길,3108,1527,1581,514,401,529,515,513,636,256,210,281,266,236,278,258,191,248,249,277,358
2017_1,개봉로2길,2428,1169,1259,448,291,446,378,385,480,230,151,222,177,174,215,218,140,224,201,211,265
2017_1,개봉로23가길,2302,1128,1174,332,241,424,342,344,619,146,131,213,189,160,289,186,110,211,153,184,330
2017_1,개봉로20길,3701,1770,1931,651,462,681,488,587,832,332,218,316,255,265,384,319,244,365,233,322,448
2017_1,개봉로1길,2130,1071,1059,357,264,339,382,340,448,180,144,195,191,162,199,177,120,144,191,178,249
2017_1,개봉로17다길,3467,1735,1732,534,461,593,555,554,770,272,232,307,282,271,371,262,229,286,273,283,399
2017_1,개봉로17길,5645,2753,2892,924,809,937,889,942,1144,481,415,470,440,436,511,443,394,467,449,506,633
2017_1,개봉로11길,5149,2548,2601,848,712,802,857,861,1069,457,365,405,421,402,498,391,347,397,436,459,571
2017_1,화곡로64길,3792,1838,1954,491,759,805,547,571,619,277,301,418,266,297,279,214,458,387,281,274,340
2017_1,화곡로59길,2591,1268,1323,432,426,439,401,501,392,235,213,214,175,243,188,197,213,225,226,258,204
2017_1,화곡로44나길,3188,1584,1604,473,474,694,517,482,548,253,222,386,251,224,248,220,252,308,266,258,300
2017_1,화곡로31길,4122,1964,2158,480,685,802,577,655,923,252,339,390,278,298,407,228,346,412,299,357,516
2017_1,화곡로20길,3475,1707,1768,528,474,680,519,566,708,264,241,349,264,255,334,264,233,331,255,311,374
2017_1,화곡로13길,3303,1616,1687,567,513,475,572,551,625,301,268,233,275,249,290,266,245,242,297,302,335
2017_1,초원로16길,3703,1880,1823,531,532,526,554,674,886,284,261,298,290,328,419,247,271,228,264,346,467
2017_1,초록마을로8길,4978,2462,2516,1007,685,985,909,670,722,535,353,502,464,313,295,472,332,483,445,357,427
2017_1,초록마을로3길,2614,1344,1270,223,521,693,427,348,402,93,262,398,239,179,173,130,259,295,188,169,229
2017_1,월정로20길,2252,1208,1044,175,428,634,342,332,341,83,203,376,209,171,166,92,225,258,133,161,175
2017_1,우장산로6길,5525,2614,2911,1432,715,699,1203,781,695,667,335,330,561,399,322,765,380,369,642,382,373
2017_1,양천로73가길,2595,1349,1246,732,284,431,567,312,269,414,149,203,292,168,123,318,135,228,275,144,146
2017_1,양천로71길,6762,3329,3433,1768,830,917,1440,991,816,872,452,414,718,502,371,896,378,503,722,489,445
2017_1,양천로49길,1193,614,579,170,222,217,162,191,231,99,113,119,76,98,109,71,109,98,86,93,122
2017_1,양천로26길,2071,1004,1067,458,218,402,338,314,341,232,118,182,170,145,157,226,100,220,168,169,184
2017_1,양천로24길,3733,1905,1828,605,501,642,535,652,798,339,264,332,279,304,387,266,237,310,256,348,411
2017_1,양천로24가길,2936,1457,1479,529,340,530,527,440,570,265,173,279,265,213,262,264,167,251,262,227,308
2017_1,양천로14길,4565,2231,2334,823,598,688,731,759,966,407,300,364,371,354,435,416,298,324,360,405,531
2017_1,방화대로6라길,2424,1270,1154,358,284,475,466,393,448,190,143,267,265,193,212,168,141,208,201,200,236
2017_1,방화대로21길,2481,1277,1204,338,346,399,344,479,575,183,178,238,184,233,261,155,168,161,160,246,314
2017_1,등촌로5길,1520,731,789,205,233,287,212,256,327,110,113,158,99,110,141,95,120,129,113,146,186
2017_1,등촌로55길,2854,1366,1488,448,510,702,427,367,400,235,221,372,202,149,187,213,289,330,225,218,213
2017_1,등촌로51길,2163,1072,1091,393,318,330,332,383,407,205,171,159,164,173,200,188,147,171,168,210,207
2017_1,등촌로39길,3301,1677,1624,604,494,605,529,541,528,327,272,332,249,265,232,277,222,273,280,276,296
2017_1,등촌로13길,3871,1916,1955,585,515,763,636,635,737,315,262,408,318,290,323,270,253,355,318,345,414
2017_1,남부순환로11길,3901,2058,1843,622,526,772,669,608,704,329,266,429,383,317,334,293,260,343,286,291,370
2017_1,까치산로4길,4454,2165,2289,885,584,893,743,608,741,452,288,453,382,273,317,433,296,440,361,335,424
2017_1,국회대로7길,2372,1162,1210,290,353,410,368,400,551,132,192,226,184,183,245,158,161,184,184,217,306
2017_1,공항대로8길,3043,1546,1497,380,517,548,455,459,684,198,266,293,245,214,330,182,251,255,210,245,354
2017_1,공항대로61길,2060,1026,1034,418,278,400,371,283,310,222,136,198,189,134,147,196,142,202,182,149,163
2017_1,공항대로59다길,2825,1420,1405,531,379,417,483,492,523,285,195,200,243,249,248,246,184,217,240,243,275
2017_1,공항대로59길,1723,802,921,184,332,367,290,274,276,92,132,178,140,137,123,92,200,189,150,137,153
2017_1,공항대로55길,2105,1064,1041,377,283,354,345,348,398,201,151,196,167,167,182,176,132,158,178,181,216
2017_1,공항대로42길,1120,544,576,239,148,148,245,171,169,112,81,66,116,88,81,127,67,82,129,83,88
2017_1,공항대로38길,422,205,217,78,72,74,82,64,52,35,43,40,35,30,22,43,29,34,47,34,30
2017_1,곰달래로60길,1958,974,984,208,298,404,286,323,439,109,155,204,145,155,206,99,143,200,141,168,233
2017_1,곰달래로53길,3803,1859,1944,718,496,631,710,577,671,358,266,323,342,275,295,360,230,308,368,302,376
2017_1,곰달래로47길,4181,2031,2150,806,539,786,774,591,685,392,274,399,375,276,315,414,265,387,399,315,370
2017_1,곰달래로31길,3162,1528,1634,693,362,638,558,399,512,369,179,305,269,172,234,324,183,333,289,227,278
2017_1,곰달래로25길,3090,1472,1618,472,356,591,522,486,663,218,186,283,281,212,292,254,170,308,241,274,371
2017_1,개화동로25길,2425,1208,1217,229,637,441,297,342,479,111,294,246,165,175,217,118,343,195,132,167,262
2017_1,개화동로23길,3942,1959,1983,496,496,544,610,788,1008,252,274,278,308,396,451,244,222,266,302,392,557
2017_1,강서로8길,3414,1689,1725,489,411,669,523,512,810,243,194,360,275,232,385,246,217,309,248,280,425
2017_1,강서로5라길,2895,1440,1455,444,378,594,438,478,563,235,189,313,235,206,262,209,189,281,203,272,301
2017_1,강서로5나길,2948,1466,1482,233,682,845,374,330,484,113,283,481,212,148,229,120,399,364,162,182,255
2017_1,강서로5가길,1860,959,901,157,348,429,256,278,392,89,155,239,142,132,202,68,193,190,114,146,190
2017_1,강서로47라길,3958,1863,2095,975,577,492,809,623,482,448,290,245,365,309,206,527,287,247,444,314,276
2017_1,강서로47길,4170,2009,2161,974,538,553,839,641,625,453,279,271,408,332,266,521,259,282,431,309,359
2017_1,강서로45다길,2812,1359,1453,458,417,490,482,407,558,240,196,255,244,174,250,218,221,235,238,233,308
2017_1,강서로45길,915,448,467,188,124,160,149,136,158,88,50,81,79,69,81,100,74,79,70,67,77
2017_1,강서로35길,3954,1896,2058,520,608,732,573,720,801,254,279,378,273,360,352,266,329,354,300,360,449
2017_1,강서로29길,3065,1473,1592,436,496,736,462,440,495,219,226,376,222,196,234,217,270,360,240,244,261
2017_1,강서로18길,7017,3395,3622,1143,940,1466,1106,1007,1355,584,429,767,547,462,606,559,511,699,559,545,749
2017_1,강서로17가길,3038,1528,1510,356,476,574,437,559,636,195,238,317,218,257,303,161,238,257,219,302,333
2017_1,강서로15길,5498,2734,2764,631,810,1102,855,938,1162,315,397,605,441,459,517,316,413,497,414,479,645
2017_1,가로공원로80길,3004,1511,1493,463,440,598,441,491,571,251,228,325,215,237,255,212,212,273,226,254,316
2017_1,가로공원로76가길,3134,1530,1604,455,467,592,521,500,599,216,236,316,261,221,280,239,231,276,260,279,319
2017_1,화곡로4길,1737,870,867,257,231,260,272,343,374,134,126,132,130,160,188,123,105,128,142,183,186
2017_1,화곡로3길,3506,1727,1779,735,494,565,615,536,561,389,242,284,297,260,255,346,252,281,318,276,306
2017_1,지양로7길,3430,1682,1748,503,432,522,511,608,854,245,228,293,258,271,387,258,204,229,253,337,467
2017_1,중앙로55길,4186,2089,2097,722,534,642,674,747,867,380,279,332,335,369,394,342,255,310,339,378,473
2017_1,중앙로51길,4389,2198,2191,823,584,737,685,684,876,402,309,391,349,328,419,421,275,346,336,356,457
2017_1,중앙로47길,3765,1995,1770,400,503,493,644,773,952,223,292,288,339,403,450,177,211,205,305,370,502
2017_1,중앙로45길,2979,1485,1494,421,413,467,472,536,670,224,213,257,236,251,304,197,200,210,236,285,366
2017_1,중앙로36길,946,453,493,183,102,114,193,137,217,93,48,57,95,66,94,90,54,57,98,71,123
2017_1,중앙로32길,1092,534,558,251,143,133,205,171,189,131,79,67,91,91,75,120,64,66,114,80,114
2017_1,중앙로25길,2659,1350,1309,320,329,353,472,509,676,170,174,191,250,256,309,150,155,162,222,253,367
2017_1,은행정로7길,3323,1654,1669,558,401,583,545,537,699,281,216,300,284,242,331,277,185,283,261,295,368
2017_1,은행정로5길,834,448,386,137,85,109,150,142,211,76,44,60,84,83,101,61,41,49,66,59,110
2017_1,오목로5길,4040,1974,2066,829,463,713,638,613,784,423,228,330,333,301,359,406,235,383,305,312,425
2017_1,오목로3길,3746,1868,1878,822,423,658,618,550,675,412,228,321,322,266,319,410,195,337,296,284,356
2017_1,오목로30길,3668,1790,1878,450,569,664,582,612,791,234,272,360,268,294,362,216,297,304,314,318,429
2017_1,오목로23길,4323,2143,2180,629,641,867,706,687,793,320,307,458,340,337,381,309,334,409,366,350,412
2017_1,신월로20길,2256,1151,1105,412,287,370,370,395,422,221,163,183,185,195,204,191,124,187,185,200,218
2017_1,신월로15길,5924,2912,3012,1087,789,883,947,1006,1212,564,406,431,466,500,545,523,383,452,481,506,667
2017_1,신목로6길,2475,1227,1248,505,334,317,479,398,442,278,170,155,222,213,189,227,164,162,257,185,253
2017_1,신목로5길,2271,1146,1125,595,319,208,516,369,264,308,178,92,234,207,127,287,141,116,282,162,137
2017_1,신목로2길,2101,1030,1071,399,367,192,386,445,312,207,198,93,166,230,136,192,169,99,220,215,176
2017_1,목동중앙서로8가길,1392,686,706,184,210,272,213,214,299,104,103,137,101,111,130,80,107,135,112,103,169
2017_1,목동중앙서로7길,3753,1865,1888,668,576,615,679,603,612,383,308,328,303,278,265,285,268,287,376,325,347
2017_1,목동중앙북로8길,2193,1037,1156,296,328,440,333,341,455,153,160,225,157,149,193,143,168,215,176,192,262
2017_1,목동중앙북로16길,3386,1654,1732,459,600,838,482,473,534,253,270,425,232,231,243,206,330,413,250,242,291
2017_1,목동중앙본로7길,2984,1501,1483,605,423,453,536,484,483,356,237,218,248,227,215,249,186,235,288,257,268
2017_1,목동중앙로3길,2527,1243,1284,622,349,305,514,412,325,322,187,145,236,214,139,300,162,160,278,198,186
2017_1,목동중앙로13나길,1155,596,559,182,206,260,177,163,167,102,89,145,87,97,76,80,117,115,90,66,91
2017_1,목동중앙남로3가길,2747,1375,1372,530,426,433,470,455,433,316,224,199,224,213,199,214,202,234,246,242,234
2017_1,목동로9길,3554,1671,1883,653,520,647,647,530,557,329,246,301,292,242,261,324,274,346,355,288,296
2017_1,목동로19길,2406,1131,1275,413,346,432,387,369,459,188,171,203,181,178,210,225,175,229,206,191,249
2017_1,목동동로8길,898,408,490,216,106,126,203,123,124,103,46,59,91,64,45,113,60,67,112,59,79
2017_1,목동동로12길,2357,1128,1229,568,302,262,509,343,373,282,150,131,219,181,165,286,152,131,290,162,208
2017_1,목동남로4길,1360,656,704,299,198,170,265,206,222,147,93,89,119,109,99,152,105,81,146,97,123
2017_1,남부순환로88길,1871,919,952,502,219,241,434,263,212,255,112,117,207,127,101,247,107,124,227,136,111
2017_1,남부순환로79길,1090,575,515,144,147,144,153,238,264,87,92,78,72,118,128,57,55,66,81,120,136
2017_1,남부순환로70길,5193,2569,2624,696,738,738,803,968,1250,327,406,397,399,489,551,369,332,341,404,479,699
2017_1,남부순환로58길,2276,1141,1135,360,324,367,368,394,463,196,156,204,172,191,222,164,168,163,196,203,241
2017_1,남부순환로40길,2602,1409,1193,290,283,384,449,535,661,143,146,232,271,296,321,147,137,152,178,239,340
2017_1,남부순환로33길,3920,1913,2007,553,581,629,608,711,838,257,290,345,289,356,376,296,291,284,319,355,462
2017_1,곰달래로5길,3974,2054,1920,539,579,567,596,796,897,280,293,321,298,415,447,259,286,246,298,381,450
2017_1,곰달래로3길,3961,2071,1890,586,491,559,693,766,866,313,270,293,369,406,420,273,221,266,324,360,446
2017_1,곰달래로2길,3864,2002,1862,665,512,615,640,695,737,344,266,333,343,354,362,321,246,282,297,341,375
2017_1,곰달래로10길,3432,1771,1661,485,444,575,595,619,714,239,230,330,301,319,352,246,214,245,294,300,362
2017_1,가로공원로58길,2512,1343,1169,302,315,310,450,511,624,153,171,181,271,287,280,149,144,129,179,224,344
2017_1,효창원로93길,3497,1682,1815,472,553,454,624,623,771,242,259,247,304,293,337,230,294,207,320,330,434
2017_1,토정로37길,2567,1239,1328,635,294,449,548,327,314,315,136,212,279,157,140,320,158,237,269,170,174
2017_1,월드컵로8길,1709,799,910,189,304,408,284,223,301,101,146,186,137,99,130,88,158,222,147,124,171
2017_1,월드컵로7길,1955,905,1050,265,363,458,304,255,310,126,149,224,149,124,133,139,214,234,155,131,177
2017_1,월드컵로36길,3884,1772,2112,515,742,783,670,515,659,256,297,341,340,256,282,259,445,442,330,259,377
2017_1,월드컵로25길,3161,1529,1632,596,402,611,562,418,572,295,194,300,286,204,250,301,208,311,276,214,322
2017_1,월드컵로19길,1795,844,951,212,308,378,287,229,381,99,141,193,137,113,161,113,167,185,150,116,220
2017_1,월드컵로16길,2551,1174,1377,352,437,563,440,315,444,180,190,249,204,151,200,172,247,314,236,164,244
2017_1,월드컵로11길,2344,1095,1249,298,394,520,365,319,448,155,166,241,197,147,189,143,228,279,168,172,259
2017_1,월드컵로10길,2508,1150,1358,256,359,553,408,358,574,120,147,243,201,182,257,136,212,310,207,176,317
2017_1,와우산로3길,1916,922,994,171,401,462,283,261,338,77,206,237,137,127,138,94,195,225,146,134,200
2017_1,와우산로29길,870,411,459,97,167,209,149,91,157,50,74,102,69,42,74,47,93,107,80,49,83
2017_1,와우산로29가길,545,247,298,43,205,131,59,38,69,16,95,63,25,17,31,27,110,68,34,21,38
2017_1,양화진길,1396,674,722,151,231,307,200,214,293,90,110,162,113,85,114,61,121,145,87,129,179
2017_1,양화로1길,2757,1259,1498,399,476,630,440,340,472,189,187,304,220,157,202,210,289,326,220,183,270
2017_1,양화로11길,777,347,430,79,152,208,120,77,141,42,53,112,47,35,58,37,99,96,73,42,83
2017_1,신촌로30길,781,394,387,69,99,77,121,162,253,38,52,45,70,81,108,31,47,32,51,81,145
2017_1,신촌로28가길,1198,596,602,79,165,152,152,261,389,38,81,88,81,136,172,41,84,64,71,125,217
2017_1,신촌로12길,1978,961,1017,146,570,436,245,215,366,82,271,222,128,103,155,64,299,214,117,112,211
2017_1,숭문길,2932,1450,1482,392,388,380,474,517,781,203,209,204,244,267,323,189,179,176,230,250,458
2017_1,숭문8길,750,382,368,127,95,158,122,100,148,67,49,85,69,47,65,60,46,73,53,53,83
2017_1,성지3길,1087,505,582,105,206,258,146,159,213,56,77,137,70,76,89,49,129,121,76,83,124
2017_1,성산로4길,3420,1668,1752,475,496,571,594,551,733,230,244,288,307,269,330,245,252,283,287,282,403
2017_1,성미산로32길,1195,555,640,108,262,327,157,147,194,62,112,155,80,66,80,46,150,172,77,81,114
2017_1,성미산로1길,3292,1543,1749,551,470,634,636,430,571,316,205,284,295,196,247,235,265,350,341,234,324
2017_1,성미산로11길,3849,1841,2008,566,574,766,695,553,695,315,273,363,333,252,305,251,301,403,362,301,390
2017_1,백범로16길,1784,871,913,256,258,341,302,255,372,133,113,162,173,123,167,123,145,179,129,132,205
2017_1,방울내로9안길,5705,2756,2949,1024,754,1062,1040,784,1041,506,381,499,522,384,464,518,373,563,518,400,577
2017_1,모래내로7길,2057,1038,1019,333,291,323,382,297,431,177,148,178,195,149,191,156,143,145,187,148,240
2017_1,매봉산로2길,3031,1557,1474,404,552,615,494,388,578,216,260,338,268,219,256,188,292,277,226,169,322
2017_1,망원로2길,4671,2225,2446,727,686,923,803,670,862,373,329,421,410,316,376,354,357,502,393,354,486
2017_1,망원로11길,2321,1095,1226,382,344,369,422,333,471,190,160,178,209,161,197,192,184,191,213,172,274
2017_1,만리재옛길,2691,1312,1379,337,386,502,466,388,612,172,188,255,244,201,252,165,198,247,222,187,360
2017_1,마포대로4길,879,407,472,117,149,182,133,122,176,60,63,101,65,51,67,57,86,81,68,71,109
2017_1,마포대로20길,2140,1026,1114,294,334,442,396,317,357,147,140,213,201,167,158,147,194,229,195,150,199
2017_1,마포대로12길,807,354,453,80,154,247,123,87,116,44,45,114,63,43,45,36,109,133,60,44,71
2017_1,동교로38길,1561,722,839,125,354,382,220,185,295,60,166,177,108,94,117,65,188,205,112,91,178
2017_1,동교로27길,2746,1261,1485,311,594,670,398,292,481,161,252,304,186,135,223,150,342,366,212,157,258
2017_1,동교로25길,1354,611,743,142,304,333,178,176,221,68,126,150,87,80,100,74,178,183,91,96,121
2017_1,동교로19길,1854,843,1011,218,295,415,393,235,298,92,146,189,181,114,121,126,149,226,212,121,177
2017_1,동교로17길,1953,910,1043,251,348,480,320,253,301,135,137,225,165,119,129,116,211,255,155,134,172
2017_1,독막로8길,1403,644,759,155,257,343,219,185,244,81,98,157,117,86,105,74,159,186,102,99,139
2017_1,독막로32길,2942,1441,1501,432,396,493,487,451,683,218,210,265,234,218,296,214,186,228,253,233,387
2017_1,독막로22길,1085,507,578,204,156,211,207,135,172,103,69,93,102,67,73,101,87,118,105,68,99
2017_1,도화길,1019,461,558,136,207,238,158,121,159,59,88,100,80,66,68,77,119,138,78,55,91
2017_1,도화4길,3938,1851,2087,669,448,639,694,613,875,340,208,306,351,291,355,329,240,333,343,322,520
2017_1,대흥로28길,1696,806,890,116,449,249,228,271,383,52,193,118,112,152,179,64,256,131,116,119,204
2017_1,대흥로21길,3807,1979,1828,352,864,596,537,589,869,187,469,338,294,320,371,165,395,258,243,269,498
2017_1,광성로6길,2057,1092,965,266,480,319,346,266,380,152,290,167,183,145,155,114,190,152,163,121,225
2017_1,홍제내길,3052,1433,1619,493,374,466,545,427,747,251,184,240,262,185,311,242,190,226,283,242,436
2017_1,홍연길,1261,655,606,168,153,157,210,222,351,89,81,87,122,114,162,79,72,70,88,108,189
2017_1,통일로39길,1679,853,826,206,246,219,255,308,445,116,133,117,126,153,208,90,113,102,129,155,237
2017_1,통일로37길,1606,715,891,174,172,204,286,294,476,74,83,99,142,133,184,100,89,105,144,161,292
2017_1,통일로11길,310,165,145,28,40,41,41,44,116,20,18,23,24,31,49,8,22,18,17,13,67
2017_1,충정로6길,724,403,321,43,117,159,105,128,172,20,67,84,77,77,78,23,50,75,28,51,94
2017_1,충정로4길,486,245,241,39,76,108,71,65,127,18,39,57,43,32,56,21,37,51,28,33,71
2017_1,증가로6길,3269,1597,1672,469,508,514,503,515,760,235,250,274,260,255,323,234,258,240,243,260,437
2017_1,증가로23나길,5153,2487,2666,770,731,796,857,847,1152,382,358,409,421,416,501,388,373,387,436,431,651
2017_1,증가로20가길,3512,1765,1747,660,580,491,642,535,604,350,308,262,322,253,270,310,272,229,320,282,334
2017_1,증가로10길,3859,1885,1974,443,716,536,623,600,941,220,340,295,307,306,417,223,376,241,316,294,524
2017_1,응암로1길,3863,1858,2005,551,460,698,617,616,921,268,216,342,329,277,426,283,244,356,288,339,495
2017_1,연희로10길,3251,1765,1486,246,1379,624,314,273,415,130,818,361,150,126,180,116,561,263,164,147,235
2017_1,신촌로37길,832,451,381,59,137,124,134,167,211,30,69,71,80,99,102,29,68,53,54,68,109
2017_1,수색로8길,3790,1850,1940,575,439,688,560,594,934,280,219,361,284,283,423,295,220,327,276,311,511
2017_1,세무서길,3754,1803,1951,446,546,487,591,618,1066,230,271,262,287,316,437,216,275,225,304,302,629
2017_1,세무서2길,2006,983,1023,250,261,251,357,325,562,126,134,139,179,169,236,124,127,112,178,156,326
2017_1,세검정로1길,1190,570,620,193,124,123,205,199,346,94,56,56,105,116,143,99,68,67,100,83,203
2017_1,북아현로4길,3759,1809,1950,411,552,520,607,646,1023,208,285,290,306,307,413,203,267,230,301,339,610
2017_1,모래내로15길,10741,5184,5557,2473,1167,1825,1950,1491,1835,1211,581,823,1003,727,839,1262,586,1002,947,764,996
2017_1,명지대길,2403,1189,1214,313,532,350,366,353,489,166,261,181,181,175,225,147,271,169,185,178,264
2017_1,독립문로8길,4321,2069,2252,714,565,705,739,603,995,358,280,371,380,281,399,356,285,334,359,322,596
2017_1,가재울로6길,2765,1366,1399,395,367,399,474,410,720,212,174,214,260,196,310,183,193,185,214,214,410
2017_1,통일로92길,5722,2864,2858,763,917,924,861,1054,1203,417,468,513,434,479,553,346,449,411,427,575,650
2017_1,통일로87길,1774,841,933,241,267,296,292,272,406,113,122,159,139,132,176,128,145,137,153,140,230
2017_1,통일로78길,4575,2185,2390,623,694,808,695,737,1018,305,352,418,339,321,450,318,342,390,356,416,568
2017_1,통일로69길,1841,884,957,269,245,291,289,313,434,138,125,152,141,145,183,131,120,139,148,168,251
2017_1,진흥로1길,4265,2061,2204,755,553,728,745,663,821,385,281,344,374,312,365,370,272,384,371,351,456
2017_1,진흥로12길,5802,2843,2959,749,744,971,960,924,1454,390,398,512,494,425,624,359,346,459,466,499,830
2017_1,증산서길,2624,1344,1280,403,355,398,378,441,649,223,183,203,211,217,307,180,172,195,167,224,342
2017_1,증산로9길,2833,1373,1460,472,369,454,477,428,633,233,180,234,240,189,297,239,189,220,237,239,336
2017_1,증산로5길,2856,1392,1464,418,353,374,491,484,736,214,190,173,245,234,336,204,163,201,246,250,400
2017_1,증산로21길,5281,2565,2716,806,756,934,872,813,1100,424,379,473,419,377,493,382,377,461,453,436,607
2017_1,증산로17길,2161,1051,1110,308,303,332,335,339,544,151,148,178,170,159,245,157,155,154,165,180,299
2017_1,증산로15길,2527,1236,1291,390,288,346,448,422,633,191,155,176,228,209,277,199,133,170,220,213,356
2017_1,증산로13길,2056,1064,992,235,292,271,324,415,519,127,157,156,162,218,244,108,135,115,162,197,275
2017_1,응암로34길,3015,1455,1560,535,364,497,539,449,631,280,168,251,265,216,275,255,196,246,274,233,356
2017_1,응암로22길,1916,941,975,251,222,215,320,327,581,136,116,118,168,152,251,115,106,97,152,175,330
2017_1,응암로14길,1906,964,942,250,241,226,335,351,503,139,136,107,179,189,214,111,105,119,156,162,289
2017_1,응암로13길,1775,869,906,205,273,340,265,284,408,110,129,176,132,140,182,95,144,164,133,144,226
2017_1,응암로12길,1533,768,765,201,189,186,239,269,449,109,103,97,126,130,203,92,86,89,113,139,246
2017_1,은평로8길,3438,1672,1766,630,479,651,638,435,605,331,234,319,328,203,257,299,245,332,310,232,348
2017_1,은평로3길,2382,1099,1283,391,330,404,423,343,491,192,161,181,201,155,209,199,169,223,222,188,282
2017_1,은평로20길,1249,606,643,141,174,161,229,205,339,77,98,80,111,92,148,64,76,81,118,113,191
2017_1,은평로13길,3160,1516,1644,509,389,514,546,491,711,257,186,257,267,230,319,252,203,257,279,261,392
2017_1,은평로10길,3017,1469,1548,515,370,490,544,451,647,278,181,257,274,211,268,237,189,233,270,240,379
2017_1,연서로5길,2882,1398,1484,533,371,515,477,459,527,268,188,268,232,212,230,265,183,247,245,247,297
2017_1,연서로41길,4031,1987,2044,572,515,556,692,740,956,290,279,298,341,348,431,282,236,258,351,392,525
2017_1,연서로3길,3633,1733,1900,698,481,660,596,520,678,343,237,319,305,219,310,355,244,341,291,301,368
2017_1,연서로34길,3062,1438,1624,437,416,445,472,512,780,211,206,236,236,228,321,226,210,209,236,284,459
2017_1,연서로33길,2130,1054,1076,229,288,311,300,375,627,121,156,171,150,185,271,108,132,140,150,190,356
2017_1,연서로29길,1075,510,565,131,175,218,156,180,215,65,83,116,70,80,96,66,92,102,86,100,119
2017_1,연서로28길,3657,1740,1917,439,626,652,555,577,808,202,292,336,272,270,368,237,334,316,283,307,440
2017_1,연서로27길,3079,1436,1643,430,447,480,532,491,699,209,208,250,237,236,296,221,239,230,295,255,403
2017_1,연서로21길,4340,2055,2285,774,593,737,762,655,819,388,288,383,352,296,348,386,305,354,410,359,471
2017_1,연서로17길,2333,1153,1180,362,307,388,396,398,482,182,150,208,199,187,227,180,157,180,197,211,255
2017_1,연서로16길,4760,2273,2487,793,600,738,776,824,1029,405,280,369,385,380,454,388,320,369,391,444,575
2017_1,연서로13길,3983,1869,2114,652,570,624,722,632,783,313,250,323,334,303,346,339,320,301,388,329,437
2017_1,연서로11길,3955,1915,2040,772,553,645,704,578,703,387,280,319,344,276,309,385,273,326,360,302,394
2017_1,역말로9길,5840,2821,3019,898,753,996,996,904,1293,432,363,526,502,439,559,466,390,470,494,465,734
2017_1,수색로18길,2394,1208,1186,286,324,284,389,447,664,153,185,149,207,238,276,133,139,135,182,209,388
2017_1,서오릉로8길,2778,1321,1457,366,378,443,446,454,691,178,180,225,222,217,299,188,198,218,224,237,392
2017_1,서오릉로21길,3988,1935,2053,679,545,613,619,690,842,341,283,301,309,319,382,338,262,312,310,371,460
2017_1,불광천길,5325,2611,2714,755,712,839,900,868,1251,392,346,459,453,431,530,363,366,380,447,437,721
2017_1,갈현로7길,2729,1326,1403,462,373,413,460,468,553,251,186,203,221,214,251,211,187,210,239,254,302
2017_1,갈현로41길,3284,1624,1660,479,435,420,548,591,811,269,238,225,267,279,346,210,197,195,281,312,465
2017_1,갈현로33길,3706,1812,1894,723,561,507,651,591,673,384,280,267,286,286,309,339,281,240,365,305,364
2017_1,갈현로1길,2351,1149,1202,409,332,356,408,398,448,204,165,198,196,196,190,205,167,158,212,202,258
2017_1,가좌로7길,3687,1814,1873,577,480,468,574,677,911,303,243,249,286,335,398,274,237,219,288,342,513
2017_1,한글비석로44길,4184,2068,2116,598,571,494,730,676,1115,297,297,267,374,342,491,301,274,227,356,334,624
2017_1,한글비석로24길,2567,1294,1273,323,374,336,381,464,689,172,203,189,181,235,314,151,171,147,200,229,375
2017_1,한글비석로22길,1530,792,738,264,199,183,273,254,357,135,100,99,140,134,184,129,99,84,133,120,173
2017_1,석계로1길,2188,1120,1068,278,282,296,341,368,623,158,154,151,177,192,288,120,128,145,164,176,335
2017_1,상계로9가길,2610,1356,1254,334,388,348,410,438,692,188,213,199,209,225,322,146,175,149,201,213,370
2017_1,상계로1길,1183,598,585,223,181,197,198,192,192,111,95,103,100,92,97,112,86,94,98,100,95
2017_1,상계로12길,3687,1812,1875,485,608,477,592,652,873,253,305,260,298,313,383,232,303,217,294,339,490
2017_1,동일로242길,2920,1426,1494,419,450,397,408,556,690,222,221,213,175,273,322,197,229,184,233,283,368
2017_1,동일로192길,2700,1410,1290,313,757,406,310,401,513,157,407,224,173,206,243,156,350,182,137,195,270
2017_1,동일로173가길,3817,1906,1911,616,568,666,579,609,779,315,296,341,309,266,379,301,272,325,270,343,400
2017_1,공릉로58길,1630,797,833,323,314,177,261,282,273,170,169,78,103,153,124,153,145,99,158,129,149
2017_1,해등로16길,2275,1103,1172,333,395,305,359,440,443,165,204,151,168,204,211,168,191,154,191,236,232
2017_1,우이천로4다길,2370,1202,1168,372,334,273,429,429,533,193,185,148,206,234,236,179,149,125,223,195,297
2017_1,우이천로32길,3089,1485,1604,566,419,442,557,494,611,266,212,234,268,231,274,300,207,208,289,263,337
2017_1,시루봉로23길,3659,1893,1766,454,483,414,640,712,956,242,252,226,355,373,445,212,231,188,285,339,511
2017_1,삼양로144길,981,460,521,154,123,143,181,139,241,95,42,65,77,78,103,59,81,78,104,61,138
2017_1,방학로6가길,2262,1141,1121,288,314,301,379,452,528,144,167,173,198,229,230,144,147,128,181,223,298
2017_1,방학로5길,3883,1931,1952,593,516,576,558,685,955,317,259,317,275,338,425,276,257,259,283,347,530
2017_1,방학로15길,3886,1920,1966,861,543,447,729,672,634,437,302,219,326,319,317,424,241,228,403,353,317
2017_1,방학로10길,2006,992,1014,313,261,265,346,365,456,160,148,146,163,170,205,153,113,119,183,195,251
2017_1,도봉산길,1730,886,844,205,209,242,251,322,501,100,112,131,144,165,234,105,97,111,107,157,267
2017_1,도봉산4길,369,193,176,24,41,53,48,83,120,14,19,34,29,43,54,10,22,19,19,40,66
2017_1,도봉로181길,2049,1023,1026,304,244,270,318,334,579,148,129,157,151,164,274,156,115,113,167,170,305
2017_1,도봉로169나길,2983,1517,1466,336,319,426,461,533,908,174,165,230,238,276,434,162,154,196,223,257,474
2017_1,도봉로156길,1388,766,622,156,160,172,230,286,384,84,86,103,133,166,194,72,74,69,97,120,190
2017_1,도봉로152가길,744,393,351,75,83,87,85,173,241,41,50,53,46,92,111,34,33,34,39,81,130
2017_1,도봉로147길,3726,1824,1902,505,518,487,593,705,918,255,248,255,310,355,401,250,270,232,283,350,517
2017_1,도봉로143길,1776,901,875,214,268,227,268,356,443,112,144,119,137,181,208,102,124,108,131,175,235
2017_1,도봉로114길,4971,2410,2561,529,764,791,829,881,1177,255,370,430,423,430,502,274,394,361,406,451,675
2017_1,도봉로109길,2385,1172,1213,334,300,405,389,370,587,164,155,205,198,184,266,170,145,200,191,186,321
2017_1,도당로29길,2950,1496,1454,361,413,354,532,494,796,192,206,194,280,259,365,169,207,160,252,235,431
2017_1,도당로19길,4087,2109,1978,594,522,507,733,698,1033,306,280,274,389,382,478,288,242,233,344,316,555
2017_1,도당로13바길,3310,1704,1606,555,457,415,561,603,719,295,256,236,280,310,327,260,201,179,281,293,392
2017_1,도당로13가길,1784,914,870,204,249,228,284,374,445,108,126,132,151,189,208,96,123,96,133,185,237
2017_1,덕릉로60길,2460,1203,1257,396,344,344,380,443,553,202,168,194,175,218,246,194,176,150,205,225,307
2017_1,노해로63다길,1961,981,980,319,261,317,315,336,413,173,125,162,155,162,204,146,136,155,160,174,209
2017_1,노해로60길,1810,896,914,197,324,342,274,297,376,104,150,182,151,129,180,93,174,160,123,168,196
2017_1,한천로140길,1713,852,861,170,285,307,235,312,404,91,147,176,121,134,183,79,138,131,114,178,221
2017_1,한천로139가길,1566,739,827,140,276,274,235,246,395,66,130,148,105,115,175,74,146,126,130,131,220
2017_1,한천로132길,1851,926,925,210,309,325,324,307,376,114,140,177,171,148,176,96,169,148,153,159,200
2017_1,한천로130길,3263,1631,1632,506,451,492,552,548,714,277,229,243,289,287,306,229,222,249,263,261,408
2017_1,한천로124나길,1887,937,950,268,276,317,301,283,442,141,134,168,169,141,184,127,142,149,132,142,258
2017_1,한천로109길,3115,1508,1607,605,425,452,519,516,598,319,211,214,244,248,272,286,214,238,275,268,326
2017_1,인수봉로79길,2791,1424,1367,409,335,355,461,508,723,209,187,200,233,251,344,200,148,155,228,257,379
2017_1,인수봉로72길,4230,2017,2213,623,574,576,604,753,1100,303,293,294,284,358,485,320,281,282,320,395,615
2017_1,인수봉로56길,1952,943,1009,301,276,265,335,318,457,152,144,141,167,138,201,149,132,124,168,180,256
2017_1,오패산로67길,2176,1067,1109,204,394,429,367,343,439,101,178,227,197,165,199,103,216,202,170,178,240
2017_1,오패산로52길,3062,1504,1558,435,422,411,502,497,795,225,216,233,261,217,352,210,206,178,241,280,443
2017_1,오패산로30길,1544,767,777,244,176,238,237,240,409,134,95,120,130,106,182,110,81,118,107,134,227
2017_1,수유로12길,3404,1700,1704,399,629,589,477,528,782,204,290,334,260,246,366,195,339,255,217,282,416
2017_1,솔샘로65길,2963,1479,1484,416,422,435,498,521,671,213,210,235,260,246,315,203,212,200,238,275,356
2017_1,솔매로50길,2200,1070,1130,320,325,312,384,343,516,168,149,166,195,163,229,152,176,146,189,180,287
2017_1,솔매로45길,2064,1012,1052,251,325,287,328,367,506,141,151,143,157,191,229,110,174,144,171,176,277
2017_1,솔매로41길,3419,1677,1742,441,509,476,529,651,813,232,255,265,259,303,363,209,254,211,270,348,450
2017_1,삼양로93길,3103,1543,1560,481,423,413,494,517,775,250,223,223,248,245,354,231,200,190,246,272,421
2017_1,삼양로77길,3435,1756,1679,507,450,507,525,607,839,267,265,284,267,299,374,240,185,223,258,308,465
2017_1,삼양로54길,3702,1816,1886,475,520,558,567,681,901,244,255,294,292,344,387,231,265,264,275,337,514
2017_1,삼양로41길,4557,2291,2266,597,605,518,747,823,1267,315,321,283,388,429,555,282,284,235,359,394,712
2017_1,삼양로27길,1385,686,699,329,139,267,280,179,191,167,79,129,143,91,77,162,60,138,137,88,114
2017_1,삼양로24길,3047,1529,1518,322,332,378,481,600,934,158,182,219,251,299,420,164,150,159,230,301,514
2017_1,삼양로20길,2297,1155,1142,293,351,260,369,444,580,146,195,149,189,219,257,147,156,111,180,225,323
2017_1,삼각산로28길,3819,1878,1941,467,607,676,558,677,834,258,306,366,256,313,379,209,301,310,302,364,455
2017_1,도봉로99길,2234,1108,1126,259,379,368,345,396,487,139,204,202,162,192,209,120,175,166,183,204,278
2017_1,도봉로8길,265,136,129,20,33,41,58,44,69,12,16,27,36,19,26,8,17,14,22,25,43
2017_1,도봉로76길,3561,1666,1895,361,719,610,518,591,762,163,281,309,277,299,337,198,438,301,241,292,425
2017_1,도봉로67길,1723,846,877,213,234,244,226,322,484,117,107,136,116,152,218,96,127,108,110,170,266
2017_1,도봉로45길,3341,1616,1725,441,465,540,576,556,763,219,220,284,292,257,344,222,245,256,284,299,419
2017_1,도봉로18길,3160,1588,1572,392,412,464,513,564,815,193,224,270,263,268,370,199,188,194,250,296,445
2017_1,도봉로13길,1817,899,918,213,268,234,295,350,457,106,149,129,146,167,202,107,119,105,149,183,255
2017_1,덕릉로41길,2734,1322,1412,247,480,459,446,442,660,124,220,242,226,220,290,123,260,217,220,222,370
2017_1,덕릉로40길,2015,1024,991,311,257,294,356,353,444,170,120,145,202,180,207,141,137,149,154,173,237
2017_1,노해로33길,2431,1193,1238,300,322,356,398,400,655,171,178,195,192,182,275,129,144,161,206,218,380
2017_1,노해로23길,1450,702,748,232,201,226,247,252,292,113,102,128,120,112,127,119,99,98,127,140,165
2017_1,노해로17길,2745,1363,1382,379,418,406,452,473,617,192,210,219,239,228,275,187,208,187,213,245,342
2017_1,화랑로40길,2120,1103,1017,258,263,345,383,392,479,137,134,192,201,205,234,121,129,153,182,187,245
2017_1,화랑로32길,3511,1763,1748,461,540,450,597,606,857,257,276,229,316,308,377,204,264,221,281,298,480
2017_1,화랑로1길,2776,1393,1383,410,296,429,456,453,732,206,160,230,253,218,326,204,136,199,203,235,406
2017_1,화랑로19길,2418,1221,1197,355,282,322,406,420,633,174,161,174,206,212,294,181,121,148,200,208,339
2017_1,화랑로14길,1404,688,716,173,301,192,207,234,297,86,145,105,105,121,126,87,156,87,102,113,171
2017_1,화랑로13길,1194,542,652,147,286,175,169,169,248,65,93,103,89,91,101,82,193,72,80,78,147
2017_1,한천로76길,1808,895,913,238,266,294,292,326,392,122,132,152,151,152,186,116,134,142,141,174,206
2017_1,한천로101가길,3164,1608,1556,575,372,385,603,540,689,293,206,209,304,283,313,282,166,176,299,257,376
2017_1,창경궁로43길,1272,561,711,117,329,243,173,180,230,62,139,102,79,85,94,55,190,141,94,95,136
2017_1,지봉로20길,2787,1409,1378,357,493,455,472,431,579,188,255,261,243,200,262,169,238,194,229,231,317
2017_1,종암로5길,2582,1430,1152,290,788,406,309,302,487,146,505,240,159,158,222,144,283,166,150,144,265
2017_1,종암로24가길,2198,1098,1100,396,251,405,366,339,441,207,135,202,199,168,187,189,116,203,167,171,254
2017_1,종암로21길,1745,850,895,343,261,248,312,269,312,172,130,124,157,130,137,171,131,124,155,139,175
2017_1,종암로19길,1741,844,897,277,277,256,289,265,377,140,137,135,143,120,169,137,140,121,146,145,208
2017_1,종암로16길,3492,1667,1825,430,448,390,540,579,1105,252,219,205,251,289,451,178,229,185,289,290,654
2017_1,정릉로8길,1836,935,901,238,335,284,229,295,455,121,174,159,130,156,195,117,161,125,99,139,260
2017_1,정릉로27길,3611,1781,1830,590,429,543,568,566,915,310,232,287,283,270,399,280,197,256,285,296,516
2017_1,정릉로26길,1927,959,968,319,176,268,355,296,513,179,93,123,188,147,229,140,83,145,167,149,284
2017_1,장위로50길,2431,1246,1185,291,316,317,395,449,663,145,150,172,220,234,325,146,166,145,175,215,338
2017_1,장월로1길,2037,968,1069,227,406,279,311,307,507,121,147,146,174,151,229,106,259,133,137,156,278
2017_1,인촌로6길,986,488,498,160,134,161,182,135,214,75,68,77,100,64,104,85,66,84,82,71,110
2017_1,인촌로5길,1521,673,848,165,446,252,204,192,262,88,148,122,100,95,120,77,298,130,104,97,142
2017_1,인촌로24길,725,417,308,48,281,125,69,75,127,27,150,89,45,44,62,21,131,36,24,31,65
2017_1,개운사길,1090,563,527,81,604,124,77,72,132,43,322,76,37,32,53,38,282,48,40,40,79
2017_1,인촌로1길,1541,740,801,169,301,251,222,248,350,82,145,119,120,124,150,87,156,132,102,124,200
2017_1,인촌로17가길,1714,818,896,198,546,250,250,183,287,99,266,120,113,93,127,99,280,130,137,90,160
2017_1,오패산로4길,3107,1510,1597,388,594,445,468,499,713,181,248,240,259,246,336,207,346,205,209,253,377
2017_1,오패산로3길,3477,1728,1749,506,428,457,537,596,953,252,229,242,291,287,427,254,199,215,246,309,526
2017_1,오패산로19길,1791,886,905,205,239,229,274,334,510,109,125,113,148,168,223,96,114,116,126,166,287
2017_1,안암로5길,2281,1146,1135,272,443,411,364,367,424,136,243,213,181,190,183,136,200,198,183,177,241
2017_1,아리랑로4길,3147,1397,1750,309,875,613,387,355,608,156,347,283,187,162,262,153,528,330,200,193,346
2017_1,솔샘로6길,1935,956,979,289,291,263,297,334,461,145,155,144,142,181,189,144,136,119,155,153,272
2017_1,성북로8길,1588,787,801,282,229,220,301,245,311,159,120,104,148,123,133,123,109,116,153,122,178
2017_1,삼양로8길,1677,839,838,206,211,218,262,271,509,107,126,120,135,136,215,99,85,98,127,135,294
2017_1,삼선교로16가길,1915,970,945,295,291,260,335,302,432,161,157,146,176,146,184,134,134,114,159,156,248
2017_1,삼선교로10다길,2338,1159,1179,275,381,370,365,397,550,145,194,206,191,187,236,130,187,164,174,210,314
2017_1,삼선교로10길,2360,1107,1253,303,488,383,345,345,496,154,229,195,164,148,217,149,259,188,181,197,279
2017_1,보문로32길,1304,467,837,89,505,285,140,124,161,40,117,122,64,55,69,49,388,163,76,69,92
2017_1,보문로31길,2978,1387,1591,382,635,556,461,374,570,205,270,271,230,176,235,177,365,285,231,198,335
2017_1,보문로26길,1325,632,693,139,359,215,191,173,248,72,156,124,96,86,98,67,203,91,95,87,150
2017_1,보문로13길,2519,1214,1305,293,395,389,428,418,596,146,198,202,203,203,262,147,197,187,225,215,334
2017_1,보국문로16길,3009,1481,1528,496,412,473,507,462,659,266,210,240,265,215,285,230,202,233,242,247,374
2017_1,동소문로6길,315,152,163,37,43,43,43,55,94,21,23,20,25,26,37,16,20,23,18,29,57
2017_1,동소문로2길,400,209,191,39,70,48,64,65,114,24,36,27,35,36,51,15,34,21,29,29,63
2017_1,동소문로26가길,2412,982,1430,197,699,439,329,264,484,86,211,197,164,120,204,111,488,242,165,144,280
2017_1,동소문로15길,1110,483,627,134,275,176,191,131,203,70,93,82,97,64,77,64,182,94,94,67,126
2017_1,동소문로13길,2963,1362,1601,536,496,442,523,408,558,249,230,199,247,195,242,287,266,243,276,213,316
2017_1,돌곶이로8길,1421,717,704,195,192,175,197,278,384,107,97,100,106,138,169,88,95,75,91,140,215
2017_1,돌곶이로41길,1958,989,969,320,255,260,320,344,459,170,141,143,149,170,216,150,114,117,171,174,243
2017_1,돌곶이로28길,1977,1050,927,241,261,308,315,360,492,133,131,171,185,190,240,108,130,137,130,170,252
2017_1,돌곶이로27길,3291,1675,1616,440,397,402,562,620,870,225,213,227,285,318,407,215,184,175,277,302,463
2017_1,돌곶이로22길,1249,621,628,186,188,176,197,227,275,90,88,102,97,117,127,96,100,74,100,110,148
2017_1,돌곶이로14길,1374,673,701,201,187,181,230,239,336,107,80,90,120,127,149,94,107,91,110,112,187
2017_1,길음로7길,314,159,155,14,27,36,47,51,139,7,14,23,25,29,61,7,13,13,22,22,78
2017_1,중랑천로10길,2715,1393,1322,370,361,420,477,488,599,193,176,242,251,257,274,177,185,178,226,231,325
2017_1,용마산로94길,3550,1832,1718,502,529,470,586,696,767,252,280,262,309,360,369,250,249,208,277,336,398
2017_1,용마산로118길,2030,1082,948,191,248,242,313,466,570,99,135,139,174,258,277,92,113,103,139,208,293
2017_1,용마산로112길,2711,1369,1342,394,375,368,394,539,641,199,189,205,195,269,312,195,186,163,199,270,329
2017_1,용마산로100길,3192,1617,1575,543,435,469,536,561,648,272,222,249,268,302,304,271,213,220,268,259,344
2017_1,신내로7가길,2722,1326,1396,628,337,430,495,415,417,316,178,206,234,209,183,312,159,224,261,206,234
2017_1,사가정로54길,3270,1597,1673,381,531,590,526,525,717,198,250,308,278,254,309,183,281,282,248,271,408
2017_1,사가정로42길,3303,1644,1659,542,437,479,530,589,726,277,223,236,276,283,349,265,214,243,254,306,377
2017_1,봉화산로56길,3909,1915,1994,732,510,571,665,661,770,378,278,283,327,306,343,354,232,288,338,355,427
2017_1,봉화산로4길,4616,2426,2190,485,629,707,740,953,1102,265,318,408,400,506,529,220,311,299,340,447,573
2017_1,봉화산로30길,3155,1573,1582,454,471,530,478,559,663,242,228,288,235,278,302,212,243,242,243,281,361
2017_1,봉우재로33길,2277,1129,1148,227,384,413,323,412,518,111,196,216,167,202,237,116,188,197,156,210,281
2017_1,면목로78길,5727,2838,2889,786,861,912,918,1010,1240,396,433,494,473,490,552,390,428,418,445,520,688
2017_1,면목로56길,2931,1482,1449,379,452,403,522,557,618,199,248,221,264,276,274,180,204,182,258,281,344
2017_1,면목로55길,2051,1026,1025,312,288,349,370,366,366,159,145,184,185,182,171,153,143,165,185,184,195
2017_1,면목로49길,2966,1499,1467,350,389,523,506,521,677,196,181,271,278,268,305,154,208,252,228,253,372
2017_1,면목로48길,3058,1488,1570,400,466,521,484,541,646,196,232,274,245,258,283,204,234,247,239,283,363
2017_1,면목로45길,1507,779,728,155,252,239,263,268,330,76,130,134,147,145,147,79,122,105,116,123,183
2017_1,면목로33길,2786,1404,1382,460,367,404,503,453,599,231,186,215,264,228,280,229,181,189,239,225,319
2017_1,면목로21길,1933,972,961,301,265,296,333,333,405,156,143,145,176,170,182,145,122,151,157,163,223
2017_1,망우로73길,1582,800,782,220,236,175,279,287,385,111,120,93,145,146,185,109,116,82,134,141,200
2017_1,망우로68길,2480,1276,1204,349,372,339,383,526,511,191,214,184,182,266,239,158,158,155,201,260,272
2017_1,동일로163길,3571,1804,1767,462,556,681,551,630,691,239,270,381,278,319,317,223,286,300,273,311,374
2017_1,동일로157길,2720,1345,1375,310,448,492,438,464,568,155,214,269,236,226,245,155,234,223,202,238,323
2017_1,동일로149길,2764,1375,1389,435,370,460,453,480,566,239,173,251,229,241,242,196,197,209,224,239,324
2017_1,동일로140길,2452,1268,1184,345,375,411,336,454,531,196,205,216,179,229,243,149,170,195,157,225,288
2017_1,동일로139길,2952,1523,1429,280,380,385,481,640,786,147,186,212,262,346,370,133,194,173,219,294,416
2017_1,동일로139가길,1830,930,900,264,264,260,299,363,380,143,136,135,166,184,166,121,128,125,133,179,214
2017_1,동일로130길,3438,1655,1783,512,541,546,497,634,708,245,278,281,235,297,319,267,263,265,262,337,389
2017_1,동일로123길,2676,1373,1303,316,373,341,425,583,638,179,206,174,215,305,294,137,167,167,210,278,344
2017_1,동일로112길,4438,2187,2251,484,822,831,657,760,884,250,366,443,356,362,410,234,456,388,301,398,474
2017_1,동일로101길,3158,1585,1573,517,412,400,623,587,619,238,209,217,322,313,286,279,203,183,301,274,333
2017_1,동일로100길,5330,2734,2596,746,784,877,831,974,1118,407,395,494,426,487,525,339,389,383,405,487,593
2017_1,답십리로75길,1996,1002,994,314,311,306,339,358,368,167,149,169,162,188,167,147,162,137,177,170,201
2017_1,공릉로2길,4112,1991,2121,522,610,750,633,648,949,260,298,381,326,299,427,262,312,369,307,349,522
2017_1,공릉로12가길,1052,524,528,198,143,128,191,182,210,106,75,70,94,90,89,92,68,58,97,92,121
2017_1,겸재로54길,5225,2634,2591,743,817,908,877,915,965,397,421,482,434,464,436,346,396,426,443,451,529
2017_1,겸재로36길,4221,2126,2095,504,586,675,781,726,949,270,280,364,394,365,453,234,306,311,387,361,496
2017_1,겸재로29길,2257,1145,1112,263,351,385,377,383,498,132,176,198,201,214,224,131,175,187,176,169,274
2017_1,휘경로3길,3714,1873,1841,400,665,640,593,613,803,201,344,367,316,304,341,199,321,273,277,309,462
2017_1,휘경로2길,1349,664,685,128,389,195,173,180,284,65,184,110,93,88,124,63,205,85,80,92,160
2017_1,휘경로23길,2662,1326,1336,274,302,377,487,459,763,134,164,215,264,232,317,140,138,162,223,227,446
2017_1,휘경로14길,2145,1112,1033,205,310,303,375,393,559,101,164,176,217,205,249,104,146,127,158,188,310
2017_1,한천로46길,2356,1153,1203,463,268,320,443,350,512,233,120,176,206,185,233,230,148,144,237,165,279
2017_1,한천로40길,1850,928,922,222,234,226,293,369,506,105,121,115,165,200,222,117,113,111,128,169,284
2017_1,한천로33길,784,383,401,140,95,105,148,137,159,63,42,52,82,68,76,77,53,53,66,69,83
2017_1,한천로14길,3266,1724,1542,364,427,424,564,660,827,185,231,235,320,356,397,179,196,189,244,304,430
2017_1,천호대로97길,2872,1454,1418,472,436,545,452,446,521,236,220,274,239,223,262,236,216,271,213,223,259
2017_1,천호대로77길,2346,1203,1143,342,349,410,354,428,463,187,179,214,186,203,234,155,170,196,168,225,229
2017_1,천호대로45길,2513,1311,1202,266,352,321,350,475,749,144,202,180,203,240,342,122,150,141,147,235,407
2017_1,천호대로17길,2173,1103,1070,254,319,339,352,382,527,117,172,198,192,188,236,137,147,141,160,194,291
2017_1,천호대로12길,755,400,355,75,96,76,90,156,262,38,51,45,59,92,115,37,45,31,31,64,147
2017_1,천장산로7길,1446,752,694,143,785,164,101,85,168,61,431,95,48,42,75,82,354,69,53,43,93
2017_1,제기로5길,1126,611,515,80,217,192,154,174,309,44,113,124,94,96,140,36,104,68,60,78,169
2017_1,제기로21길,3338,1690,1648,342,341,380,464,614,1197,170,188,216,248,332,536,172,153,164,216,282,661
2017_1,전농로4길,1528,801,727,135,185,167,286,300,455,81,95,95,159,168,203,54,90,72,127,132,252
2017_1,전농로3길,1849,920,929,282,232,222,325,320,468,146,117,121,161,175,200,136,115,101,164,145,268
2017_1,전농로29길,2086,1019,1067,309,273,239,349,391,525,152,155,129,171,199,213,157,118,110,178,192,312
2017_1,장한로8길,2328,1180,1148,348,353,429,351,412,435,200,169,226,182,187,216,148,184,203,169,225,219
2017_1,장한로5길,2165,1089,1076,350,293,406,330,345,441,191,148,207,174,174,195,159,145,199,156,171,246
2017_1,장한로27길,1096,571,525,149,133,182,188,207,237,80,68,103,108,100,112,69,65,79,80,107,125
2017_1,장한로27가길,1100,562,538,158,135,141,178,183,305,85,75,72,89,101,140,73,60,69,89,82,165
2017_1,장한로26길,2683,1346,1337,509,283,470,488,389,544,267,148,237,254,186,254,242,135,233,234,203,290
2017_1,장한로26가길,1356,678,678,190,208,284,197,204,273,91,102,144,104,96,141,99,106,140,93,108,132
2017_1,장한로25길,640,319,321,95,103,96,105,129,112,51,54,47,52,65,50,44,49,49,53,64,62
2017_1,장한로14길,1306,659,647,220,167,205,220,192,302,114,88,101,119,91,146,106,79,104,101,101,156
2017_1,이문로42길,3821,1960,1861,524,614,550,610,619,904,270,326,315,316,325,408,254,288,235,294,294,496
2017_1,왕산로43길,3588,1803,1785,415,426,513,556,666,1012,200,233,279,311,345,435,215,193,234,245,321,577
2017_1,왕산로33길,530,272,258,30,63,63,64,88,222,13,33,32,42,45,107,17,30,31,22,43,115
2017_1,왕산로32길,1130,575,555,100,173,166,154,217,320,52,81,85,94,116,147,48,92,81,60,101,173
2017_1,약령시로17길,1586,825,761,142,186,206,212,301,539,81,100,117,127,161,239,61,86,89,85,140,300
2017_1,서울시립대로4길,2322,1185,1137,389,290,380,393,337,533,195,151,193,214,186,246,194,139,187,179,151,287
2017_1,서울시립대로29길,4383,2208,2175,536,1138,666,509,599,935,257,627,375,259,279,411,279,511,291,250,320,524
2017_1,서울시립대로16길,3576,1768,1808,518,561,409,621,689,778,262,289,235,305,334,343,256,272,174,316,355,435
2017_1,사가정로2길,1973,996,977,309,275,321,348,325,395,146,154,170,186,167,173,163,121,151,162,158,222
2017_1,사가정로23가길,2006,991,1015,313,299,298,318,365,413,151,155,161,156,175,193,162,144,137,162,190,220
2017_1,사가정로13길,2096,1040,1056,254,269,271,312,435,555,133,148,143,157,219,240,121,121,128,155,216,315
2017_1,무학로45길,2123,1157,966,252,469,332,288,339,443,127,291,205,152,177,205,125,178,127,136,162,238
2017_1,무학로16길,1193,601,592,178,154,186,165,219,291,91,83,103,85,112,127,87,71,83,80,107,164
2017_1,망우로21길,643,330,313,70,93,80,98,108,194,40,52,37,52,56,93,30,41,43,46,52,101
2017_1,망우로18길,1503,732,771,194,446,220,188,172,283,87,235,111,97,77,125,107,211,109,91,95,158
2017_1,망우로18가길,2700,1365,1335,290,853,357,326,338,536,141,463,206,159,151,245,149,390,151,167,187,291
2017_1,답십리로72길,1307,648,659,189,197,258,192,217,254,97,93,128,100,107,123,92,104,130,92,110,131
2017_1,답십리로69길,1674,870,804,283,213,264,271,283,360,149,119,137,143,156,166,134,94,127,128,127,194
2017_1,답십리로68길,2829,1463,1366,346,427,612,481,504,459,191,211,331,249,252,229,155,216,281,232,252,230
2017_1,답십리로64길,2932,1441,1491,425,393,462,492,528,632,220,186,248,252,243,292,205,207,214,240,285,340
2017_1,답십리로63길,1519,764,755,213,207,207,252,285,355,98,117,118,132,148,151,115,90,89,120,137,204
2017_1,답십리로60길,2032,1040,992,270,314,254,299,402,493,139,168,141,151,215,226,131,146,113,148,187,267
2017_1,답십리로56길,3912,1950,1962,531,521,535,632,702,991,269,298,265,334,345,439,262,223,270,298,357,552
2017_1,답십리로23길,2228,1103,1125,321,334,334,359,371,509,174,178,170,173,185,223,147,156,164,186,186,286
2017_1,난계로30길,242,146,96,35,31,36,41,40,59,19,19,22,24,24,38,16,12,14,17,16,21
2017_1,경희대로4길,1303,639,664,144,428,192,149,156,234,56,212,114,74,72,111,88,216,78,75,84,123
2017_1,경희대로3길,624,302,322,52,246,98,59,64,105,24,118,50,30,33,47,28,128,48,29,31,58
2017_1,천호대로129길,3374,1644,1730,551,476,611,582,530,624,288,238,302,294,241,281,263,238,309,288,289,343
2017_1,천호대로123길,3075,1497,1578,483,485,530,501,554,522,252,245,253,247,268,232,231,240,277,254,286,290
2017_1,천호대로109길,3616,1726,1890,458,653,772,553,549,631,237,287,379,261,265,297,221,366,393,292,284,334
2017_1,자양번영로3길,3896,1977,1919,667,554,556,659,708,752,341,302,302,324,362,346,326,252,254,335,346,406
2017_1,자양로53길,2807,1347,1460,463,372,456,421,516,579,232,174,219,202,254,266,231,198,237,219,262,313
2017_1,자양로50길,4741,2316,2425,787,649,791,750,786,978,410,339,398,369,362,438,377,310,393,381,424,540
2017_1,자양로45길,2689,1298,1391,382,404,495,425,450,533,205,185,244,208,204,252,177,219,251,217,246,281
2017_1,자양로26길,3129,1483,1646,443,583,589,582,461,471,226,254,291,280,220,212,217,329,298,302,241,259
2017_1,자양로15길,1914,916,998,263,305,355,309,296,386,143,146,157,157,149,164,120,159,198,152,147,222
2017_1,자양로11길,4017,1961,2056,476,635,754,651,690,811,242,304,401,323,329,362,234,331,353,328,361,449
2017_1,용마산로3길,3832,1869,1963,684,604,752,632,571,589,361,309,354,312,269,264,323,295,398,320,302,325
2017_1,용마산로21길,5320,2660,2660,783,876,928,838,965,930,387,457,497,406,468,445,396,419,431,432,497,485
2017_1,아차산로78길,1171,569,602,212,162,252,190,164,191,120,74,125,86,77,87,92,88,127,104,87,104
2017_1,아차산로65길,2868,1392,1476,584,401,453,533,413,484,292,208,227,247,195,223,292,193,226,286,218,261
2017_1,아차산로55길,3035,1426,1609,295,608,681,458,447,546,157,273,346,231,190,229,138,335,335,227,257,317
2017_1,아차산로51길,1741,817,924,198,356,426,250,259,252,101,161,196,124,121,114,97,195,230,126,138,138
2017_1,아차산로40길,3100,1563,1537,419,599,533,501,477,571,246,279,287,258,236,257,173,320,246,243,241,314
2017_1,면목로17길,4154,2066,2088,514,617,680,665,788,890,245,324,370,333,394,400,269,293,310,332,394,490
2017_1,뚝섬로64길,2981,1502,1479,459,474,489,468,518,573,257,226,272,226,253,268,202,248,217,242,265,305
2017_1,뚝섬로58길,3442,1674,1768,635,472,634,604,501,596,314,238,315,298,237,272,321,234,319,306,264,324
2017_1,뚝섬로54길,3552,1748,1804,690,507,661,649,534,511,354,249,332,306,264,243,336,258,329,343,270,268
2017_1,뚝섬로48길,3601,1759,1842,571,506,688,640,559,637,288,264,335,324,255,293,283,242,353,316,304,344
2017_1,뚝섬로24길,3087,1571,1516,383,416,509,505,588,686,197,218,283,260,306,307,186,198,226,245,282,379
2017_1,뚝섬로23길,2104,1020,1084,225,326,348,310,408,487,106,163,177,166,192,216,119,163,171,144,216,271
2017_1,동일로24길,2976,1450,1526,284,889,635,381,353,434,150,395,324,201,175,205,134,494,311,180,178,229
2017_1,동일로18길,2054,1061,993,216,366,374,307,373,418,114,194,188,176,199,190,102,172,186,131,174,228
2017_1,능동로4길,3377,1627,1750,755,450,581,640,527,424,363,230,253,312,261,208,392,220,328,328,266,216
2017_1,능동로3길,3767,1899,1868,405,431,562,597,806,966,191,219,284,334,415,456,214,212,278,263,391,510
2017_1,능동로34길,5194,2438,2756,687,926,1333,749,618,881,378,377,631,365,295,392,309,549,702,384,323,489
2017_1,능동로19길,2289,1117,1172,119,862,399,249,271,389,56,390,200,147,161,163,63,472,199,102,110,226
2017_1,능동로13길,3801,1800,2001,284,1343,790,431,406,547,146,560,411,230,210,243,138,783,379,201,196,304
2017_1,긴고랑로9길,2130,1069,1061,293,319,346,349,401,422,164,158,191,160,195,201,129,161,155,189,206,221
2017_1,긴고랑로8길,4219,2153,2066,466,672,859,643,732,847,268,333,464,331,366,391,198,339,395,312,366,456
2017_1,긴고랑로7길,4763,2337,2426,736,651,802,844,837,893,366,318,405,428,426,394,370,333,397,416,411,499
2017_1,긴고랑로20길,4231,2040,2191,621,655,790,660,707,798,322,307,399,320,338,354,299,348,391,340,369,444
2017_1,광나루로52길,4502,2168,2334,711,707,896,733,663,792,324,365,459,360,322,338,387,342,437,373,341,454
2017_1,광나루로40길,3808,1878,1930,497,604,816,602,546,743,246,314,421,294,264,339,251,290,395,308,282,404
2017_1,광나루로37길,634,296,338,99,87,77,99,121,151,46,43,41,47,55,64,53,44,36,52,66,87
2017_1,광나루로36길,2677,1280,1397,357,414,486,456,407,557,173,188,244,243,196,236,184,226,242,213,211,321
2017_1,광나루로24길,1371,728,643,128,377,234,184,173,275,70,221,130,101,90,116,58,156,104,83,83,159
2017_1,광나루로12길,2400,1225,1175,145,1159,515,208,188,185,78,542,291,118,106,90,67,617,224,90,82,95
2017_1,한림말길,2213,1061,1152,236,311,344,352,399,571,117,149,177,177,207,234,119,162,167,175,192,337
2017_1,한림말3길,1008,479,529,148,147,201,154,135,223,80,66,91,81,60,101,68,81,110,73,75,122
2017_1,청계천로10나길,2800,1432,1368,398,419,376,487,497,623,209,241,197,241,271,273,189,178,179,246,226,350
2017_1,장터길,2043,995,1048,229,255,300,376,319,564,119,132,150,198,147,249,110,123,150,178,172,315
2017_1,용답중앙길,2831,1465,1366,384,426,381,492,505,643,190,230,214,249,277,305,194,196,167,243,228,338
2017_1,용답29길,3303,1677,1626,411,488,543,552,588,721,190,230,289,305,320,343,221,258,254,247,268,378
2017_1,왕십리로6길,2148,1112,1036,324,340,378,380,332,394,168,175,198,202,174,195,156,165,180,178,158,199
2017_1,왕십리로31길,2973,1442,1531,365,520,503,471,472,642,185,228,265,237,243,284,180,292,238,234,229,358
2017_1,왕십리로26길,2961,1490,1471,425,512,472,496,470,586,222,252,244,257,261,254,203,260,228,239,209,332
2017_1,왕십리로21길,2508,1193,1315,362,435,367,440,407,497,170,220,183,207,195,218,192,215,184,233,212,279
2017_1,왕십리로14길,1938,1026,912,262,340,319,304,351,362,148,169,151,175,188,195,114,171,168,129,163,167
2017_1,아차산로5길,1476,745,731,169,281,293,212,246,275,93,127,164,104,137,120,76,154,129,108,109,155
2017_1,아차산로15길,394,238,156,5,103,163,61,34,28,2,52,95,47,24,18,3,51,68,14,10,10
2017_1,아차산로11길,390,234,156,47,52,56,82,86,67,25,31,26,55,59,38,22,21,30,27,27,29
2017_1,송정4가길,2713,1464,1249,303,426,417,434,583,550,152,238,233,242,328,271,151,188,184,192,255,279
2017_1,송정12라길,1306,709,597,157,187,203,221,247,291,89,97,115,135,134,139,68,90,88,86,113,152
2017_1,성수일로6길,680,391,289,97,100,95,133,137,118,53,52,52,75,94,65,44,48,43,58,43,53
2017_1,성수이로7길,1387,751,636,132,309,242,194,251,259,67,150,137,112,144,141,65,159,105,82,107,118
2017_1,성수이로18길,294,157,137,50,38,31,55,66,54,24,21,15,32,42,23,26,17,16,23,24,31
2017_1,성덕정길,3416,1782,1634,510,526,455,591,704,630,259,293,253,301,398,278,251,233,202,290,306,352
2017_1,성덕정17길,3800,1999,1801,461,532,540,593,813,861,240,283,285,329,465,397,221,249,255,264,348,464
2017_1,서울숲2길,2157,1086,1071,314,333,434,359,344,373,157,175,227,185,176,166,157,158,207,174,168,207
2017_1,상원길,1202,612,590,145,219,246,205,173,214,80,105,131,111,87,98,65,114,115,94,86,116
2017_1,상원12길,2544,1301,1243,390,418,497,417,419,403,205,208,266,236,205,181,185,210,231,181,214,222
2017_1,사근동길,2470,1389,1081,202,902,311,250,298,507,109,591,184,139,140,226,93,311,127,111,158,281
2017_1,무학봉길,2440,1209,1231,411,391,366,394,392,486,214,195,190,200,201,209,197,196,176,194,191,277
2017_1,무학봉28길,1036,495,541,117,228,150,170,166,205,48,122,74,87,89,75,69,106,76,83,77,130
2017_1,무학로6길,1848,912,936,235,304,308,315,313,373,128,143,159,168,152,162,107,161,149,147,161,211
2017_1,무수막길,2297,1109,1188,302,260,346,411,387,591,158,114,179,215,193,250,144,146,167,196,194,341
2017_1,매봉길,1226,604,622,231,130,267,244,172,182,128,66,119,128,84,79,103,64,148,116,88,103
2017_1,마조로1길,1163,567,596,103,514,197,103,93,153,47,248,104,52,40,76,56,266,93,51,53,77
2017_1,마조로16길,2686,1360,1326,359,376,341,426,480,704,190,187,176,218,265,324,169,189,165,208,215,380
2017_1,마장로39길,897,452,445,174,137,139,151,160,136,91,68,67,73,85,68,83,69,72,78,75,68
2017_1,마장로27길,1951,979,972,262,322,280,312,316,459,138,161,155,161,159,205,124,161,125,151,157,254
2017_1,뚝섬로5길,1884,941,943,281,293,370,344,275,321,142,131,180,183,155,150,139,162,190,161,120,171
2017_1,둘레9길,3143,1681,1462,387,438,440,574,660,644,208,223,245,310,388,307,179,215,195,264,272,337
2017_1,금호산길,3560,1768,1792,543,487,480,606,631,813,298,261,262,291,305,351,245,226,218,315,326,462
2017_1,금호산2길,2440,1193,1247,350,343,326,392,402,627,181,183,170,203,191,265,169,160,156,189,211,362
2017_1,고산자로6길,3046,1552,1494,335,524,389,497,576,725,183,285,209,265,292,318,152,239,180,232,284,407
2017_1,후암로28길,5633,2745,2888,940,715,949,1001,854,1174,521,355,474,492,406,497,419,360,475,509,448,677
2017_1,효창원로39길,2984,1419,1565,458,382,590,479,423,652,230,165,292,243,216,273,228,217,298,236,207,379
2017_1,회나무로13길,2327,1041,1286,230,259,376,376,373,713,118,137,173,177,156,280,112,122,203,199,217,433
2017_1,한남대로20길,642,292,350,60,96,151,111,76,148,31,34,77,58,29,63,29,62,74,53,47,85
2017_1,한강대로88길,106,83,23,1,5,17,27,25,31,1,2,13,22,23,22,0,3,4,5,2,9
2017_1,한강대로7길,773,414,359,63,60,115,104,147,284,39,36,70,61,82,126,24,24,45,43,65,158
2017_1,한강대로62길,948,471,477,89,118,149,136,166,290,50,60,71,77,82,131,39,58,78,59,84,159
2017_1,한강대로52길,643,301,342,48,84,106,89,87,229,30,40,49,43,56,83,18,44,57,46,31,146
2017_1,한강대로43길,1281,604,677,113,221,359,194,172,222,50,87,152,100,91,124,63,134,207,94,81,98
2017_1,한강대로15길,521,275,246,43,56,90,71,90,171,23,40,52,45,47,68,20,16,38,26,43,103
2017_1,한강대로104길,2816,1545,1271,324,389,410,474,576,643,183,186,214,298,341,323,141,203,196,176,235,320
2017_1,청파로73길,2804,1441,1363,375,472,417,482,482,576,203,244,243,248,247,256,172,228,174,234,235,320
2017_1,청파로71길,4375,2206,2169,656,792,714,735,674,804,346,408,401,369,332,350,310,384,313,366,342,454
2017_1,청파로47나길,3109,1458,1651,465,699,646,470,354,475,231,264,324,238,185,216,234,435,322,232,169,259
2017_1,청파로47길,1650,640,1010,142,539,282,199,187,301,67,124,126,93,96,134,75,415,156,106,91,167
2017_1,장문로45길,2884,1392,1492,365,428,463,466,482,680,192,236,245,223,207,289,173,192,218,243,275,391
2017_1,이태원로54길,2424,1068,1356,133,251,472,435,412,721,64,97,237,232,164,274,69,154,235,203,248,447
2017_1,이태원로27길,695,332,363,75,104,126,120,92,178,37,55,55,62,44,79,38,49,71,58,48,99
2017_1,이촌로22길,2042,960,1082,246,210,257,355,353,621,117,107,134,190,173,239,129,103,123,165,180,382
2017_1,원효로89길,937,462,475,100,168,142,167,141,219,54,82,75,88,70,93,46,86,67,79,71,126
2017_1,원효로53길,2177,1110,1067,269,322,326,347,328,585,151,175,188,190,160,246,118,147,138,157,168,339
2017_1,원효로41길,1491,709,782,235,154,232,253,222,395,102,76,128,141,98,164,133,78,104,112,124,231
2017_1,원효로19길,2039,1007,1032,336,306,325,339,311,422,181,141,165,172,165,183,155,165,160,167,146,239
2017_1,우사단로4길,2464,1209,1255,284,391,415,397,418,559,149,221,228,192,194,225,135,170,187,205,224,334
2017_1,우사단로14길,1369,709,660,147,172,315,245,186,304,79,93,173,137,95,132,68,79,142,108,91,172
2017_1,우사단로10길,2873,1509,1364,278,421,518,494,488,674,154,257,298,281,247,272,124,164,220,213,241,402
2017_1,신흥로20길,2869,1423,1446,414,398,475,473,435,674,228,204,254,250,206,281,186,194,221,223,229,393
2017_1,소월로20길,2408,1141,1267,293,357,396,355,401,606,150,174,204,165,192,256,143,183,192,190,209,350
2017_1,서빙고로71길,2701,1298,1403,345,326,334,453,493,750,176,166,169,236,250,301,169,160,165,217,243,449
2017_1,백범로90길,3949,1922,2027,624,592,980,658,528,567,313,254,476,336,252,291,311,338,504,322,276,276
2017_1,백범로79길,3958,1901,2057,668,593,713,715,530,739,349,271,359,349,255,318,319,322,354,366,275,421
2017_1,두텁바위로1길,3339,1753,1586,339,495,471,549,582,903,189,259,247,286,330,442,150,236,224,263,252,461
2017_1,대사관로34길,1437,686,751,172,256,277,214,222,296,97,119,139,97,110,124,75,137,138,117,112,172
2017_1,녹사평대로46길,863,424,439,105,141,158,131,113,215,59,77,76,72,55,85,46,64,82,59,58,130
2017_1,녹사평대로40나길,771,363,408,104,116,138,120,98,195,45,56,74,60,47,81,59,60,64,60,51,114
2017_1,녹사평대로32길,612,305,307,61,91,149,75,94,142,36,45,70,43,43,68,25,46,79,32,51,74
2017_1,녹사평대로26길,986,459,527,86,155,197,138,163,247,45,81,105,57,81,90,41,74,92,81,82,157
2017_1,녹사평대로11길,438,219,219,65,47,72,86,61,107,32,25,32,49,36,45,33,22,40,37,25,62
2017_1,퇴계로90길,3550,1787,1763,451,534,428,686,641,810,234,282,230,373,342,326,217,252,198,313,299,484
2017_1,퇴계로8길,1547,813,734,95,129,148,214,272,689,39,57,92,114,152,359,56,72,56,100,120,330
2017_1,퇴계로56길,1228,628,600,126,203,155,175,196,373,62,111,80,103,97,175,64,92,75,72,99,198
2017_1,퇴계로46길,687,362,325,90,175,109,98,71,144,53,88,58,56,38,69,37,87,51,42,33,75
2017_1,퇴계로18길,787,393,394,102,106,134,135,123,187,48,60,78,71,61,75,54,46,56,64,62,112
2017_1,퇴계로12길,943,455,488,101,113,132,140,168,289,56,61,72,71,80,115,45,52,60,69,88,174
2017_1,청구로1길,2074,989,1085,246,289,249,383,373,534,123,147,128,190,198,203,123,142,121,193,175,331
2017_1,청구로17길,1873,937,936,260,293,318,288,319,395,132,149,167,150,162,177,128,144,151,138,157,218
2017_1,장충단로8길,1567,778,789,197,282,261,232,242,353,107,139,134,124,121,153,90,143,127,108,121,200
2017_1,삼일대로4길,110,63,47,30,15,23,27,9,6,16,7,16,15,6,3,14,8,7,12,3,3
2017_1,명동길,72,56,16,0,8,14,10,20,20,0,4,13,9,16,14,0,4,1,1,4,6
2017_1,동호로8길,700,333,367,85,132,138,101,110,134,38,63,68,59,52,53,47,69,70,42,58,81
2017_1,동호로20길,2252,1039,1213,338,376,359,414,322,443,160,181,176,193,146,183,178,195,183,221,176,260
2017_1,동호로15길,2040,1006,1034,234,286,290,331,336,563,124,159,136,176,167,244,110,127,154,155,169,319
2017_1,동호로11길,4839,2368,2471,651,774,798,858,744,1014,355,409,424,424,328,428,296,365,374,434,416,586
2017_1,동호로10길,2085,1011,1074,251,416,422,332,298,366,135,184,205,169,153,165,116,232,217,163,145,201
2017_1,다산로39길,929,519,410,63,102,101,165,234,264,25,59,59,106,141,129,38,43,42,59,93,135
2017_1,다산로38길,1495,733,762,221,237,246,237,245,309,116,122,117,121,129,128,105,115,129,116,116,181
2017_1,다산로36길,2302,1146,1156,294,307,300,422,450,529,154,163,157,224,236,212,140,144,143,198,214,317
2017_1,다산로33길,3873,1961,1912,469,647,539,683,681,854,237,359,309,354,346,356,232,288,230,329,335,498
2017_1,난계로21길,832,424,408,69,183,188,105,117,170,33,92,101,55,67,76,36,91,87,50,50,94
2017_1,난계로11길,3197,1530,1667,305,662,634,522,499,575,137,277,302,268,275,271,168,385,332,254,224,304
2017_1,필운대로1길,729,336,393,137,92,95,150,105,150,67,43,41,64,56,65,70,49,54,86,49,85
2017_1,평창길,1681,835,846,309,270,201,224,258,419,175,151,104,97,120,188,134,119,97,127,138,231
2017_1,통일로12길,953,443,510,121,117,130,196,125,264,69,48,61,103,63,99,52,69,69,93,62,165
2017_1,창신길,2530,1285,1245,354,379,292,472,502,531,169,198,175,241,269,233,185,181,117,231,233,298
2017_1,창신5길,1452,777,675,141,169,147,272,307,416,77,99,86,147,175,193,64,70,61,125,132,223
2017_1,창신2길,917,466,451,105,113,110,154,207,228,56,55,60,86,106,103,49,58,50,68,101,125
2017_1,창경궁로35길,952,413,539,84,189,124,168,139,248,42,78,54,80,63,96,42,111,70,88,76,152
2017_1,지봉로8길,2486,1245,1241,310,331,328,451,444,622,164,157,185,241,224,274,146,174,143,210,220,348
2017_1,종로65길,3807,1970,1837,391,507,511,643,820,935,197,259,274,344,452,444,194,248,237,299,368,491
2017_1,종로58가길,451,225,226,22,135,112,59,53,70,9,55,59,37,28,37,13,80,53,22,25,33
2017_1,종로24길,51,36,15,3,2,3,8,14,21,1,2,2,6,12,13,2,0,1,2,2,8
2017_1,자하문로7길,761,358,403,127,97,115,127,101,194,75,51,49,56,46,81,52,46,66,71,55,113
2017_1,이화장길,1722,844,878,232,381,297,247,253,312,119,169,154,118,135,149,113,212,143,129,118,163
2017_1,율곡로16길,503,270,233,60,72,85,88,79,119,39,38,49,53,36,55,21,34,36,35,43,64
2017_1,율곡로10길,301,169,132,20,26,40,57,53,105,11,15,23,38,31,51,9,11,17,19,22,54
2017_1,옥인길,2704,1213,1491,519,312,486,557,335,495,252,145,214,249,151,202,267,167,272,308,184,293
2017_1,숭인동길,996,514,482,101,127,133,154,189,292,55,69,73,82,107,128,46,58,60,72,82,164
2017_1,성균관로5길,1010,498,512,89,345,160,123,123,170,48,169,89,65,59,68,41,176,71,58,64,102
2017_1,삼청로5길,778,362,416,78,78,123,98,130,271,31,35,65,49,60,122,47,43,58,49,70,149
2017_1,북촌로5나길,709,336,373,113,80,114,114,106,182,66,40,52,58,42,78,47,40,62,56,64,104
2017_1,북촌로5길,466,214,252,64,52,57,61,81,151,34,21,25,35,35,64,30,31,32,26,46,87
2017_1,북촌로11길,682,313,369,65,74,87,107,111,238,37,36,45,53,47,95,28,38,42,54,64,143
2017_1,백석동길,1772,862,910,288,243,266,321,292,362,151,143,127,147,126,168,137,100,139,174,166,194
2017_1,명륜길,1497,763,734,169,456,202,169,175,326,77,261,121,89,80,135,92,195,81,80,95,191
2017_1,돈화문로11가길,1150,647,503,106,166,213,208,184,273,58,104,126,122,107,130,48,62,87,86,77,143
2017_1,난계로27길,769,365,404,19,351,208,67,43,81,7,122,108,37,36,55,12,229,100,30,7,26
2017_1,계동길,1919,891,1028,289,222,279,350,298,481,136,93,139,172,141,210,153,129,140,178,157,271
2016_4,강남 마이스 관광특구,19,11,8,6,1,1,3,4,4,3,0,1,1,3,3,3,1,0,2,1,1
2016_4,잠실 관광특구,8977,4405,4572,1157,1341,1898,1294,1529,1758,606,650,873,647,733,896,551,691,1025,647,796,862
2016_4,종로·청계 관광특구,2750,1678,1072,140,298,291,377,678,966,71,180,183,246,451,547,69,118,108,131,227,419
2016_4,동대문패션타운 관광특구,2509,1294,1215,236,374,486,387,487,539,117,176,243,218,256,284,119,198,243,169,231,255
2016_4,명동 남대문 북창동 다동 무교동 관광특구,1299,496,803,24,67,157,228,303,520,8,34,76,79,128,171,16,33,81,149,175,349
2016_4,이태원 관광특구,6948,3306,3642,592,943,1351,1101,1131,1830,291,464,694,566,528,763,301,479,657,535,603,1067
2016_4,길동복조리시장,3337,1637,1700,536,449,557,510,556,729,294,220,278,259,241,345,242,229,279,251,315,384
2016_4,둔촌역전통시장,626,318,308,106,86,93,112,118,111,54,61,38,50,63,52,52,25,55,62,55,59
2016_4,성내골목시장,1038,533,505,119,152,186,154,196,231,55,80,104,80,102,112,64,72,82,74,94,119
2016_4,천호시장,145,77,68,3,8,16,29,37,52,1,5,5,19,25,22,2,3,11,10,12,30
2016_4,동서울시장,229,109,120,14,16,26,41,51,81,4,6,12,27,24,36,10,10,14,14,27,45
2016_4,고분다리골목시장,376,200,176,50,46,49,62,89,80,25,24,25,38,52,36,25,22,24,24,37,44
2016_4,양지골목시장,765,391,374,136,107,142,140,116,124,65,60,76,77,56,57,71,47,66,63,60,67
2016_4,암사종합시장,943,481,462,93,160,209,138,165,178,48,90,114,69,77,83,45,70,95,69,88,95
2016_4,고덕전통시장,339,166,173,38,40,49,56,69,87,23,25,24,25,36,33,15,15,25,31,33,54
2016_4,명일골목시장,2051,1016,1035,460,259,290,385,310,347,246,131,133,197,148,161,214,128,157,188,162,186
2016_4,새마을시장,2358,1162,1196,239,391,444,336,403,545,127,191,225,186,189,244,112,200,219,150,214,301
2016_4,석촌시장,811,410,401,112,138,116,145,149,151,58,65,57,79,81,70,54,73,59,66,68,81
2016_4,방이시장,5392,2597,2795,773,893,1115,829,876,906,414,415,563,413,385,407,359,478,552,416,491,499
2016_4,마천시장,1042,546,496,146,136,125,160,202,273,68,78,61,93,112,134,78,58,64,67,90,139
2016_4,풍납시장,2747,1365,1382,313,376,427,438,501,692,148,198,230,229,236,324,165,178,197,209,265,368
2016_4,강남개포시장,5,3,2,1,1,0,1,1,1,1,1,0,0,1,0,0,0,0,1,0,1
2016_4,도곡시장,250,110,140,69,30,35,67,26,23,39,10,11,29,13,8,30,20,24,38,13,15
2016_4,청담삼익시장,158,76,82,21,23,16,18,28,52,12,9,8,8,14,25,9,14,8,10,14,27
2016_4,논현종합시장,91,35,56,12,7,19,17,6,30,3,3,6,6,3,14,9,4,13,11,3,16
2016_4,영동전통시장,1259,580,679,119,228,327,220,156,209,58,100,148,117,65,92,61,128,179,103,91,117
2016_4,강남시장_강남,294,142,152,43,35,63,40,36,77,23,17,32,19,18,33,20,18,31,21,18,44
2016_4,양재시장,78,41,37,9,14,9,17,9,20,6,6,4,8,7,10,3,8,5,9,2,10
2016_4,남부종합시장,188,89,99,44,19,17,43,23,42,24,8,7,21,10,19,20,11,10,22,13,23
2016_4,우림시장,82,37,45,8,7,22,8,12,25,5,3,8,5,2,14,3,4,14,3,10,11
2016_4,미성동도깨비시장,693,326,367,82,80,85,131,109,206,38,35,43,72,52,86,44,45,42,59,57,120
2016_4,신신림시장,74,33,41,13,5,10,13,6,27,4,2,3,9,4,11,9,3,7,4,2,16
2016_4,삼성동시장,189,109,80,10,19,21,26,37,76,7,14,14,17,18,39,3,5,7,9,19,37
2016_4,신림중앙시장,69,33,36,8,21,19,8,6,7,3,10,9,4,2,5,5,11,10,4,4,2
2016_4,강남골목시장,565,283,282,53,106,130,75,91,110,22,50,74,44,48,45,31,56,56,31,43,65
2016_4,신림종합시장,3,2,1,0,0,0,2,0,1,0,0,0,1,0,1,0,0,0,1,0,0
2016_4,관악신사시장,2151,1099,1052,246,352,345,371,370,467,130,173,194,199,199,204,116,179,151,172,171,263
2016_4,신원시장,412,230,182,41,77,56,56,73,109,22,46,30,32,45,55,19,31,26,24,28,54
2016_4,인헌시장,1413,710,703,116,254,307,215,204,317,66,117,160,113,111,143,50,137,147,102,93,174
2016_4,봉천중앙시장,336,151,185,21,130,90,41,28,26,7,50,41,25,14,14,14,80,49,16,14,12
2016_4,봉천현대시장,14,5,9,1,2,0,2,5,4,1,1,0,1,2,0,0,1,0,1,3,4
2016_4,봉일시장,102,43,59,6,38,23,4,17,14,2,15,9,2,9,6,4,23,14,2,8,8
2016_4,봉천제일종합시장,384,178,206,27,75,59,63,67,93,14,27,32,28,37,40,13,48,27,35,30,53
2016_4,낙성대시장,684,333,351,52,251,155,81,61,84,21,117,82,48,27,38,31,134,73,33,34,46
2016_4,중부시장,580,285,295,50,144,114,74,64,134,26,62,59,44,35,59,24,82,55,30,29,75
2016_4,사당시장,15,10,5,2,4,0,4,4,1,1,3,0,2,3,1,1,1,0,2,1,0
2016_4,남성역골목시장,545,239,306,56,94,92,78,71,154,28,39,38,33,34,67,28,55,54,45,37,87
2016_4,남성사계시장,611,304,307,33,111,107,82,98,180,21,38,58,54,52,81,12,73,49,28,46,99
2016_4,흑석시장,1000,464,536,148,163,138,163,137,251,76,82,67,80,60,99,72,81,71,83,77,152
2016_4,상도4동도깨비골목시장,2029,987,1042,202,267,305,324,343,588,100,139,168,165,164,251,102,128,137,159,179,337
2016_4,성대시장,133,65,68,13,36,15,19,29,21,8,16,7,8,17,9,5,20,8,11,12,12
2016_4,영도시장,64,31,33,1,10,8,9,15,21,1,5,3,7,7,8,0,5,5,2,8,13
2016_4,상도전통시장,1629,787,842,159,296,282,232,228,432,91,145,142,120,113,176,68,151,140,112,115,256
2016_4,강남시장_동작,155,70,85,14,30,29,20,24,38,9,14,11,10,11,15,5,16,18,10,13,23
2016_4,신노량진시장,23,12,11,1,3,2,5,7,5,0,1,1,1,6,3,1,2,1,4,1,2
2016_4,본동인정시장,466,253,213,43,80,86,70,76,111,22,53,52,44,42,40,21,27,34,26,34,71
2016_4,노량진중앙시장,169,95,74,8,58,30,17,20,36,3,36,19,10,13,14,5,22,11,7,7,22
2016_4,대림중앙시장,447,217,230,45,43,48,77,86,148,29,25,26,34,38,65,16,18,22,43,48,83
2016_4,우리시장,382,190,192,44,55,39,60,68,116,22,29,20,32,34,53,22,26,19,28,34,63
2016_4,영진시장A동,136,72,64,24,14,20,18,17,43,11,8,13,8,9,23,13,6,7,10,8,20
2016_4,사러가시장,108,49,59,12,11,13,21,14,37,7,6,7,10,5,14,5,5,6,11,9,23
2016_4,대신시장,216,97,119,36,24,23,36,38,59,14,14,9,19,16,25,22,10,14,17,22,34
2016_4,양남시장,1,1,0,0,0,0,0,1,0,0,0,0,0,1,0,0,0,0,0,0,0
2016_4,영일시장,733,371,362,79,112,162,111,94,175,35,55,95,63,49,74,44,57,67,48,45,101
2016_4,도림시장,62,31,31,5,14,10,9,7,17,2,10,6,5,3,5,3,4,4,4,4,12
2016_4,영등포청과시장,286,162,124,27,38,31,39,64,87,16,22,19,24,42,39,11,16,12,15,22,48
2016_4,영등포전통시장,2247,1335,912,96,318,414,357,456,606,58,142,223,254,320,338,38,176,191,103,136,268
2016_4,은행나무시장,434,215,219,70,40,67,80,70,107,38,19,41,37,33,47,32,21,26,43,37,60
2016_4,박미시장,289,158,131,26,20,33,60,54,96,20,8,21,26,35,48,6,12,12,34,19,48
2016_4,현대시장,2421,1164,1257,280,377,312,348,464,640,142,176,159,170,221,296,138,201,153,178,243,344
2016_4,대명시장,7,6,1,0,1,1,0,2,3,0,1,1,0,2,2,0,0,0,0,0,1
2016_4,푸른터시장,30,18,12,7,0,10,5,1,7,5,0,6,3,1,3,2,0,4,2,0,4
2016_4,남문시장,1581,787,794,195,205,196,265,372,348,86,104,115,122,202,158,109,101,81,143,170,190
2016_4,독산동 우시장,93,45,48,2,36,21,15,9,10,0,11,14,10,5,5,2,25,7,5,4,5
2016_4,오류시장,161,85,76,11,14,19,24,29,64,6,9,10,18,17,25,5,5,9,6,12,39
2016_4,개봉중앙시장,408,188,220,74,66,64,63,68,73,37,28,39,24,29,31,37,38,25,39,39,42
2016_4,고척근린시장,650,321,329,86,78,83,98,117,188,45,39,47,50,59,81,41,39,36,48,58,107
2016_4,가리봉시장,305,161,144,24,44,23,41,72,101,10,25,14,22,43,47,14,19,9,19,29,54
2016_4,남구로시장,734,416,318,85,65,89,139,149,207,40,30,55,91,95,105,45,35,34,48,54,102
2016_4,구로시장,140,75,65,15,15,14,25,35,36,5,7,9,14,25,15,10,8,5,11,10,21
2016_4,공항시장,164,62,102,1,90,38,16,14,5,1,24,13,9,11,4,0,66,25,7,3,1
2016_4,방신전통시장,912,463,449,94,103,107,171,186,251,40,51,59,94,96,123,54,52,48,77,90,128
2016_4,송화골목시장,598,293,305,111,86,89,113,85,114,58,37,40,54,46,58,53,49,49,59,39,56
2016_4,까치산시장,1064,476,588,141,145,214,162,149,253,73,53,109,81,62,98,68,92,105,81,87,155
2016_4,화곡본동시장,358,159,199,47,62,78,51,40,80,26,22,37,20,17,37,21,40,41,31,23,43
2016_4,남부골목시장,2017,959,1058,256,269,348,293,354,497,132,138,162,157,161,209,124,131,186,136,193,288
2016_4,화곡중앙골목시장,1089,527,562,188,153,199,173,176,200,87,73,107,86,85,89,101,80,92,87,91,111
2016_4,신월중앙시장,81,48,33,15,12,22,11,8,13,9,8,11,7,5,8,6,4,11,4,3,5
2016_4,등마루시장,3,2,1,0,0,0,1,1,1,0,0,0,1,1,0,0,0,0,0,0,1
2016_4,신정3동골목시장,484,261,223,38,57,55,84,93,157,20,31,21,61,61,67,18,26,34,23,32,90
2016_4,신정2동골목시장,495,249,246,76,64,76,95,60,124,36,36,38,51,32,56,40,28,38,44,28,68
2016_4,신정제일시장,190,82,108,26,22,18,23,43,58,5,9,6,14,22,26,21,13,12,9,21,32
2016_4,신월7동골목시장,136,64,72,16,29,20,19,26,26,9,14,9,12,9,11,7,15,11,7,17,15
2016_4,신월6동골목시장,171,94,77,17,17,15,33,37,52,12,12,9,17,20,24,5,5,6,16,17,28
2016_4,신곡종합시장,109,51,58,13,13,20,15,17,31,7,4,10,10,8,12,6,9,10,5,9,19
2016_4,신월3동골목시장,455,250,205,57,52,64,74,94,114,34,28,36,43,57,52,23,24,28,31,37,62
2016_4,경창시장,371,182,189,62,43,49,59,57,101,33,21,24,33,29,42,29,22,25,26,28,59
2016_4,월정로시장,1706,880,826,254,202,233,273,320,424,131,100,131,147,176,195,123,102,102,126,144,229
2016_4,신영시장,1298,613,685,195,147,176,229,249,302,76,68,82,123,124,140,119,79,94,106,125,162
2016_4,목4동시장,1171,576,595,199,195,138,210,213,216,104,114,65,96,100,97,95,81,73,114,113,119
2016_4,목3동시장,1256,642,614,168,216,253,200,197,222,84,109,149,104,100,96,84,107,104,96,97,126
2016_4,목2동시장,1098,558,540,89,149,201,147,201,311,45,65,118,72,107,151,44,84,83,75,94,160
2016_4,동진시장,36,18,18,7,4,11,3,4,7,3,3,4,1,2,5,4,1,7,2,2,2
2016_4,망원월드컵시장,856,405,451,149,121,155,153,117,161,76,55,71,77,48,78,73,66,84,76,69,83
2016_4,망원시장,2069,986,1083,230,276,413,353,308,489,130,128,197,187,140,204,100,148,216,166,168,285
2016_4,합정시장,86,32,54,12,10,21,9,11,23,4,4,9,4,3,8,8,6,12,5,8,15
2016_4,영진시장,213,96,117,18,29,41,31,35,59,11,15,17,14,14,25,7,14,24,17,21,34
2016_4,서교시장,36,27,9,1,10,12,2,6,5,1,7,11,1,4,3,0,3,1,1,2,2
2016_4,신수시장,73,35,38,10,8,12,5,15,23,4,3,6,2,8,12,6,5,6,3,7,11
2016_4,아현시장,441,213,228,65,52,55,84,58,127,35,27,29,41,30,51,30,25,26,43,28,76
2016_4,마포시장,14,6,8,3,0,0,3,2,6,1,0,0,1,2,2,2,0,0,2,0,4
2016_4,공덕시장,10,7,3,0,3,0,2,4,1,0,2,0,1,3,1,0,1,0,1,1,0
2016_4,백련시장,145,67,78,14,11,28,19,28,45,9,7,11,10,14,16,5,4,17,9,14,29
2016_4,모래내시장,459,240,219,27,40,43,56,100,193,12,23,29,33,62,81,15,17,14,23,38,112
2016_4,포방터시장,499,246,253,66,61,60,80,88,144,35,34,32,38,52,55,31,27,28,42,36,89
2016_4,인왕시장,315,161,154,34,41,35,50,60,95,18,18,25,29,34,37,16,23,10,21,26,58
2016_4,아현가구거리상점가,140,72,68,15,26,19,21,24,35,10,18,10,8,11,15,5,8,9,13,13,20
2016_4,영천시장,404,195,209,39,50,44,72,77,122,15,24,29,38,41,48,24,26,15,34,36,74
2016_4,수일시장,120,57,63,2,13,7,14,29,55,1,6,6,9,11,24,1,7,1,5,18,31
2016_4,증산종합시장,151,69,82,20,17,17,29,32,36,7,6,10,15,12,19,13,11,7,14,20,17
2016_4,대림골목시장,660,325,335,100,59,78,106,128,189,54,28,41,52,70,80,46,31,37,54,58,109
2016_4,신응암시장,213,118,95,35,27,44,34,28,45,21,16,28,19,14,20,14,11,16,15,14,25
2016_4,녹번시장,33,17,16,7,3,0,11,1,11,4,2,0,4,1,6,3,1,0,7,0,5
2016_4,대조시장,497,242,255,74,63,91,90,75,104,35,32,51,45,35,44,39,31,40,45,40,60
2016_4,역촌중앙시장,11,7,4,0,1,0,2,4,4,0,1,0,0,4,2,0,0,0,2,0,2
2016_4,갈현시장,66,33,33,7,14,12,1,21,11,3,9,7,1,8,5,4,5,5,0,13,6
2016_4,연서시장,274,129,145,25,34,42,28,54,91,11,15,21,18,25,39,14,19,21,10,29,52
2016_4,상계중앙시장,1918,914,1004,248,281,220,311,397,461,122,136,117,151,181,207,126,145,103,160,216,254
2016_4,공릉동도깨비시장,1295,647,648,153,250,231,157,229,275,68,115,131,79,121,133,85,135,100,78,108,142
2016_4,방학동도깨비시장,1083,544,539,143,158,111,197,203,271,76,97,58,104,93,116,67,61,53,93,110,155
2016_4,쌍문역골목시장,753,385,368,75,104,126,109,123,216,37,61,66,57,62,102,38,43,60,52,61,114
2016_4,백운시장,355,170,185,54,43,45,62,59,92,27,19,24,33,33,34,27,24,21,29,26,58
2016_4,신도봉시장,196,101,95,24,35,19,31,41,46,8,19,13,11,25,25,16,16,6,20,16,21
2016_4,창동골목시장,1292,646,646,164,165,171,214,215,363,89,88,85,116,112,156,75,77,86,98,103,207
2016_4,창동신창시장,2224,1070,1154,339,326,335,376,407,441,157,169,156,190,196,202,182,157,179,186,211,239
2016_4,수유북부시장,67,34,33,4,6,12,7,8,30,3,4,6,6,3,12,1,2,6,1,5,18
2016_4,장미원골목시장,1273,616,657,203,162,200,188,205,315,113,79,113,87,93,131,90,83,87,101,112,184
2016_4,수유중앙시장,49,30,19,3,14,2,5,16,9,3,8,2,5,9,3,0,6,0,0,7,6
2016_4,강북종합시장,755,383,372,72,113,102,120,147,201,37,48,52,68,85,93,35,65,50,52,62,108
2016_4,우이시장,1544,776,768,231,202,193,274,257,387,118,114,107,136,136,165,113,88,86,138,121,222
2016_4,수유전통시장,632,310,322,73,93,99,86,115,166,38,49,47,44,55,77,35,44,52,42,60,89
2016_4,번동북부골목시장,1035,489,546,168,127,176,187,141,236,80,54,85,101,60,109,88,73,91,86,81,127
2016_4,솔샘시장,165,80,85,20,24,17,27,27,50,12,13,7,16,12,20,8,11,10,11,15,30
2016_4,숭인시장,247,123,124,25,26,43,44,51,58,12,10,23,21,31,26,13,16,20,23,20,32
2016_4,방천골목시장,1523,745,778,164,217,225,248,292,377,82,107,121,128,144,163,82,110,104,120,148,214
2016_4,동북시장,38,19,19,5,4,5,2,4,18,1,2,3,1,2,10,4,2,2,1,2,8
2016_4,석관황금시장,1951,996,955,230,283,234,346,360,498,116,156,118,193,182,231,114,127,116,153,178,267
2016_4,석관시장,180,108,72,22,25,19,37,39,38,16,15,10,27,24,16,6,10,9,10,15,22
2016_4,새석관시장,88,41,47,7,15,7,10,16,33,5,3,5,8,9,11,2,12,2,2,7,22
2016_4,번동시장,30,18,12,7,2,3,4,6,8,5,1,2,2,3,5,2,1,1,2,3,3
2016_4,장위전통시장,1622,799,823,228,224,196,258,289,427,122,117,105,140,127,188,106,107,91,118,162,239
2016_4,밤나무골시장,244,117,127,38,17,36,41,44,68,18,10,20,20,22,27,20,7,16,21,22,41
2016_4,길음시장,11,10,1,0,2,2,5,2,0,0,2,2,5,1,0,0,0,0,0,1,0
2016_4,정릉시장,1319,679,640,152,248,197,180,211,331,88,140,112,95,93,151,64,108,85,85,118,180
2016_4,정릉아리랑시장,1054,513,541,193,117,184,197,158,205,99,61,97,104,69,83,94,56,87,93,89,122
2016_4,돈암제일시장,242,112,130,19,49,37,20,34,83,8,27,22,12,15,28,11,22,15,8,19,55
2016_4,유영시장,117,56,61,25,12,15,28,10,27,14,7,6,12,5,12,11,5,9,16,5,15
2016_4,우림골목시장,2181,1134,1047,256,279,304,337,444,561,130,152,177,182,229,264,126,127,127,155,215,297
2016_4,묵1동도깨비시장,982,500,482,151,144,136,176,146,229,85,80,68,86,72,109,66,64,68,90,74,120
2016_4,태능시장,981,489,492,138,132,133,159,199,220,62,72,76,82,93,104,76,60,57,77,106,116
2016_4,중화제일시장,1869,948,921,256,275,250,333,349,406,124,147,140,173,173,191,132,128,110,160,176,215
2016_4,사가정시장,1988,1001,987,225,325,286,307,342,503,110,171,163,150,175,232,115,154,123,157,167,271
2016_4,면목골목시장,1389,722,667,176,187,207,254,241,324,98,97,125,134,127,141,78,90,82,120,114,183
2016_4,동원시장,2189,1095,1094,281,308,336,318,425,521,146,163,180,163,217,226,135,145,156,155,208,295
2016_4,동부골목시장,1533,794,739,174,288,318,208,260,285,79,147,183,109,150,126,95,141,135,99,110,159
2016_4,이문제일시장,72,31,41,12,5,9,13,15,18,3,2,5,6,9,6,9,3,4,7,6,12
2016_4,이경시장,246,125,121,27,35,28,33,48,75,15,19,11,19,27,34,12,16,17,14,21,41
2016_4,회기시장,1149,510,639,75,443,192,121,101,217,30,183,102,53,48,94,45,260,90,68,53,123
2016_4,청량리청과물시장,63,43,20,0,1,4,13,20,25,0,1,2,10,15,15,0,0,2,3,5,10
2016_4,전곡시장,232,116,116,36,26,23,50,38,59,17,15,13,26,17,28,19,11,10,24,21,31
2016_4,답십리시장,461,220,241,65,59,66,86,78,107,30,27,33,45,38,47,35,32,33,41,40,60
2016_4,답십리현대시장,346,173,173,38,32,44,51,56,125,20,15,27,32,28,51,18,17,17,19,28,74
2016_4,전농로터리시장,95,60,35,5,9,12,16,22,31,4,6,10,10,13,17,1,3,2,6,9,14
2016_4,청량리종합시장,117,65,52,5,9,19,10,27,47,3,5,11,7,14,25,2,4,8,3,13,22
2016_4,청량리전통시장,172,131,41,3,10,13,14,51,81,2,9,6,13,44,57,1,1,7,1,7,24
2016_4,청량리농수산물시장,179,87,92,34,29,22,18,35,41,23,15,10,5,16,18,11,14,12,13,19,23
2016_4,서울약령시장,2176,1186,990,146,305,287,329,399,710,89,184,167,199,215,332,57,121,120,130,184,378
2016_4,동서시장,2,2,0,0,0,0,1,1,0,0,0,0,1,1,0,0,0,0,0,0,0
2016_4,경동시장,13,8,5,0,0,0,2,3,8,0,0,0,2,3,3,0,0,0,0,0,5
2016_4,청량리수산시장,482,256,226,34,83,84,68,74,139,18,36,48,44,41,69,16,47,36,24,33,70
2016_4,용두시장,19,13,6,0,2,2,5,1,9,0,1,2,4,1,5,0,1,0,1,0,4
2016_4,동부청과시장,2,2,0,0,0,1,0,0,1,0,0,1,0,0,1,0,0,0,0,0,0
2016_4,구의시장,148,76,72,19,19,20,23,23,44,8,9,13,13,10,23,11,10,7,10,13,21
2016_4,조양시장,76,31,45,3,35,9,3,7,19,2,14,4,0,4,7,1,21,5,3,3,12
2016_4,영동교골목시장,1268,646,622,127,179,162,236,226,338,69,91,88,127,123,148,58,88,74,109,103,190
2016_4,능동로골목시장,407,208,199,48,62,47,56,86,108,25,29,23,28,47,56,23,33,24,28,39,52
2016_4,노룬산골목시장,335,177,158,27,42,42,48,87,89,19,26,23,26,49,34,8,16,19,22,38,55
2016_4,자양종합시장,61,33,28,14,7,12,8,13,7,6,3,8,5,6,5,8,4,4,3,7,2
2016_4,자양골목시장,2003,976,1027,273,318,357,325,360,370,136,157,181,163,171,168,137,161,176,162,189,202
2016_4,신성골목시장,101,45,56,14,14,10,17,18,28,7,7,5,8,5,13,7,7,5,9,13,15
2016_4,면곡골목시장,477,243,234,70,63,74,82,85,103,40,28,35,46,46,48,30,35,39,36,39,55
2016_4,중곡제일시장,862,431,431,122,112,138,125,173,192,64,54,79,55,87,92,58,58,59,70,86,100
2016_4,화양제일골목시장,938,413,525,59,347,217,92,100,123,31,126,104,51,48,53,28,221,113,41,52,70
2016_4,한아름시장,13,6,7,0,4,3,2,1,3,0,1,1,1,1,2,0,3,2,1,0,1
2016_4,성동용답상가시장,2076,1042,1034,265,305,299,349,394,464,132,155,156,185,203,211,133,150,143,164,191,253
2016_4,뚝도시장,600,316,284,69,75,68,101,134,153,36,47,41,52,72,68,33,28,27,49,62,85
2016_4,금남시장,249,128,121,19,22,37,37,44,90,11,12,21,24,23,37,8,10,16,13,21,53
2016_4,행당시장,1510,770,740,168,276,226,220,282,338,82,131,131,113,151,162,86,145,95,107,131,176
2016_4,마장축산물시장,357,202,155,41,37,44,57,63,115,27,25,24,33,40,53,14,12,20,24,23,62
2016_4,보광시장,7,3,4,0,0,1,1,0,5,0,0,1,0,0,2,0,0,0,1,0,3
2016_4,이태원제일시장,41,19,22,3,7,6,7,6,12,2,2,3,5,2,5,1,5,3,2,4,7
2016_4,이태원시장,62,30,32,11,4,10,9,10,18,5,0,5,7,4,9,6,4,5,2,6,9
2016_4,이촌종합시장,96,55,41,8,14,13,14,20,27,3,9,9,7,11,16,5,5,4,7,9,11
2016_4,용문전통시장,425,209,216,41,75,68,58,68,115,20,40,44,31,32,42,21,35,24,27,36,73
2016_4,만리시장,30,19,11,0,2,1,4,12,11,0,1,1,3,8,6,0,1,0,1,4,5
2016_4,신흥시장,134,69,65,10,17,18,9,28,52,3,9,9,6,18,24,7,8,9,3,10,28
2016_4,후암시장,289,146,143,21,51,35,36,63,83,11,26,21,24,27,37,10,25,14,12,36,46
2016_4,합동(새벽)시장,75,53,22,4,5,11,13,19,23,2,1,7,12,15,16,2,4,4,1,4,7
2016_4,서울중앙시장,1123,597,526,101,123,134,150,218,397,57,70,81,84,121,184,44,53,53,66,97,213
2016_4,백학시장,890,465,425,89,108,126,134,176,257,41,67,69,76,94,118,48,41,57,58,82,139
2016_4,약수시장,1034,497,537,128,167,145,177,148,269,67,77,65,97,75,116,61,90,80,80,73,153
2016_4,청평화시장,1,1,0,0,0,0,1,0,0,0,0,0,1,0,0,0,0,0,0,0,0
2016_4,동평화시장,60,26,34,3,8,6,7,21,15,2,4,1,5,8,6,1,4,5,2,13,9
2016_4,방산종합시장,305,198,107,21,38,34,49,61,102,12,22,23,33,41,67,9,16,11,16,20,35
2016_4,평화시장,1,1,0,0,0,0,0,0,1,0,0,0,0,0,1,0,0,0,0,0,0
2016_4,인현시장,151,86,65,10,23,11,19,38,50,5,13,6,12,23,27,5,10,5,7,15,23
2016_4,신중부시장,277,182,95,11,16,25,43,74,108,9,8,14,28,57,66,2,8,11,15,17,42
2016_4,남대문시장,83,48,35,1,5,9,12,23,33,1,4,5,8,15,15,0,1,4,4,8,18
2016_4,신설종합시장,17,12,5,0,1,1,2,4,9,0,1,1,2,3,5,0,0,0,0,1,4
2016_4,동묘시장,827,462,365,51,190,120,104,139,223,22,84,69,66,94,127,29,106,51,38,45,96
2016_4,창신골목시장,434,229,205,43,49,44,72,84,142,21,35,27,40,46,60,22,14,17,32,38,82
2016_4,동문시장,73,37,36,6,6,13,14,13,21,2,4,8,4,8,11,4,2,5,10,5,10
2016_4,충신시장,172,87,85,20,23,11,35,36,47,9,12,6,18,21,21,11,11,5,17,15,26
2016_4,종로신진시장,119,78,41,2,13,7,21,34,42,1,9,6,17,24,21,1,4,1,4,10,21
2016_4,동대문종합시장,3,3,0,0,0,0,1,2,0,0,0,0,1,2,0,0,0,0,0,0,0
2016_4,광장시장,52,24,28,2,4,1,5,15,25,2,2,0,1,10,9,0,2,1,4,5,16
2016_4,통인시장,791,374,417,115,96,114,124,124,218,68,42,52,62,55,95,47,54,62,62,69,123
2016_4,서울 노원구 노원역_3,244,152,92,14,46,29,53,42,60,6,19,19,32,32,44,8,27,10,21,10,16
2016_4,서울 노원구 노원역_2,33,28,5,0,4,3,8,10,8,0,1,3,8,9,7,0,3,0,0,1,1
2016_4,서울 노원구 노원역_1,690,309,381,120,92,102,114,123,139,49,51,44,50,55,60,71,41,58,64,68,79
2016_4,창동역,404,262,142,16,99,71,81,74,63,6,42,43,64,58,49,10,57,28,17,16,14
2016_4,서울 강북구 수유역_3,703,378,325,52,138,131,102,122,158,29,57,66,57,78,91,23,81,65,45,44,67
2016_4,등나무근린공원 주변,205,95,110,38,18,55,58,21,15,18,8,30,26,9,4,20,10,25,32,12,11
2016_4,서울 강북구 수유역_2,2079,1047,1032,135,371,380,354,331,508,69,169,206,188,186,229,66,202,174,166,145,279
2016_4,서울 강북구 수유역_1,812,403,409,86,170,173,128,120,135,49,66,84,76,66,62,37,104,89,52,54,73
2016_4,서울 은평구 연신내역_3,82,52,30,5,22,5,18,16,16,2,13,4,10,12,11,3,9,1,8,4,5
2016_4,서울 은평구 연신내역_2,1190,607,583,133,221,253,190,172,221,74,106,141,106,85,95,59,115,112,84,87,126
2016_4,서울 은평구 연신내역_1,256,111,145,27,57,55,35,47,35,17,21,16,16,24,17,10,36,39,19,23,18
2016_4,서울 성북구 미아삼거리역_2,491,269,222,30,88,67,52,109,145,16,56,34,33,58,72,14,32,33,19,51,73
2016_4,서울 강북구 미아삼거리역_1,394,229,165,22,37,50,81,87,117,16,28,28,52,43,62,6,9,22,29,44,55
2016_4,서울 은평구 불광역_3,789,350,439,62,240,265,89,65,68,36,75,134,44,31,30,26,165,131,45,34,38
2016_4,서울 은평구 불광역_2,673,340,333,47,175,140,88,97,126,23,82,76,50,48,61,24,93,64,38,49,65
2016_4,서울 은평구 불광역_1,577,274,303,41,111,113,68,92,152,21,45,62,32,42,72,20,66,51,36,50,80
2016_4,미아사거리_2,111,56,55,9,17,14,15,22,34,4,10,9,8,13,12,5,7,5,7,9,22
2016_4,미아사거리_1,950,463,487,150,163,170,169,144,154,86,62,79,86,69,81,64,101,91,83,75,73
2016_4,서울 성북구 성신여대입구역,1091,505,586,80,307,217,159,150,178,41,121,96,83,77,87,39,186,121,76,73,91
2016_4,경희대학교,406,190,216,38,133,69,47,42,77,18,55,36,26,20,35,20,78,33,21,22,42
2016_4,서울 성북구 안암역,404,183,221,30,175,55,29,42,73,14,73,25,19,20,32,16,102,30,10,22,41
2016_4,혜화역 대학로_3,680,307,373,50,231,118,78,73,130,23,97,57,38,36,56,27,134,61,40,37,74
2016_4,혜화역 대학로_2,816,395,421,83,299,162,81,69,122,41,137,81,51,32,53,42,162,81,30,37,69
2016_4,혜화역 대학로_1,543,241,302,56,132,107,74,69,105,26,56,50,34,33,42,30,76,57,40,36,63
2016_4,디지털미디어시티,1055,496,559,224,212,201,217,137,64,110,80,92,109,75,30,114,132,109,108,62,34
2016_4,서울 동대문구 청량리역,2964,1505,1459,356,408,400,401,527,872,159,200,207,218,280,441,197,208,193,183,247,431
2016_4,서울 종로구 경복궁역_2,306,142,164,40,38,68,44,43,73,21,21,34,16,17,33,19,17,34,28,26,40
2016_4,서울 종로구 안국역_2,293,138,155,37,37,26,49,58,86,19,20,12,19,28,40,18,17,14,30,30,46
2016_4,서울 종로구 안국역_1,125,57,68,16,7,21,20,18,43,9,4,8,11,13,12,7,3,13,9,5,31
2016_4,서울 종로구 경복궁역_1,689,319,370,78,95,104,119,114,179,38,43,52,56,53,77,40,52,52,63,61,102
2016_4,서울 종로구 종로3가역_3,157,117,40,9,12,8,26,53,49,5,8,5,19,43,37,4,4,3,7,10,12
2016_4,서울 종로구 종로3가역_2,2508,1705,803,69,105,145,311,689,1189,42,75,91,235,538,724,27,30,54,76,151,465
2016_4,서울 동대문구 신설동역_2,337,211,126,12,76,74,52,49,74,8,34,37,40,37,55,4,42,37,12,12,19
2016_4,인사동,807,441,366,74,78,108,121,137,289,44,43,58,73,78,145,30,35,50,48,59,144
2016_4,서울 종로구 종로5가역_4,285,161,124,20,35,37,40,57,96,13,17,25,27,34,45,7,18,12,13,23,51
2016_4,서울 종로구 종로5가역_3,818,502,316,48,53,90,134,183,310,29,28,54,89,127,175,19,25,36,45,56,135
2016_4,종로구청,556,305,251,42,84,75,91,118,146,25,45,45,48,66,76,17,39,30,43,52,70
2016_4,서울 종로구 종로5가역_2,1970,981,989,247,407,365,259,278,414,119,197,182,133,143,207,128,210,183,126,135,207
2016_4,신설동역,349,207,142,11,105,70,52,49,62,5,39,42,36,39,46,6,66,28,16,10,16
2016_4,서울 동대문구 신설동역_1,167,121,46,4,18,32,11,39,63,2,7,20,10,32,50,2,11,12,1,7,13
2016_4,서울 종로구 광화문역_2,2349,1058,1291,353,252,450,374,329,591,178,107,185,162,161,265,175,145,265,212,168,326
2016_4,동묘앞역,915,461,454,134,124,126,142,174,215,75,64,62,79,86,95,59,60,64,63,88,120
2016_4,장안동사거리,3634,1829,1805,440,623,953,604,472,542,231,287,508,313,231,259,209,336,445,291,241,283
2016_4,서울 종로구 동대문역_2,662,422,240,26,61,72,76,190,237,11,33,53,53,131,141,15,28,19,23,59,96
2016_4,서울 종로구 동대문역_1,136,71,65,18,19,14,22,27,36,8,7,7,14,14,21,10,12,7,8,13,15
2016_4,동대문시장_2,36,19,17,1,2,6,4,8,15,0,0,2,3,5,9,1,2,4,1,3,6
2016_4,서울 종로구 종로5가역_1,25,6,19,0,0,0,3,5,17,0,0,0,2,0,4,0,0,0,1,5,13
2016_4,서울 종로구 종로3가역_1,167,132,35,4,37,13,23,43,47,2,32,9,21,33,35,2,5,4,2,10,12
2016_4,서울 종로구 광화문역_1,10,8,2,1,0,0,4,2,3,0,0,0,3,2,3,1,0,0,1,0,0
2016_4,종각역,3,1,2,0,0,1,0,2,0,0,0,0,0,1,0,0,0,1,0,1,0
2016_4,종각역 젊음의 거리,113,78,35,5,28,21,13,22,24,2,22,16,8,13,17,3,6,5,5,9,7
2016_4,서대문구 서대문역_1,118,86,32,6,3,8,18,37,46,1,2,6,15,31,31,5,1,2,3,6,15
2016_4,동대문시장_1,35,22,13,1,1,7,3,11,12,1,0,4,3,8,6,0,1,3,0,3,6
2016_4,시청역_2,224,112,112,37,22,74,45,24,22,18,11,37,20,14,12,19,11,37,25,10,10
2016_4,서울시청,91,56,35,8,1,14,11,23,34,5,1,8,6,12,24,3,0,6,5,11,10
2016_4,서울 중구 을지로3가역_2,556,374,182,15,34,35,69,138,265,8,18,23,50,108,167,7,16,12,19,30,98
2016_4,서울 중구 신당역_2,325,169,156,20,73,61,51,59,61,11,27,30,31,36,34,9,46,31,20,23,27
2016_4,서대문구 서대문역_2,881,427,454,71,187,191,128,148,156,34,67,103,72,84,67,37,120,88,56,64,89
2016_4,동대문역사문화공원역,442,271,171,12,49,58,72,101,150,3,28,32,47,69,92,9,21,26,25,32,58
2016_4,서울 중구 을지로3가역_1,239,164,75,9,13,18,35,59,105,3,6,11,25,45,74,6,7,7,10,14,31
2016_4,명동거리,639,73,566,7,19,68,129,140,276,0,6,7,16,24,20,7,13,61,113,116,256
2016_4,롯데백화점,1,1,0,0,0,1,0,0,0,0,0,1,0,0,0,0,0,0,0,0,0
2016_4,서울 중구 신당역_1,954,516,438,93,120,121,157,214,249,52,70,74,81,120,119,41,50,47,76,94,130
2016_4,북창동,266,166,100,3,19,31,47,63,103,0,10,27,29,38,62,3,9,4,18,25,41
2016_4,서울 중구 충무로역_2,1453,758,695,121,189,222,184,275,462,61,96,116,113,148,224,60,93,106,71,127,238
2016_4,서울 강서구 송정역,2146,1026,1120,175,446,364,276,366,519,92,184,194,147,182,227,83,262,170,129,184,292
2016_4,장한평역_2,1136,632,504,111,183,226,192,193,231,62,75,129,116,126,124,49,108,97,76,67,107
2016_4,시청역_1,320,158,162,55,28,89,58,42,48,28,9,41,33,23,24,27,19,48,25,19,24
2016_4,왕십리역_2,454,210,244,59,88,66,79,69,93,22,37,35,40,35,41,37,51,31,39,34,52
2016_4,서울 강서구 발산역,106,50,56,2,20,39,19,19,7,0,6,18,10,12,4,2,14,21,9,7,3
2016_4,장한평역_1,211,126,85,12,32,23,46,48,50,8,22,12,32,27,25,4,10,11,14,21,25
2016_4,서울 중구 충무로역_1,820,407,413,66,112,102,118,153,269,27,55,60,70,80,115,39,57,42,48,73,154
2016_4,왕십리역_1,3,2,1,0,0,0,1,2,0,0,0,0,1,1,0,0,0,0,0,1,0
2016_4,장한평역,1104,832,272,24,165,259,244,270,142,15,72,172,214,250,109,9,93,87,30,20,33
2016_4,서울 중구 명동역,1283,616,667,131,161,171,209,236,375,62,69,86,109,110,180,69,92,85,100,126,195
2016_4,장충동 족발거리,307,167,140,27,82,42,48,33,75,13,45,25,31,21,32,14,37,17,17,12,43
2016_4,한양시장,982,471,511,42,577,148,53,58,104,19,271,80,28,29,44,23,306,68,25,29,60
2016_4,서울 서대문구 이대역,1306,489,817,61,378,173,187,163,344,21,72,75,100,76,145,40,306,98,87,87,199
2016_4,서울 서대문구 신촌역,2803,1404,1399,155,1159,482,290,286,431,79,538,258,175,159,195,76,621,224,115,127,236
2016_4,서울 마포구 홍대입구역_3,189,85,104,10,47,59,33,19,21,5,20,24,18,8,10,5,27,35,15,11,11
2016_4,서울 마포구 홍대입구역_2,563,260,303,63,102,129,65,59,145,33,46,51,34,28,68,30,56,78,31,31,77
2016_4,홍익대학교 주변,5383,2540,2843,456,1349,1344,763,546,925,226,603,659,396,254,402,230,746,685,367,292,523
2016_4,서울 광진구 군자역,1706,791,915,141,424,446,184,232,279,70,168,205,104,107,137,71,256,241,80,125,142
2016_4,신촌역,1266,652,614,73,400,277,168,132,216,43,192,139,92,75,111,30,208,138,76,57,105
2016_4,강서구청,2791,1347,1444,317,544,660,457,391,422,162,184,333,268,206,194,155,360,327,189,185,228
2016_4,서울 마포구 홍대입구역_1,662,343,319,62,110,177,110,65,138,26,57,105,56,38,61,36,53,72,54,27,77
2016_4,서울 중구 약수역_2,52,29,23,5,5,8,11,4,19,4,2,3,8,1,11,1,3,5,3,3,8
2016_4,서울 중구 약수역_1,13,8,5,1,3,3,2,1,3,1,2,1,2,0,2,0,1,2,0,1,1
2016_4,서울 강동구 고덕역,2671,1339,1332,588,407,306,496,512,362,325,232,134,225,250,173,263,175,172,271,262,189
2016_4,등촌역,1035,474,561,116,233,291,131,120,144,63,72,150,69,60,60,53,161,141,62,60,84
2016_4,서울 강동구 명일역,2014,1013,1001,303,258,316,339,335,463,165,129,164,170,167,218,138,129,152,169,168,245
2016_4,어린이대공원역,662,379,283,86,135,106,120,116,99,48,67,66,73,73,52,38,68,40,47,43,47
2016_4,서울 마포구 공덕역_2,31,16,15,1,7,2,4,7,10,0,4,1,3,4,4,1,3,1,1,3,6
2016_4,공덕역,385,193,192,42,61,44,57,96,85,16,32,22,28,46,49,26,29,22,29,50,36
2016_4,서울 용산구 숙대입구역,513,286,227,33,76,80,82,102,140,17,47,42,49,60,71,16,29,38,33,42,69
2016_4,남영역,180,87,93,5,54,55,26,17,23,1,22,31,16,6,11,4,32,24,10,11,12
2016_4,서울 마포구 공덕역_1,570,267,303,89,107,100,97,125,52,48,48,45,43,58,25,41,59,55,54,67,27
2016_4,서울 마포구 마포역_2,3271,1491,1780,508,433,868,683,382,397,249,167,398,327,181,169,259,266,470,356,201,228
2016_4,서울 광진구 건대입구역_2,2078,923,1155,132,770,458,214,172,332,69,287,224,109,88,146,63,483,234,105,84,186
2016_4,서울 마포구 마포역_1,913,454,459,99,131,187,136,147,213,58,60,95,74,69,98,41,71,92,62,78,115
2016_4,서울 강동구 천호역_2,4441,2212,2229,355,699,1090,685,752,860,180,321,533,376,388,414,175,378,557,309,364,446
2016_4,서울 광진구 건대입구역_1,1112,525,587,89,240,206,173,164,240,42,98,99,86,81,119,47,142,107,87,83,121
2016_4,건대입구역,540,229,311,25,15,18,23,19,440,14,4,5,10,8,188,11,11,13,13,11,252
2016_4,서울 광진구 구의역,1974,918,1056,151,468,486,310,269,290,72,171,236,175,127,137,79,297,250,135,142,153
2016_4,서울 강동구 천호역,323,154,169,28,45,65,55,46,84,15,21,31,27,20,40,13,24,34,28,26,44
2016_4,당산역_2,527,216,311,27,197,132,54,50,67,14,55,56,28,30,33,13,142,76,26,20,34
2016_4,서울 강동구 천호역_1,338,164,174,42,60,47,56,55,78,18,32,25,31,28,30,24,28,22,25,27,48
2016_4,서울 강동구 길동역,3018,1495,1523,195,850,723,447,417,386,95,308,372,285,227,208,100,542,351,162,190,178
2016_4,용산 전자상가_5,586,334,252,49,82,141,100,69,145,23,46,95,66,41,63,26,36,46,34,28,82
2016_4,용산 전자상가_4,655,330,325,131,63,124,146,77,114,74,39,55,79,38,45,57,24,69,67,39,69
2016_4,당산역_1,1043,506,537,82,314,329,110,108,100,43,120,171,65,60,47,39,194,158,45,48,53
2016_4,서울 광진구 강변역,194,90,104,28,33,21,22,33,57,14,15,7,10,13,31,14,18,14,12,20,26
2016_4,용산 전자상가_3,235,118,117,20,34,45,30,41,65,11,18,23,17,17,32,9,16,22,13,24,33
2016_4,서울 용산구 이태원역,953,507,446,68,164,180,153,174,214,35,88,103,80,101,100,33,76,77,73,73,114
2016_4,한남오거리,189,102,87,9,35,21,30,32,62,5,22,13,17,16,29,4,13,8,13,16,33
2016_4,목동사거리,61,34,27,4,14,14,14,7,8,2,1,6,12,6,7,2,13,8,2,1,1
2016_4,용산 전자상가_2,163,87,76,24,28,37,17,30,27,16,13,18,11,16,13,8,15,19,6,14,14
2016_4,용산구청,114,52,62,18,13,21,22,10,30,7,7,9,13,3,13,11,6,12,9,7,17
2016_4,용산 전자상가_1,350,198,152,42,44,102,73,53,36,17,23,54,49,33,22,25,21,48,24,20,14
2016_4,국회의사당역_2,648,342,306,34,108,174,126,114,92,21,47,82,73,70,49,13,61,92,53,44,43
2016_4,서울 용산구 신용산역,1062,520,542,28,52,101,156,206,519,19,29,51,86,112,223,9,23,50,70,94,296
2016_4,압구정 로데오거리_2,1363,659,704,205,162,274,280,169,273,99,78,130,146,86,120,106,84,144,134,83,153
2016_4,서울 강남구 압구정역,1975,872,1103,253,321,409,343,234,415,131,140,161,146,114,180,122,181,248,197,120,235
2016_4,서울 영등포구 영등포구청역,1345,678,667,90,263,262,192,219,319,44,124,126,98,129,157,46,139,136,94,90,162
2016_4,압구정 로데오거리_1,596,282,314,90,62,89,90,83,182,44,34,37,37,42,88,46,28,52,53,41,94
2016_4,서울 강동구 둔촌동역,803,435,368,116,114,119,163,127,164,74,66,64,79,76,76,42,48,55,84,51,88
2016_4,오목교역,893,421,472,227,114,101,203,126,122,111,49,41,99,59,62,116,65,60,104,67,60
2016_4,신사동 가로수길,4038,1858,2180,557,593,904,742,489,753,293,238,399,358,236,334,264,355,505,384,253,419
2016_4,서울 영등포구 여의도역_2,13,10,3,1,1,1,4,4,2,0,1,1,3,3,2,1,0,0,1,1,0
2016_4,청담사거리_3,892,397,495,62,77,115,181,153,304,26,40,54,84,70,123,36,37,61,97,83,181
2016_4,영등포유통상가,415,239,176,35,52,66,70,69,123,18,32,42,46,39,62,17,20,24,24,30,61
2016_4,청담역_2,1072,481,591,188,150,228,218,151,137,98,59,90,100,69,65,90,91,138,118,82,72
2016_4,청담역_1,210,100,110,48,31,25,36,33,37,22,17,11,17,17,16,26,14,14,19,16,21
2016_4,청담사거리_2,354,168,186,50,45,61,60,54,84,20,26,28,29,25,40,30,19,33,31,29,44
2016_4,청담사거리_1,262,116,146,36,45,56,53,37,35,16,19,26,25,18,12,20,26,30,28,19,23
2016_4,서울 영등포구 여의도역_1,2651,1289,1362,466,337,363,439,461,585,249,146,164,204,232,294,217,191,199,235,229,291
2016_4,서울 양천구 신정네거리역_2,279,137,142,24,51,38,36,57,73,15,25,21,19,24,33,9,26,17,17,33,40
2016_4,학동사거리_2,493,248,245,94,63,89,98,62,87,57,35,35,48,27,46,37,28,54,50,35,41
2016_4,서울 영등포구 영등포시장역,1471,946,525,50,92,142,255,357,575,27,55,94,175,259,336,23,37,48,80,98,239
2016_4,학동사거리_1,481,236,245,50,77,106,89,56,103,26,30,51,44,34,51,24,47,55,45,22,52
2016_4,여의도 시범아파트앞,1453,693,760,237,161,194,221,229,411,125,85,76,106,113,188,112,76,118,115,116,223
2016_4,영등포역_3,411,252,159,11,116,97,51,61,75,8,43,62,38,46,55,3,73,35,13,15,20
2016_4,도산공원사거리_1,421,191,230,58,71,114,58,48,72,31,29,53,25,20,33,27,42,61,33,28,39
2016_4,영등포역_2,620,461,159,14,101,73,116,165,151,9,39,56,110,139,108,5,62,17,6,26,43
2016_4,문래동 주민센터,1501,758,743,240,147,227,240,261,386,123,80,108,125,142,180,117,67,119,115,119,206
2016_4,강남구 신사역_2,1047,484,563,73,208,296,166,121,183,38,83,129,95,61,78,35,125,167,71,60,105
2016_4,영등포역_1,226,126,100,3,110,57,24,22,10,1,45,36,18,18,8,2,65,21,6,4,2
2016_4,서울 강남구 강남구청역_2,708,357,351,33,56,123,161,135,200,14,30,54,80,91,88,19,26,69,81,44,112
2016_4,강남구 신사역_1,830,451,379,50,138,196,162,116,168,29,66,103,100,64,89,21,72,93,62,52,79
2016_4,서울 동작구 노량진1동_1,22,16,6,0,2,4,3,6,7,0,1,4,3,6,2,0,1,0,0,0,5
2016_4,서울 강남구 학동역_3,140,76,64,4,22,40,25,22,27,3,11,24,12,12,14,1,11,16,13,10,13
2016_4,서울 강남구 강남구청역_1,580,286,294,53,111,158,104,81,73,28,52,70,48,48,40,25,59,88,56,33,33
2016_4,잠실역,2449,1163,1286,359,378,352,317,454,589,177,192,159,129,206,300,182,186,193,188,248,289
2016_4,강남구 논현역_4,1938,955,983,164,365,518,342,255,294,88,167,240,172,147,141,76,198,278,170,108,153
2016_4,학동역,483,185,298,23,95,174,76,58,57,13,34,59,31,26,22,10,61,115,45,32,35
2016_4,방이동 먹자골목,1510,818,692,119,263,376,252,253,247,68,124,204,151,144,127,51,139,172,101,109,120
2016_4,서울 강남구 학동역_2,100,48,52,3,28,34,12,10,13,0,9,19,8,6,6,3,19,15,4,4,7
2016_4,서울 동작구 노량진역,1110,542,568,59,583,179,93,74,122,25,263,114,55,34,51,34,320,65,38,40,71
2016_4,삼성역_3,52,38,14,0,15,8,7,8,14,0,11,6,6,4,11,0,4,2,1,4,3
2016_4,코엑스,19,11,8,6,1,1,3,4,4,3,0,1,1,3,3,3,1,0,2,1,1
2016_4,서울 강남구 학동역_1,936,421,515,84,203,261,154,86,148,42,86,111,75,39,68,42,117,150,79,47,80
2016_4,선정릉역_2,3151,1424,1727,418,480,764,620,386,483,212,211,322,285,192,202,206,269,442,335,194,281
2016_4,강남구 논현역_3,78,38,40,5,14,23,10,9,17,3,7,11,5,4,8,2,7,12,5,5,9
2016_4,포스코사거리_2,662,342,320,63,134,145,120,102,98,38,64,77,57,62,44,25,70,68,63,40,54
2016_4,포스코사거리_1,2142,1026,1116,248,349,541,378,293,333,123,158,243,204,148,150,125,191,298,174,145,183
2016_4,신도림역,4139,1996,2143,775,586,1020,641,644,473,379,288,475,318,296,240,396,298,545,323,348,233
2016_4,강남구 논현역_2,4074,1946,2128,324,861,1113,641,480,655,171,377,524,342,239,293,153,484,589,299,241,362
2016_4,선정릉역_1,649,297,352,95,129,125,114,95,91,48,52,56,54,44,43,47,77,69,60,51,48
2016_4,신천역,2859,1377,1482,265,508,697,474,422,493,144,218,342,249,204,220,121,290,355,225,218,273
2016_4,강남구 논현역_1,2031,996,1035,133,387,540,354,286,331,64,156,257,209,156,154,69,231,283,145,130,177
2016_4,삼성역_2,7,4,3,0,1,1,1,2,2,0,0,1,1,1,1,0,1,0,0,1,1
2016_4,삼정역_2,623,311,312,52,112,178,119,73,89,28,49,80,72,37,45,24,63,98,47,36,44
2016_4,삼정역_1,87,42,45,4,16,22,9,18,18,1,7,14,3,8,9,3,9,8,6,10,9
2016_4,삼성역_1,1373,687,686,202,242,327,251,166,185,117,106,161,127,83,93,85,136,166,124,83,92
2016_4,서울 강남구 선릉역_2,2147,1057,1090,147,486,621,336,263,294,69,233,303,179,129,144,78,253,318,157,134,150
2016_4,서울 서초구 강남역,3207,1624,1583,247,763,949,429,386,433,137,337,485,256,199,210,110,426,464,173,187,223
2016_4,서울 강남구 선릉역_1,716,356,360,65,98,193,195,77,88,31,41,91,105,45,43,34,57,102,90,32,45
2016_4,서울 송파구 석촌역_2,589,282,307,97,84,159,96,63,90,54,38,71,44,30,45,43,46,88,52,33,45
2016_4,선릉역_2,4094,1830,2264,480,695,1210,799,474,436,220,269,491,407,237,206,260,426,719,392,237,230
2016_4,서울 강남구 역삼역_2,996,488,508,79,196,277,159,132,153,46,77,129,92,71,73,33,119,148,67,61,80
2016_4,서울 송파구 석촌역_1,215,100,115,26,38,58,34,25,34,16,18,19,19,10,18,10,20,39,15,15,16
2016_4,석촌역,7,2,5,0,2,1,1,1,2,0,1,0,0,1,0,0,1,1,1,0,2
2016_4,서울 강남구 강남역_2,1961,897,1064,196,307,406,369,301,382,84,116,191,177,152,177,112,191,215,192,149,205
2016_4,선릉역_1,1209,521,688,246,156,265,292,128,122,97,68,99,132,66,59,149,88,166,160,62,63
2016_4,구로역,716,346,370,129,109,205,102,86,85,67,38,102,56,43,40,62,71,103,46,43,45
2016_4,역삼역_2,459,308,151,373,21,32,8,11,14,265,3,18,6,8,8,108,18,14,2,3,6
2016_4,대림역_2,2621,1274,1347,252,712,755,419,268,215,116,254,392,244,162,106,136,458,363,175,106,109
2016_4,서울 강남구 역삼역_1,5469,2852,2617,380,1078,1457,1034,710,810,194,479,782,608,396,393,186,599,675,426,314,417
2016_4,신대방삼거리역,1249,598,651,120,276,281,184,179,209,58,107,124,106,99,104,62,169,157,78,80,105
2016_4,서울 강남구 한티역,2128,1003,1125,416,350,257,449,344,312,219,167,120,184,174,139,197,183,137,265,170,173
2016_4,은마아파트입구사거리_4,383,201,182,106,39,24,121,64,29,72,17,10,51,39,12,34,22,14,70,25,17
2016_4,은마아파트입구사거리_3,340,166,174,74,58,26,87,46,49,39,31,12,38,22,24,35,27,14,49,24,25
2016_4,은마아파트입구사거리_2,24,13,11,4,3,3,2,7,5,2,1,3,0,4,3,2,2,0,2,3,2
2016_4,오류동역,3729,1833,1896,289,923,1106,536,376,499,140,359,589,318,192,235,149,564,517,218,184,264
2016_4,서울 강남구 강남역,2497,1170,1327,268,671,763,323,234,238,151,282,340,168,110,119,117,389,423,155,124,119
2016_4,은마아파트입구사거리_1,194,104,90,47,29,16,44,35,23,29,18,10,22,16,9,18,11,6,22,19,14
2016_4,대림역_1,1767,808,959,100,631,615,234,97,90,51,187,320,144,63,43,49,444,295,90,34,47
2016_4,교대역_4,1461,711,750,315,226,155,290,197,278,147,120,76,129,104,135,168,106,79,161,93,143
2016_4,서울 강남구 강남역_1,1333,621,712,165,221,352,229,181,185,77,97,163,116,82,86,88,124,189,113,99,99
2016_4,방배동카페골목,2711,1305,1406,663,291,402,596,360,399,323,151,183,284,193,171,340,140,219,312,167,228
2016_4,교대역_3,20,10,10,1,1,6,2,6,4,0,0,2,2,3,3,1,1,4,0,3,1
2016_4,역삼역_1,2824,1361,1463,332,515,814,440,334,389,160,239,426,212,144,180,172,276,388,228,190,209
2016_4,교대역_2,1690,792,898,244,346,353,263,239,245,123,165,160,125,112,107,121,181,193,138,127,138
2016_4,서울 송파구 가락시장역,536,298,238,33,72,118,89,105,119,18,28,52,53,78,69,15,44,66,36,27,50
2016_4,서울 서초구 서초역,63,33,30,8,10,10,9,10,16,3,7,5,5,4,9,5,3,5,4,6,7
2016_4,서울 강남구 대치역_2,615,295,320,191,82,49,142,103,48,94,38,18,66,56,23,97,44,31,76,47,25
2016_4,서울 강남구 대치역_1,523,268,255,171,46,41,146,75,44,94,24,19,68,43,20,77,22,22,78,32,24
2016_4,뱅뱅사거리_2,1898,836,1062,137,483,593,292,202,191,72,185,278,133,88,80,65,298,315,159,114,111
2016_4,보라매공원,5207,2473,2734,948,650,865,857,653,1234,467,331,382,409,310,574,481,319,483,448,343,660
2016_4,교대역_1,2520,1214,1306,292,488,509,346,430,455,140,213,258,169,216,218,152,275,251,177,214,237
2016_4,개봉동 현대아파트 인근,2846,1430,1416,360,382,397,437,527,743,181,206,209,228,270,336,179,176,188,209,257,407
2016_4,뱅뱅사거리,1488,662,826,124,390,449,256,145,124,66,140,201,130,69,56,58,250,248,126,76,68
2016_4,뱅뱅사거리_1,1080,554,526,133,236,323,145,117,126,67,101,184,90,51,61,66,135,139,55,66,65
2016_4,서울 관악구 신림역_4,2979,1474,1505,133,1133,946,343,207,217,71,496,501,196,105,105,62,637,445,147,102,112
2016_4,동작구 총신대입구역_1,1165,541,624,94,236,253,148,159,275,42,93,121,76,87,122,52,143,132,72,72,153
2016_4,양재역_3,1964,939,1025,254,324,492,288,270,336,131,148,232,139,127,162,123,176,260,149,143,174
2016_4,동작구 총신대입구역_2,1828,801,1027,385,241,374,413,225,190,166,91,163,186,115,80,219,150,211,227,110,110
2016_4,서울 서초구 남부터미널역_3,461,223,238,53,95,102,67,56,88,30,40,48,36,25,44,23,55,54,31,31,44
2016_4,서울 강남구 수서역,1596,737,859,149,152,300,232,248,515,71,62,135,134,146,189,78,90,165,98,102,326
2016_4,서울 관악구 신림역_3,832,448,384,21,330,214,93,86,88,10,136,144,57,56,45,11,194,70,36,30,43
2016_4,서울 서초구 남부터미널역_2,1461,764,697,80,267,473,293,207,141,44,89,232,179,137,83,36,178,241,114,70,58
2016_4,구로디지탈1단지,141,76,65,16,15,22,22,36,30,6,9,13,12,22,14,10,6,9,10,14,16
2016_4,양재역,1715,785,930,252,301,406,271,222,263,103,140,194,128,102,118,149,161,212,143,120,145
2016_4,문정역,398,208,190,64,63,78,72,60,61,33,40,39,40,27,29,31,23,39,32,33,32
2016_4,매봉역,584,297,287,81,106,101,99,102,95,47,48,49,55,49,49,34,58,52,44,53,46
2016_4,서울 서초구 방배역,1228,609,619,162,188,272,225,173,208,84,82,139,128,84,92,78,106,133,97,89,116
2016_4,서울 서초구 남부터미널역_1,1209,589,620,197,195,199,200,197,221,101,94,96,95,88,115,96,101,103,105,109,106
2016_4,서울 관악구 신림역_2,1601,848,753,91,531,376,182,174,247,53,272,213,102,79,129,38,259,163,80,95,118
2016_4,서울 관악구 신림역_1,513,233,280,15,202,148,61,41,46,7,68,81,33,21,23,8,134,67,28,20,23
2016_4,양재역_2,899,442,457,106,149,233,145,120,146,50,70,119,73,61,69,56,79,114,72,59,77
2016_4,서울 관악구 서울대입구역_2,433,234,199,22,148,88,48,52,75,11,72,48,34,28,41,11,76,40,14,24,34
2016_4,가산디지털단지역_3,1490,823,667,28,406,371,234,241,210,9,142,210,161,176,125,19,264,161,73,65,85
2016_4,구로디지털단지역,468,278,190,26,55,45,74,127,141,20,29,33,49,82,65,6,26,12,25,45,76
2016_4,서울 관악구 서울대입구역_1,5614,2652,2962,274,2374,1365,547,506,548,126,981,675,317,274,279,148,1393,690,230,232,269
2016_4,관악구 사당역_1,919,442,477,138,167,174,144,150,146,63,83,76,73,72,75,75,84,98,71,78,71
2016_4,가산디지털단지역_2,468,243,225,48,76,104,57,69,114,23,40,59,34,31,56,25,36,45,23,38,58
2016_4,관악구 사당역_2,942,439,503,49,265,212,102,119,195,32,103,99,54,59,92,17,162,113,48,60,103
2016_4,가산디지털단지역_1,19,14,5,1,0,4,4,6,4,0,0,2,4,5,3,1,0,2,0,1,1
2016_4,포이사거리_1,55,34,21,6,6,15,14,6,8,3,3,8,9,4,7,3,3,7,5,2,1
2016_4,포이사거리_2,1766,977,789,175,313,419,327,294,238,104,154,227,199,178,115,71,159,192,128,116,123
2016_4,관악구 사당역_3,311,142,169,17,95,79,35,39,46,8,35,41,18,19,21,9,60,38,17,20,25
2016_4,서울 관악구 대학동_1,1642,1003,639,105,660,354,192,142,189,60,400,250,129,73,91,45,260,104,63,69,98
2016_4,서울 금천구 독산1동_1,1033,576,457,56,180,249,194,164,190,26,91,162,112,97,88,30,89,87,82,67,102
2016_4,양재 화물트럭터미널앞_2,1748,843,905,504,166,315,328,189,246,263,78,140,181,81,100,241,88,175,147,108,146
2016_4,양재 화물트럭터미널앞_1,2,2,0,0,0,0,0,1,1,0,0,0,0,1,1,0,0,0,0,0,0
2016_4,서울 금천구 시흥1동_4,1607,851,756,117,183,231,272,310,494,62,102,124,156,174,233,55,81,107,116,136,261
2016_4,풍성로37가길,3228,1649,1579,405,467,605,518,576,657,218,248,320,279,287,297,187,219,285,239,289,360
2016_4,천호옛길,4050,2036,2014,487,599,703,637,726,898,236,298,383,341,361,417,251,301,320,296,365,481
2016_4,천호옛14길,2189,1063,1126,226,350,360,325,405,523,111,174,185,166,178,249,115,176,175,159,227,274
2016_4,천호대로219길,2382,1220,1162,345,364,283,378,497,515,170,199,153,198,265,235,175,165,130,180,232,280
2016_4,천호대로197길,4973,2478,2495,844,740,819,832,875,863,429,396,415,410,429,399,415,344,404,422,446,464
2016_4,천호대로187길,2805,1352,1453,430,389,550,395,474,567,210,200,269,187,226,260,220,189,281,208,248,307
2016_4,천호대로170길,4252,2109,2143,559,700,919,587,710,777,280,340,474,303,343,369,279,360,445,284,367,408
2016_4,천호대로162길,2635,1326,1309,369,394,462,391,482,537,186,204,250,202,230,254,183,190,212,189,252,283
2016_4,천중로51길,4674,2259,2415,725,713,751,684,831,970,391,352,371,341,366,438,334,361,380,343,465,532
2016_4,천중로39길,6747,3342,3405,1080,974,1172,1059,1155,1307,558,485,638,518,536,607,522,489,534,541,619,700
2016_4,진황도로47길,1779,890,889,209,280,383,264,296,347,115,126,205,147,136,161,94,154,178,117,160,186
2016_4,진황도로27길,7146,3622,3524,830,1013,1315,1029,1268,1691,400,505,747,546,615,809,430,508,568,483,653,882
2016_4,올림픽로98길,3284,1622,1662,408,402,610,552,587,725,211,204,329,270,295,313,197,198,281,282,292,412
2016_4,올림픽로80길,2169,1108,1061,270,257,281,356,425,580,142,140,149,189,224,264,128,117,132,167,201,316
2016_4,올림픽로78길,1930,1024,906,160,204,232,337,443,554,68,105,137,202,248,264,92,99,95,135,195,290
2016_4,올림픽로77길,2503,1289,1214,292,340,447,381,494,549,152,160,243,220,259,255,140,180,204,161,235,294
2016_4,올림픽로71길,2559,1280,1279,248,363,405,385,486,672,132,186,219,203,241,299,116,177,186,182,245,373
2016_4,올림픽로48길,1499,710,789,256,193,307,259,200,284,135,87,134,135,91,128,121,106,173,124,109,156
2016_4,양재대로96길,3646,1806,1840,781,443,651,617,500,654,405,218,326,320,232,305,376,225,325,297,268,349
2016_4,양재대로95길,3634,1788,1846,538,578,681,539,638,660,295,305,350,259,293,286,243,273,331,280,345,374
2016_4,양재대로91길,4418,2166,2252,792,641,698,762,747,778,424,357,348,364,350,323,368,284,350,398,397,455
2016_4,양재대로133길,5146,2533,2613,744,804,791,760,932,1115,374,414,426,394,413,512,370,390,365,366,519,603
2016_4,양재대로124길,4707,2338,2369,690,703,829,727,869,889,351,374,431,362,408,412,339,329,398,365,461,477
2016_4,양재대로116길,1557,750,807,218,260,295,208,264,312,117,128,148,101,118,138,101,132,147,107,146,174
2016_4,양재대로101길,4895,2406,2489,602,788,1179,714,731,881,311,373,609,369,329,415,291,415,570,345,402,466
2016_4,암사길,6888,3471,3417,1041,951,1166,1106,1198,1426,541,503,644,561,583,639,500,448,522,545,615,787
2016_4,성안로3길,4175,2048,2127,734,600,749,728,656,708,397,302,375,351,305,318,337,298,374,377,351,390
2016_4,성내로5길,3700,1799,1901,743,500,613,657,534,653,370,257,278,331,257,306,373,243,335,326,277,347
2016_4,상일로5길,1404,722,682,239,238,186,216,283,242,122,144,91,108,142,115,117,94,95,108,141,127
2016_4,상암로5길,1967,988,979,307,239,414,320,281,406,166,115,215,166,136,190,141,124,199,154,145,216
2016_4,상암로51길,3058,1476,1582,546,438,425,508,529,612,282,230,210,244,234,276,264,208,215,264,295,336
2016_4,상암로4길,3628,1815,1813,547,479,825,616,569,592,271,216,424,345,275,284,276,263,401,271,294,308
2016_4,상암로14길,3972,1933,2039,618,556,794,579,691,734,314,253,414,281,327,344,304,303,380,298,364,390
2016_4,명일로13길,2583,1312,1271,407,401,369,401,474,531,226,205,198,208,233,242,181,196,171,193,241,289
2016_4,동남로85길,3140,1620,1520,519,460,358,501,618,684,271,251,198,268,318,314,248,209,160,233,300,370
2016_4,동남로82길,1906,1016,890,282,264,204,313,408,435,154,148,123,169,220,202,128,116,81,144,188,233
2016_4,동남로65길,2823,1400,1423,593,394,295,552,478,511,326,209,158,253,234,220,267,185,137,299,244,291
2016_4,구천면로42길,4410,2304,2106,600,552,655,770,876,957,321,291,361,416,457,458,279,261,294,354,419,499
2016_4,구천면로41길,5315,2704,2611,784,684,911,852,973,1111,430,361,491,452,464,506,354,323,420,400,509,605
2016_4,구천면로36길,2655,1378,1277,354,387,381,409,528,596,191,193,220,213,277,284,163,194,161,196,251,312
2016_4,고덕로61길,988,507,481,167,141,113,152,190,225,86,75,68,73,95,110,81,66,45,79,95,115
2016_4,고덕로25길,1571,773,798,324,197,249,255,235,311,154,104,124,129,113,149,170,93,125,126,122,162
2016_4,고덕로10길,2214,1101,1113,380,300,437,376,340,381,199,150,221,196,154,181,181,150,216,180,186,200
2016_4,강동대로53길,4252,2167,2085,818,588,655,745,719,727,476,324,347,360,339,321,342,264,308,385,380,406
2016_4,풍성로25길,2068,991,1077,246,268,304,315,382,553,129,129,153,163,170,247,117,139,151,152,212,306
2016_4,오금로46길,2706,1353,1353,548,424,373,481,443,437,279,223,194,239,210,208,269,201,179,242,233,229
2016_4,오금로36길,2847,1401,1446,451,506,510,468,473,439,219,251,274,227,220,210,232,255,236,241,253,229
2016_4,오금로11길,4919,2385,2534,573,787,1225,702,774,858,302,382,640,347,332,382,271,405,585,355,442,476
2016_4,양재대로72길,2722,1334,1388,440,470,329,458,507,518,230,255,163,195,249,242,210,215,166,263,258,276
2016_4,양재대로71길,1566,746,820,283,237,259,246,263,278,139,119,121,118,115,134,144,118,138,128,148,144
2016_4,양재대로64길,2656,1378,1278,444,387,495,416,479,435,240,205,259,221,241,212,204,182,236,195,238,223
2016_4,양재대로62길,1593,812,781,256,214,327,285,243,268,130,103,180,150,129,120,126,111,147,135,114,148
2016_4,송파대로30길,2378,1229,1149,281,359,385,412,498,443,156,184,195,212,255,227,125,175,190,200,243,216
2016_4,송이로36길,3110,1530,1580,503,482,592,491,543,499,265,238,299,247,244,237,238,244,293,244,299,262
2016_4,송이로32길,5216,2541,2675,848,877,1007,867,885,732,418,444,526,408,414,331,430,433,481,459,471,401
2016_4,송이로23길,4803,2411,2392,742,820,946,748,790,757,407,397,496,367,384,360,335,423,450,381,406,397
2016_4,삼전로13길,6534,3076,3458,820,1183,1604,987,971,969,430,550,771,458,442,425,390,633,833,529,529,544
2016_4,백제고분로50길,8631,4207,4424,1395,1345,1671,1338,1385,1497,772,655,827,639,624,690,623,690,844,699,761,807
2016_4,백제고분로46길,3245,1542,1703,529,503,698,515,495,505,264,243,339,241,233,222,265,260,359,274,262,283
2016_4,백제고분로45길,4812,2307,2505,715,805,1163,716,688,725,362,363,554,358,321,349,353,442,609,358,367,376
2016_4,백제고분로42길,4147,1991,2156,522,744,1011,623,624,623,270,322,516,295,297,291,252,422,495,328,327,332
2016_4,백제고분로39길,3380,1563,1817,443,584,833,502,470,548,240,226,403,236,208,250,203,358,430,266,262,298
2016_4,백제고분로34길,7947,3901,4046,1171,1218,1799,1332,1164,1263,612,614,913,660,544,558,559,604,886,672,620,705
2016_4,백제고분로33길,6249,2941,3308,772,1114,1641,951,830,941,395,493,794,472,384,403,377,621,847,479,446,538
2016_4,백제고분로32길,6533,3144,3389,1089,991,1452,1107,949,945,583,477,703,542,427,412,506,514,749,565,522,533
2016_4,백제고분로31길,6418,2966,3452,985,1016,1473,1069,888,987,506,451,687,504,394,424,479,565,786,565,494,563
2016_4,백제고분로22길,6946,3328,3618,1082,1108,1618,1216,975,947,550,522,783,576,453,444,532,586,835,640,522,503
2016_4,백제고분로21길,2422,1180,1242,288,393,603,417,380,341,152,171,294,219,194,150,136,222,309,198,186,191
2016_4,마천로51길,4282,2159,2123,656,485,567,711,776,1087,327,246,304,385,401,496,329,239,263,326,375,591
2016_4,동남로20길,3437,1630,1807,673,510,581,618,531,524,334,234,288,286,259,229,339,276,293,332,272,295
2016_4,거마로20길,3402,1749,1653,488,391,424,580,666,853,258,220,226,312,354,379,230,171,198,268,312,474
2016_4,학동로77길,2528,1206,1322,559,327,499,521,305,317,323,148,197,246,145,147,236,179,302,275,160,170
2016_4,학동로6길,1643,720,923,133,348,487,259,155,261,71,135,219,112,71,112,62,213,268,147,84,149
2016_4,학동로56길,1034,485,549,174,162,211,183,131,173,91,80,94,78,63,79,83,82,117,105,68,94
2016_4,학동로38길,1534,701,833,167,293,428,247,165,234,77,129,204,124,74,93,90,164,224,123,91,141
2016_4,테헤란로81길,456,217,239,40,76,91,72,65,112,25,37,45,33,29,48,15,39,46,39,36,64
2016_4,일원로9길,3455,1694,1761,584,643,579,524,553,572,325,307,281,258,259,264,259,336,298,266,294,308
2016_4,일원로3길,2401,1195,1206,461,379,394,375,401,391,261,196,195,180,182,181,200,183,199,195,219,210
2016_4,영동대로65길,2541,1272,1269,439,343,293,456,451,559,262,189,148,202,226,245,177,154,145,254,225,314
2016_4,영동대로112길,2745,1346,1399,484,424,492,473,415,457,275,226,219,220,187,219,209,198,273,253,228,238
2016_4,언주로81길,3605,1777,1828,403,666,982,644,469,441,193,295,491,358,240,200,210,371,491,286,229,241
2016_4,압구정로2길,1056,474,582,165,178,243,184,123,163,84,83,89,86,59,73,81,95,154,98,64,90
2016_4,선릉로18길,1731,868,863,289,248,255,267,334,338,153,141,126,130,167,151,136,107,129,137,167,187
2016_4,선릉로146길,2184,1002,1182,300,401,477,393,274,339,156,153,227,195,127,144,144,248,250,198,147,195
2016_4,선릉로133길,1621,735,886,223,291,366,269,193,279,119,105,173,122,90,126,104,186,193,147,103,153
2016_4,선릉로132길,2350,1075,1275,467,345,442,428,306,362,246,146,168,211,147,157,221,199,274,217,159,205
2016_4,선릉로121길,816,382,434,78,144,214,147,101,132,39,73,89,80,44,57,39,71,125,67,57,75
2016_4,삼성로75길,2543,1232,1311,464,427,473,496,326,357,267,206,211,211,167,170,197,221,262,285,159,187
2016_4,삼성로69길,3410,1653,1757,669,598,571,699,485,388,383,291,269,296,258,156,286,307,302,403,227,232
2016_4,삼성로64길,3323,1752,1571,936,439,219,883,541,305,605,240,99,379,302,127,331,199,120,504,239,178
2016_4,삼성로63길,4244,2029,2215,783,742,638,897,694,490,436,354,284,392,345,218,347,388,354,505,349,272
2016_4,삼성로57길,1770,925,845,549,211,116,448,304,142,342,103,52,182,180,66,207,108,64,266,124,76
2016_4,삼성로147길,1302,587,715,184,238,264,227,169,220,84,104,114,110,83,92,100,134,150,117,86,128
2016_4,삼성로115길,2858,1327,1531,551,391,630,552,322,412,311,189,254,247,148,178,240,202,376,305,174,234
2016_4,봉은사로68길,1506,686,820,183,249,459,248,143,224,92,114,189,127,71,93,91,135,270,121,72,131
2016_4,봉은사로57길,1565,709,856,230,273,394,303,161,204,128,108,179,132,75,87,102,165,215,171,86,117
2016_4,봉은사로43길,3226,1548,1678,553,470,707,592,388,516,303,221,320,278,194,232,250,249,387,314,194,284
2016_4,봉은사로29길,1307,602,705,116,277,379,204,162,169,53,128,163,109,70,79,63,149,216,95,92,90
2016_4,봉은사로109길,2239,1085,1154,434,309,374,377,348,397,229,146,185,170,164,191,205,163,189,207,184,206
2016_4,도산대로89길,2040,955,1085,296,347,386,353,325,333,164,161,193,148,145,144,132,186,193,205,180,189
2016_4,도산대로81길,965,445,520,178,131,135,169,129,223,92,54,60,64,63,112,86,77,75,105,66,111
2016_4,도산대로50길,2393,1104,1289,348,342,532,360,290,521,175,155,227,186,132,229,173,187,305,174,158,292
2016_4,도산대로38길,1041,463,578,90,202,337,156,113,143,46,81,150,85,42,59,44,121,187,71,71,84
2016_4,도산대로30길,943,456,487,91,171,236,165,110,170,47,73,121,82,54,79,44,98,115,83,56,91
2016_4,도산대로23길,1585,697,888,206,324,364,254,215,222,93,142,163,108,85,106,113,182,201,146,130,116
2016_4,도산대로15길,856,379,477,118,155,207,146,103,127,60,56,92,64,49,58,58,99,115,82,54,69
2016_4,도곡로37길,6014,2749,3265,807,964,1468,1039,752,984,407,413,657,498,345,429,400,551,811,541,407,555
2016_4,논현로8길,3526,1760,1766,647,521,661,650,530,517,328,269,366,307,271,219,319,252,295,343,259,298
2016_4,논현로63길,2695,1284,1411,373,434,660,445,356,427,193,197,304,225,159,206,180,237,356,220,197,221
2016_4,논현로28길,81,45,36,14,10,12,10,13,22,7,9,6,4,6,13,7,1,6,6,7,9
2016_4,논현로26길,1267,582,685,133,232,216,212,199,275,70,89,98,105,87,133,63,143,118,107,112,142
2016_4,논현로159길,506,218,288,57,98,118,80,68,85,31,38,52,33,26,38,26,60,66,47,42,47
2016_4,논현로139길,1491,706,785,182,230,368,230,193,288,90,105,181,113,85,132,92,125,187,117,108,156
2016_4,논현로123길,2161,1021,1140,122,387,595,453,287,317,66,181,253,239,151,131,56,206,342,214,136,186
2016_4,논현로115길,3422,1641,1781,292,713,996,524,415,482,146,313,476,290,195,221,146,400,520,234,220,261
2016_4,논현로10길,1515,749,766,290,198,252,336,226,213,148,91,139,147,125,99,142,107,113,189,101,114
2016_4,논현로106길,2055,870,1185,163,389,745,298,190,270,74,149,288,155,84,120,89,240,457,143,106,150
2016_4,남부순환로365길,3299,1590,1709,687,442,555,643,509,463,345,213,262,306,257,207,342,229,293,337,252,256
2016_4,개포로82길,35,24,11,2,4,9,7,7,6,1,1,7,5,5,5,1,3,2,2,2,1
2016_4,개포로28길,2003,967,1036,428,276,335,405,302,257,206,140,171,187,145,118,222,136,164,218,157,139
2016_4,개포로20길,2420,1177,1243,357,456,444,432,418,313,178,229,227,206,199,138,179,227,217,226,219,175
2016_4,개포로17길,3625,1786,1839,670,482,670,666,578,559,356,246,326,307,290,261,314,236,344,359,288,298
2016_4,강남대로140길,1896,876,1020,200,341,463,274,307,311,103,149,219,132,128,145,97,192,244,142,179,166
2016_4,강남대로136길,1286,569,717,146,191,291,204,181,273,74,78,111,97,75,134,72,113,180,107,106,139
2016_4,강남대로118길,1495,656,839,120,341,466,219,154,195,58,145,195,109,65,84,62,196,271,110,89,111
2016_4,서초중앙로8길,2708,1325,1383,489,390,524,451,382,472,243,197,259,221,183,222,246,193,265,230,199,250
2016_4,방배중앙로21길,2693,1231,1462,560,381,376,540,441,395,250,159,169,245,222,186,310,222,207,295,219,209
2016_4,효령로72길,2169,1087,1082,449,254,468,404,291,303,236,134,227,211,130,149,213,120,241,193,161,154
2016_4,효령로34길,1859,913,946,283,221,349,313,281,412,153,115,175,151,135,184,130,106,174,162,146,228
2016_4,효령로31길,1875,868,1007,274,247,430,337,218,369,149,103,198,166,92,160,125,144,232,171,126,209
2016_4,효령로23길,4309,2009,2300,705,696,837,725,624,722,382,317,373,323,285,329,323,379,464,402,339,393
2016_4,청두곶길,4069,1956,2113,643,614,707,687,587,831,342,282,357,322,274,379,301,332,350,365,313,452
2016_4,주흥길,4184,2037,2147,255,1001,1218,673,493,544,135,436,593,376,248,249,120,565,625,297,245,295
2016_4,주흥15길,2865,1356,1509,233,530,819,477,343,463,117,220,395,264,173,187,116,310,424,213,170,276
2016_4,언남길,2121,1066,1055,324,309,471,389,303,325,172,158,225,215,155,141,152,151,246,174,148,184
2016_4,신반포로45길,2798,1331,1467,356,455,644,474,370,499,190,199,303,227,173,239,166,256,341,247,197,260
2016_4,서초대로8길,4257,2055,2202,593,657,647,653,716,991,308,340,327,315,313,452,285,317,320,338,403,539
2016_4,서초대로64길,1776,883,893,420,227,316,344,253,216,236,112,140,175,119,101,184,115,176,169,134,115
2016_4,서초대로4길,3522,1654,1868,603,545,628,569,514,663,299,247,307,267,229,305,304,298,321,302,285,358
2016_4,서초대로25길,1256,600,656,221,180,240,205,180,230,125,86,109,95,77,108,96,94,131,110,103,122
2016_4,서초대로23길,2769,1299,1470,430,378,540,478,411,532,220,174,255,223,201,226,210,204,285,255,210,306
2016_4,서초대로15길,3793,1720,2073,644,584,791,642,509,623,299,264,336,306,247,268,345,320,455,336,262,355
2016_4,사평대로57길,1224,553,671,68,304,329,181,162,180,33,127,147,97,74,75,35,177,182,84,88,105
2016_4,사평대로26길,222,92,130,37,35,34,29,31,56,18,13,13,13,8,27,19,22,21,16,23,29
2016_4,사평대로22길,1665,761,904,345,200,315,301,255,249,175,95,134,131,110,116,170,105,181,170,145,133
2016_4,사임당로17길,1065,492,573,154,185,228,153,158,187,73,98,106,72,64,79,81,87,122,81,94,108
2016_4,방배로42길,1002,450,552,241,116,182,188,124,151,111,48,86,88,56,61,130,68,96,100,68,90
2016_4,방배로35길,1835,857,978,372,248,241,373,288,313,176,117,109,165,146,144,196,131,132,208,142,169
2016_4,방배로18길,1643,772,871,233,269,399,255,202,285,127,115,194,119,94,123,106,154,205,136,108,162
2016_4,반포대로9길,1730,840,890,300,271,239,326,277,317,164,138,120,147,131,140,136,133,119,179,146,177
2016_4,바우뫼로39길,2841,1372,1469,405,438,620,408,408,562,211,214,302,199,190,256,194,224,318,209,218,306
2016_4,마방로2길,1570,784,786,245,220,372,260,199,274,122,113,195,134,92,128,123,107,177,126,107,146
2016_4,방배천로4안길,1191,550,641,166,220,264,169,172,200,88,98,117,84,74,89,78,122,147,85,98,111
2016_4,동산로19길,2025,1032,993,302,309,497,390,256,271,153,168,263,199,128,121,149,141,234,191,128,150
2016_4,동산로10길,3412,1707,1705,562,542,661,596,481,570,305,269,351,302,227,253,257,273,310,294,254,317
2016_4,동광로39길,1705,770,935,322,224,280,316,251,312,162,96,119,138,127,128,160,128,161,178,124,184
2016_4,동광로1길,3369,1549,1820,622,498,598,678,502,471,304,214,307,292,246,186,318,284,291,386,256,285
2016_4,동광로12길,1465,655,810,318,200,203,277,218,249,128,87,95,126,107,112,190,113,108,151,111,137
2016_4,논현로27길,1911,918,993,222,277,469,342,258,343,124,126,231,171,117,149,98,151,238,171,141,194
2016_4,논현로1길,3133,1522,1611,541,472,655,565,497,403,270,226,329,288,231,178,271,246,326,277,266,225
2016_4,남부순환로339길,1514,748,766,271,226,334,273,180,230,134,115,178,137,79,105,137,111,156,136,101,125
2016_4,남부순환로325길,2548,1230,1318,405,392,380,424,429,518,210,184,181,202,207,246,195,208,199,222,222,272
2016_4,남부순환로317길,1765,869,896,335,314,269,322,264,261,192,164,123,150,128,112,143,150,146,172,136,149
2016_4,고무래로8길,1982,959,1023,430,251,296,372,280,353,228,118,140,184,127,162,202,133,156,188,153,191
2016_4,강남대로8길,3618,1789,1829,492,639,832,579,530,546,258,291,439,293,262,246,234,348,393,286,268,300
2016_4,강남대로34길,2645,1239,1406,303,455,690,361,359,477,151,208,350,170,158,202,152,247,340,191,201,275
2016_4,강남대로23길,967,476,491,115,151,222,141,136,202,65,66,109,75,58,103,50,85,113,66,78,99
2016_4,소담길,821,448,373,51,47,104,174,172,273,32,19,50,116,102,129,19,28,54,58,70,144
2016_4,원신길,1406,708,698,173,174,211,199,253,396,94,78,128,104,132,172,79,96,83,95,121,224
2016_4,양지길,1907,957,950,231,221,235,295,341,584,110,119,129,175,174,250,121,102,106,120,167,334
2016_4,양산길,1654,835,819,166,277,341,260,233,377,94,144,202,138,99,158,72,133,139,122,134,219
2016_4,호암로24길,2427,1554,873,99,728,625,423,215,337,49,447,443,317,140,158,50,281,182,106,75,179
2016_4,호암로20길,2897,1858,1039,169,797,747,479,317,388,94,510,525,363,184,182,75,287,222,116,133,206
2016_4,행운길,4875,2427,2448,367,1532,1294,541,447,694,188,697,725,292,203,322,179,835,569,249,244,372
2016_4,행운1길,3249,1668,1581,326,617,561,458,502,785,174,316,305,242,257,374,152,301,256,216,245,411
2016_4,청림3길,4407,2162,2245,602,548,662,667,732,1196,307,296,358,365,349,487,295,252,304,302,383,709
2016_4,청룡길,3387,1618,1769,243,1119,738,396,363,528,125,470,391,209,175,248,118,649,347,187,188,280
2016_4,청룡8길,1840,901,939,257,354,360,260,233,376,138,162,193,131,110,167,119,192,167,129,123,209
2016_4,중앙길,3101,1530,1571,377,620,540,457,420,687,182,301,297,252,210,288,195,319,243,205,210,399
2016_4,조원중앙로2길,4430,2266,2164,544,711,764,690,789,932,273,360,435,372,400,426,271,351,329,318,389,506
2016_4,조원로18길,1827,920,907,181,483,445,238,196,284,94,217,259,128,91,131,87,266,186,110,105,153
2016_4,조원로10길,1774,908,866,169,283,375,256,309,382,84,148,202,128,162,184,85,135,173,128,147,198
2016_4,장군봉2길,1788,877,911,172,400,401,207,246,362,94,183,223,112,103,162,78,217,178,95,143,200
2016_4,장군봉1길,875,423,452,99,124,145,118,135,254,58,59,74,63,65,104,41,65,71,55,70,150
2016_4,인헌길,3008,1460,1548,431,433,621,477,397,649,231,210,304,234,185,296,200,223,317,243,212,353
2016_4,은천로25길,1481,727,754,289,170,284,237,217,284,141,97,146,125,107,111,148,73,138,112,110,173
2016_4,양녕로6길,4448,2206,2242,438,990,859,568,642,951,218,469,462,301,320,436,220,521,397,267,322,515
2016_4,신원로3길,2733,1364,1369,224,562,475,372,432,668,104,289,259,215,213,284,120,273,216,157,219,384
2016_4,신사로20길,1871,945,926,174,424,389,290,241,353,97,206,208,146,121,167,77,218,181,144,120,186
2016_4,신림로65길,1959,929,1030,82,760,547,213,171,186,40,316,297,109,81,86,42,444,250,104,90,100
2016_4,신림로64길,1568,842,726,52,599,430,181,139,167,30,264,252,114,93,89,22,335,178,67,46,78
2016_4,신림로48길,2615,1372,1243,233,604,580,356,402,440,128,323,335,210,174,202,105,281,245,146,228,238
2016_4,신림로38길,2103,1079,1024,234,452,431,301,285,400,128,230,234,170,129,188,106,222,197,131,156,212
2016_4,신림로28길,3025,1788,1237,264,779,724,460,369,429,138,462,489,288,201,210,126,317,235,172,168,219
2016_4,신림로11길,4656,2778,1878,363,1226,1028,731,588,720,175,758,679,496,339,331,188,468,349,235,249,389
2016_4,신림동길,4091,2101,1990,164,1497,1163,483,324,460,89,693,676,272,174,197,75,804,487,211,150,263
2016_4,승방길,2889,1372,1517,223,813,738,310,363,442,110,330,398,152,165,217,113,483,340,158,198,225
2016_4,서림7길,4124,2708,1416,242,1503,1045,536,336,462,131,988,766,408,185,230,111,515,279,128,151,232
2016_4,봉천로33길,3897,1966,1931,471,645,765,577,556,883,258,321,399,314,263,411,213,324,366,263,293,472
2016_4,봉천로13길,3832,1922,1910,592,581,647,599,576,837,329,292,344,309,272,376,263,289,303,290,304,461
2016_4,복은길,4331,2341,1990,472,1005,915,611,564,764,235,572,550,358,285,341,237,433,365,253,279,423
2016_4,법원단지길,1442,697,745,236,218,210,232,257,289,113,101,118,111,125,129,123,117,92,121,132,160
2016_4,법원단지9길,5517,2775,2742,931,817,766,971,944,1088,503,445,399,483,446,499,428,372,367,488,498,589
2016_4,미성5길,4866,2455,2411,755,770,705,801,855,980,394,395,386,393,430,457,361,375,319,408,425,523
2016_4,대학길,1785,1089,696,120,532,413,267,164,289,60,322,281,198,102,126,60,210,132,69,62,163
2016_4,대학14길,2988,2069,919,192,869,623,567,348,389,104,589,473,453,248,202,88,280,150,114,100,187
2016_4,당곡길,1860,925,935,220,309,341,313,270,407,108,163,172,158,134,190,112,146,169,155,136,217
2016_4,남현길,1992,937,1055,257,406,404,271,264,390,133,177,188,131,124,184,124,229,216,140,140,206
2016_4,남현3길,1562,704,858,110,382,402,185,206,277,49,162,188,89,96,120,61,220,214,96,110,157
2016_4,남현2길,2737,1333,1404,264,587,636,337,391,522,132,264,343,184,175,235,132,323,293,153,216,287
2016_4,남부순환로248길,1615,766,849,167,350,298,225,228,347,88,158,146,106,111,157,79,192,152,119,117,190
2016_4,남부순환로234길,2008,1058,950,167,534,454,257,226,370,76,302,263,130,110,177,91,232,191,127,116,193
2016_4,남부순환로172길,2502,1280,1222,306,498,452,399,361,486,156,270,263,179,174,238,150,228,189,220,187,248
2016_4,남부순환로161길,4010,2031,1979,568,723,668,701,652,698,299,363,380,329,343,317,269,360,288,372,309,381
2016_4,남부순환로151길,3455,1724,1731,407,761,683,515,526,563,223,360,374,259,243,265,184,401,309,256,283,298
2016_4,남부순환로142길,3296,1648,1648,437,577,616,505,517,644,215,294,336,259,266,278,222,283,280,246,251,366
2016_4,난향길,2765,1441,1324,340,335,320,481,463,826,171,184,187,265,254,380,169,151,133,216,209,446
2016_4,난우길,2431,1219,1212,406,314,359,425,400,527,203,166,202,200,208,240,203,148,157,225,192,287
2016_4,난곡로74길,1829,860,969,194,423,368,272,216,356,114,179,175,135,103,154,80,244,193,137,113,202
2016_4,난곡로34길,2679,1367,1312,400,417,380,447,507,528,214,213,210,236,247,247,186,204,170,211,260,281
2016_4,난곡로26길,3549,1808,1741,480,520,466,610,646,827,252,266,280,313,344,353,228,254,186,297,302,474
2016_4,난곡로24길,2564,1359,1205,343,305,355,415,454,692,187,179,208,226,232,327,156,126,147,189,222,365
2016_4,낙성대역길,5188,2604,2584,567,1536,1248,643,462,732,267,757,677,351,226,326,300,779,571,292,236,406
2016_4,국회단지길,5543,2749,2794,902,731,983,928,869,1130,440,379,528,489,393,520,462,352,455,439,476,610
2016_4,구암길,6067,2957,3110,1012,998,969,989,866,1233,518,474,490,501,440,534,494,524,479,488,426,699
2016_4,관천로22길,4317,2142,2175,436,989,1015,573,517,787,210,480,564,306,240,342,226,509,451,267,277,445
2016_4,관천로15길,4719,2400,2319,695,833,853,791,703,844,365,434,478,399,332,392,330,399,375,392,371,452
2016_4,관악로30길,2716,1342,1374,461,382,447,426,407,593,227,206,226,218,197,268,234,176,221,208,210,325
2016_4,관악로28길,2147,1060,1087,324,306,373,329,342,473,159,158,187,173,159,224,165,148,186,156,183,249
2016_4,관악로14길,1359,655,704,115,487,235,150,134,238,53,236,122,73,68,103,62,251,113,77,66,135
2016_4,관악로10길,4427,2234,2193,544,1177,888,627,480,711,276,579,505,328,232,314,268,598,383,299,248,397
2016_4,흑석로9길,1965,1008,957,212,577,293,254,241,388,110,340,158,124,109,167,102,237,135,130,132,221
2016_4,흑석로13길,582,310,272,80,105,83,89,85,140,42,63,47,55,39,64,38,42,36,34,46,76
2016_4,장승배기로27길,2467,1266,1201,217,485,398,333,406,628,120,259,221,181,207,278,97,226,177,152,199,350
2016_4,장승배기로19길,2617,1332,1285,247,412,355,372,520,711,128,225,201,196,269,313,119,187,154,176,251,398
2016_4,장승배기로10길,382,192,190,45,68,55,58,62,94,22,35,28,27,35,45,23,33,27,31,27,49
2016_4,여의대방로46길,2916,1353,1563,726,453,375,635,403,324,321,193,175,300,220,144,405,260,200,335,183,180
2016_4,여의대방로24길,2829,1358,1471,448,463,566,454,395,503,232,192,277,215,207,235,216,271,289,239,188,268
2016_4,여의대방로22카길,3058,1541,1517,413,588,581,486,432,558,230,278,314,237,218,264,183,310,267,249,214,294
2016_4,여의대방로22나길,2666,1307,1359,447,356,476,456,392,539,231,170,245,243,189,229,216,186,231,213,203,310
2016_4,여의대방로22길,2407,1211,1196,351,421,485,381,333,436,199,206,259,191,157,199,152,215,226,190,176,237
2016_4,양녕로26길,1892,924,968,328,266,334,300,303,361,172,128,164,156,143,161,156,138,170,144,160,200
2016_4,신대방길,4055,1979,2076,480,602,617,688,700,968,253,295,331,331,345,424,227,307,286,357,355,544
2016_4,성대로29길,2156,1060,1096,313,304,373,375,341,450,163,164,195,187,170,181,150,140,178,188,171,269
2016_4,성대로1길,1077,557,520,106,212,211,147,178,223,62,108,112,77,96,102,44,104,99,70,82,121
2016_4,서달로8가길,640,299,341,66,117,78,78,112,189,27,61,34,42,56,79,39,56,44,36,56,110
2016_4,서달로15길,359,174,185,36,40,63,41,62,117,19,18,31,25,32,49,17,22,32,16,30,68
2016_4,서달로14길,401,187,214,55,68,45,55,67,111,25,29,23,29,33,48,30,39,22,26,34,63
2016_4,서달로10길,3057,1492,1565,379,460,474,486,511,747,190,255,250,241,253,303,189,205,224,245,258,444
2016_4,상도로62길,2920,1418,1502,388,808,603,396,293,432,189,392,296,207,141,193,199,416,307,189,152,239
2016_4,상도로61길,2345,1206,1139,280,700,424,270,277,394,138,401,226,134,127,180,142,299,198,136,150,214
2016_4,상도로47길,4063,2083,1980,530,1134,703,471,515,710,274,655,361,232,249,312,256,479,342,239,266,398
2016_4,상도로37길,1307,628,679,177,350,237,171,150,222,86,171,122,79,72,98,91,179,115,92,78,124
2016_4,상도로15길,3871,1885,1986,409,787,862,513,561,739,207,400,439,257,257,325,202,387,423,256,304,414
2016_4,사당로8길,2618,1265,1353,320,423,540,412,386,537,163,210,266,211,182,233,157,213,274,201,204,304
2016_4,사당로30길,1026,483,543,84,199,267,151,120,205,48,88,128,83,49,87,36,111,139,68,71,118
2016_4,사당로2차길,3326,1601,1725,534,497,628,556,463,648,280,220,321,274,215,291,254,277,307,282,248,357
2016_4,사당로29길,2619,1266,1353,285,445,510,381,457,541,145,224,245,192,228,232,140,221,265,189,229,309
2016_4,사당로26길,3007,1431,1576,297,641,687,346,435,601,166,285,344,170,197,269,131,356,343,176,238,332
2016_4,사당로23나길,1058,546,512,145,136,174,163,166,274,75,82,96,87,82,124,70,54,78,76,84,150
2016_4,사당로23길,1251,601,650,256,152,208,234,179,222,136,61,90,124,87,103,120,91,118,110,92,119
2016_4,사당로20길,2749,1309,1440,334,479,537,423,372,604,167,220,274,223,159,266,167,259,263,200,213,338
2016_4,사당로16길,3556,1712,1844,442,477,684,551,547,855,213,222,374,287,261,355,229,255,310,264,286,500
2016_4,사당로16가길,2187,1048,1139,259,383,435,345,307,458,127,180,213,182,144,202,132,203,222,163,163,256
2016_4,만양로8길,3761,1954,1807,594,728,657,515,516,751,318,430,375,259,234,338,276,298,282,256,282,413
2016_4,만양로14길,983,610,373,54,387,212,91,75,164,33,265,154,58,34,66,21,122,58,33,41,98
2016_4,등용로14길,2037,1017,1020,229,394,335,278,346,455,120,206,188,144,171,188,109,188,147,134,175,267
2016_4,동작대로7길,3339,1618,1721,236,799,767,377,492,668,125,369,380,201,227,316,111,430,387,176,265,352
2016_4,동작대로35길,3103,1551,1552,428,437,561,459,509,709,230,206,304,248,241,322,198,231,257,211,268,387
2016_4,동작대로33길,2590,1219,1371,268,403,477,384,413,645,151,195,234,181,177,281,117,208,243,203,236,364
2016_4,동작대로29길,830,403,427,102,137,140,109,119,223,52,73,67,53,57,101,50,64,73,56,62,122
2016_4,동작대로17길,2444,1137,1307,216,445,543,348,359,533,110,171,262,186,161,247,106,274,281,162,198,286
2016_4,대방동2길,3366,1544,1822,563,649,628,547,434,545,284,277,280,252,198,253,279,372,348,295,236,292
2016_4,대방동27길,4157,2077,2080,827,705,660,844,517,604,439,350,333,437,248,270,388,355,327,407,269,334
2016_4,노량진로6길,3405,1730,1675,401,594,451,532,671,756,204,308,262,285,324,347,197,286,189,247,347,409
2016_4,국사봉길,3938,1919,2019,554,643,829,580,531,801,291,308,442,292,228,358,263,335,387,288,303,443
2016_4,국사봉2길,1334,624,710,162,267,307,188,177,233,88,105,148,88,92,103,74,162,159,100,85,130
2016_4,국사봉1길,3231,1520,1711,366,577,594,503,452,739,187,258,291,244,211,329,179,319,303,259,241,410
2016_4,영신로9길,2790,1444,1346,267,395,519,413,513,683,137,211,281,229,266,320,130,184,238,184,247,363
2016_4,영등포로84길,2607,1344,1263,219,524,473,409,407,575,112,239,284,233,215,261,107,285,189,176,192,314
2016_4,영등포로80길,2226,1143,1083,229,358,389,334,385,531,125,176,229,185,198,230,104,182,160,149,187,301
2016_4,영등포로62길,1687,905,782,158,292,381,238,239,379,78,155,235,132,121,184,80,137,146,106,118,195
2016_4,영등포로35길,1203,709,494,98,218,230,178,205,274,55,117,140,118,134,145,43,101,90,60,71,129
2016_4,영등포로27길,1771,980,791,163,270,354,270,301,413,86,133,224,170,178,189,77,137,130,100,123,224
2016_4,영등포로25길,1745,874,871,169,315,277,264,301,419,71,148,159,146,157,193,98,167,118,118,144,226
2016_4,여의대방로61길,2427,1241,1186,285,324,533,382,366,537,145,163,300,213,176,244,140,161,233,169,190,293
2016_4,여의대방로43나길,3598,1805,1793,487,532,536,605,676,762,257,275,291,307,336,339,230,257,245,298,340,423
2016_4,여의대방로39길,444,219,225,40,61,67,61,90,125,24,28,35,31,44,57,16,33,32,30,46,68
2016_4,여의대방로35길,1780,903,877,238,241,252,287,297,465,134,126,142,141,149,211,104,115,110,146,148,254
2016_4,양평로28길,3649,1866,1783,580,598,854,560,531,526,285,290,469,292,287,243,295,308,385,268,244,283
2016_4,양평로22라길,1471,730,741,216,242,453,244,150,166,115,99,243,122,83,68,101,143,210,122,67,98
2016_4,양평로19길,3144,1555,1589,607,420,559,548,460,550,309,216,284,286,222,238,298,204,275,262,238,312
2016_4,신길로60길,3204,1573,1631,362,408,478,481,599,876,177,201,244,244,308,399,185,207,234,237,291,477
2016_4,신길로42길,2859,1425,1434,365,401,333,476,569,715,182,209,188,241,293,312,183,192,145,235,276,403
2016_4,신길로42가길,4794,2358,2436,672,643,619,841,867,1152,342,335,340,404,434,503,330,308,279,437,433,649
2016_4,신길로39길,1999,990,1009,263,243,214,361,388,530,139,127,122,171,195,236,124,116,92,190,193,294
2016_4,신길로17길,2524,1236,1288,302,350,326,387,497,662,162,189,172,177,249,287,140,161,154,210,248,375
2016_4,선유서로28길,1112,586,526,154,122,174,178,183,301,91,74,94,96,93,138,63,48,80,82,90,163
2016_4,선유서로25길,2960,1524,1436,399,431,628,499,386,617,222,210,329,296,191,276,177,221,299,203,195,341
2016_4,선유서로24길,1382,705,677,144,120,176,202,268,472,69,68,95,121,148,204,75,52,81,81,120,268
2016_4,선유로55길,2800,1410,1390,233,649,691,364,383,480,119,268,362,198,230,233,114,381,329,166,153,247
2016_4,디지털로74길,562,337,225,130,61,67,73,88,143,105,38,39,43,41,71,25,23,28,30,47,72
2016_4,디지털로57길,1682,821,861,181,182,227,288,327,477,99,88,111,149,172,202,82,94,116,139,155,275
2016_4,디지털로37길,1631,798,833,191,143,177,301,289,530,96,71,102,139,150,240,95,72,75,162,139,290
2016_4,도신로62길,1662,820,842,218,226,212,267,298,441,112,130,119,135,134,190,106,96,93,132,164,251
2016_4,도신로60길,809,398,411,95,95,99,124,142,254,45,49,54,69,64,117,50,46,45,55,78,137
2016_4,도신로29길,1687,869,818,250,229,243,308,289,368,148,119,127,158,146,171,102,110,116,150,143,197
2016_4,도신로15길,3749,1888,1861,397,723,804,502,608,715,226,324,426,269,296,347,171,399,378,233,312,368
2016_4,도림천로21길,2375,1175,1200,278,352,397,339,427,582,142,183,210,156,201,283,136,169,187,183,226,299
2016_4,도림로63길,1911,991,920,285,229,221,338,373,465,162,120,125,170,197,217,123,109,96,168,176,248
2016_4,도림로147길,394,209,185,20,55,50,47,65,157,11,25,26,32,33,82,9,30,24,15,32,75
2016_4,도림로112길,2413,1208,1205,299,280,336,458,406,634,142,138,185,245,214,284,157,142,151,213,192,350
2016_4,대림로8길,3165,1576,1589,370,461,447,536,533,818,189,228,239,283,256,381,181,233,208,253,277,437
2016_4,대림로7길,1153,553,600,127,147,157,161,243,318,58,67,89,71,124,144,69,80,68,90,119,174
2016_4,대림로44길,2360,1230,1130,393,342,297,450,444,434,213,185,159,221,246,206,180,157,138,229,198,228
2016_4,대림로34길,2938,1517,1421,474,405,359,522,546,632,255,213,200,279,279,291,219,192,159,243,267,341
2016_4,대림로31길,2662,1382,1280,311,345,404,477,537,588,157,188,230,243,284,280,154,157,174,234,253,308
2016_4,대림로29길,2121,1106,1015,187,302,374,328,403,527,101,161,212,174,215,243,86,141,162,154,188,284
2016_4,대림로22길,4551,2311,2240,646,609,589,737,891,1079,341,318,328,374,446,504,305,291,261,363,445,575
2016_4,당산로46길,2151,1095,1056,184,499,451,282,305,430,89,233,259,149,166,199,95,266,192,133,139,231
2016_4,당산로38길,1628,778,850,150,523,437,182,156,180,76,225,237,90,65,85,74,298,200,92,91,95
2016_4,당산로37길,1356,652,704,151,176,240,194,217,378,68,81,129,102,112,160,83,95,111,92,105,218
2016_4,당산로31길,868,449,419,114,145,170,140,116,183,60,65,94,82,62,86,54,80,76,58,54,97
2016_4,국회대로56길,2213,1328,885,102,691,662,245,214,299,51,376,435,181,130,155,51,315,227,64,84,144
2016_4,경인로90길,170,130,40,4,9,14,19,43,81,2,5,9,16,36,62,2,4,5,3,7,19
2016_4,경인로80길,147,83,64,9,11,23,21,25,58,4,7,17,14,16,25,5,4,6,7,9,33
2016_4,경인로77길,304,179,125,6,46,50,44,55,103,3,30,32,31,35,48,3,16,18,13,20,55
2016_4,가마산로61길,2023,1039,984,264,286,233,369,403,468,145,158,125,191,213,207,119,128,108,178,190,261
2016_4,시흥대로94길,3940,1992,1948,532,599,589,662,782,776,279,307,318,313,394,381,253,292,271,349,388,395
2016_4,시흥대로84길,5960,3011,2949,850,912,835,969,1168,1226,454,478,459,478,571,571,396,434,376,491,597,655
2016_4,시흥대로68길,2793,1436,1357,386,369,419,448,509,662,206,199,229,235,255,312,180,170,190,213,254,350
2016_4,시흥대로63길,1546,762,784,188,200,322,247,247,342,88,100,172,123,121,158,100,100,150,124,126,184
2016_4,시흥대로62가길,3215,1618,1597,483,433,427,551,613,708,247,258,228,275,297,313,236,175,199,276,316,395
2016_4,시흥대로36길,2068,1066,1002,329,274,277,344,387,457,160,154,140,188,205,219,169,120,137,156,182,238
2016_4,시흥대로22길,3562,1781,1781,565,462,558,530,593,854,286,244,292,289,273,397,279,218,266,241,320,457
2016_4,시흥대로153길,2089,1147,942,192,483,450,260,368,336,109,242,271,151,201,173,83,241,179,109,167,163
2016_4,시흥대로150길,4382,2231,2151,626,544,669,709,816,1018,310,290,369,370,401,491,316,254,300,339,415,527
2016_4,시흥대로141길,2274,1250,1024,224,421,398,355,444,432,104,211,232,220,257,226,120,210,166,135,187,206
2016_4,시흥대로138길,625,330,295,83,57,89,96,129,171,46,31,51,53,64,85,37,26,38,43,65,86
2016_4,시흥대로120길,3426,1693,1733,459,487,500,582,669,729,223,243,252,301,340,334,236,244,248,281,329,395
2016_4,벚꽃로56길,1207,630,577,110,160,194,192,240,311,50,83,118,108,133,138,60,77,76,84,107,173
2016_4,범안로17길,1313,681,632,147,253,286,199,195,233,75,121,165,106,104,110,72,132,121,93,91,123
2016_4,범안로11길,1292,734,558,91,438,430,141,88,104,40,210,280,100,52,52,51,228,150,41,36,52
2016_4,문성로5길,3187,1600,1587,380,451,479,537,627,713,194,231,277,267,306,325,186,220,202,270,321,388
2016_4,독산로85길,556,262,294,84,63,74,107,112,116,42,30,39,51,52,48,42,33,35,56,60,68
2016_4,독산로78다길,3313,1696,1617,466,485,422,574,667,699,230,266,231,296,352,321,236,219,191,278,315,378
2016_4,독산로70길,2790,1424,1366,310,351,343,548,606,632,155,175,195,287,334,278,155,176,148,261,272,354
2016_4,독산로64길,2372,1195,1177,327,341,298,412,520,474,164,194,156,203,270,208,163,147,142,209,250,266
2016_4,독산로50길,2448,1223,1225,380,366,367,359,477,499,199,185,188,174,226,251,181,181,179,185,251,248
2016_4,독산로40길,2704,1338,1366,415,355,397,427,508,602,211,186,215,220,241,265,204,169,182,207,267,337
2016_4,독산로108길,1838,960,878,228,282,310,309,353,356,123,145,181,147,198,166,105,137,129,162,155,190
2016_4,남부순환로112길,2394,1407,987,141,644,521,348,387,353,64,317,350,233,243,200,77,327,171,115,144,153
2016_4,금하로24길,4520,2308,2212,681,591,543,780,829,1096,352,312,310,400,444,490,329,279,233,380,385,606
2016_4,금하로1길,2164,1099,1065,343,297,285,421,370,448,161,154,179,210,192,203,182,143,106,211,178,245
2016_4,금하로14길,1825,898,927,248,247,244,307,331,448,119,120,132,152,162,213,129,127,112,155,169,235
2016_4,가산로5길,3309,1989,1320,259,868,892,427,427,436,148,497,588,272,255,229,111,371,304,155,172,207
2016_4,가산로3길,985,630,355,53,284,329,140,91,88,15,167,240,107,53,48,38,117,89,33,38,40
2016_4,중앙로1길,1239,613,626,201,211,201,181,200,245,102,106,104,92,101,108,99,105,97,89,99,137
2016_4,중앙로15길,1658,829,829,281,222,257,246,292,360,152,110,133,131,140,163,129,112,124,115,152,197
2016_4,우마길,1026,576,450,75,118,93,185,275,280,40,59,59,117,162,139,35,59,34,68,113,141
2016_4,오류로8길,2232,1130,1102,322,286,307,304,374,639,183,144,173,166,188,276,139,142,134,138,186,363
2016_4,신도림로13길,588,295,293,56,85,70,89,124,164,25,46,32,51,66,75,31,39,38,38,58,89
2016_4,새말로18길,2689,1318,1371,364,461,571,382,385,526,189,212,288,190,184,255,175,249,283,192,201,271
2016_4,부일로1길,1335,693,642,164,153,265,198,214,341,99,74,134,115,111,160,65,79,131,83,103,181
2016_4,부일로15길,1665,826,839,261,222,264,277,258,383,139,112,142,135,129,169,122,110,122,142,129,214
2016_4,부일로11길,2714,1376,1338,492,373,367,478,461,543,268,198,182,226,231,271,224,175,185,252,230,272
2016_4,디지털로32길,1504,820,684,38,529,551,180,105,101,21,234,322,120,69,54,17,295,229,60,36,47
2016_4,디지털로32가길,4784,2622,2162,126,1964,1741,450,222,281,71,883,1079,320,123,146,55,1081,662,130,99,135
2016_4,디지털로27길,1427,762,665,184,148,194,242,257,402,92,85,108,135,147,195,92,63,86,107,110,207
2016_4,도림로6길,1556,797,759,196,189,210,268,310,383,101,96,129,152,161,158,95,93,81,116,149,225
2016_4,도림로12길,2468,1206,1262,371,306,380,397,428,586,184,168,186,206,204,258,187,138,194,191,224,328
2016_4,남부순환로97길,1305,618,687,204,148,257,154,187,355,92,71,130,75,73,177,112,77,127,79,114,178
2016_4,구로중앙로8길,3141,1569,1572,371,359,453,495,613,850,192,193,228,253,302,401,179,166,225,242,311,449
2016_4,구로중앙로7길,791,386,405,80,63,107,111,156,274,41,33,53,63,74,122,39,30,54,48,82,152
2016_4,구로중앙로42길,972,517,455,142,141,146,146,164,233,77,83,84,81,83,109,65,58,62,65,81,124
2016_4,구로중앙로34길,1248,651,597,149,165,160,208,241,325,84,96,94,106,124,147,65,69,66,102,117,178
2016_4,구로중앙로28길,3479,1744,1735,493,522,647,606,552,659,239,223,356,329,298,299,254,299,291,277,254,360
2016_4,구로중앙로19길,868,433,435,100,114,95,138,176,245,45,53,58,75,97,105,55,61,37,63,79,140
2016_4,구로동로8길,6753,3399,3354,883,895,951,1082,1240,1702,491,515,496,552,582,763,392,380,455,530,658,939
2016_4,구로동로7길,2919,1540,1379,354,330,364,490,583,798,201,185,209,276,291,378,153,145,155,214,292,420
2016_4,구로동로42길,1996,988,1008,277,212,249,370,337,551,135,106,132,193,169,253,142,106,117,177,168,298
2016_4,구로동로41길,2624,1345,1279,336,339,315,461,518,655,168,170,181,254,261,311,168,169,134,207,257,344
2016_4,구로동로38길,2104,1028,1076,294,263,208,368,414,557,136,144,108,192,213,235,158,119,100,176,201,322
2016_4,구로동로28길,2059,1048,1011,258,248,261,393,349,550,133,124,142,207,195,247,125,124,119,186,154,303
2016_4,구로동로15길,1072,563,509,131,114,121,163,241,302,72,73,71,82,127,138,59,41,50,81,114,164
2016_4,공원로6가길,2086,928,1158,218,584,552,252,208,272,99,196,268,126,105,134,119,388,284,126,103,138
2016_4,고척로52길,3257,1605,1652,594,434,453,561,581,634,304,218,220,287,288,288,290,216,233,274,293,346
2016_4,고척로27다길,4560,2260,2300,730,662,589,813,831,935,360,358,298,400,423,421,370,304,291,413,408,514
2016_4,고척로27길,2614,1346,1268,389,362,348,435,470,610,208,192,184,226,250,286,181,170,164,209,220,324
2016_4,고척로21나길,2853,1477,1376,458,386,382,477,494,656,236,220,218,240,262,301,222,166,164,237,232,355
2016_4,경인로47길,2144,1071,1073,322,350,301,321,384,466,146,173,162,163,203,224,176,177,139,158,181,242
2016_4,경인로35길,3192,1645,1547,393,405,382,488,630,894,192,212,207,274,335,425,201,193,175,214,295,469
2016_4,경인로31길,2002,1047,955,210,246,233,346,429,538,107,134,132,201,234,239,103,112,101,145,195,299
2016_4,경인로15길,3848,1944,1904,566,510,614,588,639,931,297,262,325,327,312,421,269,248,289,261,327,510
2016_4,개봉로3길,3108,1527,1581,514,401,529,515,513,636,256,210,281,266,236,278,258,191,248,249,277,358
2016_4,개봉로2길,2428,1169,1259,448,291,446,378,385,480,230,151,222,177,174,215,218,140,224,201,211,265
2016_4,개봉로23가길,2302,1128,1174,332,241,424,342,344,619,146,131,213,189,160,289,186,110,211,153,184,330
2016_4,개봉로20길,3701,1770,1931,651,462,681,488,587,832,332,218,316,255,265,384,319,244,365,233,322,448
2016_4,개봉로1길,2130,1071,1059,357,264,339,382,340,448,180,144,195,191,162,199,177,120,144,191,178,249
2016_4,개봉로17다길,3467,1735,1732,534,461,593,555,554,770,272,232,307,282,271,371,262,229,286,273,283,399
2016_4,개봉로17길,5645,2753,2892,924,809,937,889,942,1144,481,415,470,440,436,511,443,394,467,449,506,633
2016_4,개봉로11길,5149,2548,2601,848,712,802,857,861,1069,457,365,405,421,402,498,391,347,397,436,459,571
2016_4,화곡로64길,3792,1838,1954,491,759,805,547,571,619,277,301,418,266,297,279,214,458,387,281,274,340
2016_4,화곡로59길,2591,1268,1323,432,426,439,401,501,392,235,213,214,175,243,188,197,213,225,226,258,204
2016_4,화곡로44나길,3188,1584,1604,473,474,694,517,482,548,253,222,386,251,224,248,220,252,308,266,258,300
2016_4,화곡로31길,4122,1964,2158,480,685,802,577,655,923,252,339,390,278,298,407,228,346,412,299,357,516
2016_4,화곡로20길,3475,1707,1768,528,474,680,519,566,708,264,241,349,264,255,334,264,233,331,255,311,374
2016_4,화곡로13길,3303,1616,1687,567,513,475,572,551,625,301,268,233,275,249,290,266,245,242,297,302,335
2016_4,초원로16길,3703,1880,1823,531,532,526,554,674,886,284,261,298,290,328,419,247,271,228,264,346,467
2016_4,초록마을로8길,4978,2462,2516,1007,685,985,909,670,722,535,353,502,464,313,295,472,332,483,445,357,427
2016_4,초록마을로3길,2614,1344,1270,223,521,693,427,348,402,93,262,398,239,179,173,130,259,295,188,169,229
2016_4,월정로20길,2252,1208,1044,175,428,634,342,332,341,83,203,376,209,171,166,92,225,258,133,161,175
2016_4,우장산로6길,5525,2614,2911,1432,715,699,1203,781,695,667,335,330,561,399,322,765,380,369,642,382,373
2016_4,양천로73가길,2595,1349,1246,732,284,431,567,312,269,414,149,203,292,168,123,318,135,228,275,144,146
2016_4,양천로71길,6762,3329,3433,1768,830,917,1440,991,816,872,452,414,718,502,371,896,378,503,722,489,445
2016_4,양천로49길,1193,614,579,170,222,217,162,191,231,99,113,119,76,98,109,71,109,98,86,93,122
2016_4,양천로26길,2071,1004,1067,458,218,402,338,314,341,232,118,182,170,145,157,226,100,220,168,169,184
2016_4,양천로24길,3733,1905,1828,605,501,642,535,652,798,339,264,332,279,304,387,266,237,310,256,348,411
2016_4,양천로24가길,2936,1457,1479,529,340,530,527,440,570,265,173,279,265,213,262,264,167,251,262,227,308
2016_4,양천로14길,4565,2231,2334,823,598,688,731,759,966,407,300,364,371,354,435,416,298,324,360,405,531
2016_4,방화대로6라길,2424,1270,1154,358,284,475,466,393,448,190,143,267,265,193,212,168,141,208,201,200,236
2016_4,방화대로21길,2481,1277,1204,338,346,399,344,479,575,183,178,238,184,233,261,155,168,161,160,246,314
2016_4,등촌로5길,1520,731,789,205,233,287,212,256,327,110,113,158,99,110,141,95,120,129,113,146,186
2016_4,등촌로55길,2854,1366,1488,448,510,702,427,367,400,235,221,372,202,149,187,213,289,330,225,218,213
2016_4,등촌로51길,2163,1072,1091,393,318,330,332,383,407,205,171,159,164,173,200,188,147,171,168,210,207
2016_4,등촌로39길,3301,1677,1624,604,494,605,529,541,528,327,272,332,249,265,232,277,222,273,280,276,296
2016_4,등촌로13길,3871,1916,1955,585,515,763,636,635,737,315,262,408,318,290,323,270,253,355,318,345,414
2016_4,남부순환로11길,3901,2058,1843,622,526,772,669,608,704,329,266,429,383,317,334,293,260,343,286,291,370
2016_4,까치산로4길,4454,2165,2289,885,584,893,743,608,741,452,288,453,382,273,317,433,296,440,361,335,424
2016_4,국회대로7길,2372,1162,1210,290,353,410,368,400,551,132,192,226,184,183,245,158,161,184,184,217,306
2016_4,공항대로8길,3043,1546,1497,380,517,548,455,459,684,198,266,293,245,214,330,182,251,255,210,245,354
2016_4,공항대로61길,2060,1026,1034,418,278,400,371,283,310,222,136,198,189,134,147,196,142,202,182,149,163
2016_4,공항대로59다길,2825,1420,1405,531,379,417,483,492,523,285,195,200,243,249,248,246,184,217,240,243,275
2016_4,공항대로59길,1723,802,921,184,332,367,290,274,276,92,132,178,140,137,123,92,200,189,150,137,153
2016_4,공항대로55길,2105,1064,1041,377,283,354,345,348,398,201,151,196,167,167,182,176,132,158,178,181,216
2016_4,공항대로42길,1120,544,576,239,148,148,245,171,169,112,81,66,116,88,81,127,67,82,129,83,88
2016_4,공항대로38길,422,205,217,78,72,74,82,64,52,35,43,40,35,30,22,43,29,34,47,34,30
2016_4,곰달래로60길,1958,974,984,208,298,404,286,323,439,109,155,204,145,155,206,99,143,200,141,168,233
2016_4,곰달래로53길,3803,1859,1944,718,496,631,710,577,671,358,266,323,342,275,295,360,230,308,368,302,376
2016_4,곰달래로47길,4181,2031,2150,806,539,786,774,591,685,392,274,399,375,276,315,414,265,387,399,315,370
2016_4,곰달래로31길,3162,1528,1634,693,362,638,558,399,512,369,179,305,269,172,234,324,183,333,289,227,278
2016_4,곰달래로25길,3090,1472,1618,472,356,591,522,486,663,218,186,283,281,212,292,254,170,308,241,274,371
2016_4,개화동로25길,2425,1208,1217,229,637,441,297,342,479,111,294,246,165,175,217,118,343,195,132,167,262
2016_4,개화동로23길,3942,1959,1983,496,496,544,610,788,1008,252,274,278,308,396,451,244,222,266,302,392,557
2016_4,강서로8길,3414,1689,1725,489,411,669,523,512,810,243,194,360,275,232,385,246,217,309,248,280,425
2016_4,강서로5라길,2895,1440,1455,444,378,594,438,478,563,235,189,313,235,206,262,209,189,281,203,272,301
2016_4,강서로5나길,2948,1466,1482,233,682,845,374,330,484,113,283,481,212,148,229,120,399,364,162,182,255
2016_4,강서로5가길,1860,959,901,157,348,429,256,278,392,89,155,239,142,132,202,68,193,190,114,146,190
2016_4,강서로47라길,3958,1863,2095,975,577,492,809,623,482,448,290,245,365,309,206,527,287,247,444,314,276
2016_4,강서로47길,4170,2009,2161,974,538,553,839,641,625,453,279,271,408,332,266,521,259,282,431,309,359
2016_4,강서로45다길,2812,1359,1453,458,417,490,482,407,558,240,196,255,244,174,250,218,221,235,238,233,308
2016_4,강서로45길,915,448,467,188,124,160,149,136,158,88,50,81,79,69,81,100,74,79,70,67,77
2016_4,강서로35길,3954,1896,2058,520,608,732,573,720,801,254,279,378,273,360,352,266,329,354,300,360,449
2016_4,강서로29길,3065,1473,1592,436,496,736,462,440,495,219,226,376,222,196,234,217,270,360,240,244,261
2016_4,강서로18길,7017,3395,3622,1143,940,1466,1106,1007,1355,584,429,767,547,462,606,559,511,699,559,545,749
2016_4,강서로17가길,3038,1528,1510,356,476,574,437,559,636,195,238,317,218,257,303,161,238,257,219,302,333
2016_4,강서로15길,5498,2734,2764,631,810,1102,855,938,1162,315,397,605,441,459,517,316,413,497,414,479,645
2016_4,가로공원로80길,3004,1511,1493,463,440,598,441,491,571,251,228,325,215,237,255,212,212,273,226,254,316
2016_4,가로공원로76가길,3134,1530,1604,455,467,592,521,500,599,216,236,316,261,221,280,239,231,276,260,279,319
2016_4,화곡로4길,1737,870,867,257,231,260,272,343,374,134,126,132,130,160,188,123,105,128,142,183,186
2016_4,화곡로3길,3506,1727,1779,735,494,565,615,536,561,389,242,284,297,260,255,346,252,281,318,276,306
2016_4,지양로7길,3430,1682,1748,503,432,522,511,608,854,245,228,293,258,271,387,258,204,229,253,337,467
2016_4,중앙로55길,4186,2089,2097,722,534,642,674,747,867,380,279,332,335,369,394,342,255,310,339,378,473
2016_4,중앙로51길,4389,2198,2191,823,584,737,685,684,876,402,309,391,349,328,419,421,275,346,336,356,457
2016_4,중앙로47길,3765,1995,1770,400,503,493,644,773,952,223,292,288,339,403,450,177,211,205,305,370,502
2016_4,중앙로45길,2979,1485,1494,421,413,467,472,536,670,224,213,257,236,251,304,197,200,210,236,285,366
2016_4,중앙로36길,946,453,493,183,102,114,193,137,217,93,48,57,95,66,94,90,54,57,98,71,123
2016_4,중앙로32길,1092,534,558,251,143,133,205,171,189,131,79,67,91,91,75,120,64,66,114,80,114
2016_4,중앙로25길,2659,1350,1309,320,329,353,472,509,676,170,174,191,250,256,309,150,155,162,222,253,367
2016_4,은행정로7길,3323,1654,1669,558,401,583,545,537,699,281,216,300,284,242,331,277,185,283,261,295,368
2016_4,은행정로5길,834,448,386,137,85,109,150,142,211,76,44,60,84,83,101,61,41,49,66,59,110
2016_4,오목로5길,4040,1974,2066,829,463,713,638,613,784,423,228,330,333,301,359,406,235,383,305,312,425
2016_4,오목로3길,3746,1868,1878,822,423,658,618,550,675,412,228,321,322,266,319,410,195,337,296,284,356
2016_4,오목로30길,3668,1790,1878,450,569,664,582,612,791,234,272,360,268,294,362,216,297,304,314,318,429
2016_4,오목로23길,4323,2143,2180,629,641,867,706,687,793,320,307,458,340,337,381,309,334,409,366,350,412
2016_4,신월로20길,2256,1151,1105,412,287,370,370,395,422,221,163,183,185,195,204,191,124,187,185,200,218
2016_4,신월로15길,5924,2912,3012,1087,789,883,947,1006,1212,564,406,431,466,500,545,523,383,452,481,506,667
2016_4,신목로6길,2475,1227,1248,505,334,317,479,398,442,278,170,155,222,213,189,227,164,162,257,185,253
2016_4,신목로5길,2271,1146,1125,595,319,208,516,369,264,308,178,92,234,207,127,287,141,116,282,162,137
2016_4,신목로2길,2101,1030,1071,399,367,192,386,445,312,207,198,93,166,230,136,192,169,99,220,215,176
2016_4,목동중앙서로8가길,1392,686,706,184,210,272,213,214,299,104,103,137,101,111,130,80,107,135,112,103,169
2016_4,목동중앙서로7길,3753,1865,1888,668,576,615,679,603,612,383,308,328,303,278,265,285,268,287,376,325,347
2016_4,목동중앙북로8길,2193,1037,1156,296,328,440,333,341,455,153,160,225,157,149,193,143,168,215,176,192,262
2016_4,목동중앙북로16길,3386,1654,1732,459,600,838,482,473,534,253,270,425,232,231,243,206,330,413,250,242,291
2016_4,목동중앙본로7길,2984,1501,1483,605,423,453,536,484,483,356,237,218,248,227,215,249,186,235,288,257,268
2016_4,목동중앙로3길,2527,1243,1284,622,349,305,514,412,325,322,187,145,236,214,139,300,162,160,278,198,186
2016_4,목동중앙로13나길,1155,596,559,182,206,260,177,163,167,102,89,145,87,97,76,80,117,115,90,66,91
2016_4,목동중앙남로3가길,2747,1375,1372,530,426,433,470,455,433,316,224,199,224,213,199,214,202,234,246,242,234
2016_4,목동로9길,3554,1671,1883,653,520,647,647,530,557,329,246,301,292,242,261,324,274,346,355,288,296
2016_4,목동로19길,2406,1131,1275,413,346,432,387,369,459,188,171,203,181,178,210,225,175,229,206,191,249
2016_4,목동동로8길,898,408,490,216,106,126,203,123,124,103,46,59,91,64,45,113,60,67,112,59,79
2016_4,목동동로12길,2357,1128,1229,568,302,262,509,343,373,282,150,131,219,181,165,286,152,131,290,162,208
2016_4,목동남로4길,1360,656,704,299,198,170,265,206,222,147,93,89,119,109,99,152,105,81,146,97,123
2016_4,남부순환로88길,1871,919,952,502,219,241,434,263,212,255,112,117,207,127,101,247,107,124,227,136,111
2016_4,남부순환로79길,1090,575,515,144,147,144,153,238,264,87,92,78,72,118,128,57,55,66,81,120,136
2016_4,남부순환로70길,5193,2569,2624,696,738,738,803,968,1250,327,406,397,399,489,551,369,332,341,404,479,699
2016_4,남부순환로58길,2276,1141,1135,360,324,367,368,394,463,196,156,204,172,191,222,164,168,163,196,203,241
2016_4,남부순환로40길,2602,1409,1193,290,283,384,449,535,661,143,146,232,271,296,321,147,137,152,178,239,340
2016_4,남부순환로33길,3920,1913,2007,553,581,629,608,711,838,257,290,345,289,356,376,296,291,284,319,355,462
2016_4,곰달래로5길,3974,2054,1920,539,579,567,596,796,897,280,293,321,298,415,447,259,286,246,298,381,450
2016_4,곰달래로3길,3961,2071,1890,586,491,559,693,766,866,313,270,293,369,406,420,273,221,266,324,360,446
2016_4,곰달래로2길,3864,2002,1862,665,512,615,640,695,737,344,266,333,343,354,362,321,246,282,297,341,375
2016_4,곰달래로10길,3432,1771,1661,485,444,575,595,619,714,239,230,330,301,319,352,246,214,245,294,300,362
2016_4,가로공원로58길,2512,1343,1169,302,315,310,450,511,624,153,171,181,271,287,280,149,144,129,179,224,344
2016_4,효창원로93길,3497,1682,1815,472,553,454,624,623,771,242,259,247,304,293,337,230,294,207,320,330,434
2016_4,토정로37길,2567,1239,1328,635,294,449,548,327,314,315,136,212,279,157,140,320,158,237,269,170,174
2016_4,월드컵로8길,1709,799,910,189,304,408,284,223,301,101,146,186,137,99,130,88,158,222,147,124,171
2016_4,월드컵로7길,1955,905,1050,265,363,458,304,255,310,126,149,224,149,124,133,139,214,234,155,131,177
2016_4,월드컵로36길,3884,1772,2112,515,742,783,670,515,659,256,297,341,340,256,282,259,445,442,330,259,377
2016_4,월드컵로25길,3161,1529,1632,596,402,611,562,418,572,295,194,300,286,204,250,301,208,311,276,214,322
2016_4,월드컵로19길,1795,844,951,212,308,378,287,229,381,99,141,193,137,113,161,113,167,185,150,116,220
2016_4,월드컵로16길,2551,1174,1377,352,437,563,440,315,444,180,190,249,204,151,200,172,247,314,236,164,244
2016_4,월드컵로11길,2344,1095,1249,298,394,520,365,319,448,155,166,241,197,147,189,143,228,279,168,172,259
2016_4,월드컵로10길,2508,1150,1358,256,359,553,408,358,574,120,147,243,201,182,257,136,212,310,207,176,317
2016_4,와우산로3길,1916,922,994,171,401,462,283,261,338,77,206,237,137,127,138,94,195,225,146,134,200
2016_4,와우산로29길,870,411,459,97,167,209,149,91,157,50,74,102,69,42,74,47,93,107,80,49,83
2016_4,와우산로29가길,545,247,298,43,205,131,59,38,69,16,95,63,25,17,31,27,110,68,34,21,38
2016_4,양화진길,1396,674,722,151,231,307,200,214,293,90,110,162,113,85,114,61,121,145,87,129,179
2016_4,양화로1길,2757,1259,1498,399,476,630,440,340,472,189,187,304,220,157,202,210,289,326,220,183,270
2016_4,양화로11길,777,347,430,79,152,208,120,77,141,42,53,112,47,35,58,37,99,96,73,42,83
2016_4,신촌로30길,781,394,387,69,99,77,121,162,253,38,52,45,70,81,108,31,47,32,51,81,145
2016_4,신촌로28가길,1198,596,602,79,165,152,152,261,389,38,81,88,81,136,172,41,84,64,71,125,217
2016_4,신촌로12길,1978,961,1017,146,570,436,245,215,366,82,271,222,128,103,155,64,299,214,117,112,211
2016_4,숭문길,2932,1450,1482,392,388,380,474,517,781,203,209,204,244,267,323,189,179,176,230,250,458
2016_4,숭문8길,750,382,368,127,95,158,122,100,148,67,49,85,69,47,65,60,46,73,53,53,83
2016_4,성지3길,1087,505,582,105,206,258,146,159,213,56,77,137,70,76,89,49,129,121,76,83,124
2016_4,성산로4길,3420,1668,1752,475,496,571,594,551,733,230,244,288,307,269,330,245,252,283,287,282,403
2016_4,성미산로32길,1195,555,640,108,262,327,157,147,194,62,112,155,80,66,80,46,150,172,77,81,114
2016_4,성미산로1길,3292,1543,1749,551,470,634,636,430,571,316,205,284,295,196,247,235,265,350,341,234,324
2016_4,성미산로11길,3849,1841,2008,566,574,766,695,553,695,315,273,363,333,252,305,251,301,403,362,301,390
2016_4,백범로16길,1784,871,913,256,258,341,302,255,372,133,113,162,173,123,167,123,145,179,129,132,205
2016_4,방울내로9안길,5705,2756,2949,1024,754,1062,1040,784,1041,506,381,499,522,384,464,518,373,563,518,400,577
2016_4,모래내로7길,2057,1038,1019,333,291,323,382,297,431,177,148,178,195,149,191,156,143,145,187,148,240
2016_4,매봉산로2길,3031,1557,1474,404,552,615,494,388,578,216,260,338,268,219,256,188,292,277,226,169,322
2016_4,망원로2길,4671,2225,2446,727,686,923,803,670,862,373,329,421,410,316,376,354,357,502,393,354,486
2016_4,망원로11길,2321,1095,1226,382,344,369,422,333,471,190,160,178,209,161,197,192,184,191,213,172,274
2016_4,만리재옛길,2691,1312,1379,337,386,502,466,388,612,172,188,255,244,201,252,165,198,247,222,187,360
2016_4,마포대로4길,879,407,472,117,149,182,133,122,176,60,63,101,65,51,67,57,86,81,68,71,109
2016_4,마포대로20길,2140,1026,1114,294,334,442,396,317,357,147,140,213,201,167,158,147,194,229,195,150,199
2016_4,마포대로12길,807,354,453,80,154,247,123,87,116,44,45,114,63,43,45,36,109,133,60,44,71
2016_4,동교로38길,1561,722,839,125,354,382,220,185,295,60,166,177,108,94,117,65,188,205,112,91,178
2016_4,동교로27길,2746,1261,1485,311,594,670,398,292,481,161,252,304,186,135,223,150,342,366,212,157,258
2016_4,동교로25길,1354,611,743,142,304,333,178,176,221,68,126,150,87,80,100,74,178,183,91,96,121
2016_4,동교로19길,1854,843,1011,218,295,415,393,235,298,92,146,189,181,114,121,126,149,226,212,121,177
2016_4,동교로17길,1953,910,1043,251,348,480,320,253,301,135,137,225,165,119,129,116,211,255,155,134,172
2016_4,독막로8길,1403,644,759,155,257,343,219,185,244,81,98,157,117,86,105,74,159,186,102,99,139
2016_4,독막로32길,2942,1441,1501,432,396,493,487,451,683,218,210,265,234,218,296,214,186,228,253,233,387
2016_4,독막로22길,1085,507,578,204,156,211,207,135,172,103,69,93,102,67,73,101,87,118,105,68,99
2016_4,도화길,1019,461,558,136,207,238,158,121,159,59,88,100,80,66,68,77,119,138,78,55,91
2016_4,도화4길,3938,1851,2087,669,448,639,694,613,875,340,208,306,351,291,355,329,240,333,343,322,520
2016_4,대흥로28길,1696,806,890,116,449,249,228,271,383,52,193,118,112,152,179,64,256,131,116,119,204
2016_4,대흥로21길,3807,1979,1828,352,864,596,537,589,869,187,469,338,294,320,371,165,395,258,243,269,498
2016_4,광성로6길,2057,1092,965,266,480,319,346,266,380,152,290,167,183,145,155,114,190,152,163,121,225
2016_4,홍제내길,3052,1433,1619,493,374,466,545,427,747,251,184,240,262,185,311,242,190,226,283,242,436
2016_4,홍연길,1261,655,606,168,153,157,210,222,351,89,81,87,122,114,162,79,72,70,88,108,189
2016_4,통일로39길,1679,853,826,206,246,219,255,308,445,116,133,117,126,153,208,90,113,102,129,155,237
2016_4,통일로37길,1606,715,891,174,172,204,286,294,476,74,83,99,142,133,184,100,89,105,144,161,292
2016_4,통일로11길,310,165,145,28,40,41,41,44,116,20,18,23,24,31,49,8,22,18,17,13,67
2016_4,충정로6길,724,403,321,43,117,159,105,128,172,20,67,84,77,77,78,23,50,75,28,51,94
2016_4,충정로4길,486,245,241,39,76,108,71,65,127,18,39,57,43,32,56,21,37,51,28,33,71
2016_4,증가로6길,3269,1597,1672,469,508,514,503,515,760,235,250,274,260,255,323,234,258,240,243,260,437
2016_4,증가로23나길,5153,2487,2666,770,731,796,857,847,1152,382,358,409,421,416,501,388,373,387,436,431,651
2016_4,증가로20가길,3512,1765,1747,660,580,491,642,535,604,350,308,262,322,253,270,310,272,229,320,282,334
2016_4,증가로10길,3859,1885,1974,443,716,536,623,600,941,220,340,295,307,306,417,223,376,241,316,294,524
2016_4,응암로1길,3863,1858,2005,551,460,698,617,616,921,268,216,342,329,277,426,283,244,356,288,339,495
2016_4,연희로10길,3251,1765,1486,246,1379,624,314,273,415,130,818,361,150,126,180,116,561,263,164,147,235
2016_4,신촌로37길,832,451,381,59,137,124,134,167,211,30,69,71,80,99,102,29,68,53,54,68,109
2016_4,수색로8길,3790,1850,1940,575,439,688,560,594,934,280,219,361,284,283,423,295,220,327,276,311,511
2016_4,세무서길,3754,1803,1951,446,546,487,591,618,1066,230,271,262,287,316,437,216,275,225,304,302,629
2016_4,세무서2길,2006,983,1023,250,261,251,357,325,562,126,134,139,179,169,236,124,127,112,178,156,326
2016_4,세검정로1길,1190,570,620,193,124,123,205,199,346,94,56,56,105,116,143,99,68,67,100,83,203
2016_4,북아현로4길,3759,1809,1950,411,552,520,607,646,1023,208,285,290,306,307,413,203,267,230,301,339,610
2016_4,모래내로15길,10741,5184,5557,2473,1167,1825,1950,1491,1835,1211,581,823,1003,727,839,1262,586,1002,947,764,996
2016_4,명지대길,2403,1189,1214,313,532,350,366,353,489,166,261,181,181,175,225,147,271,169,185,178,264
2016_4,독립문로8길,4321,2069,2252,714,565,705,739,603,995,358,280,371,380,281,399,356,285,334,359,322,596
2016_4,가재울로6길,2765,1366,1399,395,367,399,474,410,720,212,174,214,260,196,310,183,193,185,214,214,410
2016_4,통일로92길,5722,2864,2858,763,917,924,861,1054,1203,417,468,513,434,479,553,346,449,411,427,575,650
2016_4,통일로87길,1774,841,933,241,267,296,292,272,406,113,122,159,139,132,176,128,145,137,153,140,230
2016_4,통일로78길,4575,2185,2390,623,694,808,695,737,1018,305,352,418,339,321,450,318,342,390,356,416,568
2016_4,통일로69길,1841,884,957,269,245,291,289,313,434,138,125,152,141,145,183,131,120,139,148,168,251
2016_4,진흥로1길,4265,2061,2204,755,553,728,745,663,821,385,281,344,374,312,365,370,272,384,371,351,456
2016_4,진흥로12길,5802,2843,2959,749,744,971,960,924,1454,390,398,512,494,425,624,359,346,459,466,499,830
2016_4,증산서길,2624,1344,1280,403,355,398,378,441,649,223,183,203,211,217,307,180,172,195,167,224,342
2016_4,증산로9길,2833,1373,1460,472,369,454,477,428,633,233,180,234,240,189,297,239,189,220,237,239,336
2016_4,증산로5길,2856,1392,1464,418,353,374,491,484,736,214,190,173,245,234,336,204,163,201,246,250,400
2016_4,증산로21길,5281,2565,2716,806,756,934,872,813,1100,424,379,473,419,377,493,382,377,461,453,436,607
2016_4,증산로17길,2161,1051,1110,308,303,332,335,339,544,151,148,178,170,159,245,157,155,154,165,180,299
2016_4,증산로15길,2527,1236,1291,390,288,346,448,422,633,191,155,176,228,209,277,199,133,170,220,213,356
2016_4,증산로13길,2056,1064,992,235,292,271,324,415,519,127,157,156,162,218,244,108,135,115,162,197,275
2016_4,응암로34길,3015,1455,1560,535,364,497,539,449,631,280,168,251,265,216,275,255,196,246,274,233,356
2016_4,응암로22길,1916,941,975,251,222,215,320,327,581,136,116,118,168,152,251,115,106,97,152,175,330
2016_4,응암로14길,1906,964,942,250,241,226,335,351,503,139,136,107,179,189,214,111,105,119,156,162,289
2016_4,응암로13길,1775,869,906,205,273,340,265,284,408,110,129,176,132,140,182,95,144,164,133,144,226
2016_4,응암로12길,1533,768,765,201,189,186,239,269,449,109,103,97,126,130,203,92,86,89,113,139,246
2016_4,은평로8길,3438,1672,1766,630,479,651,638,435,605,331,234,319,328,203,257,299,245,332,310,232,348
2016_4,은평로3길,2382,1099,1283,391,330,404,423,343,491,192,161,181,201,155,209,199,169,223,222,188,282
2016_4,은평로20길,1249,606,643,141,174,161,229,205,339,77,98,80,111,92,148,64,76,81,118,113,191
2016_4,은평로13길,3160,1516,1644,509,389,514,546,491,711,257,186,257,267,230,319,252,203,257,279,261,392
2016_4,은평로10길,3017,1469,1548,515,370,490,544,451,647,278,181,257,274,211,268,237,189,233,270,240,379
2016_4,연서로5길,2882,1398,1484,533,371,515,477,459,527,268,188,268,232,212,230,265,183,247,245,247,297
2016_4,연서로41길,4031,1987,2044,572,515,556,692,740,956,290,279,298,341,348,431,282,236,258,351,392,525
2016_4,연서로3길,3633,1733,1900,698,481,660,596,520,678,343,237,319,305,219,310,355,244,341,291,301,368
2016_4,연서로34길,3062,1438,1624,437,416,445,472,512,780,211,206,236,236,228,321,226,210,209,236,284,459
2016_4,연서로33길,2130,1054,1076,229,288,311,300,375,627,121,156,171,150,185,271,108,132,140,150,190,356
2016_4,연서로29길,1075,510,565,131,175,218,156,180,215,65,83,116,70,80,96,66,92,102,86,100,119
2016_4,연서로28길,3657,1740,1917,439,626,652,555,577,808,202,292,336,272,270,368,237,334,316,283,307,440
2016_4,연서로27길,3079,1436,1643,430,447,480,532,491,699,209,208,250,237,236,296,221,239,230,295,255,403
2016_4,연서로21길,4340,2055,2285,774,593,737,762,655,819,388,288,383,352,296,348,386,305,354,410,359,471
2016_4,연서로17길,2333,1153,1180,362,307,388,396,398,482,182,150,208,199,187,227,180,157,180,197,211,255
2016_4,연서로16길,4760,2273,2487,793,600,738,776,824,1029,405,280,369,385,380,454,388,320,369,391,444,575
2016_4,연서로13길,3983,1869,2114,652,570,624,722,632,783,313,250,323,334,303,346,339,320,301,388,329,437
2016_4,연서로11길,3955,1915,2040,772,553,645,704,578,703,387,280,319,344,276,309,385,273,326,360,302,394
2016_4,역말로9길,5840,2821,3019,898,753,996,996,904,1293,432,363,526,502,439,559,466,390,470,494,465,734
2016_4,수색로18길,2394,1208,1186,286,324,284,389,447,664,153,185,149,207,238,276,133,139,135,182,209,388
2016_4,서오릉로8길,2778,1321,1457,366,378,443,446,454,691,178,180,225,222,217,299,188,198,218,224,237,392
2016_4,서오릉로21길,3988,1935,2053,679,545,613,619,690,842,341,283,301,309,319,382,338,262,312,310,371,460
2016_4,불광천길,5325,2611,2714,755,712,839,900,868,1251,392,346,459,453,431,530,363,366,380,447,437,721
2016_4,갈현로7길,2729,1326,1403,462,373,413,460,468,553,251,186,203,221,214,251,211,187,210,239,254,302
2016_4,갈현로41길,3284,1624,1660,479,435,420,548,591,811,269,238,225,267,279,346,210,197,195,281,312,465
2016_4,갈현로33길,3706,1812,1894,723,561,507,651,591,673,384,280,267,286,286,309,339,281,240,365,305,364
2016_4,갈현로1길,2351,1149,1202,409,332,356,408,398,448,204,165,198,196,196,190,205,167,158,212,202,258
2016_4,가좌로7길,3687,1814,1873,577,480,468,574,677,911,303,243,249,286,335,398,274,237,219,288,342,513
2016_4,한글비석로44길,4184,2068,2116,598,571,494,730,676,1115,297,297,267,374,342,491,301,274,227,356,334,624
2016_4,한글비석로24길,2567,1294,1273,323,374,336,381,464,689,172,203,189,181,235,314,151,171,147,200,229,375
2016_4,한글비석로22길,1530,792,738,264,199,183,273,254,357,135,100,99,140,134,184,129,99,84,133,120,173
2016_4,석계로1길,2188,1120,1068,278,282,296,341,368,623,158,154,151,177,192,288,120,128,145,164,176,335
2016_4,상계로9가길,2610,1356,1254,334,388,348,410,438,692,188,213,199,209,225,322,146,175,149,201,213,370
2016_4,상계로1길,1183,598,585,223,181,197,198,192,192,111,95,103,100,92,97,112,86,94,98,100,95
2016_4,상계로12길,3687,1812,1875,485,608,477,592,652,873,253,305,260,298,313,383,232,303,217,294,339,490
2016_4,동일로242길,2920,1426,1494,419,450,397,408,556,690,222,221,213,175,273,322,197,229,184,233,283,368
2016_4,동일로192길,2700,1410,1290,313,757,406,310,401,513,157,407,224,173,206,243,156,350,182,137,195,270
2016_4,동일로173가길,3817,1906,1911,616,568,666,579,609,779,315,296,341,309,266,379,301,272,325,270,343,400
2016_4,공릉로58길,1630,797,833,323,314,177,261,282,273,170,169,78,103,153,124,153,145,99,158,129,149
2016_4,해등로16길,2275,1103,1172,333,395,305,359,440,443,165,204,151,168,204,211,168,191,154,191,236,232
2016_4,우이천로4다길,2370,1202,1168,372,334,273,429,429,533,193,185,148,206,234,236,179,149,125,223,195,297
2016_4,우이천로32길,3089,1485,1604,566,419,442,557,494,611,266,212,234,268,231,274,300,207,208,289,263,337
2016_4,시루봉로23길,3659,1893,1766,454,483,414,640,712,956,242,252,226,355,373,445,212,231,188,285,339,511
2016_4,삼양로144길,981,460,521,154,123,143,181,139,241,95,42,65,77,78,103,59,81,78,104,61,138
2016_4,방학로6가길,2262,1141,1121,288,314,301,379,452,528,144,167,173,198,229,230,144,147,128,181,223,298
2016_4,방학로5길,3883,1931,1952,593,516,576,558,685,955,317,259,317,275,338,425,276,257,259,283,347,530
2016_4,방학로15길,3886,1920,1966,861,543,447,729,672,634,437,302,219,326,319,317,424,241,228,403,353,317
2016_4,방학로10길,2006,992,1014,313,261,265,346,365,456,160,148,146,163,170,205,153,113,119,183,195,251
2016_4,도봉산길,1730,886,844,205,209,242,251,322,501,100,112,131,144,165,234,105,97,111,107,157,267
2016_4,도봉산4길,369,193,176,24,41,53,48,83,120,14,19,34,29,43,54,10,22,19,19,40,66
2016_4,도봉로181길,2049,1023,1026,304,244,270,318,334,579,148,129,157,151,164,274,156,115,113,167,170,305
2016_4,도봉로169나길,2983,1517,1466,336,319,426,461,533,908,174,165,230,238,276,434,162,154,196,223,257,474
2016_4,도봉로156길,1388,766,622,156,160,172,230,286,384,84,86,103,133,166,194,72,74,69,97,120,190
2016_4,도봉로152가길,744,393,351,75,83,87,85,173,241,41,50,53,46,92,111,34,33,34,39,81,130
2016_4,도봉로147길,3726,1824,1902,505,518,487,593,705,918,255,248,255,310,355,401,250,270,232,283,350,517
2016_4,도봉로143길,1776,901,875,214,268,227,268,356,443,112,144,119,137,181,208,102,124,108,131,175,235
2016_4,도봉로114길,4971,2410,2561,529,764,791,829,881,1177,255,370,430,423,430,502,274,394,361,406,451,675
2016_4,도봉로109길,2385,1172,1213,334,300,405,389,370,587,164,155,205,198,184,266,170,145,200,191,186,321
2016_4,도당로29길,2950,1496,1454,361,413,354,532,494,796,192,206,194,280,259,365,169,207,160,252,235,431
2016_4,도당로19길,4087,2109,1978,594,522,507,733,698,1033,306,280,274,389,382,478,288,242,233,344,316,555
2016_4,도당로13바길,3310,1704,1606,555,457,415,561,603,719,295,256,236,280,310,327,260,201,179,281,293,392
2016_4,도당로13가길,1784,914,870,204,249,228,284,374,445,108,126,132,151,189,208,96,123,96,133,185,237
2016_4,덕릉로60길,2460,1203,1257,396,344,344,380,443,553,202,168,194,175,218,246,194,176,150,205,225,307
2016_4,노해로63다길,1961,981,980,319,261,317,315,336,413,173,125,162,155,162,204,146,136,155,160,174,209
2016_4,노해로60길,1810,896,914,197,324,342,274,297,376,104,150,182,151,129,180,93,174,160,123,168,196
2016_4,한천로140길,1713,852,861,170,285,307,235,312,404,91,147,176,121,134,183,79,138,131,114,178,221
2016_4,한천로139가길,1566,739,827,140,276,274,235,246,395,66,130,148,105,115,175,74,146,126,130,131,220
2016_4,한천로132길,1851,926,925,210,309,325,324,307,376,114,140,177,171,148,176,96,169,148,153,159,200
2016_4,한천로130길,3263,1631,1632,506,451,492,552,548,714,277,229,243,289,287,306,229,222,249,263,261,408
2016_4,한천로124나길,1887,937,950,268,276,317,301,283,442,141,134,168,169,141,184,127,142,149,132,142,258
2016_4,한천로109길,3115,1508,1607,605,425,452,519,516,598,319,211,214,244,248,272,286,214,238,275,268,326
2016_4,인수봉로79길,2791,1424,1367,409,335,355,461,508,723,209,187,200,233,251,344,200,148,155,228,257,379
2016_4,인수봉로72길,4230,2017,2213,623,574,576,604,753,1100,303,293,294,284,358,485,320,281,282,320,395,615
2016_4,인수봉로56길,1952,943,1009,301,276,265,335,318,457,152,144,141,167,138,201,149,132,124,168,180,256
2016_4,오패산로67길,2176,1067,1109,204,394,429,367,343,439,101,178,227,197,165,199,103,216,202,170,178,240
2016_4,오패산로52길,3062,1504,1558,435,422,411,502,497,795,225,216,233,261,217,352,210,206,178,241,280,443
2016_4,오패산로30길,1544,767,777,244,176,238,237,240,409,134,95,120,130,106,182,110,81,118,107,134,227
2016_4,수유로12길,3404,1700,1704,399,629,589,477,528,782,204,290,334,260,246,366,195,339,255,217,282,416
2016_4,솔샘로65길,2963,1479,1484,416,422,435,498,521,671,213,210,235,260,246,315,203,212,200,238,275,356
2016_4,솔매로50길,2200,1070,1130,320,325,312,384,343,516,168,149,166,195,163,229,152,176,146,189,180,287
2016_4,솔매로45길,2064,1012,1052,251,325,287,328,367,506,141,151,143,157,191,229,110,174,144,171,176,277
2016_4,솔매로41길,3419,1677,1742,441,509,476,529,651,813,232,255,265,259,303,363,209,254,211,270,348,450
2016_4,삼양로93길,3103,1543,1560,481,423,413,494,517,775,250,223,223,248,245,354,231,200,190,246,272,421
2016_4,삼양로77길,3435,1756,1679,507,450,507,525,607,839,267,265,284,267,299,374,240,185,223,258,308,465
2016_4,삼양로54길,3702,1816,1886,475,520,558,567,681,901,244,255,294,292,344,387,231,265,264,275,337,514
2016_4,삼양로41길,4557,2291,2266,597,605,518,747,823,1267,315,321,283,388,429,555,282,284,235,359,394,712
2016_4,삼양로27길,1385,686,699,329,139,267,280,179,191,167,79,129,143,91,77,162,60,138,137,88,114
2016_4,삼양로24길,3047,1529,1518,322,332,378,481,600,934,158,182,219,251,299,420,164,150,159,230,301,514
2016_4,삼양로20길,2297,1155,1142,293,351,260,369,444,580,146,195,149,189,219,257,147,156,111,180,225,323
2016_4,삼각산로28길,3819,1878,1941,467,607,676,558,677,834,258,306,366,256,313,379,209,301,310,302,364,455
2016_4,도봉로99길,2234,1108,1126,259,379,368,345,396,487,139,204,202,162,192,209,120,175,166,183,204,278
2016_4,도봉로8길,265,136,129,20,33,41,58,44,69,12,16,27,36,19,26,8,17,14,22,25,43
2016_4,도봉로76길,3561,1666,1895,361,719,610,518,591,762,163,281,309,277,299,337,198,438,301,241,292,425
2016_4,도봉로67길,1723,846,877,213,234,244,226,322,484,117,107,136,116,152,218,96,127,108,110,170,266
2016_4,도봉로45길,3341,1616,1725,441,465,540,576,556,763,219,220,284,292,257,344,222,245,256,284,299,419
2016_4,도봉로18길,3160,1588,1572,392,412,464,513,564,815,193,224,270,263,268,370,199,188,194,250,296,445
2016_4,도봉로13길,1817,899,918,213,268,234,295,350,457,106,149,129,146,167,202,107,119,105,149,183,255
2016_4,덕릉로41길,2734,1322,1412,247,480,459,446,442,660,124,220,242,226,220,290,123,260,217,220,222,370
2016_4,덕릉로40길,2015,1024,991,311,257,294,356,353,444,170,120,145,202,180,207,141,137,149,154,173,237
2016_4,노해로33길,2431,1193,1238,300,322,356,398,400,655,171,178,195,192,182,275,129,144,161,206,218,380
2016_4,노해로23길,1450,702,748,232,201,226,247,252,292,113,102,128,120,112,127,119,99,98,127,140,165
2016_4,노해로17길,2745,1363,1382,379,418,406,452,473,617,192,210,219,239,228,275,187,208,187,213,245,342
2016_4,화랑로40길,2120,1103,1017,258,263,345,383,392,479,137,134,192,201,205,234,121,129,153,182,187,245
2016_4,화랑로32길,3511,1763,1748,461,540,450,597,606,857,257,276,229,316,308,377,204,264,221,281,298,480
2016_4,화랑로1길,2776,1393,1383,410,296,429,456,453,732,206,160,230,253,218,326,204,136,199,203,235,406
2016_4,화랑로19길,2418,1221,1197,355,282,322,406,420,633,174,161,174,206,212,294,181,121,148,200,208,339
2016_4,화랑로14길,1404,688,716,173,301,192,207,234,297,86,145,105,105,121,126,87,156,87,102,113,171
2016_4,화랑로13길,1194,542,652,147,286,175,169,169,248,65,93,103,89,91,101,82,193,72,80,78,147
2016_4,한천로76길,1808,895,913,238,266,294,292,326,392,122,132,152,151,152,186,116,134,142,141,174,206
2016_4,한천로101가길,3164,1608,1556,575,372,385,603,540,689,293,206,209,304,283,313,282,166,176,299,257,376
2016_4,창경궁로43길,1272,561,711,117,329,243,173,180,230,62,139,102,79,85,94,55,190,141,94,95,136
2016_4,지봉로20길,2787,1409,1378,357,493,455,472,431,579,188,255,261,243,200,262,169,238,194,229,231,317
2016_4,종암로5길,2582,1430,1152,290,788,406,309,302,487,146,505,240,159,158,222,144,283,166,150,144,265
2016_4,종암로24가길,2198,1098,1100,396,251,405,366,339,441,207,135,202,199,168,187,189,116,203,167,171,254
2016_4,종암로21길,1745,850,895,343,261,248,312,269,312,172,130,124,157,130,137,171,131,124,155,139,175
2016_4,종암로19길,1741,844,897,277,277,256,289,265,377,140,137,135,143,120,169,137,140,121,146,145,208
2016_4,종암로16길,3492,1667,1825,430,448,390,540,579,1105,252,219,205,251,289,451,178,229,185,289,290,654
2016_4,정릉로8길,1836,935,901,238,335,284,229,295,455,121,174,159,130,156,195,117,161,125,99,139,260
2016_4,정릉로27길,3611,1781,1830,590,429,543,568,566,915,310,232,287,283,270,399,280,197,256,285,296,516
2016_4,정릉로26길,1927,959,968,319,176,268,355,296,513,179,93,123,188,147,229,140,83,145,167,149,284
2016_4,장위로50길,2431,1246,1185,291,316,317,395,449,663,145,150,172,220,234,325,146,166,145,175,215,338
2016_4,장월로1길,2037,968,1069,227,406,279,311,307,507,121,147,146,174,151,229,106,259,133,137,156,278
2016_4,인촌로6길,986,488,498,160,134,161,182,135,214,75,68,77,100,64,104,85,66,84,82,71,110
2016_4,인촌로5길,1521,673,848,165,446,252,204,192,262,88,148,122,100,95,120,77,298,130,104,97,142
2016_4,인촌로24길,725,417,308,48,281,125,69,75,127,27,150,89,45,44,62,21,131,36,24,31,65
2016_4,개운사길,1090,563,527,81,604,124,77,72,132,43,322,76,37,32,53,38,282,48,40,40,79
2016_4,인촌로1길,1541,740,801,169,301,251,222,248,350,82,145,119,120,124,150,87,156,132,102,124,200
2016_4,인촌로17가길,1714,818,896,198,546,250,250,183,287,99,266,120,113,93,127,99,280,130,137,90,160
2016_4,오패산로4길,3107,1510,1597,388,594,445,468,499,713,181,248,240,259,246,336,207,346,205,209,253,377
2016_4,오패산로3길,3477,1728,1749,506,428,457,537,596,953,252,229,242,291,287,427,254,199,215,246,309,526
2016_4,오패산로19길,1791,886,905,205,239,229,274,334,510,109,125,113,148,168,223,96,114,116,126,166,287
2016_4,안암로5길,2281,1146,1135,272,443,411,364,367,424,136,243,213,181,190,183,136,200,198,183,177,241
2016_4,아리랑로4길,3147,1397,1750,309,875,613,387,355,608,156,347,283,187,162,262,153,528,330,200,193,346
2016_4,솔샘로6길,1935,956,979,289,291,263,297,334,461,145,155,144,142,181,189,144,136,119,155,153,272
2016_4,성북로8길,1588,787,801,282,229,220,301,245,311,159,120,104,148,123,133,123,109,116,153,122,178
2016_4,삼양로8길,1677,839,838,206,211,218,262,271,509,107,126,120,135,136,215,99,85,98,127,135,294
2016_4,삼선교로16가길,1915,970,945,295,291,260,335,302,432,161,157,146,176,146,184,134,134,114,159,156,248
2016_4,삼선교로10다길,2338,1159,1179,275,381,370,365,397,550,145,194,206,191,187,236,130,187,164,174,210,314
2016_4,삼선교로10길,2360,1107,1253,303,488,383,345,345,496,154,229,195,164,148,217,149,259,188,181,197,279
2016_4,보문로32길,1304,467,837,89,505,285,140,124,161,40,117,122,64,55,69,49,388,163,76,69,92
2016_4,보문로31길,2978,1387,1591,382,635,556,461,374,570,205,270,271,230,176,235,177,365,285,231,198,335
2016_4,보문로26길,1325,632,693,139,359,215,191,173,248,72,156,124,96,86,98,67,203,91,95,87,150
2016_4,보문로13길,2519,1214,1305,293,395,389,428,418,596,146,198,202,203,203,262,147,197,187,225,215,334
2016_4,보국문로16길,3009,1481,1528,496,412,473,507,462,659,266,210,240,265,215,285,230,202,233,242,247,374
2016_4,동소문로6길,315,152,163,37,43,43,43,55,94,21,23,20,25,26,37,16,20,23,18,29,57
2016_4,동소문로2길,400,209,191,39,70,48,64,65,114,24,36,27,35,36,51,15,34,21,29,29,63
2016_4,동소문로26가길,2412,982,1430,197,699,439,329,264,484,86,211,197,164,120,204,111,488,242,165,144,280
2016_4,동소문로15길,1110,483,627,134,275,176,191,131,203,70,93,82,97,64,77,64,182,94,94,67,126
2016_4,동소문로13길,2963,1362,1601,536,496,442,523,408,558,249,230,199,247,195,242,287,266,243,276,213,316
2016_4,돌곶이로8길,1421,717,704,195,192,175,197,278,384,107,97,100,106,138,169,88,95,75,91,140,215
2016_4,돌곶이로41길,1958,989,969,320,255,260,320,344,459,170,141,143,149,170,216,150,114,117,171,174,243
2016_4,돌곶이로28길,1977,1050,927,241,261,308,315,360,492,133,131,171,185,190,240,108,130,137,130,170,252
2016_4,돌곶이로27길,3291,1675,1616,440,397,402,562,620,870,225,213,227,285,318,407,215,184,175,277,302,463
2016_4,돌곶이로22길,1249,621,628,186,188,176,197,227,275,90,88,102,97,117,127,96,100,74,100,110,148
2016_4,돌곶이로14길,1374,673,701,201,187,181,230,239,336,107,80,90,120,127,149,94,107,91,110,112,187
2016_4,길음로7길,314,159,155,14,27,36,47,51,139,7,14,23,25,29,61,7,13,13,22,22,78
2016_4,중랑천로10길,2715,1393,1322,370,361,420,477,488,599,193,176,242,251,257,274,177,185,178,226,231,325
2016_4,용마산로94길,3550,1832,1718,502,529,470,586,696,767,252,280,262,309,360,369,250,249,208,277,336,398
2016_4,용마산로118길,2030,1082,948,191,248,242,313,466,570,99,135,139,174,258,277,92,113,103,139,208,293
2016_4,용마산로112길,2711,1369,1342,394,375,368,394,539,641,199,189,205,195,269,312,195,186,163,199,270,329
2016_4,용마산로100길,3192,1617,1575,543,435,469,536,561,648,272,222,249,268,302,304,271,213,220,268,259,344
2016_4,신내로7가길,2722,1326,1396,628,337,430,495,415,417,316,178,206,234,209,183,312,159,224,261,206,234
2016_4,사가정로54길,3270,1597,1673,381,531,590,526,525,717,198,250,308,278,254,309,183,281,282,248,271,408
2016_4,사가정로42길,3303,1644,1659,542,437,479,530,589,726,277,223,236,276,283,349,265,214,243,254,306,377
2016_4,봉화산로56길,3909,1915,1994,732,510,571,665,661,770,378,278,283,327,306,343,354,232,288,338,355,427
2016_4,봉화산로4길,4616,2426,2190,485,629,707,740,953,1102,265,318,408,400,506,529,220,311,299,340,447,573
2016_4,봉화산로30길,3155,1573,1582,454,471,530,478,559,663,242,228,288,235,278,302,212,243,242,243,281,361
2016_4,봉우재로33길,2277,1129,1148,227,384,413,323,412,518,111,196,216,167,202,237,116,188,197,156,210,281
2016_4,면목로78길,5727,2838,2889,786,861,912,918,1010,1240,396,433,494,473,490,552,390,428,418,445,520,688
2016_4,면목로56길,2931,1482,1449,379,452,403,522,557,618,199,248,221,264,276,274,180,204,182,258,281,344
2016_4,면목로55길,2051,1026,1025,312,288,349,370,366,366,159,145,184,185,182,171,153,143,165,185,184,195
2016_4,면목로49길,2966,1499,1467,350,389,523,506,521,677,196,181,271,278,268,305,154,208,252,228,253,372
2016_4,면목로48길,3058,1488,1570,400,466,521,484,541,646,196,232,274,245,258,283,204,234,247,239,283,363
2016_4,면목로45길,1507,779,728,155,252,239,263,268,330,76,130,134,147,145,147,79,122,105,116,123,183
2016_4,면목로33길,2786,1404,1382,460,367,404,503,453,599,231,186,215,264,228,280,229,181,189,239,225,319
2016_4,면목로21길,1933,972,961,301,265,296,333,333,405,156,143,145,176,170,182,145,122,151,157,163,223
2016_4,망우로73길,1582,800,782,220,236,175,279,287,385,111,120,93,145,146,185,109,116,82,134,141,200
2016_4,망우로68길,2480,1276,1204,349,372,339,383,526,511,191,214,184,182,266,239,158,158,155,201,260,272
2016_4,동일로163길,3571,1804,1767,462,556,681,551,630,691,239,270,381,278,319,317,223,286,300,273,311,374
2016_4,동일로157길,2720,1345,1375,310,448,492,438,464,568,155,214,269,236,226,245,155,234,223,202,238,323
2016_4,동일로149길,2764,1375,1389,435,370,460,453,480,566,239,173,251,229,241,242,196,197,209,224,239,324
2016_4,동일로140길,2452,1268,1184,345,375,411,336,454,531,196,205,216,179,229,243,149,170,195,157,225,288
2016_4,동일로139길,2952,1523,1429,280,380,385,481,640,786,147,186,212,262,346,370,133,194,173,219,294,416
2016_4,동일로139가길,1830,930,900,264,264,260,299,363,380,143,136,135,166,184,166,121,128,125,133,179,214
2016_4,동일로130길,3438,1655,1783,512,541,546,497,634,708,245,278,281,235,297,319,267,263,265,262,337,389
2016_4,동일로123길,2676,1373,1303,316,373,341,425,583,638,179,206,174,215,305,294,137,167,167,210,278,344
2016_4,동일로112길,4438,2187,2251,484,822,831,657,760,884,250,366,443,356,362,410,234,456,388,301,398,474
2016_4,동일로101길,3158,1585,1573,517,412,400,623,587,619,238,209,217,322,313,286,279,203,183,301,274,333
2016_4,동일로100길,5330,2734,2596,746,784,877,831,974,1118,407,395,494,426,487,525,339,389,383,405,487,593
2016_4,답십리로75길,1996,1002,994,314,311,306,339,358,368,167,149,169,162,188,167,147,162,137,177,170,201
2016_4,공릉로2길,4112,1991,2121,522,610,750,633,648,949,260,298,381,326,299,427,262,312,369,307,349,522
2016_4,공릉로12가길,1052,524,528,198,143,128,191,182,210,106,75,70,94,90,89,92,68,58,97,92,121
2016_4,겸재로54길,5225,2634,2591,743,817,908,877,915,965,397,421,482,434,464,436,346,396,426,443,451,529
2016_4,겸재로36길,4221,2126,2095,504,586,675,781,726,949,270,280,364,394,365,453,234,306,311,387,361,496
2016_4,겸재로29길,2257,1145,1112,263,351,385,377,383,498,132,176,198,201,214,224,131,175,187,176,169,274
2016_4,휘경로3길,3714,1873,1841,400,665,640,593,613,803,201,344,367,316,304,341,199,321,273,277,309,462
2016_4,휘경로2길,1349,664,685,128,389,195,173,180,284,65,184,110,93,88,124,63,205,85,80,92,160
2016_4,휘경로23길,2662,1326,1336,274,302,377,487,459,763,134,164,215,264,232,317,140,138,162,223,227,446
2016_4,휘경로14길,2145,1112,1033,205,310,303,375,393,559,101,164,176,217,205,249,104,146,127,158,188,310
2016_4,한천로46길,2356,1153,1203,463,268,320,443,350,512,233,120,176,206,185,233,230,148,144,237,165,279
2016_4,한천로40길,1850,928,922,222,234,226,293,369,506,105,121,115,165,200,222,117,113,111,128,169,284
2016_4,한천로33길,784,383,401,140,95,105,148,137,159,63,42,52,82,68,76,77,53,53,66,69,83
2016_4,한천로14길,3266,1724,1542,364,427,424,564,660,827,185,231,235,320,356,397,179,196,189,244,304,430
2016_4,천호대로97길,2872,1454,1418,472,436,545,452,446,521,236,220,274,239,223,262,236,216,271,213,223,259
2016_4,천호대로77길,2346,1203,1143,342,349,410,354,428,463,187,179,214,186,203,234,155,170,196,168,225,229
2016_4,천호대로45길,2513,1311,1202,266,352,321,350,475,749,144,202,180,203,240,342,122,150,141,147,235,407
2016_4,천호대로17길,2173,1103,1070,254,319,339,352,382,527,117,172,198,192,188,236,137,147,141,160,194,291
2016_4,천호대로12길,755,400,355,75,96,76,90,156,262,38,51,45,59,92,115,37,45,31,31,64,147
2016_4,천장산로7길,1446,752,694,143,785,164,101,85,168,61,431,95,48,42,75,82,354,69,53,43,93
2016_4,제기로5길,1126,611,515,80,217,192,154,174,309,44,113,124,94,96,140,36,104,68,60,78,169
2016_4,제기로21길,3338,1690,1648,342,341,380,464,614,1197,170,188,216,248,332,536,172,153,164,216,282,661
2016_4,전농로4길,1528,801,727,135,185,167,286,300,455,81,95,95,159,168,203,54,90,72,127,132,252
2016_4,전농로3길,1849,920,929,282,232,222,325,320,468,146,117,121,161,175,200,136,115,101,164,145,268
2016_4,전농로29길,2086,1019,1067,309,273,239,349,391,525,152,155,129,171,199,213,157,118,110,178,192,312
2016_4,장한로8길,2328,1180,1148,348,353,429,351,412,435,200,169,226,182,187,216,148,184,203,169,225,219
2016_4,장한로5길,2165,1089,1076,350,293,406,330,345,441,191,148,207,174,174,195,159,145,199,156,171,246
2016_4,장한로27길,1096,571,525,149,133,182,188,207,237,80,68,103,108,100,112,69,65,79,80,107,125
2016_4,장한로27가길,1100,562,538,158,135,141,178,183,305,85,75,72,89,101,140,73,60,69,89,82,165
2016_4,장한로26길,2683,1346,1337,509,283,470,488,389,544,267,148,237,254,186,254,242,135,233,234,203,290
2016_4,장한로26가길,1356,678,678,190,208,284,197,204,273,91,102,144,104,96,141,99,106,140,93,108,132
2016_4,장한로25길,640,319,321,95,103,96,105,129,112,51,54,47,52,65,50,44,49,49,53,64,62
2016_4,장한로14길,1306,659,647,220,167,205,220,192,302,114,88,101,119,91,146,106,79,104,101,101,156
2016_4,이문로42길,3821,1960,1861,524,614,550,610,619,904,270,326,315,316,325,408,254,288,235,294,294,496
2016_4,왕산로43길,3588,1803,1785,415,426,513,556,666,1012,200,233,279,311,345,435,215,193,234,245,321,577
2016_4,왕산로33길,530,272,258,30,63,63,64,88,222,13,33,32,42,45,107,17,30,31,22,43,115
2016_4,왕산로32길,1130,575,555,100,173,166,154,217,320,52,81,85,94,116,147,48,92,81,60,101,173
2016_4,약령시로17길,1586,825,761,142,186,206,212,301,539,81,100,117,127,161,239,61,86,89,85,140,300
2016_4,서울시립대로4길,2322,1185,1137,389,290,380,393,337,533,195,151,193,214,186,246,194,139,187,179,151,287
2016_4,서울시립대로29길,4383,2208,2175,536,1138,666,509,599,935,257,627,375,259,279,411,279,511,291,250,320,524
2016_4,서울시립대로16길,3576,1768,1808,518,561,409,621,689,778,262,289,235,305,334,343,256,272,174,316,355,435
2016_4,사가정로2길,1973,996,977,309,275,321,348,325,395,146,154,170,186,167,173,163,121,151,162,158,222
2016_4,사가정로23가길,2006,991,1015,313,299,298,318,365,413,151,155,161,156,175,193,162,144,137,162,190,220
2016_4,사가정로13길,2096,1040,1056,254,269,271,312,435,555,133,148,143,157,219,240,121,121,128,155,216,315
2016_4,무학로45길,2123,1157,966,252,469,332,288,339,443,127,291,205,152,177,205,125,178,127,136,162,238
2016_4,무학로16길,1193,601,592,178,154,186,165,219,291,91,83,103,85,112,127,87,71,83,80,107,164
2016_4,망우로21길,643,330,313,70,93,80,98,108,194,40,52,37,52,56,93,30,41,43,46,52,101
2016_4,망우로18길,1503,732,771,194,446,220,188,172,283,87,235,111,97,77,125,107,211,109,91,95,158
2016_4,망우로18가길,2700,1365,1335,290,853,357,326,338,536,141,463,206,159,151,245,149,390,151,167,187,291
2016_4,답십리로72길,1307,648,659,189,197,258,192,217,254,97,93,128,100,107,123,92,104,130,92,110,131
2016_4,답십리로69길,1674,870,804,283,213,264,271,283,360,149,119,137,143,156,166,134,94,127,128,127,194
2016_4,답십리로68길,2829,1463,1366,346,427,612,481,504,459,191,211,331,249,252,229,155,216,281,232,252,230
2016_4,답십리로64길,2932,1441,1491,425,393,462,492,528,632,220,186,248,252,243,292,205,207,214,240,285,340
2016_4,답십리로63길,1519,764,755,213,207,207,252,285,355,98,117,118,132,148,151,115,90,89,120,137,204
2016_4,답십리로60길,2032,1040,992,270,314,254,299,402,493,139,168,141,151,215,226,131,146,113,148,187,267
2016_4,답십리로56길,3912,1950,1962,531,521,535,632,702,991,269,298,265,334,345,439,262,223,270,298,357,552
2016_4,답십리로23길,2228,1103,1125,321,334,334,359,371,509,174,178,170,173,185,223,147,156,164,186,186,286
2016_4,난계로30길,242,146,96,35,31,36,41,40,59,19,19,22,24,24,38,16,12,14,17,16,21
2016_4,경희대로4길,1303,639,664,144,428,192,149,156,234,56,212,114,74,72,111,88,216,78,75,84,123
2016_4,경희대로3길,624,302,322,52,246,98,59,64,105,24,118,50,30,33,47,28,128,48,29,31,58
2016_4,천호대로129길,3374,1644,1730,551,476,611,582,530,624,288,238,302,294,241,281,263,238,309,288,289,343
2016_4,천호대로123길,3075,1497,1578,483,485,530,501,554,522,252,245,253,247,268,232,231,240,277,254,286,290
2016_4,천호대로109길,3616,1726,1890,458,653,772,553,549,631,237,287,379,261,265,297,221,366,393,292,284,334
2016_4,자양번영로3길,3896,1977,1919,667,554,556,659,708,752,341,302,302,324,362,346,326,252,254,335,346,406
2016_4,자양로53길,2807,1347,1460,463,372,456,421,516,579,232,174,219,202,254,266,231,198,237,219,262,313
2016_4,자양로50길,4741,2316,2425,787,649,791,750,786,978,410,339,398,369,362,438,377,310,393,381,424,540
2016_4,자양로45길,2689,1298,1391,382,404,495,425,450,533,205,185,244,208,204,252,177,219,251,217,246,281
2016_4,자양로26길,3129,1483,1646,443,583,589,582,461,471,226,254,291,280,220,212,217,329,298,302,241,259
2016_4,자양로15길,1914,916,998,263,305,355,309,296,386,143,146,157,157,149,164,120,159,198,152,147,222
2016_4,자양로11길,4017,1961,2056,476,635,754,651,690,811,242,304,401,323,329,362,234,331,353,328,361,449
2016_4,용마산로3길,3832,1869,1963,684,604,752,632,571,589,361,309,354,312,269,264,323,295,398,320,302,325
2016_4,용마산로21길,5320,2660,2660,783,876,928,838,965,930,387,457,497,406,468,445,396,419,431,432,497,485
2016_4,아차산로78길,1171,569,602,212,162,252,190,164,191,120,74,125,86,77,87,92,88,127,104,87,104
2016_4,아차산로65길,2868,1392,1476,584,401,453,533,413,484,292,208,227,247,195,223,292,193,226,286,218,261
2016_4,아차산로55길,3035,1426,1609,295,608,681,458,447,546,157,273,346,231,190,229,138,335,335,227,257,317
2016_4,아차산로51길,1741,817,924,198,356,426,250,259,252,101,161,196,124,121,114,97,195,230,126,138,138
2016_4,아차산로40길,3100,1563,1537,419,599,533,501,477,571,246,279,287,258,236,257,173,320,246,243,241,314
2016_4,면목로17길,4154,2066,2088,514,617,680,665,788,890,245,324,370,333,394,400,269,293,310,332,394,490
2016_4,뚝섬로64길,2981,1502,1479,459,474,489,468,518,573,257,226,272,226,253,268,202,248,217,242,265,305
2016_4,뚝섬로58길,3442,1674,1768,635,472,634,604,501,596,314,238,315,298,237,272,321,234,319,306,264,324
2016_4,뚝섬로54길,3552,1748,1804,690,507,661,649,534,511,354,249,332,306,264,243,336,258,329,343,270,268
2016_4,뚝섬로48길,3601,1759,1842,571,506,688,640,559,637,288,264,335,324,255,293,283,242,353,316,304,344
2016_4,뚝섬로24길,3087,1571,1516,383,416,509,505,588,686,197,218,283,260,306,307,186,198,226,245,282,379
2016_4,뚝섬로23길,2104,1020,1084,225,326,348,310,408,487,106,163,177,166,192,216,119,163,171,144,216,271
2016_4,동일로24길,2976,1450,1526,284,889,635,381,353,434,150,395,324,201,175,205,134,494,311,180,178,229
2016_4,동일로18길,2054,1061,993,216,366,374,307,373,418,114,194,188,176,199,190,102,172,186,131,174,228
2016_4,능동로4길,3377,1627,1750,755,450,581,640,527,424,363,230,253,312,261,208,392,220,328,328,266,216
2016_4,능동로3길,3767,1899,1868,405,431,562,597,806,966,191,219,284,334,415,456,214,212,278,263,391,510
2016_4,능동로34길,5194,2438,2756,687,926,1333,749,618,881,378,377,631,365,295,392,309,549,702,384,323,489
2016_4,능동로19길,2289,1117,1172,119,862,399,249,271,389,56,390,200,147,161,163,63,472,199,102,110,226
2016_4,능동로13길,3801,1800,2001,284,1343,790,431,406,547,146,560,411,230,210,243,138,783,379,201,196,304
2016_4,긴고랑로9길,2130,1069,1061,293,319,346,349,401,422,164,158,191,160,195,201,129,161,155,189,206,221
2016_4,긴고랑로8길,4219,2153,2066,466,672,859,643,732,847,268,333,464,331,366,391,198,339,395,312,366,456
2016_4,긴고랑로7길,4763,2337,2426,736,651,802,844,837,893,366,318,405,428,426,394,370,333,397,416,411,499
2016_4,긴고랑로20길,4231,2040,2191,621,655,790,660,707,798,322,307,399,320,338,354,299,348,391,340,369,444
2016_4,광나루로52길,4502,2168,2334,711,707,896,733,663,792,324,365,459,360,322,338,387,342,437,373,341,454
2016_4,광나루로40길,3808,1878,1930,497,604,816,602,546,743,246,314,421,294,264,339,251,290,395,308,282,404
2016_4,광나루로37길,634,296,338,99,87,77,99,121,151,46,43,41,47,55,64,53,44,36,52,66,87
2016_4,광나루로36길,2677,1280,1397,357,414,486,456,407,557,173,188,244,243,196,236,184,226,242,213,211,321
2016_4,광나루로24길,1371,728,643,128,377,234,184,173,275,70,221,130,101,90,116,58,156,104,83,83,159
2016_4,광나루로12길,2400,1225,1175,145,1159,515,208,188,185,78,542,291,118,106,90,67,617,224,90,82,95
2016_4,한림말길,2213,1061,1152,236,311,344,352,399,571,117,149,177,177,207,234,119,162,167,175,192,337
2016_4,한림말3길,1008,479,529,148,147,201,154,135,223,80,66,91,81,60,101,68,81,110,73,75,122
2016_4,청계천로10나길,2800,1432,1368,398,419,376,487,497,623,209,241,197,241,271,273,189,178,179,246,226,350
2016_4,장터길,2043,995,1048,229,255,300,376,319,564,119,132,150,198,147,249,110,123,150,178,172,315
2016_4,용답중앙길,2831,1465,1366,384,426,381,492,505,643,190,230,214,249,277,305,194,196,167,243,228,338
2016_4,용답29길,3303,1677,1626,411,488,543,552,588,721,190,230,289,305,320,343,221,258,254,247,268,378
2016_4,왕십리로6길,2148,1112,1036,324,340,378,380,332,394,168,175,198,202,174,195,156,165,180,178,158,199
2016_4,왕십리로31길,2973,1442,1531,365,520,503,471,472,642,185,228,265,237,243,284,180,292,238,234,229,358
2016_4,왕십리로26길,2961,1490,1471,425,512,472,496,470,586,222,252,244,257,261,254,203,260,228,239,209,332
2016_4,왕십리로21길,2508,1193,1315,362,435,367,440,407,497,170,220,183,207,195,218,192,215,184,233,212,279
2016_4,왕십리로14길,1938,1026,912,262,340,319,304,351,362,148,169,151,175,188,195,114,171,168,129,163,167
2016_4,아차산로5길,1476,745,731,169,281,293,212,246,275,93,127,164,104,137,120,76,154,129,108,109,155
2016_4,아차산로15길,394,238,156,5,103,163,61,34,28,2,52,95,47,24,18,3,51,68,14,10,10
2016_4,아차산로11길,390,234,156,47,52,56,82,86,67,25,31,26,55,59,38,22,21,30,27,27,29
2016_4,송정4가길,2713,1464,1249,303,426,417,434,583,550,152,238,233,242,328,271,151,188,184,192,255,279
2016_4,송정12라길,1306,709,597,157,187,203,221,247,291,89,97,115,135,134,139,68,90,88,86,113,152
2016_4,성수일로6길,680,391,289,97,100,95,133,137,118,53,52,52,75,94,65,44,48,43,58,43,53
2016_4,성수이로7길,1387,751,636,132,309,242,194,251,259,67,150,137,112,144,141,65,159,105,82,107,118
2016_4,성수이로18길,294,157,137,50,38,31,55,66,54,24,21,15,32,42,23,26,17,16,23,24,31
2016_4,성덕정길,3416,1782,1634,510,526,455,591,704,630,259,293,253,301,398,278,251,233,202,290,306,352
2016_4,성덕정17길,3800,1999,1801,461,532,540,593,813,861,240,283,285,329,465,397,221,249,255,264,348,464
2016_4,서울숲2길,2157,1086,1071,314,333,434,359,344,373,157,175,227,185,176,166,157,158,207,174,168,207
2016_4,상원길,1202,612,590,145,219,246,205,173,214,80,105,131,111,87,98,65,114,115,94,86,116
2016_4,상원12길,2544,1301,1243,390,418,497,417,419,403,205,208,266,236,205,181,185,210,231,181,214,222
2016_4,사근동길,2470,1389,1081,202,902,311,250,298,507,109,591,184,139,140,226,93,311,127,111,158,281
2016_4,무학봉길,2440,1209,1231,411,391,366,394,392,486,214,195,190,200,201,209,197,196,176,194,191,277
2016_4,무학봉28길,1036,495,541,117,228,150,170,166,205,48,122,74,87,89,75,69,106,76,83,77,130
2016_4,무학로6길,1848,912,936,235,304,308,315,313,373,128,143,159,168,152,162,107,161,149,147,161,211
2016_4,무수막길,2297,1109,1188,302,260,346,411,387,591,158,114,179,215,193,250,144,146,167,196,194,341
2016_4,매봉길,1226,604,622,231,130,267,244,172,182,128,66,119,128,84,79,103,64,148,116,88,103
2016_4,마조로1길,1163,567,596,103,514,197,103,93,153,47,248,104,52,40,76,56,266,93,51,53,77
2016_4,마조로16길,2686,1360,1326,359,376,341,426,480,704,190,187,176,218,265,324,169,189,165,208,215,380
2016_4,마장로39길,897,452,445,174,137,139,151,160,136,91,68,67,73,85,68,83,69,72,78,75,68
2016_4,마장로27길,1951,979,972,262,322,280,312,316,459,138,161,155,161,159,205,124,161,125,151,157,254
2016_4,뚝섬로5길,1884,941,943,281,293,370,344,275,321,142,131,180,183,155,150,139,162,190,161,120,171
2016_4,둘레9길,3143,1681,1462,387,438,440,574,660,644,208,223,245,310,388,307,179,215,195,264,272,337
2016_4,금호산길,3560,1768,1792,543,487,480,606,631,813,298,261,262,291,305,351,245,226,218,315,326,462
2016_4,금호산2길,2440,1193,1247,350,343,326,392,402,627,181,183,170,203,191,265,169,160,156,189,211,362
2016_4,고산자로6길,3046,1552,1494,335,524,389,497,576,725,183,285,209,265,292,318,152,239,180,232,284,407
2016_4,후암로28길,5633,2745,2888,940,715,949,1001,854,1174,521,355,474,492,406,497,419,360,475,509,448,677
2016_4,효창원로39길,2984,1419,1565,458,382,590,479,423,652,230,165,292,243,216,273,228,217,298,236,207,379
2016_4,회나무로13길,2327,1041,1286,230,259,376,376,373,713,118,137,173,177,156,280,112,122,203,199,217,433
2016_4,한남대로20길,642,292,350,60,96,151,111,76,148,31,34,77,58,29,63,29,62,74,53,47,85
2016_4,한강대로88길,106,83,23,1,5,17,27,25,31,1,2,13,22,23,22,0,3,4,5,2,9
2016_4,한강대로7길,773,414,359,63,60,115,104,147,284,39,36,70,61,82,126,24,24,45,43,65,158
2016_4,한강대로62길,948,471,477,89,118,149,136,166,290,50,60,71,77,82,131,39,58,78,59,84,159
2016_4,한강대로52길,643,301,342,48,84,106,89,87,229,30,40,49,43,56,83,18,44,57,46,31,146
2016_4,한강대로43길,1281,604,677,113,221,359,194,172,222,50,87,152,100,91,124,63,134,207,94,81,98
2016_4,한강대로15길,521,275,246,43,56,90,71,90,171,23,40,52,45,47,68,20,16,38,26,43,103
2016_4,한강대로104길,2816,1545,1271,324,389,410,474,576,643,183,186,214,298,341,323,141,203,196,176,235,320
2016_4,청파로73길,2804,1441,1363,375,472,417,482,482,576,203,244,243,248,247,256,172,228,174,234,235,320
2016_4,청파로71길,4375,2206,2169,656,792,714,735,674,804,346,408,401,369,332,350,310,384,313,366,342,454
2016_4,청파로47나길,3109,1458,1651,465,699,646,470,354,475,231,264,324,238,185,216,234,435,322,232,169,259
2016_4,청파로47길,1650,640,1010,142,539,282,199,187,301,67,124,126,93,96,134,75,415,156,106,91,167
2016_4,장문로45길,2884,1392,1492,365,428,463,466,482,680,192,236,245,223,207,289,173,192,218,243,275,391
2016_4,이태원로54길,2424,1068,1356,133,251,472,435,412,721,64,97,237,232,164,274,69,154,235,203,248,447
2016_4,이태원로27길,695,332,363,75,104,126,120,92,178,37,55,55,62,44,79,38,49,71,58,48,99
2016_4,이촌로22길,2042,960,1082,246,210,257,355,353,621,117,107,134,190,173,239,129,103,123,165,180,382
2016_4,원효로89길,937,462,475,100,168,142,167,141,219,54,82,75,88,70,93,46,86,67,79,71,126
2016_4,원효로53길,2177,1110,1067,269,322,326,347,328,585,151,175,188,190,160,246,118,147,138,157,168,339
2016_4,원효로41길,1491,709,782,235,154,232,253,222,395,102,76,128,141,98,164,133,78,104,112,124,231
2016_4,원효로19길,2039,1007,1032,336,306,325,339,311,422,181,141,165,172,165,183,155,165,160,167,146,239
2016_4,우사단로4길,2464,1209,1255,284,391,415,397,418,559,149,221,228,192,194,225,135,170,187,205,224,334
2016_4,우사단로14길,1369,709,660,147,172,315,245,186,304,79,93,173,137,95,132,68,79,142,108,91,172
2016_4,우사단로10길,2873,1509,1364,278,421,518,494,488,674,154,257,298,281,247,272,124,164,220,213,241,402
2016_4,신흥로20길,2869,1423,1446,414,398,475,473,435,674,228,204,254,250,206,281,186,194,221,223,229,393
2016_4,소월로20길,2408,1141,1267,293,357,396,355,401,606,150,174,204,165,192,256,143,183,192,190,209,350
2016_4,서빙고로71길,2701,1298,1403,345,326,334,453,493,750,176,166,169,236,250,301,169,160,165,217,243,449
2016_4,백범로90길,3949,1922,2027,624,592,980,658,528,567,313,254,476,336,252,291,311,338,504,322,276,276
2016_4,백범로79길,3958,1901,2057,668,593,713,715,530,739,349,271,359,349,255,318,319,322,354,366,275,421
2016_4,두텁바위로1길,3339,1753,1586,339,495,471,549,582,903,189,259,247,286,330,442,150,236,224,263,252,461
2016_4,대사관로34길,1437,686,751,172,256,277,214,222,296,97,119,139,97,110,124,75,137,138,117,112,172
2016_4,녹사평대로46길,863,424,439,105,141,158,131,113,215,59,77,76,72,55,85,46,64,82,59,58,130
2016_4,녹사평대로40나길,771,363,408,104,116,138,120,98,195,45,56,74,60,47,81,59,60,64,60,51,114
2016_4,녹사평대로32길,612,305,307,61,91,149,75,94,142,36,45,70,43,43,68,25,46,79,32,51,74
2016_4,녹사평대로26길,986,459,527,86,155,197,138,163,247,45,81,105,57,81,90,41,74,92,81,82,157
2016_4,녹사평대로11길,438,219,219,65,47,72,86,61,107,32,25,32,49,36,45,33,22,40,37,25,62
2016_4,퇴계로90길,3550,1787,1763,451,534,428,686,641,810,234,282,230,373,342,326,217,252,198,313,299,484
2016_4,퇴계로8길,1547,813,734,95,129,148,214,272,689,39,57,92,114,152,359,56,72,56,100,120,330
2016_4,퇴계로56길,1228,628,600,126,203,155,175,196,373,62,111,80,103,97,175,64,92,75,72,99,198
2016_4,퇴계로46길,687,362,325,90,175,109,98,71,144,53,88,58,56,38,69,37,87,51,42,33,75
2016_4,퇴계로18길,787,393,394,102,106,134,135,123,187,48,60,78,71,61,75,54,46,56,64,62,112
2016_4,퇴계로12길,943,455,488,101,113,132,140,168,289,56,61,72,71,80,115,45,52,60,69,88,174
2016_4,청구로1길,2074,989,1085,246,289,249,383,373,534,123,147,128,190,198,203,123,142,121,193,175,331
2016_4,청구로17길,1873,937,936,260,293,318,288,319,395,132,149,167,150,162,177,128,144,151,138,157,218
2016_4,장충단로8길,1567,778,789,197,282,261,232,242,353,107,139,134,124,121,153,90,143,127,108,121,200
2016_4,삼일대로4길,110,63,47,30,15,23,27,9,6,16,7,16,15,6,3,14,8,7,12,3,3
2016_4,명동길,72,56,16,0,8,14,10,20,20,0,4,13,9,16,14,0,4,1,1,4,6
2016_4,동호로8길,700,333,367,85,132,138,101,110,134,38,63,68,59,52,53,47,69,70,42,58,81
2016_4,동호로20길,2252,1039,1213,338,376,359,414,322,443,160,181,176,193,146,183,178,195,183,221,176,260
2016_4,동호로15길,2040,1006,1034,234,286,290,331,336,563,124,159,136,176,167,244,110,127,154,155,169,319
2016_4,동호로11길,4839,2368,2471,651,774,798,858,744,1014,355,409,424,424,328,428,296,365,374,434,416,586
2016_4,동호로10길,2085,1011,1074,251,416,422,332,298,366,135,184,205,169,153,165,116,232,217,163,145,201
2016_4,다산로39길,929,519,410,63,102,101,165,234,264,25,59,59,106,141,129,38,43,42,59,93,135
2016_4,다산로38길,1495,733,762,221,237,246,237,245,309,116,122,117,121,129,128,105,115,129,116,116,181
2016_4,다산로36길,2302,1146,1156,294,307,300,422,450,529,154,163,157,224,236,212,140,144,143,198,214,317
2016_4,다산로33길,3873,1961,1912,469,647,539,683,681,854,237,359,309,354,346,356,232,288,230,329,335,498
2016_4,난계로21길,832,424,408,69,183,188,105,117,170,33,92,101,55,67,76,36,91,87,50,50,94
2016_4,난계로11길,3197,1530,1667,305,662,634,522,499,575,137,277,302,268,275,271,168,385,332,254,224,304
2016_4,필운대로1길,729,336,393,137,92,95,150,105,150,67,43,41,64,56,65,70,49,54,86,49,85
2016_4,평창길,1681,835,846,309,270,201,224,258,419,175,151,104,97,120,188,134,119,97,127,138,231
2016_4,통일로12길,953,443,510,121,117,130,196,125,264,69,48,61,103,63,99,52,69,69,93,62,165
2016_4,창신길,2530,1285,1245,354,379,292,472,502,531,169,198,175,241,269,233,185,181,117,231,233,298
2016_4,창신5길,1452,777,675,141,169,147,272,307,416,77,99,86,147,175,193,64,70,61,125,132,223
2016_4,창신2길,917,466,451,105,113,110,154,207,228,56,55,60,86,106,103,49,58,50,68,101,125
2016_4,창경궁로35길,952,413,539,84,189,124,168,139,248,42,78,54,80,63,96,42,111,70,88,76,152
2016_4,지봉로8길,2486,1245,1241,310,331,328,451,444,622,164,157,185,241,224,274,146,174,143,210,220,348
2016_4,종로65길,3807,1970,1837,391,507,511,643,820,935,197,259,274,344,452,444,194,248,237,299,368,491
2016_4,종로58가길,451,225,226,22,135,112,59,53,70,9,55,59,37,28,37,13,80,53,22,25,33
2016_4,종로24길,51,36,15,3,2,3,8,14,21,1,2,2,6,12,13,2,0,1,2,2,8
2016_4,자하문로7길,761,358,403,127,97,115,127,101,194,75,51,49,56,46,81,52,46,66,71,55,113
2016_4,이화장길,1722,844,878,232,381,297,247,253,312,119,169,154,118,135,149,113,212,143,129,118,163
2016_4,율곡로16길,503,270,233,60,72,85,88,79,119,39,38,49,53,36,55,21,34,36,35,43,64
2016_4,율곡로10길,301,169,132,20,26,40,57,53,105,11,15,23,38,31,51,9,11,17,19,22,54
2016_4,옥인길,2704,1213,1491,519,312,486,557,335,495,252,145,214,249,151,202,267,167,272,308,184,293
2016_4,숭인동길,996,514,482,101,127,133,154,189,292,55,69,73,82,107,128,46,58,60,72,82,164
2016_4,성균관로5길,1010,498,512,89,345,160,123,123,170,48,169,89,65,59,68,41,176,71,58,64,102
2016_4,삼청로5길,778,362,416,78,78,123,98,130,271,31,35,65,49,60,122,47,43,58,49,70,149
2016_4,북촌로5나길,709,336,373,113,80,114,114,106,182,66,40,52,58,42,78,47,40,62,56,64,104
2016_4,북촌로5길,466,214,252,64,52,57,61,81,151,34,21,25,35,35,64,30,31,32,26,46,87
2016_4,북촌로11길,682,313,369,65,74,87,107,111,238,37,36,45,53,47,95,28,38,42,54,64,143
2016_4,백석동길,1772,862,910,288,243,266,321,292,362,151,143,127,147,126,168,137,100,139,174,166,194
2016_4,명륜길,1497,763,734,169,456,202,169,175,326,77,261,121,89,80,135,92,195,81,80,95,191
2016_4,돈화문로11가길,1150,647,503,106,166,213,208,184,273,58,104,126,122,107,130,48,62,87,86,77,143
2016_4,난계로27길,769,365,404,19,351,208,67,43,81,7,122,108,37,36,55,12,229,100,30,7,26
2016_4,계동길,1919,891,1028,289,222,279,350,298,481,136,93,139,172,141,210,153,129,140,178,157,271
2016_3,강남 마이스 관광특구,19,11,8,6,1,1,3,4,4,3,0,1,1,3,3,3,1,0,2,1,1
2016_3,잠실 관광특구,8240,4056,4184,1033,1235,1747,1183,1385,1657,536,608,800,598,665,849,497,627,947,585,720,808
2016_3,종로·청계 관광특구,2664,1625,1039,128,299,272,369,653,943,67,183,167,248,427,533,61,116,105,121,226,410
2016_3,동대문패션타운 관광특구,2489,1301,1188,234,362,491,387,473,542,119,166,247,226,255,288,115,196,244,161,218,254
2016_3,명동 남대문 북창동 다동 무교동 관광특구,1308,504,804,23,64,162,234,304,521,8,30,82,85,128,171,15,34,80,149,176,350
2016_3,이태원 관광특구,7114,3396,3718,608,943,1393,1132,1170,1868,303,467,716,588,545,777,305,476,677,544,625,1091
2016_3,길동복조리시장,3368,1654,1714,529,455,570,521,562,731,291,229,281,266,241,346,238,226,289,255,321,385
2016_3,둔촌역전통시장,456,228,228,83,66,66,82,84,75,42,46,25,37,45,33,41,20,41,45,39,42
2016_3,성내골목시장,1061,554,507,124,153,194,159,199,232,60,80,111,82,107,114,64,73,83,77,92,118
2016_3,천호시장,163,86,77,8,11,17,35,38,54,3,7,6,21,25,24,5,4,11,14,13,30
2016_3,동서울시장,232,111,121,16,16,21,42,54,83,4,6,10,29,24,38,12,10,11,13,30,45
2016_3,고분다리골목시장,375,196,179,49,47,49,61,86,83,24,23,25,37,48,39,25,24,24,24,38,44
2016_3,양지골목시장,791,405,386,146,104,167,139,109,126,72,58,88,79,50,58,74,46,79,60,59,68
2016_3,암사종합시장,972,502,470,94,168,214,139,169,188,54,94,115,70,82,87,40,74,99,69,87,101
2016_3,고덕전통시장,354,177,177,40,44,49,58,71,92,24,29,23,29,38,34,16,15,26,29,33,58
2016_3,명일골목시장,2038,1011,1027,445,262,280,390,313,348,238,137,126,197,150,163,207,125,154,193,163,185
2016_3,새마을시장,2224,1122,1102,219,359,421,323,374,528,126,178,219,176,186,237,93,181,202,147,188,291
2016_3,석촌시장,748,376,372,98,128,112,123,142,145,53,61,53,68,77,64,45,67,59,55,65,81
2016_3,방이시장,5059,2448,2611,700,848,1049,759,824,879,373,404,534,378,361,398,327,444,515,381,463,481
2016_3,마천시장,967,512,455,132,129,126,145,183,252,60,76,63,83,101,129,72,53,63,62,82,123
2016_3,풍납시장,2554,1280,1274,271,354,397,400,476,656,126,185,219,207,222,321,145,169,178,193,254,335
2016_3,강남개포시장,4,2,2,0,2,0,0,1,1,0,1,0,0,1,0,0,1,0,0,0,1
2016_3,도곡시장,247,108,139,67,29,35,66,26,24,35,10,11,29,14,9,32,19,24,37,12,15
2016_3,청담삼익시장,157,76,81,22,24,16,19,31,45,12,10,8,9,15,22,10,14,8,10,16,23
2016_3,논현종합시장,95,34,61,14,5,24,16,5,31,3,2,7,5,3,14,11,3,17,11,2,17
2016_3,영동전통시장,1287,591,696,118,232,339,228,157,213,57,105,150,120,66,93,61,127,189,108,91,120
2016_3,강남시장_강남,299,143,156,41,38,64,43,36,77,21,18,33,21,18,32,20,20,31,22,18,45
2016_3,양재시장,84,45,39,8,17,11,18,10,20,5,9,4,9,8,10,3,8,7,9,2,10
2016_3,남부종합시장,192,88,104,43,21,20,38,26,44,22,9,8,17,11,21,21,12,12,21,15,23
2016_3,우림시장,87,40,47,8,9,22,10,13,25,5,4,8,7,2,14,3,5,14,3,11,11
2016_3,미성동도깨비시장,693,328,365,78,79,89,130,112,205,36,35,45,71,55,86,42,44,44,59,57,119
2016_3,신신림시장,76,35,41,14,3,11,15,6,27,4,1,4,11,4,11,10,2,7,4,2,16
2016_3,삼성동시장,197,110,87,10,19,23,25,40,80,6,15,14,16,18,41,4,4,9,9,22,39
2016_3,신림중앙시장,66,34,32,6,21,17,9,6,7,2,11,9,4,3,5,4,10,8,5,3,2
2016_3,강남골목시장,575,288,287,48,104,139,80,93,111,20,48,79,48,48,45,28,56,60,32,45,66
2016_3,신림종합시장,3,2,1,0,0,0,2,0,1,0,0,0,1,0,1,0,0,0,1,0,0
2016_3,관악신사시장,2174,1111,1063,244,355,341,385,376,473,126,172,192,211,204,206,118,183,149,174,172,267
2016_3,신원시장,421,234,187,40,77,62,58,74,110,20,47,35,33,45,54,20,30,27,25,29,56
2016_3,인헌시장,1371,686,685,108,240,301,207,202,313,61,109,156,112,108,140,47,131,145,95,94,173
2016_3,봉천중앙시장,337,148,189,20,127,92,42,27,29,7,45,42,24,14,16,13,82,50,18,13,13
2016_3,봉천현대시장,14,5,9,1,2,0,2,5,4,1,1,0,1,2,0,0,1,0,1,3,4
2016_3,봉일시장,104,42,62,6,39,24,5,17,13,2,13,11,2,9,5,4,26,13,3,8,8
2016_3,봉천제일종합시장,378,176,202,22,70,57,62,71,96,12,26,30,29,39,40,10,44,27,33,32,56
2016_3,낙성대시장,694,332,362,51,253,164,79,60,87,23,118,79,45,26,41,28,135,85,34,34,46
2016_3,중부시장,573,288,285,45,131,119,79,65,134,24,53,68,47,37,59,21,78,51,32,28,75
2016_3,사당시장,12,8,4,1,3,0,3,4,1,0,2,0,2,3,1,1,1,0,1,1,0
2016_3,남성역골목시장,539,242,297,53,91,97,76,71,151,27,40,42,33,35,65,26,51,55,43,36,86
2016_3,남성사계시장,620,308,312,33,112,114,88,100,173,18,41,61,59,52,77,15,71,53,29,48,96
2016_3,흑석시장,625,287,338,73,102,98,88,80,184,39,53,45,47,33,70,34,49,53,41,47,114
2016_3,상도4동도깨비골목시장,2071,1011,1060,200,277,319,329,346,600,97,149,175,164,167,259,103,128,144,165,179,341
2016_3,성대시장,144,71,73,14,37,19,22,30,22,8,18,9,10,17,9,6,19,10,12,13,13
2016_3,영도시장,68,33,35,1,12,8,9,15,23,1,6,3,7,7,9,0,6,5,2,8,14
2016_3,상도전통시장,949,492,457,98,212,195,126,117,201,60,109,107,69,59,88,38,103,88,57,58,113
2016_3,강남시장_동작,150,67,83,12,28,29,18,25,38,8,12,12,9,11,15,4,16,17,9,14,23
2016_3,신노량진시장,22,11,11,1,2,2,5,7,5,0,0,1,1,6,3,1,2,1,4,1,2
2016_3,본동인정시장,487,261,226,45,87,88,73,81,113,19,59,52,45,45,41,26,28,36,28,36,72
2016_3,노량진중앙시장,177,97,80,8,53,40,18,20,38,3,30,25,11,13,15,5,23,15,7,7,23
2016_3,대림중앙시장,448,221,227,44,43,52,72,88,149,28,27,29,32,40,65,16,16,23,40,48,84
2016_3,우리시장,389,191,198,43,59,40,59,72,116,21,33,21,29,36,51,22,26,19,30,36,65
2016_3,영진시장A동,135,72,63,20,15,25,15,17,43,10,8,16,7,8,23,10,7,9,8,9,20
2016_3,사러가시장,104,49,55,11,9,15,18,14,37,7,5,8,8,6,15,4,4,7,10,8,22
2016_3,대신시장,225,100,125,37,26,25,39,39,59,14,15,9,21,16,25,23,11,16,18,23,34
2016_3,양남시장,13,7,6,0,0,0,4,3,6,0,0,0,3,2,2,0,0,0,1,1,4
2016_3,영일시장,538,269,269,55,89,113,81,70,130,26,45,63,45,35,55,29,44,50,36,35,75
2016_3,도림시장,65,33,32,6,16,8,8,9,18,3,12,5,4,4,5,3,4,3,4,5,13
2016_3,영등포청과시장,304,168,136,31,39,32,46,60,96,18,23,19,28,39,41,13,16,13,18,21,55
2016_3,영등포전통시장,2196,1310,886,84,309,419,339,442,603,53,136,236,240,311,334,31,173,183,99,131,269
2016_3,은행나무시장,441,219,222,67,39,71,79,72,113,36,18,44,36,34,51,31,21,27,43,38,62
2016_3,박미시장,282,151,131,25,20,32,56,53,96,18,8,20,23,34,48,7,12,12,33,19,48
2016_3,현대시장,2465,1191,1274,282,370,324,358,479,652,143,174,164,177,228,305,139,196,160,181,251,347
2016_3,대명시장,8,7,1,0,2,1,0,2,3,0,2,1,0,2,2,0,0,0,0,0,1
2016_3,푸른터시장,27,15,12,6,0,9,5,1,6,4,0,5,3,1,2,2,0,4,2,0,4
2016_3,남문시장,1587,783,804,192,214,188,261,376,356,82,109,111,121,202,158,110,105,77,140,174,198
2016_3,독산동 우시장,93,47,46,1,34,22,15,10,11,0,11,15,10,6,5,1,23,7,5,4,6
2016_3,오류시장,151,78,73,7,12,18,23,28,63,3,7,10,17,16,25,4,5,8,6,12,38
2016_3,개봉중앙시장,386,175,211,69,62,59,59,66,71,34,26,34,21,28,32,35,36,25,38,38,39
2016_3,고척근린시장,690,344,346,89,76,93,105,125,202,47,39,52,53,62,91,42,37,41,52,63,111
2016_3,가리봉시장,306,162,144,23,45,19,43,72,104,9,26,12,25,42,48,14,19,7,18,30,56
2016_3,남구로시장,745,438,307,86,68,95,144,144,208,42,35,61,97,93,110,44,33,34,47,51,98
2016_3,구로시장,147,78,69,15,15,14,29,36,38,5,6,9,16,26,16,10,9,5,13,10,22
2016_3,공항시장,172,64,108,2,92,42,18,13,5,2,21,14,11,11,5,0,71,28,7,2,0
2016_3,방신전통시장,911,465,446,94,100,104,168,191,254,42,49,56,93,99,126,52,51,48,75,92,128
2016_3,송화골목시장,603,297,306,106,86,90,119,89,113,55,36,41,57,47,61,51,50,49,62,42,52
2016_3,까치산시장,1086,481,605,144,146,221,164,148,263,71,52,111,81,63,103,73,94,110,83,85,160
2016_3,화곡본동시장,357,151,206,42,56,82,54,41,82,19,18,40,20,17,37,23,38,42,34,24,45
2016_3,남부골목시장,2022,962,1060,252,261,353,292,360,504,130,132,163,160,164,213,122,129,190,132,196,291
2016_3,화곡중앙골목시장,1067,517,550,180,147,193,170,176,201,84,73,101,85,84,90,96,74,92,85,92,111
2016_3,신월중앙시장,82,48,34,14,11,21,12,8,16,8,9,10,7,5,9,6,2,11,5,3,7
2016_3,등마루시장,2,1,1,0,0,0,0,1,1,0,0,0,0,1,0,0,0,0,0,0,1
2016_3,신정3동골목시장,552,296,256,49,66,66,93,107,171,25,32,28,66,71,74,24,34,38,27,36,97
2016_3,신정2동골목시장,491,238,253,78,60,67,93,66,127,36,31,32,49,35,55,42,29,35,44,31,72
2016_3,신정제일시장,174,74,100,25,22,16,24,36,51,4,9,5,15,19,22,21,13,11,9,17,29
2016_3,신월7동골목시장,136,62,74,16,29,19,19,26,27,7,14,9,12,9,11,9,15,10,7,17,16
2016_3,신월6동골목시장,199,111,88,25,20,22,38,36,58,19,14,13,20,19,26,6,6,9,18,17,32
2016_3,신곡종합시장,97,50,47,2,10,8,13,20,44,1,4,7,9,10,19,1,6,1,4,10,25
2016_3,신월3동골목시장,452,255,197,53,46,65,76,94,118,33,26,37,47,58,54,20,20,28,29,36,64
2016_3,경창시장,370,182,188,61,45,48,57,58,101,33,22,24,32,29,42,28,23,24,25,29,59
2016_3,월정로시장,1522,781,741,216,180,228,236,284,378,110,87,128,127,158,171,106,93,100,109,126,207
2016_3,신영시장,1322,628,694,195,148,179,243,253,304,79,68,87,131,127,136,116,80,92,112,126,168
2016_3,목4동시장,1189,595,594,208,193,135,222,207,224,113,115,65,105,101,96,95,78,70,117,106,128
2016_3,목3동시장,1217,626,591,160,206,244,195,197,215,81,106,146,98,98,97,79,100,98,97,99,118
2016_3,목2동시장,1168,585,583,96,157,220,162,209,324,49,66,124,79,111,156,47,91,96,83,98,168
2016_3,동진시장,27,15,12,5,2,6,4,4,6,3,1,3,2,2,4,2,1,3,2,2,2
2016_3,망원월드컵시장,707,333,374,118,105,125,120,98,141,59,48,57,61,41,67,59,57,68,59,57,74
2016_3,망원시장,1692,806,886,184,211,334,293,263,407,101,94,163,154,124,170,83,117,171,139,139,237
2016_3,합정시장,94,37,57,13,10,25,13,11,22,5,4,11,7,3,7,8,6,14,6,8,15
2016_3,영진시장,218,100,118,20,28,42,32,34,62,12,14,17,16,14,27,8,14,25,16,20,35
2016_3,서교시장,34,25,9,1,10,11,2,6,4,1,7,10,1,4,2,0,3,1,1,2,2
2016_3,신수시장,63,30,33,7,7,10,4,13,22,3,2,6,1,7,11,4,5,4,3,6,11
2016_3,아현시장,450,214,236,62,52,61,81,60,134,33,27,31,39,31,53,29,25,30,42,29,81
2016_3,마포시장,15,6,9,3,0,0,4,2,6,1,0,0,1,2,2,2,0,0,3,0,4
2016_3,백련시장,147,68,79,14,14,26,19,29,45,9,9,11,10,13,16,5,5,15,9,16,29
2016_3,모래내시장,101,55,46,0,9,8,14,21,49,0,6,6,11,10,22,0,3,2,3,11,27
2016_3,포방터시장,497,243,254,68,58,55,85,85,146,36,30,29,41,51,56,32,28,26,44,34,90
2016_3,인왕시장,317,164,153,34,41,36,51,61,94,18,20,24,31,34,37,16,21,12,20,27,57
2016_3,아현가구거리상점가,152,77,75,15,34,20,20,28,35,10,21,10,8,13,15,5,13,10,12,15,20
2016_3,영천시장,414,194,220,40,48,47,68,81,130,17,23,28,35,42,49,23,25,19,33,39,81
2016_3,수일시장,121,56,65,2,13,7,14,29,56,1,5,5,9,11,25,1,8,2,5,18,31
2016_3,증산종합시장,162,79,83,22,19,16,33,34,38,8,9,10,17,14,21,14,10,6,16,20,17
2016_3,대림골목시장,681,338,343,102,64,87,107,125,196,58,33,45,51,68,83,44,31,42,56,57,113
2016_3,신응암시장,210,120,90,32,26,43,32,29,48,21,16,28,18,15,22,11,10,15,14,14,26
2016_3,녹번시장,31,15,16,7,2,0,10,1,11,4,1,0,3,1,6,3,1,0,7,0,5
2016_3,역촌중앙시장,12,8,4,0,1,0,2,4,5,0,1,0,0,4,3,0,0,0,2,0,2
2016_3,갈현시장,64,32,32,7,12,10,2,21,12,3,8,6,1,8,6,4,4,4,1,13,6
2016_3,연서시장,282,134,148,24,36,43,29,54,96,10,15,22,19,25,43,14,21,21,10,29,53
2016_3,상계중앙시장,1438,686,752,137,199,180,216,308,398,70,92,95,112,135,182,67,107,85,104,173,216
2016_3,공릉동도깨비시장,1321,658,663,155,249,234,159,232,292,69,118,129,81,121,140,86,131,105,78,111,152
2016_3,방학동도깨비시장,1113,565,548,150,160,116,202,207,278,82,98,62,107,96,120,68,62,54,95,111,158
2016_3,쌍문역골목시장,743,381,362,78,95,124,107,122,217,38,59,65,53,62,104,40,36,59,54,60,113
2016_3,백운시장,365,177,188,54,46,48,64,58,95,25,21,27,35,33,36,29,25,21,29,25,59
2016_3,신도봉시장,214,111,103,30,36,25,35,40,48,11,19,17,13,25,26,19,17,8,22,15,22
2016_3,창동골목시장,1042,512,530,131,140,131,170,179,291,74,72,65,94,88,119,57,68,66,76,91,172
2016_3,창동신창시장,2150,1048,1102,352,301,309,370,383,435,165,163,143,191,187,199,187,138,166,179,196,236
2016_3,수유북부시장,68,32,36,4,6,11,7,10,30,2,3,5,6,4,12,2,3,6,1,6,18
2016_3,장미원골목시장,1273,621,652,191,163,209,176,209,325,109,79,119,82,97,135,82,84,90,94,112,190
2016_3,수유중앙시장,47,28,19,3,14,2,4,15,9,3,8,2,4,8,3,0,6,0,0,7,6
2016_3,강북종합시장,772,397,375,74,121,102,119,152,204,39,50,54,70,89,95,35,71,48,49,63,109
2016_3,우이시장,1586,804,782,252,208,200,280,256,390,133,118,108,135,140,170,119,90,92,145,116,220
2016_3,수유전통시장,565,276,289,56,86,94,68,105,156,30,44,44,37,48,73,26,42,50,31,57,83
2016_3,번동북부골목시장,1044,493,551,164,119,177,191,143,250,77,49,85,105,61,116,87,70,92,86,82,134
2016_3,솔샘시장,169,82,87,21,24,18,28,28,50,12,13,7,17,13,20,9,11,11,11,15,30
2016_3,숭인시장,247,123,124,25,24,45,43,48,62,12,9,23,21,30,28,13,15,22,22,18,34
2016_3,방천골목시장,1537,762,775,176,205,233,254,288,381,92,102,129,130,139,170,84,103,104,124,149,211
2016_3,동북시장,37,19,18,5,4,5,2,3,18,1,2,3,1,2,10,4,2,2,1,1,8
2016_3,석관황금시장,1994,1018,976,237,295,255,351,354,502,120,160,127,196,178,237,117,135,128,155,176,265
2016_3,석관시장,183,106,77,23,26,18,38,39,39,15,16,9,26,24,16,8,10,9,12,15,23
2016_3,새석관시장,96,44,52,7,17,8,10,19,35,5,4,6,8,9,12,2,13,2,2,10,23
2016_3,번동시장,31,19,12,7,2,3,4,6,9,5,1,2,2,3,6,2,1,1,2,3,3
2016_3,장위전통시장,1645,819,826,231,229,206,259,291,429,124,124,108,141,132,190,107,105,98,118,159,239
2016_3,밤나무골시장,244,120,124,35,20,32,43,45,69,17,11,19,22,24,27,18,9,13,21,21,42
2016_3,길음시장,9,8,1,0,2,1,5,1,0,0,2,1,4,1,0,0,0,0,1,0,0
2016_3,정릉시장,1286,669,617,139,251,189,173,211,323,79,143,112,93,91,151,60,108,77,80,120,172
2016_3,정릉아리랑시장,528,250,278,89,59,97,94,75,114,42,27,52,49,32,48,47,32,45,45,43,66
2016_3,돈암제일시장,235,108,127,18,46,35,19,35,82,10,23,21,11,15,28,8,23,14,8,20,54
2016_3,유영시장,125,59,66,27,12,18,30,11,27,15,7,7,13,5,12,12,5,11,17,6,15
2016_3,우림골목시장,2249,1173,1076,263,287,322,345,459,573,137,159,186,184,241,266,126,128,136,161,218,307
2016_3,묵1동도깨비시장,668,339,329,102,102,91,118,105,150,54,60,43,54,52,76,48,42,48,64,53,74
2016_3,태능시장,989,491,498,139,130,143,160,194,223,59,74,80,78,95,105,80,56,63,82,99,118
2016_3,중화제일시장,1905,981,924,262,277,252,347,364,403,124,155,146,185,178,193,138,122,106,162,186,210
2016_3,사가정시장,2016,1012,1004,228,332,310,304,338,504,113,177,173,146,173,230,115,155,137,158,165,274
2016_3,면목골목시장,1394,726,668,185,187,216,249,238,319,103,98,129,134,123,139,82,89,87,115,115,180
2016_3,동원시장,2201,1111,1090,293,286,348,328,418,528,151,150,188,174,214,234,142,136,160,154,204,294
2016_3,동부골목시장,1279,668,611,146,234,252,183,225,239,66,121,151,96,132,102,80,113,101,87,93,137
2016_3,이경시장,265,135,130,30,43,28,41,51,72,15,25,12,22,30,31,15,18,16,19,21,41
2016_3,회기시장,1167,513,654,71,447,205,119,102,223,29,179,108,51,49,97,42,268,97,68,53,126
2016_3,청량리청과물시장,59,39,20,0,1,4,13,18,23,0,1,2,9,13,14,0,0,2,4,5,9
2016_3,전곡시장,240,120,120,41,25,24,51,37,62,20,15,13,27,17,28,21,10,11,24,20,34
2016_3,답십리시장,463,219,244,66,59,66,89,77,106,29,26,32,46,39,47,37,33,34,43,38,59
2016_3,동부시장,2,1,1,0,0,0,0,0,2,0,0,0,0,0,1,0,0,0,0,0,1
2016_3,답십리현대시장,367,185,182,43,33,47,56,59,129,23,16,30,35,30,51,20,17,17,21,29,78
2016_3,전농로터리시장,101,64,37,5,9,13,17,24,33,4,6,11,11,14,18,1,3,2,6,10,15
2016_3,청량리종합시장,111,61,50,1,6,18,9,25,52,0,4,11,6,13,27,1,2,7,3,12,25
2016_3,청량리전통시장,171,128,43,3,10,12,14,50,82,2,9,5,13,42,57,1,1,7,1,8,25
2016_3,청량리농수산물시장,179,89,90,29,27,23,18,37,45,19,15,12,5,18,20,10,12,11,13,19,25
2016_3,서울약령시장,2221,1217,1004,144,313,309,333,407,715,91,185,179,204,221,337,53,128,130,129,186,378
2016_3,동서시장,2,2,0,0,0,0,1,1,0,0,0,0,1,1,0,0,0,0,0,0,0
2016_3,경동시장,12,7,5,0,0,0,2,2,8,0,0,0,2,2,3,0,0,0,0,0,5
2016_3,청량리수산시장,478,255,223,32,75,85,71,71,144,16,35,47,48,39,70,16,40,38,23,32,74
2016_3,용두시장,18,12,6,0,1,2,3,2,10,0,0,2,3,1,6,0,1,0,0,1,4
2016_3,동부청과시장,2,2,0,0,0,1,0,0,1,0,0,1,0,0,1,0,0,0,0,0,0
2016_3,구의시장,138,70,68,19,15,18,19,21,46,9,7,11,11,9,23,10,8,7,8,12,23
2016_3,조양시장,74,32,42,3,32,12,3,7,17,2,14,5,0,4,7,1,18,7,3,3,10
2016_3,영동교골목시장,1293,651,642,132,181,168,243,228,341,71,93,91,129,119,148,61,88,77,114,109,193
2016_3,능동로골목시장,399,206,193,45,61,48,54,81,110,25,29,26,25,45,56,20,32,22,29,36,54
2016_3,노룬산골목시장,341,178,163,27,45,46,48,86,89,19,27,24,27,46,35,8,18,22,21,40,54
2016_3,자양종합시장,62,32,30,14,7,11,8,13,9,6,3,6,5,6,6,8,4,5,3,7,3
2016_3,자양골목시장,2044,999,1045,274,319,386,323,358,384,138,158,195,157,176,175,136,161,191,166,182,209
2016_3,신성골목시장,102,45,57,14,14,10,18,18,28,7,7,5,8,5,13,7,7,5,10,13,15
2016_3,면곡골목시장,484,250,234,74,64,76,84,90,96,44,29,35,46,48,48,30,35,41,38,42,48
2016_3,중곡제일시장,886,448,438,121,114,139,131,177,204,68,58,76,57,91,98,53,56,63,74,86,106
2016_3,화양제일골목시장,937,420,517,57,342,217,94,99,128,29,133,102,52,47,57,28,209,115,42,52,71
2016_3,한아름시장,15,8,7,0,5,3,2,2,3,0,2,1,1,2,2,0,3,2,1,0,1
2016_3,성동용답상가시장,2104,1067,1037,260,312,313,358,393,468,134,166,160,188,202,217,126,146,153,170,191,251
2016_3,뚝도시장,609,322,287,68,79,72,103,132,155,36,46,42,54,75,69,32,33,30,49,57,86
2016_3,금남시장,239,125,114,16,20,34,34,46,89,8,10,21,23,25,38,8,10,13,11,21,51
2016_3,행당시장,1566,798,768,173,282,241,240,278,352,85,133,137,121,149,173,88,149,104,119,129,179
2016_3,마장축산물시장,353,197,156,42,33,44,59,62,113,28,22,24,34,38,51,14,11,20,25,24,62
2016_3,보광시장,7,3,4,0,0,1,1,0,5,0,0,1,0,0,2,0,0,0,1,0,3
2016_3,이태원제일시장,38,17,21,3,6,4,7,6,12,2,1,2,5,2,5,1,5,2,2,4,7
2016_3,이태원시장,64,30,34,11,4,11,9,11,18,5,0,5,7,4,9,6,4,6,2,7,9
2016_3,이촌종합시장,103,58,45,9,16,13,14,25,26,3,11,9,7,13,15,6,5,4,7,12,11
2016_3,용문전통시장,315,149,166,38,55,57,53,39,73,18,28,33,27,18,25,20,27,24,26,21,48
2016_3,만리시장,32,20,12,0,3,1,4,12,12,0,2,1,3,8,6,0,1,0,1,4,6
2016_3,신흥시장,156,81,75,12,17,21,11,31,64,4,11,10,8,20,28,8,6,11,3,11,36
2016_3,후암시장,293,144,149,21,51,35,36,63,87,10,24,21,22,29,38,11,27,14,14,34,49
2016_3,합동(새벽)시장,66,48,18,3,2,9,11,20,21,2,1,5,10,16,14,1,1,4,1,4,7
2016_3,서울중앙시장,1138,600,538,101,126,130,153,220,408,57,71,78,87,120,187,44,55,52,66,100,221
2016_3,백학시장,882,457,425,83,107,128,128,174,262,41,64,70,73,90,119,42,43,58,55,84,143
2016_3,약수시장,1096,518,578,134,170,156,182,156,298,70,79,72,97,76,124,64,91,84,85,80,174
2016_3,청평화시장,1,1,0,0,0,0,1,0,0,0,0,0,1,0,0,0,0,0,0,0,0
2016_3,동평화시장,65,31,34,3,8,6,8,23,17,2,4,1,6,10,8,1,4,5,2,13,9
2016_3,방산종합시장,325,210,115,20,47,39,46,68,105,11,26,25,32,48,68,9,21,14,14,20,37
2016_3,평화시장,1,1,0,0,0,0,0,0,1,0,0,0,0,0,1,0,0,0,0,0,0
2016_3,인현시장,156,87,69,10,23,13,19,37,54,5,13,6,12,22,29,5,10,7,7,15,25
2016_3,신중부시장,291,190,101,12,15,25,47,80,112,10,8,14,32,59,67,2,7,11,15,21,45
2016_3,남대문시장,84,49,35,1,4,10,13,24,32,1,3,6,9,16,14,0,1,4,4,8,18
2016_3,신설종합시장,18,13,5,0,2,1,2,4,9,0,2,1,2,3,5,0,0,0,0,1,4
2016_3,동묘시장,801,452,349,48,189,121,106,131,206,24,84,69,67,90,118,24,105,52,39,41,88
2016_3,창신골목시장,437,222,215,41,55,41,71,85,144,17,35,24,37,46,63,24,20,17,34,39,81
2016_3,충신시장,168,87,81,18,22,11,33,35,49,9,10,7,17,21,23,9,12,4,16,14,26
2016_3,종로신진시장,121,79,42,2,12,7,21,36,43,1,8,5,17,26,22,1,4,2,4,10,21
2016_3,동대문종합시장,3,3,0,0,0,0,1,2,0,0,0,0,1,2,0,0,0,0,0,0,0
2016_3,광장시장,53,27,26,2,4,2,4,14,27,2,2,1,1,10,11,0,2,1,3,4,16
2016_3,통인시장,791,372,419,117,98,111,120,127,218,67,44,51,59,56,95,50,54,60,61,71,123
2016_3,서울 노원구 노원역_3,133,67,66,11,31,22,24,17,28,5,10,11,10,13,18,6,21,11,14,4,10
2016_3,서울 노원구 노원역_2,41,35,6,0,5,2,9,13,12,0,2,2,9,11,11,0,3,0,0,2,1
2016_3,서울 노원구 노원역_1,724,327,397,129,95,112,122,126,140,54,53,47,55,57,61,75,42,65,67,69,79
2016_3,창동역,344,222,122,10,88,69,62,62,53,5,33,42,49,49,44,5,55,27,13,13,9
2016_3,서울 강북구 수유역_3,710,384,326,50,130,126,110,130,164,26,53,64,62,85,94,24,77,62,48,45,70
2016_3,서울 강북구 수유역_2,2067,1042,1025,128,359,396,345,319,520,68,165,214,182,179,234,60,194,182,163,140,286
2016_3,서울 강북구 수유역_1,822,405,417,84,168,180,126,118,146,48,66,85,75,63,68,36,102,95,51,55,78
2016_3,서울 은평구 연신내역_3,74,51,23,3,19,5,17,16,14,2,12,4,10,13,10,1,7,1,7,3,4
2016_3,서울 은평구 연신내역_2,1238,618,620,143,221,272,192,180,230,76,104,150,105,87,96,67,117,122,87,93,134
2016_3,서울 은평구 연신내역_1,125,50,75,3,34,31,16,23,18,1,11,9,8,11,10,2,23,22,8,12,8
2016_3,서울 성북구 미아삼거리역_2,498,276,222,28,86,73,54,109,148,16,55,36,35,60,74,12,31,37,19,49,74
2016_3,서울 강북구 미아삼거리역_1,411,234,177,24,40,58,82,84,123,18,25,32,52,42,65,6,15,26,30,42,58
2016_3,서울 은평구 불광역_2,553,284,269,40,136,113,70,80,114,23,61,60,39,43,58,17,75,53,31,37,56
2016_3,서울 은평구 불광역_1,600,282,318,46,109,120,74,97,154,22,45,68,32,44,71,24,64,52,42,53,83
2016_3,미아사거리_2,109,59,50,9,16,13,14,23,34,4,10,8,8,13,16,5,6,5,6,10,18
2016_3,미아사거리_1,230,107,123,9,68,46,25,32,50,6,18,15,20,19,29,3,50,31,5,13,21
2016_3,서울 성북구 성신여대입구역,950,429,521,65,267,194,145,127,152,33,99,80,78,65,74,32,168,114,67,62,78
2016_3,경희대학교,387,185,202,31,130,66,43,38,79,15,58,34,23,19,36,16,72,32,20,19,43
2016_3,서울 성북구 안암역,397,178,219,24,173,60,27,40,73,11,71,27,18,18,33,13,102,33,9,22,40
2016_3,혜화역 대학로_3,703,320,383,49,228,124,81,83,138,25,95,59,41,39,61,24,133,65,40,44,77
2016_3,혜화역 대학로_2,814,396,418,67,293,173,88,66,127,32,136,89,54,31,54,35,157,84,34,35,73
2016_3,혜화역 대학로_1,541,236,305,53,134,112,72,67,103,25,51,52,35,32,41,28,83,60,37,35,62
2016_3,디지털미디어시티,244,120,124,69,38,21,58,44,14,35,18,7,30,25,5,34,20,14,28,19,9
2016_3,서울 동대문구 청량리역,3079,1581,1498,350,420,423,399,544,943,163,205,221,215,290,487,187,215,202,184,254,456
2016_3,서울 종로구 경복궁역_2,313,153,160,40,36,68,47,44,78,22,20,37,19,18,37,18,16,31,28,26,41
2016_3,서울 종로구 안국역_2,222,106,116,32,27,17,42,41,63,18,13,9,17,18,31,14,14,8,25,23,32
2016_3,서울 종로구 안국역_1,115,52,63,16,6,16,17,18,42,9,4,4,10,12,13,7,2,12,7,6,29
2016_3,서울 종로구 경복궁역_1,697,314,383,77,94,110,122,109,185,36,42,50,57,49,80,41,52,60,65,60,105
2016_3,서울 종로구 종로3가역_3,173,129,44,11,13,11,30,52,56,6,10,8,23,42,40,5,3,3,7,10,16
2016_3,서울 종로구 종로3가역_2,2550,1733,817,71,105,161,311,677,1225,42,76,110,236,526,743,29,29,51,75,151,482
2016_3,서울 동대문구 신설동역_2,340,212,128,12,68,81,54,50,75,8,29,40,41,37,57,4,39,41,13,13,18
2016_3,인사동,719,373,346,80,67,104,107,113,248,47,35,55,61,55,120,33,32,49,46,58,128
2016_3,서울 종로구 종로5가역_4,306,175,131,22,45,33,46,60,100,13,27,23,29,36,47,9,18,10,17,24,53
2016_3,서울 종로구 종로5가역_3,826,507,319,51,53,90,140,176,316,31,30,56,92,121,177,20,23,34,48,55,139
2016_3,종로구청,550,309,241,41,80,74,93,108,154,24,45,46,49,63,82,17,35,28,44,45,72
2016_3,서울 종로구 종로5가역_2,1975,978,997,243,398,377,258,280,419,120,190,185,130,142,211,123,208,192,128,138,208
2016_3,신설동역,298,181,117,10,85,62,42,41,58,5,33,36,31,30,46,5,52,26,11,11,12
2016_3,서울 동대문구 신설동역_1,168,121,47,4,17,28,15,42,62,2,6,17,12,34,50,2,11,11,3,8,12
2016_3,서울 종로구 광화문역_2,2297,1051,1246,331,253,434,358,327,594,170,109,180,160,161,271,161,144,254,198,166,323
2016_3,동묘앞역,943,480,463,141,125,126,149,183,219,77,67,61,84,93,98,64,58,65,65,90,121
2016_3,장안동사거리,3542,1796,1746,428,597,945,594,449,529,223,283,509,303,221,257,205,314,436,291,228,272
2016_3,서울 종로구 동대문역_2,670,429,241,26,62,76,79,188,239,11,33,56,57,130,142,15,29,20,22,58,97
2016_3,서울 종로구 동대문역_1,137,71,66,15,20,13,22,28,39,6,8,7,14,14,22,9,12,6,8,14,17
2016_3,동대문시장_2,37,19,18,1,2,5,5,9,15,0,0,2,3,5,9,1,2,3,2,4,6
2016_3,서울 종로구 종로5가역_1,28,8,20,0,0,0,5,6,17,0,0,0,4,0,4,0,0,0,1,6,13
2016_3,서울 종로구 종로3가역_1,187,143,44,6,48,12,28,44,49,4,40,7,24,33,35,2,8,5,4,11,14
2016_3,서울 종로구 광화문역_1,1,1,0,0,0,0,0,0,1,0,0,0,0,0,1,0,0,0,0,0,0
2016_3,종각역,3,1,2,0,0,1,0,2,0,0,0,0,0,1,0,0,0,1,0,1,0
2016_3,종각역 젊음의 거리,105,74,31,4,28,19,11,20,23,2,23,15,7,12,15,2,5,4,4,8,8
2016_3,서대문구 서대문역_1,110,83,27,2,2,6,18,36,46,0,1,5,16,30,31,2,1,1,2,6,15
2016_3,동대문시장_1,34,21,13,0,3,6,4,9,12,0,1,4,4,6,6,0,2,2,0,3,6
2016_3,시청역_2,57,34,23,12,8,12,16,6,3,7,7,5,8,4,3,5,1,7,8,2,0
2016_3,서울시청,90,53,37,8,1,13,10,24,34,5,1,7,5,12,23,3,0,6,5,12,11
2016_3,서울 중구 을지로3가역_2,561,380,181,15,31,34,72,140,269,8,16,22,52,110,172,7,15,12,20,30,97
2016_3,서울 중구 신당역_2,356,191,165,20,76,67,57,66,70,11,27,35,35,42,41,9,49,32,22,24,29
2016_3,서대문구 서대문역_2,901,439,462,73,189,203,127,149,160,34,70,110,71,85,69,39,119,93,56,64,91
2016_3,동대문역사문화공원역,454,278,176,11,47,65,73,103,155,2,27,37,49,69,94,9,20,28,24,34,61
2016_3,서울 중구 을지로3가역_1,256,180,76,9,18,24,34,61,110,3,10,17,24,47,79,6,8,7,10,14,31
2016_3,명동거리,632,67,565,7,20,66,129,136,274,0,6,7,15,21,18,7,14,59,114,115,256
2016_3,롯데백화점,1,1,0,0,0,1,0,0,0,0,0,1,0,0,0,0,0,0,0,0,0
2016_3,서울 중구 신당역_1,964,527,437,88,117,125,161,222,251,50,71,78,84,126,118,38,46,47,77,96,133
2016_3,북창동,279,177,102,3,19,37,50,66,104,0,9,32,31,41,64,3,10,5,19,25,40
2016_3,서울 중구 충무로역_2,705,394,311,44,90,108,97,139,227,24,43,56,67,87,117,20,47,52,30,52,110
2016_3,서울 강서구 송정역,2100,1006,1094,176,426,344,283,353,518,93,171,178,152,181,231,83,255,166,131,172,287
2016_3,장한평역_2,1125,631,494,113,176,228,191,193,224,60,74,129,118,128,122,53,102,99,73,65,102
2016_3,시청역_1,322,161,161,53,30,87,61,43,48,27,9,43,37,22,23,26,21,44,24,21,25
2016_3,왕십리역_2,456,212,244,58,86,69,76,72,95,20,38,37,40,35,42,38,48,32,36,37,53
2016_3,서울 강서구 발산역,102,51,51,0,18,37,21,19,7,0,7,17,11,12,4,0,11,20,10,7,3
2016_3,장한평역_1,214,130,84,10,31,25,48,52,48,6,22,13,35,31,23,4,9,12,13,21,25
2016_3,서울 중구 충무로역_1,816,409,407,63,110,105,118,148,272,25,51,62,72,80,119,38,59,43,46,68,153
2016_3,왕십리역_1,3,2,1,0,0,0,1,2,0,0,0,0,1,1,0,0,0,0,0,1,0
2016_3,장한평역,1102,818,284,25,172,266,238,258,143,14,76,174,209,235,110,11,96,92,29,23,33
2016_3,서울 중구 명동역,542,265,277,31,39,73,104,104,191,13,17,37,61,49,88,18,22,36,43,55,103
2016_3,장충동 족발거리,189,106,83,23,68,28,31,15,24,13,36,17,20,8,12,10,32,11,11,7,12
2016_3,한양시장,984,492,492,41,568,152,58,59,106,20,281,86,30,30,45,21,287,66,28,29,61
2016_3,서울 서대문구 이대역,1302,498,804,60,357,182,186,164,353,22,65,83,102,76,150,38,292,99,84,88,203
2016_3,서울 서대문구 신촌역,2853,1420,1433,147,1194,489,285,288,450,78,554,259,172,153,204,69,640,230,113,135,246
2016_3,서울 마포구 홍대입구역_3,206,95,111,10,45,70,36,23,22,4,19,32,19,11,10,6,26,38,17,12,12
2016_3,서울 마포구 홍대입구역_2,588,275,313,63,105,139,70,61,150,33,48,54,39,29,72,30,57,85,31,32,78
2016_3,홍익대학교 주변,5423,2555,2868,442,1331,1364,786,563,937,220,592,672,396,263,412,222,739,692,390,300,525
2016_3,서울 광진구 군자역,1713,796,917,145,400,456,191,232,289,72,161,210,106,106,141,73,239,246,85,126,148
2016_3,신촌역,1299,664,635,71,416,278,172,144,218,43,195,139,95,82,110,28,221,139,77,62,108
2016_3,강서구청,2535,1250,1285,294,439,588,417,381,416,149,164,294,251,198,194,145,275,294,166,183,222
2016_3,서울 마포구 홍대입구역_1,692,354,338,61,111,189,112,69,150,30,57,105,56,41,65,31,54,84,56,28,85
2016_3,서울 중구 약수역_2,51,30,21,5,3,8,10,4,21,4,2,4,7,1,12,1,1,4,3,3,9
2016_3,서울 중구 약수역_1,13,9,4,1,3,2,3,1,3,1,2,1,3,0,2,0,1,1,0,1,1
2016_3,서울 강동구 고덕역,2673,1341,1332,573,419,309,477,523,372,317,238,136,217,255,178,256,181,173,260,268,194
2016_3,등촌역,1035,487,548,115,220,286,136,127,151,62,74,148,72,65,66,53,146,138,64,62,85
2016_3,서울 강동구 명일역,1917,958,959,272,244,306,322,326,447,144,120,160,160,158,216,128,124,146,162,168,231
2016_3,어린이대공원역,675,384,291,82,141,115,120,117,100,49,70,70,73,71,51,33,71,45,47,46,49
2016_3,서울 마포구 공덕역_2,31,16,15,1,7,2,4,7,10,0,4,1,3,4,4,1,3,1,1,3,6
2016_3,공덕역,57,40,17,2,4,6,14,15,16,1,2,3,12,10,12,1,2,3,2,5,4
2016_3,서울 용산구 숙대입구역,529,296,233,39,73,92,82,95,148,19,45,50,50,57,75,20,28,42,32,38,73
2016_3,남영역,1,0,1,0,0,1,0,0,0,0,0,0,0,0,0,0,0,1,0,0,0
2016_3,서울 마포구 마포역_2,3301,1509,1792,508,423,881,700,370,419,247,171,398,333,178,182,261,252,483,367,192,237
2016_3,서울 광진구 건대입구역_2,2085,922,1163,128,770,468,222,168,329,65,280,232,113,87,145,63,490,236,109,81,184
2016_3,서울 마포구 마포역_1,735,369,366,62,97,143,103,123,207,37,44,74,59,58,97,25,53,69,44,65,110
2016_3,서울 강동구 천호역_2,3021,1565,1456,247,383,660,512,546,673,131,188,336,296,289,325,116,195,324,216,257,348
2016_3,서울 광진구 건대입구역_1,1149,539,610,88,243,224,182,170,242,41,96,106,93,84,119,47,147,118,89,86,123
2016_3,건대입구역,536,228,308,26,15,21,24,19,431,13,4,7,10,8,186,13,11,14,14,11,245
2016_3,서울 광진구 구의역,1971,924,1047,147,464,501,294,270,295,71,176,242,167,128,140,76,288,259,127,142,155
2016_3,서울 강동구 천호역,314,148,166,29,42,65,49,44,85,17,17,31,23,21,39,12,25,34,26,23,46
2016_3,당산역_2,994,448,546,26,206,180,113,165,304,17,71,79,55,94,132,9,135,101,58,71,172
2016_3,서울 강동구 천호역_1,343,164,179,41,62,46,61,58,75,16,32,24,32,29,31,25,30,22,29,29,44
2016_3,서울 강동구 길동역,3080,1524,1556,189,845,756,455,443,392,87,305,392,283,246,211,102,540,364,172,197,181
2016_3,용산 전자상가_5,397,228,169,38,47,77,74,55,106,21,30,53,46,34,44,17,17,24,28,21,62
2016_3,용산 전자상가_4,106,67,39,9,9,22,25,19,22,6,5,16,20,11,9,3,4,6,5,8,13
2016_3,당산역_1,1031,491,540,81,288,336,121,105,100,43,101,175,68,58,46,38,187,161,53,47,54
2016_3,서울 광진구 강변역,197,92,105,30,33,20,24,33,57,15,15,6,11,13,32,15,18,14,13,20,25
2016_3,용산 전자상가_3,255,127,128,22,35,52,34,42,70,12,19,28,19,17,32,10,16,24,15,25,38
2016_3,서울 용산구 이태원역,996,532,464,71,166,191,157,186,225,36,87,114,82,107,106,35,79,77,75,79,119
2016_3,한남오거리,191,100,91,9,32,24,31,32,63,5,19,13,18,15,30,4,13,11,13,17,33
2016_3,목동사거리,48,30,18,0,13,9,10,9,7,0,4,3,10,7,6,0,9,6,0,2,1
2016_3,용산 전자상가_2,152,83,69,19,27,34,17,26,29,15,13,17,11,14,13,4,14,17,6,12,16
2016_3,용산구청,115,53,62,17,12,23,21,10,32,7,7,10,13,3,13,10,5,13,8,7,19
2016_3,용산 전자상가_1,328,184,144,38,42,97,70,51,30,15,22,52,46,30,19,23,20,45,24,21,11
2016_3,국회의사당역_2,633,333,300,28,101,181,122,111,90,15,45,85,69,70,49,13,56,96,53,41,41
2016_3,서울 용산구 신용산역,237,127,110,17,26,35,37,45,77,14,17,19,19,22,36,3,9,16,18,23,41
2016_3,압구정 로데오거리_2,1349,649,700,196,155,281,277,164,276,93,71,134,147,82,122,103,84,147,130,82,154
2016_3,서울 강남구 압구정역,1952,862,1090,246,322,409,344,226,405,124,137,168,148,111,174,122,185,241,196,115,231
2016_3,서울 영등포구 영등포구청역,1357,686,671,90,266,269,187,219,326,44,123,137,93,127,162,46,143,132,94,92,164
2016_3,압구정 로데오거리_1,613,294,319,91,67,90,93,85,187,45,36,40,38,43,92,46,31,50,55,42,95
2016_3,서울 강동구 둔촌동역,840,451,389,123,118,127,163,140,169,76,68,69,79,80,79,47,50,58,84,60,90
2016_3,오목교역,900,426,474,229,116,100,206,129,120,111,50,41,102,60,62,118,66,59,104,69,58
2016_3,신사동 가로수길,4121,1902,2219,558,597,929,764,497,776,295,241,411,367,242,346,263,356,518,397,255,430
2016_3,서울 영등포구 여의도역_2,14,11,3,1,1,1,4,5,2,0,1,1,3,4,2,1,0,0,1,1,0
2016_3,청담사거리_3,884,400,484,58,78,115,179,151,303,25,42,54,85,69,125,33,36,61,94,82,178
2016_3,영등포유통상가,431,253,178,37,50,73,77,70,124,19,32,46,53,40,63,18,18,27,24,30,61
2016_3,청담역_2,477,222,255,96,62,95,89,79,56,47,31,37,40,35,32,49,31,58,49,44,24
2016_3,청담역_1,202,98,104,43,30,22,32,32,43,20,18,10,15,17,18,23,12,12,17,15,25
2016_3,청담사거리_2,349,169,180,46,44,61,57,57,84,20,25,30,27,27,40,26,19,31,30,30,44
2016_3,청담사거리_1,256,117,139,35,40,60,53,38,30,17,18,28,25,19,10,18,22,32,28,19,20
2016_3,서울 영등포구 여의도역_1,1404,684,720,266,154,191,252,220,321,147,63,80,120,117,157,119,91,111,132,103,164
2016_3,서울 양천구 신정네거리역_2,298,147,151,31,53,47,35,59,73,18,24,28,18,26,33,13,29,19,17,33,40
2016_3,학동사거리_2,485,246,239,87,64,84,98,61,91,56,36,34,46,26,48,31,28,50,52,35,43
2016_3,서울 영등포구 영등포시장역,1499,963,536,50,97,150,269,366,567,26,57,98,186,267,329,24,40,52,83,99,238
2016_3,학동사거리_1,491,241,250,55,78,107,94,57,100,29,31,49,47,35,50,26,47,58,47,22,50
2016_3,여의도 시범아파트앞,633,303,330,88,64,77,93,94,217,40,32,37,46,49,99,48,32,40,47,45,118
2016_3,영등포역_3,398,244,154,12,111,92,51,63,69,8,43,57,37,48,51,4,68,35,14,15,18
2016_3,도산공원사거리_1,445,199,246,61,73,116,63,51,81,30,30,53,28,22,36,31,43,63,35,29,45
2016_3,영등포역_2,635,478,157,13,96,83,121,167,155,8,39,62,113,143,113,5,57,21,8,24,42
2016_3,문래동 주민센터,226,112,114,51,27,33,38,31,46,31,13,18,18,15,17,20,14,15,20,16,29
2016_3,강남구 신사역_2,1063,480,583,77,209,309,167,124,177,37,80,127,97,62,77,40,129,182,70,62,100
2016_3,영등포역_1,164,90,74,5,77,36,16,18,12,1,29,24,12,14,10,4,48,12,4,4,2
2016_3,서울 강남구 강남구청역_2,711,362,349,33,57,125,162,134,200,14,31,56,83,90,88,19,26,69,79,44,112
2016_3,강남구 신사역_1,853,459,394,53,128,207,168,121,176,30,61,106,105,64,93,23,67,101,63,57,83
2016_3,서울 동작구 노량진1동_1,26,20,6,0,2,4,3,8,9,0,1,4,3,8,4,0,1,0,0,0,5
2016_3,서울 강남구 학동역_3,137,72,65,4,22,37,25,22,27,3,11,21,11,12,14,1,11,16,14,10,13
2016_3,서울 강남구 강남구청역_1,582,281,301,60,95,168,107,75,77,32,40,72,50,44,43,28,55,96,57,31,34
2016_3,잠실역,2356,1118,1238,336,367,347,292,435,579,161,187,160,116,198,296,175,180,187,176,237,283
2016_3,강남구 논현역_4,1855,918,937,154,333,520,333,236,279,81,152,241,176,130,138,73,181,279,157,106,141
2016_3,학동역,485,192,293,27,91,184,77,51,55,15,32,67,32,25,21,12,59,117,45,26,34
2016_3,방이동 먹자골목,1369,734,635,102,241,353,223,224,226,59,109,192,136,122,116,43,132,161,87,102,110
2016_3,서울 강남구 학동역_2,100,47,53,3,29,34,12,9,13,0,9,18,10,5,5,3,20,16,2,4,8
2016_3,서울 동작구 노량진역,1114,543,571,51,572,195,92,75,129,22,249,129,57,31,55,29,323,66,35,44,74
2016_3,삼성역_3,56,41,15,2,15,10,7,8,14,2,12,6,6,4,11,0,3,4,1,4,3
2016_3,코엑스,19,11,8,6,1,1,3,4,4,3,0,1,1,3,3,3,1,0,2,1,1
2016_3,서울 강남구 학동역_1,943,424,519,78,196,275,154,87,153,38,79,118,75,41,73,40,117,157,79,46,80
2016_3,선정릉역_2,2045,909,1136,229,285,491,417,264,359,110,121,207,193,130,148,119,164,284,224,134,211
2016_3,강남구 논현역_3,77,37,40,4,13,25,9,9,17,2,6,12,5,4,8,2,7,13,4,5,9
2016_3,포스코사거리_2,694,350,344,66,139,146,130,108,105,41,65,72,62,65,45,25,74,74,68,43,60
2016_3,포스코사거리_1,2210,1068,1142,258,356,574,378,303,341,122,169,265,202,154,156,136,187,309,176,149,185
2016_3,신도림역,1659,803,856,298,237,406,276,254,188,149,113,198,132,121,90,149,124,208,144,133,98
2016_3,강남구 논현역_2,4148,1993,2155,323,861,1136,664,488,676,172,390,537,356,240,298,151,471,599,308,248,378
2016_3,선정릉역_1,650,299,351,91,126,130,119,96,88,48,55,55,55,43,43,43,71,75,64,53,45
2016_3,신천역,2615,1263,1352,224,455,657,426,391,462,116,191,335,223,189,209,108,264,322,203,202,253
2016_3,강남구 논현역_1,2045,1002,1043,135,374,554,368,283,331,68,151,255,221,152,155,67,223,299,147,131,176
2016_3,삼성역_2,7,4,3,0,1,1,1,2,2,0,0,1,1,1,1,0,1,0,0,1,1
2016_3,삼정역_2,630,306,324,55,106,176,119,82,92,31,44,74,68,43,46,24,62,102,51,39,46
2016_3,삼정역_1,91,44,47,4,17,24,9,18,19,1,8,14,3,8,10,3,9,10,6,10,9
2016_3,삼성역_1,1351,665,686,185,247,329,233,174,183,103,110,161,114,85,92,82,137,168,119,89,91
2016_3,서울 강남구 선릉역_2,2169,1088,1081,152,463,645,342,271,296,72,229,319,184,141,143,80,234,326,158,130,153
2016_3,서울 서초구 강남역,3172,1602,1570,182,753,965,454,380,438,95,336,488,270,198,215,87,417,477,184,182,223
2016_3,서울 강남구 선릉역_1,699,338,361,59,92,201,187,72,88,27,37,90,100,41,43,32,55,111,87,31,45
2016_3,서울 송파구 석촌역_2,535,250,285,79,76,149,81,64,86,46,36,64,35,28,41,33,40,85,46,36,45
2016_3,선릉역_2,3730,1651,2079,381,629,1164,763,413,380,164,242,467,390,208,180,217,387,697,373,205,200
2016_3,서울 강남구 역삼역_2,1020,493,527,91,201,282,166,127,153,50,78,129,96,68,72,41,123,153,70,59,81
2016_3,서울 송파구 석촌역_1,204,94,110,25,34,53,34,26,32,15,15,18,19,11,16,10,19,35,15,15,16
2016_3,석촌역,8,3,5,0,2,2,1,1,2,0,1,1,0,1,0,0,1,1,1,0,2
2016_3,서울 강남구 강남역_2,1573,742,831,144,223,306,291,259,350,67,85,150,141,135,164,77,138,156,150,124,186
2016_3,선릉역_1,1209,527,682,236,161,273,287,126,126,98,69,102,129,66,63,138,92,171,158,60,63
2016_3,구로역,196,97,99,20,29,39,26,30,52,12,11,21,14,14,25,8,18,18,12,16,27
2016_3,역삼역_2,495,341,154,409,21,28,11,12,14,295,4,16,8,10,8,114,17,12,3,2,6
2016_3,대림역_2,1410,712,698,50,438,461,221,151,89,24,158,241,135,101,53,26,280,220,86,50,36
2016_3,서울 강남구 역삼역_1,4938,2570,2368,310,919,1318,942,670,779,155,405,711,548,378,373,155,514,607,394,292,406
2016_3,신대방삼거리역,1220,579,641,114,262,285,177,172,210,53,99,126,102,93,106,61,163,159,75,79,104
2016_3,서울 강남구 한티역,1842,866,976,337,298,254,365,294,294,180,143,119,153,144,127,157,155,135,212,150,167
2016_3,은마아파트입구사거리_4,388,202,186,102,42,24,119,68,33,68,20,10,50,40,14,34,22,14,69,28,19
2016_3,은마아파트입구사거리_3,334,165,169,70,59,29,81,46,49,36,31,14,37,23,24,34,28,15,44,23,25
2016_3,은마아파트입구사거리_2,20,10,10,2,3,3,1,6,5,0,1,3,0,3,3,2,2,0,1,3,2
2016_3,오류동역,2307,1164,1143,187,531,785,321,212,271,94,223,422,195,93,137,93,308,363,126,119,134
2016_3,서울 강남구 강남역,1477,661,816,89,410,503,193,147,135,48,147,224,106,69,67,41,263,279,87,78,68
2016_3,은마아파트입구사거리_1,193,107,86,46,28,15,46,34,24,30,19,9,24,15,10,16,9,6,22,19,14
2016_3,대림역_1,653,276,377,25,203,275,104,24,22,9,38,144,62,14,9,16,165,131,42,10,13
2016_3,교대역_4,1419,694,725,301,215,157,280,195,271,140,114,76,128,99,137,161,101,81,152,96,134
2016_3,서울 강남구 강남역_1,673,313,360,62,116,176,121,97,101,29,47,84,64,44,45,33,69,92,57,53,56
2016_3,방배동카페골목,2710,1297,1413,648,300,403,586,366,407,315,153,181,279,195,174,333,147,222,307,171,233
2016_3,교대역_3,18,9,9,1,1,6,2,4,4,0,0,2,2,2,3,1,1,4,0,2,1
2016_3,역삼역_1,2696,1269,1427,299,471,806,417,328,375,145,212,407,192,140,173,154,259,399,225,188,202
2016_3,교대역_2,1365,630,735,144,266,327,213,193,222,75,123,147,103,89,93,69,143,180,110,104,129
2016_3,서울 송파구 가락시장역,487,271,216,27,71,105,84,94,106,14,29,48,51,68,61,13,42,57,33,26,45
2016_3,서울 서초구 서초역,66,33,33,10,10,12,10,8,16,2,7,6,6,3,9,8,3,6,4,5,7
2016_3,서울 강남구 대치역_2,585,286,299,175,76,50,127,104,53,91,37,20,56,55,27,84,39,30,71,49,26
2016_3,서울 강남구 대치역_1,524,268,256,174,48,40,147,75,40,95,26,18,68,43,18,79,22,22,79,32,22
2016_3,뱅뱅사거리_2,1931,854,1077,142,473,600,308,210,198,78,182,276,142,91,85,64,291,324,166,119,113
2016_3,보라매공원,3495,1685,1810,574,460,524,569,457,911,295,237,246,262,220,425,279,223,278,307,237,486
2016_3,교대역_1,1570,788,782,144,302,386,217,253,268,69,134,204,116,129,136,75,168,182,101,124,132
2016_3,개봉동 현대아파트 인근,2809,1417,1392,349,371,383,436,524,746,174,201,203,227,276,336,175,170,180,209,248,410
2016_3,뱅뱅사거리,1325,618,707,117,264,411,246,150,137,66,104,183,128,71,66,51,160,228,118,79,71
2016_3,뱅뱅사거리_1,1065,558,507,130,224,323,143,120,125,66,100,188,88,54,62,64,124,135,55,66,63
2016_3,서울 관악구 신림역_4,2937,1447,1490,113,1096,975,334,196,223,60,485,508,190,97,107,53,611,467,144,99,116
2016_3,동작구 총신대입구역_1,1149,534,615,89,226,259,144,154,277,41,86,121,75,86,125,48,140,138,69,68,152
2016_3,양재역_3,2004,975,1029,257,328,515,287,275,342,135,156,248,141,129,166,122,172,267,146,146,176
2016_3,동작구 총신대입구역_2,1398,583,815,269,169,357,296,152,155,108,55,151,127,78,64,161,114,206,169,74,91
2016_3,서울 서초구 남부터미널역_3,453,215,238,47,82,115,65,55,89,26,32,53,34,24,46,21,50,62,31,31,43
2016_3,서울 강남구 수서역,1611,745,866,146,153,312,235,252,513,67,63,140,137,148,190,79,90,172,98,104,323
2016_3,서울 관악구 신림역_3,871,478,393,24,328,231,100,91,97,12,141,154,65,56,50,12,187,77,35,35,47
2016_3,서울 서초구 남부터미널역_2,1483,768,715,84,268,473,303,208,147,41,91,228,183,139,86,43,177,245,120,69,61
2016_3,구로디지탈1단지,142,75,67,18,14,22,22,35,31,7,9,12,12,21,14,11,5,10,10,14,17
2016_3,양재역,1400,631,769,195,245,350,223,186,201,77,109,160,108,87,90,118,136,190,115,99,111
2016_3,문정역,370,193,177,54,55,78,69,58,56,31,32,38,42,24,26,23,23,40,27,34,30
2016_3,매봉역,577,291,286,85,98,104,98,97,95,51,43,51,51,48,47,34,55,53,47,49,48
2016_3,서울 서초구 방배역,1249,617,632,166,185,284,224,181,209,82,78,147,132,85,93,84,107,137,92,96,116
2016_3,서울 서초구 남부터미널역_1,1232,607,625,203,196,199,214,203,217,106,96,92,104,96,113,97,100,107,110,107,104
2016_3,서울 관악구 신림역_2,1593,859,734,86,493,396,187,180,251,51,259,227,109,81,132,35,234,169,78,99,119
2016_3,서울 관악구 신림역_1,506,239,267,18,187,154,61,40,46,8,63,91,33,21,23,10,124,63,28,19,23
2016_3,양재역_2,709,357,352,70,126,193,94,103,123,38,60,102,48,49,60,32,66,91,46,54,63
2016_3,서울 관악구 서울대입구역_2,440,234,206,19,138,103,49,51,80,10,63,57,35,28,41,9,75,46,14,23,39
2016_3,가산디지털단지역_3,1488,814,674,30,400,380,232,242,204,12,133,211,161,175,122,18,267,169,71,67,82
2016_3,구로디지털단지역,456,278,178,28,53,48,76,114,137,22,29,36,50,79,62,6,24,12,26,35,75
2016_3,서울 관악구 서울대입구역_1,5623,2656,2967,243,2285,1450,563,512,570,113,917,723,328,279,296,130,1368,727,235,233,274
2016_3,관악구 사당역_1,670,324,346,93,115,143,103,92,124,45,57,61,54,46,61,48,58,82,49,46,63
2016_3,가산디지털단지역_2,96,59,37,6,17,14,13,13,33,3,9,12,11,5,19,3,8,2,2,8,14
2016_3,관악구 사당역_2,949,431,518,52,263,222,104,119,189,29,99,103,54,58,88,23,164,119,50,61,101
2016_3,가산디지털단지역_1,22,16,6,1,0,5,4,7,5,0,0,3,4,6,3,1,0,2,0,1,2
2016_3,포이사거리_1,57,34,23,6,5,16,16,7,7,3,1,8,11,5,6,3,4,8,5,2,1
2016_3,포이사거리_2,1759,985,774,171,300,423,335,290,240,100,157,238,203,171,116,71,143,185,132,119,124
2016_3,관악구 사당역_3,316,146,170,18,95,81,36,40,46,8,38,39,18,21,22,10,57,42,18,19,24
2016_3,서울 관악구 대학동_1,1640,1003,637,98,653,372,189,131,197,59,387,264,128,70,95,39,266,108,61,61,102
2016_3,서울 금천구 독산1동_1,1023,583,440,51,170,257,189,167,189,27,87,171,112,100,86,24,83,86,77,67,103
2016_3,양재 화물트럭터미널앞_2,1728,831,897,497,160,302,329,186,254,258,73,134,184,81,101,239,87,168,145,105,153
2016_3,양재 화물트럭터미널앞_1,2,2,0,0,0,0,0,1,1,0,0,0,0,1,1,0,0,0,0,0,0
2016_3,서울 금천구 시흥1동_4,1551,831,720,104,171,227,251,309,489,55,95,126,146,176,233,49,76,101,105,133,256
2016_3,풍성로37가길,3223,1640,1583,389,471,603,511,589,660,211,248,317,273,293,298,178,223,286,238,296,362
2016_3,천호옛길,3878,1938,1940,458,560,684,595,710,871,224,275,373,312,352,402,234,285,311,283,358,469
2016_3,천호옛14길,2296,1109,1187,239,366,370,352,413,556,117,186,190,175,180,261,122,180,180,177,233,295
2016_3,천호대로219길,2431,1245,1186,353,373,286,387,509,523,176,199,153,200,270,247,177,174,133,187,239,276
2016_3,천호대로197길,4085,2021,2064,699,601,684,688,715,698,364,312,344,340,342,319,335,289,340,348,373,379
2016_3,천호대로187길,2876,1391,1485,429,403,581,396,486,581,212,209,289,189,229,263,217,194,292,207,257,318
2016_3,천호대로170길,4238,2096,2142,568,693,930,570,697,780,284,326,491,293,333,369,284,367,439,277,364,411
2016_3,천호대로162길,2259,1152,1107,295,338,414,308,422,482,147,175,228,165,201,236,148,163,186,143,221,246
2016_3,천중로51길,3941,1925,2016,587,614,634,579,720,807,321,310,319,296,319,360,266,304,315,283,401,447
2016_3,천중로39길,6520,3233,3287,1056,919,1131,1033,1123,1258,556,461,602,505,519,590,500,458,529,528,604,668
2016_3,진황도로47길,1748,870,878,203,261,387,259,279,359,105,117,209,144,129,166,98,144,178,115,150,193
2016_3,진황도로27길,7192,3643,3549,874,943,1331,1060,1287,1697,421,483,747,562,624,806,453,460,584,498,663,891
2016_3,올림픽로98길,3251,1601,1650,414,396,606,549,569,717,211,201,322,266,287,314,203,195,284,283,282,403
2016_3,올림픽로80길,2260,1148,1112,281,271,292,370,449,597,147,140,159,196,235,271,134,131,133,174,214,326
2016_3,올림픽로78길,1974,1048,926,168,207,245,349,446,559,71,109,143,207,250,268,97,98,102,142,196,291
2016_3,올림픽로77길,2497,1298,1199,298,323,421,386,496,573,159,159,222,229,258,271,139,164,199,157,238,302
2016_3,올림픽로71길,2611,1306,1305,254,361,440,392,486,678,135,185,237,210,239,300,119,176,203,182,247,378
2016_3,올림픽로48길,1529,735,794,259,201,316,265,201,287,142,89,140,138,93,133,117,112,176,127,108,154
2016_3,양재대로96길,3312,1639,1673,690,410,579,563,471,599,358,201,290,290,221,279,332,209,289,273,250,320
2016_3,양재대로95길,3713,1838,1875,560,569,700,559,646,679,308,311,359,267,298,295,252,258,341,292,348,384
2016_3,양재대로91길,3828,1872,1956,687,537,639,661,639,665,365,300,313,317,295,282,322,237,326,344,344,383
2016_3,양재대로133길,5094,2515,2579,723,807,792,749,918,1105,361,423,415,389,413,514,362,384,377,360,505,591
2016_3,양재대로124길,4719,2351,2368,685,697,839,732,867,899,350,373,435,366,403,424,335,324,404,366,464,475
2016_3,양재대로116길,1574,747,827,208,263,307,214,267,315,106,127,149,108,123,134,102,136,158,106,144,181
2016_3,양재대로101길,4306,2151,2155,533,684,1082,631,637,739,287,332,561,336,285,350,246,352,521,295,352,389
2016_3,암사길,6451,3249,3202,981,875,1117,1026,1119,1333,493,455,613,532,551,605,488,420,504,494,568,728
2016_3,성안로3길,3650,1801,1849,645,510,680,658,542,615,343,261,344,321,255,277,302,249,336,337,287,338
2016_3,성내로5길,3713,1794,1919,743,487,616,657,536,674,371,250,273,330,255,315,372,237,343,327,281,359
2016_3,상일로5길,1418,726,692,237,246,193,211,288,243,121,146,94,108,142,115,116,100,99,103,146,128
2016_3,상암로5길,2010,1015,995,320,242,417,332,292,407,177,117,212,172,144,193,143,125,205,160,148,214
2016_3,상암로51길,3151,1514,1637,563,443,453,523,538,631,284,226,228,251,242,283,279,217,225,272,296,348
2016_3,상암로4길,3649,1814,1835,551,465,823,628,575,607,274,211,413,343,280,293,277,254,410,285,295,314
2016_3,상암로14길,3448,1681,1767,527,474,732,490,577,648,267,225,382,236,270,301,260,249,350,254,307,347
2016_3,명일로13길,2155,1081,1074,307,321,325,347,400,455,167,157,172,184,197,204,140,164,153,163,203,251
2016_3,동남로85길,3212,1649,1563,523,476,366,514,638,695,275,257,202,271,329,315,248,219,164,243,309,380
2016_3,동남로82길,1947,1032,915,289,266,208,324,408,452,158,147,119,178,218,212,131,119,89,146,190,240
2016_3,동남로65길,2857,1418,1439,593,392,304,555,489,524,321,210,166,255,240,226,272,182,138,300,249,298
2016_3,구천면로42길,4374,2298,2076,600,526,660,770,863,955,319,275,375,414,454,461,281,251,285,356,409,494
2016_3,구천면로41길,5304,2693,2611,772,678,915,850,961,1128,426,357,493,442,462,513,346,321,422,408,499,615
2016_3,구천면로36길,2634,1360,1274,352,377,371,406,528,600,185,191,208,212,280,284,167,186,163,194,248,316
2016_3,고덕로61길,1001,516,485,177,140,123,149,188,224,94,74,71,74,93,110,83,66,52,75,95,114
2016_3,고덕로25길,1569,780,789,313,197,254,256,237,312,152,104,128,130,116,150,161,93,126,126,121,162
2016_3,고덕로10길,2192,1081,1111,369,298,433,372,344,376,193,145,215,194,153,181,176,153,218,178,191,195
2016_3,강동대로53길,3214,1628,1586,606,437,536,561,525,549,344,252,266,278,245,243,262,185,270,283,280,306
2016_3,풍성로25길,1979,948,1031,235,255,290,301,359,539,119,127,145,161,163,233,116,128,145,140,196,306
2016_3,오금로46길,2517,1260,1257,487,416,343,437,425,409,253,218,185,215,198,191,234,198,158,222,227,218
2016_3,오금로36길,2727,1337,1390,419,486,493,440,463,426,207,245,260,209,214,202,212,241,233,231,249,224
2016_3,오금로11길,4561,2211,2350,533,717,1105,674,732,800,276,344,588,328,316,359,257,373,517,346,416,441
2016_3,양재대로72길,2176,1073,1103,307,405,254,328,436,446,160,221,132,138,214,208,147,184,122,190,222,238
2016_3,양재대로71길,1430,678,752,241,221,229,225,241,273,120,111,104,109,103,131,121,110,125,116,138,142
2016_3,양재대로64길,2438,1262,1176,390,366,441,395,440,406,203,189,239,209,225,197,187,177,202,186,215,209
2016_3,양재대로62길,1480,742,738,234,189,312,267,228,250,116,91,165,143,117,110,118,98,147,124,111,140
2016_3,송파대로30길,2336,1213,1123,275,367,368,396,494,436,155,192,191,203,247,225,120,175,177,193,247,211
2016_3,송이로36길,2967,1452,1515,480,464,554,468,524,477,251,224,274,239,237,227,229,240,280,229,287,250
2016_3,송이로32길,4801,2317,2484,761,809,907,780,829,715,364,402,475,361,390,325,397,407,432,419,439,390
2016_3,송이로23길,4516,2273,2243,694,752,893,712,739,726,384,374,458,353,356,348,310,378,435,359,383,378
2016_3,삼전로13길,5980,2832,3148,736,1073,1455,914,900,902,385,504,697,428,418,400,351,569,758,486,482,502
2016_3,백제고분로50길,8088,3918,4170,1271,1269,1526,1245,1341,1436,686,617,755,596,606,658,585,652,771,649,735,778
2016_3,백제고분로46길,3040,1470,1570,480,470,646,488,476,480,245,230,325,231,225,214,235,240,321,257,251,266
2016_3,백제고분로45길,4463,2146,2317,631,736,1066,669,656,705,321,338,507,330,314,336,310,398,559,339,342,369
2016_3,백제고분로42길,3846,1853,1993,477,667,908,603,587,604,242,292,467,287,282,283,235,375,441,316,305,321
2016_3,백제고분로39길,3086,1444,1642,389,513,758,453,443,530,214,209,370,208,193,250,175,304,388,245,250,280
2016_3,백제고분로34길,7411,3646,3765,1077,1118,1648,1226,1125,1217,558,573,831,615,527,542,519,545,817,611,598,675
2016_3,백제고분로33길,5732,2707,3025,690,981,1518,870,775,898,345,437,749,434,359,383,345,544,769,436,416,515
2016_3,백제고분로32길,6085,2952,3133,974,949,1334,1014,905,909,534,466,653,492,411,396,440,483,681,522,494,513
2016_3,백제고분로31길,5905,2703,3202,872,931,1337,985,837,943,435,415,611,464,375,403,437,516,726,521,462,540
2016_3,백제고분로22길,6465,3094,3371,961,1031,1485,1139,943,906,479,480,730,539,439,427,482,551,755,600,504,479
2016_3,백제고분로21길,2237,1077,1160,264,342,571,386,351,323,139,150,278,198,172,140,125,192,293,188,179,183
2016_3,마천로51길,4073,2052,2021,592,468,545,676,750,1042,301,230,296,361,383,481,291,238,249,315,367,561
2016_3,동남로20길,3230,1544,1686,607,484,526,590,513,510,306,228,258,274,251,227,301,256,268,316,262,283
2016_3,거마로20길,3249,1673,1576,431,384,396,555,646,837,224,225,207,305,339,373,207,159,189,250,307,464
2016_3,학동로77길,2433,1161,1272,545,297,481,517,302,291,310,142,194,237,146,132,235,155,287,280,156,159
2016_3,학동로6길,1651,732,919,128,348,491,262,160,262,66,140,222,116,75,113,62,208,269,146,85,149
2016_3,학동로56길,422,215,207,100,47,51,79,43,102,54,29,27,33,25,47,46,18,24,46,18,55
2016_3,학동로38길,1550,710,840,167,284,432,253,172,242,77,119,212,129,76,97,90,165,220,124,96,145
2016_3,테헤란로81길,440,206,234,37,71,87,73,62,110,21,36,41,33,29,46,16,35,46,40,33,64
2016_3,일원로9길,3414,1662,1752,570,635,582,517,546,564,315,300,282,251,257,257,255,335,300,266,289,307
2016_3,일원로3길,2398,1201,1197,441,387,398,367,393,412,251,206,197,177,182,188,190,181,201,190,211,224
2016_3,영동대로65길,2501,1253,1248,408,333,299,458,440,563,244,184,149,203,224,249,164,149,150,255,216,314
2016_3,영동대로112길,2777,1355,1422,484,429,483,494,415,472,271,233,212,226,189,224,213,196,271,268,226,248
2016_3,언주로81길,3621,1780,1841,400,648,1014,651,467,441,197,281,498,364,240,200,203,367,516,287,227,241
2016_3,압구정로2길,1077,489,588,162,180,265,180,126,164,85,88,96,87,60,73,77,92,169,93,66,91
2016_3,선릉로18길,1758,878,880,289,258,263,264,337,347,153,150,125,128,168,154,136,108,138,136,169,193
2016_3,선릉로146길,2239,1041,1198,302,393,496,408,284,356,160,151,235,209,132,154,142,242,261,199,152,202
2016_3,선릉로133길,1597,727,870,211,285,374,260,187,280,116,108,173,118,87,125,95,177,201,142,100,155
2016_3,선릉로132길,2398,1103,1295,485,326,460,447,306,374,252,142,175,222,150,162,233,184,285,225,156,212
2016_3,선릉로121길,833,386,447,84,140,217,151,99,142,40,71,89,80,42,64,44,69,128,71,57,78
2016_3,삼성로75길,2503,1220,1283,428,413,471,490,333,368,256,211,212,205,165,171,172,202,259,285,168,197
2016_3,삼성로69길,3437,1667,1770,655,620,568,701,508,385,372,308,270,294,271,152,283,312,298,407,237,233
2016_3,삼성로64길,3095,1630,1465,835,429,225,795,515,296,537,241,99,343,284,126,298,188,126,452,231,170
2016_3,삼성로63길,4265,2033,2232,779,740,635,906,713,492,429,355,277,396,358,218,350,385,358,510,355,274
2016_3,삼성로57길,1769,916,853,535,226,112,452,305,139,328,112,48,184,179,65,207,114,64,268,126,74
2016_3,삼성로147길,1281,578,703,177,227,254,214,179,230,87,98,113,98,85,97,90,129,141,116,94,133
2016_3,삼성로115길,2869,1346,1523,530,397,646,542,337,417,302,195,267,242,157,183,228,202,379,300,180,234
2016_3,봉은사로68길,1567,718,849,183,243,487,262,147,245,92,106,210,132,75,103,91,137,277,130,72,142
2016_3,봉은사로57길,564,272,292,96,93,101,121,77,76,54,45,51,52,37,33,42,48,50,69,40,43
2016_3,봉은사로43길,3317,1587,1730,580,491,733,607,383,523,317,227,330,282,197,234,263,264,403,325,186,289
2016_3,봉은사로29길,1277,591,686,117,264,365,212,154,165,53,120,159,113,66,80,64,144,206,99,88,85
2016_3,봉은사로109길,2250,1097,1153,432,311,373,384,351,399,231,147,187,170,167,195,201,164,186,214,184,204
2016_3,도산대로89길,564,269,295,68,105,116,86,88,101,39,41,62,37,40,50,29,64,54,49,48,51
2016_3,도산대로81길,488,228,260,90,56,69,90,51,132,47,24,29,33,29,66,43,32,40,57,22,66
2016_3,도산대로50길,2395,1112,1283,353,344,516,370,298,514,179,162,219,189,137,226,174,182,297,181,161,288
2016_3,도산대로38길,1061,456,605,92,204,347,159,112,147,45,75,151,81,41,63,47,129,196,78,71,84
2016_3,도산대로30길,877,410,467,83,156,225,154,96,163,43,62,113,78,42,72,40,94,112,76,54,91
2016_3,도산대로23길,1408,617,791,173,300,341,216,189,189,79,127,153,92,76,90,94,173,188,124,113,99
2016_3,도산대로15길,879,395,484,120,154,226,142,107,130,59,59,101,64,52,60,61,95,125,78,55,70
2016_3,도곡로37길,6028,2778,3250,785,944,1515,1029,766,989,400,407,685,494,357,435,385,537,830,535,409,554
2016_3,논현로8길,3571,1778,1793,648,527,679,664,532,521,329,273,370,315,271,220,319,254,309,349,261,301
2016_3,논현로63길,2740,1300,1440,368,447,680,442,367,436,197,195,311,222,164,211,171,252,369,220,203,225
2016_3,논현로28길,79,47,32,10,10,11,11,12,25,6,9,5,6,6,15,4,1,6,5,6,10
2016_3,논현로26길,1279,596,683,135,218,230,219,201,276,73,88,105,110,89,131,62,130,125,109,112,145
2016_3,논현로159길,508,229,279,59,92,117,82,70,88,33,40,55,33,28,40,26,52,62,49,42,48
2016_3,논현로139길,1492,713,779,179,223,370,236,197,287,91,103,177,118,89,135,88,120,193,118,108,152
2016_3,논현로123길,2182,1021,1161,114,378,613,461,296,320,59,169,262,241,159,131,55,209,351,220,137,189
2016_3,논현로115길,3484,1674,1810,297,692,1039,542,419,495,145,313,495,297,197,227,152,379,544,245,222,268
2016_3,논현로10길,1508,745,763,282,200,260,330,224,212,144,94,145,144,119,99,138,106,115,186,105,113
2016_3,논현로106길,2077,870,1207,156,370,773,300,205,273,71,137,298,154,89,121,85,233,475,146,116,152
2016_3,남부순환로365길,2477,1192,1285,469,353,372,461,417,405,237,172,178,215,207,183,232,181,194,246,210,222
2016_3,개포로82길,32,23,9,2,3,6,6,9,6,1,1,5,4,7,5,1,2,1,2,2,1
2016_3,개포로28길,1982,958,1024,423,270,333,398,295,263,204,139,165,185,147,118,219,131,168,213,148,145
2016_3,개포로20길,2384,1156,1228,352,441,429,427,420,315,173,224,214,205,202,138,179,217,215,222,218,177
2016_3,개포로17길,3672,1815,1857,659,485,682,669,603,574,350,255,333,311,299,267,309,230,349,358,304,307
2016_3,강남대로140길,1874,849,1025,193,321,471,272,299,318,96,141,216,128,122,146,97,180,255,144,177,172
2016_3,강남대로136길,1284,581,703,150,184,282,208,180,280,79,83,110,97,75,137,71,101,172,111,105,143
2016_3,강남대로118길,1506,654,852,125,327,465,235,157,197,61,129,192,119,67,86,64,198,273,116,90,111
2016_3,서초중앙로8길,2166,1060,1106,360,338,381,360,318,409,175,172,189,177,151,196,185,166,192,183,167,213
2016_3,방배중앙로21길,2212,1014,1198,428,320,322,432,364,346,191,135,144,200,179,165,237,185,178,232,185,181
2016_3,효령로72길,2200,1103,1097,445,253,485,401,306,310,231,132,233,213,141,153,214,121,252,188,165,157
2016_3,효령로34길,1546,761,785,238,163,297,276,232,340,130,86,145,135,116,149,108,77,152,141,116,191
2016_3,효령로31길,1874,867,1007,268,250,441,327,218,370,145,105,208,157,92,160,123,145,233,170,126,210
2016_3,효령로23길,4408,2070,2338,713,717,866,736,646,730,385,334,389,331,295,336,328,383,477,405,351,394
2016_3,청두곶길,3912,1882,2030,610,571,701,656,561,813,323,268,351,308,261,371,287,303,350,348,300,442
2016_3,주흥길,3632,1749,1883,218,809,1106,586,437,476,115,342,529,324,218,221,103,467,577,262,219,255
2016_3,주흥15길,2480,1177,1303,181,469,722,403,297,408,89,198,341,225,155,169,92,271,381,178,142,239
2016_3,언남길,2128,1076,1052,325,310,468,393,309,323,174,154,234,219,158,137,151,156,234,174,151,186
2016_3,신반포로45길,2838,1348,1490,351,459,662,480,385,501,188,193,309,234,181,243,163,266,353,246,204,258
2016_3,서초대로8길,4309,2078,2231,597,664,683,649,710,1006,308,344,345,314,309,458,289,320,338,335,401,548
2016_3,서초대로64길,1416,699,717,326,184,246,266,210,184,188,87,109,131,97,87,138,97,137,135,113,97
2016_3,서초대로4길,3334,1564,1770,573,528,584,566,483,600,284,237,291,267,214,271,289,291,293,299,269,329
2016_3,서초대로25길,1169,555,614,206,168,223,196,168,208,119,78,99,90,75,94,87,90,124,106,93,114
2016_3,서초대로23길,2743,1302,1441,406,373,525,477,418,544,213,173,251,221,208,236,193,200,274,256,210,308
2016_3,서초대로15길,3852,1751,2101,655,578,813,646,516,644,307,259,348,306,255,276,348,319,465,340,261,368
2016_3,사평대로57길,1227,558,669,69,302,333,183,162,178,38,124,150,97,70,79,31,178,183,86,92,99
2016_3,사평대로26길,235,97,138,39,33,37,32,31,63,18,12,15,14,8,30,21,21,22,18,23,33
2016_3,사평대로22길,1662,770,892,332,206,317,299,247,261,171,102,134,134,109,120,161,104,183,165,138,141
2016_3,사임당로17길,1097,511,586,159,188,233,162,160,195,76,100,110,76,66,83,83,88,123,86,94,112
2016_3,방배로42길,1001,453,548,232,124,180,186,125,154,106,52,85,90,56,64,126,72,95,96,69,90
2016_3,방배로35길,1894,896,998,377,262,253,379,297,326,184,122,118,173,150,149,193,140,135,206,147,177
2016_3,방배로18길,1511,711,800,205,247,377,236,182,264,109,109,185,112,83,113,96,138,192,124,99,151
2016_3,반포대로9길,1742,849,893,297,270,245,330,280,320,164,140,127,146,132,140,133,130,118,184,148,180
2016_3,바우뫼로39길,1681,791,890,241,283,359,235,245,318,130,124,175,115,112,135,111,159,184,120,133,183
2016_3,마방로2길,1582,794,788,235,229,368,262,203,285,118,117,192,136,95,136,117,112,176,126,108,149
2016_3,방배천로4안길,1227,562,665,160,231,282,170,181,203,89,97,121,86,79,90,71,134,161,84,102,113
2016_3,동산로19길,2031,1027,1004,295,313,484,397,274,268,151,169,253,204,135,115,144,144,231,193,139,153
2016_3,동산로10길,3408,1688,1720,556,521,666,616,483,566,298,256,350,306,227,251,258,265,316,310,256,315
2016_3,동광로39길,1413,633,780,258,182,248,256,210,259,131,73,107,112,106,104,127,109,141,144,104,155
2016_3,동광로1길,3439,1601,1838,635,493,607,697,523,484,311,217,315,307,259,192,324,276,292,390,264,292
2016_3,동광로12길,1441,640,801,304,204,208,266,223,236,127,86,96,118,109,104,177,118,112,148,114,132
2016_3,논현로27길,1936,941,995,208,285,488,344,268,343,118,141,241,172,118,151,90,144,247,172,150,192
2016_3,논현로1길,3175,1553,1622,545,482,669,576,502,401,276,236,338,293,234,176,269,246,331,283,268,225
2016_3,남부순환로339길,1500,737,763,265,219,320,276,184,236,131,112,169,132,84,109,134,107,151,144,100,127
2016_3,남부순환로325길,2534,1228,1306,401,385,376,429,423,520,200,184,183,207,207,247,201,201,193,222,216,273
2016_3,남부순환로317길,1487,730,757,290,248,220,270,227,232,166,131,99,124,111,99,124,117,121,146,116,133
2016_3,고무래로8길,1272,607,665,254,145,228,223,182,240,132,68,106,114,77,110,122,77,122,109,105,130
2016_3,강남대로8길,3666,1807,1859,491,655,845,584,549,542,253,290,455,295,271,243,238,365,390,289,278,299
2016_3,강남대로34길,2686,1256,1430,306,455,710,371,362,482,150,205,362,174,161,204,156,250,348,197,201,278
2016_3,강남대로23길,960,470,490,116,148,213,138,139,206,64,64,101,73,62,106,52,84,112,65,77,100
2016_3,소담길,882,488,394,57,52,108,187,185,293,38,23,51,122,111,143,19,29,57,65,74,150
2016_3,원신길,1440,720,720,171,185,214,202,265,403,93,83,129,104,138,173,78,102,85,98,127,230
2016_3,양지길,1949,993,956,235,220,240,312,345,597,113,123,133,191,176,257,122,97,107,121,169,340
2016_3,양산길,1666,845,821,172,269,359,259,229,378,97,142,210,136,101,159,75,127,149,123,128,219
2016_3,호암로24길,2424,1549,875,99,671,665,425,216,348,53,403,472,318,141,162,46,268,193,107,75,186
2016_3,호암로20길,2834,1816,1018,156,760,741,471,308,398,92,478,517,356,181,192,64,282,224,115,127,206
2016_3,행운길,4951,2467,2484,386,1488,1372,560,450,695,200,669,769,305,202,322,186,819,603,255,248,373
2016_3,행운1길,3232,1668,1564,329,581,558,459,506,799,173,307,304,246,259,379,156,274,254,213,247,420
2016_3,청림3길,2729,1363,1366,388,314,473,417,423,714,201,161,250,243,207,301,187,153,223,174,216,413
2016_3,청룡길,3411,1639,1772,229,1101,783,397,366,535,117,467,417,210,177,251,112,634,366,187,189,284
2016_3,청룡8길,1870,897,973,250,352,378,269,233,388,130,156,197,136,108,170,120,196,181,133,125,218
2016_3,중앙길,3108,1523,1585,379,597,553,463,422,694,181,288,299,256,211,288,198,309,254,207,211,406
2016_3,조원중앙로2길,4423,2254,2169,542,689,753,708,791,940,278,335,429,383,400,429,264,354,324,325,391,511
2016_3,조원로18길,1882,950,932,186,486,468,241,206,295,99,223,269,126,98,135,87,263,199,115,108,160
2016_3,조원로10길,1805,929,876,165,292,382,258,318,390,86,155,201,133,166,188,79,137,181,125,152,202
2016_3,장군봉2길,1773,860,913,174,381,404,205,240,369,93,174,216,111,104,162,81,207,188,94,136,207
2016_3,장군봉1길,776,375,401,79,105,117,113,126,236,42,45,61,66,62,99,37,60,56,47,64,137
2016_3,인헌길,2994,1463,1531,406,419,634,479,396,660,219,202,320,236,182,304,187,217,314,243,214,356
2016_3,은천로25길,1462,712,750,281,170,280,231,212,288,134,100,140,120,103,115,147,70,140,111,109,173
2016_3,양녕로6길,4435,2209,2226,436,936,881,572,644,966,214,448,481,306,317,443,222,488,400,266,327,523
2016_3,신원로3길,2729,1362,1367,214,543,489,363,432,688,100,275,270,210,214,293,114,268,219,153,218,395
2016_3,신사로20길,1899,973,926,176,413,410,297,247,356,96,215,218,149,125,170,80,198,192,148,122,186
2016_3,신림로65길,1977,952,1025,83,750,564,215,181,184,43,320,305,112,86,86,40,430,259,103,95,98
2016_3,신림로64길,1483,798,685,51,528,420,183,137,164,30,230,242,116,93,87,21,298,178,67,44,77
2016_3,신림로48길,2166,1126,1040,192,465,485,291,342,391,102,249,286,167,147,175,90,216,199,124,195,216
2016_3,신림로38길,2119,1083,1036,231,442,460,301,286,399,129,223,251,168,127,185,102,219,209,133,159,214
2016_3,신림로28길,3021,1780,1241,257,784,724,459,374,423,134,458,488,291,204,205,123,326,236,168,170,218
2016_3,신림로11길,4682,2839,1843,378,1190,1075,744,584,711,180,746,725,508,347,333,198,444,350,236,237,378
2016_3,신림동길,4074,2067,2007,162,1421,1201,479,333,478,85,642,695,268,173,204,77,779,506,211,160,274
2016_3,승방길,2778,1325,1453,219,743,726,301,351,438,111,302,391,144,159,218,108,441,335,157,192,220
2016_3,서림7길,4141,2715,1426,232,1503,1087,524,329,466,129,997,785,397,181,226,103,506,302,127,148,240
2016_3,봉천로33길,3915,1965,1950,479,616,772,584,548,916,264,304,394,320,258,425,215,312,378,264,290,491
2016_3,봉천로13길,3818,1912,1906,587,562,657,588,582,842,323,282,351,301,277,378,264,280,306,287,305,464
2016_3,복은길,4323,2321,2002,464,954,945,622,560,778,235,522,564,366,282,352,229,432,381,256,278,426
2016_3,법원단지길,1447,712,735,222,217,213,239,254,302,108,100,121,117,125,141,114,117,92,122,129,161
2016_3,법원단지9길,5523,2783,2740,929,811,792,959,941,1091,497,448,413,477,444,504,432,363,379,482,497,587
2016_3,미성5길,4976,2521,2455,792,771,738,829,849,997,415,393,408,408,427,470,377,378,330,421,422,527
2016_3,대학길,1770,1079,691,111,501,428,269,171,290,53,309,283,202,106,126,58,192,145,67,65,164
2016_3,대학14길,2985,2061,924,187,847,634,567,367,383,104,577,469,454,262,195,83,270,165,113,105,188
2016_3,당곡길,1895,935,960,223,314,351,318,277,412,110,160,174,164,137,190,113,154,177,154,140,222
2016_3,남현길,2003,948,1055,255,389,425,274,263,397,133,173,199,138,120,185,122,216,226,136,143,212
2016_3,남현3길,1185,525,660,96,328,326,119,121,195,43,132,154,55,56,85,53,196,172,64,65,110
2016_3,남현2길,2729,1321,1408,256,580,631,341,398,523,131,261,335,186,175,233,125,319,296,155,223,290
2016_3,남부순환로248길,1428,662,766,149,287,293,196,189,314,78,127,134,95,88,140,71,160,159,101,101,174
2016_3,남부순환로234길,2010,1061,949,167,511,475,264,220,373,73,288,275,137,108,180,94,223,200,127,112,193
2016_3,남부순환로172길,2468,1268,1200,302,471,440,403,364,488,155,260,255,183,179,236,147,211,185,220,185,252
2016_3,남부순환로161길,4016,2035,1981,564,722,690,698,644,698,296,361,390,330,339,319,268,361,300,368,305,379
2016_3,남부순환로151길,3479,1736,1743,421,739,679,538,537,565,226,358,365,267,254,266,195,381,314,271,283,299
2016_3,남부순환로142길,3374,1675,1699,431,587,633,521,538,664,211,289,341,269,272,293,220,298,292,252,266,371
2016_3,난향길,2692,1392,1300,343,320,311,475,432,811,174,170,184,260,228,376,169,150,127,215,204,435
2016_3,난우길,2504,1254,1250,421,329,378,433,408,535,210,172,209,207,214,242,211,157,169,226,194,293
2016_3,난곡로74길,1850,878,972,189,419,378,279,230,355,111,178,184,140,111,154,78,241,194,139,119,201
2016_3,난곡로34길,2657,1359,1298,380,418,376,439,520,524,204,214,208,235,257,241,176,204,168,204,263,283
2016_3,난곡로26길,3588,1835,1753,477,526,479,605,648,853,251,267,286,312,347,372,226,259,193,293,301,481
2016_3,난곡로24길,2636,1380,1256,360,313,371,429,461,702,191,178,215,234,234,328,169,135,156,195,227,374
2016_3,낙성대역길,5208,2623,2585,553,1480,1316,654,460,745,265,723,719,355,231,330,288,757,597,299,229,415
2016_3,국회단지길,5536,2728,2808,895,728,981,939,850,1143,432,371,522,495,382,526,463,357,459,444,468,617
2016_3,구암길,6420,3121,3299,1061,1091,1062,1042,902,1262,543,513,540,525,454,546,518,578,522,517,448,716
2016_3,관천로22길,4343,2167,2176,437,966,1044,573,520,803,211,477,582,303,245,349,226,489,462,270,275,454
2016_3,관천로15길,4695,2368,2327,688,792,873,796,697,849,360,411,479,394,332,392,328,381,394,402,365,457
2016_3,관악로30길,2775,1381,1394,465,388,455,439,418,610,228,207,230,231,204,281,237,181,225,208,214,329
2016_3,관악로28길,2189,1073,1116,331,311,367,336,352,492,164,158,179,177,162,233,167,153,188,159,190,259
2016_3,관악로14길,1310,621,689,102,464,228,144,132,240,47,218,117,71,64,104,55,246,111,73,68,136
2016_3,관악로10길,4446,2260,2186,527,1137,937,624,502,719,271,565,534,332,242,316,256,572,403,292,260,403
2016_3,흑석로9길,1932,989,943,196,562,299,244,240,391,100,329,161,122,109,168,96,233,138,122,131,223
2016_3,흑석로13길,633,340,293,82,122,97,95,92,145,44,75,55,56,43,67,38,47,42,39,49,78
2016_3,장승배기로27길,2498,1291,1207,221,474,415,340,417,631,128,253,229,187,215,279,93,221,186,153,202,352
2016_3,장승배기로19길,2639,1334,1305,246,408,364,382,526,713,130,218,201,203,271,311,116,190,163,179,255,402
2016_3,장승배기로10길,302,149,153,36,48,43,44,51,80,18,27,21,21,24,38,18,21,22,23,27,42
2016_3,여의대방로46길,2488,1156,1332,635,371,292,551,357,282,280,158,131,263,196,128,355,213,161,288,161,154
2016_3,여의대방로24길,2798,1356,1442,422,445,546,455,414,516,214,188,265,223,220,246,208,257,281,232,194,270
2016_3,여의대방로22카길,3072,1544,1528,409,586,593,480,433,571,222,283,319,232,217,271,187,303,274,248,216,300
2016_3,여의대방로22나길,2690,1315,1375,455,345,492,460,390,548,234,160,253,245,188,235,221,185,239,215,202,313
2016_3,여의대방로22길,2390,1200,1190,341,409,493,375,336,436,190,199,262,194,159,196,151,210,231,181,177,240
2016_3,양녕로26길,1858,908,950,323,259,340,293,291,352,169,120,171,152,138,158,154,139,169,141,153,194
2016_3,신대방길,4081,1982,2099,478,611,625,685,711,971,246,299,339,322,351,425,232,312,286,363,360,546
2016_3,성대로29길,2123,1027,1096,317,291,355,371,337,452,159,159,180,184,166,179,158,132,175,187,171,273
2016_3,성대로1길,1075,556,519,108,204,214,158,171,220,61,104,109,86,94,102,47,100,105,72,77,118
2016_3,서달로8가길,450,217,233,40,72,58,56,85,139,15,40,27,33,44,58,25,32,31,23,41,81
2016_3,서달로15길,387,186,201,39,45,69,42,66,126,21,21,34,26,33,51,18,24,35,16,33,75
2016_3,서달로14길,261,119,142,38,46,37,37,35,68,17,20,20,16,16,30,21,26,17,21,19,38
2016_3,서달로10길,2957,1450,1507,363,437,459,478,490,730,183,241,244,241,243,298,180,196,215,237,247,432
2016_3,상도로62길,1349,667,682,140,427,295,169,123,195,64,219,154,93,53,84,76,208,141,76,70,111
2016_3,상도로61길,2393,1225,1168,276,700,453,274,278,412,136,400,241,135,125,188,140,300,212,139,153,224
2016_3,상도로47길,3653,1882,1771,459,1058,645,415,443,633,238,607,336,208,217,276,221,451,309,207,226,357
2016_3,상도로37길,1295,621,674,165,346,240,169,152,223,77,169,123,80,71,101,88,177,117,89,81,122
2016_3,상도로15길,3946,1922,2024,418,784,879,528,565,772,222,392,447,263,257,341,196,392,432,265,308,431
2016_3,사당로8길,2645,1283,1362,328,424,556,416,384,537,167,212,277,217,177,233,161,212,279,199,207,304
2016_3,사당로30길,1032,485,547,85,195,274,151,117,210,49,88,125,86,46,91,36,107,149,65,71,119
2016_3,사당로2차길,2672,1276,1396,424,391,532,466,333,526,224,161,268,238,147,238,200,230,264,228,186,288
2016_3,사당로29길,2664,1289,1375,279,436,530,391,473,555,141,223,255,198,234,238,138,213,275,193,239,317
2016_3,사당로26길,3016,1449,1567,307,607,709,358,435,600,168,271,366,176,197,271,139,336,343,182,238,329
2016_3,사당로23나길,984,513,471,138,129,162,150,159,246,75,78,92,79,77,112,63,51,70,71,82,134
2016_3,사당로23길,753,357,396,141,96,125,130,117,144,70,43,56,63,57,68,71,53,69,67,60,76
2016_3,사당로20길,2750,1302,1448,323,467,542,429,375,614,159,213,277,222,161,270,164,254,265,207,214,344
2016_3,사당로16길,3144,1509,1635,371,412,581,501,497,782,177,194,317,260,240,321,194,218,264,241,257,461
2016_3,사당로16가길,2196,1050,1146,256,371,434,347,314,474,126,179,208,181,149,207,130,192,226,166,165,267
2016_3,만양로8길,3724,1957,1767,568,724,647,508,517,760,307,438,374,259,237,342,261,286,273,249,280,418
2016_3,만양로14길,979,599,380,50,375,213,91,78,172,31,254,152,58,34,70,19,121,61,33,44,102
2016_3,등용로14길,2043,1017,1026,214,386,348,286,347,462,115,203,192,147,171,189,99,183,156,139,176,273
2016_3,동작대로7길,3388,1625,1763,243,784,805,392,487,677,123,359,402,205,220,316,120,425,403,187,267,361
2016_3,동작대로35길,2806,1410,1396,351,408,511,418,474,644,191,191,279,229,230,290,160,217,232,189,244,354
2016_3,동작대로33길,2615,1222,1393,271,407,478,391,424,644,150,196,229,187,179,281,121,211,249,204,245,363
2016_3,동작대로29길,864,418,446,107,140,144,121,122,230,54,75,68,58,58,105,53,65,76,63,64,125
2016_3,동작대로17길,2477,1149,1328,226,425,576,353,356,541,115,162,274,190,162,246,111,263,302,163,194,295
2016_3,대방동2길,3382,1568,1814,568,648,603,566,451,546,289,281,276,262,208,252,279,367,327,304,243,294
2016_3,대방동27길,4044,2014,2030,784,691,643,827,501,598,414,346,323,425,240,266,370,345,320,402,261,332
2016_3,노량진로6길,3444,1773,1671,407,595,472,536,667,767,211,315,281,286,324,356,196,280,191,250,343,411
2016_3,국사봉길,3929,1914,2015,558,625,848,573,533,792,287,308,448,291,226,354,271,317,400,282,307,438
2016_3,국사봉2길,1324,632,692,155,246,314,188,178,243,81,110,153,90,91,107,74,136,161,98,87,136
2016_3,국사봉1길,3208,1503,1705,361,542,614,510,447,734,186,232,295,247,213,330,175,310,319,263,234,404
2016_3,영신로9길,2864,1486,1378,284,402,542,424,525,687,151,216,291,235,266,327,133,186,251,189,259,360
2016_3,영등포로84길,2628,1353,1275,228,507,484,418,399,592,110,228,293,241,212,269,118,279,191,177,187,323
2016_3,영등포로80길,2223,1127,1096,227,358,383,330,383,542,125,175,221,182,192,232,102,183,162,148,191,310
2016_3,영등포로62길,1705,917,788,170,286,387,242,236,384,83,153,236,138,121,186,87,133,151,104,115,198
2016_3,영등포로35길,1208,705,503,98,220,231,177,205,277,51,114,139,117,136,148,47,106,92,60,69,129
2016_3,영등포로27길,1818,1004,814,163,271,370,273,316,425,87,134,233,173,184,193,76,137,137,100,132,232
2016_3,영등포로25길,1759,886,873,167,318,274,267,309,424,69,153,152,153,163,196,98,165,122,114,146,228
2016_3,여의대방로61길,2383,1215,1168,270,322,522,373,364,532,136,162,291,209,175,242,134,160,231,164,189,290
2016_3,여의대방로43나길,3629,1826,1803,487,545,543,625,678,751,260,279,298,314,339,336,227,266,245,311,339,415
2016_3,여의대방로39길,524,246,278,55,69,78,75,105,142,32,28,38,37,48,63,23,41,40,38,57,79
2016_3,여의대방로35길,1860,942,918,243,242,265,300,314,496,135,125,146,149,158,229,108,117,119,151,156,267
2016_3,양평로28길,3722,1905,1817,598,585,891,575,541,532,298,281,484,304,295,243,300,304,407,271,246,289
2016_3,양평로22라길,1489,745,744,211,235,462,251,157,173,114,98,249,127,86,71,97,137,213,124,71,102
2016_3,양평로19길,3263,1636,1627,619,447,603,558,483,553,317,233,313,295,237,241,302,214,290,263,246,312
2016_3,신길로60길,3255,1598,1657,367,407,505,489,611,876,176,202,255,253,313,399,191,205,250,236,298,477
2016_3,신길로42길,2857,1431,1426,360,407,355,468,562,705,182,211,209,235,287,307,178,196,146,233,275,398
2016_3,신길로42가길,4781,2377,2404,640,656,639,838,855,1153,329,343,353,409,437,506,311,313,286,429,418,647
2016_3,신길로39길,1999,998,1001,272,235,214,369,381,528,146,123,124,175,194,236,126,112,90,194,187,292
2016_3,신길로17길,2532,1242,1290,308,339,336,393,500,656,165,186,178,182,247,284,143,153,158,211,253,372
2016_3,선유서로28길,1143,598,545,159,124,182,183,190,305,94,76,99,97,93,139,65,48,83,86,97,166
2016_3,선유서로25길,2996,1551,1445,410,409,671,502,385,619,215,198,360,307,192,279,195,211,311,195,193,340
2016_3,선유서로24길,1406,717,689,148,123,180,204,267,484,72,70,99,121,148,207,76,53,81,83,119,277
2016_3,선유로55길,2773,1393,1380,226,604,707,368,385,483,113,252,366,198,231,233,113,352,341,170,154,250
2016_3,디지털로74길,897,505,392,174,105,117,116,153,232,137,64,59,66,71,108,37,41,58,50,82,124
2016_3,디지털로57길,1707,831,876,180,186,235,302,324,480,101,89,108,158,169,206,79,97,127,144,155,274
2016_3,디지털로37길,1672,823,849,193,150,180,308,306,535,98,76,102,143,155,249,95,74,78,165,151,286
2016_3,도신로62길,1677,828,849,214,230,214,264,303,452,108,130,124,136,137,193,106,100,90,128,166,259
2016_3,도신로60길,759,379,380,84,88,96,121,130,240,43,43,56,67,57,113,41,45,40,54,73,127
2016_3,도신로29길,1711,865,846,251,240,249,305,288,378,148,117,125,155,144,176,103,123,124,150,144,202
2016_3,도신로15길,3260,1636,1624,324,638,717,432,516,633,184,275,385,233,254,305,140,363,332,199,262,328
2016_3,도림천로21길,1980,988,992,202,285,323,296,353,521,111,144,178,140,164,251,91,141,145,156,189,270
2016_3,도림로63길,1828,957,871,279,212,228,325,343,441,159,117,127,162,182,210,120,95,101,163,161,231
2016_3,도림로147길,399,213,186,21,54,53,47,64,160,12,25,26,33,33,84,9,29,27,14,31,76
2016_3,도림로112길,2381,1198,1183,289,264,352,448,399,629,138,128,196,240,210,286,151,136,156,208,189,343
2016_3,대림로8길,3197,1593,1604,378,464,457,545,547,806,188,241,241,287,267,369,190,223,216,258,280,437
2016_3,대림로7길,1155,553,602,124,149,153,169,243,317,60,68,84,76,124,141,64,81,69,93,119,176
2016_3,대림로44길,2354,1237,1117,374,339,311,450,449,431,213,179,166,226,247,206,161,160,145,224,202,225
2016_3,대림로34길,2612,1336,1276,429,357,304,470,503,549,226,185,171,250,259,245,203,172,133,220,244,304
2016_3,대림로31길,2672,1392,1280,308,336,409,478,537,604,157,181,234,244,288,288,151,155,175,234,249,316
2016_3,대림로29길,2190,1155,1035,195,297,409,335,413,541,103,162,239,182,222,247,92,135,170,153,191,294
2016_3,대림로22길,3723,1889,1834,522,479,438,635,734,915,264,260,251,324,365,425,258,219,187,311,369,490
2016_3,당산로46길,2230,1138,1092,190,494,483,285,326,452,90,236,279,149,175,209,100,258,204,136,151,243
2016_3,당산로38길,1482,696,786,144,440,424,182,133,159,73,185,224,89,54,71,71,255,200,93,79,88
2016_3,당산로37길,916,445,471,150,146,218,141,107,154,67,60,117,81,53,67,83,86,101,60,54,87
2016_3,당산로31길,871,450,421,109,143,171,133,117,198,55,61,99,79,59,97,54,82,72,54,58,101
2016_3,국회대로56길,2241,1351,890,108,658,691,251,226,307,56,360,458,182,138,157,52,298,233,69,88,150
2016_3,경인로90길,162,123,39,4,6,13,17,40,82,2,4,9,13,33,62,2,2,4,4,7,20
2016_3,경인로80길,146,82,64,9,11,21,22,23,60,4,7,15,15,15,26,5,4,6,7,8,34
2016_3,경인로77길,313,181,132,10,49,54,43,56,101,4,29,35,30,35,48,6,20,19,13,21,53
2016_3,가마산로61길,2056,1059,997,269,289,244,384,401,469,145,159,136,194,215,210,124,130,108,190,186,259
2016_3,시흥대로94길,3975,2018,1957,553,608,598,662,770,784,287,317,328,314,391,381,266,291,270,348,379,403
2016_3,시흥대로84길,5990,3023,2967,843,912,828,974,1185,1248,447,473,451,488,578,586,396,439,377,486,607,662
2016_3,시흥대로68길,2371,1213,1158,328,313,346,388,429,567,172,171,187,207,218,258,156,142,159,181,211,309
2016_3,시흥대로63길,1579,782,797,198,203,332,253,252,341,92,100,178,129,125,158,106,103,154,124,127,183
2016_3,시흥대로62가길,3257,1644,1613,463,456,440,547,638,713,235,265,238,273,313,320,228,191,202,274,325,393
2016_3,시흥대로36길,2103,1090,1013,326,276,286,357,396,462,161,156,143,195,213,222,165,120,143,162,183,240
2016_3,시흥대로22길,3188,1600,1588,492,411,503,480,538,764,253,217,270,257,250,353,239,194,233,223,288,411
2016_3,시흥대로153길,2106,1172,934,194,469,460,266,373,344,113,243,283,152,203,178,81,226,177,114,170,166
2016_3,시흥대로150길,4019,2064,1955,554,509,590,656,763,947,271,280,327,347,380,459,283,229,263,309,383,488
2016_3,시흥대로141길,2179,1194,985,220,339,372,341,460,447,102,164,218,211,266,233,118,175,154,130,194,214
2016_3,시흥대로138길,619,326,293,83,53,88,97,123,175,44,31,49,54,61,87,39,22,39,43,62,88
2016_3,시흥대로120길,3468,1733,1735,459,492,507,585,681,744,226,248,260,302,349,348,233,244,247,283,332,396
2016_3,벚꽃로56길,1224,642,582,109,157,198,200,243,317,51,82,120,111,135,143,58,75,78,89,108,174
2016_3,범안로17길,1613,846,767,212,277,413,238,218,255,101,135,242,135,117,116,111,142,171,103,101,139
2016_3,범안로11길,1265,728,537,98,385,433,152,83,114,45,185,280,111,51,56,53,200,153,41,32,58
2016_3,문성로5길,3256,1638,1618,390,464,493,542,644,723,198,238,281,273,316,332,192,226,212,269,328,391
2016_3,독산로85길,540,259,281,81,60,74,107,107,111,43,29,39,53,50,45,38,31,35,54,57,66
2016_3,독산로78다길,3318,1703,1615,473,480,431,569,664,701,234,264,239,287,355,324,239,216,192,282,309,377
2016_3,독산로70길,2831,1442,1389,317,360,358,555,608,633,160,179,199,287,336,281,157,181,159,268,272,352
2016_3,독산로64길,2396,1221,1175,334,346,312,412,531,461,172,195,170,200,280,204,162,151,142,212,251,257
2016_3,독산로50길,1971,979,992,295,281,306,272,386,431,149,139,161,130,180,220,146,142,145,142,206,211
2016_3,독산로40길,2734,1357,1377,414,368,413,430,506,603,206,196,223,221,242,269,208,172,190,209,264,334
2016_3,독산로108길,1813,954,859,219,275,308,296,358,357,122,138,181,145,199,169,97,137,127,151,159,188
2016_3,남부순환로112길,2360,1395,965,125,606,536,344,390,359,51,301,371,227,244,201,74,305,165,117,146,158
2016_3,금하로24길,4512,2310,2202,660,590,557,771,842,1092,345,311,313,395,456,490,315,279,244,376,386,602
2016_3,금하로1길,2130,1087,1043,342,295,273,417,351,452,160,154,173,210,186,204,182,141,100,207,165,248
2016_3,금하로14길,1872,922,950,257,252,254,313,340,456,127,125,136,152,169,213,130,127,118,161,171,243
2016_3,가산로5길,2902,1769,1133,184,785,843,377,361,352,105,445,557,249,222,191,79,340,286,128,139,161
2016_3,가산로3길,982,617,365,58,290,316,140,90,88,17,167,229,104,53,47,41,123,87,36,37,41
2016_3,중앙로1길,1201,601,600,204,184,208,181,191,233,105,94,109,91,96,106,99,90,99,90,95,127
2016_3,중앙로15길,1363,690,673,254,169,205,219,230,286,135,83,103,124,112,133,119,86,102,95,118,153
2016_3,우마길,1063,596,467,82,122,102,189,276,292,44,62,62,118,165,145,38,60,40,71,111,147
2016_3,오류로8길,2167,1083,1084,309,267,315,297,360,619,173,131,170,160,179,270,136,136,145,137,181,349
2016_3,신도림로13길,607,304,303,58,86,80,88,126,169,25,47,37,51,67,77,33,39,43,37,59,92
2016_3,새말로18길,2778,1358,1420,385,458,601,405,394,535,201,209,298,201,188,261,184,249,303,204,206,274
2016_3,부일로1길,627,335,292,64,68,107,95,110,183,37,40,57,60,57,84,27,28,50,35,53,99
2016_3,부일로15길,1211,603,608,183,176,186,212,186,268,101,90,97,102,93,120,82,86,89,110,93,148
2016_3,부일로11길,1156,580,576,212,164,165,209,199,207,114,94,87,97,98,90,98,70,78,112,101,117
2016_3,디지털로32길,1513,828,685,37,497,587,184,103,105,19,213,346,125,69,56,18,284,241,59,34,49
2016_3,디지털로32가길,4762,2583,2179,113,1887,1810,448,227,277,63,811,1123,321,122,143,50,1076,687,127,105,134
2016_3,디지털로27길,916,493,423,102,103,113,143,182,273,44,59,64,79,106,141,58,44,49,64,76,132
2016_3,도림로6길,1540,778,762,191,184,215,259,308,383,97,89,127,145,163,157,94,95,88,114,145,226
2016_3,도림로12길,2038,985,1053,310,257,323,316,352,480,141,139,156,161,175,213,169,118,167,155,177,267
2016_3,남부순환로97길,1335,635,700,214,146,273,160,192,350,99,66,139,78,78,175,115,80,134,82,114,175
2016_3,구로중앙로8길,3208,1600,1608,379,366,477,498,618,870,203,194,242,250,302,409,176,172,235,248,316,461
2016_3,구로중앙로7길,708,344,364,73,58,89,99,137,252,34,29,45,56,65,115,39,29,44,43,72,137
2016_3,구로중앙로42길,969,511,458,136,141,139,145,168,240,73,79,80,80,87,112,63,62,59,65,81,128
2016_3,구로중앙로34길,1240,651,589,148,167,161,204,241,319,81,97,96,106,123,148,67,70,65,98,118,171
2016_3,구로중앙로28길,3463,1741,1722,481,518,637,614,547,666,246,222,345,337,293,298,235,296,292,277,254,368
2016_3,구로중앙로19길,893,453,440,104,118,95,143,176,257,53,57,58,77,99,109,51,61,37,66,77,148
2016_3,구로동로8길,6844,3437,3407,890,893,965,1102,1261,1733,481,512,507,566,594,777,409,381,458,536,667,956
2016_3,구로동로7길,2932,1558,1374,342,330,368,493,582,817,200,189,211,278,296,384,142,141,157,215,286,433
2016_3,구로동로42길,2051,1012,1039,285,229,260,378,339,560,139,116,135,199,169,254,146,113,125,179,170,306
2016_3,구로동로41길,2161,1104,1057,264,281,259,386,427,544,125,139,145,222,217,256,139,142,114,164,210,288
2016_3,구로동로38길,2150,1052,1098,299,265,220,377,423,566,135,145,116,194,223,239,164,120,104,183,200,327
2016_3,구로동로28길,1805,917,888,214,224,231,327,307,502,115,106,129,175,172,220,99,118,102,152,135,282
2016_3,구로동로15길,1109,582,527,129,128,130,164,249,309,72,78,77,82,134,139,57,50,53,82,115,170
2016_3,공원로6가길,1460,645,815,93,509,383,166,151,158,49,175,180,84,76,81,44,334,203,82,75,77
2016_3,고척로52길,3241,1595,1646,580,434,441,567,578,641,296,223,210,287,291,288,284,211,231,280,287,353
2016_3,고척로27다길,4605,2292,2313,752,652,621,830,818,932,375,351,314,413,418,421,377,301,307,417,400,511
2016_3,고척로27길,2530,1310,1220,366,352,329,429,462,592,197,184,173,225,251,280,169,168,156,204,211,312
2016_3,고척로21나길,2817,1469,1348,430,386,375,468,491,667,226,226,208,240,261,308,204,160,167,228,230,359
2016_3,경인로47길,899,429,470,153,127,121,130,157,211,65,59,61,67,79,98,88,68,60,63,78,113
2016_3,경인로35길,3214,1650,1564,402,402,380,495,635,900,197,210,200,279,334,430,205,192,180,216,301,470
2016_3,경인로31길,1989,1036,953,198,235,237,345,428,546,104,126,133,199,233,241,94,109,104,146,195,305
2016_3,경인로15길,3811,1909,1902,529,514,598,584,648,938,275,268,310,322,312,422,254,246,288,262,336,516
2016_3,개봉로3길,3015,1499,1516,488,381,520,511,487,628,246,204,280,262,229,278,242,177,240,249,258,350
2016_3,개봉로2길,1989,955,1034,334,236,349,302,331,437,177,117,173,144,146,198,157,119,176,158,185,239
2016_3,개봉로23가길,1170,574,596,181,118,234,171,172,294,81,60,118,97,84,134,100,58,116,74,88,160
2016_3,개봉로20길,3691,1783,1908,641,457,683,494,586,830,335,224,318,262,256,388,306,233,365,232,330,442
2016_3,개봉로1길,2167,1102,1065,360,271,352,383,352,449,184,150,205,195,169,199,176,121,147,188,183,250
2016_3,개봉로17다길,3307,1627,1680,502,444,565,526,535,735,248,211,292,263,258,355,254,233,273,263,277,380
2016_3,개봉로17길,5550,2723,2827,900,789,950,866,914,1131,470,407,474,436,426,510,430,382,476,430,488,621
2016_3,개봉로11길,5058,2489,2569,820,698,785,836,846,1073,438,362,386,413,389,501,382,336,399,423,457,572
2016_3,화곡로64길,3905,1901,2004,521,750,832,591,590,621,295,301,430,289,306,280,226,449,402,302,284,341
2016_3,화곡로59길,2112,1031,1081,339,345,340,321,416,351,185,172,168,139,201,166,154,173,172,182,215,185
2016_3,화곡로44나길,3249,1620,1629,476,477,703,538,488,567,259,224,392,265,229,251,217,253,311,273,259,316
2016_3,화곡로31길,4136,1970,2166,466,687,806,570,675,932,246,339,394,271,305,415,220,348,412,299,370,517
2016_3,화곡로20길,2347,1162,1185,321,323,426,364,409,504,169,165,232,177,182,237,152,158,194,187,227,267
2016_3,화곡로13길,3395,1669,1726,589,523,511,594,545,633,310,272,264,281,248,294,279,251,247,313,297,339
2016_3,초원로16길,3649,1851,1798,507,520,516,545,677,884,273,255,292,280,335,416,234,265,224,265,342,468
2016_3,초록마을로8길,5015,2479,2536,1010,665,1008,926,682,724,532,340,512,474,320,301,478,325,496,452,362,423
2016_3,초록마을로3길,2353,1194,1159,200,467,610,380,322,374,87,223,352,215,160,157,113,244,258,165,162,217
2016_3,월정로20길,1764,939,825,143,295,475,268,275,308,69,143,268,162,147,150,74,152,207,106,128,158
2016_3,우장산로6길,5389,2575,2814,1390,720,678,1168,776,657,659,342,320,549,393,312,731,378,358,619,383,345
2016_3,양천로73가길,2272,1173,1099,597,268,389,458,288,272,340,138,186,230,154,125,257,130,203,228,134,147
2016_3,양천로71길,5126,2504,2622,1327,642,690,1048,783,636,646,346,313,515,398,286,681,296,377,533,385,350
2016_3,양천로49길,1232,636,596,180,227,212,171,201,241,103,117,118,80,104,114,77,110,94,91,97,127
2016_3,양천로26길,1841,886,955,419,182,384,301,269,286,208,94,177,155,123,129,211,88,207,146,146,157
2016_3,양천로24길,3763,1911,1852,604,496,643,548,649,823,331,264,327,282,305,402,273,232,316,266,344,421
2016_3,양천로24가길,2932,1448,1484,525,340,533,527,440,567,257,173,279,270,207,262,268,167,254,257,233,305
2016_3,양천로14길,4706,2304,2402,856,609,716,765,766,994,433,302,368,399,356,446,423,307,348,366,410,548
2016_3,방화대로6라길,2480,1296,1184,379,286,507,482,384,442,197,144,283,272,194,206,182,142,224,210,190,236
2016_3,방화대로21길,2525,1304,1221,338,355,417,344,497,574,179,189,247,187,241,261,159,166,170,157,256,313
2016_3,등촌로5길,1549,754,795,217,225,311,219,248,329,117,113,167,105,108,144,100,112,144,114,140,185
2016_3,등촌로55길,2732,1309,1423,435,469,647,423,355,403,227,206,335,203,147,191,208,263,312,220,208,212
2016_3,등촌로51길,2208,1092,1116,387,336,348,330,393,414,201,181,167,159,177,207,186,155,181,171,216,207
2016_3,등촌로39길,3288,1651,1637,584,499,613,527,538,527,315,267,329,244,263,233,269,232,284,283,275,294
2016_3,등촌로13길,3803,1883,1920,560,493,757,625,629,739,297,256,401,318,281,330,263,237,356,307,348,409
2016_3,남부순환로11길,3929,2083,1846,608,506,813,667,615,720,318,257,452,387,322,347,290,249,361,280,293,373
2016_3,까치산로4길,4532,2183,2349,901,584,929,742,621,755,453,286,465,377,277,325,448,298,464,365,344,430
2016_3,국회대로7길,2404,1187,1217,293,353,426,369,416,547,139,194,235,187,187,245,154,159,191,182,229,302
2016_3,공항대로8길,3066,1551,1515,392,513,560,455,462,684,197,259,297,248,217,333,195,254,263,207,245,351
2016_3,공항대로61길,2124,1068,1056,438,274,429,388,287,308,240,133,214,197,140,144,198,141,215,191,147,164
2016_3,공항대로59다길,2813,1396,1417,517,375,409,484,501,527,269,190,191,244,254,248,248,185,218,240,247,279
2016_3,공항대로59길,1200,555,645,107,243,266,201,184,199,48,96,121,106,95,89,59,147,145,95,89,110
2016_3,공항대로55길,1901,965,936,327,251,304,317,322,380,172,135,172,158,155,173,155,116,132,159,167,207
2016_3,공항대로42길,1166,571,595,258,148,152,258,175,175,125,80,66,125,90,85,133,68,86,133,85,90
2016_3,공항대로38길,445,212,233,82,78,78,86,68,53,33,44,41,38,34,22,49,34,37,48,34,31
2016_3,곰달래로60길,1938,972,966,198,298,388,276,332,446,103,154,207,137,164,207,95,144,181,139,168,239
2016_3,곰달래로53길,3835,1882,1953,720,494,628,737,576,680,362,264,318,358,279,301,358,230,310,379,297,379
2016_3,곰달래로47길,4246,2060,2186,821,538,822,781,597,687,396,272,425,374,276,317,425,266,397,407,321,370
2016_3,곰달래로31길,3130,1514,1616,679,357,622,569,388,515,364,175,301,277,164,233,315,182,321,292,224,282
2016_3,곰달래로25길,2874,1373,1501,442,337,556,487,445,607,213,170,270,264,193,263,229,167,286,223,252,344
2016_3,개화동로25길,2113,1046,1067,219,485,375,280,309,445,104,225,213,147,158,199,115,260,162,133,151,246
2016_3,개화동로23길,3990,2005,1985,509,497,563,620,779,1022,261,278,296,319,395,456,248,219,267,301,384,566
2016_3,강서로8길,3511,1744,1767,490,415,707,543,524,832,238,201,380,288,239,398,252,214,327,255,285,434
2016_3,강서로5라길,2855,1415,1440,430,373,580,442,470,560,234,175,308,234,206,258,196,198,272,208,264,302
2016_3,강서로5나길,2102,1056,1046,210,349,557,273,272,441,104,160,318,150,115,209,106,189,239,123,157,232
2016_3,강서로5가길,1543,805,738,143,249,341,219,236,355,86,110,193,126,108,182,57,139,148,93,128,173
2016_3,강서로47라길,3918,1857,2061,939,579,479,795,641,485,430,292,239,364,324,208,509,287,240,431,317,277
2016_3,강서로47길,2879,1367,1512,645,375,393,572,439,455,292,194,194,274,225,188,353,181,199,298,214,267
2016_3,강서로45다길,2838,1368,1470,446,424,499,486,413,570,229,198,260,247,179,255,217,226,239,239,234,315
2016_3,강서로45길,919,450,469,189,121,165,149,135,160,87,50,85,77,68,83,102,71,80,72,67,77
2016_3,강서로35길,4061,1952,2109,537,628,764,582,732,818,264,287,401,274,361,365,273,341,363,308,371,453
2016_3,강서로29길,2803,1339,1464,391,457,682,418,391,464,197,205,345,198,180,214,194,252,337,220,211,250
2016_3,강서로18길,7025,3413,3612,1126,921,1499,1110,994,1375,580,426,784,552,449,622,546,495,715,558,545,753
2016_3,강서로17가길,3044,1539,1505,351,486,569,434,563,641,187,251,321,212,260,308,164,235,248,222,303,333
2016_3,강서로15길,5524,2738,2786,620,802,1123,863,931,1185,311,386,623,439,455,524,309,416,500,424,476,661
2016_3,가로공원로80길,3000,1513,1487,467,426,612,442,487,566,258,221,325,216,239,254,209,205,287,226,248,312
2016_3,가로공원로76가길,3072,1502,1570,442,450,575,512,499,594,208,237,300,255,228,274,234,213,275,257,271,320
2016_3,화곡로4길,1774,893,881,264,238,268,280,351,373,139,131,137,135,160,191,125,107,131,145,191,182
2016_3,화곡로3길,3133,1542,1591,643,447,483,553,486,521,333,232,237,263,236,241,310,215,246,290,250,280
2016_3,지양로7길,3523,1738,1785,525,441,551,528,625,853,260,233,309,269,282,385,265,208,242,259,343,468
2016_3,중앙로55길,3741,1863,1878,646,477,568,611,663,776,340,246,295,305,324,353,306,231,273,306,339,423
2016_3,중앙로51길,3957,1979,1978,726,535,643,625,620,808,357,281,345,315,296,385,369,254,298,310,324,423
2016_3,중앙로47길,4989,2607,2382,549,715,645,865,1029,1186,295,413,377,436,524,562,254,302,268,429,505,624
2016_3,중앙로45길,3384,1689,1695,432,491,522,546,634,759,237,255,288,273,297,339,195,236,234,273,337,420
2016_3,중앙로36길,958,449,509,189,103,115,192,139,220,94,50,54,92,64,95,95,53,61,100,75,125
2016_3,중앙로32길,1096,534,562,241,152,134,200,174,195,128,82,66,86,92,80,113,70,68,114,82,115
2016_3,중앙로25길,2632,1336,1296,323,324,357,468,497,663,172,172,193,249,250,300,151,152,164,219,247,363
2016_3,은행정로7길,3362,1667,1695,563,404,586,547,546,716,278,212,304,286,246,341,285,192,282,261,300,375
2016_3,은행정로5길,833,451,382,135,87,114,145,148,204,74,44,64,87,85,97,61,43,50,58,63,107
2016_3,오목로5길,2827,1388,1439,565,318,478,460,426,580,286,155,218,242,209,278,279,163,260,218,217,302
2016_3,오목로3길,3751,1870,1881,833,430,651,629,540,668,420,230,316,327,263,314,413,200,335,302,277,354
2016_3,오목로30길,3740,1833,1907,469,566,700,596,624,785,238,280,374,286,294,361,231,286,326,310,330,424
2016_3,오목로23길,4265,2131,2134,615,621,851,688,680,810,318,299,458,330,331,395,297,322,393,358,349,415
2016_3,신월로20길,1065,574,491,150,122,162,166,201,264,86,73,96,85,104,130,64,49,66,81,97,134
2016_3,신월로15길,5548,2743,2805,998,744,841,892,934,1139,519,391,415,436,464,518,479,353,426,456,470,621
2016_3,신목로6길,2534,1254,1280,506,341,331,482,412,462,274,174,165,221,219,201,232,167,166,261,193,261
2016_3,신목로5길,2286,1154,1132,587,329,208,521,369,272,305,182,92,236,208,131,282,147,116,285,161,141
2016_3,신목로2길,2113,1045,1068,398,373,195,384,449,314,214,202,95,163,233,138,184,171,100,221,216,176
2016_3,목동중앙서로8가길,1431,701,730,183,224,269,222,225,308,101,112,134,108,115,131,82,112,135,114,110,177
2016_3,목동중앙서로7길,3740,1853,1887,648,562,631,665,606,628,368,295,333,297,282,278,280,267,298,368,324,350
2016_3,목동중앙북로8길,2225,1047,1178,293,327,455,334,354,462,148,159,230,154,157,199,145,168,225,180,197,263
2016_3,목동중앙북로16길,3388,1669,1719,454,584,825,487,485,553,252,268,422,237,239,251,202,316,403,250,246,302
2016_3,목동중앙본로7길,2413,1221,1192,455,340,383,421,396,418,265,196,187,199,184,190,190,144,196,222,212,228
2016_3,목동중앙로3길,2204,1071,1133,547,302,264,461,359,271,278,160,129,207,188,109,269,142,135,254,171,162
2016_3,목동중앙로13나길,1151,583,568,172,208,255,179,173,164,97,91,134,86,99,76,75,117,121,93,74,88
2016_3,목동중앙남로3가길,2319,1168,1151,430,365,369,393,401,361,258,190,177,186,189,168,172,175,192,207,212,193
2016_3,목동로9길,3625,1708,1917,667,524,665,650,548,571,336,254,307,292,250,269,331,270,358,358,298,302
2016_3,목동로19길,2383,1127,1256,393,335,436,386,373,460,182,163,204,183,180,215,211,172,232,203,193,245
2016_3,목동동로8길,890,401,489,217,107,125,194,127,120,102,44,58,86,67,44,115,63,67,108,60,76
2016_3,목동동로12길,2261,1092,1169,522,303,259,467,341,369,260,156,129,208,175,164,262,147,130,259,166,205
2016_3,목동남로4길,1218,584,634,246,179,155,227,186,225,118,79,85,105,96,101,128,100,70,122,90,124
2016_3,남부순환로88길,687,349,338,187,67,123,155,76,79,99,35,60,78,44,33,88,32,63,77,32,46
2016_3,남부순환로79길,1377,725,652,176,185,185,193,289,349,103,110,104,97,147,164,73,75,81,96,142,185
2016_3,남부순환로70길,4858,2424,2434,647,695,695,759,886,1176,316,378,379,379,452,520,331,317,316,380,434,656
2016_3,남부순환로58길,1752,870,882,273,247,289,269,315,359,141,128,159,120,149,173,132,119,130,149,166,186
2016_3,남부순환로40길,2597,1403,1194,286,292,388,442,532,657,142,147,234,264,297,319,144,145,154,178,235,338
2016_3,남부순환로33길,3316,1614,1702,464,470,549,510,605,718,215,234,302,242,302,319,249,236,247,268,303,399
2016_3,곰달래로5길,3420,1778,1642,438,506,489,514,681,792,223,268,285,250,367,385,215,238,204,264,314,407
2016_3,곰달래로3길,3973,2079,1894,577,491,564,706,761,874,309,269,299,382,398,422,268,222,265,324,363,452
2016_3,곰달래로2길,3920,2022,1898,670,506,654,640,699,751,345,263,347,345,356,366,325,243,307,295,343,385
2016_3,곰달래로10길,3523,1819,1704,501,457,618,600,640,707,248,235,349,305,334,348,253,222,269,295,306,359
2016_3,가로공원로58길,2528,1354,1174,307,322,317,441,523,618,160,173,184,264,295,278,147,149,133,177,228,340
2016_3,효창원로93길,2761,1332,1429,355,415,392,487,479,633,188,191,210,237,230,276,167,224,182,250,249,357
2016_3,토정로37길,2620,1269,1351,652,298,459,560,331,320,326,142,213,285,160,143,326,156,246,275,171,177
2016_3,월드컵로8길,1767,820,947,196,302,446,295,225,303,103,140,202,144,100,131,93,162,244,151,125,172
2016_3,월드컵로7길,1995,933,1062,266,356,474,309,261,329,124,151,238,150,125,145,142,205,236,159,136,184
2016_3,월드컵로36길,3875,1782,2093,501,738,791,670,514,661,255,294,355,340,254,284,246,444,436,330,260,377
2016_3,월드컵로25길,3199,1549,1650,608,407,614,578,423,569,296,199,302,293,209,250,312,208,312,285,214,319
2016_3,월드컵로19길,1811,845,966,201,294,398,294,234,390,95,135,197,139,114,165,106,159,201,155,120,225
2016_3,월드컵로16길,2615,1208,1407,366,444,564,458,331,452,191,189,251,214,159,204,175,255,313,244,172,248
2016_3,월드컵로11길,2384,1104,1280,292,385,547,376,326,458,152,161,250,200,147,194,140,224,297,176,179,264
2016_3,월드컵로10길,2555,1174,1381,270,358,576,407,364,580,122,149,259,200,185,259,148,209,317,207,179,321
2016_3,와우산로3길,1919,920,999,167,379,476,282,266,349,75,193,245,138,129,140,92,186,231,144,137,209
2016_3,와우산로29길,902,426,476,102,170,219,151,94,166,49,79,105,73,44,76,53,91,114,78,50,90
2016_3,와우산로29가길,549,241,308,36,206,140,55,38,74,14,87,67,24,17,32,22,119,73,31,21,42
2016_3,양화진길,1400,683,717,157,231,294,203,217,298,91,113,153,118,90,118,66,118,141,85,127,180
2016_3,양화로1길,2796,1290,1506,399,466,654,444,353,480,193,185,324,220,161,207,206,281,330,224,192,273
2016_3,양화로11길,781,340,441,77,148,218,120,77,141,40,48,112,46,34,60,37,100,106,74,43,81
2016_3,신촌로30길,959,491,468,87,123,104,145,185,315,47,62,66,82,94,140,40,61,38,63,91,175
2016_3,신촌로28가길,1824,854,970,132,254,241,250,372,575,57,126,138,122,181,230,75,128,103,128,191,345
2016_3,신촌로12길,1988,968,1020,143,535,468,243,221,378,80,254,235,127,109,163,63,281,233,116,112,215
2016_3,숭문길,2966,1474,1492,389,402,385,481,530,779,203,218,210,247,274,322,186,184,175,234,256,457
2016_3,숭문8길,937,480,457,147,123,185,160,134,188,78,66,99,86,67,84,69,57,86,74,67,104
2016_3,성지3길,1122,517,605,107,202,271,155,163,224,57,78,138,76,76,92,50,124,133,79,87,132
2016_3,성산로4길,3461,1684,1777,481,498,582,587,561,752,236,246,293,300,273,336,245,252,289,287,288,416
2016_3,성미산로32길,1218,567,651,111,267,335,163,146,196,64,115,157,85,64,82,47,152,178,78,82,114
2016_3,성미산로1길,3304,1557,1747,545,470,613,646,435,595,317,207,281,297,197,258,228,263,332,349,238,337
2016_3,성미산로11길,3898,1858,2040,563,581,784,699,566,705,305,273,375,335,262,308,258,308,409,364,304,397
2016_3,백범로16길,1803,893,910,251,258,343,306,259,386,133,110,168,180,126,176,118,148,175,126,133,210
2016_3,방울내로9안길,5796,2797,2999,1045,758,1090,1071,787,1045,514,386,513,539,379,466,531,372,577,532,408,579
2016_3,모래내로7길,2095,1055,1040,332,297,326,387,313,440,177,149,180,194,159,196,155,148,146,193,154,244
2016_3,매봉산로2길,2333,1201,1132,311,383,471,387,302,479,172,174,255,209,173,218,139,209,216,178,129,261
2016_3,망원로2길,4396,2102,2294,685,626,888,762,629,806,364,302,407,388,296,345,321,324,481,374,333,461
2016_3,망원로11길,1529,711,818,215,235,283,250,213,333,108,103,138,122,106,134,107,132,145,128,107,199
2016_3,만리재옛길,2698,1313,1385,347,381,510,462,388,610,171,188,257,240,201,256,176,193,253,222,187,354
2016_3,마포대로4길,878,412,466,118,143,190,137,122,168,60,61,106,67,54,64,58,82,84,70,68,104
2016_3,마포대로20길,2159,1024,1135,288,322,459,403,324,363,145,126,217,208,167,161,143,196,242,195,157,202
2016_3,마포대로12길,800,353,447,74,149,252,119,92,114,39,46,117,58,45,48,35,103,135,61,47,66
2016_3,동교로38길,1642,769,873,133,357,409,232,202,309,62,169,196,115,101,126,71,188,213,117,101,183
2016_3,동교로27길,2718,1243,1475,315,553,684,395,295,476,164,222,312,189,134,222,151,331,372,206,161,254
2016_3,동교로25길,1364,614,750,134,303,338,180,177,232,64,124,152,88,78,108,70,179,186,92,99,124
2016_3,동교로19길,1794,822,972,207,281,405,382,222,297,92,143,179,178,109,121,115,138,226,204,113,176
2016_3,동교로17길,1940,909,1031,242,335,488,325,248,302,132,134,231,165,119,128,110,201,257,160,129,174
2016_3,독막로8길,1393,628,765,148,248,351,213,187,246,79,91,152,114,86,106,69,157,199,99,101,140
2016_3,독막로32길,2804,1376,1428,391,384,461,450,431,687,197,202,250,221,211,295,194,182,211,229,220,392
2016_3,독막로22길,1086,500,586,196,154,216,212,130,178,92,68,94,104,68,74,104,86,122,108,62,104
2016_3,도화길,1020,466,554,125,196,247,155,124,173,53,85,107,80,66,75,72,111,140,75,58,98
2016_3,도화4길,4030,1898,2132,677,465,660,695,633,900,353,216,315,352,301,361,324,249,345,343,332,539
2016_3,대흥로28길,1786,837,949,122,463,272,245,284,400,54,198,128,113,161,183,68,265,144,132,123,217
2016_3,대흥로21길,4042,2090,1952,381,877,664,570,624,926,204,472,382,303,331,398,177,405,282,267,293,528
2016_3,광성로6길,1712,906,806,212,422,285,276,212,305,116,253,156,144,112,125,96,169,129,132,100,180
2016_3,홍제내길,3095,1435,1660,500,370,486,545,429,765,252,177,242,260,187,317,248,193,244,285,242,448
2016_3,홍연길,1284,662,622,171,162,153,220,225,353,87,87,86,125,116,161,84,75,67,95,109,192
2016_3,통일로39길,1695,850,845,213,243,221,269,308,441,117,130,117,127,154,205,96,113,104,142,154,236
2016_3,통일로37길,1610,722,888,176,163,216,289,285,481,77,82,101,146,129,187,99,81,115,143,156,294
2016_3,통일로11길,298,159,139,25,37,38,38,46,114,18,19,23,22,31,46,7,18,15,16,15,68
2016_3,충정로6길,548,286,262,42,90,119,64,87,146,21,54,64,41,43,63,21,36,55,23,44,83
2016_3,충정로4길,381,201,180,26,53,99,56,47,100,16,30,50,35,21,49,10,23,49,21,26,51
2016_3,증가로6길,3274,1594,1680,457,517,506,506,520,768,233,253,269,259,254,326,224,264,237,247,266,442
2016_3,증가로23나길,4495,2189,2306,663,637,708,744,733,1010,332,317,370,362,360,448,331,320,338,382,373,562
2016_3,증가로20가길,3347,1688,1659,636,553,475,620,507,556,338,296,253,312,245,244,298,257,222,308,262,312
2016_3,증가로10길,3831,1864,1967,439,699,554,623,579,937,218,330,308,304,287,417,221,369,246,319,292,520
2016_3,응암로1길,3460,1647,1813,500,406,609,564,547,834,244,180,297,294,246,386,256,226,312,270,301,448
2016_3,연희로10길,2613,1398,1215,199,1044,552,261,220,337,108,602,313,123,103,149,91,442,239,138,117,188
2016_3,신촌로37길,811,444,367,53,142,124,133,151,208,28,75,70,79,92,100,25,67,54,54,59,108
2016_3,수색로8길,3802,1861,1941,569,439,698,565,593,938,282,220,359,288,282,430,287,219,339,277,311,508
2016_3,세무서길,3784,1833,1951,445,546,495,589,620,1089,229,274,272,284,325,449,216,272,223,305,295,640
2016_3,세무서2길,1956,961,995,255,239,248,349,312,553,129,119,138,175,163,237,126,120,110,174,149,316
2016_3,세검정로1길,1215,580,635,194,132,130,208,202,349,92,63,59,108,114,144,102,69,71,100,88,205
2016_3,북아현로4길,3783,1834,1949,399,563,537,616,653,1015,200,292,305,315,314,408,199,271,232,301,339,607
2016_3,모래내로15길,2936,1436,1500,468,304,410,478,504,772,229,165,225,233,244,340,239,139,185,245,260,432
2016_3,명지대길,2435,1213,1222,328,521,358,385,345,498,176,257,185,189,177,229,152,264,173,196,168,269
2016_3,독립문로8길,4067,1964,2103,664,506,699,688,565,945,327,250,370,367,265,385,337,256,329,321,300,560
2016_3,가재울로6길,2753,1353,1400,393,355,406,454,408,737,212,162,219,249,192,319,181,193,187,205,216,418
2016_3,통일로92길,5580,2791,2789,758,896,887,841,1035,1163,411,462,489,418,475,536,347,434,398,423,560,627
2016_3,통일로87길,1807,854,953,243,266,310,294,277,417,113,117,162,143,130,189,130,149,148,151,147,228
2016_3,통일로78길,4519,2161,2358,609,673,780,692,744,1021,299,339,399,344,331,449,310,334,381,348,413,572
2016_3,통일로69길,1824,872,952,258,253,298,276,313,426,128,125,159,135,144,181,130,128,139,141,169,245
2016_3,진흥로1길,4249,2053,2196,740,551,729,743,661,825,380,276,345,370,316,366,360,275,384,373,345,459
2016_3,진흥로12길,5861,2859,3002,754,739,981,972,932,1483,389,391,517,497,428,637,365,348,464,475,504,846
2016_3,증산서길,2475,1258,1217,377,328,384,362,398,626,205,167,205,192,201,288,172,161,179,170,197,338
2016_3,증산로9길,2840,1389,1451,463,366,466,476,428,641,237,182,243,239,189,299,226,184,223,237,239,342
2016_3,증산로5길,2776,1364,1412,397,340,369,483,473,714,200,186,169,249,227,333,197,154,200,234,246,381
2016_3,증산로21길,5238,2548,2690,810,725,926,878,806,1093,420,371,464,422,378,493,390,354,462,456,428,600
2016_3,증산로17길,1654,811,843,225,252,252,250,266,409,108,128,136,126,127,186,117,124,116,124,139,223
2016_3,증산로15길,2534,1258,1276,392,286,356,446,425,629,200,156,184,230,212,276,192,130,172,216,213,353
2016_3,증산로13길,2081,1069,1012,241,294,273,332,413,528,129,155,159,164,214,248,112,139,114,168,199,280
2016_3,응암로34길,3223,1566,1657,569,401,537,566,472,678,305,186,270,279,232,294,264,215,267,287,240,384
2016_3,응암로22길,1943,961,982,255,223,227,329,325,584,137,120,125,168,155,256,118,103,102,161,170,328
2016_3,응암로14길,1896,961,935,240,241,221,323,357,514,132,141,112,172,185,219,108,100,109,151,172,295
2016_3,응암로13길,1814,887,927,210,272,357,273,291,411,114,124,183,138,143,185,96,148,174,135,148,226
2016_3,응암로12길,1560,774,786,212,184,189,244,277,454,116,97,96,129,132,204,96,87,93,115,145,250
2016_3,은평로8길,3169,1539,1630,556,456,615,578,404,560,298,219,294,308,182,238,258,237,321,270,222,322
2016_3,은평로3길,2374,1102,1272,400,311,421,419,341,482,199,154,190,205,150,204,201,157,231,214,191,278
2016_3,은평로20길,1354,663,691,152,180,179,248,226,369,85,102,88,122,105,161,67,78,91,126,121,208
2016_3,은평로13길,3169,1506,1663,506,393,534,544,475,717,249,181,268,267,221,320,257,212,266,277,254,397
2016_3,은평로10길,2995,1453,1542,505,360,495,542,441,652,277,177,252,270,212,265,228,183,243,272,229,387
2016_3,연서로5길,2905,1403,1502,530,368,529,492,455,531,260,186,274,238,210,235,270,182,255,254,245,296
2016_3,연서로41길,4039,1999,2040,550,520,558,692,738,981,277,287,305,343,345,442,273,233,253,349,393,539
2016_3,연서로3길,3665,1750,1915,702,480,683,600,517,683,352,235,333,302,218,310,350,245,350,298,299,373
2016_3,연서로34길,3099,1468,1631,444,410,460,486,516,783,217,202,243,246,232,328,227,208,217,240,284,455
2016_3,연서로33길,2111,1048,1063,224,285,296,303,373,630,119,159,157,150,189,274,105,126,139,153,184,356
2016_3,연서로29길,1089,521,568,130,180,217,161,184,217,63,88,122,70,84,94,67,92,95,91,100,123
2016_3,연서로28길,3651,1745,1906,433,622,645,548,583,820,204,291,333,270,279,368,229,331,312,278,304,452
2016_3,연서로27길,3102,1462,1640,426,453,482,532,502,707,213,213,260,237,237,302,213,240,222,295,265,405
2016_3,연서로21길,4298,2033,2265,758,584,736,760,655,805,381,285,378,352,296,341,377,299,358,408,359,464
2016_3,연서로17길,2381,1177,1204,363,316,400,405,401,496,183,152,213,205,192,232,180,164,187,200,209,264
2016_3,연서로16길,4770,2281,2489,759,612,759,770,823,1047,391,287,378,383,382,460,368,325,381,387,441,587
2016_3,연서로13길,4033,1901,2132,661,567,652,714,646,793,319,247,337,330,312,356,342,320,315,384,334,437
2016_3,연서로11길,3938,1901,2037,758,551,642,704,576,707,380,280,313,335,277,316,378,271,329,369,299,391
2016_3,역말로9길,5859,2819,3040,892,753,985,1014,908,1307,421,366,523,511,437,561,471,387,462,503,471,746
2016_3,수색로18길,2428,1215,1213,302,321,284,395,452,674,158,183,146,209,240,279,144,138,138,186,212,395
2016_3,서오릉로8길,2688,1278,1410,359,350,433,436,437,673,178,167,222,216,205,290,181,183,211,220,232,383
2016_3,서오릉로21길,3769,1825,1944,631,510,594,589,636,809,312,260,296,294,295,368,319,250,298,295,341,441
2016_3,불광천길,5336,2603,2733,756,706,870,908,864,1232,392,343,465,460,428,515,364,363,405,448,436,717
2016_3,갈현로7길,2579,1254,1325,430,359,392,436,451,511,231,176,193,214,208,232,199,183,199,222,243,279
2016_3,갈현로41길,3295,1631,1664,474,433,436,550,587,815,267,230,235,271,280,348,207,203,201,279,307,467
2016_3,갈현로33길,3753,1851,1902,720,582,530,653,592,676,388,292,288,291,283,309,332,290,242,362,309,367
2016_3,갈현로1길,1999,980,1019,338,285,316,331,336,393,169,144,173,157,169,168,169,141,143,174,167,225
2016_3,가좌로7길,3710,1824,1886,567,499,464,580,666,934,299,251,242,295,321,416,268,248,222,285,345,518
2016_3,한글비석로44길,4202,2071,2131,614,573,509,715,667,1124,314,299,267,361,334,496,300,274,242,354,333,628
2016_3,한글비석로24길,2588,1308,1280,326,381,337,399,477,668,176,207,187,196,238,304,150,174,150,203,239,364
2016_3,한글비석로22길,1488,774,714,242,188,192,267,253,346,131,88,105,138,135,177,111,100,87,129,118,169
2016_3,석계로1길,1532,792,740,160,198,203,243,252,476,88,111,109,133,132,219,72,87,94,110,120,257
2016_3,상계로9가길,2572,1337,1235,303,389,337,405,441,697,175,206,201,206,224,325,128,183,136,199,217,372
2016_3,상계로1길,1115,551,564,208,163,188,183,183,190,105,83,95,89,85,94,103,80,93,94,98,96
2016_3,상계로12길,3771,1854,1917,491,621,489,628,657,885,255,304,269,314,322,390,236,317,220,314,335,495
2016_3,동일로242길,2953,1446,1507,423,456,405,414,565,690,227,223,220,182,274,320,196,233,185,232,291,370
2016_3,동일로192길,2487,1293,1194,273,767,361,295,368,423,141,408,190,166,184,204,132,359,171,129,184,219
2016_3,동일로173가길,3513,1750,1763,586,510,629,531,539,718,299,271,321,282,228,349,287,239,308,249,311,369
2016_3,공릉로58길,1651,819,832,325,316,178,270,289,273,174,175,78,111,155,126,151,141,100,159,134,147
2016_3,해등로16길,707,331,376,99,121,97,111,133,146,50,50,44,51,61,75,49,71,53,60,72,71
2016_3,우이천로4다길,2381,1210,1171,370,341,284,430,430,526,193,189,154,207,232,235,177,152,130,223,198,291
2016_3,우이천로32길,3128,1505,1623,567,421,454,561,502,623,262,214,239,269,238,283,305,207,215,292,264,340
2016_3,시루봉로23길,3688,1915,1773,449,503,418,642,721,955,239,269,224,353,385,445,210,234,194,289,336,510
2016_3,삼양로144길,992,460,532,161,122,150,174,137,248,100,37,67,74,75,107,61,85,83,100,62,141
2016_3,방학로6가길,2063,1031,1032,261,283,277,337,410,495,130,146,158,175,207,215,131,137,119,162,203,280
2016_3,방학로5길,3547,1779,1768,534,472,534,519,630,858,287,241,294,258,317,382,247,231,240,261,313,476
2016_3,방학로15길,3723,1832,1891,822,526,419,705,639,612,422,287,205,314,301,303,400,239,214,391,338,309
2016_3,방학로10길,1999,998,1001,309,259,262,343,369,457,156,147,146,164,174,211,153,112,116,179,195,246
2016_3,도봉산길,1752,900,852,210,223,237,244,336,502,103,123,129,137,172,236,107,100,108,107,164,266
2016_3,도봉산4길,384,201,183,24,44,56,45,88,127,14,23,34,27,43,60,10,21,22,18,45,67
2016_3,도봉로181길,2054,1015,1039,295,243,277,324,336,579,138,121,162,158,162,274,157,122,115,166,174,305
2016_3,도봉로169나길,2895,1483,1412,319,330,393,436,535,882,170,172,210,228,281,422,149,158,183,208,254,460
2016_3,도봉로156길,1399,770,629,159,162,166,241,281,390,88,87,99,140,161,195,71,75,67,101,120,195
2016_3,도봉로152가길,734,384,350,74,76,82,88,170,244,40,45,50,46,90,113,34,31,32,42,80,131
2016_3,도봉로147길,3716,1818,1898,498,509,497,595,691,926,254,241,263,313,345,402,244,268,234,282,346,524
2016_3,도봉로143길,1816,917,899,219,281,245,262,362,447,110,147,126,135,184,215,109,134,119,127,178,232
2016_3,도봉로114길,4852,2360,2492,493,732,793,813,861,1160,242,352,434,418,420,494,251,380,359,395,441,666
2016_3,도봉로109길,2397,1179,1218,348,301,405,387,370,586,168,160,206,193,186,266,180,141,199,194,184,320
2016_3,도당로29길,2945,1500,1445,344,405,379,519,498,800,183,206,210,275,256,370,161,199,169,244,242,430
2016_3,도당로19길,4100,2110,1990,592,515,512,733,716,1032,310,270,272,392,386,480,282,245,240,341,330,552
2016_3,도당로13바길,3318,1701,1617,545,456,419,560,606,732,286,260,240,277,309,329,259,196,179,283,297,403
2016_3,도당로13가길,1803,926,877,210,247,236,289,373,448,110,125,136,157,190,208,100,122,100,132,183,240
2016_3,덕릉로60길,2345,1147,1198,370,338,331,364,425,517,188,167,186,172,204,230,182,171,145,192,221,287
2016_3,노해로63다길,1795,895,900,296,240,291,290,299,379,162,120,148,140,144,181,134,120,143,150,155,198
2016_3,노해로60길,1843,913,930,197,318,362,284,305,377,105,146,193,155,135,179,92,172,169,129,170,198
2016_3,한천로140길,1683,831,852,167,270,289,239,315,403,87,143,167,120,135,179,80,127,122,119,180,224
2016_3,한천로139가길,1558,741,817,144,257,275,235,246,401,68,127,147,106,114,179,76,130,128,129,132,222
2016_3,한천로132길,1890,954,936,215,298,343,337,312,385,115,137,190,177,156,179,100,161,153,160,156,206
2016_3,한천로130길,3249,1626,1623,491,447,496,556,549,710,263,234,250,291,287,301,228,213,246,265,262,409
2016_3,한천로124나길,1900,946,954,273,277,323,310,276,441,146,138,173,173,133,183,127,139,150,137,143,258
2016_3,한천로109길,2209,1069,1140,417,310,309,377,371,425,222,155,147,179,171,195,195,155,162,198,200,230
2016_3,인수봉로79길,2830,1441,1389,409,335,375,464,506,741,214,186,213,239,242,347,195,149,162,225,264,394
2016_3,인수봉로72길,4171,1989,2182,609,562,566,595,743,1096,298,285,290,281,350,485,311,277,276,314,393,611
2016_3,인수봉로56길,1867,891,976,282,264,260,315,300,446,134,136,135,159,132,195,148,128,125,156,168,251
2016_3,오패산로67길,2144,1052,1092,188,383,437,357,342,437,93,174,233,191,166,195,95,209,204,166,176,242
2016_3,오패산로52길,2927,1447,1480,412,393,413,479,481,749,212,202,231,254,215,333,200,191,182,225,266,416
2016_3,오패산로30길,1216,612,604,163,165,157,192,206,333,92,91,79,105,92,153,71,74,78,87,114,180
2016_3,수유로12길,2366,1170,1196,280,434,427,315,349,561,146,185,243,174,159,263,134,249,184,141,190,298
2016_3,솔샘로65길,2904,1444,1460,397,403,434,482,510,678,201,193,235,251,246,318,196,210,199,231,264,360
2016_3,솔매로50길,2184,1051,1133,305,330,321,363,351,514,158,148,174,182,161,228,147,182,147,181,190,286
2016_3,솔매로45길,2032,1006,1026,233,321,295,317,360,506,135,153,148,155,184,231,98,168,147,162,176,275
2016_3,솔매로41길,3482,1724,1758,452,508,502,538,663,819,239,259,281,268,312,365,213,249,221,270,351,454
2016_3,삼양로93길,2858,1426,1432,422,390,373,465,479,729,218,208,202,234,230,334,204,182,171,231,249,395
2016_3,삼양로77길,3416,1737,1679,498,447,504,519,606,842,255,255,277,269,298,383,243,192,227,250,308,459
2016_3,삼양로54길,3662,1794,1868,452,503,549,573,681,904,228,250,293,291,346,386,224,253,256,282,335,518
2016_3,삼양로41길,4615,2324,2291,608,622,535,766,825,1259,326,332,289,396,432,549,282,290,246,370,393,710
2016_3,삼양로27길,284,139,145,42,36,48,38,54,66,18,19,28,18,28,28,24,17,20,20,26,38
2016_3,삼양로24길,3063,1530,1533,317,335,384,487,593,947,155,180,221,254,296,424,162,155,163,233,297,523
2016_3,삼양로20길,2287,1143,1144,279,352,270,361,451,574,139,194,152,182,224,252,140,158,118,179,227,322
2016_3,삼각산로28길,3803,1863,1940,460,593,661,566,676,847,247,305,354,266,304,387,213,288,307,300,372,460
2016_3,도봉로99길,2250,1110,1140,257,384,359,344,396,510,137,202,194,166,191,220,120,182,165,178,205,290
2016_3,도봉로8길,267,137,130,18,31,43,60,44,71,12,13,31,36,19,26,6,18,12,24,25,45
2016_3,도봉로76길,3374,1575,1799,332,698,577,495,560,712,154,264,292,267,284,314,178,434,285,228,276,398
2016_3,도봉로67길,1714,842,872,209,237,247,225,316,480,112,109,139,118,147,217,97,128,108,107,169,263
2016_3,도봉로45길,3376,1638,1738,449,457,552,589,558,771,229,213,288,299,254,355,220,244,264,290,304,416
2016_3,도봉로18길,3117,1585,1532,381,416,457,492,565,806,187,231,269,256,275,367,194,185,188,236,290,439
2016_3,도봉로13길,1829,908,921,205,277,231,296,349,471,104,153,126,147,166,212,101,124,105,149,183,259
2016_3,덕릉로41길,2740,1309,1431,248,468,470,440,444,670,125,210,242,217,219,296,123,258,228,223,225,374
2016_3,덕릉로40길,1981,1002,979,295,264,283,351,347,441,160,124,143,195,174,206,135,140,140,156,173,235
2016_3,노해로33길,2409,1190,1219,304,308,355,392,399,651,175,172,194,193,183,273,129,136,161,199,216,378
2016_3,노해로23길,1424,685,739,212,201,228,242,244,297,96,99,132,120,106,132,116,102,96,122,138,165
2016_3,노해로17길,2720,1347,1373,373,403,405,457,461,621,186,200,223,235,226,277,187,203,182,222,235,344
2016_3,화랑로40길,1989,1033,956,235,233,320,371,365,465,129,115,176,196,191,226,106,118,144,175,174,239
2016_3,화랑로32길,3617,1836,1781,471,557,461,626,622,880,260,291,235,339,318,393,211,266,226,287,304,487
2016_3,화랑로1길,2590,1299,1291,368,269,406,436,431,680,178,146,219,243,210,303,190,123,187,193,221,377
2016_3,화랑로19길,2465,1242,1223,370,290,345,419,414,627,182,165,188,215,204,288,188,125,157,204,210,339
2016_3,화랑로14길,1420,687,733,175,297,203,207,237,301,85,138,111,103,123,127,90,159,92,104,114,174
2016_3,화랑로13길,865,371,494,98,207,130,125,111,194,43,56,72,65,62,73,55,151,58,60,49,121
2016_3,한천로76길,1811,900,911,229,270,299,292,322,399,119,135,156,147,154,189,110,135,143,145,168,210
2016_3,한천로101가길,3463,1767,1696,610,413,424,658,585,773,313,225,233,328,310,358,297,188,191,330,275,415
2016_3,창경궁로43길,1301,574,727,117,330,254,179,182,239,63,140,105,81,87,98,54,190,149,98,95,141
2016_3,지봉로20길,2824,1415,1409,346,494,476,474,441,593,176,258,272,239,208,262,170,236,204,235,233,331
2016_3,종암로5길,2627,1452,1175,291,794,422,320,309,491,148,496,256,167,164,221,143,298,166,153,145,270
2016_3,종암로24가길,2174,1082,1092,382,251,402,362,344,433,201,133,201,199,169,179,181,118,201,163,175,254
2016_3,종암로21길,1202,585,617,243,165,173,222,192,207,132,82,88,107,94,82,111,83,85,115,98,125
2016_3,종암로19길,1605,776,829,256,263,237,269,243,337,125,134,124,132,111,150,131,129,113,137,132,187
2016_3,종암로16길,3140,1489,1651,343,407,337,471,530,1052,190,201,181,223,270,424,153,206,156,248,260,628
2016_3,정릉로8길,1885,950,935,241,347,288,238,307,464,122,178,159,135,157,199,119,169,129,103,150,265
2016_3,정릉로27길,3053,1511,1542,473,354,454,477,490,805,261,187,243,235,232,353,212,167,211,242,258,452
2016_3,정릉로26길,338,170,168,52,43,50,52,54,87,30,20,25,31,25,39,22,23,25,21,29,48
2016_3,장위로50길,2491,1276,1215,303,323,336,402,458,669,152,158,183,223,237,323,151,165,153,179,221,346
2016_3,장월로1길,2061,971,1090,233,393,286,307,313,529,122,134,151,172,154,238,111,259,135,135,159,291
2016_3,인촌로6길,509,260,249,54,71,83,89,75,137,25,37,50,48,34,66,29,34,33,41,41,71
2016_3,인촌로5길,1529,675,854,157,444,256,206,200,266,81,149,127,98,99,121,76,295,129,108,101,145
2016_3,인촌로24길,720,419,301,42,282,128,69,75,124,26,154,91,44,44,60,16,128,37,25,31,64
2016_3,개운사길,1081,562,519,74,588,137,78,71,133,41,310,86,37,34,54,33,278,51,41,37,79
2016_3,인촌로1길,1589,779,810,173,311,265,224,259,357,84,156,127,124,130,158,89,155,138,100,129,199
2016_3,인촌로17가길,1721,831,890,194,542,262,245,188,290,96,273,127,115,92,128,98,269,135,130,96,162
2016_3,오패산로4길,3131,1529,1602,392,597,448,477,502,715,192,247,238,266,248,338,200,350,210,211,254,377
2016_3,오패산로3길,3509,1750,1759,503,454,465,535,603,949,260,240,245,292,287,426,243,214,220,243,316,523
2016_3,오패산로19길,1823,904,919,206,239,242,285,328,523,106,125,127,151,168,227,100,114,115,134,160,296
2016_3,안암로5길,2278,1155,1123,261,427,436,360,368,426,135,232,229,184,192,183,126,195,207,176,176,243
2016_3,아리랑로4길,3186,1427,1759,302,887,644,388,349,616,156,353,303,191,156,268,146,534,341,197,193,348
2016_3,솔샘로6길,1919,956,963,282,294,266,291,325,461,138,163,144,142,178,191,144,131,122,149,147,270
2016_3,성북로8길,1555,768,787,275,226,216,280,246,312,156,113,105,138,121,135,119,113,111,142,125,177
2016_3,삼양로8길,2941,1458,1483,398,387,408,453,504,791,209,214,213,232,245,345,189,173,195,221,259,446
2016_3,삼선교로16가길,1447,736,711,227,215,208,240,228,329,124,117,117,125,107,146,103,98,91,115,121,183
2016_3,삼선교로10다길,2357,1174,1183,265,386,383,365,408,550,141,193,213,195,193,239,124,193,170,170,215,311
2016_3,삼선교로10길,2333,1100,1233,289,486,380,341,338,499,154,224,191,166,148,217,135,262,189,175,190,282
2016_3,보문로32길,1309,470,839,88,494,300,141,121,165,40,114,123,66,56,71,48,380,177,75,65,94
2016_3,보문로31길,3012,1411,1601,381,629,577,457,388,580,204,269,286,227,182,243,177,360,291,230,206,337
2016_3,보문로26길,1349,637,712,131,371,232,196,165,254,70,157,128,100,81,101,61,214,104,96,84,153
2016_3,보문로13길,2506,1214,1292,290,389,394,415,420,598,144,194,205,199,206,266,146,195,189,216,214,332
2016_3,보국문로16길,2866,1407,1459,473,399,470,472,443,609,245,202,239,249,205,267,228,197,231,223,238,342
2016_3,동소문로6길,317,150,167,36,41,47,44,54,95,19,21,20,26,26,38,17,20,27,18,28,57
2016_3,동소문로2길,415,211,204,43,70,52,66,67,117,24,37,30,36,34,50,19,33,22,30,33,67
2016_3,동소문로26가길,2406,988,1418,181,686,452,327,269,491,76,215,202,167,123,205,105,471,250,160,146,286
2016_3,동소문로15길,1145,497,648,143,279,181,200,132,210,77,87,85,103,65,80,66,192,96,97,67,130
2016_3,동소문로13길,2850,1311,1539,506,469,452,507,385,531,235,219,209,234,179,235,271,250,243,273,206,296
2016_3,돌곶이로8길,1400,701,699,180,198,173,197,274,378,100,101,98,103,134,165,80,97,75,94,140,213
2016_3,돌곶이로41길,1943,983,960,320,249,261,319,337,457,170,134,145,153,168,213,150,115,116,166,169,244
2016_3,돌곶이로28길,2001,1071,930,239,264,318,322,359,499,132,136,174,190,192,247,107,128,144,132,167,252
2016_3,돌곶이로27길,3298,1672,1626,437,400,411,571,611,868,218,215,235,289,310,405,219,185,176,282,301,463
2016_3,돌곶이로22길,1279,635,644,195,189,188,204,229,274,97,85,108,102,115,128,98,104,80,102,114,146
2016_3,돌곶이로14길,1376,675,701,200,176,190,228,241,341,109,76,95,118,125,152,91,100,95,110,116,189
2016_3,길음로7길,324,165,159,15,28,39,48,50,144,8,14,25,26,28,64,7,14,14,22,22,80
2016_3,중랑천로10길,2726,1404,1322,357,361,433,475,484,616,190,179,251,248,253,283,167,182,182,227,231,333
2016_3,용마산로94길,3578,1854,1724,502,539,480,595,686,776,253,287,270,315,357,372,249,252,210,280,329,404
2016_3,용마산로118길,2053,1084,969,188,246,240,324,474,581,96,129,136,178,261,284,92,117,104,146,213,297
2016_3,용마산로112길,2735,1388,1347,406,380,369,402,537,641,200,197,207,203,270,311,206,183,162,199,267,330
2016_3,용마산로100길,3164,1593,1571,536,443,470,520,551,644,264,225,248,258,297,301,272,218,222,262,254,343
2016_3,신내로7가길,723,335,388,156,87,120,140,97,123,70,44,54,61,55,51,86,43,66,79,42,72
2016_3,사가정로54길,3293,1597,1696,388,529,606,539,518,713,197,243,315,284,247,311,191,286,291,255,271,402
2016_3,사가정로42길,3333,1667,1666,555,435,496,536,588,723,283,220,247,280,282,355,272,215,249,256,306,368
2016_3,봉화산로56길,3911,1922,1989,714,519,565,665,668,780,369,285,280,330,311,347,345,234,285,335,357,433
2016_3,봉화산로4길,4657,2448,2209,479,633,713,754,961,1117,257,317,415,405,511,543,222,316,298,349,450,574
2016_3,봉화산로30길,2722,1347,1375,386,421,431,420,493,571,203,212,226,205,246,255,183,209,205,215,247,316
2016_3,봉우재로33길,2303,1156,1147,212,373,415,326,435,542,105,193,217,171,219,251,107,180,198,155,216,291
2016_3,면목로78길,5799,2852,2947,793,876,949,920,1006,1255,395,442,501,472,486,556,398,434,448,448,520,699
2016_3,면목로56길,2960,1481,1479,381,446,410,533,566,624,190,240,223,273,278,277,191,206,187,260,288,347
2016_3,면목로55길,2011,1014,997,303,271,347,364,358,368,158,135,188,182,181,170,145,136,159,182,177,198
2016_3,면목로49길,2982,1504,1478,356,400,521,511,515,679,198,183,270,279,269,305,158,217,251,232,246,374
2016_3,면목로48길,3074,1482,1592,401,469,512,492,539,661,190,234,271,244,258,285,211,235,241,248,281,376
2016_3,면목로45길,1524,773,751,156,260,244,247,282,335,74,135,130,137,147,150,82,125,114,110,135,185
2016_3,면목로33길,2788,1397,1391,443,364,413,504,453,611,223,179,217,270,227,281,220,185,196,234,226,330
2016_3,면목로21길,1971,1002,969,295,276,307,347,341,405,153,152,150,188,175,184,142,124,157,159,166,221
2016_3,망우로73길,1568,796,772,210,232,185,266,290,385,101,120,101,143,147,184,109,112,84,123,143,201
2016_3,망우로68길,2478,1287,1191,344,363,346,382,528,515,190,212,193,180,268,244,154,151,153,202,260,271
2016_3,동일로163길,3353,1682,1671,399,510,640,516,606,682,200,247,353,266,305,311,199,263,287,250,301,371
2016_3,동일로157길,2455,1217,1238,262,418,437,382,430,526,130,202,243,203,213,226,132,216,194,179,217,300
2016_3,동일로149길,2830,1398,1432,438,378,476,461,483,594,238,176,258,230,241,255,200,202,218,231,242,339
2016_3,동일로140길,2234,1155,1079,296,345,385,310,416,482,161,186,203,160,219,226,135,159,182,150,197,256
2016_3,동일로139길,2977,1516,1461,301,390,390,482,648,766,154,187,209,261,346,359,147,203,181,221,302,407
2016_3,동일로139가길,1898,972,926,264,281,270,305,375,403,150,146,140,171,186,179,114,135,130,134,189,224
2016_3,동일로130길,3516,1697,1819,517,545,569,514,642,729,255,282,292,244,298,326,262,263,277,270,344,403
2016_3,동일로123길,2729,1398,1331,317,386,352,426,599,649,179,211,181,215,316,296,138,175,171,211,283,353
2016_3,동일로112길,4476,2218,2258,473,841,857,650,757,898,245,378,457,357,363,418,228,463,400,293,394,480
2016_3,동일로101길,3151,1579,1572,509,424,405,617,577,619,232,217,219,320,305,286,277,207,186,297,272,333
2016_3,동일로100길,4916,2510,2406,664,737,822,753,890,1050,360,374,465,387,441,483,304,363,357,366,449,567
2016_3,답십리로75길,1996,991,1005,309,311,307,341,351,377,162,150,169,158,182,170,147,161,138,183,169,207
2016_3,공릉로2길,4148,2007,2141,512,601,761,637,679,958,255,293,378,336,311,434,257,308,383,301,368,524
2016_3,공릉로12가길,1043,517,526,190,151,132,184,180,206,102,77,71,90,91,86,88,74,61,94,89,120
2016_3,겸재로54길,5199,2605,2594,733,801,898,874,915,978,391,416,468,426,463,441,342,385,430,448,452,537
2016_3,겸재로36길,4268,2136,2132,509,591,704,770,750,944,270,283,373,389,379,442,239,308,331,381,371,502
2016_3,겸재로29길,2245,1134,1111,252,351,386,377,381,498,126,169,205,199,215,220,126,182,181,178,166,278
2016_3,휘경로3길,3756,1879,1877,400,658,667,597,618,816,203,332,372,322,301,349,197,326,295,275,317,467
2016_3,휘경로2길,1360,661,699,133,375,193,180,184,295,61,177,111,94,89,129,72,198,82,86,95,166
2016_3,휘경로23길,2671,1328,1343,278,299,381,496,459,758,137,158,219,271,228,315,141,141,162,225,231,443
2016_3,휘경로14길,2139,1117,1022,199,306,300,386,391,557,100,164,173,223,207,250,99,142,127,163,184,307
2016_3,한천로46길,2155,1047,1108,415,261,284,413,314,468,205,121,156,191,167,207,210,140,128,222,147,261
2016_3,한천로40길,1833,931,902,209,225,230,290,371,508,102,116,119,168,199,227,107,109,111,122,172,281
2016_3,한천로33길,649,324,325,113,77,84,132,108,135,55,31,42,76,55,65,58,46,42,56,53,70
2016_3,한천로14길,2991,1572,1419,325,377,401,520,596,772,158,199,220,300,322,373,167,178,181,220,274,399
2016_3,천호대로97길,2595,1309,1286,413,408,499,415,395,465,203,196,253,221,202,234,210,212,246,194,193,231
2016_3,천호대로77길,2320,1197,1123,331,340,409,357,417,466,179,177,212,193,197,239,152,163,197,164,220,227
2016_3,천호대로45길,2584,1333,1251,267,346,328,361,492,790,137,191,189,210,245,361,130,155,139,151,247,429
2016_3,천호대로17길,2016,1030,986,233,302,315,323,341,502,110,163,188,175,166,228,123,139,127,148,175,274
2016_3,천호대로12길,768,409,359,72,101,76,92,157,270,36,53,46,61,93,120,36,48,30,31,64,150
2016_3,천장산로7길,1467,769,698,140,801,176,97,86,167,62,443,104,45,41,74,78,358,72,52,45,93
2016_3,제기로5길,1146,619,527,85,220,200,156,172,313,47,117,127,95,92,141,38,103,73,61,80,172
2016_3,제기로21길,3385,1714,1671,337,345,393,473,615,1222,170,188,230,250,329,547,167,157,163,223,286,675
2016_3,전농로4길,1596,832,764,141,195,177,299,312,472,84,100,98,164,174,212,57,95,79,135,138,260
2016_3,전농로3길,1874,939,935,281,236,237,318,328,474,145,120,128,160,178,208,136,116,109,158,150,266
2016_3,전농로29길,2109,1031,1078,308,267,251,351,395,537,151,148,135,175,201,221,157,119,116,176,194,316
2016_3,장한로8길,2326,1183,1143,343,342,440,342,414,445,196,160,238,180,191,218,147,182,202,162,223,227
2016_3,장한로5길,1524,770,754,199,227,278,233,265,322,108,111,150,121,133,147,91,116,128,112,132,175
2016_3,장한로27길,1199,632,567,142,151,187,192,229,298,76,80,109,114,110,143,66,71,78,78,119,155
2016_3,장한로27가길,1258,645,613,166,166,157,203,205,361,89,92,83,101,111,169,77,74,74,102,94,192
2016_3,장한로26길,2747,1377,1370,532,283,489,507,386,550,276,149,244,266,182,260,256,134,245,241,204,290
2016_3,장한로26가길,1359,679,680,186,209,296,190,205,273,90,102,150,99,96,142,96,107,146,91,109,131
2016_3,장한로25길,677,340,337,101,110,99,111,136,120,55,60,48,55,67,55,46,50,51,56,69,65
2016_3,장한로14길,1490,751,739,273,179,243,246,220,329,144,95,122,131,104,155,129,84,121,115,116,174
2016_3,이문로42길,3861,1968,1893,521,622,558,611,634,915,267,329,313,315,333,411,254,293,245,296,301,504
2016_3,왕산로43길,3171,1590,1581,354,373,439,506,597,902,167,197,237,288,314,387,187,176,202,218,283,515
2016_3,왕산로33길,546,283,263,32,64,64,68,90,228,16,35,32,44,47,109,16,29,32,24,43,119
2016_3,왕산로32길,1148,594,554,98,176,167,151,220,336,54,85,89,92,118,156,44,91,78,59,102,180
2016_3,약령시로17길,1604,821,783,138,184,215,206,306,555,78,96,119,125,161,242,60,88,96,81,145,313
2016_3,서울시립대로4길,1994,1034,960,276,268,308,329,315,498,149,139,163,177,173,233,127,129,145,152,142,265
2016_3,서울시립대로29길,4391,2216,2175,518,1138,694,517,588,936,249,624,398,263,271,411,269,514,296,254,317,525
2016_3,서울시립대로16길,2033,1029,1004,304,304,236,356,359,474,157,166,139,178,174,215,147,138,97,178,185,259
2016_3,사가정로2길,2033,1014,1019,306,286,333,359,329,420,145,159,174,190,169,177,161,127,159,169,160,243
2016_3,사가정로23가길,2108,1037,1071,330,319,321,328,377,433,160,165,166,158,184,204,170,154,155,170,193,229
2016_3,사가정로13길,2118,1058,1060,257,270,279,319,429,564,136,150,146,163,217,246,121,120,133,156,212,318
2016_3,무학로45길,2110,1152,958,235,479,330,282,337,447,123,297,205,145,174,208,112,182,125,137,163,239
2016_3,무학로16길,1234,620,614,179,168,192,171,220,304,90,93,107,89,110,131,89,75,85,82,110,173
2016_3,망우로21길,270,146,124,22,32,31,50,48,87,12,20,17,29,29,39,10,12,14,21,19,48
2016_3,망우로18길,1444,703,741,185,427,208,183,168,273,85,224,100,94,74,126,100,203,108,89,94,147
2016_3,망우로18가길,2673,1337,1336,276,842,365,323,332,535,131,441,209,163,147,246,145,401,156,160,185,289
2016_3,답십리로72길,1246,620,626,181,180,230,193,207,255,93,88,115,103,102,119,88,92,115,90,105,136
2016_3,답십리로69길,1608,832,776,268,199,260,254,269,358,143,111,135,132,146,165,125,88,125,122,123,193
2016_3,답십리로68길,2833,1464,1369,347,404,606,484,501,491,194,199,322,256,250,243,153,205,284,228,251,248
2016_3,답십리로64길,2975,1465,1510,432,403,464,492,554,630,217,192,253,255,254,294,215,211,211,237,300,336
2016_3,답십리로63길,1522,758,764,206,211,217,247,283,358,93,116,120,130,146,153,113,95,97,117,137,205
2016_3,답십리로60길,2108,1079,1029,279,329,269,305,413,513,144,174,146,156,220,239,135,155,123,149,193,274
2016_3,답십리로56길,3968,1984,1984,529,524,549,645,715,1006,269,299,277,337,353,449,260,225,272,308,362,557
2016_3,답십리로23길,1880,918,962,253,289,248,298,329,463,142,149,121,144,162,200,111,140,127,154,167,263
2016_3,난계로30길,238,141,97,35,27,35,41,40,60,19,16,22,24,23,37,16,11,13,17,17,23
2016_3,경희대로4길,1316,654,662,148,414,209,150,154,241,58,215,122,72,72,115,90,199,87,78,82,126
2016_3,경희대로3길,628,305,323,50,248,103,57,65,105,27,117,54,27,34,46,23,131,49,30,31,59
2016_3,천호대로129길,3028,1476,1552,496,421,550,522,477,562,260,206,273,266,216,255,236,215,277,256,261,307
2016_3,천호대로123길,3101,1498,1603,473,486,555,488,561,538,245,244,267,235,265,242,228,242,288,253,296,296
2016_3,천호대로109길,3624,1735,1889,474,630,772,562,546,640,247,283,377,261,264,303,227,347,395,301,282,337
2016_3,자양번영로3길,3975,2021,1954,668,567,565,679,722,774,352,299,308,333,371,358,316,268,257,346,351,416
2016_3,자양로53길,2865,1374,1491,477,371,482,438,510,587,238,174,224,210,256,272,239,197,258,228,254,315
2016_3,자양로50길,4734,2314,2420,778,642,807,751,785,971,407,334,405,367,363,438,371,308,402,384,422,533
2016_3,자양로45길,2495,1201,1294,337,363,466,407,409,513,179,168,222,204,185,243,158,195,244,203,224,270
2016_3,자양로26길,3171,1502,1669,445,567,597,596,477,489,221,245,300,287,228,221,224,322,297,309,249,268
2016_3,자양로15길,1964,935,1029,261,318,363,319,299,404,140,154,157,159,152,173,121,164,206,160,147,231
2016_3,자양로11길,4085,1985,2100,481,630,765,665,697,847,244,295,399,336,333,378,237,335,366,329,364,469
2016_3,용마산로3길,3828,1874,1954,676,605,749,648,571,579,356,313,359,317,274,255,320,292,390,331,297,324
2016_3,용마산로21길,5290,2640,2650,769,859,940,844,953,925,378,444,501,413,463,441,391,415,439,431,490,484
2016_3,아차산로78길,1057,513,544,189,144,240,177,145,162,106,63,120,80,68,76,83,81,120,97,77,86
2016_3,아차산로65길,2407,1180,1227,442,354,393,432,355,431,223,186,201,202,169,199,219,168,192,230,186,232
2016_3,아차산로55길,3026,1433,1593,287,597,689,458,441,554,157,270,357,230,186,233,130,327,332,228,255,321
2016_3,아차산로51길,1722,811,911,199,341,417,255,267,243,100,155,188,128,128,112,99,186,229,127,139,131
2016_3,아차산로40길,3099,1560,1539,413,593,530,509,477,577,240,280,284,259,238,259,173,313,246,250,239,318
2016_3,면목로17길,4180,2076,2104,512,605,701,665,800,897,241,319,379,329,401,407,271,286,322,336,399,490
2016_3,뚝섬로64길,2996,1512,1484,443,482,486,461,528,596,256,221,275,218,261,281,187,261,211,243,267,315
2016_3,뚝섬로58길,3432,1678,1754,623,453,642,615,491,608,304,231,329,307,232,275,319,222,313,308,259,333
2016_3,뚝섬로54길,3510,1722,1788,683,491,663,634,528,511,345,245,331,299,259,243,338,246,332,335,269,268
2016_3,뚝섬로48길,3668,1788,1880,578,510,722,653,553,652,294,266,347,328,252,301,284,244,375,325,301,351
2016_3,뚝섬로24길,3031,1534,1497,384,404,470,491,591,691,198,210,255,253,311,307,186,194,215,238,280,384
2016_3,뚝섬로23길,2124,1031,1093,222,328,364,314,415,481,107,162,186,165,194,217,115,166,178,149,221,264
2016_3,동일로24길,3035,1461,1574,295,882,667,395,357,439,154,378,340,205,177,207,141,504,327,190,180,232
2016_3,동일로18길,2127,1100,1027,219,379,398,321,389,421,112,202,203,187,207,189,107,177,195,134,182,232
2016_3,능동로4길,3476,1667,1809,782,466,602,659,534,433,374,239,264,320,263,207,408,227,338,339,271,226
2016_3,능동로3길,3821,1932,1889,412,431,595,615,803,965,197,218,305,344,417,451,215,213,290,271,386,514
2016_3,능동로34길,5160,2412,2748,661,907,1343,745,616,888,366,368,638,362,290,388,295,539,705,383,326,500
2016_3,능동로19길,2320,1129,1191,117,839,426,254,286,398,56,373,213,152,168,167,61,466,213,102,118,231
2016_3,능동로13길,3762,1772,1990,281,1277,816,429,406,553,146,518,420,231,208,249,135,759,396,198,198,304
2016_3,긴고랑로9길,2098,1059,1039,284,312,334,341,397,430,158,161,188,155,194,203,126,151,146,186,203,227
2016_3,긴고랑로8길,4297,2191,2106,477,670,871,664,758,857,272,336,472,334,377,400,205,334,399,330,381,457
2016_3,긴고랑로7길,4691,2310,2381,715,629,797,831,835,884,355,316,405,418,429,387,360,313,392,413,406,497
2016_3,긴고랑로20길,4202,2022,2180,606,644,789,653,709,801,309,303,398,321,337,354,297,341,391,332,372,447
2016_3,광나루로52길,4547,2204,2343,707,696,902,760,683,799,332,358,462,377,333,342,375,338,440,383,350,457
2016_3,광나루로40길,3826,1881,1945,488,584,850,603,554,747,235,303,437,294,267,345,253,281,413,309,287,402
2016_3,광나루로37길,641,300,341,95,96,71,100,126,153,44,47,39,48,56,66,51,49,32,52,70,87
2016_3,광나루로36길,2703,1289,1414,366,411,498,461,403,564,179,189,243,246,192,240,187,222,255,215,211,324
2016_3,광나루로24길,1381,731,650,128,367,242,187,172,285,70,215,136,101,89,120,58,152,106,86,83,165
2016_3,광나루로12길,2368,1208,1160,130,1112,537,212,189,188,70,519,300,124,105,90,60,593,237,88,84,98
2016_3,한림말길,2227,1059,1168,228,309,362,358,400,570,111,148,183,178,206,233,117,161,179,180,194,337
2016_3,한림말3길,1030,491,539,153,152,204,153,142,226,82,66,91,84,63,105,71,86,113,69,79,121
2016_3,청계천로10나길,2845,1470,1375,402,419,382,490,506,646,214,243,207,242,279,285,188,176,175,248,227,361
2016_3,장터길,2063,1003,1060,227,266,289,374,331,576,120,137,144,198,151,253,107,129,145,176,180,323
2016_3,용답중앙길,2885,1497,1388,397,415,391,505,511,666,200,226,219,260,276,316,197,189,172,245,235,350
2016_3,용답29길,3355,1700,1655,418,494,551,554,596,742,197,229,292,306,324,352,221,265,259,248,272,390
2016_3,왕십리로6길,2203,1141,1062,336,349,387,386,344,401,171,182,201,205,183,199,165,167,186,181,161,202
2016_3,왕십리로31길,2476,1220,1256,273,432,434,395,405,537,144,192,230,203,217,234,129,240,204,192,188,303
2016_3,왕십리로26길,3057,1536,1521,425,533,488,501,500,610,217,261,259,255,273,271,208,272,229,246,227,339
2016_3,왕십리로21길,2538,1213,1325,364,420,384,445,415,510,172,216,188,214,201,222,192,204,196,231,214,288
2016_3,왕십리로14길,1976,1047,929,254,345,336,303,368,370,138,170,166,175,198,200,116,175,170,128,170,170
2016_3,아차산로5길,1424,724,700,170,255,274,208,252,265,94,123,151,104,136,116,76,132,123,104,116,149
2016_3,아차산로15길,414,253,161,6,102,176,66,36,28,3,51,104,50,27,18,3,51,72,16,9,10
2016_3,아차산로11길,399,240,159,49,55,54,86,87,68,26,32,26,57,59,40,23,23,28,29,28,28
2016_3,송정4가길,2761,1487,1274,301,439,417,448,593,563,154,237,240,248,333,275,147,202,177,200,260,288
2016_3,송정12라길,1296,699,597,158,182,206,216,249,285,87,95,115,131,136,135,71,87,91,85,113,150
2016_3,성수일로6길,721,419,302,100,111,99,143,140,128,59,62,50,81,94,73,41,49,49,62,46,55
2016_3,성수이로7길,1397,764,633,133,297,251,200,257,259,67,148,142,121,146,140,66,149,109,79,111,119
2016_3,성수이로18길,302,162,140,52,35,32,60,65,58,26,19,17,33,43,24,26,16,15,27,22,34
2016_3,성덕정길,3458,1803,1655,517,528,476,597,707,633,260,289,263,306,397,288,257,239,213,291,310,345
2016_3,성덕정17길,3831,2007,1824,468,542,543,598,810,870,236,284,289,336,460,402,232,258,254,262,350,468
2016_3,서울숲2길,2207,1117,1090,320,339,435,368,365,380,164,177,231,187,190,168,156,162,204,181,175,212
2016_3,상원길,1240,629,611,142,219,259,213,183,224,78,106,138,114,90,103,64,113,121,99,93,121
2016_3,상원12길,2547,1307,1240,389,412,502,415,418,411,204,208,269,234,204,188,185,204,233,181,214,223
2016_3,사근동길,2513,1413,1100,195,898,347,256,298,519,106,590,204,143,139,231,89,308,143,113,159,288
2016_3,무학봉길,2004,993,1011,357,303,309,349,307,379,180,153,167,179,157,157,177,150,142,170,150,222
2016_3,무학봉28길,1068,509,559,112,242,170,177,159,208,48,126,83,90,86,76,64,116,87,87,73,132
2016_3,무학로6길,1888,938,950,227,307,333,320,320,381,124,143,173,175,160,163,103,164,160,145,160,218
2016_3,무수막길,1978,951,1027,249,218,305,352,337,517,130,94,154,185,170,218,119,124,151,167,167,299
2016_3,매봉길,942,462,480,180,107,204,176,122,153,105,56,92,89,56,64,75,51,112,87,66,89
2016_3,마조로1길,1155,562,593,95,492,210,103,97,158,45,227,113,55,43,79,50,265,97,48,54,79
2016_3,마조로16길,2714,1380,1334,356,383,346,424,480,725,189,191,181,218,270,331,167,192,165,206,210,394
2016_3,마장로39길,902,454,448,174,140,142,148,163,135,88,71,67,72,88,68,86,69,75,76,75,67
2016_3,마장로27길,1957,976,981,256,313,277,317,324,470,134,159,146,165,159,213,122,154,131,152,165,257
2016_3,뚝섬로5길,1649,838,811,240,247,334,300,237,291,123,111,168,160,140,136,117,136,166,140,97,155
2016_3,둘레9길,3212,1713,1499,401,443,461,576,674,657,219,224,252,307,396,315,182,219,209,269,278,342
2016_3,금호산길,3617,1789,1828,544,491,495,608,636,843,296,266,269,290,309,359,248,225,226,318,327,484
2016_3,금호산2길,2434,1190,1244,345,337,317,399,416,620,176,177,165,209,198,265,169,160,152,190,218,355
2016_3,고산자로6길,3134,1579,1555,349,531,413,509,583,749,190,283,217,265,295,329,159,248,196,244,288,420
2016_3,후암로28길,4669,2275,2394,748,604,745,853,729,990,413,295,370,429,351,417,335,309,375,424,378,573
2016_3,효창원로39길,2983,1426,1557,449,370,608,469,420,667,222,162,306,239,214,283,227,208,302,230,206,384
2016_3,회나무로13길,2355,1046,1309,225,264,376,383,380,727,113,138,167,182,160,286,112,126,209,201,220,441
2016_3,한남대로20길,483,214,269,54,73,118,80,50,108,28,25,52,47,16,46,26,48,66,33,34,62
2016_3,한강대로88길,108,86,22,2,5,16,25,27,33,2,2,13,20,25,24,0,3,3,5,2,9
2016_3,한강대로7길,726,383,343,63,55,110,96,130,272,36,34,67,56,72,118,27,21,43,40,58,154
2016_3,한강대로62길,976,490,486,88,113,161,144,182,288,51,59,78,81,92,129,37,54,83,63,90,159
2016_3,한강대로52길,458,226,232,37,70,97,74,75,105,21,33,43,37,50,42,16,37,54,37,25,63
2016_3,한강대로43길,1294,608,686,123,204,368,192,172,235,54,82,149,101,92,130,69,122,219,91,80,105
2016_3,한강대로15길,521,276,245,42,54,92,74,83,176,24,38,55,45,44,70,18,16,37,29,39,106
2016_3,한강대로104길,2082,1227,855,222,247,275,349,454,535,138,130,166,229,283,281,84,117,109,120,171,254
2016_3,청파로73길,2851,1467,1384,370,465,440,494,490,592,204,244,255,255,249,260,166,221,185,239,241,332
2016_3,청파로71길,4412,2219,2193,659,785,744,738,671,815,356,396,416,366,331,354,303,389,328,372,340,461
2016_3,청파로47나길,3138,1455,1683,462,682,663,481,360,490,224,247,324,246,188,226,238,435,339,235,172,264
2016_3,청파로47길,1665,646,1019,146,525,313,192,184,305,68,115,143,92,96,132,78,410,170,100,88,173
2016_3,장문로45길,2930,1410,1520,367,428,463,471,504,697,194,238,243,223,216,296,173,190,220,248,288,401
2016_3,이태원로54길,2480,1104,1376,142,247,482,450,424,735,67,100,236,245,174,282,75,147,246,205,250,453
2016_3,이태원로27길,721,348,373,76,107,130,125,97,186,39,58,58,67,44,82,37,49,72,58,53,104
2016_3,이촌로22길,2064,977,1087,242,215,258,361,355,633,121,109,135,194,171,247,121,106,123,167,184,386
2016_3,원효로89길,815,405,410,78,143,121,143,131,199,43,67,65,75,61,94,35,76,56,68,70,105
2016_3,원효로53길,2259,1142,1117,287,315,335,358,352,612,153,169,194,192,173,261,134,146,141,166,179,351
2016_3,원효로41길,1492,722,770,226,161,229,260,226,390,101,82,127,146,103,163,125,79,102,114,123,227
2016_3,원효로19길,2014,993,1021,323,301,316,344,302,428,171,136,163,175,160,188,152,165,153,169,142,240
2016_3,우사단로4길,2499,1223,1276,288,393,421,402,423,572,152,220,231,197,194,229,136,173,190,205,229,343
2016_3,우사단로14길,1380,706,674,144,170,323,243,184,316,77,88,177,131,94,139,67,82,146,112,90,177
2016_3,우사단로10길,2933,1539,1394,280,413,538,501,509,692,153,248,312,287,258,281,127,165,226,214,251,411
2016_3,신흥로20길,2890,1445,1445,413,398,482,474,440,683,224,207,266,251,209,288,189,191,216,223,231,395
2016_3,소월로20길,2455,1176,1279,291,361,415,358,403,627,151,179,217,167,190,272,140,182,198,191,213,355
2016_3,서빙고로71길,2720,1304,1416,348,323,341,455,497,756,175,167,175,238,249,300,173,156,166,217,248,456
2016_3,백범로90길,1501,732,769,271,188,346,256,223,217,125,98,165,130,103,111,146,90,181,126,120,106
2016_3,백범로79길,3972,1925,2047,663,583,704,727,529,766,346,277,351,363,259,329,317,306,353,364,270,437
2016_3,두텁바위로1길,3120,1647,1473,300,457,448,501,553,861,168,233,241,262,317,426,132,224,207,239,236,435
2016_3,대사관로34길,1480,697,783,172,258,288,224,239,299,94,117,146,99,119,122,78,141,142,125,120,177
2016_3,녹사평대로46길,892,446,446,99,147,166,133,121,226,58,81,82,75,59,91,41,66,84,58,62,135
2016_3,녹사평대로40나길,800,376,424,112,111,146,125,107,199,54,50,76,62,49,85,58,61,70,63,58,114
2016_3,녹사평대로32길,633,311,322,62,105,145,82,98,141,35,52,70,44,43,67,27,53,75,38,55,74
2016_3,녹사평대로26길,982,462,520,84,150,197,144,166,241,46,78,103,65,83,87,38,72,94,79,83,154
2016_3,녹사평대로11길,457,227,230,68,48,79,84,64,114,33,25,34,48,38,49,35,23,45,36,26,65
2016_3,퇴계로90길,3169,1593,1576,378,469,388,614,570,750,198,241,206,334,311,303,180,228,182,280,259,447
2016_3,퇴계로8길,1542,810,732,101,118,139,217,274,693,42,51,86,120,153,358,59,67,53,97,121,335
2016_3,퇴계로56길,1255,642,613,122,217,163,178,195,380,63,116,85,105,93,180,59,101,78,73,102,200
2016_3,퇴계로46길,520,277,243,53,160,77,69,57,104,29,81,41,40,36,50,24,79,36,29,21,54
2016_3,퇴계로18길,792,397,395,105,97,136,147,122,185,48,58,78,80,61,72,57,39,58,67,61,113
2016_3,퇴계로12길,852,414,438,93,104,121,131,150,253,47,61,66,63,72,105,46,43,55,68,78,148
2016_3,청구로1길,2066,982,1084,247,287,255,378,368,531,129,141,127,186,196,203,118,146,128,192,172,328
2016_3,청구로17길,1916,963,953,259,301,331,300,320,405,136,156,165,159,165,182,123,145,166,141,155,223
2016_3,장충단로8길,1613,803,810,201,286,274,243,248,361,108,147,143,125,124,156,93,139,131,118,124,205
2016_3,삼일대로4길,120,68,52,33,16,24,31,9,7,17,8,16,17,6,4,16,8,8,14,3,3
2016_3,명동길,76,59,17,0,8,14,11,21,22,0,4,13,10,16,16,0,4,1,1,5,6
2016_3,동호로8길,697,328,369,79,131,133,101,116,137,36,61,62,60,55,54,43,70,71,41,61,83
2016_3,동호로20길,2112,965,1147,313,339,344,395,289,432,150,157,169,182,131,176,163,182,175,213,158,256
2016_3,동호로15길,2050,1019,1031,225,289,286,331,345,574,121,159,138,177,173,251,104,130,148,154,172,323
2016_3,동호로11길,3412,1639,1773,455,517,576,599,502,763,245,263,299,297,210,325,210,254,277,302,292,438
2016_3,동호로10길,2132,1025,1107,244,424,445,339,305,375,129,187,213,171,160,165,115,237,232,168,145,210
2016_3,다산로39길,947,530,417,65,100,110,162,242,268,27,57,66,104,141,135,38,43,44,58,101,133
2016_3,다산로38길,1435,704,731,212,229,213,230,248,303,109,116,96,121,132,130,103,113,117,109,116,173
2016_3,다산로36길,1669,831,838,217,210,233,293,318,398,105,112,117,163,165,169,112,98,116,130,153,229
2016_3,다산로33길,3859,1946,1913,459,639,540,672,694,855,229,354,307,346,354,356,230,285,233,326,340,499
2016_3,난계로21길,865,444,421,76,183,193,109,121,183,36,90,107,59,69,83,40,93,86,50,52,100
2016_3,난계로11길,2312,1104,1208,192,486,481,345,349,459,96,190,221,179,204,214,96,296,260,166,145,245
2016_3,필운대로1길,734,336,398,135,90,100,151,107,151,66,41,42,65,57,65,69,49,58,86,50,86
2016_3,평창길,1697,846,851,330,284,198,218,263,404,190,162,102,91,123,178,140,122,96,127,140,226
2016_3,통일로12길,925,428,497,115,119,128,186,121,256,65,50,58,98,61,96,50,69,70,88,60,160
2016_3,창신길,2518,1278,1240,347,377,296,469,496,533,166,198,176,236,267,235,181,179,120,233,229,298
2016_3,창신5길,1476,784,692,145,167,148,278,312,426,76,101,86,150,173,198,69,66,62,128,139,228
2016_3,창신2길,918,465,453,99,119,112,151,209,228,53,58,62,83,105,104,46,61,50,68,104,124
2016_3,창경궁로35길,941,401,540,80,183,127,165,137,249,38,75,54,78,61,95,42,108,73,87,76,154
2016_3,지봉로8길,2525,1278,1247,304,334,330,451,460,646,161,164,193,237,236,287,143,170,137,214,224,359
2016_3,종로65길,3393,1770,1623,319,440,449,582,736,867,164,217,241,320,414,414,155,223,208,262,322,453
2016_3,종로58가길,290,158,132,15,58,63,46,41,67,7,28,36,27,23,37,8,30,27,19,18,30
2016_3,종로24길,58,43,15,3,3,3,11,15,23,1,3,2,9,13,15,2,0,1,2,2,8
2016_3,자하문로7길,790,368,422,130,105,116,133,105,201,71,57,49,60,47,84,59,48,67,73,58,117
2016_3,이화장길,1751,855,896,232,371,313,248,262,325,119,162,163,118,138,155,113,209,150,130,124,170
2016_3,율곡로16길,527,277,250,61,78,87,93,79,129,38,43,47,55,34,60,23,35,40,38,45,69
2016_3,율곡로10길,301,167,134,17,27,39,58,51,109,9,16,22,38,30,52,8,11,17,20,21,57
2016_3,옥인길,2729,1232,1497,514,311,496,570,335,503,254,148,216,258,154,202,260,163,280,312,181,301
2016_3,숭인동길,998,514,484,92,122,139,160,187,298,51,65,79,84,105,130,41,57,60,76,82,168
2016_3,성균관로5길,1031,510,521,96,349,172,126,124,164,51,169,97,67,60,66,45,180,75,59,64,98
2016_3,삼청로5길,801,369,432,84,79,129,96,134,279,31,35,69,47,63,124,53,44,60,49,71,155
2016_3,북촌로5나길,702,332,370,108,79,117,112,105,181,61,40,52,57,44,78,47,39,65,55,61,103
2016_3,북촌로5길,336,157,179,42,36,42,43,63,110,23,15,20,22,30,47,19,21,22,21,33,63
2016_3,북촌로11길,682,319,363,59,73,95,104,110,241,34,38,52,52,47,96,25,35,43,52,63,145
2016_3,백석동길,1774,872,902,270,252,270,310,294,378,142,143,133,148,128,178,128,109,137,162,166,200
2016_3,명륜길,1541,767,774,182,472,214,176,171,326,79,259,127,91,78,133,103,213,87,85,93,193
2016_3,돈화문로11가길,1143,652,491,98,165,212,200,196,272,56,107,125,119,115,130,42,58,87,81,81,142
2016_3,난계로27길,764,383,381,18,340,221,64,42,79,6,127,124,38,34,54,12,213,97,26,8,25
2016_3,계동길,1972,921,1051,297,228,288,359,311,489,140,100,143,177,149,212,157,128,145,182,162,277
2016_2,강남 마이스 관광특구,19,11,8,6,1,1,3,4,4,3,0,1,1,3,3,3,1,0,2,1,1
2016_2,잠실 관광특구,8240,4056,4184,1033,1235,1747,1183,1385,1657,536,608,800,598,665,849,497,627,947,585,720,808
2016_2,종로·청계 관광특구,2664,1625,1039,128,299,272,369,653,943,67,183,167,248,427,533,61,116,105,121,226,410
2016_2,동대문패션타운 관광특구,2489,1301,1188,234,362,491,387,473,542,119,166,247,226,255,288,115,196,244,161,218,254
2016_2,명동 남대문 북창동 다동 무교동 관광특구,1308,504,804,23,64,162,234,304,521,8,30,82,85,128,171,15,34,80,149,176,350
2016_2,이태원 관광특구,7114,3396,3718,608,943,1393,1132,1170,1868,303,467,716,588,545,777,305,476,677,544,625,1091
2016_2,길동복조리시장,3368,1654,1714,529,455,570,521,562,731,291,229,281,266,241,346,238,226,289,255,321,385
2016_2,둔촌역전통시장,456,228,228,83,66,66,82,84,75,42,46,25,37,45,33,41,20,41,45,39,42
2016_2,성내골목시장,1061,554,507,124,153,194,159,199,232,60,80,111,82,107,114,64,73,83,77,92,118
2016_2,천호시장,163,86,77,8,11,17,35,38,54,3,7,6,21,25,24,5,4,11,14,13,30
2016_2,동서울시장,232,111,121,16,16,21,42,54,83,4,6,10,29,24,38,12,10,11,13,30,45
2016_2,고분다리골목시장,375,196,179,49,47,49,61,86,83,24,23,25,37,48,39,25,24,24,24,38,44
2016_2,양지골목시장,791,405,386,146,104,167,139,109,126,72,58,88,79,50,58,74,46,79,60,59,68
2016_2,암사종합시장,972,502,470,94,168,214,139,169,188,54,94,115,70,82,87,40,74,99,69,87,101
2016_2,고덕전통시장,354,177,177,40,44,49,58,71,92,24,29,23,29,38,34,16,15,26,29,33,58
2016_2,명일골목시장,2038,1011,1027,445,262,280,390,313,348,238,137,126,197,150,163,207,125,154,193,163,185
2016_2,새마을시장,2224,1122,1102,219,359,421,323,374,528,126,178,219,176,186,237,93,181,202,147,188,291
2016_2,석촌시장,748,376,372,98,128,112,123,142,145,53,61,53,68,77,64,45,67,59,55,65,81
2016_2,방이시장,5059,2448,2611,700,848,1049,759,824,879,373,404,534,378,361,398,327,444,515,381,463,481
2016_2,마천시장,967,512,455,132,129,126,145,183,252,60,76,63,83,101,129,72,53,63,62,82,123
2016_2,풍납시장,2554,1280,1274,271,354,397,400,476,656,126,185,219,207,222,321,145,169,178,193,254,335
2016_2,강남개포시장,4,2,2,0,2,0,0,1,1,0,1,0,0,1,0,0,1,0,0,0,1
2016_2,도곡시장,247,108,139,67,29,35,66,26,24,35,10,11,29,14,9,32,19,24,37,12,15
2016_2,청담삼익시장,157,76,81,22,24,16,19,31,45,12,10,8,9,15,22,10,14,8,10,16,23
2016_2,논현종합시장,95,34,61,14,5,24,16,5,31,3,2,7,5,3,14,11,3,17,11,2,17
2016_2,영동전통시장,1287,591,696,118,232,339,228,157,213,57,105,150,120,66,93,61,127,189,108,91,120
2016_2,강남시장_강남,299,143,156,41,38,64,43,36,77,21,18,33,21,18,32,20,20,31,22,18,45
2016_2,양재시장,84,45,39,8,17,11,18,10,20,5,9,4,9,8,10,3,8,7,9,2,10
2016_2,남부종합시장,192,88,104,43,21,20,38,26,44,22,9,8,17,11,21,21,12,12,21,15,23
2016_2,우림시장,87,40,47,8,9,22,10,13,25,5,4,8,7,2,14,3,5,14,3,11,11
2016_2,미성동도깨비시장,693,328,365,78,79,89,130,112,205,36,35,45,71,55,86,42,44,44,59,57,119
2016_2,신신림시장,76,35,41,14,3,11,15,6,27,4,1,4,11,4,11,10,2,7,4,2,16
2016_2,삼성동시장,197,110,87,10,19,23,25,40,80,6,15,14,16,18,41,4,4,9,9,22,39
2016_2,신림중앙시장,66,34,32,6,21,17,9,6,7,2,11,9,4,3,5,4,10,8,5,3,2
2016_2,강남골목시장,575,288,287,48,104,139,80,93,111,20,48,79,48,48,45,28,56,60,32,45,66
2016_2,신림종합시장,3,2,1,0,0,0,2,0,1,0,0,0,1,0,1,0,0,0,1,0,0
2016_2,관악신사시장,2174,1111,1063,244,355,341,385,376,473,126,172,192,211,204,206,118,183,149,174,172,267
2016_2,신원시장,421,234,187,40,77,62,58,74,110,20,47,35,33,45,54,20,30,27,25,29,56
2016_2,인헌시장,1371,686,685,108,240,301,207,202,313,61,109,156,112,108,140,47,131,145,95,94,173
2016_2,봉천중앙시장,337,148,189,20,127,92,42,27,29,7,45,42,24,14,16,13,82,50,18,13,13
2016_2,봉천현대시장,14,5,9,1,2,0,2,5,4,1,1,0,1,2,0,0,1,0,1,3,4
2016_2,봉일시장,104,42,62,6,39,24,5,17,13,2,13,11,2,9,5,4,26,13,3,8,8
2016_2,봉천제일종합시장,378,176,202,22,70,57,62,71,96,12,26,30,29,39,40,10,44,27,33,32,56
2016_2,낙성대시장,694,332,362,51,253,164,79,60,87,23,118,79,45,26,41,28,135,85,34,34,46
2016_2,중부시장,573,288,285,45,131,119,79,65,134,24,53,68,47,37,59,21,78,51,32,28,75
2016_2,사당시장,12,8,4,1,3,0,3,4,1,0,2,0,2,3,1,1,1,0,1,1,0
2016_2,남성역골목시장,539,242,297,53,91,97,76,71,151,27,40,42,33,35,65,26,51,55,43,36,86
2016_2,남성사계시장,620,308,312,33,112,114,88,100,173,18,41,61,59,52,77,15,71,53,29,48,96
2016_2,흑석시장,625,287,338,73,102,98,88,80,184,39,53,45,47,33,70,34,49,53,41,47,114
2016_2,상도4동도깨비골목시장,2071,1011,1060,200,277,319,329,346,600,97,149,175,164,167,259,103,128,144,165,179,341
2016_2,성대시장,144,71,73,14,37,19,22,30,22,8,18,9,10,17,9,6,19,10,12,13,13
2016_2,영도시장,68,33,35,1,12,8,9,15,23,1,6,3,7,7,9,0,6,5,2,8,14
2016_2,상도전통시장,949,492,457,98,212,195,126,117,201,60,109,107,69,59,88,38,103,88,57,58,113
2016_2,강남시장_동작,150,67,83,12,28,29,18,25,38,8,12,12,9,11,15,4,16,17,9,14,23
2016_2,신노량진시장,22,11,11,1,2,2,5,7,5,0,0,1,1,6,3,1,2,1,4,1,2
2016_2,본동인정시장,487,261,226,45,87,88,73,81,113,19,59,52,45,45,41,26,28,36,28,36,72
2016_2,노량진중앙시장,177,97,80,8,53,40,18,20,38,3,30,25,11,13,15,5,23,15,7,7,23
2016_2,대림중앙시장,448,221,227,44,43,52,72,88,149,28,27,29,32,40,65,16,16,23,40,48,84
2016_2,우리시장,389,191,198,43,59,40,59,72,116,21,33,21,29,36,51,22,26,19,30,36,65
2016_2,영진시장A동,135,72,63,20,15,25,15,17,43,10,8,16,7,8,23,10,7,9,8,9,20
2016_2,사러가시장,104,49,55,11,9,15,18,14,37,7,5,8,8,6,15,4,4,7,10,8,22
2016_2,대신시장,225,100,125,37,26,25,39,39,59,14,15,9,21,16,25,23,11,16,18,23,34
2016_2,양남시장,13,7,6,0,0,0,4,3,6,0,0,0,3,2,2,0,0,0,1,1,4
2016_2,영일시장,538,269,269,55,89,113,81,70,130,26,45,63,45,35,55,29,44,50,36,35,75
2016_2,도림시장,65,33,32,6,16,8,8,9,18,3,12,5,4,4,5,3,4,3,4,5,13
2016_2,영등포청과시장,304,168,136,31,39,32,46,60,96,18,23,19,28,39,41,13,16,13,18,21,55
2016_2,영등포전통시장,2196,1310,886,84,309,419,339,442,603,53,136,236,240,311,334,31,173,183,99,131,269
2016_2,은행나무시장,441,219,222,67,39,71,79,72,113,36,18,44,36,34,51,31,21,27,43,38,62
2016_2,박미시장,282,151,131,25,20,32,56,53,96,18,8,20,23,34,48,7,12,12,33,19,48
2016_2,현대시장,2465,1191,1274,282,370,324,358,479,652,143,174,164,177,228,305,139,196,160,181,251,347
2016_2,대명시장,8,7,1,0,2,1,0,2,3,0,2,1,0,2,2,0,0,0,0,0,1
2016_2,푸른터시장,27,15,12,6,0,9,5,1,6,4,0,5,3,1,2,2,0,4,2,0,4
2016_2,남문시장,1587,783,804,192,214,188,261,376,356,82,109,111,121,202,158,110,105,77,140,174,198
2016_2,독산동 우시장,93,47,46,1,34,22,15,10,11,0,11,15,10,6,5,1,23,7,5,4,6
2016_2,오류시장,151,78,73,7,12,18,23,28,63,3,7,10,17,16,25,4,5,8,6,12,38
2016_2,개봉중앙시장,386,175,211,69,62,59,59,66,71,34,26,34,21,28,32,35,36,25,38,38,39
2016_2,고척근린시장,690,344,346,89,76,93,105,125,202,47,39,52,53,62,91,42,37,41,52,63,111
2016_2,가리봉시장,306,162,144,23,45,19,43,72,104,9,26,12,25,42,48,14,19,7,18,30,56
2016_2,남구로시장,745,438,307,86,68,95,144,144,208,42,35,61,97,93,110,44,33,34,47,51,98
2016_2,구로시장,147,78,69,15,15,14,29,36,38,5,6,9,16,26,16,10,9,5,13,10,22
2016_2,공항시장,172,64,108,2,92,42,18,13,5,2,21,14,11,11,5,0,71,28,7,2,0
2016_2,방신전통시장,911,465,446,94,100,104,168,191,254,42,49,56,93,99,126,52,51,48,75,92,128
2016_2,송화골목시장,603,297,306,106,86,90,119,89,113,55,36,41,57,47,61,51,50,49,62,42,52
2016_2,까치산시장,1086,481,605,144,146,221,164,148,263,71,52,111,81,63,103,73,94,110,83,85,160
2016_2,화곡본동시장,357,151,206,42,56,82,54,41,82,19,18,40,20,17,37,23,38,42,34,24,45
2016_2,남부골목시장,2022,962,1060,252,261,353,292,360,504,130,132,163,160,164,213,122,129,190,132,196,291
2016_2,화곡중앙골목시장,1067,517,550,180,147,193,170,176,201,84,73,101,85,84,90,96,74,92,85,92,111
2016_2,신월중앙시장,82,48,34,14,11,21,12,8,16,8,9,10,7,5,9,6,2,11,5,3,7
2016_2,등마루시장,2,1,1,0,0,0,0,1,1,0,0,0,0,1,0,0,0,0,0,0,1
2016_2,신정3동골목시장,552,296,256,49,66,66,93,107,171,25,32,28,66,71,74,24,34,38,27,36,97
2016_2,신정2동골목시장,491,238,253,78,60,67,93,66,127,36,31,32,49,35,55,42,29,35,44,31,72
2016_2,신정제일시장,174,74,100,25,22,16,24,36,51,4,9,5,15,19,22,21,13,11,9,17,29
2016_2,신월7동골목시장,136,62,74,16,29,19,19,26,27,7,14,9,12,9,11,9,15,10,7,17,16
2016_2,신월6동골목시장,199,111,88,25,20,22,38,36,58,19,14,13,20,19,26,6,6,9,18,17,32
2016_2,신곡종합시장,97,50,47,2,10,8,13,20,44,1,4,7,9,10,19,1,6,1,4,10,25
2016_2,신월3동골목시장,452,255,197,53,46,65,76,94,118,33,26,37,47,58,54,20,20,28,29,36,64
2016_2,경창시장,370,182,188,61,45,48,57,58,101,33,22,24,32,29,42,28,23,24,25,29,59
2016_2,월정로시장,1522,781,741,216,180,228,236,284,378,110,87,128,127,158,171,106,93,100,109,126,207
2016_2,신영시장,1322,628,694,195,148,179,243,253,304,79,68,87,131,127,136,116,80,92,112,126,168
2016_2,목4동시장,1189,595,594,208,193,135,222,207,224,113,115,65,105,101,96,95,78,70,117,106,128
2016_2,목3동시장,1217,626,591,160,206,244,195,197,215,81,106,146,98,98,97,79,100,98,97,99,118
2016_2,목2동시장,1168,585,583,96,157,220,162,209,324,49,66,124,79,111,156,47,91,96,83,98,168
2016_2,동진시장,27,15,12,5,2,6,4,4,6,3,1,3,2,2,4,2,1,3,2,2,2
2016_2,망원월드컵시장,707,333,374,118,105,125,120,98,141,59,48,57,61,41,67,59,57,68,59,57,74
2016_2,망원시장,1692,806,886,184,211,334,293,263,407,101,94,163,154,124,170,83,117,171,139,139,237
2016_2,합정시장,94,37,57,13,10,25,13,11,22,5,4,11,7,3,7,8,6,14,6,8,15
2016_2,영진시장,218,100,118,20,28,42,32,34,62,12,14,17,16,14,27,8,14,25,16,20,35
2016_2,서교시장,34,25,9,1,10,11,2,6,4,1,7,10,1,4,2,0,3,1,1,2,2
2016_2,신수시장,63,30,33,7,7,10,4,13,22,3,2,6,1,7,11,4,5,4,3,6,11
2016_2,아현시장,450,214,236,62,52,61,81,60,134,33,27,31,39,31,53,29,25,30,42,29,81
2016_2,마포시장,15,6,9,3,0,0,4,2,6,1,0,0,1,2,2,2,0,0,3,0,4
2016_2,백련시장,147,68,79,14,14,26,19,29,45,9,9,11,10,13,16,5,5,15,9,16,29
2016_2,모래내시장,101,55,46,0,9,8,14,21,49,0,6,6,11,10,22,0,3,2,3,11,27
2016_2,포방터시장,497,243,254,68,58,55,85,85,146,36,30,29,41,51,56,32,28,26,44,34,90
2016_2,인왕시장,317,164,153,34,41,36,51,61,94,18,20,24,31,34,37,16,21,12,20,27,57
2016_2,아현가구거리상점가,152,77,75,15,34,20,20,28,35,10,21,10,8,13,15,5,13,10,12,15,20
2016_2,영천시장,414,194,220,40,48,47,68,81,130,17,23,28,35,42,49,23,25,19,33,39,81
2016_2,수일시장,121,56,65,2,13,7,14,29,56,1,5,5,9,11,25,1,8,2,5,18,31
2016_2,증산종합시장,162,79,83,22,19,16,33,34,38,8,9,10,17,14,21,14,10,6,16,20,17
2016_2,대림골목시장,681,338,343,102,64,87,107,125,196,58,33,45,51,68,83,44,31,42,56,57,113
2016_2,신응암시장,210,120,90,32,26,43,32,29,48,21,16,28,18,15,22,11,10,15,14,14,26
2016_2,녹번시장,31,15,16,7,2,0,10,1,11,4,1,0,3,1,6,3,1,0,7,0,5
2016_2,역촌중앙시장,12,8,4,0,1,0,2,4,5,0,1,0,0,4,3,0,0,0,2,0,2
2016_2,갈현시장,64,32,32,7,12,10,2,21,12,3,8,6,1,8,6,4,4,4,1,13,6
2016_2,연서시장,282,134,148,24,36,43,29,54,96,10,15,22,19,25,43,14,21,21,10,29,53
2016_2,상계중앙시장,1438,686,752,137,199,180,216,308,398,70,92,95,112,135,182,67,107,85,104,173,216
2016_2,공릉동도깨비시장,1321,658,663,155,249,234,159,232,292,69,118,129,81,121,140,86,131,105,78,111,152
2016_2,방학동도깨비시장,1113,565,548,150,160,116,202,207,278,82,98,62,107,96,120,68,62,54,95,111,158
2016_2,쌍문역골목시장,743,381,362,78,95,124,107,122,217,38,59,65,53,62,104,40,36,59,54,60,113
2016_2,백운시장,365,177,188,54,46,48,64,58,95,25,21,27,35,33,36,29,25,21,29,25,59
2016_2,신도봉시장,214,111,103,30,36,25,35,40,48,11,19,17,13,25,26,19,17,8,22,15,22
2016_2,창동골목시장,1042,512,530,131,140,131,170,179,291,74,72,65,94,88,119,57,68,66,76,91,172
2016_2,창동신창시장,2150,1048,1102,352,301,309,370,383,435,165,163,143,191,187,199,187,138,166,179,196,236
2016_2,수유북부시장,68,32,36,4,6,11,7,10,30,2,3,5,6,4,12,2,3,6,1,6,18
2016_2,장미원골목시장,1273,621,652,191,163,209,176,209,325,109,79,119,82,97,135,82,84,90,94,112,190
2016_2,수유중앙시장,47,28,19,3,14,2,4,15,9,3,8,2,4,8,3,0,6,0,0,7,6
2016_2,강북종합시장,772,397,375,74,121,102,119,152,204,39,50,54,70,89,95,35,71,48,49,63,109
2016_2,우이시장,1586,804,782,252,208,200,280,256,390,133,118,108,135,140,170,119,90,92,145,116,220
2016_2,수유전통시장,565,276,289,56,86,94,68,105,156,30,44,44,37,48,73,26,42,50,31,57,83
2016_2,번동북부골목시장,1044,493,551,164,119,177,191,143,250,77,49,85,105,61,116,87,70,92,86,82,134
2016_2,솔샘시장,169,82,87,21,24,18,28,28,50,12,13,7,17,13,20,9,11,11,11,15,30
2016_2,숭인시장,247,123,124,25,24,45,43,48,62,12,9,23,21,30,28,13,15,22,22,18,34
2016_2,방천골목시장,1537,762,775,176,205,233,254,288,381,92,102,129,130,139,170,84,103,104,124,149,211
2016_2,동북시장,37,19,18,5,4,5,2,3,18,1,2,3,1,2,10,4,2,2,1,1,8
2016_2,석관황금시장,1994,1018,976,237,295,255,351,354,502,120,160,127,196,178,237,117,135,128,155,176,265
2016_2,석관시장,183,106,77,23,26,18,38,39,39,15,16,9,26,24,16,8,10,9,12,15,23
2016_2,새석관시장,96,44,52,7,17,8,10,19,35,5,4,6,8,9,12,2,13,2,2,10,23
2016_2,번동시장,31,19,12,7,2,3,4,6,9,5,1,2,2,3,6,2,1,1,2,3,3
2016_2,장위전통시장,1645,819,826,231,229,206,259,291,429,124,124,108,141,132,190,107,105,98,118,159,239
2016_2,밤나무골시장,244,120,124,35,20,32,43,45,69,17,11,19,22,24,27,18,9,13,21,21,42
2016_2,길음시장,9,8,1,0,2,1,5,1,0,0,2,1,4,1,0,0,0,0,1,0,0
2016_2,정릉시장,1286,669,617,139,251,189,173,211,323,79,143,112,93,91,151,60,108,77,80,120,172
2016_2,정릉아리랑시장,528,250,278,89,59,97,94,75,114,42,27,52,49,32,48,47,32,45,45,43,66
2016_2,돈암제일시장,235,108,127,18,46,35,19,35,82,10,23,21,11,15,28,8,23,14,8,20,54
2016_2,유영시장,125,59,66,27,12,18,30,11,27,15,7,7,13,5,12,12,5,11,17,6,15
2016_2,우림골목시장,2249,1173,1076,263,287,322,345,459,573,137,159,186,184,241,266,126,128,136,161,218,307
2016_2,묵1동도깨비시장,668,339,329,102,102,91,118,105,150,54,60,43,54,52,76,48,42,48,64,53,74
2016_2,태능시장,989,491,498,139,130,143,160,194,223,59,74,80,78,95,105,80,56,63,82,99,118
2016_2,중화제일시장,1905,981,924,262,277,252,347,364,403,124,155,146,185,178,193,138,122,106,162,186,210
2016_2,사가정시장,2016,1012,1004,228,332,310,304,338,504,113,177,173,146,173,230,115,155,137,158,165,274
2016_2,면목골목시장,1394,726,668,185,187,216,249,238,319,103,98,129,134,123,139,82,89,87,115,115,180
2016_2,동원시장,2201,1111,1090,293,286,348,328,418,528,151,150,188,174,214,234,142,136,160,154,204,294
2016_2,동부골목시장,1279,668,611,146,234,252,183,225,239,66,121,151,96,132,102,80,113,101,87,93,137
2016_2,이경시장,265,135,130,30,43,28,41,51,72,15,25,12,22,30,31,15,18,16,19,21,41
2016_2,회기시장,1167,513,654,71,447,205,119,102,223,29,179,108,51,49,97,42,268,97,68,53,126
2016_2,청량리청과물시장,59,39,20,0,1,4,13,18,23,0,1,2,9,13,14,0,0,2,4,5,9
2016_2,전곡시장,240,120,120,41,25,24,51,37,62,20,15,13,27,17,28,21,10,11,24,20,34
2016_2,답십리시장,463,219,244,66,59,66,89,77,106,29,26,32,46,39,47,37,33,34,43,38,59
2016_2,동부시장,2,1,1,0,0,0,0,0,2,0,0,0,0,0,1,0,0,0,0,0,1
2016_2,답십리현대시장,367,185,182,43,33,47,56,59,129,23,16,30,35,30,51,20,17,17,21,29,78
2016_2,전농로터리시장,101,64,37,5,9,13,17,24,33,4,6,11,11,14,18,1,3,2,6,10,15
2016_2,청량리종합시장,111,61,50,1,6,18,9,25,52,0,4,11,6,13,27,1,2,7,3,12,25
2016_2,청량리전통시장,171,128,43,3,10,12,14,50,82,2,9,5,13,42,57,1,1,7,1,8,25
2016_2,청량리농수산물시장,179,89,90,29,27,23,18,37,45,19,15,12,5,18,20,10,12,11,13,19,25
2016_2,서울약령시장,2221,1217,1004,144,313,309,333,407,715,91,185,179,204,221,337,53,128,130,129,186,378
2016_2,동서시장,2,2,0,0,0,0,1,1,0,0,0,0,1,1,0,0,0,0,0,0,0
2016_2,경동시장,12,7,5,0,0,0,2,2,8,0,0,0,2,2,3,0,0,0,0,0,5
2016_2,청량리수산시장,478,255,223,32,75,85,71,71,144,16,35,47,48,39,70,16,40,38,23,32,74
2016_2,용두시장,18,12,6,0,1,2,3,2,10,0,0,2,3,1,6,0,1,0,0,1,4
2016_2,동부청과시장,2,2,0,0,0,1,0,0,1,0,0,1,0,0,1,0,0,0,0,0,0
2016_2,구의시장,138,70,68,19,15,18,19,21,46,9,7,11,11,9,23,10,8,7,8,12,23
2016_2,조양시장,74,32,42,3,32,12,3,7,17,2,14,5,0,4,7,1,18,7,3,3,10
2016_2,영동교골목시장,1293,651,642,132,181,168,243,228,341,71,93,91,129,119,148,61,88,77,114,109,193
2016_2,능동로골목시장,399,206,193,45,61,48,54,81,110,25,29,26,25,45,56,20,32,22,29,36,54
2016_2,노룬산골목시장,341,178,163,27,45,46,48,86,89,19,27,24,27,46,35,8,18,22,21,40,54
2016_2,자양종합시장,62,32,30,14,7,11,8,13,9,6,3,6,5,6,6,8,4,5,3,7,3
2016_2,자양골목시장,2044,999,1045,274,319,386,323,358,384,138,158,195,157,176,175,136,161,191,166,182,209
2016_2,신성골목시장,102,45,57,14,14,10,18,18,28,7,7,5,8,5,13,7,7,5,10,13,15
2016_2,면곡골목시장,484,250,234,74,64,76,84,90,96,44,29,35,46,48,48,30,35,41,38,42,48
2016_2,중곡제일시장,886,448,438,121,114,139,131,177,204,68,58,76,57,91,98,53,56,63,74,86,106
2016_2,화양제일골목시장,937,420,517,57,342,217,94,99,128,29,133,102,52,47,57,28,209,115,42,52,71
2016_2,한아름시장,15,8,7,0,5,3,2,2,3,0,2,1,1,2,2,0,3,2,1,0,1
2016_2,성동용답상가시장,2104,1067,1037,260,312,313,358,393,468,134,166,160,188,202,217,126,146,153,170,191,251
2016_2,뚝도시장,609,322,287,68,79,72,103,132,155,36,46,42,54,75,69,32,33,30,49,57,86
2016_2,금남시장,239,125,114,16,20,34,34,46,89,8,10,21,23,25,38,8,10,13,11,21,51
2016_2,행당시장,1566,798,768,173,282,241,240,278,352,85,133,137,121,149,173,88,149,104,119,129,179
2016_2,마장축산물시장,353,197,156,42,33,44,59,62,113,28,22,24,34,38,51,14,11,20,25,24,62
2016_2,보광시장,7,3,4,0,0,1,1,0,5,0,0,1,0,0,2,0,0,0,1,0,3
2016_2,이태원제일시장,38,17,21,3,6,4,7,6,12,2,1,2,5,2,5,1,5,2,2,4,7
2016_2,이태원시장,64,30,34,11,4,11,9,11,18,5,0,5,7,4,9,6,4,6,2,7,9
2016_2,이촌종합시장,103,58,45,9,16,13,14,25,26,3,11,9,7,13,15,6,5,4,7,12,11
2016_2,용문전통시장,315,149,166,38,55,57,53,39,73,18,28,33,27,18,25,20,27,24,26,21,48
2016_2,만리시장,32,20,12,0,3,1,4,12,12,0,2,1,3,8,6,0,1,0,1,4,6
2016_2,신흥시장,156,81,75,12,17,21,11,31,64,4,11,10,8,20,28,8,6,11,3,11,36
2016_2,후암시장,293,144,149,21,51,35,36,63,87,10,24,21,22,29,38,11,27,14,14,34,49
2016_2,합동(새벽)시장,66,48,18,3,2,9,11,20,21,2,1,5,10,16,14,1,1,4,1,4,7
2016_2,서울중앙시장,1138,600,538,101,126,130,153,220,408,57,71,78,87,120,187,44,55,52,66,100,221
2016_2,백학시장,882,457,425,83,107,128,128,174,262,41,64,70,73,90,119,42,43,58,55,84,143
2016_2,약수시장,1096,518,578,134,170,156,182,156,298,70,79,72,97,76,124,64,91,84,85,80,174
2016_2,청평화시장,1,1,0,0,0,0,1,0,0,0,0,0,1,0,0,0,0,0,0,0,0
2016_2,동평화시장,65,31,34,3,8,6,8,23,17,2,4,1,6,10,8,1,4,5,2,13,9
2016_2,방산종합시장,325,210,115,20,47,39,46,68,105,11,26,25,32,48,68,9,21,14,14,20,37
2016_2,평화시장,1,1,0,0,0,0,0,0,1,0,0,0,0,0,1,0,0,0,0,0,0
2016_2,인현시장,156,87,69,10,23,13,19,37,54,5,13,6,12,22,29,5,10,7,7,15,25
2016_2,신중부시장,291,190,101,12,15,25,47,80,112,10,8,14,32,59,67,2,7,11,15,21,45
2016_2,남대문시장,84,49,35,1,4,10,13,24,32,1,3,6,9,16,14,0,1,4,4,8,18
2016_2,신설종합시장,18,13,5,0,2,1,2,4,9,0,2,1,2,3,5,0,0,0,0,1,4
2016_2,동묘시장,801,452,349,48,189,121,106,131,206,24,84,69,67,90,118,24,105,52,39,41,88
2016_2,창신골목시장,437,222,215,41,55,41,71,85,144,17,35,24,37,46,63,24,20,17,34,39,81
2016_2,충신시장,168,87,81,18,22,11,33,35,49,9,10,7,17,21,23,9,12,4,16,14,26
2016_2,종로신진시장,121,79,42,2,12,7,21,36,43,1,8,5,17,26,22,1,4,2,4,10,21
2016_2,동대문종합시장,3,3,0,0,0,0,1,2,0,0,0,0,1,2,0,0,0,0,0,0,0
2016_2,광장시장,53,27,26,2,4,2,4,14,27,2,2,1,1,10,11,0,2,1,3,4,16
2016_2,통인시장,791,372,419,117,98,111,120,127,218,67,44,51,59,56,95,50,54,60,61,71,123
2016_2,서울 노원구 노원역_3,133,67,66,11,31,22,24,17,28,5,10,11,10,13,18,6,21,11,14,4,10
2016_2,서울 노원구 노원역_2,41,35,6,0,5,2,9,13,12,0,2,2,9,11,11,0,3,0,0,2,1
2016_2,서울 노원구 노원역_1,724,327,397,129,95,112,122,126,140,54,53,47,55,57,61,75,42,65,67,69,79
2016_2,창동역,344,222,122,10,88,69,62,62,53,5,33,42,49,49,44,5,55,27,13,13,9
2016_2,서울 강북구 수유역_3,710,384,326,50,130,126,110,130,164,26,53,64,62,85,94,24,77,62,48,45,70
2016_2,서울 강북구 수유역_2,2067,1042,1025,128,359,396,345,319,520,68,165,214,182,179,234,60,194,182,163,140,286
2016_2,서울 강북구 수유역_1,822,405,417,84,168,180,126,118,146,48,66,85,75,63,68,36,102,95,51,55,78
2016_2,서울 은평구 연신내역_3,74,51,23,3,19,5,17,16,14,2,12,4,10,13,10,1,7,1,7,3,4
2016_2,서울 은평구 연신내역_2,1238,618,620,143,221,272,192,180,230,76,104,150,105,87,96,67,117,122,87,93,134
2016_2,서울 은평구 연신내역_1,125,50,75,3,34,31,16,23,18,1,11,9,8,11,10,2,23,22,8,12,8
2016_2,서울 성북구 미아삼거리역_2,498,276,222,28,86,73,54,109,148,16,55,36,35,60,74,12,31,37,19,49,74
2016_2,서울 강북구 미아삼거리역_1,411,234,177,24,40,58,82,84,123,18,25,32,52,42,65,6,15,26,30,42,58
2016_2,서울 은평구 불광역_2,553,284,269,40,136,113,70,80,114,23,61,60,39,43,58,17,75,53,31,37,56
2016_2,서울 은평구 불광역_1,600,282,318,46,109,120,74,97,154,22,45,68,32,44,71,24,64,52,42,53,83
2016_2,미아사거리_2,109,59,50,9,16,13,14,23,34,4,10,8,8,13,16,5,6,5,6,10,18
2016_2,미아사거리_1,230,107,123,9,68,46,25,32,50,6,18,15,20,19,29,3,50,31,5,13,21
2016_2,서울 성북구 성신여대입구역,950,429,521,65,267,194,145,127,152,33,99,80,78,65,74,32,168,114,67,62,78
2016_2,경희대학교,387,185,202,31,130,66,43,38,79,15,58,34,23,19,36,16,72,32,20,19,43
2016_2,서울 성북구 안암역,397,178,219,24,173,60,27,40,73,11,71,27,18,18,33,13,102,33,9,22,40
2016_2,혜화역 대학로_3,703,320,383,49,228,124,81,83,138,25,95,59,41,39,61,24,133,65,40,44,77
2016_2,혜화역 대학로_2,814,396,418,67,293,173,88,66,127,32,136,89,54,31,54,35,157,84,34,35,73
2016_2,혜화역 대학로_1,541,236,305,53,134,112,72,67,103,25,51,52,35,32,41,28,83,60,37,35,62
2016_2,디지털미디어시티,244,120,124,69,38,21,58,44,14,35,18,7,30,25,5,34,20,14,28,19,9
2016_2,서울 동대문구 청량리역,3079,1581,1498,350,420,423,399,544,943,163,205,221,215,290,487,187,215,202,184,254,456
2016_2,서울 종로구 경복궁역_2,313,153,160,40,36,68,47,44,78,22,20,37,19,18,37,18,16,31,28,26,41
2016_2,서울 종로구 안국역_2,222,106,116,32,27,17,42,41,63,18,13,9,17,18,31,14,14,8,25,23,32
2016_2,서울 종로구 안국역_1,115,52,63,16,6,16,17,18,42,9,4,4,10,12,13,7,2,12,7,6,29
2016_2,서울 종로구 경복궁역_1,697,314,383,77,94,110,122,109,185,36,42,50,57,49,80,41,52,60,65,60,105
2016_2,서울 종로구 종로3가역_3,173,129,44,11,13,11,30,52,56,6,10,8,23,42,40,5,3,3,7,10,16
2016_2,서울 종로구 종로3가역_2,2550,1733,817,71,105,161,311,677,1225,42,76,110,236,526,743,29,29,51,75,151,482
2016_2,서울 동대문구 신설동역_2,340,212,128,12,68,81,54,50,75,8,29,40,41,37,57,4,39,41,13,13,18
2016_2,인사동,719,373,346,80,67,104,107,113,248,47,35,55,61,55,120,33,32,49,46,58,128
2016_2,서울 종로구 종로5가역_4,306,175,131,22,45,33,46,60,100,13,27,23,29,36,47,9,18,10,17,24,53
2016_2,서울 종로구 종로5가역_3,826,507,319,51,53,90,140,176,316,31,30,56,92,121,177,20,23,34,48,55,139
2016_2,종로구청,550,309,241,41,80,74,93,108,154,24,45,46,49,63,82,17,35,28,44,45,72
2016_2,서울 종로구 종로5가역_2,1975,978,997,243,398,377,258,280,419,120,190,185,130,142,211,123,208,192,128,138,208
2016_2,신설동역,298,181,117,10,85,62,42,41,58,5,33,36,31,30,46,5,52,26,11,11,12
2016_2,서울 동대문구 신설동역_1,168,121,47,4,17,28,15,42,62,2,6,17,12,34,50,2,11,11,3,8,12
2016_2,서울 종로구 광화문역_2,2297,1051,1246,331,253,434,358,327,594,170,109,180,160,161,271,161,144,254,198,166,323
2016_2,동묘앞역,943,480,463,141,125,126,149,183,219,77,67,61,84,93,98,64,58,65,65,90,121
2016_2,장안동사거리,3542,1796,1746,428,597,945,594,449,529,223,283,509,303,221,257,205,314,436,291,228,272
2016_2,서울 종로구 동대문역_2,670,429,241,26,62,76,79,188,239,11,33,56,57,130,142,15,29,20,22,58,97
2016_2,서울 종로구 동대문역_1,137,71,66,15,20,13,22,28,39,6,8,7,14,14,22,9,12,6,8,14,17
2016_2,동대문시장_2,37,19,18,1,2,5,5,9,15,0,0,2,3,5,9,1,2,3,2,4,6
2016_2,서울 종로구 종로5가역_1,28,8,20,0,0,0,5,6,17,0,0,0,4,0,4,0,0,0,1,6,13
2016_2,서울 종로구 종로3가역_1,187,143,44,6,48,12,28,44,49,4,40,7,24,33,35,2,8,5,4,11,14
2016_2,서울 종로구 광화문역_1,1,1,0,0,0,0,0,0,1,0,0,0,0,0,1,0,0,0,0,0,0
2016_2,종각역,3,1,2,0,0,1,0,2,0,0,0,0,0,1,0,0,0,1,0,1,0
2016_2,종각역 젊음의 거리,105,74,31,4,28,19,11,20,23,2,23,15,7,12,15,2,5,4,4,8,8
2016_2,서대문구 서대문역_1,110,83,27,2,2,6,18,36,46,0,1,5,16,30,31,2,1,1,2,6,15
2016_2,동대문시장_1,34,21,13,0,3,6,4,9,12,0,1,4,4,6,6,0,2,2,0,3,6
2016_2,시청역_2,57,34,23,12,8,12,16,6,3,7,7,5,8,4,3,5,1,7,8,2,0
2016_2,서울시청,90,53,37,8,1,13,10,24,34,5,1,7,5,12,23,3,0,6,5,12,11
2016_2,서울 중구 을지로3가역_2,561,380,181,15,31,34,72,140,269,8,16,22,52,110,172,7,15,12,20,30,97
2016_2,서울 중구 신당역_2,356,191,165,20,76,67,57,66,70,11,27,35,35,42,41,9,49,32,22,24,29
2016_2,서대문구 서대문역_2,901,439,462,73,189,203,127,149,160,34,70,110,71,85,69,39,119,93,56,64,91
2016_2,동대문역사문화공원역,454,278,176,11,47,65,73,103,155,2,27,37,49,69,94,9,20,28,24,34,61
2016_2,서울 중구 을지로3가역_1,256,180,76,9,18,24,34,61,110,3,10,17,24,47,79,6,8,7,10,14,31
2016_2,명동거리,632,67,565,7,20,66,129,136,274,0,6,7,15,21,18,7,14,59,114,115,256
2016_2,롯데백화점,1,1,0,0,0,1,0,0,0,0,0,1,0,0,0,0,0,0,0,0,0
2016_2,서울 중구 신당역_1,964,527,437,88,117,125,161,222,251,50,71,78,84,126,118,38,46,47,77,96,133
2016_2,북창동,279,177,102,3,19,37,50,66,104,0,9,32,31,41,64,3,10,5,19,25,40
2016_2,서울 중구 충무로역_2,705,394,311,44,90,108,97,139,227,24,43,56,67,87,117,20,47,52,30,52,110
2016_2,서울 강서구 송정역,2100,1006,1094,176,426,344,283,353,518,93,171,178,152,181,231,83,255,166,131,172,287
2016_2,장한평역_2,1125,631,494,113,176,228,191,193,224,60,74,129,118,128,122,53,102,99,73,65,102
2016_2,시청역_1,322,161,161,53,30,87,61,43,48,27,9,43,37,22,23,26,21,44,24,21,25
2016_2,왕십리역_2,456,212,244,58,86,69,76,72,95,20,38,37,40,35,42,38,48,32,36,37,53
2016_2,서울 강서구 발산역,102,51,51,0,18,37,21,19,7,0,7,17,11,12,4,0,11,20,10,7,3
2016_2,장한평역_1,214,130,84,10,31,25,48,52,48,6,22,13,35,31,23,4,9,12,13,21,25
2016_2,서울 중구 충무로역_1,816,409,407,63,110,105,118,148,272,25,51,62,72,80,119,38,59,43,46,68,153
2016_2,왕십리역_1,3,2,1,0,0,0,1,2,0,0,0,0,1,1,0,0,0,0,0,1,0
2016_2,장한평역,1102,818,284,25,172,266,238,258,143,14,76,174,209,235,110,11,96,92,29,23,33
2016_2,서울 중구 명동역,542,265,277,31,39,73,104,104,191,13,17,37,61,49,88,18,22,36,43,55,103
2016_2,장충동 족발거리,189,106,83,23,68,28,31,15,24,13,36,17,20,8,12,10,32,11,11,7,12
2016_2,한양시장,984,492,492,41,568,152,58,59,106,20,281,86,30,30,45,21,287,66,28,29,61
2016_2,서울 서대문구 이대역,1302,498,804,60,357,182,186,164,353,22,65,83,102,76,150,38,292,99,84,88,203
2016_2,서울 서대문구 신촌역,2853,1420,1433,147,1194,489,285,288,450,78,554,259,172,153,204,69,640,230,113,135,246
2016_2,서울 마포구 홍대입구역_3,206,95,111,10,45,70,36,23,22,4,19,32,19,11,10,6,26,38,17,12,12
2016_2,서울 마포구 홍대입구역_2,588,275,313,63,105,139,70,61,150,33,48,54,39,29,72,30,57,85,31,32,78
2016_2,홍익대학교 주변,5423,2555,2868,442,1331,1364,786,563,937,220,592,672,396,263,412,222,739,692,390,300,525
2016_2,서울 광진구 군자역,1713,796,917,145,400,456,191,232,289,72,161,210,106,106,141,73,239,246,85,126,148
2016_2,신촌역,1299,664,635,71,416,278,172,144,218,43,195,139,95,82,110,28,221,139,77,62,108
2016_2,강서구청,2535,1250,1285,294,439,588,417,381,416,149,164,294,251,198,194,145,275,294,166,183,222
2016_2,서울 마포구 홍대입구역_1,692,354,338,61,111,189,112,69,150,30,57,105,56,41,65,31,54,84,56,28,85
2016_2,서울 중구 약수역_2,51,30,21,5,3,8,10,4,21,4,2,4,7,1,12,1,1,4,3,3,9
2016_2,서울 중구 약수역_1,13,9,4,1,3,2,3,1,3,1,2,1,3,0,2,0,1,1,0,1,1
2016_2,서울 강동구 고덕역,2673,1341,1332,573,419,309,477,523,372,317,238,136,217,255,178,256,181,173,260,268,194
2016_2,등촌역,1035,487,548,115,220,286,136,127,151,62,74,148,72,65,66,53,146,138,64,62,85
2016_2,서울 강동구 명일역,1917,958,959,272,244,306,322,326,447,144,120,160,160,158,216,128,124,146,162,168,231
2016_2,어린이대공원역,675,384,291,82,141,115,120,117,100,49,70,70,73,71,51,33,71,45,47,46,49
2016_2,서울 마포구 공덕역_2,31,16,15,1,7,2,4,7,10,0,4,1,3,4,4,1,3,1,1,3,6
2016_2,공덕역,57,40,17,2,4,6,14,15,16,1,2,3,12,10,12,1,2,3,2,5,4
2016_2,서울 용산구 숙대입구역,529,296,233,39,73,92,82,95,148,19,45,50,50,57,75,20,28,42,32,38,73
2016_2,남영역,1,0,1,0,0,1,0,0,0,0,0,0,0,0,0,0,0,1,0,0,0
2016_2,서울 마포구 마포역_2,3301,1509,1792,508,423,881,700,370,419,247,171,398,333,178,182,261,252,483,367,192,237
2016_2,서울 광진구 건대입구역_2,2085,922,1163,128,770,468,222,168,329,65,280,232,113,87,145,63,490,236,109,81,184
2016_2,서울 마포구 마포역_1,735,369,366,62,97,143,103,123,207,37,44,74,59,58,97,25,53,69,44,65,110
2016_2,서울 강동구 천호역_2,3021,1565,1456,247,383,660,512,546,673,131,188,336,296,289,325,116,195,324,216,257,348
2016_2,서울 광진구 건대입구역_1,1149,539,610,88,243,224,182,170,242,41,96,106,93,84,119,47,147,118,89,86,123
2016_2,건대입구역,536,228,308,26,15,21,24,19,431,13,4,7,10,8,186,13,11,14,14,11,245
2016_2,서울 광진구 구의역,1971,924,1047,147,464,501,294,270,295,71,176,242,167,128,140,76,288,259,127,142,155
2016_2,서울 강동구 천호역,314,148,166,29,42,65,49,44,85,17,17,31,23,21,39,12,25,34,26,23,46
2016_2,당산역_2,994,448,546,26,206,180,113,165,304,17,71,79,55,94,132,9,135,101,58,71,172
2016_2,서울 강동구 천호역_1,343,164,179,41,62,46,61,58,75,16,32,24,32,29,31,25,30,22,29,29,44
2016_2,서울 강동구 길동역,3080,1524,1556,189,845,756,455,443,392,87,305,392,283,246,211,102,540,364,172,197,181
2016_2,용산 전자상가_5,397,228,169,38,47,77,74,55,106,21,30,53,46,34,44,17,17,24,28,21,62
2016_2,용산 전자상가_4,106,67,39,9,9,22,25,19,22,6,5,16,20,11,9,3,4,6,5,8,13
2016_2,당산역_1,1031,491,540,81,288,336,121,105,100,43,101,175,68,58,46,38,187,161,53,47,54
2016_2,서울 광진구 강변역,197,92,105,30,33,20,24,33,57,15,15,6,11,13,32,15,18,14,13,20,25
2016_2,용산 전자상가_3,255,127,128,22,35,52,34,42,70,12,19,28,19,17,32,10,16,24,15,25,38
2016_2,서울 용산구 이태원역,996,532,464,71,166,191,157,186,225,36,87,114,82,107,106,35,79,77,75,79,119
2016_2,한남오거리,191,100,91,9,32,24,31,32,63,5,19,13,18,15,30,4,13,11,13,17,33
2016_2,목동사거리,48,30,18,0,13,9,10,9,7,0,4,3,10,7,6,0,9,6,0,2,1
2016_2,용산 전자상가_2,152,83,69,19,27,34,17,26,29,15,13,17,11,14,13,4,14,17,6,12,16
2016_2,용산구청,115,53,62,17,12,23,21,10,32,7,7,10,13,3,13,10,5,13,8,7,19
2016_2,용산 전자상가_1,328,184,144,38,42,97,70,51,30,15,22,52,46,30,19,23,20,45,24,21,11
2016_2,국회의사당역_2,633,333,300,28,101,181,122,111,90,15,45,85,69,70,49,13,56,96,53,41,41
2016_2,서울 용산구 신용산역,237,127,110,17,26,35,37,45,77,14,17,19,19,22,36,3,9,16,18,23,41
2016_2,압구정 로데오거리_2,1349,649,700,196,155,281,277,164,276,93,71,134,147,82,122,103,84,147,130,82,154
2016_2,서울 강남구 압구정역,1952,862,1090,246,322,409,344,226,405,124,137,168,148,111,174,122,185,241,196,115,231
2016_2,서울 영등포구 영등포구청역,1357,686,671,90,266,269,187,219,326,44,123,137,93,127,162,46,143,132,94,92,164
2016_2,압구정 로데오거리_1,613,294,319,91,67,90,93,85,187,45,36,40,38,43,92,46,31,50,55,42,95
2016_2,서울 강동구 둔촌동역,840,451,389,123,118,127,163,140,169,76,68,69,79,80,79,47,50,58,84,60,90
2016_2,오목교역,900,426,474,229,116,100,206,129,120,111,50,41,102,60,62,118,66,59,104,69,58
2016_2,신사동 가로수길,4121,1902,2219,558,597,929,764,497,776,295,241,411,367,242,346,263,356,518,397,255,430
2016_2,서울 영등포구 여의도역_2,14,11,3,1,1,1,4,5,2,0,1,1,3,4,2,1,0,0,1,1,0
2016_2,청담사거리_3,884,400,484,58,78,115,179,151,303,25,42,54,85,69,125,33,36,61,94,82,178
2016_2,영등포유통상가,431,253,178,37,50,73,77,70,124,19,32,46,53,40,63,18,18,27,24,30,61
2016_2,청담역_2,477,222,255,96,62,95,89,79,56,47,31,37,40,35,32,49,31,58,49,44,24
2016_2,청담역_1,202,98,104,43,30,22,32,32,43,20,18,10,15,17,18,23,12,12,17,15,25
2016_2,청담사거리_2,349,169,180,46,44,61,57,57,84,20,25,30,27,27,40,26,19,31,30,30,44
2016_2,청담사거리_1,256,117,139,35,40,60,53,38,30,17,18,28,25,19,10,18,22,32,28,19,20
2016_2,서울 영등포구 여의도역_1,1404,684,720,266,154,191,252,220,321,147,63,80,120,117,157,119,91,111,132,103,164
2016_2,서울 양천구 신정네거리역_2,298,147,151,31,53,47,35,59,73,18,24,28,18,26,33,13,29,19,17,33,40
2016_2,학동사거리_2,485,246,239,87,64,84,98,61,91,56,36,34,46,26,48,31,28,50,52,35,43
2016_2,서울 영등포구 영등포시장역,1499,963,536,50,97,150,269,366,567,26,57,98,186,267,329,24,40,52,83,99,238
2016_2,학동사거리_1,491,241,250,55,78,107,94,57,100,29,31,49,47,35,50,26,47,58,47,22,50
2016_2,여의도 시범아파트앞,633,303,330,88,64,77,93,94,217,40,32,37,46,49,99,48,32,40,47,45,118
2016_2,영등포역_3,398,244,154,12,111,92,51,63,69,8,43,57,37,48,51,4,68,35,14,15,18
2016_2,도산공원사거리_1,445,199,246,61,73,116,63,51,81,30,30,53,28,22,36,31,43,63,35,29,45
2016_2,영등포역_2,635,478,157,13,96,83,121,167,155,8,39,62,113,143,113,5,57,21,8,24,42
2016_2,문래동 주민센터,226,112,114,51,27,33,38,31,46,31,13,18,18,15,17,20,14,15,20,16,29
2016_2,강남구 신사역_2,1063,480,583,77,209,309,167,124,177,37,80,127,97,62,77,40,129,182,70,62,100
2016_2,영등포역_1,164,90,74,5,77,36,16,18,12,1,29,24,12,14,10,4,48,12,4,4,2
2016_2,서울 강남구 강남구청역_2,711,362,349,33,57,125,162,134,200,14,31,56,83,90,88,19,26,69,79,44,112
2016_2,강남구 신사역_1,853,459,394,53,128,207,168,121,176,30,61,106,105,64,93,23,67,101,63,57,83
2016_2,서울 동작구 노량진1동_1,26,20,6,0,2,4,3,8,9,0,1,4,3,8,4,0,1,0,0,0,5
2016_2,서울 강남구 학동역_3,137,72,65,4,22,37,25,22,27,3,11,21,11,12,14,1,11,16,14,10,13
2016_2,서울 강남구 강남구청역_1,582,281,301,60,95,168,107,75,77,32,40,72,50,44,43,28,55,96,57,31,34
2016_2,잠실역,2356,1118,1238,336,367,347,292,435,579,161,187,160,116,198,296,175,180,187,176,237,283
2016_2,강남구 논현역_4,1855,918,937,154,333,520,333,236,279,81,152,241,176,130,138,73,181,279,157,106,141
2016_2,학동역,485,192,293,27,91,184,77,51,55,15,32,67,32,25,21,12,59,117,45,26,34
2016_2,방이동 먹자골목,1369,734,635,102,241,353,223,224,226,59,109,192,136,122,116,43,132,161,87,102,110
2016_2,서울 강남구 학동역_2,100,47,53,3,29,34,12,9,13,0,9,18,10,5,5,3,20,16,2,4,8
2016_2,서울 동작구 노량진역,1114,543,571,51,572,195,92,75,129,22,249,129,57,31,55,29,323,66,35,44,74
2016_2,삼성역_3,56,41,15,2,15,10,7,8,14,2,12,6,6,4,11,0,3,4,1,4,3
2016_2,코엑스,19,11,8,6,1,1,3,4,4,3,0,1,1,3,3,3,1,0,2,1,1
2016_2,서울 강남구 학동역_1,943,424,519,78,196,275,154,87,153,38,79,118,75,41,73,40,117,157,79,46,80
2016_2,선정릉역_2,2045,909,1136,229,285,491,417,264,359,110,121,207,193,130,148,119,164,284,224,134,211
2016_2,강남구 논현역_3,77,37,40,4,13,25,9,9,17,2,6,12,5,4,8,2,7,13,4,5,9
2016_2,포스코사거리_2,694,350,344,66,139,146,130,108,105,41,65,72,62,65,45,25,74,74,68,43,60
2016_2,포스코사거리_1,2210,1068,1142,258,356,574,378,303,341,122,169,265,202,154,156,136,187,309,176,149,185
2016_2,신도림역,1659,803,856,298,237,406,276,254,188,149,113,198,132,121,90,149,124,208,144,133,98
2016_2,강남구 논현역_2,4148,1993,2155,323,861,1136,664,488,676,172,390,537,356,240,298,151,471,599,308,248,378
2016_2,선정릉역_1,650,299,351,91,126,130,119,96,88,48,55,55,55,43,43,43,71,75,64,53,45
2016_2,신천역,2615,1263,1352,224,455,657,426,391,462,116,191,335,223,189,209,108,264,322,203,202,253
2016_2,강남구 논현역_1,2045,1002,1043,135,374,554,368,283,331,68,151,255,221,152,155,67,223,299,147,131,176
2016_2,삼성역_2,7,4,3,0,1,1,1,2,2,0,0,1,1,1,1,0,1,0,0,1,1
2016_2,삼정역_2,630,306,324,55,106,176,119,82,92,31,44,74,68,43,46,24,62,102,51,39,46
2016_2,삼정역_1,91,44,47,4,17,24,9,18,19,1,8,14,3,8,10,3,9,10,6,10,9
2016_2,삼성역_1,1351,665,686,185,247,329,233,174,183,103,110,161,114,85,92,82,137,168,119,89,91
2016_2,서울 강남구 선릉역_2,2169,1088,1081,152,463,645,342,271,296,72,229,319,184,141,143,80,234,326,158,130,153
2016_2,서울 서초구 강남역,3172,1602,1570,182,753,965,454,380,438,95,336,488,270,198,215,87,417,477,184,182,223
2016_2,서울 강남구 선릉역_1,699,338,361,59,92,201,187,72,88,27,37,90,100,41,43,32,55,111,87,31,45
2016_2,서울 송파구 석촌역_2,535,250,285,79,76,149,81,64,86,46,36,64,35,28,41,33,40,85,46,36,45
2016_2,선릉역_2,3730,1651,2079,381,629,1164,763,413,380,164,242,467,390,208,180,217,387,697,373,205,200
2016_2,서울 강남구 역삼역_2,1020,493,527,91,201,282,166,127,153,50,78,129,96,68,72,41,123,153,70,59,81
2016_2,서울 송파구 석촌역_1,204,94,110,25,34,53,34,26,32,15,15,18,19,11,16,10,19,35,15,15,16
2016_2,석촌역,8,3,5,0,2,2,1,1,2,0,1,1,0,1,0,0,1,1,1,0,2
2016_2,서울 강남구 강남역_2,1573,742,831,144,223,306,291,259,350,67,85,150,141,135,164,77,138,156,150,124,186
2016_2,선릉역_1,1209,527,682,236,161,273,287,126,126,98,69,102,129,66,63,138,92,171,158,60,63
2016_2,구로역,196,97,99,20,29,39,26,30,52,12,11,21,14,14,25,8,18,18,12,16,27
2016_2,역삼역_2,495,341,154,409,21,28,11,12,14,295,4,16,8,10,8,114,17,12,3,2,6
2016_2,대림역_2,1410,712,698,50,438,461,221,151,89,24,158,241,135,101,53,26,280,220,86,50,36
2016_2,서울 강남구 역삼역_1,4938,2570,2368,310,919,1318,942,670,779,155,405,711,548,378,373,155,514,607,394,292,406
2016_2,신대방삼거리역,1220,579,641,114,262,285,177,172,210,53,99,126,102,93,106,61,163,159,75,79,104
2016_2,서울 강남구 한티역,1842,866,976,337,298,254,365,294,294,180,143,119,153,144,127,157,155,135,212,150,167
2016_2,은마아파트입구사거리_4,388,202,186,102,42,24,119,68,33,68,20,10,50,40,14,34,22,14,69,28,19
2016_2,은마아파트입구사거리_3,334,165,169,70,59,29,81,46,49,36,31,14,37,23,24,34,28,15,44,23,25
2016_2,은마아파트입구사거리_2,20,10,10,2,3,3,1,6,5,0,1,3,0,3,3,2,2,0,1,3,2
2016_2,오류동역,2307,1164,1143,187,531,785,321,212,271,94,223,422,195,93,137,93,308,363,126,119,134
2016_2,서울 강남구 강남역,1477,661,816,89,410,503,193,147,135,48,147,224,106,69,67,41,263,279,87,78,68
2016_2,은마아파트입구사거리_1,193,107,86,46,28,15,46,34,24,30,19,9,24,15,10,16,9,6,22,19,14
2016_2,대림역_1,653,276,377,25,203,275,104,24,22,9,38,144,62,14,9,16,165,131,42,10,13
2016_2,교대역_4,1419,694,725,301,215,157,280,195,271,140,114,76,128,99,137,161,101,81,152,96,134
2016_2,서울 강남구 강남역_1,673,313,360,62,116,176,121,97,101,29,47,84,64,44,45,33,69,92,57,53,56
2016_2,방배동카페골목,2710,1297,1413,648,300,403,586,366,407,315,153,181,279,195,174,333,147,222,307,171,233
2016_2,교대역_3,18,9,9,1,1,6,2,4,4,0,0,2,2,2,3,1,1,4,0,2,1
2016_2,역삼역_1,2696,1269,1427,299,471,806,417,328,375,145,212,407,192,140,173,154,259,399,225,188,202
2016_2,교대역_2,1365,630,735,144,266,327,213,193,222,75,123,147,103,89,93,69,143,180,110,104,129
2016_2,서울 송파구 가락시장역,487,271,216,27,71,105,84,94,106,14,29,48,51,68,61,13,42,57,33,26,45
2016_2,서울 서초구 서초역,66,33,33,10,10,12,10,8,16,2,7,6,6,3,9,8,3,6,4,5,7
2016_2,서울 강남구 대치역_2,585,286,299,175,76,50,127,104,53,91,37,20,56,55,27,84,39,30,71,49,26
2016_2,서울 강남구 대치역_1,524,268,256,174,48,40,147,75,40,95,26,18,68,43,18,79,22,22,79,32,22
2016_2,뱅뱅사거리_2,1931,854,1077,142,473,600,308,210,198,78,182,276,142,91,85,64,291,324,166,119,113
2016_2,보라매공원,3495,1685,1810,574,460,524,569,457,911,295,237,246,262,220,425,279,223,278,307,237,486
2016_2,교대역_1,1570,788,782,144,302,386,217,253,268,69,134,204,116,129,136,75,168,182,101,124,132
2016_2,개봉동 현대아파트 인근,2809,1417,1392,349,371,383,436,524,746,174,201,203,227,276,336,175,170,180,209,248,410
2016_2,뱅뱅사거리,1325,618,707,117,264,411,246,150,137,66,104,183,128,71,66,51,160,228,118,79,71
2016_2,뱅뱅사거리_1,1065,558,507,130,224,323,143,120,125,66,100,188,88,54,62,64,124,135,55,66,63
2016_2,서울 관악구 신림역_4,2937,1447,1490,113,1096,975,334,196,223,60,485,508,190,97,107,53,611,467,144,99,116
2016_2,동작구 총신대입구역_1,1149,534,615,89,226,259,144,154,277,41,86,121,75,86,125,48,140,138,69,68,152
2016_2,양재역_3,2004,975,1029,257,328,515,287,275,342,135,156,248,141,129,166,122,172,267,146,146,176
2016_2,동작구 총신대입구역_2,1398,583,815,269,169,357,296,152,155,108,55,151,127,78,64,161,114,206,169,74,91
2016_2,서울 서초구 남부터미널역_3,453,215,238,47,82,115,65,55,89,26,32,53,34,24,46,21,50,62,31,31,43
2016_2,서울 강남구 수서역,1611,745,866,146,153,312,235,252,513,67,63,140,137,148,190,79,90,172,98,104,323
2016_2,서울 관악구 신림역_3,871,478,393,24,328,231,100,91,97,12,141,154,65,56,50,12,187,77,35,35,47
2016_2,서울 서초구 남부터미널역_2,1483,768,715,84,268,473,303,208,147,41,91,228,183,139,86,43,177,245,120,69,61
2016_2,구로디지탈1단지,142,75,67,18,14,22,22,35,31,7,9,12,12,21,14,11,5,10,10,14,17
2016_2,양재역,1400,631,769,195,245,350,223,186,201,77,109,160,108,87,90,118,136,190,115,99,111
2016_2,문정역,370,193,177,54,55,78,69,58,56,31,32,38,42,24,26,23,23,40,27,34,30
2016_2,매봉역,577,291,286,85,98,104,98,97,95,51,43,51,51,48,47,34,55,53,47,49,48
2016_2,서울 서초구 방배역,1249,617,632,166,185,284,224,181,209,82,78,147,132,85,93,84,107,137,92,96,116
2016_2,서울 서초구 남부터미널역_1,1232,607,625,203,196,199,214,203,217,106,96,92,104,96,113,97,100,107,110,107,104
2016_2,서울 관악구 신림역_2,1593,859,734,86,493,396,187,180,251,51,259,227,109,81,132,35,234,169,78,99,119
2016_2,서울 관악구 신림역_1,506,239,267,18,187,154,61,40,46,8,63,91,33,21,23,10,124,63,28,19,23
2016_2,양재역_2,709,357,352,70,126,193,94,103,123,38,60,102,48,49,60,32,66,91,46,54,63
2016_2,서울 관악구 서울대입구역_2,440,234,206,19,138,103,49,51,80,10,63,57,35,28,41,9,75,46,14,23,39
2016_2,가산디지털단지역_3,1488,814,674,30,400,380,232,242,204,12,133,211,161,175,122,18,267,169,71,67,82
2016_2,구로디지털단지역,456,278,178,28,53,48,76,114,137,22,29,36,50,79,62,6,24,12,26,35,75
2016_2,서울 관악구 서울대입구역_1,5623,2656,2967,243,2285,1450,563,512,570,113,917,723,328,279,296,130,1368,727,235,233,274
2016_2,관악구 사당역_1,670,324,346,93,115,143,103,92,124,45,57,61,54,46,61,48,58,82,49,46,63
2016_2,가산디지털단지역_2,96,59,37,6,17,14,13,13,33,3,9,12,11,5,19,3,8,2,2,8,14
2016_2,관악구 사당역_2,949,431,518,52,263,222,104,119,189,29,99,103,54,58,88,23,164,119,50,61,101
2016_2,가산디지털단지역_1,22,16,6,1,0,5,4,7,5,0,0,3,4,6,3,1,0,2,0,1,2
2016_2,포이사거리_1,57,34,23,6,5,16,16,7,7,3,1,8,11,5,6,3,4,8,5,2,1
2016_2,포이사거리_2,1759,985,774,171,300,423,335,290,240,100,157,238,203,171,116,71,143,185,132,119,124
2016_2,관악구 사당역_3,316,146,170,18,95,81,36,40,46,8,38,39,18,21,22,10,57,42,18,19,24
2016_2,서울 관악구 대학동_1,1640,1003,637,98,653,372,189,131,197,59,387,264,128,70,95,39,266,108,61,61,102
2016_2,서울 금천구 독산1동_1,1023,583,440,51,170,257,189,167,189,27,87,171,112,100,86,24,83,86,77,67,103
2016_2,양재 화물트럭터미널앞_2,1728,831,897,497,160,302,329,186,254,258,73,134,184,81,101,239,87,168,145,105,153
2016_2,양재 화물트럭터미널앞_1,2,2,0,0,0,0,0,1,1,0,0,0,0,1,1,0,0,0,0,0,0
2016_2,서울 금천구 시흥1동_4,1551,831,720,104,171,227,251,309,489,55,95,126,146,176,233,49,76,101,105,133,256
2016_2,풍성로37가길,3223,1640,1583,389,471,603,511,589,660,211,248,317,273,293,298,178,223,286,238,296,362
2016_2,천호옛길,3878,1938,1940,458,560,684,595,710,871,224,275,373,312,352,402,234,285,311,283,358,469
2016_2,천호옛14길,2296,1109,1187,239,366,370,352,413,556,117,186,190,175,180,261,122,180,180,177,233,295
2016_2,천호대로219길,2431,1245,1186,353,373,286,387,509,523,176,199,153,200,270,247,177,174,133,187,239,276
2016_2,천호대로197길,4085,2021,2064,699,601,684,688,715,698,364,312,344,340,342,319,335,289,340,348,373,379
2016_2,천호대로187길,2876,1391,1485,429,403,581,396,486,581,212,209,289,189,229,263,217,194,292,207,257,318
2016_2,천호대로170길,4238,2096,2142,568,693,930,570,697,780,284,326,491,293,333,369,284,367,439,277,364,411
2016_2,천호대로162길,2259,1152,1107,295,338,414,308,422,482,147,175,228,165,201,236,148,163,186,143,221,246
2016_2,천중로51길,3941,1925,2016,587,614,634,579,720,807,321,310,319,296,319,360,266,304,315,283,401,447
2016_2,천중로39길,6520,3233,3287,1056,919,1131,1033,1123,1258,556,461,602,505,519,590,500,458,529,528,604,668
2016_2,진황도로47길,1748,870,878,203,261,387,259,279,359,105,117,209,144,129,166,98,144,178,115,150,193
2016_2,진황도로27길,7192,3643,3549,874,943,1331,1060,1287,1697,421,483,747,562,624,806,453,460,584,498,663,891
2016_2,올림픽로98길,3251,1601,1650,414,396,606,549,569,717,211,201,322,266,287,314,203,195,284,283,282,403
2016_2,올림픽로80길,2260,1148,1112,281,271,292,370,449,597,147,140,159,196,235,271,134,131,133,174,214,326
2016_2,올림픽로78길,1974,1048,926,168,207,245,349,446,559,71,109,143,207,250,268,97,98,102,142,196,291
2016_2,올림픽로77길,2497,1298,1199,298,323,421,386,496,573,159,159,222,229,258,271,139,164,199,157,238,302
2016_2,올림픽로71길,2611,1306,1305,254,361,440,392,486,678,135,185,237,210,239,300,119,176,203,182,247,378
2016_2,올림픽로48길,1529,735,794,259,201,316,265,201,287,142,89,140,138,93,133,117,112,176,127,108,154
2016_2,양재대로96길,3312,1639,1673,690,410,579,563,471,599,358,201,290,290,221,279,332,209,289,273,250,320
2016_2,양재대로95길,3713,1838,1875,560,569,700,559,646,679,308,311,359,267,298,295,252,258,341,292,348,384
2016_2,양재대로91길,3828,1872,1956,687,537,639,661,639,665,365,300,313,317,295,282,322,237,326,344,344,383
2016_2,양재대로133길,5094,2515,2579,723,807,792,749,918,1105,361,423,415,389,413,514,362,384,377,360,505,591
2016_2,양재대로124길,4719,2351,2368,685,697,839,732,867,899,350,373,435,366,403,424,335,324,404,366,464,475
2016_2,양재대로116길,1574,747,827,208,263,307,214,267,315,106,127,149,108,123,134,102,136,158,106,144,181
2016_2,양재대로101길,4306,2151,2155,533,684,1082,631,637,739,287,332,561,336,285,350,246,352,521,295,352,389
2016_2,암사길,6451,3249,3202,981,875,1117,1026,1119,1333,493,455,613,532,551,605,488,420,504,494,568,728
2016_2,성안로3길,3650,1801,1849,645,510,680,658,542,615,343,261,344,321,255,277,302,249,336,337,287,338
2016_2,성내로5길,3713,1794,1919,743,487,616,657,536,674,371,250,273,330,255,315,372,237,343,327,281,359
2016_2,상일로5길,1418,726,692,237,246,193,211,288,243,121,146,94,108,142,115,116,100,99,103,146,128
2016_2,상암로5길,2010,1015,995,320,242,417,332,292,407,177,117,212,172,144,193,143,125,205,160,148,214
2016_2,상암로51길,3151,1514,1637,563,443,453,523,538,631,284,226,228,251,242,283,279,217,225,272,296,348
2016_2,상암로4길,3649,1814,1835,551,465,823,628,575,607,274,211,413,343,280,293,277,254,410,285,295,314
2016_2,상암로14길,3448,1681,1767,527,474,732,490,577,648,267,225,382,236,270,301,260,249,350,254,307,347
2016_2,명일로13길,2155,1081,1074,307,321,325,347,400,455,167,157,172,184,197,204,140,164,153,163,203,251
2016_2,동남로85길,3212,1649,1563,523,476,366,514,638,695,275,257,202,271,329,315,248,219,164,243,309,380
2016_2,동남로82길,1947,1032,915,289,266,208,324,408,452,158,147,119,178,218,212,131,119,89,146,190,240
2016_2,동남로65길,2857,1418,1439,593,392,304,555,489,524,321,210,166,255,240,226,272,182,138,300,249,298
2016_2,구천면로42길,4374,2298,2076,600,526,660,770,863,955,319,275,375,414,454,461,281,251,285,356,409,494
2016_2,구천면로41길,5304,2693,2611,772,678,915,850,961,1128,426,357,493,442,462,513,346,321,422,408,499,615
2016_2,구천면로36길,2634,1360,1274,352,377,371,406,528,600,185,191,208,212,280,284,167,186,163,194,248,316
2016_2,고덕로61길,1001,516,485,177,140,123,149,188,224,94,74,71,74,93,110,83,66,52,75,95,114
2016_2,고덕로25길,1569,780,789,313,197,254,256,237,312,152,104,128,130,116,150,161,93,126,126,121,162
2016_2,고덕로10길,2192,1081,1111,369,298,433,372,344,376,193,145,215,194,153,181,176,153,218,178,191,195
2016_2,강동대로53길,3214,1628,1586,606,437,536,561,525,549,344,252,266,278,245,243,262,185,270,283,280,306
2016_2,풍성로25길,1979,948,1031,235,255,290,301,359,539,119,127,145,161,163,233,116,128,145,140,196,306
2016_2,오금로46길,2517,1260,1257,487,416,343,437,425,409,253,218,185,215,198,191,234,198,158,222,227,218
2016_2,오금로36길,2727,1337,1390,419,486,493,440,463,426,207,245,260,209,214,202,212,241,233,231,249,224
2016_2,오금로11길,4561,2211,2350,533,717,1105,674,732,800,276,344,588,328,316,359,257,373,517,346,416,441
2016_2,양재대로72길,2176,1073,1103,307,405,254,328,436,446,160,221,132,138,214,208,147,184,122,190,222,238
2016_2,양재대로71길,1430,678,752,241,221,229,225,241,273,120,111,104,109,103,131,121,110,125,116,138,142
2016_2,양재대로64길,2438,1262,1176,390,366,441,395,440,406,203,189,239,209,225,197,187,177,202,186,215,209
2016_2,양재대로62길,1480,742,738,234,189,312,267,228,250,116,91,165,143,117,110,118,98,147,124,111,140
2016_2,송파대로30길,2336,1213,1123,275,367,368,396,494,436,155,192,191,203,247,225,120,175,177,193,247,211
2016_2,송이로36길,2967,1452,1515,480,464,554,468,524,477,251,224,274,239,237,227,229,240,280,229,287,250
2016_2,송이로32길,4801,2317,2484,761,809,907,780,829,715,364,402,475,361,390,325,397,407,432,419,439,390
2016_2,송이로23길,4516,2273,2243,694,752,893,712,739,726,384,374,458,353,356,348,310,378,435,359,383,378
2016_2,삼전로13길,5980,2832,3148,736,1073,1455,914,900,902,385,504,697,428,418,400,351,569,758,486,482,502
2016_2,백제고분로50길,8088,3918,4170,1271,1269,1526,1245,1341,1436,686,617,755,596,606,658,585,652,771,649,735,778
2016_2,백제고분로46길,3040,1470,1570,480,470,646,488,476,480,245,230,325,231,225,214,235,240,321,257,251,266
2016_2,백제고분로45길,4463,2146,2317,631,736,1066,669,656,705,321,338,507,330,314,336,310,398,559,339,342,369
2016_2,백제고분로42길,3846,1853,1993,477,667,908,603,587,604,242,292,467,287,282,283,235,375,441,316,305,321
2016_2,백제고분로39길,3086,1444,1642,389,513,758,453,443,530,214,209,370,208,193,250,175,304,388,245,250,280
2016_2,백제고분로34길,7411,3646,3765,1077,1118,1648,1226,1125,1217,558,573,831,615,527,542,519,545,817,611,598,675
2016_2,백제고분로33길,5732,2707,3025,690,981,1518,870,775,898,345,437,749,434,359,383,345,544,769,436,416,515
2016_2,백제고분로32길,6085,2952,3133,974,949,1334,1014,905,909,534,466,653,492,411,396,440,483,681,522,494,513
2016_2,백제고분로31길,5905,2703,3202,872,931,1337,985,837,943,435,415,611,464,375,403,437,516,726,521,462,540
2016_2,백제고분로22길,6465,3094,3371,961,1031,1485,1139,943,906,479,480,730,539,439,427,482,551,755,600,504,479
2016_2,백제고분로21길,2237,1077,1160,264,342,571,386,351,323,139,150,278,198,172,140,125,192,293,188,179,183
2016_2,마천로51길,4073,2052,2021,592,468,545,676,750,1042,301,230,296,361,383,481,291,238,249,315,367,561
2016_2,동남로20길,3230,1544,1686,607,484,526,590,513,510,306,228,258,274,251,227,301,256,268,316,262,283
2016_2,거마로20길,3249,1673,1576,431,384,396,555,646,837,224,225,207,305,339,373,207,159,189,250,307,464
2016_2,학동로77길,2433,1161,1272,545,297,481,517,302,291,310,142,194,237,146,132,235,155,287,280,156,159
2016_2,학동로6길,1651,732,919,128,348,491,262,160,262,66,140,222,116,75,113,62,208,269,146,85,149
2016_2,학동로56길,422,215,207,100,47,51,79,43,102,54,29,27,33,25,47,46,18,24,46,18,55
2016_2,학동로38길,1550,710,840,167,284,432,253,172,242,77,119,212,129,76,97,90,165,220,124,96,145
2016_2,테헤란로81길,440,206,234,37,71,87,73,62,110,21,36,41,33,29,46,16,35,46,40,33,64
2016_2,일원로9길,3414,1662,1752,570,635,582,517,546,564,315,300,282,251,257,257,255,335,300,266,289,307
2016_2,일원로3길,2398,1201,1197,441,387,398,367,393,412,251,206,197,177,182,188,190,181,201,190,211,224
2016_2,영동대로65길,2501,1253,1248,408,333,299,458,440,563,244,184,149,203,224,249,164,149,150,255,216,314
2016_2,영동대로112길,2777,1355,1422,484,429,483,494,415,472,271,233,212,226,189,224,213,196,271,268,226,248
2016_2,언주로81길,3621,1780,1841,400,648,1014,651,467,441,197,281,498,364,240,200,203,367,516,287,227,241
2016_2,압구정로2길,1077,489,588,162,180,265,180,126,164,85,88,96,87,60,73,77,92,169,93,66,91
2016_2,선릉로18길,1758,878,880,289,258,263,264,337,347,153,150,125,128,168,154,136,108,138,136,169,193
2016_2,선릉로146길,2239,1041,1198,302,393,496,408,284,356,160,151,235,209,132,154,142,242,261,199,152,202
2016_2,선릉로133길,1597,727,870,211,285,374,260,187,280,116,108,173,118,87,125,95,177,201,142,100,155
2016_2,선릉로132길,2398,1103,1295,485,326,460,447,306,374,252,142,175,222,150,162,233,184,285,225,156,212
2016_2,선릉로121길,833,386,447,84,140,217,151,99,142,40,71,89,80,42,64,44,69,128,71,57,78
2016_2,삼성로75길,2503,1220,1283,428,413,471,490,333,368,256,211,212,205,165,171,172,202,259,285,168,197
2016_2,삼성로69길,3437,1667,1770,655,620,568,701,508,385,372,308,270,294,271,152,283,312,298,407,237,233
2016_2,삼성로64길,3095,1630,1465,835,429,225,795,515,296,537,241,99,343,284,126,298,188,126,452,231,170
2016_2,삼성로63길,4265,2033,2232,779,740,635,906,713,492,429,355,277,396,358,218,350,385,358,510,355,274
2016_2,삼성로57길,1769,916,853,535,226,112,452,305,139,328,112,48,184,179,65,207,114,64,268,126,74
2016_2,삼성로147길,1281,578,703,177,227,254,214,179,230,87,98,113,98,85,97,90,129,141,116,94,133
2016_2,삼성로115길,2869,1346,1523,530,397,646,542,337,417,302,195,267,242,157,183,228,202,379,300,180,234
2016_2,봉은사로68길,1567,718,849,183,243,487,262,147,245,92,106,210,132,75,103,91,137,277,130,72,142
2016_2,봉은사로57길,564,272,292,96,93,101,121,77,76,54,45,51,52,37,33,42,48,50,69,40,43
2016_2,봉은사로43길,3317,1587,1730,580,491,733,607,383,523,317,227,330,282,197,234,263,264,403,325,186,289
2016_2,봉은사로29길,1277,591,686,117,264,365,212,154,165,53,120,159,113,66,80,64,144,206,99,88,85
2016_2,봉은사로109길,2250,1097,1153,432,311,373,384,351,399,231,147,187,170,167,195,201,164,186,214,184,204
2016_2,도산대로89길,564,269,295,68,105,116,86,88,101,39,41,62,37,40,50,29,64,54,49,48,51
2016_2,도산대로81길,488,228,260,90,56,69,90,51,132,47,24,29,33,29,66,43,32,40,57,22,66
2016_2,도산대로50길,2395,1112,1283,353,344,516,370,298,514,179,162,219,189,137,226,174,182,297,181,161,288
2016_2,도산대로38길,1061,456,605,92,204,347,159,112,147,45,75,151,81,41,63,47,129,196,78,71,84
2016_2,도산대로30길,877,410,467,83,156,225,154,96,163,43,62,113,78,42,72,40,94,112,76,54,91
2016_2,도산대로23길,1408,617,791,173,300,341,216,189,189,79,127,153,92,76,90,94,173,188,124,113,99
2016_2,도산대로15길,879,395,484,120,154,226,142,107,130,59,59,101,64,52,60,61,95,125,78,55,70
2016_2,도곡로37길,6028,2778,3250,785,944,1515,1029,766,989,400,407,685,494,357,435,385,537,830,535,409,554
2016_2,논현로8길,3571,1778,1793,648,527,679,664,532,521,329,273,370,315,271,220,319,254,309,349,261,301
2016_2,논현로63길,2740,1300,1440,368,447,680,442,367,436,197,195,311,222,164,211,171,252,369,220,203,225
2016_2,논현로28길,79,47,32,10,10,11,11,12,25,6,9,5,6,6,15,4,1,6,5,6,10
2016_2,논현로26길,1279,596,683,135,218,230,219,201,276,73,88,105,110,89,131,62,130,125,109,112,145
2016_2,논현로159길,508,229,279,59,92,117,82,70,88,33,40,55,33,28,40,26,52,62,49,42,48
2016_2,논현로139길,1492,713,779,179,223,370,236,197,287,91,103,177,118,89,135,88,120,193,118,108,152
2016_2,논현로123길,2182,1021,1161,114,378,613,461,296,320,59,169,262,241,159,131,55,209,351,220,137,189
2016_2,논현로115길,3484,1674,1810,297,692,1039,542,419,495,145,313,495,297,197,227,152,379,544,245,222,268
2016_2,논현로10길,1508,745,763,282,200,260,330,224,212,144,94,145,144,119,99,138,106,115,186,105,113
2016_2,논현로106길,2077,870,1207,156,370,773,300,205,273,71,137,298,154,89,121,85,233,475,146,116,152
2016_2,남부순환로365길,2477,1192,1285,469,353,372,461,417,405,237,172,178,215,207,183,232,181,194,246,210,222
2016_2,개포로82길,32,23,9,2,3,6,6,9,6,1,1,5,4,7,5,1,2,1,2,2,1
2016_2,개포로28길,1982,958,1024,423,270,333,398,295,263,204,139,165,185,147,118,219,131,168,213,148,145
2016_2,개포로20길,2384,1156,1228,352,441,429,427,420,315,173,224,214,205,202,138,179,217,215,222,218,177
2016_2,개포로17길,3672,1815,1857,659,485,682,669,603,574,350,255,333,311,299,267,309,230,349,358,304,307
2016_2,강남대로140길,1874,849,1025,193,321,471,272,299,318,96,141,216,128,122,146,97,180,255,144,177,172
2016_2,강남대로136길,1284,581,703,150,184,282,208,180,280,79,83,110,97,75,137,71,101,172,111,105,143
2016_2,강남대로118길,1506,654,852,125,327,465,235,157,197,61,129,192,119,67,86,64,198,273,116,90,111
2016_2,서초중앙로8길,2166,1060,1106,360,338,381,360,318,409,175,172,189,177,151,196,185,166,192,183,167,213
2016_2,방배중앙로21길,2212,1014,1198,428,320,322,432,364,346,191,135,144,200,179,165,237,185,178,232,185,181
2016_2,효령로72길,2200,1103,1097,445,253,485,401,306,310,231,132,233,213,141,153,214,121,252,188,165,157
2016_2,효령로34길,1546,761,785,238,163,297,276,232,340,130,86,145,135,116,149,108,77,152,141,116,191
2016_2,효령로31길,1874,867,1007,268,250,441,327,218,370,145,105,208,157,92,160,123,145,233,170,126,210
2016_2,효령로23길,4408,2070,2338,713,717,866,736,646,730,385,334,389,331,295,336,328,383,477,405,351,394
2016_2,청두곶길,3912,1882,2030,610,571,701,656,561,813,323,268,351,308,261,371,287,303,350,348,300,442
2016_2,주흥길,3632,1749,1883,218,809,1106,586,437,476,115,342,529,324,218,221,103,467,577,262,219,255
2016_2,주흥15길,2480,1177,1303,181,469,722,403,297,408,89,198,341,225,155,169,92,271,381,178,142,239
2016_2,언남길,2128,1076,1052,325,310,468,393,309,323,174,154,234,219,158,137,151,156,234,174,151,186
2016_2,신반포로45길,2838,1348,1490,351,459,662,480,385,501,188,193,309,234,181,243,163,266,353,246,204,258
2016_2,서초대로8길,4309,2078,2231,597,664,683,649,710,1006,308,344,345,314,309,458,289,320,338,335,401,548
2016_2,서초대로64길,1416,699,717,326,184,246,266,210,184,188,87,109,131,97,87,138,97,137,135,113,97
2016_2,서초대로4길,3334,1564,1770,573,528,584,566,483,600,284,237,291,267,214,271,289,291,293,299,269,329
2016_2,서초대로25길,1169,555,614,206,168,223,196,168,208,119,78,99,90,75,94,87,90,124,106,93,114
2016_2,서초대로23길,2743,1302,1441,406,373,525,477,418,544,213,173,251,221,208,236,193,200,274,256,210,308
2016_2,서초대로15길,3852,1751,2101,655,578,813,646,516,644,307,259,348,306,255,276,348,319,465,340,261,368
2016_2,사평대로57길,1227,558,669,69,302,333,183,162,178,38,124,150,97,70,79,31,178,183,86,92,99
2016_2,사평대로26길,235,97,138,39,33,37,32,31,63,18,12,15,14,8,30,21,21,22,18,23,33
2016_2,사평대로22길,1662,770,892,332,206,317,299,247,261,171,102,134,134,109,120,161,104,183,165,138,141
2016_2,사임당로17길,1097,511,586,159,188,233,162,160,195,76,100,110,76,66,83,83,88,123,86,94,112
2016_2,방배로42길,1001,453,548,232,124,180,186,125,154,106,52,85,90,56,64,126,72,95,96,69,90
2016_2,방배로35길,1894,896,998,377,262,253,379,297,326,184,122,118,173,150,149,193,140,135,206,147,177
2016_2,방배로18길,1511,711,800,205,247,377,236,182,264,109,109,185,112,83,113,96,138,192,124,99,151
2016_2,반포대로9길,1742,849,893,297,270,245,330,280,320,164,140,127,146,132,140,133,130,118,184,148,180
2016_2,바우뫼로39길,1681,791,890,241,283,359,235,245,318,130,124,175,115,112,135,111,159,184,120,133,183
2016_2,마방로2길,1582,794,788,235,229,368,262,203,285,118,117,192,136,95,136,117,112,176,126,108,149
2016_2,방배천로4안길,1227,562,665,160,231,282,170,181,203,89,97,121,86,79,90,71,134,161,84,102,113
2016_2,동산로19길,2031,1027,1004,295,313,484,397,274,268,151,169,253,204,135,115,144,144,231,193,139,153
2016_2,동산로10길,3408,1688,1720,556,521,666,616,483,566,298,256,350,306,227,251,258,265,316,310,256,315
2016_2,동광로39길,1413,633,780,258,182,248,256,210,259,131,73,107,112,106,104,127,109,141,144,104,155
2016_2,동광로1길,3439,1601,1838,635,493,607,697,523,484,311,217,315,307,259,192,324,276,292,390,264,292
2016_2,동광로12길,1441,640,801,304,204,208,266,223,236,127,86,96,118,109,104,177,118,112,148,114,132
2016_2,논현로27길,1936,941,995,208,285,488,344,268,343,118,141,241,172,118,151,90,144,247,172,150,192
2016_2,논현로1길,3175,1553,1622,545,482,669,576,502,401,276,236,338,293,234,176,269,246,331,283,268,225
2016_2,남부순환로339길,1500,737,763,265,219,320,276,184,236,131,112,169,132,84,109,134,107,151,144,100,127
2016_2,남부순환로325길,2534,1228,1306,401,385,376,429,423,520,200,184,183,207,207,247,201,201,193,222,216,273
2016_2,남부순환로317길,1487,730,757,290,248,220,270,227,232,166,131,99,124,111,99,124,117,121,146,116,133
2016_2,고무래로8길,1272,607,665,254,145,228,223,182,240,132,68,106,114,77,110,122,77,122,109,105,130
2016_2,강남대로8길,3666,1807,1859,491,655,845,584,549,542,253,290,455,295,271,243,238,365,390,289,278,299
2016_2,강남대로34길,2686,1256,1430,306,455,710,371,362,482,150,205,362,174,161,204,156,250,348,197,201,278
2016_2,강남대로23길,960,470,490,116,148,213,138,139,206,64,64,101,73,62,106,52,84,112,65,77,100
2016_2,소담길,882,488,394,57,52,108,187,185,293,38,23,51,122,111,143,19,29,57,65,74,150
2016_2,원신길,1440,720,720,171,185,214,202,265,403,93,83,129,104,138,173,78,102,85,98,127,230
2016_2,양지길,1949,993,956,235,220,240,312,345,597,113,123,133,191,176,257,122,97,107,121,169,340
2016_2,양산길,1666,845,821,172,269,359,259,229,378,97,142,210,136,101,159,75,127,149,123,128,219
2016_2,호암로24길,2424,1549,875,99,671,665,425,216,348,53,403,472,318,141,162,46,268,193,107,75,186
2016_2,호암로20길,2834,1816,1018,156,760,741,471,308,398,92,478,517,356,181,192,64,282,224,115,127,206
2016_2,행운길,4951,2467,2484,386,1488,1372,560,450,695,200,669,769,305,202,322,186,819,603,255,248,373
2016_2,행운1길,3232,1668,1564,329,581,558,459,506,799,173,307,304,246,259,379,156,274,254,213,247,420
2016_2,청림3길,2729,1363,1366,388,314,473,417,423,714,201,161,250,243,207,301,187,153,223,174,216,413
2016_2,청룡길,3411,1639,1772,229,1101,783,397,366,535,117,467,417,210,177,251,112,634,366,187,189,284
2016_2,청룡8길,1870,897,973,250,352,378,269,233,388,130,156,197,136,108,170,120,196,181,133,125,218
2016_2,중앙길,3108,1523,1585,379,597,553,463,422,694,181,288,299,256,211,288,198,309,254,207,211,406
2016_2,조원중앙로2길,4423,2254,2169,542,689,753,708,791,940,278,335,429,383,400,429,264,354,324,325,391,511
2016_2,조원로18길,1882,950,932,186,486,468,241,206,295,99,223,269,126,98,135,87,263,199,115,108,160
2016_2,조원로10길,1805,929,876,165,292,382,258,318,390,86,155,201,133,166,188,79,137,181,125,152,202
2016_2,장군봉2길,1773,860,913,174,381,404,205,240,369,93,174,216,111,104,162,81,207,188,94,136,207
2016_2,장군봉1길,776,375,401,79,105,117,113,126,236,42,45,61,66,62,99,37,60,56,47,64,137
2016_2,인헌길,2994,1463,1531,406,419,634,479,396,660,219,202,320,236,182,304,187,217,314,243,214,356
2016_2,은천로25길,1462,712,750,281,170,280,231,212,288,134,100,140,120,103,115,147,70,140,111,109,173
2016_2,양녕로6길,4435,2209,2226,436,936,881,572,644,966,214,448,481,306,317,443,222,488,400,266,327,523
2016_2,신원로3길,2729,1362,1367,214,543,489,363,432,688,100,275,270,210,214,293,114,268,219,153,218,395
2016_2,신사로20길,1899,973,926,176,413,410,297,247,356,96,215,218,149,125,170,80,198,192,148,122,186
2016_2,신림로65길,1977,952,1025,83,750,564,215,181,184,43,320,305,112,86,86,40,430,259,103,95,98
2016_2,신림로64길,1483,798,685,51,528,420,183,137,164,30,230,242,116,93,87,21,298,178,67,44,77
2016_2,신림로48길,2166,1126,1040,192,465,485,291,342,391,102,249,286,167,147,175,90,216,199,124,195,216
2016_2,신림로38길,2119,1083,1036,231,442,460,301,286,399,129,223,251,168,127,185,102,219,209,133,159,214
2016_2,신림로28길,3021,1780,1241,257,784,724,459,374,423,134,458,488,291,204,205,123,326,236,168,170,218
2016_2,신림로11길,4682,2839,1843,378,1190,1075,744,584,711,180,746,725,508,347,333,198,444,350,236,237,378
2016_2,신림동길,4074,2067,2007,162,1421,1201,479,333,478,85,642,695,268,173,204,77,779,506,211,160,274
2016_2,승방길,2778,1325,1453,219,743,726,301,351,438,111,302,391,144,159,218,108,441,335,157,192,220
2016_2,서림7길,4141,2715,1426,232,1503,1087,524,329,466,129,997,785,397,181,226,103,506,302,127,148,240
2016_2,봉천로33길,3915,1965,1950,479,616,772,584,548,916,264,304,394,320,258,425,215,312,378,264,290,491
2016_2,봉천로13길,3818,1912,1906,587,562,657,588,582,842,323,282,351,301,277,378,264,280,306,287,305,464
2016_2,복은길,4323,2321,2002,464,954,945,622,560,778,235,522,564,366,282,352,229,432,381,256,278,426
2016_2,법원단지길,1447,712,735,222,217,213,239,254,302,108,100,121,117,125,141,114,117,92,122,129,161
2016_2,법원단지9길,5523,2783,2740,929,811,792,959,941,1091,497,448,413,477,444,504,432,363,379,482,497,587
2016_2,미성5길,4976,2521,2455,792,771,738,829,849,997,415,393,408,408,427,470,377,378,330,421,422,527
2016_2,대학길,1770,1079,691,111,501,428,269,171,290,53,309,283,202,106,126,58,192,145,67,65,164
2016_2,대학14길,2985,2061,924,187,847,634,567,367,383,104,577,469,454,262,195,83,270,165,113,105,188
2016_2,당곡길,1895,935,960,223,314,351,318,277,412,110,160,174,164,137,190,113,154,177,154,140,222
2016_2,남현길,2003,948,1055,255,389,425,274,263,397,133,173,199,138,120,185,122,216,226,136,143,212
2016_2,남현3길,1185,525,660,96,328,326,119,121,195,43,132,154,55,56,85,53,196,172,64,65,110
2016_2,남현2길,2729,1321,1408,256,580,631,341,398,523,131,261,335,186,175,233,125,319,296,155,223,290
2016_2,남부순환로248길,1428,662,766,149,287,293,196,189,314,78,127,134,95,88,140,71,160,159,101,101,174
2016_2,남부순환로234길,2010,1061,949,167,511,475,264,220,373,73,288,275,137,108,180,94,223,200,127,112,193
2016_2,남부순환로172길,2468,1268,1200,302,471,440,403,364,488,155,260,255,183,179,236,147,211,185,220,185,252
2016_2,남부순환로161길,4016,2035,1981,564,722,690,698,644,698,296,361,390,330,339,319,268,361,300,368,305,379
2016_2,남부순환로151길,3479,1736,1743,421,739,679,538,537,565,226,358,365,267,254,266,195,381,314,271,283,299
2016_2,남부순환로142길,3374,1675,1699,431,587,633,521,538,664,211,289,341,269,272,293,220,298,292,252,266,371
2016_2,난향길,2692,1392,1300,343,320,311,475,432,811,174,170,184,260,228,376,169,150,127,215,204,435
2016_2,난우길,2504,1254,1250,421,329,378,433,408,535,210,172,209,207,214,242,211,157,169,226,194,293
2016_2,난곡로74길,1850,878,972,189,419,378,279,230,355,111,178,184,140,111,154,78,241,194,139,119,201
2016_2,난곡로34길,2657,1359,1298,380,418,376,439,520,524,204,214,208,235,257,241,176,204,168,204,263,283
2016_2,난곡로26길,3588,1835,1753,477,526,479,605,648,853,251,267,286,312,347,372,226,259,193,293,301,481
2016_2,난곡로24길,2636,1380,1256,360,313,371,429,461,702,191,178,215,234,234,328,169,135,156,195,227,374
2016_2,낙성대역길,5208,2623,2585,553,1480,1316,654,460,745,265,723,719,355,231,330,288,757,597,299,229,415
2016_2,국회단지길,5536,2728,2808,895,728,981,939,850,1143,432,371,522,495,382,526,463,357,459,444,468,617
2016_2,구암길,6420,3121,3299,1061,1091,1062,1042,902,1262,543,513,540,525,454,546,518,578,522,517,448,716
2016_2,관천로22길,4343,2167,2176,437,966,1044,573,520,803,211,477,582,303,245,349,226,489,462,270,275,454
2016_2,관천로15길,4695,2368,2327,688,792,873,796,697,849,360,411,479,394,332,392,328,381,394,402,365,457
2016_2,관악로30길,2775,1381,1394,465,388,455,439,418,610,228,207,230,231,204,281,237,181,225,208,214,329
2016_2,관악로28길,2189,1073,1116,331,311,367,336,352,492,164,158,179,177,162,233,167,153,188,159,190,259
2016_2,관악로14길,1310,621,689,102,464,228,144,132,240,47,218,117,71,64,104,55,246,111,73,68,136
2016_2,관악로10길,4446,2260,2186,527,1137,937,624,502,719,271,565,534,332,242,316,256,572,403,292,260,403
2016_2,흑석로9길,1932,989,943,196,562,299,244,240,391,100,329,161,122,109,168,96,233,138,122,131,223
2016_2,흑석로13길,633,340,293,82,122,97,95,92,145,44,75,55,56,43,67,38,47,42,39,49,78
2016_2,장승배기로27길,2498,1291,1207,221,474,415,340,417,631,128,253,229,187,215,279,93,221,186,153,202,352
2016_2,장승배기로19길,2639,1334,1305,246,408,364,382,526,713,130,218,201,203,271,311,116,190,163,179,255,402
2016_2,장승배기로10길,302,149,153,36,48,43,44,51,80,18,27,21,21,24,38,18,21,22,23,27,42
2016_2,여의대방로46길,2488,1156,1332,635,371,292,551,357,282,280,158,131,263,196,128,355,213,161,288,161,154
2016_2,여의대방로24길,2798,1356,1442,422,445,546,455,414,516,214,188,265,223,220,246,208,257,281,232,194,270
2016_2,여의대방로22카길,3072,1544,1528,409,586,593,480,433,571,222,283,319,232,217,271,187,303,274,248,216,300
2016_2,여의대방로22나길,2690,1315,1375,455,345,492,460,390,548,234,160,253,245,188,235,221,185,239,215,202,313
2016_2,여의대방로22길,2390,1200,1190,341,409,493,375,336,436,190,199,262,194,159,196,151,210,231,181,177,240
2016_2,양녕로26길,1858,908,950,323,259,340,293,291,352,169,120,171,152,138,158,154,139,169,141,153,194
2016_2,신대방길,4081,1982,2099,478,611,625,685,711,971,246,299,339,322,351,425,232,312,286,363,360,546
2016_2,성대로29길,2123,1027,1096,317,291,355,371,337,452,159,159,180,184,166,179,158,132,175,187,171,273
2016_2,성대로1길,1075,556,519,108,204,214,158,171,220,61,104,109,86,94,102,47,100,105,72,77,118
2016_2,서달로8가길,450,217,233,40,72,58,56,85,139,15,40,27,33,44,58,25,32,31,23,41,81
2016_2,서달로15길,387,186,201,39,45,69,42,66,126,21,21,34,26,33,51,18,24,35,16,33,75
2016_2,서달로14길,261,119,142,38,46,37,37,35,68,17,20,20,16,16,30,21,26,17,21,19,38
2016_2,서달로10길,2957,1450,1507,363,437,459,478,490,730,183,241,244,241,243,298,180,196,215,237,247,432
2016_2,상도로62길,1349,667,682,140,427,295,169,123,195,64,219,154,93,53,84,76,208,141,76,70,111
2016_2,상도로61길,2393,1225,1168,276,700,453,274,278,412,136,400,241,135,125,188,140,300,212,139,153,224
2016_2,상도로47길,3653,1882,1771,459,1058,645,415,443,633,238,607,336,208,217,276,221,451,309,207,226,357
2016_2,상도로37길,1295,621,674,165,346,240,169,152,223,77,169,123,80,71,101,88,177,117,89,81,122
2016_2,상도로15길,3946,1922,2024,418,784,879,528,565,772,222,392,447,263,257,341,196,392,432,265,308,431
2016_2,사당로8길,2645,1283,1362,328,424,556,416,384,537,167,212,277,217,177,233,161,212,279,199,207,304
2016_2,사당로30길,1032,485,547,85,195,274,151,117,210,49,88,125,86,46,91,36,107,149,65,71,119
2016_2,사당로2차길,2672,1276,1396,424,391,532,466,333,526,224,161,268,238,147,238,200,230,264,228,186,288
2016_2,사당로29길,2664,1289,1375,279,436,530,391,473,555,141,223,255,198,234,238,138,213,275,193,239,317
2016_2,사당로26길,3016,1449,1567,307,607,709,358,435,600,168,271,366,176,197,271,139,336,343,182,238,329
2016_2,사당로23나길,984,513,471,138,129,162,150,159,246,75,78,92,79,77,112,63,51,70,71,82,134
2016_2,사당로23길,753,357,396,141,96,125,130,117,144,70,43,56,63,57,68,71,53,69,67,60,76
2016_2,사당로20길,2750,1302,1448,323,467,542,429,375,614,159,213,277,222,161,270,164,254,265,207,214,344
2016_2,사당로16길,3144,1509,1635,371,412,581,501,497,782,177,194,317,260,240,321,194,218,264,241,257,461
2016_2,사당로16가길,2196,1050,1146,256,371,434,347,314,474,126,179,208,181,149,207,130,192,226,166,165,267
2016_2,만양로8길,3724,1957,1767,568,724,647,508,517,760,307,438,374,259,237,342,261,286,273,249,280,418
2016_2,만양로14길,979,599,380,50,375,213,91,78,172,31,254,152,58,34,70,19,121,61,33,44,102
2016_2,등용로14길,2043,1017,1026,214,386,348,286,347,462,115,203,192,147,171,189,99,183,156,139,176,273
2016_2,동작대로7길,3388,1625,1763,243,784,805,392,487,677,123,359,402,205,220,316,120,425,403,187,267,361
2016_2,동작대로35길,2806,1410,1396,351,408,511,418,474,644,191,191,279,229,230,290,160,217,232,189,244,354
2016_2,동작대로33길,2615,1222,1393,271,407,478,391,424,644,150,196,229,187,179,281,121,211,249,204,245,363
2016_2,동작대로29길,864,418,446,107,140,144,121,122,230,54,75,68,58,58,105,53,65,76,63,64,125
2016_2,동작대로17길,2477,1149,1328,226,425,576,353,356,541,115,162,274,190,162,246,111,263,302,163,194,295
2016_2,대방동2길,3382,1568,1814,568,648,603,566,451,546,289,281,276,262,208,252,279,367,327,304,243,294
2016_2,대방동27길,4044,2014,2030,784,691,643,827,501,598,414,346,323,425,240,266,370,345,320,402,261,332
2016_2,노량진로6길,3444,1773,1671,407,595,472,536,667,767,211,315,281,286,324,356,196,280,191,250,343,411
2016_2,국사봉길,3929,1914,2015,558,625,848,573,533,792,287,308,448,291,226,354,271,317,400,282,307,438
2016_2,국사봉2길,1324,632,692,155,246,314,188,178,243,81,110,153,90,91,107,74,136,161,98,87,136
2016_2,국사봉1길,3208,1503,1705,361,542,614,510,447,734,186,232,295,247,213,330,175,310,319,263,234,404
2016_2,영신로9길,2864,1486,1378,284,402,542,424,525,687,151,216,291,235,266,327,133,186,251,189,259,360
2016_2,영등포로84길,2628,1353,1275,228,507,484,418,399,592,110,228,293,241,212,269,118,279,191,177,187,323
2016_2,영등포로80길,2223,1127,1096,227,358,383,330,383,542,125,175,221,182,192,232,102,183,162,148,191,310
2016_2,영등포로62길,1705,917,788,170,286,387,242,236,384,83,153,236,138,121,186,87,133,151,104,115,198
2016_2,영등포로35길,1208,705,503,98,220,231,177,205,277,51,114,139,117,136,148,47,106,92,60,69,129
2016_2,영등포로27길,1818,1004,814,163,271,370,273,316,425,87,134,233,173,184,193,76,137,137,100,132,232
2016_2,영등포로25길,1759,886,873,167,318,274,267,309,424,69,153,152,153,163,196,98,165,122,114,146,228
2016_2,여의대방로61길,2383,1215,1168,270,322,522,373,364,532,136,162,291,209,175,242,134,160,231,164,189,290
2016_2,여의대방로43나길,3629,1826,1803,487,545,543,625,678,751,260,279,298,314,339,336,227,266,245,311,339,415
2016_2,여의대방로39길,524,246,278,55,69,78,75,105,142,32,28,38,37,48,63,23,41,40,38,57,79
2016_2,여의대방로35길,1860,942,918,243,242,265,300,314,496,135,125,146,149,158,229,108,117,119,151,156,267
2016_2,양평로28길,3722,1905,1817,598,585,891,575,541,532,298,281,484,304,295,243,300,304,407,271,246,289
2016_2,양평로22라길,1489,745,744,211,235,462,251,157,173,114,98,249,127,86,71,97,137,213,124,71,102
2016_2,양평로19길,3263,1636,1627,619,447,603,558,483,553,317,233,313,295,237,241,302,214,290,263,246,312
2016_2,신길로60길,3255,1598,1657,367,407,505,489,611,876,176,202,255,253,313,399,191,205,250,236,298,477
2016_2,신길로42길,2857,1431,1426,360,407,355,468,562,705,182,211,209,235,287,307,178,196,146,233,275,398
2016_2,신길로42가길,4781,2377,2404,640,656,639,838,855,1153,329,343,353,409,437,506,311,313,286,429,418,647
2016_2,신길로39길,1999,998,1001,272,235,214,369,381,528,146,123,124,175,194,236,126,112,90,194,187,292
2016_2,신길로17길,2532,1242,1290,308,339,336,393,500,656,165,186,178,182,247,284,143,153,158,211,253,372
2016_2,선유서로28길,1143,598,545,159,124,182,183,190,305,94,76,99,97,93,139,65,48,83,86,97,166
2016_2,선유서로25길,2996,1551,1445,410,409,671,502,385,619,215,198,360,307,192,279,195,211,311,195,193,340
2016_2,선유서로24길,1406,717,689,148,123,180,204,267,484,72,70,99,121,148,207,76,53,81,83,119,277
2016_2,선유로55길,2773,1393,1380,226,604,707,368,385,483,113,252,366,198,231,233,113,352,341,170,154,250
2016_2,디지털로74길,897,505,392,174,105,117,116,153,232,137,64,59,66,71,108,37,41,58,50,82,124
2016_2,디지털로57길,1707,831,876,180,186,235,302,324,480,101,89,108,158,169,206,79,97,127,144,155,274
2016_2,디지털로37길,1672,823,849,193,150,180,308,306,535,98,76,102,143,155,249,95,74,78,165,151,286
2016_2,도신로62길,1677,828,849,214,230,214,264,303,452,108,130,124,136,137,193,106,100,90,128,166,259
2016_2,도신로60길,759,379,380,84,88,96,121,130,240,43,43,56,67,57,113,41,45,40,54,73,127
2016_2,도신로29길,1711,865,846,251,240,249,305,288,378,148,117,125,155,144,176,103,123,124,150,144,202
2016_2,도신로15길,3260,1636,1624,324,638,717,432,516,633,184,275,385,233,254,305,140,363,332,199,262,328
2016_2,도림천로21길,1980,988,992,202,285,323,296,353,521,111,144,178,140,164,251,91,141,145,156,189,270
2016_2,도림로63길,1828,957,871,279,212,228,325,343,441,159,117,127,162,182,210,120,95,101,163,161,231
2016_2,도림로147길,399,213,186,21,54,53,47,64,160,12,25,26,33,33,84,9,29,27,14,31,76
2016_2,도림로112길,2381,1198,1183,289,264,352,448,399,629,138,128,196,240,210,286,151,136,156,208,189,343
2016_2,대림로8길,3197,1593,1604,378,464,457,545,547,806,188,241,241,287,267,369,190,223,216,258,280,437
2016_2,대림로7길,1155,553,602,124,149,153,169,243,317,60,68,84,76,124,141,64,81,69,93,119,176
2016_2,대림로44길,2354,1237,1117,374,339,311,450,449,431,213,179,166,226,247,206,161,160,145,224,202,225
2016_2,대림로34길,2612,1336,1276,429,357,304,470,503,549,226,185,171,250,259,245,203,172,133,220,244,304
2016_2,대림로31길,2672,1392,1280,308,336,409,478,537,604,157,181,234,244,288,288,151,155,175,234,249,316
2016_2,대림로29길,2190,1155,1035,195,297,409,335,413,541,103,162,239,182,222,247,92,135,170,153,191,294
2016_2,대림로22길,3723,1889,1834,522,479,438,635,734,915,264,260,251,324,365,425,258,219,187,311,369,490
2016_2,당산로46길,2230,1138,1092,190,494,483,285,326,452,90,236,279,149,175,209,100,258,204,136,151,243
2016_2,당산로38길,1482,696,786,144,440,424,182,133,159,73,185,224,89,54,71,71,255,200,93,79,88
2016_2,당산로37길,916,445,471,150,146,218,141,107,154,67,60,117,81,53,67,83,86,101,60,54,87
2016_2,당산로31길,871,450,421,109,143,171,133,117,198,55,61,99,79,59,97,54,82,72,54,58,101
2016_2,국회대로56길,2241,1351,890,108,658,691,251,226,307,56,360,458,182,138,157,52,298,233,69,88,150
2016_2,경인로90길,162,123,39,4,6,13,17,40,82,2,4,9,13,33,62,2,2,4,4,7,20
2016_2,경인로80길,146,82,64,9,11,21,22,23,60,4,7,15,15,15,26,5,4,6,7,8,34
2016_2,경인로77길,313,181,132,10,49,54,43,56,101,4,29,35,30,35,48,6,20,19,13,21,53
2016_2,가마산로61길,2056,1059,997,269,289,244,384,401,469,145,159,136,194,215,210,124,130,108,190,186,259
2016_2,시흥대로94길,3975,2018,1957,553,608,598,662,770,784,287,317,328,314,391,381,266,291,270,348,379,403
2016_2,시흥대로84길,5990,3023,2967,843,912,828,974,1185,1248,447,473,451,488,578,586,396,439,377,486,607,662
2016_2,시흥대로68길,2371,1213,1158,328,313,346,388,429,567,172,171,187,207,218,258,156,142,159,181,211,309
2016_2,시흥대로63길,1579,782,797,198,203,332,253,252,341,92,100,178,129,125,158,106,103,154,124,127,183
2016_2,시흥대로62가길,3257,1644,1613,463,456,440,547,638,713,235,265,238,273,313,320,228,191,202,274,325,393
2016_2,시흥대로36길,2103,1090,1013,326,276,286,357,396,462,161,156,143,195,213,222,165,120,143,162,183,240
2016_2,시흥대로22길,3188,1600,1588,492,411,503,480,538,764,253,217,270,257,250,353,239,194,233,223,288,411
2016_2,시흥대로153길,2106,1172,934,194,469,460,266,373,344,113,243,283,152,203,178,81,226,177,114,170,166
2016_2,시흥대로150길,4019,2064,1955,554,509,590,656,763,947,271,280,327,347,380,459,283,229,263,309,383,488
2016_2,시흥대로141길,2179,1194,985,220,339,372,341,460,447,102,164,218,211,266,233,118,175,154,130,194,214
2016_2,시흥대로138길,619,326,293,83,53,88,97,123,175,44,31,49,54,61,87,39,22,39,43,62,88
2016_2,시흥대로120길,3468,1733,1735,459,492,507,585,681,744,226,248,260,302,349,348,233,244,247,283,332,396
2016_2,벚꽃로56길,1224,642,582,109,157,198,200,243,317,51,82,120,111,135,143,58,75,78,89,108,174
2016_2,범안로17길,1613,846,767,212,277,413,238,218,255,101,135,242,135,117,116,111,142,171,103,101,139
2016_2,범안로11길,1265,728,537,98,385,433,152,83,114,45,185,280,111,51,56,53,200,153,41,32,58
2016_2,문성로5길,3256,1638,1618,390,464,493,542,644,723,198,238,281,273,316,332,192,226,212,269,328,391
2016_2,독산로85길,540,259,281,81,60,74,107,107,111,43,29,39,53,50,45,38,31,35,54,57,66
2016_2,독산로78다길,3318,1703,1615,473,480,431,569,664,701,234,264,239,287,355,324,239,216,192,282,309,377
2016_2,독산로70길,2831,1442,1389,317,360,358,555,608,633,160,179,199,287,336,281,157,181,159,268,272,352
2016_2,독산로64길,2396,1221,1175,334,346,312,412,531,461,172,195,170,200,280,204,162,151,142,212,251,257
2016_2,독산로50길,1971,979,992,295,281,306,272,386,431,149,139,161,130,180,220,146,142,145,142,206,211
2016_2,독산로40길,2734,1357,1377,414,368,413,430,506,603,206,196,223,221,242,269,208,172,190,209,264,334
2016_2,독산로108길,1813,954,859,219,275,308,296,358,357,122,138,181,145,199,169,97,137,127,151,159,188
2016_2,남부순환로112길,2360,1395,965,125,606,536,344,390,359,51,301,371,227,244,201,74,305,165,117,146,158
2016_2,금하로24길,4512,2310,2202,660,590,557,771,842,1092,345,311,313,395,456,490,315,279,244,376,386,602
2016_2,금하로1길,2130,1087,1043,342,295,273,417,351,452,160,154,173,210,186,204,182,141,100,207,165,248
2016_2,금하로14길,1872,922,950,257,252,254,313,340,456,127,125,136,152,169,213,130,127,118,161,171,243
2016_2,가산로5길,2902,1769,1133,184,785,843,377,361,352,105,445,557,249,222,191,79,340,286,128,139,161
2016_2,가산로3길,982,617,365,58,290,316,140,90,88,17,167,229,104,53,47,41,123,87,36,37,41
2016_2,중앙로1길,1201,601,600,204,184,208,181,191,233,105,94,109,91,96,106,99,90,99,90,95,127
2016_2,중앙로15길,1363,690,673,254,169,205,219,230,286,135,83,103,124,112,133,119,86,102,95,118,153
2016_2,우마길,1063,596,467,82,122,102,189,276,292,44,62,62,118,165,145,38,60,40,71,111,147
2016_2,오류로8길,2167,1083,1084,309,267,315,297,360,619,173,131,170,160,179,270,136,136,145,137,181,349
2016_2,신도림로13길,607,304,303,58,86,80,88,126,169,25,47,37,51,67,77,33,39,43,37,59,92
2016_2,새말로18길,2778,1358,1420,385,458,601,405,394,535,201,209,298,201,188,261,184,249,303,204,206,274
2016_2,부일로1길,627,335,292,64,68,107,95,110,183,37,40,57,60,57,84,27,28,50,35,53,99
2016_2,부일로15길,1211,603,608,183,176,186,212,186,268,101,90,97,102,93,120,82,86,89,110,93,148
2016_2,부일로11길,1156,580,576,212,164,165,209,199,207,114,94,87,97,98,90,98,70,78,112,101,117
2016_2,디지털로32길,1513,828,685,37,497,587,184,103,105,19,213,346,125,69,56,18,284,241,59,34,49
2016_2,디지털로32가길,4762,2583,2179,113,1887,1810,448,227,277,63,811,1123,321,122,143,50,1076,687,127,105,134
2016_2,디지털로27길,916,493,423,102,103,113,143,182,273,44,59,64,79,106,141,58,44,49,64,76,132
2016_2,도림로6길,1540,778,762,191,184,215,259,308,383,97,89,127,145,163,157,94,95,88,114,145,226
2016_2,도림로12길,2038,985,1053,310,257,323,316,352,480,141,139,156,161,175,213,169,118,167,155,177,267
2016_2,남부순환로97길,1335,635,700,214,146,273,160,192,350,99,66,139,78,78,175,115,80,134,82,114,175
2016_2,구로중앙로8길,3208,1600,1608,379,366,477,498,618,870,203,194,242,250,302,409,176,172,235,248,316,461
2016_2,구로중앙로7길,708,344,364,73,58,89,99,137,252,34,29,45,56,65,115,39,29,44,43,72,137
2016_2,구로중앙로42길,969,511,458,136,141,139,145,168,240,73,79,80,80,87,112,63,62,59,65,81,128
2016_2,구로중앙로34길,1240,651,589,148,167,161,204,241,319,81,97,96,106,123,148,67,70,65,98,118,171
2016_2,구로중앙로28길,3463,1741,1722,481,518,637,614,547,666,246,222,345,337,293,298,235,296,292,277,254,368
2016_2,구로중앙로19길,893,453,440,104,118,95,143,176,257,53,57,58,77,99,109,51,61,37,66,77,148
2016_2,구로동로8길,6844,3437,3407,890,893,965,1102,1261,1733,481,512,507,566,594,777,409,381,458,536,667,956
2016_2,구로동로7길,2932,1558,1374,342,330,368,493,582,817,200,189,211,278,296,384,142,141,157,215,286,433
2016_2,구로동로42길,2051,1012,1039,285,229,260,378,339,560,139,116,135,199,169,254,146,113,125,179,170,306
2016_2,구로동로41길,2161,1104,1057,264,281,259,386,427,544,125,139,145,222,217,256,139,142,114,164,210,288
2016_2,구로동로38길,2150,1052,1098,299,265,220,377,423,566,135,145,116,194,223,239,164,120,104,183,200,327
2016_2,구로동로28길,1805,917,888,214,224,231,327,307,502,115,106,129,175,172,220,99,118,102,152,135,282
2016_2,구로동로15길,1109,582,527,129,128,130,164,249,309,72,78,77,82,134,139,57,50,53,82,115,170
2016_2,공원로6가길,1460,645,815,93,509,383,166,151,158,49,175,180,84,76,81,44,334,203,82,75,77
2016_2,고척로52길,3241,1595,1646,580,434,441,567,578,641,296,223,210,287,291,288,284,211,231,280,287,353
2016_2,고척로27다길,4605,2292,2313,752,652,621,830,818,932,375,351,314,413,418,421,377,301,307,417,400,511
2016_2,고척로27길,2530,1310,1220,366,352,329,429,462,592,197,184,173,225,251,280,169,168,156,204,211,312
2016_2,고척로21나길,2817,1469,1348,430,386,375,468,491,667,226,226,208,240,261,308,204,160,167,228,230,359
2016_2,경인로47길,899,429,470,153,127,121,130,157,211,65,59,61,67,79,98,88,68,60,63,78,113
2016_2,경인로35길,3214,1650,1564,402,402,380,495,635,900,197,210,200,279,334,430,205,192,180,216,301,470
2016_2,경인로31길,1989,1036,953,198,235,237,345,428,546,104,126,133,199,233,241,94,109,104,146,195,305
2016_2,경인로15길,3811,1909,1902,529,514,598,584,648,938,275,268,310,322,312,422,254,246,288,262,336,516
2016_2,개봉로3길,3015,1499,1516,488,381,520,511,487,628,246,204,280,262,229,278,242,177,240,249,258,350
2016_2,개봉로2길,1989,955,1034,334,236,349,302,331,437,177,117,173,144,146,198,157,119,176,158,185,239
2016_2,개봉로23가길,1170,574,596,181,118,234,171,172,294,81,60,118,97,84,134,100,58,116,74,88,160
2016_2,개봉로20길,3691,1783,1908,641,457,683,494,586,830,335,224,318,262,256,388,306,233,365,232,330,442
2016_2,개봉로1길,2167,1102,1065,360,271,352,383,352,449,184,150,205,195,169,199,176,121,147,188,183,250
2016_2,개봉로17다길,3307,1627,1680,502,444,565,526,535,735,248,211,292,263,258,355,254,233,273,263,277,380
2016_2,개봉로17길,5550,2723,2827,900,789,950,866,914,1131,470,407,474,436,426,510,430,382,476,430,488,621
2016_2,개봉로11길,5058,2489,2569,820,698,785,836,846,1073,438,362,386,413,389,501,382,336,399,423,457,572
2016_2,화곡로64길,3905,1901,2004,521,750,832,591,590,621,295,301,430,289,306,280,226,449,402,302,284,341
2016_2,화곡로59길,2112,1031,1081,339,345,340,321,416,351,185,172,168,139,201,166,154,173,172,182,215,185
2016_2,화곡로44나길,3249,1620,1629,476,477,703,538,488,567,259,224,392,265,229,251,217,253,311,273,259,316
2016_2,화곡로31길,4136,1970,2166,466,687,806,570,675,932,246,339,394,271,305,415,220,348,412,299,370,517
2016_2,화곡로20길,2347,1162,1185,321,323,426,364,409,504,169,165,232,177,182,237,152,158,194,187,227,267
2016_2,화곡로13길,3395,1669,1726,589,523,511,594,545,633,310,272,264,281,248,294,279,251,247,313,297,339
2016_2,초원로16길,3649,1851,1798,507,520,516,545,677,884,273,255,292,280,335,416,234,265,224,265,342,468
2016_2,초록마을로8길,5015,2479,2536,1010,665,1008,926,682,724,532,340,512,474,320,301,478,325,496,452,362,423
2016_2,초록마을로3길,2353,1194,1159,200,467,610,380,322,374,87,223,352,215,160,157,113,244,258,165,162,217
2016_2,월정로20길,1764,939,825,143,295,475,268,275,308,69,143,268,162,147,150,74,152,207,106,128,158
2016_2,우장산로6길,5389,2575,2814,1390,720,678,1168,776,657,659,342,320,549,393,312,731,378,358,619,383,345
2016_2,양천로73가길,2272,1173,1099,597,268,389,458,288,272,340,138,186,230,154,125,257,130,203,228,134,147
2016_2,양천로71길,5126,2504,2622,1327,642,690,1048,783,636,646,346,313,515,398,286,681,296,377,533,385,350
2016_2,양천로49길,1232,636,596,180,227,212,171,201,241,103,117,118,80,104,114,77,110,94,91,97,127
2016_2,양천로26길,1841,886,955,419,182,384,301,269,286,208,94,177,155,123,129,211,88,207,146,146,157
2016_2,양천로24길,3763,1911,1852,604,496,643,548,649,823,331,264,327,282,305,402,273,232,316,266,344,421
2016_2,양천로24가길,2932,1448,1484,525,340,533,527,440,567,257,173,279,270,207,262,268,167,254,257,233,305
2016_2,양천로14길,4706,2304,2402,856,609,716,765,766,994,433,302,368,399,356,446,423,307,348,366,410,548
2016_2,방화대로6라길,2480,1296,1184,379,286,507,482,384,442,197,144,283,272,194,206,182,142,224,210,190,236
2016_2,방화대로21길,2525,1304,1221,338,355,417,344,497,574,179,189,247,187,241,261,159,166,170,157,256,313
2016_2,등촌로5길,1549,754,795,217,225,311,219,248,329,117,113,167,105,108,144,100,112,144,114,140,185
2016_2,등촌로55길,2732,1309,1423,435,469,647,423,355,403,227,206,335,203,147,191,208,263,312,220,208,212
2016_2,등촌로51길,2208,1092,1116,387,336,348,330,393,414,201,181,167,159,177,207,186,155,181,171,216,207
2016_2,등촌로39길,3288,1651,1637,584,499,613,527,538,527,315,267,329,244,263,233,269,232,284,283,275,294
2016_2,등촌로13길,3803,1883,1920,560,493,757,625,629,739,297,256,401,318,281,330,263,237,356,307,348,409
2016_2,남부순환로11길,3929,2083,1846,608,506,813,667,615,720,318,257,452,387,322,347,290,249,361,280,293,373
2016_2,까치산로4길,4532,2183,2349,901,584,929,742,621,755,453,286,465,377,277,325,448,298,464,365,344,430
2016_2,국회대로7길,2404,1187,1217,293,353,426,369,416,547,139,194,235,187,187,245,154,159,191,182,229,302
2016_2,공항대로8길,3066,1551,1515,392,513,560,455,462,684,197,259,297,248,217,333,195,254,263,207,245,351
2016_2,공항대로61길,2124,1068,1056,438,274,429,388,287,308,240,133,214,197,140,144,198,141,215,191,147,164
2016_2,공항대로59다길,2813,1396,1417,517,375,409,484,501,527,269,190,191,244,254,248,248,185,218,240,247,279
2016_2,공항대로59길,1200,555,645,107,243,266,201,184,199,48,96,121,106,95,89,59,147,145,95,89,110
2016_2,공항대로55길,1901,965,936,327,251,304,317,322,380,172,135,172,158,155,173,155,116,132,159,167,207
2016_2,공항대로42길,1166,571,595,258,148,152,258,175,175,125,80,66,125,90,85,133,68,86,133,85,90
2016_2,공항대로38길,445,212,233,82,78,78,86,68,53,33,44,41,38,34,22,49,34,37,48,34,31
2016_2,곰달래로60길,1938,972,966,198,298,388,276,332,446,103,154,207,137,164,207,95,144,181,139,168,239
2016_2,곰달래로53길,3835,1882,1953,720,494,628,737,576,680,362,264,318,358,279,301,358,230,310,379,297,379
2016_2,곰달래로47길,4246,2060,2186,821,538,822,781,597,687,396,272,425,374,276,317,425,266,397,407,321,370
2016_2,곰달래로31길,3130,1514,1616,679,357,622,569,388,515,364,175,301,277,164,233,315,182,321,292,224,282
2016_2,곰달래로25길,2874,1373,1501,442,337,556,487,445,607,213,170,270,264,193,263,229,167,286,223,252,344
2016_2,개화동로25길,2113,1046,1067,219,485,375,280,309,445,104,225,213,147,158,199,115,260,162,133,151,246
2016_2,개화동로23길,3990,2005,1985,509,497,563,620,779,1022,261,278,296,319,395,456,248,219,267,301,384,566
2016_2,강서로8길,3511,1744,1767,490,415,707,543,524,832,238,201,380,288,239,398,252,214,327,255,285,434
2016_2,강서로5라길,2855,1415,1440,430,373,580,442,470,560,234,175,308,234,206,258,196,198,272,208,264,302
2016_2,강서로5나길,2102,1056,1046,210,349,557,273,272,441,104,160,318,150,115,209,106,189,239,123,157,232
2016_2,강서로5가길,1543,805,738,143,249,341,219,236,355,86,110,193,126,108,182,57,139,148,93,128,173
2016_2,강서로47라길,3918,1857,2061,939,579,479,795,641,485,430,292,239,364,324,208,509,287,240,431,317,277
2016_2,강서로47길,2879,1367,1512,645,375,393,572,439,455,292,194,194,274,225,188,353,181,199,298,214,267
2016_2,강서로45다길,2838,1368,1470,446,424,499,486,413,570,229,198,260,247,179,255,217,226,239,239,234,315
2016_2,강서로45길,919,450,469,189,121,165,149,135,160,87,50,85,77,68,83,102,71,80,72,67,77
2016_2,강서로35길,4061,1952,2109,537,628,764,582,732,818,264,287,401,274,361,365,273,341,363,308,371,453
2016_2,강서로29길,2803,1339,1464,391,457,682,418,391,464,197,205,345,198,180,214,194,252,337,220,211,250
2016_2,강서로18길,7025,3413,3612,1126,921,1499,1110,994,1375,580,426,784,552,449,622,546,495,715,558,545,753
2016_2,강서로17가길,3044,1539,1505,351,486,569,434,563,641,187,251,321,212,260,308,164,235,248,222,303,333
2016_2,강서로15길,5524,2738,2786,620,802,1123,863,931,1185,311,386,623,439,455,524,309,416,500,424,476,661
2016_2,가로공원로80길,3000,1513,1487,467,426,612,442,487,566,258,221,325,216,239,254,209,205,287,226,248,312
2016_2,가로공원로76가길,3072,1502,1570,442,450,575,512,499,594,208,237,300,255,228,274,234,213,275,257,271,320
2016_2,화곡로4길,1774,893,881,264,238,268,280,351,373,139,131,137,135,160,191,125,107,131,145,191,182
2016_2,화곡로3길,3133,1542,1591,643,447,483,553,486,521,333,232,237,263,236,241,310,215,246,290,250,280
2016_2,지양로7길,3523,1738,1785,525,441,551,528,625,853,260,233,309,269,282,385,265,208,242,259,343,468
2016_2,중앙로55길,3741,1863,1878,646,477,568,611,663,776,340,246,295,305,324,353,306,231,273,306,339,423
2016_2,중앙로51길,3957,1979,1978,726,535,643,625,620,808,357,281,345,315,296,385,369,254,298,310,324,423
2016_2,중앙로47길,4989,2607,2382,549,715,645,865,1029,1186,295,413,377,436,524,562,254,302,268,429,505,624
2016_2,중앙로45길,3384,1689,1695,432,491,522,546,634,759,237,255,288,273,297,339,195,236,234,273,337,420
2016_2,중앙로36길,958,449,509,189,103,115,192,139,220,94,50,54,92,64,95,95,53,61,100,75,125
2016_2,중앙로32길,1096,534,562,241,152,134,200,174,195,128,82,66,86,92,80,113,70,68,114,82,115
2016_2,중앙로25길,2632,1336,1296,323,324,357,468,497,663,172,172,193,249,250,300,151,152,164,219,247,363
2016_2,은행정로7길,3362,1667,1695,563,404,586,547,546,716,278,212,304,286,246,341,285,192,282,261,300,375
2016_2,은행정로5길,833,451,382,135,87,114,145,148,204,74,44,64,87,85,97,61,43,50,58,63,107
2016_2,오목로5길,2827,1388,1439,565,318,478,460,426,580,286,155,218,242,209,278,279,163,260,218,217,302
2016_2,오목로3길,3751,1870,1881,833,430,651,629,540,668,420,230,316,327,263,314,413,200,335,302,277,354
2016_2,오목로30길,3740,1833,1907,469,566,700,596,624,785,238,280,374,286,294,361,231,286,326,310,330,424
2016_2,오목로23길,4265,2131,2134,615,621,851,688,680,810,318,299,458,330,331,395,297,322,393,358,349,415
2016_2,신월로20길,1065,574,491,150,122,162,166,201,264,86,73,96,85,104,130,64,49,66,81,97,134
2016_2,신월로15길,5548,2743,2805,998,744,841,892,934,1139,519,391,415,436,464,518,479,353,426,456,470,621
2016_2,신목로6길,2534,1254,1280,506,341,331,482,412,462,274,174,165,221,219,201,232,167,166,261,193,261
2016_2,신목로5길,2286,1154,1132,587,329,208,521,369,272,305,182,92,236,208,131,282,147,116,285,161,141
2016_2,신목로2길,2113,1045,1068,398,373,195,384,449,314,214,202,95,163,233,138,184,171,100,221,216,176
2016_2,목동중앙서로8가길,1431,701,730,183,224,269,222,225,308,101,112,134,108,115,131,82,112,135,114,110,177
2016_2,목동중앙서로7길,3740,1853,1887,648,562,631,665,606,628,368,295,333,297,282,278,280,267,298,368,324,350
2016_2,목동중앙북로8길,2225,1047,1178,293,327,455,334,354,462,148,159,230,154,157,199,145,168,225,180,197,263
2016_2,목동중앙북로16길,3388,1669,1719,454,584,825,487,485,553,252,268,422,237,239,251,202,316,403,250,246,302
2016_2,목동중앙본로7길,2413,1221,1192,455,340,383,421,396,418,265,196,187,199,184,190,190,144,196,222,212,228
2016_2,목동중앙로3길,2204,1071,1133,547,302,264,461,359,271,278,160,129,207,188,109,269,142,135,254,171,162
2016_2,목동중앙로13나길,1151,583,568,172,208,255,179,173,164,97,91,134,86,99,76,75,117,121,93,74,88
2016_2,목동중앙남로3가길,2319,1168,1151,430,365,369,393,401,361,258,190,177,186,189,168,172,175,192,207,212,193
2016_2,목동로9길,3625,1708,1917,667,524,665,650,548,571,336,254,307,292,250,269,331,270,358,358,298,302
2016_2,목동로19길,2383,1127,1256,393,335,436,386,373,460,182,163,204,183,180,215,211,172,232,203,193,245
2016_2,목동동로8길,890,401,489,217,107,125,194,127,120,102,44,58,86,67,44,115,63,67,108,60,76
2016_2,목동동로12길,2261,1092,1169,522,303,259,467,341,369,260,156,129,208,175,164,262,147,130,259,166,205
2016_2,목동남로4길,1218,584,634,246,179,155,227,186,225,118,79,85,105,96,101,128,100,70,122,90,124
2016_2,남부순환로88길,687,349,338,187,67,123,155,76,79,99,35,60,78,44,33,88,32,63,77,32,46
2016_2,남부순환로79길,1377,725,652,176,185,185,193,289,349,103,110,104,97,147,164,73,75,81,96,142,185
2016_2,남부순환로70길,4858,2424,2434,647,695,695,759,886,1176,316,378,379,379,452,520,331,317,316,380,434,656
2016_2,남부순환로58길,1752,870,882,273,247,289,269,315,359,141,128,159,120,149,173,132,119,130,149,166,186
2016_2,남부순환로40길,2597,1403,1194,286,292,388,442,532,657,142,147,234,264,297,319,144,145,154,178,235,338
2016_2,남부순환로33길,3316,1614,1702,464,470,549,510,605,718,215,234,302,242,302,319,249,236,247,268,303,399
2016_2,곰달래로5길,3420,1778,1642,438,506,489,514,681,792,223,268,285,250,367,385,215,238,204,264,314,407
2016_2,곰달래로3길,3973,2079,1894,577,491,564,706,761,874,309,269,299,382,398,422,268,222,265,324,363,452
2016_2,곰달래로2길,3920,2022,1898,670,506,654,640,699,751,345,263,347,345,356,366,325,243,307,295,343,385
2016_2,곰달래로10길,3523,1819,1704,501,457,618,600,640,707,248,235,349,305,334,348,253,222,269,295,306,359
2016_2,가로공원로58길,2528,1354,1174,307,322,317,441,523,618,160,173,184,264,295,278,147,149,133,177,228,340
2016_2,효창원로93길,2761,1332,1429,355,415,392,487,479,633,188,191,210,237,230,276,167,224,182,250,249,357
2016_2,토정로37길,2620,1269,1351,652,298,459,560,331,320,326,142,213,285,160,143,326,156,246,275,171,177
2016_2,월드컵로8길,1767,820,947,196,302,446,295,225,303,103,140,202,144,100,131,93,162,244,151,125,172
2016_2,월드컵로7길,1995,933,1062,266,356,474,309,261,329,124,151,238,150,125,145,142,205,236,159,136,184
2016_2,월드컵로36길,3875,1782,2093,501,738,791,670,514,661,255,294,355,340,254,284,246,444,436,330,260,377
2016_2,월드컵로25길,3199,1549,1650,608,407,614,578,423,569,296,199,302,293,209,250,312,208,312,285,214,319
2016_2,월드컵로19길,1811,845,966,201,294,398,294,234,390,95,135,197,139,114,165,106,159,201,155,120,225
2016_2,월드컵로16길,2615,1208,1407,366,444,564,458,331,452,191,189,251,214,159,204,175,255,313,244,172,248
2016_2,월드컵로11길,2384,1104,1280,292,385,547,376,326,458,152,161,250,200,147,194,140,224,297,176,179,264
2016_2,월드컵로10길,2555,1174,1381,270,358,576,407,364,580,122,149,259,200,185,259,148,209,317,207,179,321
2016_2,와우산로3길,1919,920,999,167,379,476,282,266,349,75,193,245,138,129,140,92,186,231,144,137,209
2016_2,와우산로29길,902,426,476,102,170,219,151,94,166,49,79,105,73,44,76,53,91,114,78,50,90
2016_2,와우산로29가길,549,241,308,36,206,140,55,38,74,14,87,67,24,17,32,22,119,73,31,21,42
2016_2,양화진길,1400,683,717,157,231,294,203,217,298,91,113,153,118,90,118,66,118,141,85,127,180
2016_2,양화로1길,2796,1290,1506,399,466,654,444,353,480,193,185,324,220,161,207,206,281,330,224,192,273
2016_2,양화로11길,781,340,441,77,148,218,120,77,141,40,48,112,46,34,60,37,100,106,74,43,81
2016_2,신촌로30길,959,491,468,87,123,104,145,185,315,47,62,66,82,94,140,40,61,38,63,91,175
2016_2,신촌로28가길,1824,854,970,132,254,241,250,372,575,57,126,138,122,181,230,75,128,103,128,191,345
2016_2,신촌로12길,1988,968,1020,143,535,468,243,221,378,80,254,235,127,109,163,63,281,233,116,112,215
2016_2,숭문길,2966,1474,1492,389,402,385,481,530,779,203,218,210,247,274,322,186,184,175,234,256,457
2016_2,숭문8길,937,480,457,147,123,185,160,134,188,78,66,99,86,67,84,69,57,86,74,67,104
2016_2,성지3길,1122,517,605,107,202,271,155,163,224,57,78,138,76,76,92,50,124,133,79,87,132
2016_2,성산로4길,3461,1684,1777,481,498,582,587,561,752,236,246,293,300,273,336,245,252,289,287,288,416
2016_2,성미산로32길,1218,567,651,111,267,335,163,146,196,64,115,157,85,64,82,47,152,178,78,82,114
2016_2,성미산로1길,3304,1557,1747,545,470,613,646,435,595,317,207,281,297,197,258,228,263,332,349,238,337
2016_2,성미산로11길,3898,1858,2040,563,581,784,699,566,705,305,273,375,335,262,308,258,308,409,364,304,397
2016_2,백범로16길,1803,893,910,251,258,343,306,259,386,133,110,168,180,126,176,118,148,175,126,133,210
2016_2,방울내로9안길,5796,2797,2999,1045,758,1090,1071,787,1045,514,386,513,539,379,466,531,372,577,532,408,579
2016_2,모래내로7길,2095,1055,1040,332,297,326,387,313,440,177,149,180,194,159,196,155,148,146,193,154,244
2016_2,매봉산로2길,2333,1201,1132,311,383,471,387,302,479,172,174,255,209,173,218,139,209,216,178,129,261
2016_2,망원로2길,4396,2102,2294,685,626,888,762,629,806,364,302,407,388,296,345,321,324,481,374,333,461
2016_2,망원로11길,1529,711,818,215,235,283,250,213,333,108,103,138,122,106,134,107,132,145,128,107,199
2016_2,만리재옛길,2698,1313,1385,347,381,510,462,388,610,171,188,257,240,201,256,176,193,253,222,187,354
2016_2,마포대로4길,878,412,466,118,143,190,137,122,168,60,61,106,67,54,64,58,82,84,70,68,104
2016_2,마포대로20길,2159,1024,1135,288,322,459,403,324,363,145,126,217,208,167,161,143,196,242,195,157,202
2016_2,마포대로12길,800,353,447,74,149,252,119,92,114,39,46,117,58,45,48,35,103,135,61,47,66
2016_2,동교로38길,1642,769,873,133,357,409,232,202,309,62,169,196,115,101,126,71,188,213,117,101,183
2016_2,동교로27길,2718,1243,1475,315,553,684,395,295,476,164,222,312,189,134,222,151,331,372,206,161,254
2016_2,동교로25길,1364,614,750,134,303,338,180,177,232,64,124,152,88,78,108,70,179,186,92,99,124
2016_2,동교로19길,1794,822,972,207,281,405,382,222,297,92,143,179,178,109,121,115,138,226,204,113,176
2016_2,동교로17길,1940,909,1031,242,335,488,325,248,302,132,134,231,165,119,128,110,201,257,160,129,174
2016_2,독막로8길,1393,628,765,148,248,351,213,187,246,79,91,152,114,86,106,69,157,199,99,101,140
2016_2,독막로32길,2804,1376,1428,391,384,461,450,431,687,197,202,250,221,211,295,194,182,211,229,220,392
2016_2,독막로22길,1086,500,586,196,154,216,212,130,178,92,68,94,104,68,74,104,86,122,108,62,104
2016_2,도화길,1020,466,554,125,196,247,155,124,173,53,85,107,80,66,75,72,111,140,75,58,98
2016_2,도화4길,4030,1898,2132,677,465,660,695,633,900,353,216,315,352,301,361,324,249,345,343,332,539
2016_2,대흥로28길,1786,837,949,122,463,272,245,284,400,54,198,128,113,161,183,68,265,144,132,123,217
2016_2,대흥로21길,4042,2090,1952,381,877,664,570,624,926,204,472,382,303,331,398,177,405,282,267,293,528
2016_2,광성로6길,1712,906,806,212,422,285,276,212,305,116,253,156,144,112,125,96,169,129,132,100,180
2016_2,홍제내길,3095,1435,1660,500,370,486,545,429,765,252,177,242,260,187,317,248,193,244,285,242,448
2016_2,홍연길,1284,662,622,171,162,153,220,225,353,87,87,86,125,116,161,84,75,67,95,109,192
2016_2,통일로39길,1695,850,845,213,243,221,269,308,441,117,130,117,127,154,205,96,113,104,142,154,236
2016_2,통일로37길,1610,722,888,176,163,216,289,285,481,77,82,101,146,129,187,99,81,115,143,156,294
2016_2,통일로11길,298,159,139,25,37,38,38,46,114,18,19,23,22,31,46,7,18,15,16,15,68
2016_2,충정로6길,548,286,262,42,90,119,64,87,146,21,54,64,41,43,63,21,36,55,23,44,83
2016_2,충정로4길,381,201,180,26,53,99,56,47,100,16,30,50,35,21,49,10,23,49,21,26,51
2016_2,증가로6길,3274,1594,1680,457,517,506,506,520,768,233,253,269,259,254,326,224,264,237,247,266,442
2016_2,증가로23나길,4495,2189,2306,663,637,708,744,733,1010,332,317,370,362,360,448,331,320,338,382,373,562
2016_2,증가로20가길,3347,1688,1659,636,553,475,620,507,556,338,296,253,312,245,244,298,257,222,308,262,312
2016_2,증가로10길,3831,1864,1967,439,699,554,623,579,937,218,330,308,304,287,417,221,369,246,319,292,520
2016_2,응암로1길,3460,1647,1813,500,406,609,564,547,834,244,180,297,294,246,386,256,226,312,270,301,448
2016_2,연희로10길,2613,1398,1215,199,1044,552,261,220,337,108,602,313,123,103,149,91,442,239,138,117,188
2016_2,신촌로37길,811,444,367,53,142,124,133,151,208,28,75,70,79,92,100,25,67,54,54,59,108
2016_2,수색로8길,3802,1861,1941,569,439,698,565,593,938,282,220,359,288,282,430,287,219,339,277,311,508
2016_2,세무서길,3784,1833,1951,445,546,495,589,620,1089,229,274,272,284,325,449,216,272,223,305,295,640
2016_2,세무서2길,1956,961,995,255,239,248,349,312,553,129,119,138,175,163,237,126,120,110,174,149,316
2016_2,세검정로1길,1215,580,635,194,132,130,208,202,349,92,63,59,108,114,144,102,69,71,100,88,205
2016_2,북아현로4길,3783,1834,1949,399,563,537,616,653,1015,200,292,305,315,314,408,199,271,232,301,339,607
2016_2,모래내로15길,2936,1436,1500,468,304,410,478,504,772,229,165,225,233,244,340,239,139,185,245,260,432
2016_2,명지대길,2435,1213,1222,328,521,358,385,345,498,176,257,185,189,177,229,152,264,173,196,168,269
2016_2,독립문로8길,4067,1964,2103,664,506,699,688,565,945,327,250,370,367,265,385,337,256,329,321,300,560
2016_2,가재울로6길,2753,1353,1400,393,355,406,454,408,737,212,162,219,249,192,319,181,193,187,205,216,418
2016_2,통일로92길,5580,2791,2789,758,896,887,841,1035,1163,411,462,489,418,475,536,347,434,398,423,560,627
2016_2,통일로87길,1807,854,953,243,266,310,294,277,417,113,117,162,143,130,189,130,149,148,151,147,228
2016_2,통일로78길,4519,2161,2358,609,673,780,692,744,1021,299,339,399,344,331,449,310,334,381,348,413,572
2016_2,통일로69길,1824,872,952,258,253,298,276,313,426,128,125,159,135,144,181,130,128,139,141,169,245
2016_2,진흥로1길,4249,2053,2196,740,551,729,743,661,825,380,276,345,370,316,366,360,275,384,373,345,459
2016_2,진흥로12길,5861,2859,3002,754,739,981,972,932,1483,389,391,517,497,428,637,365,348,464,475,504,846
2016_2,증산서길,2475,1258,1217,377,328,384,362,398,626,205,167,205,192,201,288,172,161,179,170,197,338
2016_2,증산로9길,2840,1389,1451,463,366,466,476,428,641,237,182,243,239,189,299,226,184,223,237,239,342
2016_2,증산로5길,2776,1364,1412,397,340,369,483,473,714,200,186,169,249,227,333,197,154,200,234,246,381
2016_2,증산로21길,5238,2548,2690,810,725,926,878,806,1093,420,371,464,422,378,493,390,354,462,456,428,600
2016_2,증산로17길,1654,811,843,225,252,252,250,266,409,108,128,136,126,127,186,117,124,116,124,139,223
2016_2,증산로15길,2534,1258,1276,392,286,356,446,425,629,200,156,184,230,212,276,192,130,172,216,213,353
2016_2,증산로13길,2081,1069,1012,241,294,273,332,413,528,129,155,159,164,214,248,112,139,114,168,199,280
2016_2,응암로34길,3223,1566,1657,569,401,537,566,472,678,305,186,270,279,232,294,264,215,267,287,240,384
2016_2,응암로22길,1943,961,982,255,223,227,329,325,584,137,120,125,168,155,256,118,103,102,161,170,328
2016_2,응암로14길,1896,961,935,240,241,221,323,357,514,132,141,112,172,185,219,108,100,109,151,172,295
2016_2,응암로13길,1814,887,927,210,272,357,273,291,411,114,124,183,138,143,185,96,148,174,135,148,226
2016_2,응암로12길,1560,774,786,212,184,189,244,277,454,116,97,96,129,132,204,96,87,93,115,145,250
2016_2,은평로8길,3169,1539,1630,556,456,615,578,404,560,298,219,294,308,182,238,258,237,321,270,222,322
2016_2,은평로3길,2374,1102,1272,400,311,421,419,341,482,199,154,190,205,150,204,201,157,231,214,191,278
2016_2,은평로20길,1354,663,691,152,180,179,248,226,369,85,102,88,122,105,161,67,78,91,126,121,208
2016_2,은평로13길,3169,1506,1663,506,393,534,544,475,717,249,181,268,267,221,320,257,212,266,277,254,397
2016_2,은평로10길,2995,1453,1542,505,360,495,542,441,652,277,177,252,270,212,265,228,183,243,272,229,387
2016_2,연서로5길,2905,1403,1502,530,368,529,492,455,531,260,186,274,238,210,235,270,182,255,254,245,296
2016_2,연서로41길,4039,1999,2040,550,520,558,692,738,981,277,287,305,343,345,442,273,233,253,349,393,539
2016_2,연서로3길,3665,1750,1915,702,480,683,600,517,683,352,235,333,302,218,310,350,245,350,298,299,373
2016_2,연서로34길,3099,1468,1631,444,410,460,486,516,783,217,202,243,246,232,328,227,208,217,240,284,455
2016_2,연서로33길,2111,1048,1063,224,285,296,303,373,630,119,159,157,150,189,274,105,126,139,153,184,356
2016_2,연서로29길,1089,521,568,130,180,217,161,184,217,63,88,122,70,84,94,67,92,95,91,100,123
2016_2,연서로28길,3651,1745,1906,433,622,645,548,583,820,204,291,333,270,279,368,229,331,312,278,304,452
2016_2,연서로27길,3102,1462,1640,426,453,482,532,502,707,213,213,260,237,237,302,213,240,222,295,265,405
2016_2,연서로21길,4298,2033,2265,758,584,736,760,655,805,381,285,378,352,296,341,377,299,358,408,359,464
2016_2,연서로17길,2381,1177,1204,363,316,400,405,401,496,183,152,213,205,192,232,180,164,187,200,209,264
2016_2,연서로16길,4770,2281,2489,759,612,759,770,823,1047,391,287,378,383,382,460,368,325,381,387,441,587
2016_2,연서로13길,4033,1901,2132,661,567,652,714,646,793,319,247,337,330,312,356,342,320,315,384,334,437
2016_2,연서로11길,3938,1901,2037,758,551,642,704,576,707,380,280,313,335,277,316,378,271,329,369,299,391
2016_2,역말로9길,5859,2819,3040,892,753,985,1014,908,1307,421,366,523,511,437,561,471,387,462,503,471,746
2016_2,수색로18길,2428,1215,1213,302,321,284,395,452,674,158,183,146,209,240,279,144,138,138,186,212,395
2016_2,서오릉로8길,2688,1278,1410,359,350,433,436,437,673,178,167,222,216,205,290,181,183,211,220,232,383
2016_2,서오릉로21길,3769,1825,1944,631,510,594,589,636,809,312,260,296,294,295,368,319,250,298,295,341,441
2016_2,불광천길,5336,2603,2733,756,706,870,908,864,1232,392,343,465,460,428,515,364,363,405,448,436,717
2016_2,갈현로7길,2579,1254,1325,430,359,392,436,451,511,231,176,193,214,208,232,199,183,199,222,243,279
2016_2,갈현로41길,3295,1631,1664,474,433,436,550,587,815,267,230,235,271,280,348,207,203,201,279,307,467
2016_2,갈현로33길,3753,1851,1902,720,582,530,653,592,676,388,292,288,291,283,309,332,290,242,362,309,367
2016_2,갈현로1길,1999,980,1019,338,285,316,331,336,393,169,144,173,157,169,168,169,141,143,174,167,225
2016_2,가좌로7길,3710,1824,1886,567,499,464,580,666,934,299,251,242,295,321,416,268,248,222,285,345,518
2016_2,한글비석로44길,4202,2071,2131,614,573,509,715,667,1124,314,299,267,361,334,496,300,274,242,354,333,628
2016_2,한글비석로24길,2588,1308,1280,326,381,337,399,477,668,176,207,187,196,238,304,150,174,150,203,239,364
2016_2,한글비석로22길,1488,774,714,242,188,192,267,253,346,131,88,105,138,135,177,111,100,87,129,118,169
2016_2,석계로1길,1532,792,740,160,198,203,243,252,476,88,111,109,133,132,219,72,87,94,110,120,257
2016_2,상계로9가길,2572,1337,1235,303,389,337,405,441,697,175,206,201,206,224,325,128,183,136,199,217,372
2016_2,상계로1길,1115,551,564,208,163,188,183,183,190,105,83,95,89,85,94,103,80,93,94,98,96
2016_2,상계로12길,3771,1854,1917,491,621,489,628,657,885,255,304,269,314,322,390,236,317,220,314,335,495
2016_2,동일로242길,2953,1446,1507,423,456,405,414,565,690,227,223,220,182,274,320,196,233,185,232,291,370
2016_2,동일로192길,2487,1293,1194,273,767,361,295,368,423,141,408,190,166,184,204,132,359,171,129,184,219
2016_2,동일로173가길,3513,1750,1763,586,510,629,531,539,718,299,271,321,282,228,349,287,239,308,249,311,369
2016_2,공릉로58길,1651,819,832,325,316,178,270,289,273,174,175,78,111,155,126,151,141,100,159,134,147
2016_2,해등로16길,707,331,376,99,121,97,111,133,146,50,50,44,51,61,75,49,71,53,60,72,71
2016_2,우이천로4다길,2381,1210,1171,370,341,284,430,430,526,193,189,154,207,232,235,177,152,130,223,198,291
2016_2,우이천로32길,3128,1505,1623,567,421,454,561,502,623,262,214,239,269,238,283,305,207,215,292,264,340
2016_2,시루봉로23길,3688,1915,1773,449,503,418,642,721,955,239,269,224,353,385,445,210,234,194,289,336,510
2016_2,삼양로144길,992,460,532,161,122,150,174,137,248,100,37,67,74,75,107,61,85,83,100,62,141
2016_2,방학로6가길,2063,1031,1032,261,283,277,337,410,495,130,146,158,175,207,215,131,137,119,162,203,280
2016_2,방학로5길,3547,1779,1768,534,472,534,519,630,858,287,241,294,258,317,382,247,231,240,261,313,476
2016_2,방학로15길,3723,1832,1891,822,526,419,705,639,612,422,287,205,314,301,303,400,239,214,391,338,309
2016_2,방학로10길,1999,998,1001,309,259,262,343,369,457,156,147,146,164,174,211,153,112,116,179,195,246
2016_2,도봉산길,1752,900,852,210,223,237,244,336,502,103,123,129,137,172,236,107,100,108,107,164,266
2016_2,도봉산4길,384,201,183,24,44,56,45,88,127,14,23,34,27,43,60,10,21,22,18,45,67
2016_2,도봉로181길,2054,1015,1039,295,243,277,324,336,579,138,121,162,158,162,274,157,122,115,166,174,305
2016_2,도봉로169나길,2895,1483,1412,319,330,393,436,535,882,170,172,210,228,281,422,149,158,183,208,254,460
2016_2,도봉로156길,1399,770,629,159,162,166,241,281,390,88,87,99,140,161,195,71,75,67,101,120,195
2016_2,도봉로152가길,734,384,350,74,76,82,88,170,244,40,45,50,46,90,113,34,31,32,42,80,131
2016_2,도봉로147길,3716,1818,1898,498,509,497,595,691,926,254,241,263,313,345,402,244,268,234,282,346,524
2016_2,도봉로143길,1816,917,899,219,281,245,262,362,447,110,147,126,135,184,215,109,134,119,127,178,232
2016_2,도봉로114길,4852,2360,2492,493,732,793,813,861,1160,242,352,434,418,420,494,251,380,359,395,441,666
2016_2,도봉로109길,2397,1179,1218,348,301,405,387,370,586,168,160,206,193,186,266,180,141,199,194,184,320
2016_2,도당로29길,2945,1500,1445,344,405,379,519,498,800,183,206,210,275,256,370,161,199,169,244,242,430
2016_2,도당로19길,4100,2110,1990,592,515,512,733,716,1032,310,270,272,392,386,480,282,245,240,341,330,552
2016_2,도당로13바길,3318,1701,1617,545,456,419,560,606,732,286,260,240,277,309,329,259,196,179,283,297,403
2016_2,도당로13가길,1803,926,877,210,247,236,289,373,448,110,125,136,157,190,208,100,122,100,132,183,240
2016_2,덕릉로60길,2345,1147,1198,370,338,331,364,425,517,188,167,186,172,204,230,182,171,145,192,221,287
2016_2,노해로63다길,1795,895,900,296,240,291,290,299,379,162,120,148,140,144,181,134,120,143,150,155,198
2016_2,노해로60길,1843,913,930,197,318,362,284,305,377,105,146,193,155,135,179,92,172,169,129,170,198
2016_2,한천로140길,1683,831,852,167,270,289,239,315,403,87,143,167,120,135,179,80,127,122,119,180,224
2016_2,한천로139가길,1558,741,817,144,257,275,235,246,401,68,127,147,106,114,179,76,130,128,129,132,222
2016_2,한천로132길,1890,954,936,215,298,343,337,312,385,115,137,190,177,156,179,100,161,153,160,156,206
2016_2,한천로130길,3249,1626,1623,491,447,496,556,549,710,263,234,250,291,287,301,228,213,246,265,262,409
2016_2,한천로124나길,1900,946,954,273,277,323,310,276,441,146,138,173,173,133,183,127,139,150,137,143,258
2016_2,한천로109길,2209,1069,1140,417,310,309,377,371,425,222,155,147,179,171,195,195,155,162,198,200,230
2016_2,인수봉로79길,2830,1441,1389,409,335,375,464,506,741,214,186,213,239,242,347,195,149,162,225,264,394
2016_2,인수봉로72길,4171,1989,2182,609,562,566,595,743,1096,298,285,290,281,350,485,311,277,276,314,393,611
2016_2,인수봉로56길,1867,891,976,282,264,260,315,300,446,134,136,135,159,132,195,148,128,125,156,168,251
2016_2,오패산로67길,2144,1052,1092,188,383,437,357,342,437,93,174,233,191,166,195,95,209,204,166,176,242
2016_2,오패산로52길,2927,1447,1480,412,393,413,479,481,749,212,202,231,254,215,333,200,191,182,225,266,416
2016_2,오패산로30길,1216,612,604,163,165,157,192,206,333,92,91,79,105,92,153,71,74,78,87,114,180
2016_2,수유로12길,2366,1170,1196,280,434,427,315,349,561,146,185,243,174,159,263,134,249,184,141,190,298
2016_2,솔샘로65길,2904,1444,1460,397,403,434,482,510,678,201,193,235,251,246,318,196,210,199,231,264,360
2016_2,솔매로50길,2184,1051,1133,305,330,321,363,351,514,158,148,174,182,161,228,147,182,147,181,190,286
2016_2,솔매로45길,2032,1006,1026,233,321,295,317,360,506,135,153,148,155,184,231,98,168,147,162,176,275
2016_2,솔매로41길,3482,1724,1758,452,508,502,538,663,819,239,259,281,268,312,365,213,249,221,270,351,454
2016_2,삼양로93길,2858,1426,1432,422,390,373,465,479,729,218,208,202,234,230,334,204,182,171,231,249,395
2016_2,삼양로77길,3416,1737,1679,498,447,504,519,606,842,255,255,277,269,298,383,243,192,227,250,308,459
2016_2,삼양로54길,3662,1794,1868,452,503,549,573,681,904,228,250,293,291,346,386,224,253,256,282,335,518
2016_2,삼양로41길,4615,2324,2291,608,622,535,766,825,1259,326,332,289,396,432,549,282,290,246,370,393,710
2016_2,삼양로27길,284,139,145,42,36,48,38,54,66,18,19,28,18,28,28,24,17,20,20,26,38
2016_2,삼양로24길,3063,1530,1533,317,335,384,487,593,947,155,180,221,254,296,424,162,155,163,233,297,523
2016_2,삼양로20길,2287,1143,1144,279,352,270,361,451,574,139,194,152,182,224,252,140,158,118,179,227,322
2016_2,삼각산로28길,3803,1863,1940,460,593,661,566,676,847,247,305,354,266,304,387,213,288,307,300,372,460
2016_2,도봉로99길,2250,1110,1140,257,384,359,344,396,510,137,202,194,166,191,220,120,182,165,178,205,290
2016_2,도봉로8길,267,137,130,18,31,43,60,44,71,12,13,31,36,19,26,6,18,12,24,25,45
2016_2,도봉로76길,3374,1575,1799,332,698,577,495,560,712,154,264,292,267,284,314,178,434,285,228,276,398
2016_2,도봉로67길,1714,842,872,209,237,247,225,316,480,112,109,139,118,147,217,97,128,108,107,169,263
2016_2,도봉로45길,3376,1638,1738,449,457,552,589,558,771,229,213,288,299,254,355,220,244,264,290,304,416
2016_2,도봉로18길,3117,1585,1532,381,416,457,492,565,806,187,231,269,256,275,367,194,185,188,236,290,439
2016_2,도봉로13길,1829,908,921,205,277,231,296,349,471,104,153,126,147,166,212,101,124,105,149,183,259
2016_2,덕릉로41길,2740,1309,1431,248,468,470,440,444,670,125,210,242,217,219,296,123,258,228,223,225,374
2016_2,덕릉로40길,1981,1002,979,295,264,283,351,347,441,160,124,143,195,174,206,135,140,140,156,173,235
2016_2,노해로33길,2409,1190,1219,304,308,355,392,399,651,175,172,194,193,183,273,129,136,161,199,216,378
2016_2,노해로23길,1424,685,739,212,201,228,242,244,297,96,99,132,120,106,132,116,102,96,122,138,165
2016_2,노해로17길,2720,1347,1373,373,403,405,457,461,621,186,200,223,235,226,277,187,203,182,222,235,344
2016_2,화랑로40길,1989,1033,956,235,233,320,371,365,465,129,115,176,196,191,226,106,118,144,175,174,239
2016_2,화랑로32길,3617,1836,1781,471,557,461,626,622,880,260,291,235,339,318,393,211,266,226,287,304,487
2016_2,화랑로1길,2590,1299,1291,368,269,406,436,431,680,178,146,219,243,210,303,190,123,187,193,221,377
2016_2,화랑로19길,2465,1242,1223,370,290,345,419,414,627,182,165,188,215,204,288,188,125,157,204,210,339
2016_2,화랑로14길,1420,687,733,175,297,203,207,237,301,85,138,111,103,123,127,90,159,92,104,114,174
2016_2,화랑로13길,865,371,494,98,207,130,125,111,194,43,56,72,65,62,73,55,151,58,60,49,121
2016_2,한천로76길,1811,900,911,229,270,299,292,322,399,119,135,156,147,154,189,110,135,143,145,168,210
2016_2,한천로101가길,3463,1767,1696,610,413,424,658,585,773,313,225,233,328,310,358,297,188,191,330,275,415
2016_2,창경궁로43길,1301,574,727,117,330,254,179,182,239,63,140,105,81,87,98,54,190,149,98,95,141
2016_2,지봉로20길,2824,1415,1409,346,494,476,474,441,593,176,258,272,239,208,262,170,236,204,235,233,331
2016_2,종암로5길,2627,1452,1175,291,794,422,320,309,491,148,496,256,167,164,221,143,298,166,153,145,270
2016_2,종암로24가길,2174,1082,1092,382,251,402,362,344,433,201,133,201,199,169,179,181,118,201,163,175,254
2016_2,종암로21길,1202,585,617,243,165,173,222,192,207,132,82,88,107,94,82,111,83,85,115,98,125
2016_2,종암로19길,1605,776,829,256,263,237,269,243,337,125,134,124,132,111,150,131,129,113,137,132,187
2016_2,종암로16길,3140,1489,1651,343,407,337,471,530,1052,190,201,181,223,270,424,153,206,156,248,260,628
2016_2,정릉로8길,1885,950,935,241,347,288,238,307,464,122,178,159,135,157,199,119,169,129,103,150,265
2016_2,정릉로27길,3053,1511,1542,473,354,454,477,490,805,261,187,243,235,232,353,212,167,211,242,258,452
2016_2,정릉로26길,338,170,168,52,43,50,52,54,87,30,20,25,31,25,39,22,23,25,21,29,48
2016_2,장위로50길,2491,1276,1215,303,323,336,402,458,669,152,158,183,223,237,323,151,165,153,179,221,346
2016_2,장월로1길,2061,971,1090,233,393,286,307,313,529,122,134,151,172,154,238,111,259,135,135,159,291
2016_2,인촌로6길,509,260,249,54,71,83,89,75,137,25,37,50,48,34,66,29,34,33,41,41,71
2016_2,인촌로5길,1529,675,854,157,444,256,206,200,266,81,149,127,98,99,121,76,295,129,108,101,145
2016_2,인촌로24길,720,419,301,42,282,128,69,75,124,26,154,91,44,44,60,16,128,37,25,31,64
2016_2,개운사길,1081,562,519,74,588,137,78,71,133,41,310,86,37,34,54,33,278,51,41,37,79
2016_2,인촌로1길,1589,779,810,173,311,265,224,259,357,84,156,127,124,130,158,89,155,138,100,129,199
2016_2,인촌로17가길,1721,831,890,194,542,262,245,188,290,96,273,127,115,92,128,98,269,135,130,96,162
2016_2,오패산로4길,3131,1529,1602,392,597,448,477,502,715,192,247,238,266,248,338,200,350,210,211,254,377
2016_2,오패산로3길,3509,1750,1759,503,454,465,535,603,949,260,240,245,292,287,426,243,214,220,243,316,523
2016_2,오패산로19길,1823,904,919,206,239,242,285,328,523,106,125,127,151,168,227,100,114,115,134,160,296
2016_2,안암로5길,2278,1155,1123,261,427,436,360,368,426,135,232,229,184,192,183,126,195,207,176,176,243
2016_2,아리랑로4길,3186,1427,1759,302,887,644,388,349,616,156,353,303,191,156,268,146,534,341,197,193,348
2016_2,솔샘로6길,1919,956,963,282,294,266,291,325,461,138,163,144,142,178,191,144,131,122,149,147,270
2016_2,성북로8길,1555,768,787,275,226,216,280,246,312,156,113,105,138,121,135,119,113,111,142,125,177
2016_2,삼양로8길,2941,1458,1483,398,387,408,453,504,791,209,214,213,232,245,345,189,173,195,221,259,446
2016_2,삼선교로16가길,1447,736,711,227,215,208,240,228,329,124,117,117,125,107,146,103,98,91,115,121,183
2016_2,삼선교로10다길,2357,1174,1183,265,386,383,365,408,550,141,193,213,195,193,239,124,193,170,170,215,311
2016_2,삼선교로10길,2333,1100,1233,289,486,380,341,338,499,154,224,191,166,148,217,135,262,189,175,190,282
2016_2,보문로32길,1309,470,839,88,494,300,141,121,165,40,114,123,66,56,71,48,380,177,75,65,94
2016_2,보문로31길,3012,1411,1601,381,629,577,457,388,580,204,269,286,227,182,243,177,360,291,230,206,337
2016_2,보문로26길,1349,637,712,131,371,232,196,165,254,70,157,128,100,81,101,61,214,104,96,84,153
2016_2,보문로13길,2506,1214,1292,290,389,394,415,420,598,144,194,205,199,206,266,146,195,189,216,214,332
2016_2,보국문로16길,2866,1407,1459,473,399,470,472,443,609,245,202,239,249,205,267,228,197,231,223,238,342
2016_2,동소문로6길,317,150,167,36,41,47,44,54,95,19,21,20,26,26,38,17,20,27,18,28,57
2016_2,동소문로2길,415,211,204,43,70,52,66,67,117,24,37,30,36,34,50,19,33,22,30,33,67
2016_2,동소문로26가길,2406,988,1418,181,686,452,327,269,491,76,215,202,167,123,205,105,471,250,160,146,286
2016_2,동소문로15길,1145,497,648,143,279,181,200,132,210,77,87,85,103,65,80,66,192,96,97,67,130
2016_2,동소문로13길,2850,1311,1539,506,469,452,507,385,531,235,219,209,234,179,235,271,250,243,273,206,296
2016_2,돌곶이로8길,1400,701,699,180,198,173,197,274,378,100,101,98,103,134,165,80,97,75,94,140,213
2016_2,돌곶이로41길,1943,983,960,320,249,261,319,337,457,170,134,145,153,168,213,150,115,116,166,169,244
2016_2,돌곶이로28길,2001,1071,930,239,264,318,322,359,499,132,136,174,190,192,247,107,128,144,132,167,252
2016_2,돌곶이로27길,3298,1672,1626,437,400,411,571,611,868,218,215,235,289,310,405,219,185,176,282,301,463
2016_2,돌곶이로22길,1279,635,644,195,189,188,204,229,274,97,85,108,102,115,128,98,104,80,102,114,146
2016_2,돌곶이로14길,1376,675,701,200,176,190,228,241,341,109,76,95,118,125,152,91,100,95,110,116,189
2016_2,길음로7길,324,165,159,15,28,39,48,50,144,8,14,25,26,28,64,7,14,14,22,22,80
2016_2,중랑천로10길,2726,1404,1322,357,361,433,475,484,616,190,179,251,248,253,283,167,182,182,227,231,333
2016_2,용마산로94길,3578,1854,1724,502,539,480,595,686,776,253,287,270,315,357,372,249,252,210,280,329,404
2016_2,용마산로118길,2053,1084,969,188,246,240,324,474,581,96,129,136,178,261,284,92,117,104,146,213,297
2016_2,용마산로112길,2735,1388,1347,406,380,369,402,537,641,200,197,207,203,270,311,206,183,162,199,267,330
2016_2,용마산로100길,3164,1593,1571,536,443,470,520,551,644,264,225,248,258,297,301,272,218,222,262,254,343
2016_2,신내로7가길,723,335,388,156,87,120,140,97,123,70,44,54,61,55,51,86,43,66,79,42,72
2016_2,사가정로54길,3293,1597,1696,388,529,606,539,518,713,197,243,315,284,247,311,191,286,291,255,271,402
2016_2,사가정로42길,3333,1667,1666,555,435,496,536,588,723,283,220,247,280,282,355,272,215,249,256,306,368
2016_2,봉화산로56길,3911,1922,1989,714,519,565,665,668,780,369,285,280,330,311,347,345,234,285,335,357,433
2016_2,봉화산로4길,4657,2448,2209,479,633,713,754,961,1117,257,317,415,405,511,543,222,316,298,349,450,574
2016_2,봉화산로30길,2722,1347,1375,386,421,431,420,493,571,203,212,226,205,246,255,183,209,205,215,247,316
2016_2,봉우재로33길,2303,1156,1147,212,373,415,326,435,542,105,193,217,171,219,251,107,180,198,155,216,291
2016_2,면목로78길,5799,2852,2947,793,876,949,920,1006,1255,395,442,501,472,486,556,398,434,448,448,520,699
2016_2,면목로56길,2960,1481,1479,381,446,410,533,566,624,190,240,223,273,278,277,191,206,187,260,288,347
2016_2,면목로55길,2011,1014,997,303,271,347,364,358,368,158,135,188,182,181,170,145,136,159,182,177,198
2016_2,면목로49길,2982,1504,1478,356,400,521,511,515,679,198,183,270,279,269,305,158,217,251,232,246,374
2016_2,면목로48길,3074,1482,1592,401,469,512,492,539,661,190,234,271,244,258,285,211,235,241,248,281,376
2016_2,면목로45길,1524,773,751,156,260,244,247,282,335,74,135,130,137,147,150,82,125,114,110,135,185
2016_2,면목로33길,2788,1397,1391,443,364,413,504,453,611,223,179,217,270,227,281,220,185,196,234,226,330
2016_2,면목로21길,1971,1002,969,295,276,307,347,341,405,153,152,150,188,175,184,142,124,157,159,166,221
2016_2,망우로73길,1568,796,772,210,232,185,266,290,385,101,120,101,143,147,184,109,112,84,123,143,201
2016_2,망우로68길,2478,1287,1191,344,363,346,382,528,515,190,212,193,180,268,244,154,151,153,202,260,271
2016_2,동일로163길,3353,1682,1671,399,510,640,516,606,682,200,247,353,266,305,311,199,263,287,250,301,371
2016_2,동일로157길,2455,1217,1238,262,418,437,382,430,526,130,202,243,203,213,226,132,216,194,179,217,300
2016_2,동일로149길,2830,1398,1432,438,378,476,461,483,594,238,176,258,230,241,255,200,202,218,231,242,339
2016_2,동일로140길,2234,1155,1079,296,345,385,310,416,482,161,186,203,160,219,226,135,159,182,150,197,256
2016_2,동일로139길,2977,1516,1461,301,390,390,482,648,766,154,187,209,261,346,359,147,203,181,221,302,407
2016_2,동일로139가길,1898,972,926,264,281,270,305,375,403,150,146,140,171,186,179,114,135,130,134,189,224
2016_2,동일로130길,3516,1697,1819,517,545,569,514,642,729,255,282,292,244,298,326,262,263,277,270,344,403
2016_2,동일로123길,2729,1398,1331,317,386,352,426,599,649,179,211,181,215,316,296,138,175,171,211,283,353
2016_2,동일로112길,4476,2218,2258,473,841,857,650,757,898,245,378,457,357,363,418,228,463,400,293,394,480
2016_2,동일로101길,3151,1579,1572,509,424,405,617,577,619,232,217,219,320,305,286,277,207,186,297,272,333
2016_2,동일로100길,4916,2510,2406,664,737,822,753,890,1050,360,374,465,387,441,483,304,363,357,366,449,567
2016_2,답십리로75길,1996,991,1005,309,311,307,341,351,377,162,150,169,158,182,170,147,161,138,183,169,207
2016_2,공릉로2길,4148,2007,2141,512,601,761,637,679,958,255,293,378,336,311,434,257,308,383,301,368,524
2016_2,공릉로12가길,1043,517,526,190,151,132,184,180,206,102,77,71,90,91,86,88,74,61,94,89,120
2016_2,겸재로54길,5199,2605,2594,733,801,898,874,915,978,391,416,468,426,463,441,342,385,430,448,452,537
2016_2,겸재로36길,4268,2136,2132,509,591,704,770,750,944,270,283,373,389,379,442,239,308,331,381,371,502
2016_2,겸재로29길,2245,1134,1111,252,351,386,377,381,498,126,169,205,199,215,220,126,182,181,178,166,278
2016_2,휘경로3길,3756,1879,1877,400,658,667,597,618,816,203,332,372,322,301,349,197,326,295,275,317,467
2016_2,휘경로2길,1360,661,699,133,375,193,180,184,295,61,177,111,94,89,129,72,198,82,86,95,166
2016_2,휘경로23길,2671,1328,1343,278,299,381,496,459,758,137,158,219,271,228,315,141,141,162,225,231,443
2016_2,휘경로14길,2139,1117,1022,199,306,300,386,391,557,100,164,173,223,207,250,99,142,127,163,184,307
2016_2,한천로46길,2155,1047,1108,415,261,284,413,314,468,205,121,156,191,167,207,210,140,128,222,147,261
2016_2,한천로40길,1833,931,902,209,225,230,290,371,508,102,116,119,168,199,227,107,109,111,122,172,281
2016_2,한천로33길,649,324,325,113,77,84,132,108,135,55,31,42,76,55,65,58,46,42,56,53,70
2016_2,한천로14길,2991,1572,1419,325,377,401,520,596,772,158,199,220,300,322,373,167,178,181,220,274,399
2016_2,천호대로97길,2595,1309,1286,413,408,499,415,395,465,203,196,253,221,202,234,210,212,246,194,193,231
2016_2,천호대로77길,2320,1197,1123,331,340,409,357,417,466,179,177,212,193,197,239,152,163,197,164,220,227
2016_2,천호대로45길,2584,1333,1251,267,346,328,361,492,790,137,191,189,210,245,361,130,155,139,151,247,429
2016_2,천호대로17길,2016,1030,986,233,302,315,323,341,502,110,163,188,175,166,228,123,139,127,148,175,274
2016_2,천호대로12길,768,409,359,72,101,76,92,157,270,36,53,46,61,93,120,36,48,30,31,64,150
2016_2,천장산로7길,1467,769,698,140,801,176,97,86,167,62,443,104,45,41,74,78,358,72,52,45,93
2016_2,제기로5길,1146,619,527,85,220,200,156,172,313,47,117,127,95,92,141,38,103,73,61,80,172
2016_2,제기로21길,3385,1714,1671,337,345,393,473,615,1222,170,188,230,250,329,547,167,157,163,223,286,675
2016_2,전농로4길,1596,832,764,141,195,177,299,312,472,84,100,98,164,174,212,57,95,79,135,138,260
2016_2,전농로3길,1874,939,935,281,236,237,318,328,474,145,120,128,160,178,208,136,116,109,158,150,266
2016_2,전농로29길,2109,1031,1078,308,267,251,351,395,537,151,148,135,175,201,221,157,119,116,176,194,316
2016_2,장한로8길,2326,1183,1143,343,342,440,342,414,445,196,160,238,180,191,218,147,182,202,162,223,227
2016_2,장한로5길,1524,770,754,199,227,278,233,265,322,108,111,150,121,133,147,91,116,128,112,132,175
2016_2,장한로27길,1199,632,567,142,151,187,192,229,298,76,80,109,114,110,143,66,71,78,78,119,155
2016_2,장한로27가길,1258,645,613,166,166,157,203,205,361,89,92,83,101,111,169,77,74,74,102,94,192
2016_2,장한로26길,2747,1377,1370,532,283,489,507,386,550,276,149,244,266,182,260,256,134,245,241,204,290
2016_2,장한로26가길,1359,679,680,186,209,296,190,205,273,90,102,150,99,96,142,96,107,146,91,109,131
2016_2,장한로25길,677,340,337,101,110,99,111,136,120,55,60,48,55,67,55,46,50,51,56,69,65
2016_2,장한로14길,1490,751,739,273,179,243,246,220,329,144,95,122,131,104,155,129,84,121,115,116,174
2016_2,이문로42길,3861,1968,1893,521,622,558,611,634,915,267,329,313,315,333,411,254,293,245,296,301,504
2016_2,왕산로43길,3171,1590,1581,354,373,439,506,597,902,167,197,237,288,314,387,187,176,202,218,283,515
2016_2,왕산로33길,546,283,263,32,64,64,68,90,228,16,35,32,44,47,109,16,29,32,24,43,119
2016_2,왕산로32길,1148,594,554,98,176,167,151,220,336,54,85,89,92,118,156,44,91,78,59,102,180
2016_2,약령시로17길,1604,821,783,138,184,215,206,306,555,78,96,119,125,161,242,60,88,96,81,145,313
2016_2,서울시립대로4길,1994,1034,960,276,268,308,329,315,498,149,139,163,177,173,233,127,129,145,152,142,265
2016_2,서울시립대로29길,4391,2216,2175,518,1138,694,517,588,936,249,624,398,263,271,411,269,514,296,254,317,525
2016_2,서울시립대로16길,2033,1029,1004,304,304,236,356,359,474,157,166,139,178,174,215,147,138,97,178,185,259
2016_2,사가정로2길,2033,1014,1019,306,286,333,359,329,420,145,159,174,190,169,177,161,127,159,169,160,243
2016_2,사가정로23가길,2108,1037,1071,330,319,321,328,377,433,160,165,166,158,184,204,170,154,155,170,193,229
2016_2,사가정로13길,2118,1058,1060,257,270,279,319,429,564,136,150,146,163,217,246,121,120,133,156,212,318
2016_2,무학로45길,2110,1152,958,235,479,330,282,337,447,123,297,205,145,174,208,112,182,125,137,163,239
2016_2,무학로16길,1234,620,614,179,168,192,171,220,304,90,93,107,89,110,131,89,75,85,82,110,173
2016_2,망우로21길,270,146,124,22,32,31,50,48,87,12,20,17,29,29,39,10,12,14,21,19,48
2016_2,망우로18길,1444,703,741,185,427,208,183,168,273,85,224,100,94,74,126,100,203,108,89,94,147
2016_2,망우로18가길,2673,1337,1336,276,842,365,323,332,535,131,441,209,163,147,246,145,401,156,160,185,289
2016_2,답십리로72길,1246,620,626,181,180,230,193,207,255,93,88,115,103,102,119,88,92,115,90,105,136
2016_2,답십리로69길,1608,832,776,268,199,260,254,269,358,143,111,135,132,146,165,125,88,125,122,123,193
2016_2,답십리로68길,2833,1464,1369,347,404,606,484,501,491,194,199,322,256,250,243,153,205,284,228,251,248
2016_2,답십리로64길,2975,1465,1510,432,403,464,492,554,630,217,192,253,255,254,294,215,211,211,237,300,336
2016_2,답십리로63길,1522,758,764,206,211,217,247,283,358,93,116,120,130,146,153,113,95,97,117,137,205
2016_2,답십리로60길,2108,1079,1029,279,329,269,305,413,513,144,174,146,156,220,239,135,155,123,149,193,274
2016_2,답십리로56길,3968,1984,1984,529,524,549,645,715,1006,269,299,277,337,353,449,260,225,272,308,362,557
2016_2,답십리로23길,1880,918,962,253,289,248,298,329,463,142,149,121,144,162,200,111,140,127,154,167,263
2016_2,난계로30길,238,141,97,35,27,35,41,40,60,19,16,22,24,23,37,16,11,13,17,17,23
2016_2,경희대로4길,1316,654,662,148,414,209,150,154,241,58,215,122,72,72,115,90,199,87,78,82,126
2016_2,경희대로3길,628,305,323,50,248,103,57,65,105,27,117,54,27,34,46,23,131,49,30,31,59
2016_2,천호대로129길,3028,1476,1552,496,421,550,522,477,562,260,206,273,266,216,255,236,215,277,256,261,307
2016_2,천호대로123길,3101,1498,1603,473,486,555,488,561,538,245,244,267,235,265,242,228,242,288,253,296,296
2016_2,천호대로109길,3624,1735,1889,474,630,772,562,546,640,247,283,377,261,264,303,227,347,395,301,282,337
2016_2,자양번영로3길,3975,2021,1954,668,567,565,679,722,774,352,299,308,333,371,358,316,268,257,346,351,416
2016_2,자양로53길,2865,1374,1491,477,371,482,438,510,587,238,174,224,210,256,272,239,197,258,228,254,315
2016_2,자양로50길,4734,2314,2420,778,642,807,751,785,971,407,334,405,367,363,438,371,308,402,384,422,533
2016_2,자양로45길,2495,1201,1294,337,363,466,407,409,513,179,168,222,204,185,243,158,195,244,203,224,270
2016_2,자양로26길,3171,1502,1669,445,567,597,596,477,489,221,245,300,287,228,221,224,322,297,309,249,268
2016_2,자양로15길,1964,935,1029,261,318,363,319,299,404,140,154,157,159,152,173,121,164,206,160,147,231
2016_2,자양로11길,4085,1985,2100,481,630,765,665,697,847,244,295,399,336,333,378,237,335,366,329,364,469
2016_2,용마산로3길,3828,1874,1954,676,605,749,648,571,579,356,313,359,317,274,255,320,292,390,331,297,324
2016_2,용마산로21길,5290,2640,2650,769,859,940,844,953,925,378,444,501,413,463,441,391,415,439,431,490,484
2016_2,아차산로78길,1057,513,544,189,144,240,177,145,162,106,63,120,80,68,76,83,81,120,97,77,86
2016_2,아차산로65길,2407,1180,1227,442,354,393,432,355,431,223,186,201,202,169,199,219,168,192,230,186,232
2016_2,아차산로55길,3026,1433,1593,287,597,689,458,441,554,157,270,357,230,186,233,130,327,332,228,255,321
2016_2,아차산로51길,1722,811,911,199,341,417,255,267,243,100,155,188,128,128,112,99,186,229,127,139,131
2016_2,아차산로40길,3099,1560,1539,413,593,530,509,477,577,240,280,284,259,238,259,173,313,246,250,239,318
2016_2,면목로17길,4180,2076,2104,512,605,701,665,800,897,241,319,379,329,401,407,271,286,322,336,399,490
2016_2,뚝섬로64길,2996,1512,1484,443,482,486,461,528,596,256,221,275,218,261,281,187,261,211,243,267,315
2016_2,뚝섬로58길,3432,1678,1754,623,453,642,615,491,608,304,231,329,307,232,275,319,222,313,308,259,333
2016_2,뚝섬로54길,3510,1722,1788,683,491,663,634,528,511,345,245,331,299,259,243,338,246,332,335,269,268
2016_2,뚝섬로48길,3668,1788,1880,578,510,722,653,553,652,294,266,347,328,252,301,284,244,375,325,301,351
2016_2,뚝섬로24길,3031,1534,1497,384,404,470,491,591,691,198,210,255,253,311,307,186,194,215,238,280,384
2016_2,뚝섬로23길,2124,1031,1093,222,328,364,314,415,481,107,162,186,165,194,217,115,166,178,149,221,264
2016_2,동일로24길,3035,1461,1574,295,882,667,395,357,439,154,378,340,205,177,207,141,504,327,190,180,232
2016_2,동일로18길,2127,1100,1027,219,379,398,321,389,421,112,202,203,187,207,189,107,177,195,134,182,232
2016_2,능동로4길,3476,1667,1809,782,466,602,659,534,433,374,239,264,320,263,207,408,227,338,339,271,226
2016_2,능동로3길,3821,1932,1889,412,431,595,615,803,965,197,218,305,344,417,451,215,213,290,271,386,514
2016_2,능동로34길,5160,2412,2748,661,907,1343,745,616,888,366,368,638,362,290,388,295,539,705,383,326,500
2016_2,능동로19길,2320,1129,1191,117,839,426,254,286,398,56,373,213,152,168,167,61,466,213,102,118,231
2016_2,능동로13길,3762,1772,1990,281,1277,816,429,406,553,146,518,420,231,208,249,135,759,396,198,198,304
2016_2,긴고랑로9길,2098,1059,1039,284,312,334,341,397,430,158,161,188,155,194,203,126,151,146,186,203,227
2016_2,긴고랑로8길,4297,2191,2106,477,670,871,664,758,857,272,336,472,334,377,400,205,334,399,330,381,457
2016_2,긴고랑로7길,4691,2310,2381,715,629,797,831,835,884,355,316,405,418,429,387,360,313,392,413,406,497
2016_2,긴고랑로20길,4202,2022,2180,606,644,789,653,709,801,309,303,398,321,337,354,297,341,391,332,372,447
2016_2,광나루로52길,4547,2204,2343,707,696,902,760,683,799,332,358,462,377,333,342,375,338,440,383,350,457
2016_2,광나루로40길,3826,1881,1945,488,584,850,603,554,747,235,303,437,294,267,345,253,281,413,309,287,402
2016_2,광나루로37길,641,300,341,95,96,71,100,126,153,44,47,39,48,56,66,51,49,32,52,70,87
2016_2,광나루로36길,2703,1289,1414,366,411,498,461,403,564,179,189,243,246,192,240,187,222,255,215,211,324
2016_2,광나루로24길,1381,731,650,128,367,242,187,172,285,70,215,136,101,89,120,58,152,106,86,83,165
2016_2,광나루로12길,2368,1208,1160,130,1112,537,212,189,188,70,519,300,124,105,90,60,593,237,88,84,98
2016_2,한림말길,2227,1059,1168,228,309,362,358,400,570,111,148,183,178,206,233,117,161,179,180,194,337
2016_2,한림말3길,1030,491,539,153,152,204,153,142,226,82,66,91,84,63,105,71,86,113,69,79,121
2016_2,청계천로10나길,2845,1470,1375,402,419,382,490,506,646,214,243,207,242,279,285,188,176,175,248,227,361
2016_2,장터길,2063,1003,1060,227,266,289,374,331,576,120,137,144,198,151,253,107,129,145,176,180,323
2016_2,용답중앙길,2885,1497,1388,397,415,391,505,511,666,200,226,219,260,276,316,197,189,172,245,235,350
2016_2,용답29길,3355,1700,1655,418,494,551,554,596,742,197,229,292,306,324,352,221,265,259,248,272,390
2016_2,왕십리로6길,2203,1141,1062,336,349,387,386,344,401,171,182,201,205,183,199,165,167,186,181,161,202
2016_2,왕십리로31길,2476,1220,1256,273,432,434,395,405,537,144,192,230,203,217,234,129,240,204,192,188,303
2016_2,왕십리로26길,3057,1536,1521,425,533,488,501,500,610,217,261,259,255,273,271,208,272,229,246,227,339
2016_2,왕십리로21길,2538,1213,1325,364,420,384,445,415,510,172,216,188,214,201,222,192,204,196,231,214,288
2016_2,왕십리로14길,1976,1047,929,254,345,336,303,368,370,138,170,166,175,198,200,116,175,170,128,170,170
2016_2,아차산로5길,1424,724,700,170,255,274,208,252,265,94,123,151,104,136,116,76,132,123,104,116,149
2016_2,아차산로15길,414,253,161,6,102,176,66,36,28,3,51,104,50,27,18,3,51,72,16,9,10
2016_2,아차산로11길,399,240,159,49,55,54,86,87,68,26,32,26,57,59,40,23,23,28,29,28,28
2016_2,송정4가길,2761,1487,1274,301,439,417,448,593,563,154,237,240,248,333,275,147,202,177,200,260,288
2016_2,송정12라길,1296,699,597,158,182,206,216,249,285,87,95,115,131,136,135,71,87,91,85,113,150
2016_2,성수일로6길,721,419,302,100,111,99,143,140,128,59,62,50,81,94,73,41,49,49,62,46,55
2016_2,성수이로7길,1397,764,633,133,297,251,200,257,259,67,148,142,121,146,140,66,149,109,79,111,119
2016_2,성수이로18길,302,162,140,52,35,32,60,65,58,26,19,17,33,43,24,26,16,15,27,22,34
2016_2,성덕정길,3458,1803,1655,517,528,476,597,707,633,260,289,263,306,397,288,257,239,213,291,310,345
2016_2,성덕정17길,3831,2007,1824,468,542,543,598,810,870,236,284,289,336,460,402,232,258,254,262,350,468
2016_2,서울숲2길,2207,1117,1090,320,339,435,368,365,380,164,177,231,187,190,168,156,162,204,181,175,212
2016_2,상원길,1240,629,611,142,219,259,213,183,224,78,106,138,114,90,103,64,113,121,99,93,121
2016_2,상원12길,2547,1307,1240,389,412,502,415,418,411,204,208,269,234,204,188,185,204,233,181,214,223
2016_2,사근동길,2513,1413,1100,195,898,347,256,298,519,106,590,204,143,139,231,89,308,143,113,159,288
2016_2,무학봉길,2004,993,1011,357,303,309,349,307,379,180,153,167,179,157,157,177,150,142,170,150,222
2016_2,무학봉28길,1068,509,559,112,242,170,177,159,208,48,126,83,90,86,76,64,116,87,87,73,132
2016_2,무학로6길,1888,938,950,227,307,333,320,320,381,124,143,173,175,160,163,103,164,160,145,160,218
2016_2,무수막길,1978,951,1027,249,218,305,352,337,517,130,94,154,185,170,218,119,124,151,167,167,299
2016_2,매봉길,942,462,480,180,107,204,176,122,153,105,56,92,89,56,64,75,51,112,87,66,89
2016_2,마조로1길,1155,562,593,95,492,210,103,97,158,45,227,113,55,43,79,50,265,97,48,54,79
2016_2,마조로16길,2714,1380,1334,356,383,346,424,480,725,189,191,181,218,270,331,167,192,165,206,210,394
2016_2,마장로39길,902,454,448,174,140,142,148,163,135,88,71,67,72,88,68,86,69,75,76,75,67
2016_2,마장로27길,1957,976,981,256,313,277,317,324,470,134,159,146,165,159,213,122,154,131,152,165,257
2016_2,뚝섬로5길,1649,838,811,240,247,334,300,237,291,123,111,168,160,140,136,117,136,166,140,97,155
2016_2,둘레9길,3212,1713,1499,401,443,461,576,674,657,219,224,252,307,396,315,182,219,209,269,278,342
2016_2,금호산길,3617,1789,1828,544,491,495,608,636,843,296,266,269,290,309,359,248,225,226,318,327,484
2016_2,금호산2길,2434,1190,1244,345,337,317,399,416,620,176,177,165,209,198,265,169,160,152,190,218,355
2016_2,고산자로6길,3134,1579,1555,349,531,413,509,583,749,190,283,217,265,295,329,159,248,196,244,288,420
2016_2,후암로28길,4669,2275,2394,748,604,745,853,729,990,413,295,370,429,351,417,335,309,375,424,378,573
2016_2,효창원로39길,2983,1426,1557,449,370,608,469,420,667,222,162,306,239,214,283,227,208,302,230,206,384
2016_2,회나무로13길,2355,1046,1309,225,264,376,383,380,727,113,138,167,182,160,286,112,126,209,201,220,441
2016_2,한남대로20길,483,214,269,54,73,118,80,50,108,28,25,52,47,16,46,26,48,66,33,34,62
2016_2,한강대로88길,108,86,22,2,5,16,25,27,33,2,2,13,20,25,24,0,3,3,5,2,9
2016_2,한강대로7길,726,383,343,63,55,110,96,130,272,36,34,67,56,72,118,27,21,43,40,58,154
2016_2,한강대로62길,976,490,486,88,113,161,144,182,288,51,59,78,81,92,129,37,54,83,63,90,159
2016_2,한강대로52길,458,226,232,37,70,97,74,75,105,21,33,43,37,50,42,16,37,54,37,25,63
2016_2,한강대로43길,1294,608,686,123,204,368,192,172,235,54,82,149,101,92,130,69,122,219,91,80,105
2016_2,한강대로15길,521,276,245,42,54,92,74,83,176,24,38,55,45,44,70,18,16,37,29,39,106
2016_2,한강대로104길,2082,1227,855,222,247,275,349,454,535,138,130,166,229,283,281,84,117,109,120,171,254
2016_2,청파로73길,2851,1467,1384,370,465,440,494,490,592,204,244,255,255,249,260,166,221,185,239,241,332
2016_2,청파로71길,4412,2219,2193,659,785,744,738,671,815,356,396,416,366,331,354,303,389,328,372,340,461
2016_2,청파로47나길,3138,1455,1683,462,682,663,481,360,490,224,247,324,246,188,226,238,435,339,235,172,264
2016_2,청파로47길,1665,646,1019,146,525,313,192,184,305,68,115,143,92,96,132,78,410,170,100,88,173
2016_2,장문로45길,2930,1410,1520,367,428,463,471,504,697,194,238,243,223,216,296,173,190,220,248,288,401
2016_2,이태원로54길,2480,1104,1376,142,247,482,450,424,735,67,100,236,245,174,282,75,147,246,205,250,453
2016_2,이태원로27길,721,348,373,76,107,130,125,97,186,39,58,58,67,44,82,37,49,72,58,53,104
2016_2,이촌로22길,2064,977,1087,242,215,258,361,355,633,121,109,135,194,171,247,121,106,123,167,184,386
2016_2,원효로89길,815,405,410,78,143,121,143,131,199,43,67,65,75,61,94,35,76,56,68,70,105
2016_2,원효로53길,2259,1142,1117,287,315,335,358,352,612,153,169,194,192,173,261,134,146,141,166,179,351
2016_2,원효로41길,1492,722,770,226,161,229,260,226,390,101,82,127,146,103,163,125,79,102,114,123,227
2016_2,원효로19길,2014,993,1021,323,301,316,344,302,428,171,136,163,175,160,188,152,165,153,169,142,240
2016_2,우사단로4길,2499,1223,1276,288,393,421,402,423,572,152,220,231,197,194,229,136,173,190,205,229,343
2016_2,우사단로14길,1380,706,674,144,170,323,243,184,316,77,88,177,131,94,139,67,82,146,112,90,177
2016_2,우사단로10길,2933,1539,1394,280,413,538,501,509,692,153,248,312,287,258,281,127,165,226,214,251,411
2016_2,신흥로20길,2890,1445,1445,413,398,482,474,440,683,224,207,266,251,209,288,189,191,216,223,231,395
2016_2,소월로20길,2455,1176,1279,291,361,415,358,403,627,151,179,217,167,190,272,140,182,198,191,213,355
2016_2,서빙고로71길,2720,1304,1416,348,323,341,455,497,756,175,167,175,238,249,300,173,156,166,217,248,456
2016_2,백범로90길,1501,732,769,271,188,346,256,223,217,125,98,165,130,103,111,146,90,181,126,120,106
2016_2,백범로79길,3972,1925,2047,663,583,704,727,529,766,346,277,351,363,259,329,317,306,353,364,270,437
2016_2,두텁바위로1길,3120,1647,1473,300,457,448,501,553,861,168,233,241,262,317,426,132,224,207,239,236,435
2016_2,대사관로34길,1480,697,783,172,258,288,224,239,299,94,117,146,99,119,122,78,141,142,125,120,177
2016_2,녹사평대로46길,892,446,446,99,147,166,133,121,226,58,81,82,75,59,91,41,66,84,58,62,135
2016_2,녹사평대로40나길,800,376,424,112,111,146,125,107,199,54,50,76,62,49,85,58,61,70,63,58,114
2016_2,녹사평대로32길,633,311,322,62,105,145,82,98,141,35,52,70,44,43,67,27,53,75,38,55,74
2016_2,녹사평대로26길,982,462,520,84,150,197,144,166,241,46,78,103,65,83,87,38,72,94,79,83,154
2016_2,녹사평대로11길,457,227,230,68,48,79,84,64,114,33,25,34,48,38,49,35,23,45,36,26,65
2016_2,퇴계로90길,3169,1593,1576,378,469,388,614,570,750,198,241,206,334,311,303,180,228,182,280,259,447
2016_2,퇴계로8길,1542,810,732,101,118,139,217,274,693,42,51,86,120,153,358,59,67,53,97,121,335
2016_2,퇴계로56길,1255,642,613,122,217,163,178,195,380,63,116,85,105,93,180,59,101,78,73,102,200
2016_2,퇴계로46길,520,277,243,53,160,77,69,57,104,29,81,41,40,36,50,24,79,36,29,21,54
2016_2,퇴계로18길,792,397,395,105,97,136,147,122,185,48,58,78,80,61,72,57,39,58,67,61,113
2016_2,퇴계로12길,852,414,438,93,104,121,131,150,253,47,61,66,63,72,105,46,43,55,68,78,148
2016_2,청구로1길,2066,982,1084,247,287,255,378,368,531,129,141,127,186,196,203,118,146,128,192,172,328
2016_2,청구로17길,1916,963,953,259,301,331,300,320,405,136,156,165,159,165,182,123,145,166,141,155,223
2016_2,장충단로8길,1613,803,810,201,286,274,243,248,361,108,147,143,125,124,156,93,139,131,118,124,205
2016_2,삼일대로4길,120,68,52,33,16,24,31,9,7,17,8,16,17,6,4,16,8,8,14,3,3
2016_2,명동길,76,59,17,0,8,14,11,21,22,0,4,13,10,16,16,0,4,1,1,5,6
2016_2,동호로8길,697,328,369,79,131,133,101,116,137,36,61,62,60,55,54,43,70,71,41,61,83
2016_2,동호로20길,2112,965,1147,313,339,344,395,289,432,150,157,169,182,131,176,163,182,175,213,158,256
2016_2,동호로15길,2050,1019,1031,225,289,286,331,345,574,121,159,138,177,173,251,104,130,148,154,172,323
2016_2,동호로11길,3412,1639,1773,455,517,576,599,502,763,245,263,299,297,210,325,210,254,277,302,292,438
2016_2,동호로10길,2132,1025,1107,244,424,445,339,305,375,129,187,213,171,160,165,115,237,232,168,145,210
2016_2,다산로39길,947,530,417,65,100,110,162,242,268,27,57,66,104,141,135,38,43,44,58,101,133
2016_2,다산로38길,1435,704,731,212,229,213,230,248,303,109,116,96,121,132,130,103,113,117,109,116,173
2016_2,다산로36길,1669,831,838,217,210,233,293,318,398,105,112,117,163,165,169,112,98,116,130,153,229
2016_2,다산로33길,3859,1946,1913,459,639,540,672,694,855,229,354,307,346,354,356,230,285,233,326,340,499
2016_2,난계로21길,865,444,421,76,183,193,109,121,183,36,90,107,59,69,83,40,93,86,50,52,100
2016_2,난계로11길,2312,1104,1208,192,486,481,345,349,459,96,190,221,179,204,214,96,296,260,166,145,245
2016_2,필운대로1길,734,336,398,135,90,100,151,107,151,66,41,42,65,57,65,69,49,58,86,50,86
2016_2,평창길,1697,846,851,330,284,198,218,263,404,190,162,102,91,123,178,140,122,96,127,140,226
2016_2,통일로12길,925,428,497,115,119,128,186,121,256,65,50,58,98,61,96,50,69,70,88,60,160
2016_2,창신길,2518,1278,1240,347,377,296,469,496,533,166,198,176,236,267,235,181,179,120,233,229,298
2016_2,창신5길,1476,784,692,145,167,148,278,312,426,76,101,86,150,173,198,69,66,62,128,139,228
2016_2,창신2길,918,465,453,99,119,112,151,209,228,53,58,62,83,105,104,46,61,50,68,104,124
2016_2,창경궁로35길,941,401,540,80,183,127,165,137,249,38,75,54,78,61,95,42,108,73,87,76,154
2016_2,지봉로8길,2525,1278,1247,304,334,330,451,460,646,161,164,193,237,236,287,143,170,137,214,224,359
2016_2,종로65길,3393,1770,1623,319,440,449,582,736,867,164,217,241,320,414,414,155,223,208,262,322,453
2016_2,종로58가길,290,158,132,15,58,63,46,41,67,7,28,36,27,23,37,8,30,27,19,18,30
2016_2,종로24길,58,43,15,3,3,3,11,15,23,1,3,2,9,13,15,2,0,1,2,2,8
2016_2,자하문로7길,790,368,422,130,105,116,133,105,201,71,57,49,60,47,84,59,48,67,73,58,117
2016_2,이화장길,1751,855,896,232,371,313,248,262,325,119,162,163,118,138,155,113,209,150,130,124,170
2016_2,율곡로16길,527,277,250,61,78,87,93,79,129,38,43,47,55,34,60,23,35,40,38,45,69
2016_2,율곡로10길,301,167,134,17,27,39,58,51,109,9,16,22,38,30,52,8,11,17,20,21,57
2016_2,옥인길,2729,1232,1497,514,311,496,570,335,503,254,148,216,258,154,202,260,163,280,312,181,301
2016_2,숭인동길,998,514,484,92,122,139,160,187,298,51,65,79,84,105,130,41,57,60,76,82,168
2016_2,성균관로5길,1031,510,521,96,349,172,126,124,164,51,169,97,67,60,66,45,180,75,59,64,98
2016_2,삼청로5길,801,369,432,84,79,129,96,134,279,31,35,69,47,63,124,53,44,60,49,71,155
2016_2,북촌로5나길,702,332,370,108,79,117,112,105,181,61,40,52,57,44,78,47,39,65,55,61,103
2016_2,북촌로5길,336,157,179,42,36,42,43,63,110,23,15,20,22,30,47,19,21,22,21,33,63
2016_2,북촌로11길,682,319,363,59,73,95,104,110,241,34,38,52,52,47,96,25,35,43,52,63,145
2016_2,백석동길,1774,872,902,270,252,270,310,294,378,142,143,133,148,128,178,128,109,137,162,166,200
2016_2,명륜길,1541,767,774,182,472,214,176,171,326,79,259,127,91,78,133,103,213,87,85,93,193
2016_2,돈화문로11가길,1143,652,491,98,165,212,200,196,272,56,107,125,119,115,130,42,58,87,81,81,142
2016_2,난계로27길,764,383,381,18,340,221,64,42,79,6,127,124,38,34,54,12,213,97,26,8,25
2016_2,계동길,1972,921,1051,297,228,288,359,311,489,140,100,143,177,149,212,157,128,145,182,162,277
2016_1,잠실 관광특구,16234,7853,8381,3077,2298,2899,2713,2516,2731,1606,1111,1375,1299,1167,1295,1471,1187,1524,1414,1349,1436
2016_1,종로·청계 관광특구,3909,2129,1780,424,489,477,629,810,1080,217,264,271,348,473,556,207,225,206,281,337,524
2016_1,동대문패션타운 관광특구,1841,967,874,181,267,269,296,361,467,90,140,146,169,197,225,91,127,123,127,164,242
2016_1,명동 남대문 북창동 다동 무교동 관광특구,1277,671,606,130,131,178,201,267,370,63,63,92,113,158,182,67,68,86,88,109,188
2016_1,이태원 관광특구,7461,3525,3936,827,1039,1320,1174,1238,1863,428,526,656,583,588,744,399,513,664,591,650,1119
2016_1,길동복조리시장,2854,1406,1448,456,434,525,444,484,511,240,212,268,222,224,240,216,222,257,222,260,271
2016_1,둔촌역전통시장,377,188,189,62,56,70,62,62,65,35,29,35,31,29,29,27,27,35,31,33,36
2016_1,성내골목시장,1147,571,576,152,171,216,175,202,231,77,84,116,90,98,106,75,87,100,85,104,125
2016_1,천호시장,65,33,32,9,8,12,11,12,13,5,4,6,6,6,6,4,4,6,5,6,7
2016_1,동서울시장,240,122,118,34,32,43,38,44,49,18,16,23,20,22,23,16,16,20,18,22,26
2016_1,고분다리골목시장,366,184,182,53,51,61,57,67,77,28,26,32,30,32,36,25,25,29,27,35,41
2016_1,양지골목시장,1007,497,510,237,116,160,184,154,156,119,62,74,93,72,77,118,54,86,91,82,79
2016_1,암사종합시장,779,389,390,133,106,134,130,132,144,69,55,70,66,65,64,64,51,64,64,67,80
2016_1,고덕전통시장,256,134,122,37,35,31,44,51,58,20,20,17,24,26,27,17,15,14,20,25,31
2016_1,명일골목시장,1732,846,886,365,235,243,309,288,292,193,120,117,146,136,134,172,115,126,163,152,158
2016_1,새마을시장,3914,1866,2048,573,659,855,637,592,598,290,305,417,308,278,268,283,354,438,329,314,330
2016_1,석촌시장,1073,526,547,166,164,207,180,178,178,88,83,102,88,87,78,78,81,105,92,91,100
2016_1,방이시장,4962,2417,2545,698,802,1099,754,803,806,371,384,557,370,366,369,327,418,542,384,437,437
2016_1,마천시장,1220,623,597,196,164,170,204,226,260,102,91,91,105,114,120,94,73,79,99,112,140
2016_1,풍납시장,3120,1536,1584,471,421,509,500,554,665,236,219,262,253,264,302,235,202,247,247,290,363
2016_1,도곡시장,266,124,142,65,32,47,59,30,33,33,14,20,27,16,14,32,18,27,32,14,19
2016_1,청담삼익시장,119,56,63,23,17,21,21,17,20,12,8,9,10,8,9,11,9,12,11,9,11
2016_1,논현종합시장,101,47,54,14,16,24,17,13,17,7,7,11,8,6,8,7,9,13,9,7,9
2016_1,영동전통시장,1165,538,627,106,231,326,181,144,177,53,100,149,91,66,79,53,131,177,90,78,98
2016_1,강남시장_강남,222,104,118,39,33,38,41,29,42,20,15,17,19,14,19,19,18,21,22,15,23
2016_1,양재시장,78,38,40,17,10,15,12,11,13,9,5,7,6,5,6,8,5,8,6,6,7
2016_1,남부종합시장,147,69,78,33,19,20,29,22,24,16,9,9,13,11,11,17,10,11,16,11,13
2016_1,우림시장,68,34,34,10,10,11,11,12,14,5,5,6,6,6,6,5,5,5,5,6,8
2016_1,미성동도깨비시장,998,498,500,164,148,159,160,166,201,82,76,85,80,80,95,82,72,74,80,86,106
2016_1,신신림시장,645,325,320,92,84,87,105,116,161,48,44,48,56,57,72,44,40,39,49,59,89
2016_1,삼성동시장,426,214,212,61,55,57,70,77,106,32,29,31,37,37,48,29,26,26,33,40,58
2016_1,신림중앙시장,58,29,29,6,11,11,9,10,11,3,5,6,5,5,5,3,6,5,4,5,6
2016_1,강남골목시장,687,351,336,80,129,137,102,107,132,40,63,76,55,54,63,40,66,61,47,53,69
2016_1,관악신사시장,2079,1048,1031,282,388,385,346,315,363,150,194,209,173,155,167,132,194,176,173,160,196
2016_1,신원시장,402,202,200,52,75,76,60,58,81,26,40,41,33,27,35,26,35,35,27,31,46
2016_1,인헌시장,1623,808,815,242,302,340,251,203,285,125,147,182,128,98,128,117,155,158,123,105,157
2016_1,봉천중앙시장,97,47,50,10,22,19,13,13,20,5,10,10,7,6,9,5,12,9,6,7,11
2016_1,봉천현대시장,22,10,12,4,3,4,4,3,4,2,1,2,2,1,2,2,2,2,2,2,2
2016_1,봉일시장,237,116,121,40,35,45,38,34,45,20,17,23,20,16,20,20,18,22,18,18,25
2016_1,봉천제일종합시장,295,145,150,34,74,60,39,36,52,17,34,32,21,17,24,17,40,28,18,19,28
2016_1,낙성대시장,685,348,337,85,183,152,90,74,101,42,93,83,48,37,45,43,90,69,42,37,56
2016_1,중부시장,812,400,412,95,184,173,111,105,144,48,86,91,59,50,66,47,98,82,52,55,78
2016_1,사당시장,12,6,6,2,2,2,2,2,2,1,1,1,1,1,1,1,1,1,1,1,1
2016_1,남성역골목시장,672,328,344,95,103,131,102,103,138,49,51,67,52,48,61,46,52,64,50,55,77
2016_1,남성사계시장,716,349,367,107,102,139,104,112,152,56,50,69,52,52,70,51,52,70,52,60,82
2016_1,흑석시장,517,255,262,80,83,80,82,80,112,42,45,40,42,38,48,38,38,40,40,42,64
2016_1,상도4동도깨비골목시장,2005,989,1016,326,291,371,321,306,390,170,147,193,162,146,171,156,144,178,159,160,219
2016_1,성대시장,148,72,76,24,22,27,24,22,29,12,11,14,12,10,13,12,11,13,12,12,16
2016_1,영도시장,12,6,6,2,2,2,2,2,2,1,1,1,1,1,1,1,1,1,1,1,1
2016_1,상도전통시장,1447,714,733,243,282,255,216,198,253,125,147,127,111,91,113,118,135,128,105,107,140
2016_1,강남시장_동작,158,78,80,27,31,28,23,22,27,14,16,14,12,10,12,13,15,14,11,12,15
2016_1,신노량진시장,5,3,2,0,1,0,0,2,2,0,1,0,0,1,1,0,0,0,0,1,1
2016_1,본동인정시장,495,248,247,76,82,83,74,78,102,40,44,44,38,37,45,36,38,39,36,41,57
2016_1,노량진중앙시장,324,159,165,50,54,54,48,51,67,26,28,28,24,24,29,24,26,26,24,27,38
2016_1,대림중앙시장,550,273,277,70,70,82,92,101,135,37,35,44,46,50,61,33,35,38,46,51,74
2016_1,우리시장,425,214,211,60,57,59,68,81,100,32,31,32,34,40,45,28,26,27,34,41,55
2016_1,영진시장A동,179,89,90,27,26,30,28,31,37,14,13,16,14,15,17,13,13,14,14,16,20
2016_1,사러가시장,65,32,33,10,8,10,12,12,13,5,4,5,6,6,6,5,4,5,6,6,7
2016_1,대신시장,156,78,78,20,26,24,25,26,35,10,13,14,13,13,15,10,13,10,12,13,20
2016_1,양남시장,91,46,45,15,13,21,14,12,16,8,6,11,8,6,7,7,7,10,6,6,9
2016_1,영일시장,938,475,463,176,117,189,158,127,171,93,55,93,85,67,82,83,62,96,73,60,89
2016_1,도림시장,51,26,25,7,8,10,8,8,10,4,4,5,4,4,5,3,4,5,4,4,5
2016_1,영등포청과시장,410,203,207,57,63,84,63,62,81,28,30,44,34,30,37,29,33,40,29,32,44
2016_1,영등포전통시장,1987,1129,858,187,370,393,289,338,410,103,176,226,185,216,223,84,194,167,104,122,187
2016_1,은행나무시장,449,223,226,73,57,60,76,80,103,37,30,32,38,41,45,36,27,28,38,39,58
2016_1,박미시장,123,62,61,20,15,18,19,23,28,10,8,10,10,11,13,10,7,8,9,12,15
2016_1,현대시장,3473,1752,1721,582,465,569,571,598,688,305,245,294,292,294,322,277,220,275,279,304,366
2016_1,대명시장,14,7,7,2,2,2,2,2,4,1,1,1,1,1,2,1,1,1,1,1,2
2016_1,푸른터시장,43,21,22,6,6,6,8,8,9,3,3,3,4,4,4,3,3,3,4,4,5
2016_1,남문시장,1767,894,873,247,250,261,299,350,360,126,130,141,151,178,168,121,120,120,148,172,192
2016_1,독산동 우시장,241,128,113,34,43,47,36,37,44,18,23,27,20,19,21,16,20,20,16,18,23
2016_1,오류시장,299,147,152,44,46,58,44,46,61,22,22,30,23,22,28,22,24,28,21,24,33
2016_1,개봉중앙시장,427,211,216,76,53,77,63,68,90,39,27,39,32,31,43,37,26,38,31,37,47
2016_1,고척근린시장,737,370,367,140,98,109,130,121,139,73,49,55,67,62,64,67,49,54,63,59,75
2016_1,가리봉시장,192,106,86,18,21,23,37,44,49,9,12,14,22,27,22,9,9,9,15,17,27
2016_1,남구로시장,702,349,353,96,92,122,116,119,157,50,44,64,61,59,71,46,48,58,55,60,86
2016_1,구로시장,183,89,94,26,24,33,30,31,39,13,11,17,16,15,17,13,13,16,14,16,22
2016_1,공항시장,25,12,13,4,4,4,4,4,5,2,2,2,2,2,2,2,2,2,2,2,3
2016_1,방신전통시장,894,441,453,192,109,160,146,137,150,97,53,80,75,66,70,95,56,80,71,71,80
2016_1,송화골목시장,1027,491,536,270,120,157,201,140,139,133,60,73,98,67,60,137,60,84,103,73,79
2016_1,까치산시장,1533,747,786,251,203,316,242,229,292,128,100,162,123,102,132,123,103,154,119,127,160
2016_1,화곡본동시장,492,239,253,89,69,104,81,70,79,45,34,53,41,32,34,44,35,51,40,38,45
2016_1,남부골목시장,2178,1078,1100,346,296,400,356,360,420,180,154,207,178,166,193,166,142,193,178,194,227
2016_1,화곡중앙골목시장,1431,710,721,194,226,310,208,227,266,98,110,166,106,106,124,96,116,144,102,121,142
2016_1,신월중앙시장,127,62,65,21,19,19,19,23,26,11,10,10,9,11,11,10,9,9,10,12,15
2016_1,신정3동골목시장,597,295,302,129,73,91,113,93,98,67,38,45,55,46,44,62,35,46,58,47,54
2016_1,신정2동골목시장,862,427,435,203,119,86,177,154,123,108,60,39,82,81,57,95,59,47,95,73,66
2016_1,신정제일시장,38,19,19,10,4,4,8,6,6,5,2,2,4,3,3,5,2,2,4,3,3
2016_1,신월7동골목시장,232,114,118,40,30,38,37,40,47,20,15,20,19,19,21,20,15,18,18,21,26
2016_1,신월6동골목시장,149,77,72,24,21,19,25,28,32,13,11,11,13,14,15,11,10,8,12,14,17
2016_1,신곡종합시장,247,125,122,41,34,32,40,48,52,22,18,17,20,23,25,19,16,15,20,25,27
2016_1,신월3동골목시장,655,342,313,106,95,100,111,118,125,55,51,55,61,63,57,51,44,45,50,55,68
2016_1,경창시장,287,142,145,52,37,48,46,49,55,27,19,24,23,23,26,25,18,24,23,26,29
2016_1,월정로시장,1896,981,915,291,253,297,314,357,384,149,133,165,165,187,182,142,120,132,149,170,202
2016_1,신영시장,1156,598,558,177,153,181,191,219,235,91,82,100,100,114,111,86,71,81,91,105,124
2016_1,목4동시장,1256,624,632,295,177,148,264,203,169,161,94,70,120,104,75,134,83,78,144,99,94
2016_1,목3동시장,974,475,499,159,154,173,151,166,171,86,77,87,71,77,77,73,77,86,80,89,94
2016_1,목2동시장,810,399,411,145,130,146,132,133,124,77,65,74,62,65,56,68,65,72,70,68,68
2016_1,동진시장,48,23,25,6,9,10,8,6,9,3,4,5,4,3,4,3,5,5,4,3,5
2016_1,망원월드컵시장,758,365,393,139,102,138,138,104,137,70,48,67,69,50,61,69,54,71,69,54,76
2016_1,망원시장,1245,601,644,187,183,247,212,180,236,97,86,122,109,85,102,90,97,125,103,95,134
2016_1,합정시장,83,40,43,13,15,18,12,11,14,7,7,9,6,5,6,6,8,9,6,6,8
2016_1,영진시장,199,92,107,22,42,46,31,24,34,11,18,22,15,11,15,11,24,24,16,13,19
2016_1,신수시장,111,55,56,20,15,20,20,16,20,10,8,10,10,8,9,10,7,10,10,8,11
2016_1,아현시장,258,125,133,43,37,52,40,42,44,21,18,26,20,21,19,22,19,26,20,21,25
2016_1,마포시장,0,0,0,0,0,0,0,0,0,0,0,0,0,0,0,0,0,0,0,0,0
2016_1,백련시장,148,73,75,23,21,21,26,24,33,12,11,11,13,12,14,11,10,10,13,12,19
2016_1,모래내시장,169,83,86,40,18,33,30,22,26,20,9,15,16,11,12,20,9,18,14,11,14
2016_1,포방터시장,734,362,372,122,97,96,122,127,170,61,51,50,61,65,74,61,46,46,61,62,96
2016_1,인왕시장,279,138,141,44,35,38,48,46,68,23,18,21,24,23,29,21,17,17,24,23,39
2016_1,아현가구거리상점가,395,191,204,58,60,65,68,64,80,28,30,34,34,32,33,30,30,31,34,32,47
2016_1,영천시장,787,381,406,146,97,121,139,121,163,75,51,58,70,60,67,71,46,63,69,61,96
2016_1,수일시장,111,56,55,17,15,17,17,20,25,9,8,9,9,10,11,8,7,8,8,10,14
2016_1,증산종합시장,143,71,72,23,19,22,24,23,32,12,10,11,12,11,15,11,9,11,12,12,17
2016_1,대림골목시장,530,260,270,78,72,79,88,88,125,40,38,41,46,42,53,38,34,38,42,46,72
2016_1,신응암시장,371,184,187,75,41,64,68,53,70,40,21,32,35,26,30,35,20,32,33,27,40
2016_1,녹번시장,42,19,23,8,6,7,7,6,8,4,3,3,3,3,3,4,3,4,4,3,5
2016_1,갈현시장,76,37,39,12,11,11,13,13,16,6,6,6,6,6,7,6,5,5,7,7,9
2016_1,연서시장,183,92,91,26,26,27,30,32,42,14,14,15,15,15,19,12,12,12,15,17,23
2016_1,상계중앙시장,2189,1070,1119,374,314,284,384,376,457,193,161,147,184,183,202,181,153,137,200,193,255
2016_1,상계시장,14,7,7,2,2,2,2,2,4,1,1,1,1,1,2,1,1,1,1,1,2
2016_1,공릉동도깨비시장,1602,782,820,260,267,272,246,261,296,131,133,141,124,120,133,129,134,131,122,141,163
2016_1,방학동도깨비시장,1322,672,650,213,175,173,229,238,294,113,97,95,117,117,133,100,78,78,112,121,161
2016_1,쌍문역골목시장,782,383,399,117,110,128,126,129,172,61,54,66,64,60,78,56,56,62,62,69,94
2016_1,백운시장,513,251,262,88,68,70,85,88,114,45,34,36,42,42,52,43,34,34,43,46,62
2016_1,신도봉시장,123,62,61,16,16,16,19,22,34,8,8,9,10,11,16,8,8,7,9,11,18
2016_1,창동골목시장,903,452,451,154,117,126,158,154,194,81,62,67,79,77,86,73,55,59,79,77,108
2016_1,창동신창시장,1843,907,936,329,253,300,311,307,343,168,128,150,153,150,158,161,125,150,158,157,185
2016_1,수유북부시장,58,28,30,8,8,8,10,10,14,4,4,4,5,5,6,4,4,4,5,5,8
2016_1,장미원골목시장,1554,762,792,240,195,214,253,265,387,125,97,114,126,127,173,115,98,100,127,138,214
2016_1,수유중앙시장,25,13,12,3,4,4,4,4,6,2,2,2,2,2,3,1,2,2,2,2,3
2016_1,강북종합시장,809,404,405,96,129,132,129,140,183,50,64,72,65,70,83,46,65,60,64,70,100
2016_1,우이시장,1788,880,908,270,236,253,289,304,436,141,124,132,142,147,194,129,112,121,147,157,242
2016_1,수유전통시장,526,266,260,78,73,79,84,92,120,40,38,44,44,45,55,38,35,35,40,47,65
2016_1,번동북부골목시장,986,489,497,135,152,162,165,161,211,72,73,83,88,79,94,63,79,79,77,82,117
2016_1,솔샘시장,400,195,205,101,40,63,83,54,59,52,20,30,42,26,25,49,20,33,41,28,34
2016_1,숭인시장,182,90,92,24,24,26,30,34,44,12,12,14,15,17,20,12,12,12,15,17,24
2016_1,방천골목시장,1505,733,772,211,207,220,248,262,357,108,102,116,124,124,159,103,105,104,124,138,198
2016_1,동북시장,33,16,17,6,4,4,6,6,7,3,2,2,3,3,3,3,2,2,3,3,4
2016_1,석관황금시장,2106,1058,1048,318,291,327,342,366,462,170,148,169,176,180,215,148,143,158,166,186,247
2016_1,석관시장,151,76,75,23,21,23,25,26,33,12,11,12,13,13,15,11,10,11,12,13,18
2016_1,새석관시장,109,55,54,17,15,17,17,19,24,9,8,9,9,9,11,8,7,8,8,10,13
2016_1,번동시장,47,23,24,8,6,6,8,8,11,4,3,3,4,4,5,4,3,3,4,4,6
2016_1,장위전통시장,1814,912,902,270,236,247,307,320,434,138,125,138,157,159,195,132,111,109,150,161,239
2016_1,밤나무골시장,147,71,76,30,16,23,27,21,30,15,8,11,14,10,13,15,8,12,13,11,17
2016_1,길음시장,88,42,46,23,9,16,18,10,12,12,4,7,9,5,5,11,5,9,9,5,7
2016_1,정릉시장,1364,676,688,210,215,194,215,214,316,107,118,105,107,102,137,103,97,89,108,112,179
2016_1,정릉아리랑시장,411,201,210,76,51,62,69,65,88,40,26,31,34,30,40,36,25,31,35,35,48
2016_1,돈암제일시장,158,78,80,26,26,26,28,22,30,14,12,14,14,10,14,12,14,12,14,12,16
2016_1,유영시장,83,41,42,13,12,12,14,15,17,6,6,6,7,8,8,7,6,6,7,7,9
2016_1,우림골목시장,2458,1247,1211,364,349,367,390,468,520,185,180,200,200,239,243,179,169,167,190,229,277
2016_1,묵1동도깨비시장,713,348,365,128,101,114,120,116,134,65,49,58,59,56,61,63,52,56,61,60,73
2016_1,태능시장,742,383,359,91,105,110,121,151,164,48,55,60,64,79,77,43,50,50,57,72,87
2016_1,중화제일시장,1965,999,966,263,279,312,320,374,417,138,140,167,169,190,195,125,139,145,151,184,222
2016_1,사가정시장,2040,1021,1019,292,296,317,338,371,426,149,151,169,175,183,194,143,145,148,163,188,232
2016_1,면목골목시장,1409,701,708,200,202,228,222,254,303,105,101,118,116,124,137,95,101,110,106,130,166
2016_1,동원시장,2112,1055,1057,302,312,350,365,366,417,154,156,189,185,182,189,148,156,161,180,184,228
2016_1,동부골목시장,1282,650,632,180,191,218,218,228,247,94,95,117,115,115,114,86,96,101,103,113,133
2016_1,이경시장,222,111,111,27,45,35,34,34,47,14,22,19,18,17,21,13,23,16,16,17,26
2016_1,회기시장,1113,538,575,162,277,192,150,135,197,79,135,99,75,65,85,83,142,93,75,70,112
2016_1,청량리청과물시장,130,64,66,16,18,19,18,24,35,8,9,10,10,12,15,8,9,9,8,12,20
2016_1,전곡시장,311,158,153,60,37,54,55,47,58,32,19,27,29,24,27,28,18,27,26,23,31
2016_1,답십리시장,493,240,253,84,64,74,85,82,104,42,33,37,43,39,46,42,31,37,42,43,58
2016_1,답십리현대시장,621,306,315,106,81,96,105,103,130,53,42,48,53,50,60,53,39,48,52,53,70
2016_1,전농로터리시장,31,16,15,4,4,4,5,6,8,2,2,2,3,3,4,2,2,2,2,3,4
2016_1,청량리종합시장,234,120,114,31,36,36,34,38,59,16,20,20,18,19,27,15,16,16,16,19,32
2016_1,청량리전통시장,131,66,65,16,21,21,18,22,33,8,11,11,10,11,15,8,10,10,8,11,18
2016_1,청량리농수산물시장,216,111,105,28,34,33,31,35,55,14,19,18,17,18,25,14,15,15,14,17,30
2016_1,서울약령시장,1620,829,791,213,259,247,233,263,405,109,144,133,127,133,183,104,115,114,106,130,222
2016_1,청량리수산시장,416,213,203,50,66,70,64,70,96,26,34,38,34,36,45,24,32,32,30,34,51
2016_1,구의시장,21,10,11,4,2,4,4,3,4,2,1,2,2,1,2,2,1,2,2,2,2
2016_1,조양시장,180,91,89,21,28,29,28,35,39,11,14,15,15,18,18,10,14,14,13,17,21
2016_1,영동교골목시장,1713,864,849,202,263,281,271,326,370,102,133,146,146,167,170,100,130,135,125,159,200
2016_1,능동로골목시장,517,253,264,91,75,85,87,88,91,46,37,41,43,43,43,45,38,44,44,45,48
2016_1,노룬산골목시장,672,333,339,116,99,110,112,115,120,59,50,54,55,58,57,57,49,56,57,57,63
2016_1,자양종합시장,52,26,26,9,8,10,8,8,9,5,4,5,4,4,4,4,4,5,4,4,5
2016_1,자양골목시장,2239,1096,1143,324,381,411,368,360,395,169,183,208,184,175,177,155,198,203,184,185,218
2016_1,신성골목시장,111,54,57,19,16,18,19,19,20,10,8,9,9,9,9,9,8,9,10,10,11
2016_1,면곡골목시장,558,280,278,83,84,94,95,99,103,43,44,50,47,49,47,40,40,44,48,50,56
2016_1,중곡제일시장,1027,511,516,130,161,200,163,177,196,67,77,106,82,87,92,63,84,94,81,90,104
2016_1,화양제일골목시장,883,425,458,74,312,178,101,93,125,37,137,93,55,47,56,37,175,85,46,46,69
2016_1,한아름시장,95,46,49,8,34,19,11,10,13,4,15,10,6,5,6,4,19,9,5,5,7
2016_1,성동용답상가시장,1594,847,747,213,227,243,287,292,332,110,116,137,162,167,155,103,111,106,125,125,177
2016_1,뚝도시장,396,207,189,55,59,63,67,76,76,29,32,33,36,41,36,26,27,30,31,35,40
2016_1,금남시장,427,206,221,71,52,80,72,66,86,36,26,39,37,31,37,35,26,41,35,35,49
2016_1,행당시장,1254,615,639,195,194,200,205,210,250,99,97,99,102,105,113,96,97,101,103,105,137
2016_1,마장축산물시장,729,362,367,118,125,110,117,120,139,61,63,55,58,61,64,57,62,55,59,59,75
2016_1,보광시장,13,6,7,2,2,2,2,2,3,1,1,1,1,1,1,1,1,1,1,1,2
2016_1,이태원제일시장,61,28,33,8,8,11,10,9,15,4,4,5,5,4,6,4,4,6,5,5,9
2016_1,이태원시장,76,36,40,8,11,12,12,13,20,4,6,6,6,6,8,4,5,6,6,7,12
2016_1,이촌종합시장,127,60,67,28,14,19,25,18,23,14,7,8,12,9,10,14,7,11,13,9,13
2016_1,용문전통시장,694,337,357,123,87,122,121,102,139,64,41,61,62,49,60,59,46,61,59,53,79
2016_1,만리시장,51,24,27,7,10,8,8,8,10,4,4,4,4,4,4,3,6,4,4,4,6
2016_1,신흥시장,68,33,35,9,10,12,10,11,16,5,5,6,5,5,7,4,5,6,5,6,9
2016_1,후암시장,458,225,233,74,64,76,78,71,95,39,33,39,39,34,41,35,31,37,39,37,54
2016_1,합동(새벽)시장,2,1,1,0,0,0,0,0,2,0,0,0,0,0,1,0,0,0,0,0,1
2016_1,서울중앙시장,1442,724,718,184,215,300,224,227,292,92,104,154,118,118,138,92,111,146,106,109,154
2016_1,백학시장,1031,511,520,164,138,161,182,176,210,84,71,81,95,90,90,80,67,80,87,86,120
2016_1,약수시장,2789,1330,1459,418,349,464,442,460,656,210,175,224,226,215,280,208,174,240,216,245,376
2016_1,동평화시장,76,38,38,8,13,12,13,14,16,4,7,6,7,7,7,4,6,6,6,7,9
2016_1,방산종합시장,331,209,122,20,33,33,50,76,119,10,17,21,34,57,70,10,16,12,16,19,49
2016_1,인현시장,164,87,77,15,21,24,23,33,48,7,11,13,14,18,24,8,10,11,9,15,24
2016_1,신중부시장,199,110,89,16,24,28,26,43,62,8,13,16,16,25,32,8,11,12,10,18,30
2016_1,남대문시장,531,294,237,45,54,59,78,123,172,22,25,30,47,79,91,23,29,29,31,44,81
2016_1,신설종합시장,70,37,33,7,13,11,11,12,16,4,6,6,6,7,8,3,7,5,5,5,8
2016_1,동묘시장,850,436,414,85,152,142,130,147,194,44,70,75,71,80,96,41,82,67,59,67,98
2016_1,창신골목시장,330,174,156,40,41,40,58,68,83,21,22,23,31,37,40,19,19,17,27,31,43
2016_1,충신시장,69,39,30,7,11,7,11,13,20,4,7,4,7,7,10,3,4,3,4,6,10
2016_1,종로신진시장,156,87,69,18,26,19,25,28,40,11,15,11,14,16,20,7,11,8,11,12,20
2016_1,광장시장,3,2,1,0,0,0,0,1,2,0,0,0,0,1,1,0,0,0,0,0,1
2016_1,통인시장,671,316,355,131,85,102,124,95,134,70,43,45,55,47,56,61,42,57,69,48,78
2016_1,서울 노원구 노원역_3,784,388,396,136,124,99,138,144,143,70,62,51,66,71,68,66,62,48,72,73,75
2016_1,서울 노원구 노원역_2,576,270,306,120,77,95,107,87,90,60,38,44,51,39,38,60,39,51,56,48,52
2016_1,서울 노원구 노원역_1,926,433,493,193,122,153,172,140,146,97,58,72,80,64,62,96,64,81,92,76,84
2016_1,창동역,2799,1358,1441,575,383,383,520,471,467,296,196,186,242,228,210,279,187,197,278,243,257
2016_1,서울 강북구 수유역_3,549,274,275,66,86,91,86,95,125,34,42,50,44,47,57,32,44,41,42,48,68
2016_1,서울 강북구 수유역_2,1430,712,718,169,226,237,228,245,325,87,113,129,116,120,147,82,113,108,112,125,178
2016_1,서울 강북구 수유역_1,746,371,375,102,114,126,124,122,158,53,55,65,66,61,71,49,59,61,58,61,87
2016_1,서울 은평구 연신내역_3,49,25,24,7,7,7,8,9,11,4,4,4,4,4,5,3,3,3,4,5,6
2016_1,서울 은평구 연신내역_2,844,407,437,153,118,132,149,133,159,77,59,69,70,63,69,76,59,63,79,70,90
2016_1,서울 은평구 연신내역_1,141,67,74,22,21,24,24,21,29,11,10,12,12,10,12,11,11,12,12,11,17
2016_1,서울 성북구 미아삼거리역_2,789,389,400,125,102,117,131,136,178,65,52,60,66,66,80,60,50,57,65,70,98
2016_1,서울 강북구 미아삼거리역_1,408,198,210,56,56,60,68,71,97,28,28,32,34,34,42,28,28,28,34,37,55
2016_1,서울 은평구 불광역_2,1826,875,951,306,240,304,305,293,378,156,117,150,151,137,164,150,123,154,154,156,214
2016_1,서울 은평구 불광역_1,656,314,342,98,99,115,108,101,135,48,46,58,54,48,60,50,53,57,54,53,75
2016_1,미아사거리_2,152,75,77,25,20,23,26,25,33,13,10,12,13,12,15,12,10,11,13,13,18
2016_1,미아사거리_1,707,343,364,145,77,110,131,105,139,72,38,52,69,50,62,73,39,58,62,55,77
2016_1,서울 성북구 성신여대입구역,905,401,504,124,215,163,137,109,157,60,77,77,69,51,67,64,138,86,68,58,90
2016_1,경희대학교,627,302,325,92,158,108,83,75,111,44,76,55,42,37,48,48,82,53,41,38,63
2016_1,서울 성북구 안암역,469,241,228,58,129,71,66,65,80,31,68,40,34,32,36,27,61,31,32,33,44
2016_1,혜화역 대학로_3,844,411,433,129,201,120,127,109,158,62,107,61,61,52,68,67,94,59,66,57,90
2016_1,혜화역 대학로_2,839,408,431,127,201,121,126,109,155,62,107,61,61,52,65,65,94,60,65,57,90
2016_1,혜화역 대학로_1,563,269,294,73,117,99,85,80,109,36,54,50,41,40,48,37,63,49,44,40,61
2016_1,디지털미디어시티,195,94,101,49,23,31,40,24,28,25,11,14,20,12,12,24,12,17,20,12,16
2016_1,서울 동대문구 청량리역,2189,1097,1092,289,283,297,323,396,601,149,149,158,171,199,271,140,134,139,152,197,330
2016_1,서울 종로구 경복궁역_2,331,153,178,53,42,51,56,52,77,28,19,23,25,24,34,25,23,28,31,28,43
2016_1,서울 종로구 안국역_2,125,59,66,18,14,18,18,21,36,9,7,9,9,9,16,9,7,9,9,12,20
2016_1,서울 종로구 안국역_1,72,33,39,10,8,11,14,11,18,5,4,5,7,5,7,5,4,6,7,6,11
2016_1,서울 종로구 경복궁역_1,516,238,278,84,65,79,88,79,121,43,29,36,41,36,53,41,36,43,47,43,68
2016_1,서울 종로구 종로3가역_3,546,318,228,44,68,65,81,112,176,20,36,38,52,74,98,24,32,27,29,38,78
2016_1,서울 종로구 종로3가역_2,1595,930,665,132,203,188,229,325,518,61,105,111,149,215,289,71,98,77,80,110,229
2016_1,서울 동대문구 신설동역_2,151,79,72,18,24,25,24,25,35,9,13,14,13,13,17,9,11,11,11,12,18
2016_1,인사동,444,260,184,37,55,51,64,92,145,17,29,31,41,62,80,20,26,20,23,30,65
2016_1,서울 종로구 종로5가역_4,540,314,226,45,68,64,79,110,174,21,35,38,51,72,97,24,33,26,28,38,77
2016_1,서울 종로구 종로5가역_3,340,190,150,38,60,40,55,62,85,22,35,24,32,35,42,16,25,16,23,27,43
2016_1,종로구청,286,164,122,23,36,34,41,58,94,10,19,19,26,39,51,13,17,15,15,19,43
2016_1,서울 종로구 종로5가역_2,1232,679,553,126,195,159,191,227,334,65,102,90,111,138,173,61,93,69,80,89,161
2016_1,신설동역,601,308,293,60,110,99,93,102,137,31,50,53,51,56,67,29,60,46,42,46,70
2016_1,서울 동대문구 신설동역_1,64,33,31,8,10,11,10,11,14,4,5,6,5,6,7,4,5,5,5,5,7
2016_1,서울 종로구 광화문역_2,1637,756,881,262,202,251,279,258,385,136,91,111,128,121,169,126,111,140,151,137,216
2016_1,동묘앞역,643,345,298,73,80,79,106,135,170,38,43,45,56,76,87,35,37,34,50,59,83
2016_1,장안동사거리,2549,1283,1266,451,323,454,435,401,485,233,165,229,229,198,229,218,158,225,206,203,256
2016_1,서울 종로구 동대문역_2,977,524,453,112,119,121,160,205,260,58,65,68,84,117,132,54,54,53,76,88,128
2016_1,서울 종로구 동대문역_1,129,65,64,17,18,16,24,25,29,9,9,9,12,13,13,8,9,7,12,12,16
2016_1,동대문시장_2,6,4,2,0,1,0,1,2,2,0,1,0,1,1,1,0,0,0,0,1,1
2016_1,서울 종로구 종로5가역_1,6,4,2,0,1,0,1,2,2,0,1,0,1,1,1,0,0,0,0,1,1
2016_1,서울 종로구 종로3가역_1,203,118,85,16,25,24,29,42,67,7,13,14,19,28,37,9,12,10,10,14,30
2016_1,종각역 젊음의 거리,47,28,19,4,5,5,6,10,17,2,3,3,4,7,9,2,2,2,2,3,8
2016_1,서대문구 서대문역_1,334,161,173,49,41,48,61,52,83,25,20,24,31,27,34,24,21,24,30,25,49
2016_1,동대문시장_1,5,3,2,0,0,0,1,2,2,0,0,0,1,1,1,0,0,0,0,1,1
2016_1,시청역_2,79,45,34,11,7,18,15,14,14,5,4,11,10,8,7,6,3,7,5,6,7
2016_1,서울시청,46,19,27,4,4,6,8,9,15,2,2,3,3,4,5,2,2,3,5,5,10
2016_1,서울 중구 을지로3가역_2,627,390,237,43,62,70,91,142,219,21,33,43,62,103,128,22,29,27,29,39,91
2016_1,서울 중구 신당역_2,350,181,169,37,56,53,63,65,76,19,29,28,35,35,35,18,27,25,28,30,41
2016_1,서대문구 서대문역_2,970,473,497,169,126,147,169,155,204,87,65,72,87,77,85,82,61,75,82,78,119
2016_1,동대문역사문화공원역,366,196,170,33,45,52,50,75,111,16,24,28,30,42,56,17,21,24,20,33,55
2016_1,서울 중구 을지로3가역_1,137,85,52,8,11,14,18,34,52,4,6,9,13,24,29,4,5,5,5,10,23
2016_1,명동거리,56,23,33,6,6,7,10,10,17,3,3,3,4,4,6,3,3,4,6,6,11
2016_1,롯데백화점,100,54,46,15,10,22,17,18,18,7,5,12,10,10,10,8,5,10,7,8,8
2016_1,서울 중구 신당역_1,787,392,395,124,102,121,141,136,163,63,53,62,73,71,70,61,49,59,68,65,93
2016_1,북창동,186,98,88,29,20,39,32,32,34,14,10,22,18,17,17,15,10,17,14,15,17
2016_1,서울 중구 충무로역_2,619,341,278,57,72,83,86,129,192,28,37,46,53,77,100,29,35,37,33,52,92
2016_1,서울 강서구 송정역,1829,934,895,260,283,329,287,304,366,135,141,180,156,151,171,125,142,149,131,153,195
2016_1,장한평역_2,989,499,490,161,133,183,161,161,190,83,68,94,85,78,91,78,65,89,76,83,99
2016_1,시청역_1,376,204,172,54,39,83,67,64,69,26,20,48,39,36,35,28,19,35,28,28,34
2016_1,왕십리역_2,642,313,329,105,101,112,104,105,115,52,49,56,52,53,51,53,52,56,52,52,64
2016_1,서울 강서구 발산역,490,235,255,79,75,73,72,88,103,41,39,37,34,41,43,38,36,36,38,47,60
2016_1,장한평역_1,129,65,64,22,16,24,21,22,24,11,8,12,11,11,12,11,8,12,10,11,12
2016_1,서울 중구 충무로역_1,584,298,286,72,90,93,83,96,150,36,48,51,47,48,68,36,42,42,36,48,82
2016_1,장한평역,190,103,87,25,27,30,34,34,40,13,14,17,20,20,19,12,13,13,14,14,21
2016_1,서울 중구 명동역,625,269,356,54,66,86,110,123,186,25,33,39,49,53,70,29,33,47,61,70,116
2016_1,장충동 족발거리,229,118,111,29,56,37,33,28,46,15,31,20,17,14,21,14,25,17,16,14,25
2016_1,한양시장,340,178,162,45,109,50,41,40,55,21,64,28,21,19,25,24,45,22,20,21,30
2016_1,서울 서대문구 이대역,889,414,475,113,281,158,106,96,135,60,116,80,53,45,60,53,165,78,53,51,75
2016_1,서울 서대문구 신촌역,1452,677,775,186,462,256,176,153,219,98,193,128,88,74,96,88,269,128,88,79,123
2016_1,서울 마포구 홍대입구역_3,43,20,23,6,8,10,6,6,7,3,3,5,3,3,3,3,5,5,3,3,4
2016_1,서울 마포구 홍대입구역_2,668,310,358,73,138,155,105,82,115,36,59,73,51,40,51,37,79,82,54,42,64
2016_1,홍익대학교 주변,7397,3437,3960,913,1490,1653,1175,928,1238,454,650,777,569,446,541,459,840,876,606,482,697
2016_1,서울 광진구 군자역,1867,913,954,242,369,402,270,267,317,127,171,204,138,128,145,115,198,198,132,139,172
2016_1,신촌역,785,377,408,87,174,148,122,105,149,44,79,73,63,53,65,43,95,75,59,52,84
2016_1,강서구청,3479,1718,1761,565,520,653,534,592,615,303,250,338,265,278,284,262,270,315,269,314,331
2016_1,서울 마포구 홍대입구역_1,647,296,351,72,133,150,103,80,109,36,56,70,49,37,48,36,77,80,54,43,61
2016_1,서울 중구 약수역_2,13,6,7,2,2,2,2,2,3,1,1,1,1,1,1,1,1,1,1,1,2
2016_1,서울 중구 약수역_1,107,52,55,16,14,18,17,17,25,8,7,9,9,8,11,8,7,9,8,9,14
2016_1,서울 강동구 고덕역,2655,1327,1328,581,399,281,470,495,429,317,221,129,213,239,208,264,178,152,257,256,221
2016_1,등촌역,954,466,488,154,151,168,150,163,168,83,77,85,71,75,75,71,74,83,79,88,93
2016_1,서울 강동구 명일역,1659,811,848,349,226,232,298,275,279,185,115,111,141,131,128,164,111,121,157,144,151
2016_1,어린이대공원역,633,311,322,69,171,127,84,82,100,35,79,66,45,41,45,34,92,61,39,41,55
2016_1,서울 용산구 숙대입구역,888,543,345,70,112,128,157,188,233,38,58,74,106,128,139,32,54,54,51,60,94
2016_1,남영역,11,6,5,0,2,2,2,2,3,0,1,1,1,1,2,0,1,1,1,1,1
2016_1,서울 마포구 마포역_2,4497,2158,2339,924,521,860,864,609,719,465,246,403,439,299,306,459,275,457,425,310,413
2016_1,서울 광진구 건대입구역_2,2698,1300,1398,224,953,549,308,285,379,110,420,288,168,145,169,114,533,261,140,140,210
2016_1,서울 마포구 마포역_1,746,355,391,122,104,132,120,116,152,63,49,63,59,56,65,59,55,69,61,60,87
2016_1,서울 강동구 천호역_2,1674,847,827,223,234,302,259,302,354,116,115,161,139,149,167,107,119,141,120,153,187
2016_1,서울 광진구 건대입구역_1,1985,1002,983,233,305,328,314,378,427,118,154,171,168,194,197,115,151,157,146,184,230
2016_1,서울 광진구 구의역,2023,971,1052,271,370,417,329,299,337,137,170,209,165,140,150,134,200,208,164,159,187
2016_1,서울 강동구 천호역,263,130,133,38,37,46,42,46,54,19,19,24,21,22,25,19,18,22,21,24,29
2016_1,당산역_2,1096,519,577,174,208,238,156,149,171,87,88,116,78,71,79,87,120,122,78,78,92
2016_1,서울 강동구 천호역_1,331,165,166,44,48,64,50,58,67,23,24,34,26,27,31,21,24,30,24,31,36
2016_1,서울 강동구 길동역,4468,2204,2264,714,675,818,696,761,804,377,331,416,348,353,379,337,344,402,348,408,425
2016_1,용산 전자상가_5,954,473,481,146,138,204,150,139,177,77,63,101,80,69,83,69,75,103,70,70,94
2016_1,용산 전자상가_4,311,150,161,54,41,59,53,46,58,26,19,29,27,23,26,28,22,30,26,23,32
2016_1,당산역_1,1466,715,751,247,259,311,225,203,221,126,115,157,114,100,103,121,144,154,111,103,118
2016_1,서울 광진구 강변역,140,67,73,26,22,23,24,23,22,13,11,11,11,11,10,13,11,12,13,12,12
2016_1,용산 전자상가_3,512,249,263,78,72,102,81,78,101,39,34,51,41,38,46,39,38,51,40,40,55
2016_1,서울 용산구 이태원역,1197,565,632,127,167,200,187,205,311,66,87,100,93,99,120,61,80,100,94,106,191
2016_1,한남오거리,435,209,226,54,58,87,71,69,96,28,28,43,35,33,42,26,30,44,36,36,54
2016_1,용산 전자상가_2,114,57,57,13,16,20,17,20,28,7,8,10,9,10,13,6,8,10,8,10,15
2016_1,용산구청,200,94,106,21,29,34,30,34,52,11,15,17,15,16,20,10,14,17,15,18,32
2016_1,용산 전자상가_1,201,100,101,23,26,36,29,36,51,12,13,18,15,18,24,11,13,18,14,18,27
2016_1,서울 용산구 신용산역,369,185,184,43,50,65,55,64,92,24,25,32,28,32,44,19,25,33,27,32,48
2016_1,압구정 로데오거리_2,3306,1532,1774,672,394,507,615,434,684,333,182,221,288,206,302,339,212,286,327,228,382
2016_1,서울 강남구 압구정역,3590,1664,1926,733,424,553,671,463,746,365,197,242,311,219,330,368,227,311,360,244,416
2016_1,서울 영등포구 영등포구청역,1077,531,546,146,165,223,164,163,216,71,77,117,89,77,100,75,88,106,75,86,116
2016_1,압구정 로데오거리_1,759,360,399,141,106,134,138,112,128,75,52,59,65,53,56,66,54,75,73,59,72
2016_1,서울 강동구 둔촌동역,877,437,440,145,130,159,144,146,153,80,68,80,72,68,69,65,62,79,72,78,84
2016_1,오목교역,1059,511,548,286,127,129,238,157,122,144,60,55,112,81,59,142,67,74,126,76,63
2016_1,신사동 가로수길,5627,2630,2997,1013,810,970,1035,745,1054,522,368,426,478,355,481,491,442,544,557,390,573
2016_1,청담사거리_3,204,96,108,39,29,36,36,30,34,20,14,16,17,14,15,19,15,20,19,16,19
2016_1,영등포유통상가,628,311,317,87,97,130,95,95,124,43,46,68,51,46,57,44,51,62,44,49,67
2016_1,청담역_2,443,209,234,82,63,79,78,66,75,43,30,35,36,31,34,39,33,44,42,35,41
2016_1,청담역_1,161,76,85,29,23,29,28,24,28,15,11,13,13,11,13,14,12,16,15,13,15
2016_1,청담사거리_2,300,142,158,56,43,53,53,45,50,29,21,24,24,21,23,27,22,29,29,24,27
2016_1,청담사거리_1,700,332,368,131,99,126,125,102,117,69,48,56,58,48,53,62,51,70,67,54,64
2016_1,서울 영등포구 여의도역_1,1243,591,652,236,152,199,202,189,265,120,72,90,98,90,121,116,80,109,104,99,144
2016_1,서울 양천구 신정네거리역_2,364,179,185,57,52,69,57,59,70,29,25,36,28,28,33,28,27,33,29,31,37
2016_1,학동사거리_2,441,209,232,82,64,77,78,65,75,43,31,34,36,31,34,39,33,43,42,34,41
2016_1,서울 영등포구 영등포시장역,1112,633,479,107,206,221,163,187,228,59,98,129,104,119,124,48,108,92,59,68,104
2016_1,학동사거리_1,548,257,291,83,82,121,93,72,97,43,36,54,44,35,45,40,46,67,49,37,52
2016_1,여의도 시범아파트앞,550,262,288,102,68,88,90,84,118,52,32,40,44,40,54,50,36,48,46,44,64
2016_1,영등포역_3,602,344,258,56,112,120,86,103,125,30,54,70,56,66,68,26,58,50,30,37,57
2016_1,도산공원사거리_1,509,235,274,99,63,85,95,66,101,50,28,37,44,31,45,49,35,48,51,35,56
2016_1,영등포역_2,889,507,382,84,165,176,130,152,182,47,79,102,83,97,99,37,86,74,47,55,83
2016_1,문래동 주민센터,207,102,105,43,23,42,36,26,37,22,11,20,19,13,17,21,12,22,17,13,20
2016_1,강남구 신사역_2,1022,473,549,95,200,285,159,128,155,48,86,130,80,59,70,47,114,155,79,69,85
2016_1,영등포역_1,206,118,88,20,39,41,30,34,42,11,19,24,19,22,23,9,20,17,11,12,19
2016_1,서울 강남구 강남구청역_2,185,88,97,26,29,44,31,24,31,14,13,19,15,12,15,12,16,25,16,12,16
2016_1,강남구 신사역_1,1500,713,787,324,186,261,319,203,207,166,87,117,153,99,91,158,99,144,166,104,116
2016_1,서울 동작구 노량진1동_1,25,12,13,4,4,4,4,4,5,2,2,2,2,2,2,2,2,2,2,2,3
2016_1,서울 강남구 학동역_3,172,81,91,25,28,41,27,23,28,13,12,19,13,11,13,12,16,22,14,12,15
2016_1,서울 강남구 강남구청역_1,509,241,268,72,83,120,84,65,85,39,34,55,41,32,40,33,49,65,43,33,45
2016_1,잠실역,3845,1827,2018,753,544,584,619,644,701,375,272,265,276,302,337,378,272,319,343,342,364
2016_1,강남구 논현역_4,3204,1521,1683,693,399,560,681,433,438,355,186,250,326,211,193,338,213,310,355,222,245
2016_1,학동역,674,311,363,60,133,189,105,85,102,30,57,86,53,39,46,30,76,103,52,46,56
2016_1,방이동 먹자골목,3101,1514,1587,436,502,687,473,499,504,233,240,349,233,226,233,203,262,338,240,273,271
2016_1,서울 강남구 학동역_2,137,66,71,19,22,32,23,18,23,10,10,15,11,9,11,9,12,17,12,9,12
2016_1,서울 동작구 노량진역,1555,780,775,237,263,264,232,242,317,124,141,141,120,113,141,113,122,123,112,129,176
2016_1,삼성역_3,2,1,1,1,0,0,1,0,0,1,0,0,0,0,0,0,0,0,1,0,0
2016_1,서울 강남구 학동역_1,1004,463,541,92,197,281,156,125,153,46,85,128,79,57,68,46,112,153,77,68,85
2016_1,선정릉역_2,1960,937,1023,409,253,400,405,228,265,222,119,168,195,114,119,187,134,232,210,114,146
2016_1,강남구 논현역_3,115,53,62,12,21,32,18,15,17,6,9,14,9,7,8,6,12,18,9,8,9
2016_1,포스코사거리_2,668,334,334,123,100,107,113,107,118,72,52,51,51,52,56,51,48,56,62,55,62
2016_1,포스코사거리_1,3565,1702,1863,739,461,732,737,416,480,402,215,308,355,208,214,337,246,424,382,208,266
2016_1,잠실역 롯데월드,4145,1992,2153,917,514,647,720,616,731,475,250,285,344,285,353,442,264,362,376,331,378
2016_1,신도림역,1114,547,567,191,173,222,176,166,186,97,80,110,90,82,88,94,93,112,86,84,98
2016_1,강남구 논현역_2,4258,1966,2292,388,845,1187,666,525,647,195,363,539,339,240,290,193,482,648,327,285,357
2016_1,선정릉역_1,728,348,380,151,95,150,151,84,97,82,45,63,73,42,43,69,50,87,78,42,54
2016_1,신천역,2644,1260,1384,391,446,574,432,403,398,198,209,278,210,190,175,193,237,296,222,213,223
2016_1,강남구 논현역_1,4731,2266,2465,960,681,948,916,588,638,491,302,425,473,290,285,469,379,523,443,298,353
2016_1,삼성역_2,487,244,243,115,71,46,99,87,69,66,38,20,43,44,33,49,33,26,56,43,36
2016_1,삼정역_2,728,340,388,101,119,171,121,94,122,53,51,76,59,45,56,48,68,95,62,49,66
2016_1,삼정역_1,61,28,33,6,13,18,10,6,8,3,5,9,5,3,3,3,8,9,5,3,5
2016_1,삼성역_1,4310,2181,2129,1014,637,414,871,769,605,582,343,190,376,397,293,432,294,224,495,372,312
2016_1,서울 강남구 선릉역_2,2051,979,1072,182,428,602,319,245,275,91,180,290,168,120,130,91,248,312,151,125,145
2016_1,서울 서초구 강남역,2983,1424,1559,270,625,869,465,358,396,135,263,417,247,177,185,135,362,452,218,181,211
2016_1,서울 강남구 선릉역_1,1666,793,873,346,217,341,342,196,224,188,100,142,165,98,100,158,117,199,177,98,124
2016_1,서울 송파구 석촌역_2,444,213,231,65,74,99,66,68,72,33,34,48,32,32,34,32,40,51,34,36,38
2016_1,선릉역_2,4902,2315,2587,898,812,903,1024,688,577,480,387,387,460,346,255,418,425,516,564,342,322
2016_1,서울 강남구 역삼역_2,872,417,455,78,181,256,136,105,116,39,76,124,72,51,55,39,105,132,64,54,61
2016_1,서울 송파구 석촌역_1,245,117,128,36,41,54,36,38,40,18,19,26,17,18,19,18,22,28,19,20,21
2016_1,서울 강남구 강남역_2,2679,1305,1374,657,307,380,552,363,420,342,150,167,262,182,202,315,157,213,290,181,218
2016_1,선릉역_1,1430,674,756,344,173,252,318,164,179,175,77,108,150,85,79,169,96,144,168,79,100
2016_1,구로역,330,161,169,51,55,66,51,50,57,26,25,33,26,25,26,25,30,33,25,25,31
2016_1,역삼역_2,309,145,164,76,38,54,69,34,38,39,17,23,32,17,17,37,21,31,37,17,21
2016_1,대림역_2,505,248,257,78,84,102,78,76,87,40,38,51,40,38,41,38,46,51,38,38,46
2016_1,서울 강남구 역삼역_1,3269,1561,1708,292,683,961,508,392,433,146,288,464,269,191,203,146,395,497,239,201,230
2016_1,신대방삼거리역,1416,690,726,267,208,239,249,200,253,137,101,119,123,97,113,130,107,120,126,103,140
2016_1,서울 강남구 한티역,1676,791,885,308,278,308,351,234,197,163,132,132,159,118,87,145,146,176,192,116,110
2016_1,은마아파트입구사거리_4,525,265,260,122,79,51,106,93,74,70,42,23,45,49,36,52,37,28,61,44,38
2016_1,은마아파트입구사거리_3,258,123,135,48,43,48,53,36,30,26,21,21,24,18,13,22,22,27,29,18,17
2016_1,은마아파트입구사거리_2,127,64,63,29,19,12,26,23,18,17,10,5,11,12,9,12,9,7,15,11,9
2016_1,오류동역,1447,711,736,213,223,282,208,222,299,105,106,147,109,106,138,108,117,135,99,116,161
2016_1,서울 강남구 강남역,779,371,408,70,163,228,120,94,104,35,68,110,63,46,49,35,95,118,57,48,55
2016_1,은마아파트입구사거리_1,226,113,113,68,26,18,55,33,26,38,13,7,24,18,13,30,13,11,31,15,13
2016_1,대림역_1,465,232,233,65,62,87,74,75,102,34,30,46,39,37,46,31,32,41,35,38,56
2016_1,교대역_4,1943,945,998,479,221,277,400,263,303,249,108,121,189,132,146,230,113,156,211,131,157
2016_1,서울 강남구 강남역_1,1889,920,969,368,259,363,329,264,306,192,126,167,163,126,146,176,133,196,166,138,160
2016_1,방배동카페골목,2758,1289,1469,612,357,375,549,410,455,297,163,168,249,204,208,315,194,207,300,206,247
2016_1,교대역_3,193,94,99,32,31,31,32,31,36,17,15,15,15,15,17,15,16,16,17,16,19
2016_1,역삼역_1,2425,1158,1267,216,507,711,380,291,320,108,213,343,202,142,150,108,294,368,178,149,170
2016_1,교대역_2,1796,860,936,320,265,337,309,257,308,166,128,154,147,120,145,154,137,183,162,137,163
2016_1,서울 송파구 가락시장역,416,209,207,71,66,71,70,74,64,37,33,37,34,37,31,34,33,34,36,37,33
2016_1,서울 서초구 서초역,218,108,110,37,34,35,35,35,42,21,17,17,16,17,20,16,17,18,19,18,22
2016_1,서울 강남구 대치역_2,254,127,127,77,29,20,61,38,29,43,14,8,27,21,14,34,15,12,34,17,15
2016_1,서울 강남구 대치역_1,657,328,329,199,75,52,158,97,76,111,37,21,69,53,37,88,38,31,89,44,39
2016_1,뱅뱅사거리_2,1131,540,591,102,235,331,177,135,151,51,99,159,94,66,71,51,136,172,83,69,80
2016_1,보라매공원,2506,1231,1275,473,360,446,430,346,451,247,170,227,213,167,207,226,190,219,217,179,244
2016_1,교대역_1,2571,1273,1298,434,409,412,425,414,477,241,201,202,199,204,226,193,208,210,226,210,251
2016_1,개봉동 현대아파트 인근,2662,1314,1348,474,333,468,413,424,550,242,170,240,208,194,260,232,163,228,205,230,290
2016_1,뱅뱅사거리,2399,1168,1231,467,327,464,416,336,389,244,160,212,206,160,186,223,167,252,210,176,203
2016_1,뱅뱅사거리_1,1703,807,896,341,260,273,291,270,268,163,122,125,138,132,127,178,138,148,153,138,141
2016_1,서울 관악구 신림역_4,2907,1470,1437,185,981,785,336,265,355,94,447,443,192,132,162,91,534,342,144,133,193
2016_1,동작구 총신대입구역_1,1474,716,758,219,210,287,215,233,310,115,102,141,108,108,142,104,108,146,107,125,168
2016_1,양재역_3,2268,1107,1161,440,311,436,392,320,369,229,153,201,194,153,177,211,158,235,198,167,192
2016_1,동작구 총신대입구역_2,1946,903,1043,399,266,323,364,277,317,190,120,144,169,136,144,209,146,179,195,141,173
2016_1,서울 서초구 남부터미널역_3,859,411,448,154,126,162,147,122,148,80,61,74,70,57,69,74,65,88,77,65,79
2016_1,서울 강남구 수서역,2184,999,1185,226,272,426,228,378,654,113,138,227,115,160,246,113,134,199,113,218,408
2016_1,서울 관악구 신림역_3,1043,528,515,68,351,282,120,96,126,34,161,159,68,48,58,34,190,123,52,48,68
2016_1,서울 서초구 남부터미널역_2,3484,1719,1765,582,557,558,573,563,651,322,272,272,269,276,308,260,285,286,304,287,343
2016_1,구로디지탈1단지,2269,1146,1123,328,421,563,353,262,342,167,194,306,197,126,156,161,227,257,156,136,186
2016_1,양재역,2281,1082,1199,456,352,366,387,360,360,218,165,169,183,175,172,238,187,197,204,185,188
2016_1,문정역,450,221,229,78,72,76,69,81,74,40,36,38,33,38,36,38,36,38,36,43,38
2016_1,매봉역,1707,796,911,407,218,223,334,259,266,191,100,95,149,129,132,216,118,128,185,130,134
2016_1,서울 서초구 방배역,1252,599,653,208,187,249,202,178,228,111,87,117,96,81,107,97,100,132,106,97,121
2016_1,서울 서초구 남부터미널역_1,1025,492,533,183,151,192,175,148,176,95,73,88,84,69,83,88,78,104,91,79,93
2016_1,서울 관악구 신림역_2,1899,973,926,190,435,424,260,258,332,98,227,239,137,118,154,92,208,185,123,140,178
2016_1,서울 관악구 신림역_1,217,113,104,22,49,48,30,30,38,12,26,27,16,14,18,10,23,21,14,16,20
2016_1,양재역_2,1194,578,616,264,148,229,194,159,200,135,74,107,100,74,88,129,74,122,94,85,112
2016_1,양재역_1,18,9,9,4,2,4,3,2,3,2,1,2,2,1,1,2,1,2,1,1,2
2016_1,서울 관악구 서울대입구역_2,966,474,492,111,218,204,130,128,175,56,102,108,69,60,79,55,116,96,61,68,96
2016_1,가산디지털단지역_3,2482,1381,1101,246,532,547,353,401,403,123,273,341,212,224,208,123,259,206,141,177,195
2016_1,구로디지털단지역,193,105,88,18,21,25,35,44,50,9,12,14,20,26,24,9,9,11,15,18,26
2016_1,서울 관악구 서울대입구역_1,3515,1747,1768,417,880,735,474,422,587,209,421,393,254,204,266,208,459,342,220,218,321
2016_1,관악구 사당역_1,656,313,343,105,102,110,102,108,129,53,50,53,48,50,59,52,52,57,54,58,70
2016_1,가산디지털단지역_2,868,484,384,86,187,191,124,139,141,43,96,119,75,78,73,43,91,72,49,61,68
2016_1,관악구 사당역_2,1013,487,526,109,203,224,133,152,192,58,92,114,67,67,89,51,111,110,66,85,103
2016_1,가산디지털단지역_1,520,290,230,52,111,114,74,84,85,26,57,71,45,47,44,26,54,43,29,37,41
2016_1,포이사거리_1,161,79,82,29,25,27,29,27,24,15,13,14,13,13,11,14,12,13,16,14,13
2016_1,포이사거리_2,2935,1468,1467,473,453,632,521,418,438,243,218,333,272,205,197,230,235,299,249,213,241
2016_1,관악구 사당역_3,770,371,399,104,156,166,99,109,136,52,71,85,50,50,63,52,85,81,49,59,73
2016_1,서울 관악구 대학동_1,2549,1485,1064,259,621,546,385,333,405,136,381,353,249,175,191,123,240,193,136,158,214
2016_1,서울 금천구 독산1동_1,949,499,450,134,164,182,146,147,176,70,87,104,80,76,82,64,77,78,66,71,94
2016_1,양재동 꽃시장,137,68,69,22,21,29,25,20,20,11,10,15,13,10,9,11,11,14,12,10,11
2016_1,양재 화물트럭터미널앞_2,954,477,477,154,147,206,168,137,142,79,71,108,88,67,64,75,76,98,80,70,78
2016_1,양재 화물트럭터미널앞_1,27,14,13,4,4,6,5,4,4,2,2,3,3,2,2,2,2,3,2,2,2
2016_1,서울 금천구 시흥1동_4,973,489,484,163,130,161,160,168,191,85,69,83,81,83,88,78,61,78,79,85,103
2016_1,풍성로37가길,2833,1409,1424,375,421,541,432,497,567,190,208,288,223,240,260,185,213,253,209,257,307
2016_1,천호옛길,4088,2031,2057,541,608,780,618,716,825,274,298,418,319,345,377,267,310,362,299,371,448
2016_1,천호옛14길,2447,1216,1231,323,363,468,369,431,493,163,178,252,190,208,225,160,185,216,179,223,268
2016_1,천호대로219길,1853,927,926,335,293,217,300,384,324,172,163,114,135,188,155,163,130,103,165,196,169
2016_1,천호대로197길,3979,1961,2018,635,604,729,620,678,713,334,296,371,310,315,335,301,308,358,310,363,378
2016_1,천호대로187길,3133,1545,1588,498,476,571,488,538,562,263,233,290,244,251,264,235,243,281,244,287,298
2016_1,천호대로170길,3566,1774,1792,471,529,681,542,625,718,240,261,365,280,299,329,231,268,316,262,326,389
2016_1,천호대로162길,1996,990,1006,263,295,382,304,351,401,133,144,204,156,169,184,130,151,178,148,182,217
2016_1,천중로51길,3977,1958,2019,671,590,697,639,675,705,355,291,351,315,315,331,316,299,346,324,360,374
2016_1,천중로39길,5452,2723,2729,808,763,898,862,990,1131,415,386,473,443,480,526,393,377,425,419,510,605
2016_1,진황도로47길,2003,988,1015,319,303,367,312,342,360,168,148,188,156,160,168,151,155,179,156,182,192
2016_1,진황도로27길,7474,3790,3684,969,1049,1354,1128,1341,1633,505,514,728,609,662,772,464,535,626,519,679,861
2016_1,올림픽로98길,2676,1337,1339,462,358,461,446,451,498,239,185,240,226,224,223,223,173,221,220,227,275
2016_1,올림픽로80길,2817,1420,1397,396,380,506,458,506,571,206,190,264,243,253,264,190,190,242,215,253,307
2016_1,올림픽로78길,1528,774,754,216,206,276,248,272,310,113,103,145,132,136,145,103,103,131,116,136,165
2016_1,올림픽로77길,3041,1534,1507,426,411,546,494,547,617,222,205,285,264,273,285,204,206,261,230,274,332
2016_1,올림픽로71길,3694,1864,1830,519,502,658,600,667,748,271,251,345,319,333,345,248,251,313,281,334,403
2016_1,올림픽로48길,1813,885,928,351,242,332,304,274,310,179,121,160,152,130,143,172,121,172,152,144,167
2016_1,양재대로96길,3132,1552,1580,589,450,498,494,543,558,307,232,250,243,259,261,282,218,248,251,284,297
2016_1,양재대로95길,3842,1921,1921,634,564,703,632,638,671,353,298,353,317,297,303,281,266,350,315,341,368
2016_1,양재대로91길,3712,1859,1853,612,548,684,606,614,648,341,288,344,305,287,294,271,260,340,301,327,354
2016_1,양재대로133길,4816,2409,2407,741,676,763,769,880,987,384,346,402,395,426,456,357,330,361,374,454,531
2016_1,양재대로124길,5357,2641,2716,855,810,981,838,913,960,452,396,498,419,424,452,403,414,483,419,489,508
2016_1,양재대로116길,1721,850,871,275,260,316,266,295,309,145,128,161,133,138,145,130,132,155,133,157,164
2016_1,양재대로101길,5111,2554,2557,843,756,938,835,844,895,468,398,470,420,393,405,375,358,468,415,451,490
2016_1,암사길,6838,3414,3424,1179,918,1177,1142,1153,1269,610,476,612,578,570,568,569,442,565,564,583,701
2016_1,성안로3길,3677,1793,1884,712,490,671,622,554,628,364,246,322,311,260,290,348,244,349,311,294,338
2016_1,성내로5길,3484,1697,1787,676,464,636,590,523,595,345,233,304,295,246,274,331,231,332,295,277,321
2016_1,상일로5길,1064,535,529,191,166,126,173,222,186,99,92,67,78,110,89,92,74,59,95,112,97
2016_1,상암로5길,2370,1164,1206,472,291,461,413,351,382,241,145,220,212,166,180,231,146,241,201,185,202
2016_1,상암로51길,2792,1367,1425,588,381,392,497,463,471,312,196,190,233,219,217,276,185,202,264,244,254
2016_1,상암로4길,4664,2322,2342,791,606,867,784,764,852,409,302,432,410,373,396,382,304,435,374,391,456
2016_1,상암로14길,2794,1411,1383,393,378,502,451,504,566,205,189,262,241,252,262,188,189,240,210,252,304
2016_1,명일로13길,2236,1105,1131,420,319,357,356,386,398,218,164,180,175,183,185,202,155,177,181,203,213
2016_1,동남로85길,3861,1958,1903,885,493,600,672,633,578,482,266,300,332,317,261,403,227,300,340,316,317
2016_1,동남로82길,847,448,399,124,114,99,142,170,198,67,65,57,77,90,92,57,49,42,65,80,106
2016_1,동남로65길,4243,2128,2115,928,639,448,751,792,685,509,355,208,340,382,334,419,284,240,411,410,351
2016_1,구천면로42길,4265,2128,2137,652,598,683,684,775,873,334,305,358,352,374,405,318,293,325,332,401,468
2016_1,구천면로41길,4892,2467,2425,682,660,877,797,884,992,355,330,458,424,441,459,327,330,419,373,443,533
2016_1,구천면로36길,3179,1601,1578,448,445,544,494,574,674,233,222,290,260,280,316,215,223,254,234,294,358
2016_1,고덕로61길,1403,712,691,320,181,218,244,231,209,174,97,109,122,116,94,146,84,109,122,115,115
2016_1,고덕로25길,1558,769,789,367,180,247,285,238,241,185,96,114,143,112,119,182,84,133,142,126,122
2016_1,고덕로10길,2089,1043,1046,360,280,360,351,352,386,187,145,187,178,173,173,173,135,173,173,179,213
2016_1,강동대로53길,3106,1553,1553,514,458,573,505,515,541,286,242,288,254,239,244,228,216,285,251,276,297
2016_1,풍성로25길,2518,1238,1280,381,340,411,401,449,536,191,175,213,204,214,241,190,165,198,197,235,295
2016_1,오금로46길,2704,1325,1379,594,394,403,498,440,375,306,197,193,238,213,178,288,197,210,260,227,197
2016_1,오금로36길,3240,1616,1624,558,513,558,536,580,495,287,257,287,260,290,235,271,256,271,276,290,260
2016_1,오금로11길,4696,2289,2407,662,757,1043,716,757,761,352,362,530,351,343,351,310,395,513,365,414,410
2016_1,양재대로72길,2111,1045,1066,372,331,304,345,384,375,192,173,152,163,185,180,180,158,152,182,199,195
2016_1,양재대로71길,2051,1010,1041,428,299,285,378,340,321,221,156,138,173,166,156,207,143,147,205,174,165
2016_1,양재대로64길,3154,1577,1577,539,498,541,523,567,486,278,251,278,256,283,231,261,247,263,267,284,255
2016_1,양재대로62길,1754,871,883,302,277,304,289,316,266,154,139,155,140,157,126,148,138,149,149,159,140
2016_1,송파대로30길,3108,1551,1557,531,491,536,513,563,474,274,246,276,248,281,226,257,245,260,265,282,248
2016_1,송이로36길,3287,1619,1668,581,516,559,513,581,537,298,265,278,246,270,262,283,251,281,267,311,275
2016_1,송이로32길,5717,2822,2895,986,919,971,883,1014,944,506,469,485,423,473,466,480,450,486,460,541,478
2016_1,송이로23길,5759,2827,2932,1260,840,863,1064,936,796,650,419,415,511,455,377,610,421,448,553,481,419
2016_1,삼전로13길,7169,3418,3751,1051,1207,1564,1162,1086,1099,535,558,760,561,512,492,516,649,804,601,574,607
2016_1,백제고분로50길,7125,3471,3654,1007,1153,1582,1086,1144,1153,535,552,802,533,520,529,472,601,780,553,624,624
2016_1,백제고분로46길,3391,1623,1768,527,562,713,510,527,552,264,262,346,243,247,261,263,300,367,267,280,291
2016_1,백제고분로45길,4910,2348,2562,723,827,1089,731,745,795,363,384,530,348,349,374,360,443,559,383,396,421
2016_1,백제고분로42길,4619,2207,2412,683,777,1024,685,702,748,344,360,498,325,328,352,339,417,526,360,374,396
2016_1,백제고분로39길,3863,1880,1983,579,609,846,627,587,615,296,294,419,315,278,278,283,315,427,312,309,337
2016_1,백제고분로34길,8159,3970,4189,1225,1287,1784,1329,1236,1298,627,619,881,669,586,588,598,668,903,660,650,710
2016_1,백제고분로33길,6648,3238,3410,998,1048,1451,1079,1012,1060,511,507,717,543,480,480,487,541,734,536,532,580
2016_1,백제고분로32길,6175,2957,3218,963,976,1421,1039,879,897,501,460,690,502,405,399,462,516,731,537,474,498
2016_1,백제고분로31길,6899,3303,3596,1079,1092,1585,1160,986,997,560,513,770,561,456,443,519,579,815,599,530,554
2016_1,백제고분로22길,6847,3285,3562,1067,1081,1574,1148,981,996,556,510,766,557,453,443,511,571,808,591,528,553
2016_1,백제고분로21길,2773,1330,1443,434,440,638,467,394,400,227,207,309,228,182,177,207,233,329,239,212,223
2016_1,마천로51길,4304,2190,2114,737,551,608,727,759,922,375,296,323,381,387,428,362,255,285,346,372,494
2016_1,동남로20길,3481,1709,1772,764,503,522,644,567,481,393,251,250,309,276,230,371,252,272,335,291,251
2016_1,거마로20길,2981,1515,1466,479,397,416,500,552,637,251,216,218,258,280,292,228,181,198,242,272,345
2016_1,학동로77길,1904,900,1004,354,272,337,338,280,323,187,131,148,156,132,146,167,141,189,182,148,177
2016_1,학동로6길,1661,769,892,149,329,465,260,206,252,76,141,212,132,95,113,73,188,253,128,111,139
2016_1,학동로56길,403,193,210,84,52,83,84,46,54,46,24,35,41,23,24,38,28,48,43,23,30
2016_1,학동로38길,1669,783,886,233,272,394,275,214,281,124,116,178,134,102,129,109,156,216,141,112,152
2016_1,테헤란로81길,788,396,392,145,118,126,133,127,139,85,62,60,61,62,66,60,56,66,72,65,73
2016_1,일원로9길,3989,1944,2045,611,626,653,562,684,853,329,317,337,278,315,368,282,309,316,284,369,485
2016_1,일원로3길,2986,1453,1533,457,471,488,427,510,633,245,238,251,210,235,274,212,233,237,217,275,359
2016_1,영동대로65길,2319,1172,1147,545,344,218,471,416,325,313,185,99,204,215,156,232,159,119,267,201,169
2016_1,영동대로112길,2632,1311,1321,483,393,421,444,422,469,282,203,200,202,203,221,201,190,221,242,219,248
2016_1,언주로81길,5549,2623,2926,1331,672,984,1235,636,691,675,303,424,585,331,305,656,369,560,650,305,386
2016_1,압구정로2길,1126,525,601,201,165,193,205,148,214,104,75,85,94,70,97,97,90,108,111,78,117
2016_1,선릉로18길,639,310,329,132,90,101,116,110,90,68,48,49,53,54,38,64,42,52,63,56,52
2016_1,선릉로146길,2860,1352,1508,530,406,512,509,422,481,279,194,227,235,199,218,251,212,285,274,223,263
2016_1,선릉로133길,1769,827,942,245,287,415,293,227,302,132,123,184,141,109,138,113,164,231,152,118,164
2016_1,선릉로132길,2019,951,1068,377,287,359,357,300,339,198,137,159,164,141,152,179,150,200,193,159,187
2016_1,선릉로121길,1348,630,718,189,219,316,223,173,228,101,94,141,107,82,105,88,125,175,116,91,123
2016_1,삼성로75길,2549,1202,1347,469,423,468,529,361,299,251,201,201,236,181,132,218,222,267,293,180,167
2016_1,삼성로69길,3085,1457,1628,564,512,568,648,430,363,302,243,244,292,217,159,262,269,324,356,213,204
2016_1,삼성로64길,2879,1458,1421,676,428,274,584,510,407,388,229,126,253,265,197,288,199,148,331,245,210
2016_1,삼성로63길,4015,1897,2118,733,666,739,839,567,471,393,317,317,377,285,208,340,349,422,462,282,263
2016_1,삼성로57길,2262,1132,1130,687,257,181,543,333,261,383,127,74,237,183,128,304,130,107,306,150,133
2016_1,삼성로147길,1354,641,713,252,193,242,240,200,227,133,92,107,112,94,103,119,101,135,128,106,124
2016_1,삼성로115길,2928,1397,1531,609,381,596,605,344,393,331,178,248,292,172,176,278,203,348,313,172,217
2016_1,봉은사로68길,2169,1036,1133,451,281,443,449,254,291,245,132,185,217,127,130,206,149,258,232,127,161
2016_1,봉은사로57길,525,248,277,110,70,108,108,60,69,60,32,44,52,30,30,50,38,64,56,30,39
2016_1,봉은사로43길,2895,1359,1536,405,472,681,481,372,484,217,203,306,233,177,223,188,269,375,248,195,261
2016_1,봉은사로29길,1517,710,807,213,246,354,250,198,256,113,106,159,120,94,118,100,140,195,130,104,138
2016_1,봉은사로109길,2062,1025,1037,378,309,330,348,330,367,221,159,157,157,158,173,157,150,173,191,172,194
2016_1,도산대로89길,799,378,421,149,114,142,141,118,135,78,55,64,65,55,61,71,59,78,76,63,74
2016_1,도산대로81길,705,333,372,131,100,125,124,105,120,69,48,56,57,49,54,62,52,69,67,56,66
2016_1,도산대로50길,1963,919,1044,276,318,461,327,251,330,146,136,207,157,121,152,130,182,254,170,130,178
2016_1,도산대로38길,1417,662,755,198,229,333,234,181,242,104,98,149,114,85,112,94,131,184,120,96,130
2016_1,도산대로30길,1254,587,667,175,205,297,206,160,211,92,87,134,100,77,97,83,118,163,106,83,114
2016_1,도산대로23길,1967,917,1050,351,287,338,355,262,374,180,131,148,162,125,171,171,156,190,193,137,203
2016_1,도산대로15길,1020,478,542,182,148,176,187,135,192,94,68,77,86,65,88,88,80,99,101,70,104
2016_1,도곡로37길,6912,3265,3647,1661,841,1219,1536,795,860,842,377,524,727,414,381,819,464,695,809,381,479
2016_1,논현로8길,3495,1726,1769,627,528,590,636,587,527,326,268,304,297,288,243,301,260,286,339,299,284
2016_1,논현로63길,1873,892,981,168,392,550,293,223,247,84,164,264,154,110,116,84,228,286,139,113,131
2016_1,논현로28길,695,325,370,166,90,89,136,106,108,78,41,38,61,53,54,88,49,51,75,53,54
2016_1,논현로26길,3162,1476,1686,755,404,412,619,477,495,353,188,175,276,238,246,402,216,237,343,239,249
2016_1,논현로159길,784,367,417,141,113,134,141,105,150,72,52,59,64,51,69,69,61,75,77,54,81
2016_1,논현로139길,1636,758,878,148,324,457,255,203,249,76,140,208,129,92,113,72,184,249,126,111,136
2016_1,논현로123길,1710,791,919,155,336,477,268,213,261,78,144,217,136,99,117,77,192,260,132,114,144
2016_1,논현로115길,3133,1446,1687,285,623,879,490,383,473,144,269,399,248,176,210,141,354,480,242,207,263
2016_1,논현로10길,1493,736,757,266,227,252,272,250,226,138,115,130,127,122,104,128,112,122,145,128,122
2016_1,논현로106길,2245,1072,1173,200,470,657,351,267,300,100,197,316,186,131,142,100,273,341,165,136,158
2016_1,남부순환로365길,1890,896,994,378,289,303,322,297,301,180,136,139,151,146,144,198,153,164,171,151,157
2016_1,개포로28길,1873,928,945,338,283,315,339,314,284,177,144,163,159,153,132,161,139,152,180,161,152
2016_1,개포로20길,2570,1271,1299,460,388,435,467,432,388,240,196,225,219,212,179,220,192,210,248,220,209
2016_1,개포로17길,3048,1505,1543,543,461,518,555,512,459,282,234,266,259,252,212,261,227,252,296,260,247
2016_1,강남대로140길,1761,819,942,157,348,494,277,217,268,79,151,225,142,101,121,78,197,269,135,116,147
2016_1,강남대로136길,1143,527,616,105,225,319,178,142,174,53,96,146,90,64,78,52,129,173,88,78,96
2016_1,강남대로118길,1651,764,887,148,328,460,258,204,253,75,142,208,131,94,114,73,186,252,127,110,139
2016_1,서초중앙로8길,2678,1279,1399,478,396,503,460,383,458,248,190,230,222,176,213,230,206,273,238,207,245
2016_1,방배중앙로21길,2331,1092,1239,518,301,318,467,347,380,250,138,144,213,173,174,268,163,174,254,174,206
2016_1,효령로72길,1668,813,855,327,225,321,292,233,270,171,110,147,145,110,130,156,115,174,147,123,140
2016_1,효령로34길,1460,707,753,247,229,212,225,256,291,126,116,104,104,121,136,121,113,108,121,135,155
2016_1,효령로31길,1762,842,920,290,263,352,283,251,323,156,121,165,134,116,150,134,142,187,149,135,173
2016_1,효령로23길,4451,2128,2323,737,666,887,715,632,814,397,307,415,338,291,380,340,359,472,377,341,434
2016_1,청두곶길,3021,1444,1577,491,465,508,472,495,590,250,227,249,218,227,273,241,238,259,254,268,317
2016_1,주흥길,4993,2395,2598,1015,718,998,966,622,674,518,319,448,500,309,301,497,399,550,466,313,373
2016_1,주흥15길,3714,1784,1930,752,535,742,720,463,502,384,238,332,374,231,225,368,297,410,346,232,277
2016_1,언남길,1962,982,980,314,302,424,349,279,294,162,145,223,183,137,132,152,157,201,166,142,162
2016_1,신반포로45길,3817,1810,2007,828,473,666,812,515,523,423,221,298,388,251,229,405,252,368,424,264,294
2016_1,서초대로8길,5161,2461,2700,831,798,866,806,851,1009,421,390,421,373,390,466,410,408,445,433,461,543
2016_1,서초대로64길,1072,514,558,192,158,203,181,155,183,99,76,93,88,72,86,93,82,110,93,83,97
2016_1,서초대로4길,3296,1571,1725,533,510,554,514,543,642,269,248,269,239,248,298,264,262,285,275,295,344
2016_1,서초대로25길,1326,613,713,271,181,220,248,189,217,129,81,98,114,93,98,142,100,122,134,96,119
2016_1,서초대로23길,2762,1279,1483,565,378,458,514,394,453,268,169,206,238,192,206,297,209,252,276,202,247
2016_1,서초대로15길,4375,2026,2349,895,599,728,816,622,715,427,270,325,377,302,325,468,329,403,439,320,390
2016_1,사평대로57길,2134,1025,1109,432,307,428,413,267,287,221,136,193,214,133,128,211,171,235,199,134,159
2016_1,사평대로26길,297,141,156,64,38,49,53,43,50,33,18,22,24,20,24,31,20,27,29,23,26
2016_1,사평대로22길,1831,871,960,395,236,304,333,261,302,204,113,134,155,121,144,191,123,170,178,140,158
2016_1,사임당로17길,1103,528,575,197,161,206,192,156,191,104,78,93,92,73,88,93,83,113,100,83,103
2016_1,방배로42길,1225,573,652,274,157,166,245,183,200,133,72,74,111,91,92,141,85,92,134,92,108
2016_1,방배로35길,2160,1004,1156,467,283,316,422,316,356,224,127,141,193,155,164,243,156,175,229,161,192
2016_1,방배로18길,1869,892,977,310,280,373,299,265,342,167,129,174,140,122,160,143,151,199,159,143,182
2016_1,반포대로9길,1428,706,722,240,229,229,236,229,265,134,112,112,111,112,125,106,117,117,125,117,140
2016_1,바우뫼로39길,1760,850,910,388,219,338,287,236,292,198,110,158,147,109,128,190,109,180,140,127,164
2016_1,마방로2길,1481,740,741,238,227,319,263,213,221,124,109,168,137,104,98,114,118,151,126,109,123
2016_1,방배천로4안길,1057,504,553,170,164,178,164,174,207,86,80,86,77,80,95,84,84,92,87,94,112
2016_1,동산로19길,1814,910,904,291,280,390,322,260,271,149,135,207,168,128,123,142,145,183,154,132,148
2016_1,동산로10길,2678,1337,1341,433,411,578,475,381,400,223,197,304,248,186,179,210,214,274,227,195,221
2016_1,동광로39길,1243,590,653,266,161,206,226,178,206,137,76,91,105,83,98,129,85,115,121,95,108
2016_1,동광로1길,4131,1929,2202,915,532,564,822,617,681,442,244,252,373,306,312,473,288,312,449,311,369
2016_1,동광로12길,1272,588,684,263,176,210,237,180,206,124,80,93,109,89,93,139,96,117,128,91,113
2016_1,논현로27길,3054,1472,1582,676,373,588,498,408,511,347,187,273,255,187,223,329,186,315,243,221,288
2016_1,논현로1길,2723,1360,1363,440,417,586,483,390,407,226,201,309,252,190,182,214,216,277,231,200,225
2016_1,남부순환로339길,1156,553,603,204,174,215,198,166,199,106,84,98,95,76,94,98,90,117,103,90,105
2016_1,남부순환로325길,2186,1081,1105,364,352,353,358,355,404,204,172,172,169,174,190,160,180,181,189,181,214
2016_1,남부순환로317길,1529,755,774,256,245,245,253,246,284,142,120,120,118,120,135,114,125,125,135,126,149
2016_1,고무래로8길,1372,651,721,296,178,226,247,198,227,152,84,100,115,93,107,144,94,126,132,105,120
2016_1,강남대로8길,3153,1578,1575,507,486,680,558,453,469,261,234,360,290,224,209,246,252,320,268,229,260
2016_1,강남대로34길,3247,1564,1683,718,398,623,532,434,542,367,199,291,272,199,236,351,199,332,260,235,306
2016_1,강남대로23길,1455,701,754,321,180,282,237,195,240,164,90,132,120,90,105,157,90,150,117,105,135
2016_1,소담길,3882,1916,1966,444,973,782,528,474,681,224,450,416,285,227,314,220,523,366,243,247,367
2016_1,원신길,1621,815,806,233,209,215,265,294,405,121,112,118,141,141,182,112,97,97,124,153,223
2016_1,양지길,1921,968,953,274,248,256,317,346,480,143,132,141,168,169,215,131,116,115,149,177,265
2016_1,양산길,1217,636,581,157,209,202,186,197,266,83,117,118,102,94,122,74,92,84,84,103,144
2016_1,호암로24길,2792,1687,1105,267,699,600,450,359,417,138,441,402,310,199,197,129,258,198,140,160,220
2016_1,호암로20길,3136,1896,1240,303,784,674,505,402,468,158,494,453,346,224,221,145,290,221,159,178,247
2016_1,행운길,6640,3260,3380,785,1499,1419,895,863,1179,398,702,748,469,407,536,387,797,671,426,456,643
2016_1,행운1길,2987,1470,1517,355,673,641,404,386,528,180,317,339,212,182,240,175,356,302,192,204,288
2016_1,청림3길,3855,1890,1965,741,452,742,640,532,748,377,225,373,338,249,328,364,227,369,302,283,420
2016_1,청룡길,1716,848,868,196,430,345,233,210,302,100,198,183,126,101,140,96,232,162,107,109,162
2016_1,청룡8길,1762,869,893,200,444,356,239,214,309,100,205,191,128,101,144,100,239,165,111,113,165
2016_1,중앙길,3354,1636,1718,362,756,656,449,464,667,182,346,350,241,222,295,180,410,306,208,242,372
2016_1,조원중앙로2길,4181,2129,2052,486,782,833,621,656,803,243,380,459,336,330,381,243,402,374,285,326,422
2016_1,조원로18길,1514,773,741,176,284,299,226,240,289,88,138,167,122,120,138,88,146,132,104,120,151
2016_1,조원로10길,1871,956,915,220,349,371,279,295,357,110,170,206,151,149,170,110,179,165,128,146,187
2016_1,장군봉2길,1808,886,922,206,455,364,246,220,317,103,210,192,132,104,145,103,245,172,114,116,172
2016_1,장군봉1길,815,403,412,93,204,162,111,101,144,47,94,87,60,48,67,46,110,75,51,53,77
2016_1,인헌길,3562,1766,1796,532,666,749,544,448,623,271,325,399,277,216,278,261,341,350,267,232,345
2016_1,은천로25길,1457,714,743,292,170,224,268,215,288,153,85,110,137,103,126,139,85,114,131,112,162
2016_1,양녕로6길,4202,2049,2153,455,954,823,562,577,831,229,436,438,302,275,369,226,518,385,260,302,462
2016_1,신원로3길,2743,1362,1381,340,511,518,412,398,564,174,263,278,216,187,244,166,248,240,196,211,320
2016_1,신사로20길,2223,1118,1105,300,416,409,372,338,388,158,208,221,187,166,178,142,208,188,185,172,210
2016_1,신림로65길,2264,1146,1118,143,763,613,260,207,278,73,348,345,151,103,126,70,415,268,109,104,152
2016_1,신림로64길,2262,1143,1119,143,763,610,263,206,277,72,347,345,151,102,126,71,416,265,112,104,151
2016_1,신림로48길,2732,1402,1330,272,625,611,376,372,476,140,326,345,198,171,222,132,299,266,178,201,254
2016_1,신림로38길,1978,1089,889,216,463,426,272,263,338,114,271,262,159,126,157,102,192,164,113,137,181
2016_1,신림로28길,3712,2048,1664,411,865,793,515,493,635,216,510,487,301,238,296,195,355,306,214,255,339
2016_1,신림로11길,4418,2670,1748,428,1103,947,716,568,656,223,694,638,493,314,308,205,409,309,223,254,348
2016_1,신림동길,3568,1805,1763,223,1205,963,411,325,441,113,549,544,235,162,202,110,656,419,176,163,239
2016_1,승방길,3665,1771,1894,498,744,787,476,516,644,250,340,402,242,238,299,248,404,385,234,278,345
2016_1,서림7길,6081,3358,2723,671,1419,1301,842,809,1039,354,836,800,492,391,485,317,583,501,350,418,554
2016_1,봉천로33길,4623,2278,2345,799,664,861,759,658,882,408,327,441,394,309,399,391,337,420,365,349,483
2016_1,봉천로13길,4715,2340,2375,691,732,874,719,728,971,358,371,459,368,345,439,333,361,415,351,383,532
2016_1,복은길,4214,2329,1885,463,986,903,583,559,720,244,579,555,342,272,337,219,407,348,241,287,383
2016_1,법원단지길,1672,843,829,266,245,257,275,285,344,137,128,139,140,140,159,129,117,118,135,145,185
2016_1,법원단지9길,4956,2514,2442,771,708,740,834,863,1040,403,375,405,431,424,476,368,333,335,403,439,564
2016_1,미성5길,4072,2034,2038,664,604,644,657,679,824,336,307,346,329,328,388,328,297,298,328,351,436
2016_1,대학길,2063,1250,813,195,518,444,334,266,306,103,327,298,229,147,146,92,191,146,105,119,160
2016_1,대학14길,2630,1589,1041,254,657,563,428,337,391,133,414,376,293,187,186,121,243,187,135,150,205
2016_1,당곡길,2053,1018,1035,303,318,382,310,319,421,156,162,200,159,151,190,147,156,182,151,168,231
2016_1,남현길,1857,893,964,254,376,397,240,264,326,128,171,202,122,120,150,126,205,195,118,144,176
2016_1,남현3길,1511,727,784,204,307,324,196,213,267,102,139,166,98,98,124,102,168,158,98,115,143
2016_1,남현2길,2827,1365,1462,384,576,606,366,397,498,193,263,310,185,182,232,191,313,296,181,215,266
2016_1,남부순환로248길,1924,952,972,288,360,405,295,238,338,147,176,216,149,113,151,141,184,189,146,125,187
2016_1,남부순환로234길,2127,1084,1043,261,571,468,278,236,313,130,290,256,148,118,142,131,281,212,130,118,171
2016_1,남부순환로172길,2612,1305,1307,397,414,440,413,417,531,201,212,236,210,201,245,196,202,204,203,216,286
2016_1,남부순환로161길,3666,1848,1818,495,680,678,609,558,646,263,340,370,305,273,297,232,340,308,304,285,349
2016_1,남부순환로151길,2989,1506,1483,404,556,555,496,456,522,214,278,303,249,224,238,190,278,252,247,232,284
2016_1,남부순환로142길,3778,1884,1894,617,562,600,608,629,762,312,285,321,304,304,358,305,277,279,304,325,404
2016_1,난향길,2542,1263,1279,513,273,416,480,366,494,267,143,203,252,177,221,246,130,213,228,189,273
2016_1,난우길,2882,1438,1444,470,429,456,464,482,581,236,219,245,232,234,272,234,210,211,232,248,309
2016_1,난곡로74길,1950,984,966,265,362,361,322,299,341,141,181,196,162,146,158,124,181,165,160,153,183
2016_1,난곡로34길,2728,1383,1345,425,390,410,457,475,571,222,207,224,236,233,261,203,183,186,221,242,310
2016_1,난곡로26길,3685,1867,1818,576,528,549,619,640,773,300,280,300,319,313,355,276,248,249,300,327,418
2016_1,난곡로24길,3004,1525,1479,466,431,451,504,522,630,243,229,247,261,256,289,223,202,204,243,266,341
2016_1,낙성대역길,4259,2125,2134,613,863,902,636,519,726,315,426,482,325,253,324,298,437,420,311,266,402
2016_1,국회단지길,4942,2439,2503,853,711,923,806,704,945,437,352,474,417,331,428,416,359,449,389,373,517
2016_1,구암길,2575,1257,1318,513,302,401,466,382,511,266,151,198,236,183,223,247,151,203,230,199,288
2016_1,관천로22길,3311,1672,1639,207,1116,894,386,303,405,105,509,505,220,149,184,102,607,389,166,154,221
2016_1,관천로15길,4790,2415,2375,649,894,886,798,725,838,343,447,484,399,358,384,306,447,402,399,367,454
2016_1,관악로30길,2392,1173,1219,397,374,479,368,323,451,202,180,245,194,151,201,195,194,234,174,172,250
2016_1,관악로28길,1700,835,865,201,384,364,227,221,303,102,179,192,119,105,138,99,205,172,108,116,165
2016_1,관악로14길,1580,801,779,195,423,349,207,174,232,97,214,189,110,87,104,98,209,160,97,87,128
2016_1,관악로10길,4089,2082,2007,503,1095,904,535,450,602,250,556,495,285,225,271,253,539,409,250,225,331
2016_1,흑석로9길,2052,1009,1043,316,325,324,331,321,435,165,174,163,168,152,187,151,151,161,163,169,248
2016_1,흑석로13길,2180,1071,1109,336,343,340,351,343,467,175,182,171,180,163,200,161,161,169,171,180,267
2016_1,장승배기로27길,2628,1338,1290,289,461,391,398,472,617,151,244,221,208,233,281,138,217,170,190,239,336
2016_1,장승배기로19길,2174,1110,1064,241,382,322,329,392,508,126,204,181,173,193,233,115,178,141,156,199,275
2016_1,장승배기로10길,279,137,142,45,43,52,44,41,54,23,21,26,22,20,25,22,22,26,22,21,29
2016_1,여의대방로46길,2234,1074,1160,454,345,330,418,315,372,230,166,160,203,155,160,224,179,170,215,160,212
2016_1,여의대방로24길,2728,1315,1413,551,412,419,505,386,455,282,196,206,246,188,197,269,216,213,259,198,258
2016_1,여의대방로22카길,4008,1965,2043,794,563,706,714,536,695,415,261,353,353,262,321,379,302,353,361,274,374
2016_1,여의대방로22나길,3209,1577,1632,638,451,566,570,427,557,336,208,283,283,209,258,302,243,283,287,218,299
2016_1,여의대방로22길,2337,1148,1189,467,328,409,413,312,408,245,152,205,204,154,188,222,176,204,209,158,220
2016_1,양녕로26길,1550,770,780,256,221,283,247,242,301,135,113,148,124,116,134,121,108,135,123,126,167
2016_1,신대방길,6501,3178,3323,1318,869,978,1180,1008,1148,660,427,481,583,492,535,658,442,497,597,516,613
2016_1,성대로29길,2276,1126,1150,377,321,416,364,357,441,197,164,218,183,171,193,180,157,198,181,186,248
2016_1,성대로1길,1063,523,540,175,149,195,171,168,205,91,76,101,86,80,89,84,73,94,85,88,116
2016_1,서달로8가길,512,252,260,79,82,81,82,79,109,41,44,41,41,38,47,38,38,40,41,41,62
2016_1,서달로15길,418,206,212,64,67,64,66,66,91,33,36,32,34,31,40,31,31,32,32,35,51
2016_1,서달로14길,323,159,164,50,52,50,51,51,69,26,28,25,26,24,30,24,24,25,25,27,39
2016_1,서달로10길,3266,1608,1658,505,518,512,525,511,695,263,276,259,266,245,299,242,242,253,259,266,396
2016_1,상도로62길,2418,1193,1225,407,471,426,362,330,422,210,246,210,186,152,189,197,225,216,176,178,233
2016_1,상도로61길,4342,2143,2199,727,844,763,652,596,760,375,441,377,337,273,340,352,403,386,315,323,420
2016_1,상도로47길,4150,2046,2104,692,810,730,621,570,727,357,422,361,319,262,325,335,388,369,302,308,402
2016_1,상도로37길,1610,794,816,269,314,284,239,222,282,139,163,140,123,103,126,130,151,144,116,119,156
2016_1,상도로15길,3856,1878,1978,618,594,724,610,555,755,318,292,361,309,259,339,300,302,363,301,296,416
2016_1,사당로8길,2322,1140,1182,388,333,452,375,342,432,206,164,227,191,159,193,182,169,225,184,183,239
2016_1,사당로30길,1326,634,692,141,267,293,173,200,252,75,120,148,88,87,116,66,147,145,85,113,136
2016_1,사당로2차길,2036,1002,1034,339,291,397,330,299,380,180,144,200,168,140,170,159,147,197,162,159,210
2016_1,사당로29길,3742,1831,1911,597,531,676,562,584,792,308,261,331,286,278,367,289,270,345,276,306,425
2016_1,사당로26길,3229,1549,1680,346,651,711,418,487,616,184,294,361,215,212,283,162,357,350,203,275,333
2016_1,사당로23나길,1777,871,906,283,252,319,266,279,378,147,124,157,134,133,176,136,128,162,132,146,202
2016_1,사당로23길,1512,738,774,243,213,273,227,237,319,126,104,133,115,112,148,117,109,140,112,125,171
2016_1,사당로20길,3023,1458,1565,341,581,652,404,459,586,179,267,332,208,203,269,162,314,320,196,256,317
2016_1,사당로16길,3490,1697,1793,487,543,682,527,535,716,252,267,346,272,246,314,235,276,336,255,289,402
2016_1,사당로16가길,2268,1105,1163,328,344,445,348,346,457,171,169,226,177,160,202,157,175,219,171,186,255
2016_1,만양로8길,4330,2162,2168,659,731,733,643,678,886,346,389,389,331,315,392,313,342,344,312,363,494
2016_1,만양로14길,1769,883,886,270,297,299,264,279,360,141,158,158,136,130,160,129,139,141,128,149,200
2016_1,등용로14길,2852,1381,1471,549,446,423,522,416,496,280,218,209,255,204,215,269,228,214,267,212,281
2016_1,동작대로7길,3711,1782,1929,397,744,820,482,560,708,211,336,417,248,245,325,186,408,403,234,315,383
2016_1,동작대로35길,3326,1618,1708,496,474,643,481,528,704,262,232,319,242,242,321,234,242,324,239,286,383
2016_1,동작대로33길,3571,1738,1833,533,510,691,516,563,758,281,249,340,261,260,347,252,261,351,255,303,411
2016_1,동작대로29길,822,397,425,123,116,158,120,131,174,64,56,78,60,60,79,59,60,80,60,71,95
2016_1,동작대로17길,2162,1030,1132,232,434,478,280,327,411,122,197,242,141,141,187,110,237,236,139,186,224
2016_1,대방동2길,4010,1929,2081,815,618,596,747,569,665,414,298,290,362,279,286,401,320,306,385,290,379
2016_1,대방동27길,4800,2307,2493,975,738,712,896,680,799,495,356,346,436,332,342,480,382,366,460,348,457
2016_1,노량진로6길,3469,1752,1717,439,596,516,548,595,775,226,313,283,285,294,351,213,283,233,263,301,424
2016_1,국사봉길,4141,2019,2122,656,610,759,668,619,829,334,306,385,334,288,372,322,304,374,334,331,457
2016_1,국사봉2길,1741,852,889,336,245,310,309,234,307,175,114,155,153,113,142,161,131,155,156,121,165
2016_1,국사봉1길,3224,1574,1650,510,475,592,522,479,646,260,239,301,261,222,291,250,236,291,261,257,355
2016_1,영신로9길,3518,1774,1744,540,491,631,572,578,706,277,249,323,300,296,329,263,242,308,272,282,377
2016_1,영등포로84길,1950,992,958,270,312,323,324,309,412,143,161,180,171,154,183,127,151,143,153,155,229
2016_1,영등포로80길,2250,1143,1107,279,366,373,369,366,497,145,188,213,196,181,220,134,178,160,173,185,277
2016_1,영등포로62길,1870,947,923,294,254,324,302,314,382,152,131,164,160,162,178,142,123,160,142,152,204
2016_1,영등포로35길,1506,858,648,142,282,298,218,252,314,77,136,173,141,161,170,65,146,125,77,91,144
2016_1,영등포로27길,2770,1374,1396,382,425,572,423,418,550,189,201,301,228,201,254,193,224,271,195,217,296
2016_1,영등포로25길,2637,1305,1332,361,405,543,401,399,528,177,192,285,215,192,244,184,213,258,186,207,284
2016_1,여의대방로61길,2599,1320,1279,367,413,430,436,412,541,193,212,240,227,207,241,174,201,190,209,205,300
2016_1,여의대방로43나길,2717,1370,1347,534,394,453,487,404,445,282,205,234,241,209,199,252,189,219,246,195,246
2016_1,여의대방로39길,777,392,385,166,109,130,144,111,117,88,57,65,72,58,52,78,52,65,72,53,65
2016_1,여의대방로35길,2446,1223,1223,446,351,403,411,386,449,236,180,206,204,194,203,210,171,197,207,192,246
2016_1,양평로28길,2894,1454,1440,540,454,596,489,412,403,280,215,306,256,214,183,260,239,290,233,198,220
2016_1,양평로22라길,1147,576,571,215,180,237,193,162,160,111,85,121,102,84,73,104,95,116,91,78,87
2016_1,양평로19길,3293,1656,1637,614,516,681,557,465,460,318,245,351,292,242,208,296,271,330,265,223,252
2016_1,신길로60길,4231,2140,2091,666,575,729,685,714,862,343,297,370,359,370,401,323,278,359,326,344,461
2016_1,신길로42길,3124,1578,1546,428,432,396,519,619,730,222,225,221,267,314,329,206,207,175,252,305,401
2016_1,신길로42가길,4996,2524,2472,649,760,738,823,894,1132,335,388,417,429,449,506,314,372,321,394,445,626
2016_1,신길로39길,1574,788,786,247,200,233,278,286,330,132,102,121,139,143,151,115,98,112,139,143,179
2016_1,신길로17길,3319,1664,1655,487,433,452,560,613,774,253,229,246,281,303,352,234,204,206,279,310,422
2016_1,선유서로28길,1511,759,752,246,209,356,242,186,272,127,100,186,136,91,119,119,109,170,106,95,153
2016_1,선유서로25길,3212,1614,1598,525,444,752,513,398,580,269,213,393,288,195,256,256,231,359,225,203,324
2016_1,선유서로24길,1626,817,809,267,223,380,262,200,294,138,107,198,146,99,129,129,116,182,116,101,165
2016_1,선유로55길,3868,1948,1920,722,610,802,651,544,539,374,289,414,342,283,246,348,321,388,309,261,293
2016_1,디지털로74길,959,484,475,134,135,130,159,176,225,71,71,72,82,86,102,63,64,58,77,90,123
2016_1,디지털로57길,1301,642,659,164,166,193,218,240,320,85,83,103,109,117,145,79,83,90,109,123,175
2016_1,디지털로37길,2225,1101,1124,283,284,331,370,411,546,150,142,174,185,200,250,133,142,157,185,211,296
2016_1,도신로62길,1540,782,758,191,255,253,252,251,338,100,130,145,133,125,149,91,125,108,119,126,189
2016_1,도신로60길,796,407,389,98,130,134,128,130,176,52,65,78,68,65,79,46,65,56,60,65,97
2016_1,도신로29길,2033,1022,1011,288,301,399,328,319,398,152,144,209,173,161,183,136,157,190,155,158,215
2016_1,도신로15길,2532,1276,1256,357,375,507,409,390,494,189,179,267,218,196,227,168,196,240,191,194,267
2016_1,도림천로21길,2178,1080,1098,275,278,329,360,402,534,145,139,174,180,198,244,130,139,155,180,204,290
2016_1,도림로63길,1861,927,934,280,232,255,318,342,434,142,121,137,159,171,197,138,111,118,159,171,237
2016_1,도림로147길,1608,797,811,330,185,327,273,208,285,172,88,157,143,104,133,158,97,170,130,104,152
2016_1,도림로112길,3522,1777,1745,503,516,690,569,550,694,265,251,361,302,278,320,238,265,329,267,272,374
2016_1,대림로8길,3307,1669,1638,465,461,454,546,606,775,250,245,251,275,296,352,215,216,203,271,310,423
2016_1,대림로7길,1141,566,575,146,143,172,190,210,280,78,71,91,95,103,128,68,72,81,95,107,152
2016_1,대림로44길,2210,1122,1088,347,306,372,366,393,426,184,158,200,184,198,198,163,148,172,182,195,228
2016_1,대림로34길,2426,1230,1196,380,333,406,402,435,470,201,170,217,203,219,220,179,163,189,199,216,250
2016_1,대림로31길,2534,1281,1253,398,352,427,419,451,487,211,181,226,211,226,226,187,171,201,208,225,261
2016_1,대림로29길,3421,1733,1688,535,475,577,563,612,659,283,246,307,283,307,307,252,229,270,280,305,352
2016_1,대림로22길,3115,1576,1539,436,434,428,516,568,733,236,231,237,262,278,332,200,203,191,254,290,401
2016_1,당산로46길,3732,1768,1964,576,716,810,527,508,595,288,304,399,261,241,275,288,412,411,266,267,320
2016_1,당산로38길,2393,1136,1257,368,460,519,339,327,380,184,195,256,169,155,177,184,265,263,170,172,203
2016_1,당산로37길,1394,662,732,216,269,301,198,188,222,108,115,148,99,89,103,108,154,153,99,99,119
2016_1,당산로31길,847,420,427,119,128,173,131,127,169,59,61,90,70,61,79,60,67,83,61,66,90
2016_1,국회대로56길,2588,1477,1111,245,481,512,377,437,536,133,231,298,244,280,291,112,250,214,133,157,245
2016_1,경인로90길,306,152,154,64,34,63,52,38,55,34,15,30,28,19,26,30,19,33,24,19,29
2016_1,경인로80길,669,334,335,138,78,138,115,82,118,72,38,66,60,41,57,66,40,72,55,41,61
2016_1,경인로77길,1156,574,582,238,133,236,195,150,204,123,63,114,104,75,95,115,70,122,91,75,109
2016_1,가마산로61길,1685,847,838,267,213,254,296,302,353,143,111,132,148,151,162,124,102,122,148,151,191
2016_1,시흥대로94길,4473,2269,2204,672,663,631,779,881,847,346,350,342,390,446,395,326,313,289,389,435,452
2016_1,시흥대로84길,6553,3316,3237,1036,933,992,1110,1217,1265,537,492,527,560,608,592,499,441,465,550,609,673
2016_1,시흥대로68길,2768,1396,1372,464,373,455,456,474,546,242,198,235,232,233,256,222,175,220,224,241,290
2016_1,시흥대로63길,1116,562,554,185,150,184,184,191,222,96,79,95,94,95,103,89,71,89,90,96,119
2016_1,시흥대로62가길,4517,2280,2237,755,611,738,744,777,892,396,323,383,379,381,418,359,288,355,365,396,474
2016_1,시흥대로36길,2374,1195,1179,376,304,351,372,431,540,188,162,188,194,208,255,188,142,163,178,223,285
2016_1,시흥대로22길,2976,1502,1474,471,384,444,464,538,675,237,204,240,241,261,319,234,180,204,223,277,356
2016_1,시흥대로153길,1823,1016,807,180,391,401,260,296,295,90,201,250,156,167,152,90,190,151,104,129,143
2016_1,시흥대로150길,3570,1802,1768,499,504,526,606,706,729,252,258,287,304,359,342,247,246,239,302,347,387
2016_1,시흥대로141길,4610,2429,2181,645,801,900,704,712,848,334,426,522,387,369,391,311,375,378,317,343,457
2016_1,시흥대로138길,795,401,394,110,113,118,131,159,164,55,58,64,66,81,77,55,55,54,65,78,87
2016_1,시흥대로120길,3688,1864,1824,551,513,523,670,719,712,277,266,276,337,373,335,274,247,247,333,346,377
2016_1,벚꽃로56길,1793,996,797,180,383,394,255,291,290,90,196,245,152,164,149,90,187,149,103,127,141
2016_1,범안로17길,1600,844,756,225,279,314,243,245,294,117,149,182,133,127,136,108,130,132,110,118,158
2016_1,범안로11길,933,492,441,132,164,182,141,142,172,68,89,106,77,73,79,64,75,76,64,69,93
2016_1,문성로5길,3926,1989,1937,546,556,578,669,776,801,278,289,316,336,395,375,268,267,262,333,381,426
2016_1,독산로85길,705,357,348,98,99,104,120,140,144,50,52,57,60,71,67,48,47,47,60,69,77
2016_1,독산로78다길,3643,1840,1803,541,510,515,663,710,704,271,266,271,333,367,332,270,244,244,330,343,372
2016_1,독산로70길,2791,1414,1377,415,393,392,506,547,538,209,206,208,254,284,253,206,187,184,252,263,285
2016_1,독산로64길,2480,1258,1222,371,370,351,428,488,472,192,195,190,214,247,220,179,175,161,214,241,252
2016_1,독산로50길,1692,849,843,278,232,239,283,316,344,143,122,125,143,158,158,135,110,114,140,158,186
2016_1,독산로40길,2716,1361,1355,446,375,382,455,505,553,227,197,199,230,252,256,219,178,183,225,253,297
2016_1,독산로108길,2029,1027,1002,285,289,300,346,398,411,144,150,163,175,203,192,141,139,137,171,195,219
2016_1,남부순환로112길,2270,1267,1003,227,485,499,326,365,368,116,250,311,194,206,190,111,235,188,132,159,178
2016_1,금하로24길,5589,2794,2795,905,720,747,950,994,1273,466,379,405,477,507,560,439,341,342,473,487,713
2016_1,금하로1길,2532,1331,1201,354,437,498,385,392,466,182,231,289,211,202,216,172,206,209,174,190,250
2016_1,금하로14길,2324,1171,1153,390,312,381,383,400,458,204,164,197,195,197,214,186,148,184,188,203,244
2016_1,가산로5길,2137,1183,954,219,448,468,309,343,350,110,231,291,183,190,178,109,217,177,126,153,172
2016_1,가산로3길,1189,632,557,160,214,236,179,185,215,83,113,138,100,97,101,77,101,98,79,88,114
2016_1,중앙로1길,822,412,410,149,113,123,132,138,167,77,61,63,66,68,77,72,52,60,66,70,90
2016_1,중앙로15길,1300,653,647,245,170,197,230,214,244,128,88,99,118,108,112,117,82,98,112,106,132
2016_1,우마길,1244,677,567,119,136,154,232,287,316,63,74,89,132,169,150,56,62,65,100,118,166
2016_1,오류로8길,3184,1567,1617,706,377,558,521,444,578,361,188,274,268,210,266,345,189,284,253,234,312
2016_1,신도림로13길,1344,657,687,288,169,265,225,192,205,146,80,126,113,93,99,142,89,139,112,99,106
2016_1,새말로18길,2784,1366,1418,430,464,564,426,419,481,219,211,282,220,208,226,211,253,282,206,211,255
2016_1,부일로1길,765,382,383,143,98,132,124,122,146,77,49,67,63,59,67,66,49,65,61,63,79
2016_1,부일로15길,1598,798,800,300,204,281,256,253,304,160,104,141,131,121,141,140,100,140,125,132,163
2016_1,부일로11길,1458,731,727,271,186,256,235,230,280,145,96,130,120,110,130,126,90,126,115,120,150
2016_1,디지털로32길,2436,1229,1207,351,453,602,379,285,366,177,210,327,211,137,167,174,243,275,168,148,199
2016_1,디지털로32가길,3974,2009,1965,577,737,981,619,463,597,293,343,533,345,223,272,284,394,448,274,240,325
2016_1,디지털로27길,1105,591,514,120,141,170,198,224,252,61,73,96,113,129,119,59,68,74,85,95,133
2016_1,도림로6길,1878,969,909,245,310,400,309,279,335,125,148,220,173,147,156,120,162,180,136,132,179
2016_1,도림로12길,1834,928,906,267,342,453,286,212,274,135,159,246,161,102,125,132,183,207,125,110,149
2016_1,남부순환로97길,1221,602,619,218,151,221,181,192,258,112,76,112,92,87,123,106,75,109,89,105,135
2016_1,구로중앙로8길,3417,1700,1717,472,452,639,549,555,750,247,219,336,290,272,336,225,233,303,259,283,414
2016_1,구로중앙로7길,1041,515,526,145,138,195,168,167,228,76,66,102,88,81,102,69,72,93,80,86,126
2016_1,구로중앙로42길,1882,922,960,401,236,372,318,271,284,203,113,178,161,131,136,198,123,194,157,140,148
2016_1,구로중앙로34길,1955,958,997,302,326,396,300,294,337,154,148,198,155,146,157,148,178,198,145,148,180
2016_1,구로중앙로28길,3929,1927,2002,606,654,794,604,593,678,308,297,398,312,295,317,298,357,396,292,298,361
2016_1,구로중앙로19길,811,410,401,109,104,113,141,151,193,57,52,61,75,77,88,52,52,52,66,74,105
2016_1,구로동로8길,7783,3876,3907,1077,1031,1460,1257,1258,1700,563,502,768,662,617,764,514,529,692,595,641,936
2016_1,구로동로7길,3172,1668,1504,362,380,414,580,660,776,186,199,233,320,368,362,176,181,181,260,292,414
2016_1,구로동로42길,2461,1247,1214,329,322,346,427,452,585,168,161,190,226,233,269,161,161,156,201,219,316
2016_1,구로동로41길,2350,1189,1161,314,307,334,410,430,555,161,154,184,217,220,253,153,153,150,193,210,302
2016_1,구로동로38길,2348,1187,1161,314,305,331,409,431,558,161,153,184,216,219,254,153,152,147,193,212,304
2016_1,구로동로28길,1682,846,836,228,217,273,284,295,385,119,107,147,151,147,175,109,110,126,133,148,210
2016_1,구로동로15길,1279,645,634,171,168,179,223,237,301,87,84,98,119,120,137,84,84,81,104,117,164
2016_1,공원로6가길,1118,548,570,174,186,225,172,169,192,88,85,113,88,84,90,86,101,112,84,85,102
2016_1,고척로52길,3285,1649,1636,602,439,495,557,548,644,313,230,253,283,272,298,289,209,242,274,276,346
2016_1,고척로27다길,5326,2675,2651,1009,700,796,946,871,1004,529,357,403,484,438,464,480,343,393,462,433,540
2016_1,고척로27길,2574,1290,1284,446,335,405,420,438,530,227,172,207,216,219,249,219,163,198,204,219,281
2016_1,고척로21나길,2879,1438,1441,501,370,451,464,495,598,252,186,230,241,246,283,249,184,221,223,249,315
2016_1,경인로47길,977,490,487,180,133,147,156,165,196,93,71,76,78,81,91,87,62,71,78,84,105
2016_1,경인로35길,3811,1911,1900,687,498,585,646,636,759,353,255,298,333,319,353,334,243,287,313,317,406
2016_1,경인로31길,1993,999,994,346,260,312,324,339,412,176,132,160,167,169,195,170,128,152,157,170,217
2016_1,경인로15길,5398,2663,2735,796,834,1038,790,830,1110,394,400,543,416,396,514,402,434,495,374,434,596
2016_1,개봉로3길,2714,1344,1370,485,344,458,445,436,546,250,181,235,223,201,254,235,163,223,222,235,292
2016_1,개봉로2길,2532,1253,1279,452,318,440,400,403,519,233,164,226,202,184,244,219,154,214,198,219,275
2016_1,개봉로23가길,1012,508,504,176,131,157,164,174,210,89,66,80,86,87,100,87,65,77,78,87,110
2016_1,개봉로20길,3154,1551,1603,558,392,574,466,496,668,285,197,292,234,225,318,273,195,282,232,271,350
2016_1,개봉로1길,2361,1167,1194,423,295,400,387,380,476,217,154,206,194,174,222,206,141,194,193,206,254
2016_1,개봉로17다길,4404,2173,2231,784,547,796,650,694,933,402,276,405,329,315,446,382,271,391,321,379,487
2016_1,개봉로17길,6815,3362,3453,1213,844,1235,1008,1072,1443,622,425,630,510,486,689,591,419,605,498,586,754
2016_1,개봉로11길,5263,2609,2654,942,666,889,861,847,1058,484,350,460,433,387,495,458,316,429,428,460,563
2016_1,화곡로64길,4053,1935,2118,629,770,873,616,570,595,341,306,441,298,283,266,288,464,432,318,287,329
2016_1,화곡로59길,2185,1080,1105,356,327,408,336,371,387,190,158,211,168,174,179,166,169,197,168,197,208
2016_1,화곡로44나길,3037,1489,1548,510,447,594,482,485,519,265,215,307,243,225,234,245,232,287,239,260,285
2016_1,화곡로31길,7516,3627,3889,1728,924,1210,1446,1090,1118,849,453,568,706,524,527,879,471,642,740,566,591
2016_1,화곡로20길,2454,1214,1240,402,364,457,392,401,438,205,180,240,193,193,203,197,184,217,199,208,235
2016_1,화곡로13길,3250,1596,1654,560,488,515,514,563,610,288,243,260,248,272,285,272,245,255,266,291,325
2016_1,초원로16길,7456,3672,3784,1573,936,1338,1209,1136,1264,794,458,664,622,545,589,779,478,674,587,591,675
2016_1,초록마을로8길,4874,2382,2492,866,688,1035,818,688,779,438,337,534,420,311,342,428,351,501,398,377,437
2016_1,초록마을로3길,2819,1377,1442,503,402,596,472,396,450,253,197,307,243,179,198,250,205,289,229,217,252
2016_1,월정로20길,1843,916,927,249,292,397,268,296,341,127,142,213,137,137,160,122,150,184,131,159,181
2016_1,우장산로6길,5753,2784,2969,1325,707,922,1106,833,860,650,349,431,543,405,406,675,358,491,563,428,454
2016_1,양천로73가길,2357,1163,1194,556,302,400,456,347,296,287,151,191,226,173,135,269,151,209,230,174,161
2016_1,양천로71길,4310,2129,2181,1019,552,731,834,635,539,527,275,348,414,317,248,492,277,383,420,318,291
2016_1,양천로49길,653,320,333,117,111,124,103,108,90,61,52,62,51,52,42,56,59,62,52,56,48
2016_1,양천로26길,1546,758,788,330,192,278,251,235,260,167,94,137,128,111,121,163,98,141,123,124,139
2016_1,양천로24길,5505,2706,2799,1176,681,990,895,836,927,595,332,489,460,399,431,581,349,501,435,437,496
2016_1,양천로24가길,3549,1748,1801,759,440,637,577,539,597,384,216,315,297,258,278,375,224,322,280,281,319
2016_1,양천로14길,3567,1758,1809,519,520,572,538,605,813,267,252,304,286,293,356,252,268,268,252,312,457
2016_1,방화대로6라길,3862,1973,1889,550,597,698,605,642,770,285,296,382,329,319,362,265,301,316,276,323,408
2016_1,방화대로21길,2547,1291,1256,413,373,457,405,413,486,212,185,245,218,204,227,201,188,212,187,209,259
2016_1,등촌로5길,1480,732,748,234,202,272,240,248,284,121,104,142,120,115,130,113,98,130,120,133,154
2016_1,등촌로55길,3160,1575,1585,554,505,517,494,552,538,304,261,260,233,261,256,250,244,257,261,291,282
2016_1,등촌로51길,2293,1146,1147,401,366,376,362,400,388,219,191,191,170,191,184,182,175,185,192,209,204
2016_1,등촌로39길,3107,1548,1559,544,498,508,488,539,530,298,257,257,228,257,251,246,241,251,260,282,279
2016_1,등촌로13길,3799,1882,1917,605,527,690,619,635,723,317,273,359,308,294,331,288,254,331,311,341,392
2016_1,남부순환로11길,3658,1873,1785,518,566,658,575,610,731,270,280,363,315,303,342,248,286,295,260,307,389
2016_1,까치산로4길,4104,2006,2098,730,581,867,692,581,653,370,284,447,355,263,287,360,297,420,337,318,366
2016_1,국회대로7길,2591,1278,1313,439,341,488,436,411,476,226,173,253,219,189,218,213,168,235,217,222,258
2016_1,공항대로8길,3559,1821,1738,508,547,645,554,594,711,264,271,354,303,296,333,244,276,291,251,298,378
2016_1,공항대로61길,2622,1282,1340,558,383,480,475,381,345,291,177,233,235,189,157,267,206,247,240,192,188
2016_1,공항대로59다길,3774,1863,1911,893,484,639,733,552,473,461,241,303,365,276,217,432,243,336,368,276,256
2016_1,공항대로59길,3037,1449,1588,469,578,654,463,424,449,254,230,330,224,211,200,215,348,324,239,213,249
2016_1,공항대로55길,2663,1273,1390,413,510,574,401,374,391,225,204,289,194,186,175,188,306,285,207,188,216
2016_1,공항대로42길,1368,660,708,314,167,220,265,199,203,154,81,102,129,97,97,160,86,118,136,102,106
2016_1,공항대로38길,298,145,153,69,36,49,57,43,44,34,18,23,28,21,21,35,18,26,29,22,23
2016_1,곰달래로60길,2083,1031,1052,332,285,380,338,347,401,173,148,197,169,161,183,159,137,183,169,186,218
2016_1,곰달래로53길,3600,1781,1819,573,490,657,587,602,691,298,255,341,294,277,316,275,235,316,293,325,375
2016_1,곰달래로47길,3807,1869,1938,668,494,734,657,584,670,340,246,381,329,267,306,328,248,353,328,317,364
2016_1,곰달래로31길,3046,1487,1559,530,395,615,509,451,546,268,194,317,256,204,248,262,201,298,253,247,298
2016_1,곰달래로25길,2723,1328,1395,443,358,567,433,404,518,225,176,291,219,182,235,218,182,276,214,222,283
2016_1,개화동로25길,2803,1383,1420,406,410,451,424,472,640,209,198,240,226,230,280,197,212,211,198,242,360
2016_1,개화동로23길,4767,2349,2418,694,698,764,719,806,1086,356,339,407,381,391,475,338,359,357,338,415,611
2016_1,강서로8길,3495,1710,1785,588,457,713,572,520,645,300,224,369,289,234,294,288,233,344,283,286,351
2016_1,강서로5라길,3520,1721,1799,644,447,689,623,518,599,326,219,356,312,234,274,318,228,333,311,284,325
2016_1,강서로5나길,1850,920,930,251,291,398,270,295,345,131,143,212,137,137,160,120,148,186,133,158,185
2016_1,강서로5가길,1485,737,748,202,234,320,218,236,275,104,114,171,111,111,126,98,120,149,107,125,149
2016_1,강서로47라길,4036,1930,2106,1055,478,613,796,550,544,520,239,285,390,264,232,535,239,328,406,286,312
2016_1,강서로47길,3015,1441,1574,789,356,461,591,411,407,387,178,216,290,195,175,402,178,245,301,216,232
2016_1,강서로45다길,3299,1601,1698,525,516,519,484,585,670,268,253,257,231,276,316,257,263,262,253,309,354
2016_1,강서로45길,875,423,452,170,127,136,144,139,159,85,63,67,70,65,73,85,64,69,74,74,86
2016_1,강서로35길,6061,2939,3122,961,950,954,894,1070,1232,492,465,469,428,505,580,469,485,485,466,565,652
2016_1,강서로29길,2363,1170,1193,319,374,510,340,379,441,163,181,271,175,174,206,156,193,239,165,205,235
2016_1,강서로18길,7178,3495,3683,1185,940,1474,1158,1066,1355,602,462,757,582,476,616,583,478,717,576,590,739
2016_1,강서로17가길,3259,1614,1645,444,514,704,473,518,606,227,249,376,241,240,281,217,265,328,232,278,325
2016_1,강서로15길,4851,2399,2452,658,764,1049,706,772,902,333,371,558,360,359,418,325,393,491,346,413,484
2016_1,가로공원로80길,3131,1549,1582,425,493,677,456,498,582,216,240,362,231,230,270,209,253,315,225,268,312
2016_1,가로공원로76가길,3894,1931,1963,530,614,840,567,620,723,270,299,448,289,289,336,260,315,392,278,331,387
2016_1,화곡로4길,1540,762,778,290,221,244,261,261,263,149,112,125,125,130,121,141,109,119,136,131,142
2016_1,화곡로3길,2607,1287,1320,491,370,416,444,438,448,254,187,213,213,215,205,237,183,203,231,223,243
2016_1,지양로7길,3943,1949,1994,675,508,651,623,673,813,340,267,346,318,318,360,335,241,305,305,355,453
2016_1,중앙로55길,3157,1568,1589,568,418,534,494,535,608,295,217,272,250,254,280,273,201,262,244,281,328
2016_1,중앙로51길,3253,1617,1636,586,428,552,511,553,623,303,221,283,258,264,288,283,207,269,253,289,335
2016_1,중앙로47길,8812,4374,4438,1927,1096,1308,1675,1381,1425,1007,572,646,826,683,640,920,524,662,849,698,785
2016_1,중앙로45길,4696,2330,2366,1027,586,698,893,731,761,536,307,346,440,360,341,491,279,352,453,371,420
2016_1,중앙로36길,728,357,371,183,92,73,150,119,111,94,47,32,70,62,52,89,45,41,80,57,59
2016_1,중앙로32길,607,299,308,155,74,65,128,95,90,80,37,29,61,49,43,75,37,36,67,46,47
2016_1,중앙로25길,3587,1778,1809,785,446,536,681,559,580,410,233,264,336,275,260,375,213,272,345,284,320
2016_1,은행정로7길,3608,1774,1834,568,512,678,569,588,693,288,246,353,280,280,327,280,266,325,289,308,366
2016_1,은행정로5길,595,291,304,148,76,61,125,95,90,76,39,26,59,49,42,72,37,35,66,46,48
2016_1,오목로5길,2709,1334,1375,563,320,477,437,421,491,287,162,235,218,202,230,276,158,242,219,219,261
2016_1,오목로3길,3838,1892,1946,801,455,677,613,593,699,408,228,334,306,287,329,393,227,343,307,306,370
2016_1,오목로30길,4119,2025,2094,648,584,771,648,674,794,328,278,403,319,320,377,320,306,368,329,354,417
2016_1,오목로23길,5416,2665,2751,855,768,1016,854,880,1043,435,367,531,418,419,495,420,401,485,436,461,548
2016_1,신월로20길,1881,954,927,313,258,260,302,357,391,166,138,139,155,172,184,147,120,121,147,185,207
2016_1,신월로15길,5466,2691,2775,1136,645,963,875,851,996,579,325,472,436,412,467,557,320,491,439,439,529
2016_1,신목로6길,3499,1727,1772,833,477,362,726,611,490,436,240,165,338,320,228,397,237,197,388,291,262
2016_1,신목로5길,2085,1033,1052,486,289,211,426,371,302,257,146,96,198,196,140,229,143,115,228,175,162
2016_1,신목로2길,2510,1239,1271,589,350,251,513,446,361,311,177,114,236,234,167,278,173,137,277,212,194
2016_1,목동중앙서로8가길,1818,901,917,429,256,216,381,290,246,232,136,103,172,149,109,197,120,113,209,141,137
2016_1,목동중앙서로7길,4376,2173,2203,1026,614,524,918,704,590,559,325,251,416,360,262,467,289,273,502,344,328
2016_1,목동중앙북로8길,2357,1152,1205,379,376,414,370,406,412,204,191,210,174,187,186,175,185,204,196,219,226
2016_1,목동중앙북로16길,4074,1997,2077,727,655,733,660,676,623,382,327,370,309,331,278,345,328,363,351,345,345
2016_1,목동중앙본로7길,2429,1196,1233,482,362,357,448,405,375,260,188,178,205,197,168,222,174,179,243,208,207
2016_1,목동중앙로3길,2245,1114,1131,526,316,266,474,361,302,287,168,128,214,184,133,239,148,138,260,177,169
2016_1,목동중앙로13나길,1243,611,632,220,202,224,203,205,189,116,101,113,95,101,85,104,101,111,108,104,104
2016_1,목동중앙남로3가길,2283,1126,1157,465,339,326,429,378,346,252,177,162,195,186,154,213,162,164,234,192,192
2016_1,목동로9길,3050,1503,1547,479,432,573,481,495,590,243,207,301,236,236,280,236,225,272,245,259,310
2016_1,목동로19길,2398,1178,1220,378,341,451,376,391,461,192,164,235,183,185,219,186,177,216,193,206,242
2016_1,목동동로8길,1151,566,585,280,157,121,238,199,156,148,79,54,108,104,73,132,78,67,130,95,83
2016_1,목동동로12길,2936,1418,1518,785,354,354,657,440,346,398,167,152,308,229,164,387,187,202,349,211,182
2016_1,목동남로4길,1216,597,619,247,168,139,231,215,216,131,87,68,110,107,94,116,81,71,121,108,122
2016_1,남부순환로88길,602,297,305,132,75,90,114,94,97,69,39,44,56,46,43,63,36,46,58,48,54
2016_1,남부순환로79길,2294,1168,1126,377,315,302,375,441,484,200,172,162,192,212,230,177,143,140,183,229,254
2016_1,남부순환로70길,4782,2371,2411,816,612,790,763,818,983,410,320,422,391,391,437,406,292,368,372,427,546
2016_1,남부순환로58길,1802,944,858,295,265,272,300,324,346,153,143,150,166,173,159,142,122,122,134,151,187
2016_1,남부순환로40길,3292,1721,1571,540,483,496,550,592,631,279,261,271,303,318,289,261,222,225,247,274,342
2016_1,남부순환로33길,4031,2000,2031,761,574,641,686,680,689,390,293,331,331,338,317,371,281,310,355,342,372
2016_1,곰달래로5길,3643,1880,1763,560,486,569,603,686,739,287,253,316,316,358,350,273,233,253,287,328,389
2016_1,곰달래로3길,3344,1726,1618,515,446,523,554,628,678,263,233,290,290,328,322,252,213,233,264,300,356
2016_1,곰달래로2길,3738,1929,1809,574,499,584,616,706,759,294,262,322,322,369,360,280,237,262,294,337,399
2016_1,곰달래로10길,3842,1985,1857,591,514,600,636,724,777,303,269,333,333,380,367,288,245,267,303,344,410
2016_1,가로공원로58길,3393,1777,1616,557,495,517,563,611,650,288,269,283,312,327,298,269,226,234,251,284,352
2016_1,효창원로93길,3742,1810,1932,595,552,640,645,591,719,306,265,320,319,291,309,289,287,320,326,300,410
2016_1,토정로37길,1481,707,774,306,170,284,287,199,235,154,80,132,146,96,99,152,90,152,141,103,136
2016_1,월드컵로8길,1798,833,965,202,372,417,284,220,303,100,158,196,138,106,135,102,214,221,146,114,168
2016_1,월드컵로7길,2356,1127,1229,360,422,517,333,315,409,188,188,257,170,147,177,172,234,260,163,168,232
2016_1,월드컵로36길,3698,1785,1913,743,470,618,696,514,657,386,228,303,342,255,271,357,242,315,354,259,386
2016_1,월드컵로25길,3250,1566,1684,595,435,588,589,455,588,300,208,286,295,216,261,295,227,302,294,239,327
2016_1,월드컵로19길,2106,1017,1089,316,311,416,360,303,400,164,147,204,185,143,174,152,164,212,175,160,226
2016_1,월드컵로16길,2397,1114,1283,283,477,542,388,296,411,142,205,256,188,141,182,141,272,286,200,155,229
2016_1,월드컵로11길,2571,1244,1327,387,377,510,439,373,485,200,179,251,226,177,211,187,198,259,213,196,274
2016_1,월드컵로10길,1850,855,995,207,384,425,291,226,317,103,163,200,141,108,140,104,221,225,150,118,177
2016_1,와우산로3길,2486,1188,1298,413,450,484,412,351,376,209,217,223,204,172,163,204,233,261,208,179,213
2016_1,와우산로29길,997,462,535,114,206,230,157,121,169,57,87,108,76,58,76,57,119,122,81,63,93
2016_1,와우산로29가길,681,316,365,78,143,156,108,82,114,39,62,73,52,40,50,39,81,83,56,42,64
2016_1,양화진길,1603,770,833,246,284,354,227,215,277,128,128,176,117,100,121,118,156,178,110,115,156
2016_1,양화로1길,2953,1414,1539,451,528,650,413,395,516,235,235,323,214,183,224,216,293,327,199,212,292
2016_1,양화로11길,770,358,412,88,161,178,121,92,130,44,69,84,59,44,58,44,92,94,62,48,72
2016_1,신촌로30길,793,383,410,131,112,160,126,129,135,64,53,80,63,64,59,67,59,80,63,65,76
2016_1,신촌로28가길,1839,883,956,305,263,373,286,299,313,147,123,186,144,146,137,158,140,187,142,153,176
2016_1,신촌로12길,1596,746,850,214,312,347,258,205,260,107,140,161,126,99,113,107,172,186,132,106,147
2016_1,숭문길,2245,1103,1142,317,362,363,386,349,468,160,178,188,198,177,202,157,184,175,188,172,266
2016_1,숭문8길,2192,1078,1114,324,330,346,385,346,461,164,167,180,195,175,197,160,163,166,190,171,264
2016_1,성지3길,1413,677,736,217,252,308,200,190,246,112,112,154,103,90,106,105,140,154,97,100,140
2016_1,성산로4길,3050,1454,1596,487,448,573,549,440,553,250,215,277,263,206,243,237,233,296,286,234,310
2016_1,성미산로32길,1342,629,713,166,245,286,211,182,252,84,110,138,107,82,108,82,135,148,104,100,144
2016_1,성미산로1길,3251,1550,1701,518,478,608,588,469,590,266,230,294,282,219,259,252,248,314,306,250,331
2016_1,성미산로11길,3783,1800,1983,580,578,730,665,539,691,297,275,354,322,251,301,283,303,376,343,288,390
2016_1,백범로16길,1047,516,531,130,206,174,170,158,209,68,98,89,89,82,90,62,108,85,81,76,119
2016_1,방울내로9안길,5037,2426,2611,922,670,915,913,706,911,465,319,444,457,337,404,457,351,471,456,369,507
2016_1,모래내로7길,3065,1478,1587,614,391,517,576,424,543,318,190,253,284,208,225,296,201,264,292,216,318
2016_1,매봉산로2길,5572,2715,2857,1410,637,885,1142,688,810,723,309,406,582,340,355,687,328,479,560,348,455
2016_1,망원로2길,4413,2133,2280,667,647,879,750,636,834,344,305,434,387,302,361,323,342,445,363,334,473
2016_1,망원로11길,1666,802,864,305,224,301,302,233,301,154,107,145,151,111,134,151,117,156,151,122,167
2016_1,만리재옛길,3118,1501,1617,475,469,545,530,503,596,240,220,274,264,248,255,235,249,271,266,255,341
2016_1,마포대로4길,1196,573,623,196,166,210,196,188,240,102,78,102,97,90,104,94,88,108,99,98,136
2016_1,마포대로20길,1324,637,687,204,200,226,223,215,256,103,94,114,111,106,109,101,106,112,112,109,147
2016_1,마포대로12길,1518,730,788,252,214,304,241,249,258,122,100,152,121,122,113,130,114,152,120,127,145
2016_1,동교로38길,2128,1001,1127,256,397,457,336,287,395,132,178,219,169,132,171,124,219,238,167,155,224
2016_1,동교로27길,2860,1342,1518,349,532,617,450,386,526,178,237,296,227,177,227,171,295,321,223,209,299
2016_1,동교로25길,1520,714,806,185,283,328,239,205,280,95,126,158,119,95,121,90,157,170,120,110,159
2016_1,동교로19길,1884,881,1003,243,352,408,311,242,328,123,155,194,149,115,145,120,197,214,162,127,183
2016_1,동교로17길,1714,796,918,201,348,392,272,211,290,101,150,184,131,102,128,100,198,208,141,109,162
2016_1,독막로8길,1605,768,837,248,285,352,226,214,280,128,127,175,115,101,122,120,158,177,111,113,158
2016_1,독막로32길,2942,1448,1494,537,411,527,521,415,531,279,214,262,259,202,232,258,197,265,262,213,299
2016_1,독막로22길,826,395,431,138,151,161,137,115,124,70,73,74,68,56,54,68,78,87,69,59,70
2016_1,도화길,982,469,513,162,138,173,158,152,199,83,65,83,79,73,86,79,73,90,79,79,113
2016_1,도화4길,4028,1933,2095,667,563,704,654,627,813,347,266,343,325,301,351,320,297,361,329,326,462
2016_1,대흥로28길,2394,1170,1224,342,379,385,414,373,501,172,188,197,210,189,214,170,191,188,204,184,287
2016_1,대흥로21길,5108,2507,2601,562,1181,885,766,719,995,291,545,456,410,375,430,271,636,429,356,344,565
2016_1,광성로6길,1789,884,905,307,274,317,307,255,329,161,140,158,154,126,145,146,134,159,153,129,184
2016_1,홍제내길,3240,1541,1699,540,415,502,563,515,705,267,211,251,268,240,304,273,204,251,295,275,401
2016_1,홍연길,1379,672,707,199,257,223,223,201,276,104,132,111,110,94,121,95,125,112,113,107,155
2016_1,통일로39길,1460,695,765,241,190,229,253,229,318,119,97,115,121,106,137,122,93,114,132,123,181
2016_1,통일로37길,1362,650,712,228,174,211,238,215,296,113,89,106,114,99,129,115,85,105,124,116,167
2016_1,통일로11길,373,181,192,69,46,59,65,56,78,36,24,28,33,28,32,33,22,31,32,28,46
2016_1,충정로6길,504,248,256,70,76,77,83,87,111,35,38,39,43,44,49,35,38,38,40,43,62
2016_1,충정로4길,162,80,82,23,24,24,26,28,37,12,12,12,14,14,16,11,12,12,12,14,21
2016_1,증가로6길,3993,1952,2041,664,581,549,696,655,848,338,296,284,345,314,375,326,285,265,351,341,473
2016_1,증가로23나길,5311,2606,2705,898,743,821,909,853,1087,462,382,411,459,408,484,436,361,410,450,445,603
2016_1,증가로20가길,3690,1816,1874,618,517,559,632,589,775,318,266,283,319,286,344,300,251,276,313,303,431
2016_1,증가로10길,3723,1831,1892,615,531,517,650,602,808,317,273,270,323,294,354,298,258,247,327,308,454
2016_1,응암로1길,3389,1663,1726,575,473,520,582,542,697,294,244,260,294,260,311,281,229,260,288,282,386
2016_1,연희로10길,2384,1156,1228,344,447,382,384,348,479,177,229,189,187,165,209,167,218,193,197,183,270
2016_1,신촌로37길,903,438,465,133,138,148,156,146,182,64,69,78,78,72,77,69,69,70,78,74,105
2016_1,수색로8길,4268,2078,2190,857,511,703,767,643,787,442,254,335,386,314,347,415,257,368,381,329,440
2016_1,세무서길,4345,2126,2219,676,563,587,739,718,1062,343,285,313,371,359,455,333,278,274,368,359,607
2016_1,세무서2길,2680,1292,1388,436,362,376,447,467,592,224,181,189,219,225,254,212,181,187,228,242,338
2016_1,세검정로1길,1014,500,514,168,131,129,171,179,236,84,69,67,86,90,104,84,62,62,85,89,132
2016_1,북아현로4길,3781,1837,1944,553,571,620,653,617,767,267,288,328,328,305,321,286,283,292,325,312,446
2016_1,모래내로15길,2836,1401,1435,462,403,399,489,448,635,239,208,211,244,223,276,223,195,188,245,225,359
2016_1,명지대길,2545,1249,1296,417,361,353,444,413,557,214,187,183,219,203,243,203,174,170,225,210,314
2016_1,독립문로8길,4046,1966,2080,725,513,621,706,631,850,371,267,299,362,314,353,354,246,322,344,317,497
2016_1,가재울로6길,2811,1389,1422,459,397,396,488,445,626,239,206,208,243,222,271,220,191,188,245,223,355
2016_1,통일로92길,4129,2035,2094,594,580,621,665,720,949,311,301,331,333,335,424,283,279,290,332,385,525
2016_1,통일로87길,1725,846,879,272,254,255,289,294,361,146,130,131,139,139,161,126,124,124,150,155,200
2016_1,통일로78길,3334,1648,1686,479,470,500,536,580,769,251,245,267,268,272,345,228,225,233,268,308,424
2016_1,통일로69길,1555,740,815,233,234,273,257,235,323,114,108,138,127,112,141,119,126,135,130,123,182
2016_1,진흥로1길,3820,1841,1979,680,503,663,657,585,732,344,247,330,326,271,323,336,256,333,331,314,409
2016_1,진흥로12길,6638,3215,3423,1030,869,1118,1108,1079,1434,529,431,563,555,513,624,501,438,555,553,566,810
2016_1,증산서길,2641,1318,1323,431,347,407,440,434,582,224,182,209,222,210,271,207,165,198,218,224,311
2016_1,증산로9길,3049,1521,1528,501,399,472,506,504,667,260,209,242,254,244,312,241,190,230,252,260,355
2016_1,증산로5길,2475,1239,1236,408,324,381,410,412,540,212,170,198,207,200,252,196,154,183,203,212,288
2016_1,증산로21길,5675,2773,2902,977,774,951,951,925,1097,509,393,483,462,438,488,468,381,468,489,487,609
2016_1,증산로17길,1556,782,774,278,204,234,268,258,314,151,107,121,134,126,143,127,97,113,134,132,171
2016_1,증산로15길,2141,1074,1067,373,284,325,364,355,440,198,150,167,182,175,202,175,134,158,182,180,238
2016_1,증산로13길,2387,1191,1196,394,319,367,397,392,518,207,167,188,202,188,239,187,152,179,195,204,279
2016_1,응암로34길,4316,2096,2220,827,518,737,770,634,830,435,255,359,387,304,356,392,263,378,383,330,474
2016_1,응암로22길,3459,1704,1755,646,405,571,619,523,695,342,209,285,316,252,300,304,196,286,303,271,395
2016_1,응암로14길,1855,908,947,272,252,275,304,315,437,141,130,142,155,153,187,131,122,133,149,162,250
2016_1,응암로13길,1387,681,706,204,189,206,230,233,325,106,98,106,118,114,139,98,91,100,112,119,186
2016_1,응암로12길,1232,604,628,181,167,182,204,208,290,94,87,94,104,101,124,87,80,88,100,107,166
2016_1,은평로8길,2263,1086,1177,410,292,381,384,346,450,213,140,187,189,164,193,197,152,194,195,182,257
2016_1,은평로3길,2395,1164,1231,419,322,410,406,379,459,215,162,207,198,179,203,204,160,203,208,200,256
2016_1,은평로20길,1922,924,998,353,247,325,332,289,376,183,119,159,166,136,161,170,128,166,166,153,215
2016_1,은평로13길,3018,1457,1561,495,392,509,507,479,636,254,192,254,253,228,276,241,200,255,254,251,360
2016_1,은평로10길,3018,1451,1567,556,385,514,518,452,593,289,185,252,257,214,254,267,200,262,261,238,339
2016_1,연서로5길,2823,1360,1463,501,372,491,485,435,539,255,182,245,239,202,237,246,190,246,246,233,302
2016_1,연서로41길,2636,1296,1340,382,372,394,421,459,608,198,194,209,211,212,272,184,178,185,210,247,336
2016_1,연서로3길,3599,1735,1864,640,475,623,617,553,691,324,233,310,305,258,305,316,242,313,312,295,386
2016_1,연서로34길,1958,967,991,279,274,294,317,342,452,146,143,157,159,160,202,133,131,137,158,182,250
2016_1,연서로33길,1451,715,736,209,205,219,234,250,334,108,106,117,117,117,150,101,99,102,117,133,184
2016_1,연서로29길,1166,577,589,182,173,175,195,198,243,98,90,92,94,94,109,84,83,83,101,104,134
2016_1,연서로28길,4089,1949,2140,612,611,724,669,622,851,301,281,366,334,295,372,311,330,358,335,327,479
2016_1,연서로27길,2863,1379,1484,529,396,464,505,445,524,265,193,241,241,212,227,264,203,223,264,233,297
2016_1,연서로21길,4289,2064,2225,794,593,692,757,666,787,400,289,360,360,314,341,394,304,332,397,352,446
2016_1,연서로17길,1949,936,1013,361,270,314,342,304,358,181,132,162,162,144,155,180,138,152,180,160,203
2016_1,연서로16길,5208,2506,2702,923,688,907,894,798,998,465,337,453,441,371,439,458,351,454,453,427,559
2016_1,연서로13길,4474,2268,2206,805,574,638,774,742,941,396,288,329,395,382,478,409,286,309,379,360,463
2016_1,연서로11길,3539,1765,1774,634,457,543,612,572,721,314,227,278,309,286,351,320,230,265,303,286,370
2016_1,역말로9길,5371,2559,2812,804,804,948,885,814,1116,394,371,480,441,387,486,410,433,468,444,427,630
2016_1,수색로18길,1992,1006,986,289,259,289,312,364,479,153,140,153,167,185,208,136,119,136,145,179,271
2016_1,서오릉로8길,2841,1356,1485,425,426,500,470,429,591,208,197,254,235,204,258,217,229,246,235,225,333
2016_1,서오릉로21길,4217,2139,2078,762,538,603,730,699,885,375,269,312,373,360,450,387,269,291,357,339,435
2016_1,불광천길,3753,1845,1908,558,511,563,613,629,879,292,266,292,313,306,376,266,245,271,300,323,503
2016_1,갈현로7길,2956,1435,1521,523,389,500,509,460,575,264,193,250,252,217,259,259,196,250,257,243,316
2016_1,갈현로41길,3333,1641,1692,526,493,494,555,569,696,279,256,257,269,269,311,247,237,237,286,300,385
2016_1,갈현로33길,3760,1824,1936,641,538,583,645,613,740,330,269,301,308,291,325,311,269,282,337,322,415
2016_1,갈현로1길,2219,1083,1136,383,301,374,371,362,428,198,153,189,180,172,191,185,148,185,191,190,237
2016_1,가좌로7길,2804,1382,1422,421,381,419,462,470,651,222,196,219,237,229,279,199,185,200,225,241,372
2016_1,한글비석로44길,4622,2257,2365,788,643,595,811,785,1000,405,332,310,391,382,437,383,311,285,420,403,563
2016_1,한글비석로24길,3952,1937,2015,670,549,512,693,669,859,346,286,266,336,327,376,324,263,246,357,342,483
2016_1,한글비석로22길,2323,1138,1185,479,298,273,443,376,454,254,159,136,216,184,189,225,139,137,227,192,265
2016_1,석계로1길,1464,756,708,245,236,227,220,230,306,132,138,116,114,113,143,113,98,111,106,117,163
2016_1,상계로9가길,3240,1593,1647,561,491,420,565,567,636,288,250,215,272,279,289,273,241,205,293,288,347
2016_1,상계로1길,1078,532,546,188,170,136,187,199,198,97,85,69,89,98,94,91,85,67,98,101,104
2016_1,상계로12길,3797,1875,1922,656,608,483,663,696,691,338,304,245,316,344,328,318,304,238,347,352,363
2016_1,동일로242길,2760,1351,1409,499,389,392,458,493,529,258,198,194,221,236,244,241,191,198,237,257,285
2016_1,동일로192길,2969,1452,1517,484,499,504,454,476,552,244,249,260,230,220,249,240,250,244,224,256,303
2016_1,동일로173가길,3579,1751,1828,581,599,608,545,581,665,295,299,313,277,268,299,286,300,295,268,313,366
2016_1,공릉로58길,2432,1178,1254,493,409,247,443,430,410,272,222,123,199,207,155,221,187,124,244,223,255
2016_1,해등로16길,797,390,407,144,118,120,125,142,148,74,59,60,60,67,70,70,59,60,65,75,78
2016_1,우이천로4다길,2181,1095,1086,371,282,306,380,373,469,195,147,163,191,187,212,176,135,143,189,186,257
2016_1,우이천로32길,2741,1338,1403,469,362,370,456,475,609,237,182,190,227,225,277,232,180,180,229,250,332
2016_1,시루봉로23길,3390,1724,1666,440,433,448,514,620,935,226,227,251,266,315,439,214,206,197,248,305,496
2016_1,삼양로144길,1504,737,767,252,196,203,249,260,344,129,99,104,124,124,157,123,97,99,125,136,187
2016_1,방학로6가길,2178,1086,1092,353,309,294,365,408,449,183,159,153,182,200,209,170,150,141,183,208,240
2016_1,방학로5길,3695,1799,1896,616,510,568,608,612,781,327,259,295,294,283,341,289,251,273,314,329,440
2016_1,방학로15길,3404,1667,1737,682,479,422,582,623,616,365,254,202,275,293,278,317,225,220,307,330,338
2016_1,방학로10길,2040,1041,999,332,272,267,354,362,453,175,149,148,181,181,207,157,123,119,173,181,246
2016_1,도봉산길,1743,888,855,226,224,231,263,316,483,117,118,128,136,161,228,109,106,103,127,155,255
2016_1,도봉산4길,413,210,203,53,54,56,64,74,112,27,29,31,33,37,53,26,25,25,31,37,59
2016_1,도봉로181길,1918,974,944,248,247,254,290,349,530,128,130,142,150,175,249,120,117,112,140,174,281
2016_1,도봉로169나길,2209,1124,1085,283,286,294,334,403,609,146,149,164,174,204,287,137,137,130,160,199,322
2016_1,도봉로156길,2196,1083,1113,344,264,334,323,385,546,176,137,169,167,179,255,168,127,165,156,206,291
2016_1,도봉로152가길,1152,571,581,182,137,174,169,203,287,94,71,88,88,96,134,88,66,86,81,107,153
2016_1,도봉로147길,4872,2433,2439,787,696,659,817,911,1002,409,358,345,408,447,466,378,338,314,409,464,536
2016_1,도봉로143길,1832,915,917,295,264,246,308,342,377,154,137,128,154,166,176,141,127,118,154,176,201
2016_1,도봉로114길,6901,3349,3552,1308,853,1076,1253,1111,1300,667,431,544,600,529,578,641,422,532,653,582,722
2016_1,도봉로109길,2048,1007,1041,306,287,337,326,340,452,160,143,175,165,159,205,146,144,162,161,181,247
2016_1,도당로29길,2832,1414,1418,445,397,385,466,526,613,229,206,202,234,258,285,216,191,183,232,268,328
2016_1,도당로19길,4003,2018,1985,629,550,532,671,730,891,330,294,285,339,360,410,299,256,247,332,370,481
2016_1,도당로13바길,3067,1558,1509,496,409,402,531,545,684,261,226,221,271,270,309,235,183,181,260,275,375
2016_1,도당로13가길,1356,685,671,220,182,177,234,242,301,115,100,95,120,120,135,105,82,82,114,122,166
2016_1,덕릉로60길,2097,1053,1044,357,271,294,366,360,449,187,141,158,183,181,203,170,130,136,183,179,246
2016_1,노해로63다길,1855,904,951,330,270,282,294,336,343,171,135,141,138,157,162,159,135,141,156,179,181
2016_1,노해로60길,2270,1107,1163,340,318,371,364,376,501,176,156,190,184,174,227,164,162,181,180,202,274
2016_1,한천로140길,1801,899,902,218,283,297,287,308,408,113,141,161,146,151,187,105,142,136,141,157,221
2016_1,한천로139가길,1525,765,760,183,238,253,244,260,347,95,119,139,125,128,159,88,119,114,119,132,188
2016_1,한천로132길,1773,879,894,241,268,294,297,294,379,127,127,150,160,145,170,114,141,144,137,149,209
2016_1,한천로130길,3382,1676,1706,465,512,564,569,552,720,242,243,290,304,274,323,223,269,274,265,278,397
2016_1,한천로124나길,1790,891,899,245,273,295,305,290,382,130,132,153,164,142,170,115,141,142,141,148,212
2016_1,한천로109길,1771,848,923,294,202,252,288,265,470,149,101,133,148,127,190,145,101,119,140,138,280
2016_1,인수봉로79길,3081,1504,1577,472,396,434,491,529,759,241,199,229,247,252,336,231,197,205,244,277,423
2016_1,인수봉로72길,3718,1819,1899,572,479,524,591,640,912,294,242,277,297,304,405,278,237,247,294,336,507
2016_1,인수봉로56길,2044,1000,1044,313,264,290,326,350,501,159,135,154,163,166,223,154,129,136,163,184,278
2016_1,오패산로67길,2216,1097,1119,305,335,368,373,362,473,159,159,189,198,180,212,146,176,179,175,182,261
2016_1,오패산로52길,2670,1303,1367,375,374,396,436,465,624,195,185,209,218,224,272,180,189,187,218,241,352
2016_1,오패산로30길,893,434,459,125,123,132,144,155,214,64,61,70,72,72,95,61,62,62,72,83,119
2016_1,수유로12길,2482,1240,1242,370,351,367,396,431,567,191,179,201,203,209,257,179,172,166,193,222,310
2016_1,솔샘로65길,2567,1285,1282,345,335,362,425,475,625,175,171,198,220,237,284,170,164,164,205,238,341
2016_1,솔매로50길,2216,1083,1133,304,326,330,359,390,507,158,157,175,181,187,225,146,169,155,178,203,282
2016_1,솔매로45길,2041,995,1046,274,316,310,329,362,450,141,151,164,165,176,198,133,165,146,164,186,252
2016_1,솔매로41길,3605,1763,1842,505,538,545,588,637,792,261,261,286,296,310,349,244,277,259,292,327,443
2016_1,삼양로93길,2869,1401,1468,438,371,405,453,495,707,223,189,215,227,235,312,215,182,190,226,260,395
2016_1,삼양로77길,3291,1647,1644,492,459,488,523,572,757,254,236,267,269,278,343,238,223,221,254,294,414
2016_1,삼양로54길,3827,1895,1932,517,530,550,632,698,900,261,266,296,322,345,405,256,264,254,310,353,495
2016_1,삼양로41길,5115,2556,2559,876,642,753,875,868,1101,455,340,392,443,432,494,421,302,361,432,436,607
2016_1,삼양로27길,568,276,292,143,56,89,120,76,84,73,29,41,60,37,36,70,27,48,60,39,48
2016_1,삼양로24길,2367,1182,1185,318,309,333,394,437,576,161,158,181,202,218,262,157,151,152,192,219,314
2016_1,삼양로20길,2210,1103,1107,297,289,313,367,408,536,151,146,170,188,204,244,146,143,143,179,204,292
2016_1,삼각산로28길,3645,1820,1825,435,575,603,580,626,826,227,286,328,294,309,376,208,289,275,286,317,450
2016_1,도봉로99길,2412,1203,1209,290,379,398,385,414,546,149,189,217,196,204,248,141,190,181,189,210,298
2016_1,도봉로8길,201,100,101,28,26,29,34,36,48,15,13,16,17,17,22,13,13,13,17,19,26
2016_1,도봉로76길,3502,1706,1796,468,541,531,562,626,774,243,259,279,282,304,339,225,282,252,280,322,435
2016_1,도봉로67길,1647,813,834,246,233,247,273,289,359,127,116,130,139,142,159,119,117,117,134,147,200
2016_1,도봉로45길,3416,1677,1739,458,507,509,551,617,774,237,246,270,278,303,343,221,261,239,273,314,431
2016_1,도봉로18길,3088,1504,1584,432,427,457,505,537,730,220,211,242,253,253,325,212,216,215,252,284,405
2016_1,도봉로13길,1497,748,749,205,197,208,244,278,365,104,102,113,125,139,165,101,95,95,119,139,200
2016_1,덕릉로41길,2419,1200,1219,333,367,401,407,394,517,174,176,207,217,195,231,159,191,194,190,199,286
2016_1,덕릉로40길,2536,1243,1293,381,320,367,412,423,633,199,167,196,208,207,266,182,153,171,204,216,367
2016_1,노해로33길,2826,1392,1434,429,369,398,460,480,690,225,194,208,227,233,305,204,175,190,233,247,385
2016_1,노해로23길,1355,668,687,203,180,189,221,231,331,107,95,99,110,111,146,96,85,90,111,120,185
2016_1,노해로17길,2561,1282,1279,308,406,423,409,439,576,161,203,231,208,216,263,147,203,192,201,223,313
2016_1,화랑로40길,1394,699,695,210,193,216,226,243,306,112,98,112,117,118,142,98,95,104,109,125,164
2016_1,화랑로32길,3794,1908,1886,578,527,588,612,661,828,308,270,307,315,321,387,270,257,281,297,340,441
2016_1,화랑로1길,2224,1082,1142,453,248,350,407,334,432,225,124,167,217,157,192,228,124,183,190,177,240
2016_1,화랑로19길,2796,1395,1401,447,399,402,467,464,617,230,200,212,243,231,279,217,199,190,224,233,338
2016_1,화랑로14길,1654,816,838,279,256,248,275,256,340,141,121,127,145,128,154,138,135,121,130,128,186
2016_1,화랑로13길,864,429,435,149,130,130,144,134,177,77,62,66,76,67,81,72,68,64,68,67,96
2016_1,한천로76길,1878,943,935,287,261,289,303,329,409,153,133,150,156,160,191,134,128,139,147,169,218
2016_1,한천로101가길,3649,1836,1813,590,477,479,632,658,813,299,254,256,323,330,374,291,223,223,309,328,439
2016_1,창경궁로43길,1181,568,613,181,219,180,192,168,241,93,108,87,95,81,104,88,111,93,97,87,137
2016_1,지봉로20길,2522,1233,1289,350,425,415,430,406,496,174,213,217,217,195,217,176,212,198,213,211,279
2016_1,종암로5길,2006,997,1009,383,286,301,358,307,371,199,154,151,183,150,160,184,132,150,175,157,211
2016_1,종암로24가길,2407,1197,1210,459,345,363,431,365,444,239,185,183,219,179,192,220,160,180,212,186,252
2016_1,종암로21길,1155,574,581,219,165,175,204,176,216,116,89,88,103,86,92,103,76,87,101,90,124
2016_1,종암로19길,1566,781,785,301,223,239,279,238,286,156,121,120,143,117,124,145,102,119,136,121,162
2016_1,종암로16길,3062,1523,1539,589,439,461,545,462,566,308,236,231,278,225,245,281,203,230,267,237,321
2016_1,정릉로8길,1629,812,817,238,276,223,247,255,390,120,154,125,122,124,167,118,122,98,125,131,223
2016_1,정릉로27길,2665,1313,1352,484,328,412,450,424,567,256,172,207,223,199,256,228,156,205,227,225,311
2016_1,정릉로26길,457,225,232,84,56,71,76,73,97,44,30,36,37,34,44,40,26,35,39,39,53
2016_1,장위로50길,1750,892,858,287,214,231,301,317,400,144,116,120,161,162,189,143,98,111,140,155,211
2016_1,장월로1길,2435,1200,1235,412,374,366,406,380,497,210,176,187,212,190,225,202,198,179,194,190,272
2016_1,인촌로6길,456,225,231,62,80,75,80,70,89,31,40,40,40,34,40,31,40,35,40,36,49
2016_1,인촌로5길,1776,851,925,230,463,295,254,229,305,116,210,152,128,113,132,114,253,143,126,116,173
2016_1,인촌로24길,706,361,345,86,193,109,99,98,121,46,104,60,50,49,52,40,89,49,49,49,69
2016_1,개운사길,1055,538,517,129,291,159,149,146,181,69,153,88,76,73,79,60,138,71,73,73,102
2016_1,인촌로1길,1231,603,628,172,208,203,213,196,239,86,104,106,107,94,106,86,104,97,106,102,133
2016_1,인촌로17가길,1902,972,930,234,523,290,266,261,328,126,277,160,136,130,143,108,246,130,130,131,185
2016_1,오패산로4길,3060,1509,1551,517,474,458,510,474,627,263,223,232,267,238,286,254,251,226,243,236,341
2016_1,오패산로3길,3390,1653,1737,690,375,531,623,507,664,342,186,252,330,246,297,348,189,279,293,261,367
2016_1,오패산로19길,1787,872,915,362,196,280,329,272,348,180,97,134,174,132,155,182,99,146,155,140,193
2016_1,안암로5길,2141,1092,1049,259,586,326,303,299,368,137,309,182,155,148,161,122,277,144,148,151,207
2016_1,아리랑로4길,3109,1362,1747,419,763,556,463,370,538,200,267,261,231,174,229,219,496,295,232,196,309
2016_1,솔샘로6길,1853,919,934,270,315,252,279,294,443,136,177,140,138,139,189,134,138,112,141,155,254
2016_1,성북로8길,1166,557,609,179,182,181,201,174,249,93,85,86,100,84,109,86,97,95,101,90,140
2016_1,삼양로8길,3444,1699,1745,566,440,525,572,582,759,300,222,264,288,281,344,266,218,261,284,301,415
2016_1,삼선교로16가길,1040,502,538,168,173,168,176,155,200,86,83,85,88,74,86,82,90,83,88,81,114
2016_1,삼선교로10다길,1651,804,847,264,273,263,287,249,315,137,129,136,144,122,136,127,144,127,143,127,179
2016_1,삼선교로10길,1272,613,659,205,210,204,217,192,244,104,101,103,109,92,104,101,109,101,108,100,140
2016_1,보문로32길,1537,672,865,211,377,275,224,185,265,101,133,129,111,87,111,110,244,146,113,98,154
2016_1,보문로31길,1847,893,954,297,306,295,322,275,352,153,144,151,162,131,152,144,162,144,160,144,200
2016_1,보문로26길,1634,833,801,198,449,250,231,226,280,106,236,138,118,113,122,92,213,112,113,113,158
2016_1,보문로13길,2272,1114,1158,317,380,376,388,363,448,158,191,197,197,174,197,159,189,179,191,189,251
2016_1,보국문로16길,2905,1415,1490,544,346,467,520,434,594,282,173,227,261,205,267,262,173,240,259,229,327
2016_1,동소문로6길,168,85,83,27,28,27,30,24,32,15,13,15,15,12,15,12,15,12,15,12,17
2016_1,동소문로2길,237,114,123,38,39,38,40,37,45,19,19,19,20,18,19,19,20,19,20,19,26
2016_1,동소문로26가길,2009,886,1123,269,495,363,299,239,344,130,174,171,149,115,147,139,321,192,150,124,197
2016_1,동소문로15길,1050,460,590,140,258,188,156,124,184,68,91,87,78,58,78,72,167,101,78,66,106
2016_1,동소문로13길,1931,908,1023,291,334,309,325,277,395,148,144,148,161,134,173,143,190,161,164,143,222
2016_1,돌곶이로8길,1334,671,663,201,185,204,219,233,292,105,96,105,114,115,136,96,89,99,105,118,156
2016_1,돌곶이로41길,1732,866,866,275,235,227,300,313,382,141,125,124,149,156,171,134,110,103,151,157,211
2016_1,돌곶이로28길,1693,852,841,262,213,226,290,302,400,133,112,123,149,151,184,129,101,103,141,151,216
2016_1,돌곶이로27길,2826,1411,1415,415,366,383,479,504,679,211,189,211,246,248,306,204,177,172,233,256,373
2016_1,돌곶이로22길,1221,615,606,185,169,187,198,213,269,98,87,98,102,104,126,87,82,89,96,109,143
2016_1,돌곶이로14길,1286,649,637,195,177,200,208,224,282,105,90,105,108,109,132,90,87,95,100,115,150
2016_1,길음로7길,1830,881,949,461,178,320,380,222,269,234,85,146,194,104,118,227,93,174,186,118,151
2016_1,중랑천로10길,2617,1321,1296,393,374,427,452,469,502,201,188,229,236,238,229,192,186,198,216,231,273
2016_1,용마산로94길,3429,1722,1707,493,501,531,565,625,714,249,257,287,292,309,328,244,244,244,273,316,386
2016_1,용마산로118길,1545,783,762,229,219,231,245,295,326,117,113,125,125,151,152,112,106,106,120,144,174
2016_1,용마산로112길,2665,1351,1314,391,382,401,422,508,561,199,196,217,217,259,263,192,186,184,205,249,298
2016_1,용마산로100길,3100,1554,1546,471,433,453,537,571,635,232,222,240,274,299,287,239,211,213,263,272,348
2016_1,신내로7가길,772,379,393,149,113,110,132,140,128,78,57,55,64,68,57,71,56,55,68,72,71
2016_1,사가정로54길,3144,1567,1577,447,448,508,499,567,675,233,225,264,260,277,308,214,223,244,239,290,367
2016_1,사가정로42길,2904,1440,1464,413,416,472,459,523,621,213,208,244,238,254,283,200,208,228,221,269,338
2016_1,봉화산로56길,3998,1964,2034,844,540,626,616,658,714,433,278,308,300,318,327,411,262,318,316,340,387
2016_1,봉화산로4길,4507,2327,2180,545,637,675,740,917,993,286,330,368,395,482,466,259,307,307,345,435,527
2016_1,봉화산로30길,2978,1477,1501,518,437,482,455,533,553,269,223,248,227,256,254,249,214,234,228,277,299
2016_1,봉우재로33길,2686,1354,1332,311,460,508,413,465,529,161,220,268,221,234,250,150,240,240,192,231,279
2016_1,면목로78길,5964,2984,2980,857,887,989,1024,1038,1169,438,442,533,524,517,530,419,445,456,500,521,639
2016_1,면목로56길,3148,1579,1569,449,468,507,532,557,635,230,236,273,275,276,289,219,232,234,257,281,346
2016_1,면목로55길,1809,908,901,260,268,290,306,318,367,133,135,157,157,158,168,127,133,133,149,160,199
2016_1,면목로49길,2969,1487,1482,425,435,460,491,541,617,215,223,246,254,265,284,210,212,214,237,276,333
2016_1,면목로48길,3352,1675,1677,482,490,518,555,611,696,244,249,277,285,301,319,238,241,241,270,310,377
2016_1,면목로45길,1809,905,904,261,265,279,300,329,375,132,135,149,155,163,171,129,130,130,145,166,204
2016_1,면목로33길,3175,1571,1604,482,467,517,528,527,654,250,218,273,277,264,289,232,249,244,251,263,365
2016_1,면목로21길,2163,1071,1092,331,319,354,363,353,443,173,147,188,192,177,194,158,172,166,171,176,249
2016_1,망우로73길,1924,978,946,283,273,286,305,369,408,144,140,157,157,189,191,139,133,129,148,180,217
2016_1,망우로68길,2655,1346,1309,391,381,398,422,504,559,199,197,216,216,257,261,192,184,182,206,247,298
2016_1,동일로163길,3099,1540,1559,469,438,538,500,529,625,247,213,281,255,258,286,222,225,257,245,271,339
2016_1,동일로157길,2603,1294,1309,395,367,452,419,447,523,207,179,236,215,218,239,188,188,216,204,229,284
2016_1,동일로149길,3029,1506,1523,462,430,526,488,514,609,242,209,276,250,250,279,220,221,250,238,264,330
2016_1,동일로140길,2320,1150,1170,385,336,395,350,406,448,199,170,205,176,193,207,186,166,190,174,213,241
2016_1,동일로139길,2398,1239,1159,292,337,356,395,489,529,153,175,194,211,257,249,139,162,162,184,232,280
2016_1,동일로139가길,1493,758,735,204,210,240,243,281,315,107,107,128,126,144,146,97,103,112,117,137,169
2016_1,동일로130길,3695,1832,1863,602,538,634,546,655,720,310,272,331,277,310,332,292,266,303,269,345,388
2016_1,동일로123길,2399,1241,1158,291,339,357,397,488,527,154,176,194,212,257,248,137,163,163,185,231,279
2016_1,동일로112길,5204,2632,2572,595,892,979,811,897,1030,312,431,518,434,451,486,283,461,461,377,446,544
2016_1,동일로101길,3057,1543,1514,480,416,481,542,553,585,244,214,261,280,279,265,236,202,220,262,274,320
2016_1,동일로100길,4623,2336,2287,732,623,728,817,834,889,374,321,392,423,421,405,358,302,336,394,413,484
2016_1,답십리로75길,2256,1113,1143,348,335,367,377,367,462,181,154,194,199,184,201,167,181,173,178,183,261
2016_1,공릉로2길,3918,1916,2002,706,548,631,664,630,739,361,268,319,325,303,340,345,280,312,339,327,399
2016_1,공릉로12가길,1239,605,634,222,174,199,208,201,235,113,85,100,103,97,107,109,89,99,105,104,128
2016_1,겸재로54길,4899,2452,2447,702,731,814,838,847,967,359,364,440,427,422,440,343,367,374,411,425,527
2016_1,겸재로36길,4046,2026,2020,580,603,676,691,698,798,298,301,364,353,347,363,282,302,312,338,351,435
2016_1,겸재로29길,2302,1149,1153,331,341,380,396,400,454,169,169,206,201,199,205,162,172,174,195,201,249
2016_1,휘경로3길,4245,2126,2119,592,882,628,658,627,858,303,466,339,337,306,375,289,416,289,321,321,483
2016_1,휘경로2길,1697,849,848,233,353,252,264,251,344,119,185,136,136,123,150,114,168,116,128,128,194
2016_1,휘경로23길,2335,1172,1163,321,480,352,364,345,473,165,252,190,188,169,208,156,228,162,176,176,265
2016_1,휘경로14길,2173,1092,1081,266,440,339,337,327,464,138,215,184,180,166,209,128,225,155,157,161,255
2016_1,한천로46길,1984,994,990,371,300,315,337,293,368,190,159,159,172,145,169,181,141,156,165,148,199
2016_1,한천로40길,1909,966,943,367,227,326,342,289,358,194,118,163,180,145,166,173,109,163,162,144,192
2016_1,한천로33길,792,389,403,145,99,118,140,130,160,74,52,58,71,62,72,71,47,60,69,68,88
2016_1,한천로14길,3273,1647,1626,534,435,604,534,534,632,274,219,309,283,260,302,260,216,295,251,274,330
2016_1,천호대로97길,2503,1262,1241,410,334,458,410,411,480,209,167,233,220,202,231,201,167,225,190,209,249
2016_1,천호대로77길,2048,1029,1019,335,274,378,334,335,392,172,137,192,178,163,187,163,137,186,156,172,205
2016_1,천호대로45길,3190,1647,1543,393,498,543,485,533,738,205,260,293,262,277,350,188,238,250,223,256,388
2016_1,천호대로17길,2363,1218,1145,291,374,402,357,397,542,150,195,216,196,207,254,141,179,186,161,190,288
2016_1,천호대로12길,1119,579,540,137,176,188,171,188,259,71,92,101,93,98,124,66,84,87,78,90,135
2016_1,천장산로7길,1342,671,671,183,278,196,209,201,275,95,146,106,106,98,120,88,132,90,103,103,155
2016_1,제기로5길,1466,754,712,190,234,223,212,239,368,98,130,124,116,121,165,92,104,99,96,118,203
2016_1,제기로21길,4755,2374,2381,611,602,638,688,868,1348,316,317,342,363,434,602,295,285,296,325,434,746
2016_1,전농로4길,2167,1068,1099,366,283,330,373,359,456,183,148,165,191,176,205,183,135,165,182,183,251
2016_1,전농로3길,1885,928,957,321,268,349,311,293,343,162,131,175,159,147,154,159,137,174,152,146,189
2016_1,전농로29길,2123,1080,1043,326,300,313,347,360,477,165,157,163,185,188,222,161,143,150,162,172,255
2016_1,장한로8길,2055,1032,1023,336,273,378,334,336,398,172,137,193,175,164,191,164,136,185,159,172,207
2016_1,장한로5길,1982,999,983,323,264,364,322,324,385,166,132,187,171,158,185,157,132,177,151,166,200
2016_1,장한로27길,1791,905,886,345,211,307,321,270,337,183,110,153,169,135,155,162,101,154,152,135,182
2016_1,장한로27가길,1680,847,833,322,199,289,299,256,315,170,103,144,157,128,145,152,96,145,142,128,170
2016_1,장한로26길,2043,1027,1016,349,265,371,341,328,389,180,134,188,179,161,185,169,131,183,162,167,204
2016_1,장한로26가길,1214,613,601,227,149,210,212,187,229,120,77,105,112,93,106,107,72,105,100,94,123
2016_1,장한로25길,855,430,425,139,113,158,140,140,165,72,57,81,75,67,78,67,56,77,65,73,87
2016_1,장한로14길,1534,772,762,253,203,281,250,254,293,129,103,143,133,124,140,124,100,138,117,130,153
2016_1,이문로42길,4457,2201,2256,806,623,653,776,699,900,412,315,335,389,347,403,394,308,318,387,352,497
2016_1,왕산로43길,2823,1408,1415,364,356,379,406,516,802,187,187,202,214,258,360,177,169,177,192,258,442
2016_1,왕산로33길,624,318,306,79,101,94,90,100,160,41,55,51,49,50,72,38,46,43,41,50,88
2016_1,왕산로32길,1197,617,580,148,187,203,181,201,277,78,98,108,98,105,130,70,89,95,83,96,147
2016_1,약령시로17길,1889,964,925,241,287,279,272,316,494,125,158,152,147,159,223,116,129,127,125,157,271
2016_1,서울시립대로4길,2325,1163,1162,378,325,382,382,381,477,192,165,196,198,194,218,186,160,186,184,187,259
2016_1,서울시립대로29길,4661,2329,2332,775,757,691,756,735,947,389,399,358,383,366,434,386,358,333,373,369,513
2016_1,서울시립대로16길,2028,1031,997,309,282,305,334,345,453,159,148,159,176,178,211,150,134,146,158,167,242
2016_1,사가정로2길,2597,1280,1317,448,368,477,428,405,471,227,180,240,218,203,212,221,188,237,210,202,259
2016_1,사가정로23가길,2375,1203,1172,456,282,405,425,361,446,241,147,202,224,182,207,215,135,203,201,179,239
2016_1,사가정로13길,2457,1197,1260,466,312,344,436,400,499,235,164,166,213,195,224,231,148,178,223,205,275
2016_1,무학로45길,1744,903,841,216,275,295,263,295,400,112,142,160,144,155,190,104,133,135,119,140,210
2016_1,무학로16길,1460,756,704,181,229,247,221,244,338,95,119,134,121,127,160,86,110,113,100,117,178
2016_1,망우로21길,250,125,125,32,50,40,38,38,52,16,24,22,20,20,23,16,26,18,18,18,29
2016_1,망우로18길,2046,1008,1038,366,380,303,332,294,371,181,200,154,163,142,168,185,180,149,169,152,203
2016_1,망우로18가길,3910,1929,1981,699,731,578,631,564,707,347,387,295,310,271,319,352,344,283,321,293,388
2016_1,답십리로72길,1264,639,625,230,157,221,220,197,239,121,81,111,116,98,112,109,76,110,104,99,127
2016_1,답십리로69길,1427,721,706,274,169,244,256,216,268,144,89,121,135,108,124,130,80,123,121,108,144
2016_1,답십리로68길,2361,1190,1171,385,314,434,387,385,456,196,159,222,205,189,219,189,155,212,182,196,237
2016_1,답십리로64길,4296,2163,2133,703,568,791,703,704,827,359,286,403,375,344,396,344,282,388,328,360,431
2016_1,답십리로63길,2079,1050,1029,401,247,359,368,312,392,211,129,179,194,156,181,190,118,180,174,156,211
2016_1,답십리로60길,2044,1006,1038,346,263,304,353,343,435,173,139,152,180,166,196,173,124,152,173,177,239
2016_1,답십리로56길,4074,2003,2071,690,523,606,703,684,868,345,276,303,358,330,391,345,247,303,345,354,477
2016_1,답십리로23길,2416,1226,1190,369,336,360,394,412,545,189,177,188,208,211,253,180,159,172,186,201,292
2016_1,난계로30길,223,116,107,28,36,37,34,38,50,15,19,20,19,20,23,13,17,17,15,18,27
2016_1,경희대로4길,1609,778,831,236,406,281,216,190,280,116,196,145,109,91,121,120,210,136,107,99,159
2016_1,경희대로3길,886,429,457,129,224,154,118,105,156,64,108,79,60,50,68,65,116,75,58,55,88
2016_1,천호대로129길,2722,1340,1382,479,372,449,466,449,507,248,189,227,229,216,231,231,183,222,237,233,276
2016_1,천호대로123길,3047,1490,1557,477,500,560,491,503,516,246,247,281,237,242,237,231,253,279,254,261,279
2016_1,천호대로109길,3719,1819,1900,579,611,684,599,616,630,298,302,345,289,296,289,281,309,339,310,320,341
2016_1,자양번영로3길,3848,1868,1980,781,543,632,659,628,605,393,268,298,319,305,285,388,275,334,340,323,320
2016_1,자양로53길,2911,1441,1470,482,423,475,491,495,545,254,216,241,241,243,246,228,207,234,250,252,299
2016_1,자양로50길,4569,2242,2327,825,611,752,790,743,848,423,311,379,391,354,384,402,300,373,399,389,464
2016_1,자양로45길,2313,1147,1166,382,335,379,389,396,432,201,170,193,192,195,196,181,165,186,197,201,236
2016_1,자양로26길,2805,1347,1458,373,515,577,457,415,468,188,235,289,229,196,210,185,280,288,228,219,258
2016_1,자양로15길,2085,1023,1062,303,352,383,342,337,368,159,169,194,171,165,165,144,183,189,171,172,203
2016_1,자양로11길,4172,2041,2131,612,705,766,684,669,736,322,338,386,342,325,328,290,367,380,342,344,408
2016_1,용마산로3길,3249,1587,1662,505,532,599,525,535,553,258,264,301,254,256,254,247,268,298,271,279,299
2016_1,용마산로21길,5183,2548,2635,803,841,940,846,863,890,414,421,478,409,418,408,389,420,462,437,445,482
2016_1,아차산로78길,2327,1132,1195,639,264,286,532,324,282,327,132,124,251,168,130,312,132,162,281,156,152
2016_1,아차산로65길,3352,1620,1732,617,518,563,572,549,533,307,261,277,264,264,247,310,257,286,308,285,286
2016_1,아차산로55길,3410,1634,1776,456,624,701,558,503,568,229,287,351,279,237,251,227,337,350,279,266,317
2016_1,아차산로51길,1870,895,975,251,343,386,304,276,310,126,158,193,152,129,137,125,185,193,152,147,173
2016_1,아차산로40길,2931,1433,1498,427,497,537,482,470,518,225,237,271,241,228,231,202,260,266,241,242,287
2016_1,면목로17길,4083,2042,2041,611,612,690,688,737,745,312,320,370,340,364,336,299,292,320,348,373,409
2016_1,뚝섬로64길,3272,1620,1652,577,460,585,552,532,566,302,234,292,273,253,266,275,226,293,279,279,300
2016_1,뚝섬로58길,3323,1644,1679,585,469,593,562,541,573,305,239,296,278,257,269,280,230,297,284,284,304
2016_1,뚝섬로54길,3785,1876,1909,669,534,674,639,615,654,350,275,337,317,293,304,319,259,337,322,322,350
2016_1,뚝섬로48길,4207,2083,2124,740,591,751,711,689,725,384,302,375,352,329,341,356,289,376,359,360,384
2016_1,뚝섬로24길,2269,1144,1125,268,345,376,361,430,489,136,174,196,192,222,224,132,171,180,169,208,265
2016_1,뚝섬로23길,3156,1556,1600,526,463,520,523,547,577,265,231,256,263,273,268,261,232,264,260,274,309
2016_1,동일로24길,1925,929,996,162,678,394,218,200,273,81,298,207,120,102,121,81,380,187,98,98,152
2016_1,동일로18길,3295,1661,1634,386,504,543,524,628,710,195,255,282,279,324,326,191,249,261,245,304,384
2016_1,능동로4길,2494,1223,1271,453,359,411,420,425,426,228,179,198,209,210,199,225,180,213,211,215,227
2016_1,능동로3길,3173,1593,1580,406,480,524,509,592,662,205,243,269,269,302,305,201,237,255,240,290,357
2016_1,능동로34길,4828,2278,2550,616,933,1193,668,615,803,328,386,589,336,279,360,288,547,604,332,336,443
2016_1,능동로19길,2314,1118,1196,193,821,470,262,243,325,96,360,246,144,125,147,97,461,224,118,118,178
2016_1,능동로13길,2748,1328,1420,228,972,561,312,290,385,114,428,294,171,149,172,114,544,267,141,141,213
2016_1,긴고랑로9길,2261,1128,1133,332,340,388,381,405,415,170,174,209,188,199,188,162,166,179,193,206,227
2016_1,긴고랑로8길,4316,2146,2170,548,680,852,676,736,824,283,327,449,340,360,387,265,353,403,336,376,437
2016_1,긴고랑로7길,4456,2219,2237,621,683,810,730,780,832,319,343,429,362,384,382,302,340,381,368,396,450
2016_1,긴고랑로20길,4086,1997,2089,639,671,754,657,674,691,328,333,379,316,325,316,311,338,375,341,349,375
2016_1,광나루로52길,6175,2980,3195,1132,958,1037,1055,1015,978,562,483,507,487,489,452,570,475,530,568,526,526
2016_1,광나루로40길,4011,1927,2084,536,734,831,652,590,668,271,340,416,326,278,296,265,394,415,326,312,372
2016_1,광나루로37길,707,347,360,128,94,117,122,114,132,66,48,59,60,54,60,62,46,58,62,60,72
2016_1,광나루로36길,2311,1110,1201,308,423,477,376,340,387,156,195,239,188,160,172,152,228,238,188,180,215
2016_1,광나루로24길,1196,575,621,98,425,245,135,124,169,48,186,129,74,63,75,50,239,116,61,61,94
2016_1,광나루로12길,1952,941,1011,162,691,396,224,206,273,80,304,208,122,104,123,82,387,188,102,102,150
2016_1,한림말길,2281,1084,1197,398,297,451,368,340,427,202,141,212,183,157,189,196,156,239,185,183,238
2016_1,한림말3길,1011,480,531,176,132,200,163,152,188,89,62,94,81,71,83,87,70,106,82,81,105
2016_1,청계천로10나길,3778,1876,1902,611,650,564,605,618,730,314,325,286,301,313,337,297,325,278,304,305,393
2016_1,장터길,2368,1148,1220,402,284,456,404,360,462,207,145,220,207,171,198,195,139,236,197,189,264
2016_1,용답중앙길,3029,1614,1415,404,435,466,546,553,625,208,222,263,310,317,294,196,213,203,236,236,331
2016_1,용답29길,3033,1613,1420,405,436,464,545,554,629,209,222,260,309,318,295,196,214,204,236,236,334
2016_1,왕십리로6길,2356,1186,1170,377,364,439,393,393,390,190,184,225,203,199,185,187,180,214,190,194,205
2016_1,왕십리로31길,2493,1231,1262,398,363,392,439,414,487,201,182,200,224,212,212,197,181,192,215,202,275
2016_1,왕십리로26길,3970,1935,2035,651,624,694,638,648,715,322,302,347,319,329,316,329,322,347,319,319,399
2016_1,왕십리로21길,5033,2406,2627,974,639,844,932,750,894,468,315,401,465,366,391,506,324,443,467,384,503
2016_1,왕십리로14길,2022,1017,1005,311,318,391,331,331,340,159,159,199,175,164,161,152,159,192,156,167,179
2016_1,아차산로5길,2084,1081,1003,281,320,376,315,376,416,142,160,198,173,202,206,139,160,178,142,174,210
2016_1,아차산로15길,769,401,368,102,118,141,114,141,153,53,59,74,64,75,76,49,59,67,50,66,77
2016_1,아차산로11길,625,327,298,82,94,114,92,115,128,41,47,62,51,63,63,41,47,52,41,52,65
2016_1,송정4가길,2639,1403,1236,366,374,449,450,503,497,188,201,253,251,271,239,178,173,196,199,232,258
2016_1,송정12라길,1287,684,603,180,182,220,219,245,241,93,98,123,121,132,117,87,84,97,98,113,124
2016_1,성수일로6길,871,454,417,116,130,159,130,160,176,60,65,84,71,87,87,56,65,75,59,73,89
2016_1,성수이로7길,1956,1017,939,271,295,325,315,369,381,140,154,171,171,198,183,131,141,154,144,171,198
2016_1,성수이로18길,580,305,275,76,88,98,90,110,118,39,46,53,50,60,57,37,42,45,40,50,61
2016_1,성덕정길,4300,2173,2127,739,648,733,748,737,695,374,330,384,374,387,324,365,318,349,374,350,371
2016_1,성덕정17길,4278,2228,2050,594,636,681,715,824,828,307,340,359,388,445,389,287,296,322,327,379,439
2016_1,서울숲2길,2748,1388,1360,423,435,532,446,450,462,217,218,270,237,224,222,206,217,262,209,226,240
2016_1,상원길,864,435,429,133,136,168,142,141,144,68,68,86,75,70,68,65,68,82,67,71,76
2016_1,상원12길,2633,1327,1306,403,414,510,429,435,442,207,207,260,226,216,211,196,207,250,203,219,231
2016_1,사근동길,3200,1677,1523,417,1012,471,390,384,526,198,594,263,199,183,240,219,418,208,191,201,286
2016_1,무학봉길,1951,954,997,333,281,311,350,315,361,166,139,156,175,159,159,167,142,155,175,156,202
2016_1,무학봉28길,1240,607,633,201,187,195,218,205,234,101,91,99,108,104,104,100,96,96,110,101,130
2016_1,무학로6길,2303,1121,1182,380,360,402,370,377,414,189,172,201,185,191,183,191,188,201,185,186,231
2016_1,무수막길,1330,646,684,224,161,246,227,203,269,115,81,121,115,97,117,109,80,125,112,106,152
2016_1,매봉길,960,461,499,167,116,192,163,142,180,86,58,91,83,67,76,81,58,101,80,75,104
2016_1,마조로1길,704,367,337,91,223,105,86,84,115,43,131,59,43,40,51,48,92,46,43,44,64
2016_1,마조로16길,2153,1072,1081,349,370,321,344,354,415,181,185,163,172,181,190,168,185,158,172,173,225
2016_1,마장로39길,888,442,446,143,155,131,142,145,172,74,78,66,71,74,79,69,77,65,71,71,93
2016_1,마장로27길,1954,970,984,315,337,292,313,320,377,161,169,148,156,161,175,154,168,144,157,159,202
2016_1,뚝섬로5길,942,479,463,154,141,157,165,165,160,79,72,82,84,87,75,75,69,75,81,78,85
2016_1,둘레9길,3283,1681,1602,514,494,542,561,595,577,262,257,284,290,317,271,252,237,258,271,278,306
2016_1,금호산길,3200,1551,1649,533,391,598,544,490,644,274,196,292,276,232,281,259,195,306,268,258,363
2016_1,금호산2길,2544,1236,1308,425,310,475,431,390,513,217,156,234,220,186,223,208,154,241,211,204,290
2016_1,고산자로6길,2509,1231,1278,389,392,405,414,416,493,198,196,200,207,208,222,191,196,205,207,208,271
2016_1,후암로28길,3673,1808,1865,588,510,607,639,570,759,312,264,312,321,276,323,276,246,295,318,294,436
2016_1,효창원로39길,2875,1387,1488,513,355,496,506,423,582,261,170,242,257,208,249,252,185,254,249,215,333
2016_1,회나무로13길,1661,769,892,210,220,289,273,254,415,104,110,139,134,110,172,106,110,150,139,144,243
2016_1,한남대로20길,803,383,420,97,108,162,134,127,175,51,52,80,66,59,75,46,56,82,68,68,100
2016_1,한강대로88길,108,66,42,8,13,15,19,24,29,4,7,9,13,16,17,4,6,6,6,8,12
2016_1,한강대로7길,597,295,302,72,82,104,88,102,149,39,41,51,45,51,68,33,41,53,43,51,81
2016_1,한강대로62길,883,437,446,103,121,155,132,153,219,55,60,76,67,76,103,48,61,79,65,77,116
2016_1,한강대로52길,585,287,298,68,79,103,89,100,146,36,39,50,45,50,67,32,40,53,44,50,79
2016_1,한강대로43길,1089,538,551,126,148,192,163,189,271,68,73,94,83,94,126,58,75,98,80,95,145
2016_1,한강대로15길,546,271,275,65,73,97,82,94,135,36,36,47,42,47,63,29,37,50,40,47,72
2016_1,한강대로104길,1668,986,682,155,212,247,296,338,420,85,110,138,191,222,240,70,102,109,105,116,180
2016_1,청파로73길,2963,1419,1544,410,553,484,490,445,581,216,237,253,246,222,245,194,316,231,244,223,336
2016_1,청파로71길,3547,1702,1845,489,661,584,588,529,696,258,286,305,297,264,292,231,375,279,291,265,404
2016_1,청파로47나길,2881,1380,1501,399,535,471,480,428,568,210,230,247,241,213,239,189,305,224,239,215,329
2016_1,청파로47길,2313,1111,1202,319,426,379,388,347,454,167,183,199,195,173,194,152,243,180,193,174,260
2016_1,장문로45길,2757,1346,1411,342,394,451,465,485,620,186,213,241,228,224,254,156,181,210,237,261,366
2016_1,이태원로54길,1676,801,875,204,226,338,277,263,368,106,109,168,136,122,160,98,117,170,141,141,208
2016_1,이태원로27길,1143,540,603,118,165,190,177,193,300,61,85,95,88,93,118,57,80,95,89,100,182
2016_1,이촌로22길,3061,1462,1599,462,362,527,475,507,728,242,189,262,237,231,301,220,173,265,238,276,427
2016_1,원효로89길,1048,510,538,163,159,219,170,153,184,84,71,109,88,76,82,79,88,110,82,77,102
2016_1,원효로53길,2474,1199,1275,427,321,457,424,363,482,220,152,224,217,177,209,207,169,233,207,186,273
2016_1,원효로41길,1989,937,1052,385,237,319,358,305,385,175,114,154,178,151,165,210,123,165,180,154,220
2016_1,원효로19길,2441,1148,1293,471,290,391,442,376,471,212,137,190,220,186,203,259,153,201,222,190,268
2016_1,우사단로4길,2891,1409,1482,358,413,475,491,509,645,196,221,254,240,235,263,162,192,221,251,274,382
2016_1,우사단로14길,1150,548,602,136,158,220,187,183,266,71,77,109,93,86,112,65,81,111,94,97,154
2016_1,우사단로10길,2829,1369,1460,349,393,513,477,471,626,186,203,263,235,219,263,163,190,250,242,252,363
2016_1,신흥로20길,2900,1411,1489,430,400,500,476,455,639,225,206,257,236,214,273,205,194,243,240,241,366
2016_1,소월로20길,2431,1171,1260,337,333,434,377,386,564,174,169,223,184,177,244,163,164,211,193,209,320
2016_1,서빙고로71길,3367,1627,1740,683,433,406,686,519,640,348,214,190,335,269,271,335,219,216,351,250,369
2016_1,백범로90길,1197,589,608,190,174,261,192,171,209,99,79,130,101,84,96,91,95,131,91,87,113
2016_1,백범로79길,3841,1877,1964,644,552,701,653,570,721,344,265,347,324,281,316,300,287,354,329,289,405
2016_1,두텁바위로1길,2569,1409,1160,312,339,399,452,468,599,167,175,213,265,278,311,145,164,186,187,190,288
2016_1,대사관로34길,1148,548,600,139,154,229,193,182,251,71,73,114,96,85,109,68,81,115,97,97,142
2016_1,녹사평대로46길,1010,467,543,130,134,175,165,156,250,64,67,83,82,67,104,66,67,92,83,89,146
2016_1,녹사평대로40나길,892,412,480,105,121,155,141,144,226,52,62,74,70,64,90,53,59,81,71,80,136
2016_1,녹사평대로32길,614,289,325,65,86,102,96,104,161,34,44,51,48,50,62,31,42,51,48,54,99
2016_1,녹사평대로26길,1225,578,647,131,173,204,189,208,320,68,89,102,94,100,125,63,84,102,95,108,195
2016_1,녹사평대로11길,783,380,403,158,100,95,160,120,150,80,50,45,79,62,64,78,50,50,81,58,86
2016_1,퇴계로90길,3083,1547,1536,472,401,488,552,525,645,241,209,253,295,275,274,231,192,235,257,250,371
2016_1,퇴계로8길,993,545,448,89,100,110,149,224,321,43,46,56,89,143,168,46,54,54,60,81,153
2016_1,퇴계로56길,1032,538,494,114,198,157,147,164,252,57,109,84,81,87,120,57,89,73,66,77,132
2016_1,퇴계로46길,479,246,233,62,97,75,68,67,110,31,54,41,37,33,50,31,43,34,31,34,60
2016_1,퇴계로18길,1324,569,755,116,137,181,233,260,397,54,67,84,105,111,148,62,70,97,128,149,249
2016_1,퇴계로12길,646,358,288,57,65,73,96,147,208,28,30,38,58,94,110,29,35,35,38,53,98
2016_1,청구로1길,2770,1331,1439,424,390,458,451,456,591,218,195,230,225,217,246,206,195,228,226,239,345
2016_1,청구로17길,1566,767,799,220,242,270,260,248,326,113,127,139,131,115,142,107,115,131,129,133,184
2016_1,장충단로8길,1177,604,573,139,223,181,180,187,267,70,121,97,97,96,123,69,102,84,83,91,144
2016_1,삼일대로4길,26,11,15,2,2,4,5,5,8,1,1,2,2,2,3,1,1,2,3,3,5
2016_1,명동길,117,50,67,10,12,16,20,23,36,5,6,7,9,10,13,5,6,9,11,13,23
2016_1,동호로8길,1309,625,684,196,164,218,207,217,307,99,83,105,105,102,131,97,81,113,102,115,176
2016_1,동호로20길,1858,921,937,256,334,312,296,278,382,131,180,162,150,131,167,125,154,150,146,147,215
2016_1,동호로15길,2127,1037,1090,295,326,368,355,339,444,150,169,186,182,157,193,145,157,182,173,182,251
2016_1,동호로11길,3077,1500,1577,430,471,530,513,489,644,220,247,269,261,225,278,210,224,261,252,264,366
2016_1,동호로10길,3402,1636,1766,520,486,564,553,556,723,266,242,284,276,264,304,254,244,280,277,292,419
2016_1,다산로39길,1121,580,541,123,185,167,199,207,240,62,96,91,110,111,110,61,89,76,89,96,130
2016_1,다산로38길,1766,855,911,308,251,261,298,308,340,157,126,125,145,151,151,151,125,136,153,157,189
2016_1,다산로36길,1924,937,987,332,276,289,326,333,368,168,140,140,161,164,164,164,136,149,165,169,204
2016_1,다산로33길,3477,1789,1688,381,570,524,616,640,746,195,297,281,338,341,337,186,273,243,278,299,409
2016_1,난계로21길,943,473,470,121,141,194,146,149,192,60,69,100,77,77,90,61,72,94,69,72,102
2016_1,난계로11길,2251,1126,1125,289,337,468,346,354,457,144,163,240,182,182,215,145,174,228,164,172,242
2016_1,필운대로1길,546,250,296,87,68,85,92,87,127,45,30,38,42,40,55,42,38,47,50,47,72
2016_1,평창길,2022,961,1061,367,283,252,337,357,426,194,147,116,147,172,185,173,136,136,190,185,241
2016_1,통일로12길,1101,527,574,200,132,144,206,177,242,96,65,69,105,89,103,104,67,75,101,88,139
2016_1,창신길,2395,1218,1177,324,341,289,431,463,547,165,179,167,222,241,244,159,162,122,209,222,303
2016_1,창신5길,1081,567,514,131,137,134,187,220,272,67,73,76,99,120,132,64,64,58,88,100,140
2016_1,창신2길,975,497,478,132,137,115,178,190,223,67,72,67,92,98,101,65,65,48,86,92,122
2016_1,창경궁로35길,684,336,348,105,163,100,103,86,127,51,87,51,51,42,54,54,76,49,52,44,73
2016_1,지봉로8길,2363,1179,1184,344,322,364,413,411,509,178,161,193,210,210,227,166,161,171,203,201,282
2016_1,종로65길,2763,1409,1354,301,473,455,434,476,624,158,218,242,233,256,302,143,255,213,201,220,322
2016_1,종로58가길,620,316,304,61,113,103,96,106,141,32,51,54,53,57,69,29,62,49,43,49,72
2016_1,종로24길,194,113,81,16,25,23,28,39,63,8,13,13,18,26,35,8,12,10,10,13,28
2016_1,자하문로7길,609,285,324,111,78,94,108,90,128,58,38,43,48,44,54,53,40,51,60,46,74
2016_1,이화장길,1455,685,770,183,299,253,221,212,287,88,134,127,107,104,125,95,165,126,114,108,162
2016_1,율곡로16길,368,203,165,43,62,44,59,68,92,25,36,25,33,38,46,18,26,19,26,30,46
2016_1,율곡로10길,460,268,192,39,58,55,66,95,147,18,29,33,43,62,83,21,29,22,23,33,64
2016_1,옥인길,2666,1260,1406,523,334,406,491,379,533,283,170,181,218,186,222,240,164,225,273,193,311
2016_1,숭인동길,1062,546,516,106,193,175,165,182,241,56,89,93,90,100,118,50,104,82,75,82,123
2016_1,성균관로5길,1146,561,585,175,274,167,172,147,211,86,146,84,84,71,90,89,128,83,88,76,121
2016_1,삼청로5길,724,341,383,103,81,104,104,125,207,53,39,50,51,56,92,50,42,54,53,69,115
2016_1,북촌로5나길,577,271,306,81,66,84,82,99,165,41,32,40,41,45,72,40,34,44,41,54,93
2016_1,북촌로5길,309,146,163,45,33,46,46,52,87,23,16,22,23,24,38,22,17,24,23,28,49
2016_1,북촌로11길,368,170,198,56,42,57,65,57,91,28,20,26,32,26,38,28,22,31,33,31,53
2016_1,백석동길,1826,891,935,310,255,232,319,304,406,168,139,112,147,141,184,142,116,120,172,163,222
2016_1,명륜길,1283,630,653,195,305,187,193,165,238,96,163,95,96,80,100,99,142,92,97,85,138
2016_1,돈화문로11가길,1180,687,493,99,149,140,171,241,380,46,78,82,111,159,211,53,71,58,60,82,169
2016_1,난계로27길,1050,539,511,105,190,173,163,180,239,55,86,92,89,99,118,50,104,81,74,81,121
2016_1,계동길,1526,707,819,230,176,236,275,237,372,115,81,111,134,112,154,115,95,125,141,125,218
2015_4,잠실 관광특구,16234,7853,8381,3077,2298,2899,2713,2516,2731,1606,1111,1375,1299,1167,1295,1471,1187,1524,1414,1349,1436
2015_4,종로·청계 관광특구,3909,2129,1780,424,489,477,629,810,1080,217,264,271,348,473,556,207,225,206,281,337,524
2015_4,동대문패션타운 관광특구,1841,967,874,181,267,269,296,361,467,90,140,146,169,197,225,91,127,123,127,164,242
2015_4,명동 남대문 북창동 다동 무교동 관광특구,1277,671,606,130,131,178,201,267,370,63,63,92,113,158,182,67,68,86,88,109,188
2015_4,이태원 관광특구,7461,3525,3936,827,1039,1320,1174,1238,1863,428,526,656,583,588,744,399,513,664,591,650,1119
2015_4,길동복조리시장,2854,1406,1448,456,434,525,444,484,511,240,212,268,222,224,240,216,222,257,222,260,271
2015_4,둔촌역전통시장,377,188,189,62,56,70,62,62,65,35,29,35,31,29,29,27,27,35,31,33,36
2015_4,성내골목시장,1147,571,576,152,171,216,175,202,231,77,84,116,90,98,106,75,87,100,85,104,125
2015_4,천호시장,65,33,32,9,8,12,11,12,13,5,4,6,6,6,6,4,4,6,5,6,7
2015_4,동서울시장,240,122,118,34,32,43,38,44,49,18,16,23,20,22,23,16,16,20,18,22,26
2015_4,고분다리골목시장,366,184,182,53,51,61,57,67,77,28,26,32,30,32,36,25,25,29,27,35,41
2015_4,양지골목시장,1007,497,510,237,116,160,184,154,156,119,62,74,93,72,77,118,54,86,91,82,79
2015_4,암사종합시장,779,389,390,133,106,134,130,132,144,69,55,70,66,65,64,64,51,64,64,67,80
2015_4,고덕전통시장,256,134,122,37,35,31,44,51,58,20,20,17,24,26,27,17,15,14,20,25,31
2015_4,명일골목시장,1732,846,886,365,235,243,309,288,292,193,120,117,146,136,134,172,115,126,163,152,158
2015_4,새마을시장,3914,1866,2048,573,659,855,637,592,598,290,305,417,308,278,268,283,354,438,329,314,330
2015_4,석촌시장,1073,526,547,166,164,207,180,178,178,88,83,102,88,87,78,78,81,105,92,91,100
2015_4,방이시장,4962,2417,2545,698,802,1099,754,803,806,371,384,557,370,366,369,327,418,542,384,437,437
2015_4,마천시장,1220,623,597,196,164,170,204,226,260,102,91,91,105,114,120,94,73,79,99,112,140
2015_4,풍납시장,3120,1536,1584,471,421,509,500,554,665,236,219,262,253,264,302,235,202,247,247,290,363
2015_4,도곡시장,266,124,142,65,32,47,59,30,33,33,14,20,27,16,14,32,18,27,32,14,19
2015_4,청담삼익시장,119,56,63,23,17,21,21,17,20,12,8,9,10,8,9,11,9,12,11,9,11
2015_4,논현종합시장,101,47,54,14,16,24,17,13,17,7,7,11,8,6,8,7,9,13,9,7,9
2015_4,영동전통시장,1165,538,627,106,231,326,181,144,177,53,100,149,91,66,79,53,131,177,90,78,98
2015_4,강남시장_강남,222,104,118,39,33,38,41,29,42,20,15,17,19,14,19,19,18,21,22,15,23
2015_4,양재시장,78,38,40,17,10,15,12,11,13,9,5,7,6,5,6,8,5,8,6,6,7
2015_4,남부종합시장,147,69,78,33,19,20,29,22,24,16,9,9,13,11,11,17,10,11,16,11,13
2015_4,우림시장,68,34,34,10,10,11,11,12,14,5,5,6,6,6,6,5,5,5,5,6,8
2015_4,미성동도깨비시장,998,498,500,164,148,159,160,166,201,82,76,85,80,80,95,82,72,74,80,86,106
2015_4,신신림시장,645,325,320,92,84,87,105,116,161,48,44,48,56,57,72,44,40,39,49,59,89
2015_4,삼성동시장,426,214,212,61,55,57,70,77,106,32,29,31,37,37,48,29,26,26,33,40,58
2015_4,신림중앙시장,58,29,29,6,11,11,9,10,11,3,5,6,5,5,5,3,6,5,4,5,6
2015_4,강남골목시장,687,351,336,80,129,137,102,107,132,40,63,76,55,54,63,40,66,61,47,53,69
2015_4,관악신사시장,2079,1048,1031,282,388,385,346,315,363,150,194,209,173,155,167,132,194,176,173,160,196
2015_4,신원시장,402,202,200,52,75,76,60,58,81,26,40,41,33,27,35,26,35,35,27,31,46
2015_4,인헌시장,1623,808,815,242,302,340,251,203,285,125,147,182,128,98,128,117,155,158,123,105,157
2015_4,봉천중앙시장,97,47,50,10,22,19,13,13,20,5,10,10,7,6,9,5,12,9,6,7,11
2015_4,봉천현대시장,22,10,12,4,3,4,4,3,4,2,1,2,2,1,2,2,2,2,2,2,2
2015_4,봉일시장,237,116,121,40,35,45,38,34,45,20,17,23,20,16,20,20,18,22,18,18,25
2015_4,봉천제일종합시장,295,145,150,34,74,60,39,36,52,17,34,32,21,17,24,17,40,28,18,19,28
2015_4,낙성대시장,685,348,337,85,183,152,90,74,101,42,93,83,48,37,45,43,90,69,42,37,56
2015_4,중부시장,812,400,412,95,184,173,111,105,144,48,86,91,59,50,66,47,98,82,52,55,78
2015_4,사당시장,12,6,6,2,2,2,2,2,2,1,1,1,1,1,1,1,1,1,1,1,1
2015_4,남성역골목시장,672,328,344,95,103,131,102,103,138,49,51,67,52,48,61,46,52,64,50,55,77
2015_4,남성사계시장,716,349,367,107,102,139,104,112,152,56,50,69,52,52,70,51,52,70,52,60,82
2015_4,흑석시장,517,255,262,80,83,80,82,80,112,42,45,40,42,38,48,38,38,40,40,42,64
2015_4,상도4동도깨비골목시장,2005,989,1016,326,291,371,321,306,390,170,147,193,162,146,171,156,144,178,159,160,219
2015_4,성대시장,148,72,76,24,22,27,24,22,29,12,11,14,12,10,13,12,11,13,12,12,16
2015_4,영도시장,12,6,6,2,2,2,2,2,2,1,1,1,1,1,1,1,1,1,1,1,1
2015_4,상도전통시장,1447,714,733,243,282,255,216,198,253,125,147,127,111,91,113,118,135,128,105,107,140
2015_4,강남시장_동작,158,78,80,27,31,28,23,22,27,14,16,14,12,10,12,13,15,14,11,12,15
2015_4,신노량진시장,5,3,2,0,1,0,0,2,2,0,1,0,0,1,1,0,0,0,0,1,1
2015_4,본동인정시장,495,248,247,76,82,83,74,78,102,40,44,44,38,37,45,36,38,39,36,41,57
2015_4,노량진중앙시장,324,159,165,50,54,54,48,51,67,26,28,28,24,24,29,24,26,26,24,27,38
2015_4,대림중앙시장,550,273,277,70,70,82,92,101,135,37,35,44,46,50,61,33,35,38,46,51,74
2015_4,우리시장,425,214,211,60,57,59,68,81,100,32,31,32,34,40,45,28,26,27,34,41,55
2015_4,영진시장A동,179,89,90,27,26,30,28,31,37,14,13,16,14,15,17,13,13,14,14,16,20
2015_4,사러가시장,65,32,33,10,8,10,12,12,13,5,4,5,6,6,6,5,4,5,6,6,7
2015_4,대신시장,156,78,78,20,26,24,25,26,35,10,13,14,13,13,15,10,13,10,12,13,20
2015_4,양남시장,91,46,45,15,13,21,14,12,16,8,6,11,8,6,7,7,7,10,6,6,9
2015_4,영일시장,938,475,463,176,117,189,158,127,171,93,55,93,85,67,82,83,62,96,73,60,89
2015_4,도림시장,51,26,25,7,8,10,8,8,10,4,4,5,4,4,5,3,4,5,4,4,5
2015_4,영등포청과시장,410,203,207,57,63,84,63,62,81,28,30,44,34,30,37,29,33,40,29,32,44
2015_4,영등포전통시장,1987,1129,858,187,370,393,289,338,410,103,176,226,185,216,223,84,194,167,104,122,187
2015_4,은행나무시장,449,223,226,73,57,60,76,80,103,37,30,32,38,41,45,36,27,28,38,39,58
2015_4,박미시장,123,62,61,20,15,18,19,23,28,10,8,10,10,11,13,10,7,8,9,12,15
2015_4,현대시장,3473,1752,1721,582,465,569,571,598,688,305,245,294,292,294,322,277,220,275,279,304,366
2015_4,대명시장,14,7,7,2,2,2,2,2,4,1,1,1,1,1,2,1,1,1,1,1,2
2015_4,푸른터시장,43,21,22,6,6,6,8,8,9,3,3,3,4,4,4,3,3,3,4,4,5
2015_4,남문시장,1767,894,873,247,250,261,299,350,360,126,130,141,151,178,168,121,120,120,148,172,192
2015_4,독산동 우시장,241,128,113,34,43,47,36,37,44,18,23,27,20,19,21,16,20,20,16,18,23
2015_4,오류시장,299,147,152,44,46,58,44,46,61,22,22,30,23,22,28,22,24,28,21,24,33
2015_4,개봉중앙시장,427,211,216,76,53,77,63,68,90,39,27,39,32,31,43,37,26,38,31,37,47
2015_4,고척근린시장,737,370,367,140,98,109,130,121,139,73,49,55,67,62,64,67,49,54,63,59,75
2015_4,가리봉시장,192,106,86,18,21,23,37,44,49,9,12,14,22,27,22,9,9,9,15,17,27
2015_4,남구로시장,702,349,353,96,92,122,116,119,157,50,44,64,61,59,71,46,48,58,55,60,86
2015_4,구로시장,183,89,94,26,24,33,30,31,39,13,11,17,16,15,17,13,13,16,14,16,22
2015_4,공항시장,25,12,13,4,4,4,4,4,5,2,2,2,2,2,2,2,2,2,2,2,3
2015_4,방신전통시장,894,441,453,192,109,160,146,137,150,97,53,80,75,66,70,95,56,80,71,71,80
2015_4,송화골목시장,1027,491,536,270,120,157,201,140,139,133,60,73,98,67,60,137,60,84,103,73,79
2015_4,까치산시장,1533,747,786,251,203,316,242,229,292,128,100,162,123,102,132,123,103,154,119,127,160
2015_4,화곡본동시장,492,239,253,89,69,104,81,70,79,45,34,53,41,32,34,44,35,51,40,38,45
2015_4,남부골목시장,2178,1078,1100,346,296,400,356,360,420,180,154,207,178,166,193,166,142,193,178,194,227
2015_4,화곡중앙골목시장,1431,710,721,194,226,310,208,227,266,98,110,166,106,106,124,96,116,144,102,121,142
2015_4,신월중앙시장,127,62,65,21,19,19,19,23,26,11,10,10,9,11,11,10,9,9,10,12,15
2015_4,신정3동골목시장,597,295,302,129,73,91,113,93,98,67,38,45,55,46,44,62,35,46,58,47,54
2015_4,신정2동골목시장,862,427,435,203,119,86,177,154,123,108,60,39,82,81,57,95,59,47,95,73,66
2015_4,신정제일시장,38,19,19,10,4,4,8,6,6,5,2,2,4,3,3,5,2,2,4,3,3
2015_4,신월7동골목시장,232,114,118,40,30,38,37,40,47,20,15,20,19,19,21,20,15,18,18,21,26
2015_4,신월6동골목시장,149,77,72,24,21,19,25,28,32,13,11,11,13,14,15,11,10,8,12,14,17
2015_4,신곡종합시장,247,125,122,41,34,32,40,48,52,22,18,17,20,23,25,19,16,15,20,25,27
2015_4,신월3동골목시장,655,342,313,106,95,100,111,118,125,55,51,55,61,63,57,51,44,45,50,55,68
2015_4,경창시장,287,142,145,52,37,48,46,49,55,27,19,24,23,23,26,25,18,24,23,26,29
2015_4,월정로시장,1896,981,915,291,253,297,314,357,384,149,133,165,165,187,182,142,120,132,149,170,202
2015_4,신영시장,1156,598,558,177,153,181,191,219,235,91,82,100,100,114,111,86,71,81,91,105,124
2015_4,목4동시장,1256,624,632,295,177,148,264,203,169,161,94,70,120,104,75,134,83,78,144,99,94
2015_4,목3동시장,974,475,499,159,154,173,151,166,171,86,77,87,71,77,77,73,77,86,80,89,94
2015_4,목2동시장,810,399,411,145,130,146,132,133,124,77,65,74,62,65,56,68,65,72,70,68,68
2015_4,동진시장,48,23,25,6,9,10,8,6,9,3,4,5,4,3,4,3,5,5,4,3,5
2015_4,망원월드컵시장,758,365,393,139,102,138,138,104,137,70,48,67,69,50,61,69,54,71,69,54,76
2015_4,망원시장,1245,601,644,187,183,247,212,180,236,97,86,122,109,85,102,90,97,125,103,95,134
2015_4,합정시장,83,40,43,13,15,18,12,11,14,7,7,9,6,5,6,6,8,9,6,6,8
2015_4,영진시장,199,92,107,22,42,46,31,24,34,11,18,22,15,11,15,11,24,24,16,13,19
2015_4,신수시장,111,55,56,20,15,20,20,16,20,10,8,10,10,8,9,10,7,10,10,8,11
2015_4,아현시장,258,125,133,43,37,52,40,42,44,21,18,26,20,21,19,22,19,26,20,21,25
2015_4,마포시장,0,0,0,0,0,0,0,0,0,0,0,0,0,0,0,0,0,0,0,0,0
2015_4,백련시장,148,73,75,23,21,21,26,24,33,12,11,11,13,12,14,11,10,10,13,12,19
2015_4,모래내시장,169,83,86,40,18,33,30,22,26,20,9,15,16,11,12,20,9,18,14,11,14
2015_4,포방터시장,734,362,372,122,97,96,122,127,170,61,51,50,61,65,74,61,46,46,61,62,96
2015_4,인왕시장,279,138,141,44,35,38,48,46,68,23,18,21,24,23,29,21,17,17,24,23,39
2015_4,아현가구거리상점가,395,191,204,58,60,65,68,64,80,28,30,34,34,32,33,30,30,31,34,32,47
2015_4,영천시장,787,381,406,146,97,121,139,121,163,75,51,58,70,60,67,71,46,63,69,61,96
2015_4,수일시장,111,56,55,17,15,17,17,20,25,9,8,9,9,10,11,8,7,8,8,10,14
2015_4,증산종합시장,143,71,72,23,19,22,24,23,32,12,10,11,12,11,15,11,9,11,12,12,17
2015_4,대림골목시장,530,260,270,78,72,79,88,88,125,40,38,41,46,42,53,38,34,38,42,46,72
2015_4,신응암시장,371,184,187,75,41,64,68,53,70,40,21,32,35,26,30,35,20,32,33,27,40
2015_4,녹번시장,42,19,23,8,6,7,7,6,8,4,3,3,3,3,3,4,3,4,4,3,5
2015_4,갈현시장,76,37,39,12,11,11,13,13,16,6,6,6,6,6,7,6,5,5,7,7,9
2015_4,연서시장,183,92,91,26,26,27,30,32,42,14,14,15,15,15,19,12,12,12,15,17,23
2015_4,상계중앙시장,2189,1070,1119,374,314,284,384,376,457,193,161,147,184,183,202,181,153,137,200,193,255
2015_4,상계시장,14,7,7,2,2,2,2,2,4,1,1,1,1,1,2,1,1,1,1,1,2
2015_4,공릉동도깨비시장,1602,782,820,260,267,272,246,261,296,131,133,141,124,120,133,129,134,131,122,141,163
2015_4,방학동도깨비시장,1322,672,650,213,175,173,229,238,294,113,97,95,117,117,133,100,78,78,112,121,161
2015_4,쌍문역골목시장,782,383,399,117,110,128,126,129,172,61,54,66,64,60,78,56,56,62,62,69,94
2015_4,백운시장,513,251,262,88,68,70,85,88,114,45,34,36,42,42,52,43,34,34,43,46,62
2015_4,신도봉시장,123,62,61,16,16,16,19,22,34,8,8,9,10,11,16,8,8,7,9,11,18
2015_4,창동골목시장,903,452,451,154,117,126,158,154,194,81,62,67,79,77,86,73,55,59,79,77,108
2015_4,창동신창시장,1843,907,936,329,253,300,311,307,343,168,128,150,153,150,158,161,125,150,158,157,185
2015_4,수유북부시장,58,28,30,8,8,8,10,10,14,4,4,4,5,5,6,4,4,4,5,5,8
2015_4,장미원골목시장,1554,762,792,240,195,214,253,265,387,125,97,114,126,127,173,115,98,100,127,138,214
2015_4,수유중앙시장,25,13,12,3,4,4,4,4,6,2,2,2,2,2,3,1,2,2,2,2,3
2015_4,강북종합시장,809,404,405,96,129,132,129,140,183,50,64,72,65,70,83,46,65,60,64,70,100
2015_4,우이시장,1788,880,908,270,236,253,289,304,436,141,124,132,142,147,194,129,112,121,147,157,242
2015_4,수유전통시장,526,266,260,78,73,79,84,92,120,40,38,44,44,45,55,38,35,35,40,47,65
2015_4,번동북부골목시장,986,489,497,135,152,162,165,161,211,72,73,83,88,79,94,63,79,79,77,82,117
2015_4,솔샘시장,400,195,205,101,40,63,83,54,59,52,20,30,42,26,25,49,20,33,41,28,34
2015_4,숭인시장,182,90,92,24,24,26,30,34,44,12,12,14,15,17,20,12,12,12,15,17,24
2015_4,방천골목시장,1505,733,772,211,207,220,248,262,357,108,102,116,124,124,159,103,105,104,124,138,198
2015_4,동북시장,33,16,17,6,4,4,6,6,7,3,2,2,3,3,3,3,2,2,3,3,4
2015_4,석관황금시장,2106,1058,1048,318,291,327,342,366,462,170,148,169,176,180,215,148,143,158,166,186,247
2015_4,석관시장,151,76,75,23,21,23,25,26,33,12,11,12,13,13,15,11,10,11,12,13,18
2015_4,새석관시장,109,55,54,17,15,17,17,19,24,9,8,9,9,9,11,8,7,8,8,10,13
2015_4,번동시장,47,23,24,8,6,6,8,8,11,4,3,3,4,4,5,4,3,3,4,4,6
2015_4,장위전통시장,1814,912,902,270,236,247,307,320,434,138,125,138,157,159,195,132,111,109,150,161,239
2015_4,밤나무골시장,147,71,76,30,16,23,27,21,30,15,8,11,14,10,13,15,8,12,13,11,17
2015_4,길음시장,88,42,46,23,9,16,18,10,12,12,4,7,9,5,5,11,5,9,9,5,7
2015_4,정릉시장,1364,676,688,210,215,194,215,214,316,107,118,105,107,102,137,103,97,89,108,112,179
2015_4,정릉아리랑시장,411,201,210,76,51,62,69,65,88,40,26,31,34,30,40,36,25,31,35,35,48
2015_4,돈암제일시장,158,78,80,26,26,26,28,22,30,14,12,14,14,10,14,12,14,12,14,12,16
2015_4,유영시장,83,41,42,13,12,12,14,15,17,6,6,6,7,8,8,7,6,6,7,7,9
2015_4,우림골목시장,2458,1247,1211,364,349,367,390,468,520,185,180,200,200,239,243,179,169,167,190,229,277
2015_4,묵1동도깨비시장,713,348,365,128,101,114,120,116,134,65,49,58,59,56,61,63,52,56,61,60,73
2015_4,태능시장,742,383,359,91,105,110,121,151,164,48,55,60,64,79,77,43,50,50,57,72,87
2015_4,중화제일시장,1965,999,966,263,279,312,320,374,417,138,140,167,169,190,195,125,139,145,151,184,222
2015_4,사가정시장,2040,1021,1019,292,296,317,338,371,426,149,151,169,175,183,194,143,145,148,163,188,232
2015_4,면목골목시장,1409,701,708,200,202,228,222,254,303,105,101,118,116,124,137,95,101,110,106,130,166
2015_4,동원시장,2112,1055,1057,302,312,350,365,366,417,154,156,189,185,182,189,148,156,161,180,184,228
2015_4,동부골목시장,1282,650,632,180,191,218,218,228,247,94,95,117,115,115,114,86,96,101,103,113,133
2015_4,이경시장,222,111,111,27,45,35,34,34,47,14,22,19,18,17,21,13,23,16,16,17,26
2015_4,회기시장,1113,538,575,162,277,192,150,135,197,79,135,99,75,65,85,83,142,93,75,70,112
2015_4,청량리청과물시장,130,64,66,16,18,19,18,24,35,8,9,10,10,12,15,8,9,9,8,12,20
2015_4,전곡시장,311,158,153,60,37,54,55,47,58,32,19,27,29,24,27,28,18,27,26,23,31
2015_4,답십리시장,493,240,253,84,64,74,85,82,104,42,33,37,43,39,46,42,31,37,42,43,58
2015_4,답십리현대시장,621,306,315,106,81,96,105,103,130,53,42,48,53,50,60,53,39,48,52,53,70
2015_4,전농로터리시장,31,16,15,4,4,4,5,6,8,2,2,2,3,3,4,2,2,2,2,3,4
2015_4,청량리종합시장,234,120,114,31,36,36,34,38,59,16,20,20,18,19,27,15,16,16,16,19,32
2015_4,청량리전통시장,131,66,65,16,21,21,18,22,33,8,11,11,10,11,15,8,10,10,8,11,18
2015_4,청량리농수산물시장,216,111,105,28,34,33,31,35,55,14,19,18,17,18,25,14,15,15,14,17,30
2015_4,서울약령시장,1620,829,791,213,259,247,233,263,405,109,144,133,127,133,183,104,115,114,106,130,222
2015_4,청량리수산시장,416,213,203,50,66,70,64,70,96,26,34,38,34,36,45,24,32,32,30,34,51
2015_4,구의시장,21,10,11,4,2,4,4,3,4,2,1,2,2,1,2,2,1,2,2,2,2
2015_4,조양시장,180,91,89,21,28,29,28,35,39,11,14,15,15,18,18,10,14,14,13,17,21
2015_4,영동교골목시장,1713,864,849,202,263,281,271,326,370,102,133,146,146,167,170,100,130,135,125,159,200
2015_4,능동로골목시장,517,253,264,91,75,85,87,88,91,46,37,41,43,43,43,45,38,44,44,45,48
2015_4,노룬산골목시장,672,333,339,116,99,110,112,115,120,59,50,54,55,58,57,57,49,56,57,57,63
2015_4,자양종합시장,52,26,26,9,8,10,8,8,9,5,4,5,4,4,4,4,4,5,4,4,5
2015_4,자양골목시장,2239,1096,1143,324,381,411,368,360,395,169,183,208,184,175,177,155,198,203,184,185,218
2015_4,신성골목시장,111,54,57,19,16,18,19,19,20,10,8,9,9,9,9,9,8,9,10,10,11
2015_4,면곡골목시장,558,280,278,83,84,94,95,99,103,43,44,50,47,49,47,40,40,44,48,50,56
2015_4,중곡제일시장,1027,511,516,130,161,200,163,177,196,67,77,106,82,87,92,63,84,94,81,90,104
2015_4,화양제일골목시장,883,425,458,74,312,178,101,93,125,37,137,93,55,47,56,37,175,85,46,46,69
2015_4,한아름시장,95,46,49,8,34,19,11,10,13,4,15,10,6,5,6,4,19,9,5,5,7
2015_4,성동용답상가시장,1594,847,747,213,227,243,287,292,332,110,116,137,162,167,155,103,111,106,125,125,177
2015_4,뚝도시장,396,207,189,55,59,63,67,76,76,29,32,33,36,41,36,26,27,30,31,35,40
2015_4,금남시장,427,206,221,71,52,80,72,66,86,36,26,39,37,31,37,35,26,41,35,35,49
2015_4,행당시장,1254,615,639,195,194,200,205,210,250,99,97,99,102,105,113,96,97,101,103,105,137
2015_4,마장축산물시장,729,362,367,118,125,110,117,120,139,61,63,55,58,61,64,57,62,55,59,59,75
2015_4,보광시장,13,6,7,2,2,2,2,2,3,1,1,1,1,1,1,1,1,1,1,1,2
2015_4,이태원제일시장,61,28,33,8,8,11,10,9,15,4,4,5,5,4,6,4,4,6,5,5,9
2015_4,이태원시장,76,36,40,8,11,12,12,13,20,4,6,6,6,6,8,4,5,6,6,7,12
2015_4,이촌종합시장,127,60,67,28,14,19,25,18,23,14,7,8,12,9,10,14,7,11,13,9,13
2015_4,용문전통시장,694,337,357,123,87,122,121,102,139,64,41,61,62,49,60,59,46,61,59,53,79
2015_4,만리시장,51,24,27,7,10,8,8,8,10,4,4,4,4,4,4,3,6,4,4,4,6
2015_4,신흥시장,68,33,35,9,10,12,10,11,16,5,5,6,5,5,7,4,5,6,5,6,9
2015_4,후암시장,458,225,233,74,64,76,78,71,95,39,33,39,39,34,41,35,31,37,39,37,54
2015_4,합동(새벽)시장,2,1,1,0,0,0,0,0,2,0,0,0,0,0,1,0,0,0,0,0,1
2015_4,서울중앙시장,1442,724,718,184,215,300,224,227,292,92,104,154,118,118,138,92,111,146,106,109,154
2015_4,백학시장,1031,511,520,164,138,161,182,176,210,84,71,81,95,90,90,80,67,80,87,86,120
2015_4,약수시장,2789,1330,1459,418,349,464,442,460,656,210,175,224,226,215,280,208,174,240,216,245,376
2015_4,동평화시장,76,38,38,8,13,12,13,14,16,4,7,6,7,7,7,4,6,6,6,7,9
2015_4,방산종합시장,331,209,122,20,33,33,50,76,119,10,17,21,34,57,70,10,16,12,16,19,49
2015_4,인현시장,164,87,77,15,21,24,23,33,48,7,11,13,14,18,24,8,10,11,9,15,24
2015_4,신중부시장,199,110,89,16,24,28,26,43,62,8,13,16,16,25,32,8,11,12,10,18,30
2015_4,남대문시장,531,294,237,45,54,59,78,123,172,22,25,30,47,79,91,23,29,29,31,44,81
2015_4,신설종합시장,70,37,33,7,13,11,11,12,16,4,6,6,6,7,8,3,7,5,5,5,8
2015_4,동묘시장,850,436,414,85,152,142,130,147,194,44,70,75,71,80,96,41,82,67,59,67,98
2015_4,창신골목시장,330,174,156,40,41,40,58,68,83,21,22,23,31,37,40,19,19,17,27,31,43
2015_4,충신시장,69,39,30,7,11,7,11,13,20,4,7,4,7,7,10,3,4,3,4,6,10
2015_4,종로신진시장,156,87,69,18,26,19,25,28,40,11,15,11,14,16,20,7,11,8,11,12,20
2015_4,광장시장,3,2,1,0,0,0,0,1,2,0,0,0,0,1,1,0,0,0,0,0,1
2015_4,통인시장,671,316,355,131,85,102,124,95,134,70,43,45,55,47,56,61,42,57,69,48,78
2015_4,서울 노원구 노원역_3,784,388,396,136,124,99,138,144,143,70,62,51,66,71,68,66,62,48,72,73,75
2015_4,서울 노원구 노원역_2,576,270,306,120,77,95,107,87,90,60,38,44,51,39,38,60,39,51,56,48,52
2015_4,서울 노원구 노원역_1,926,433,493,193,122,153,172,140,146,97,58,72,80,64,62,96,64,81,92,76,84
2015_4,창동역,2799,1358,1441,575,383,383,520,471,467,296,196,186,242,228,210,279,187,197,278,243,257
2015_4,서울 강북구 수유역_3,549,274,275,66,86,91,86,95,125,34,42,50,44,47,57,32,44,41,42,48,68
2015_4,서울 강북구 수유역_2,1430,712,718,169,226,237,228,245,325,87,113,129,116,120,147,82,113,108,112,125,178
2015_4,서울 강북구 수유역_1,746,371,375,102,114,126,124,122,158,53,55,65,66,61,71,49,59,61,58,61,87
2015_4,서울 은평구 연신내역_3,49,25,24,7,7,7,8,9,11,4,4,4,4,4,5,3,3,3,4,5,6
2015_4,서울 은평구 연신내역_2,844,407,437,153,118,132,149,133,159,77,59,69,70,63,69,76,59,63,79,70,90
2015_4,서울 은평구 연신내역_1,141,67,74,22,21,24,24,21,29,11,10,12,12,10,12,11,11,12,12,11,17
2015_4,서울 성북구 미아삼거리역_2,789,389,400,125,102,117,131,136,178,65,52,60,66,66,80,60,50,57,65,70,98
2015_4,서울 강북구 미아삼거리역_1,408,198,210,56,56,60,68,71,97,28,28,32,34,34,42,28,28,28,34,37,55
2015_4,서울 은평구 불광역_2,1826,875,951,306,240,304,305,293,378,156,117,150,151,137,164,150,123,154,154,156,214
2015_4,서울 은평구 불광역_1,656,314,342,98,99,115,108,101,135,48,46,58,54,48,60,50,53,57,54,53,75
2015_4,미아사거리_2,152,75,77,25,20,23,26,25,33,13,10,12,13,12,15,12,10,11,13,13,18
2015_4,미아사거리_1,707,343,364,145,77,110,131,105,139,72,38,52,69,50,62,73,39,58,62,55,77
2015_4,서울 성북구 성신여대입구역,905,401,504,124,215,163,137,109,157,60,77,77,69,51,67,64,138,86,68,58,90
2015_4,경희대학교,627,302,325,92,158,108,83,75,111,44,76,55,42,37,48,48,82,53,41,38,63
2015_4,서울 성북구 안암역,469,241,228,58,129,71,66,65,80,31,68,40,34,32,36,27,61,31,32,33,44
2015_4,혜화역 대학로_3,844,411,433,129,201,120,127,109,158,62,107,61,61,52,68,67,94,59,66,57,90
2015_4,혜화역 대학로_2,839,408,431,127,201,121,126,109,155,62,107,61,61,52,65,65,94,60,65,57,90
2015_4,혜화역 대학로_1,563,269,294,73,117,99,85,80,109,36,54,50,41,40,48,37,63,49,44,40,61
2015_4,디지털미디어시티,195,94,101,49,23,31,40,24,28,25,11,14,20,12,12,24,12,17,20,12,16
2015_4,서울 동대문구 청량리역,2189,1097,1092,289,283,297,323,396,601,149,149,158,171,199,271,140,134,139,152,197,330
2015_4,서울 종로구 경복궁역_2,331,153,178,53,42,51,56,52,77,28,19,23,25,24,34,25,23,28,31,28,43
2015_4,서울 종로구 안국역_2,125,59,66,18,14,18,18,21,36,9,7,9,9,9,16,9,7,9,9,12,20
2015_4,서울 종로구 안국역_1,72,33,39,10,8,11,14,11,18,5,4,5,7,5,7,5,4,6,7,6,11
2015_4,서울 종로구 경복궁역_1,516,238,278,84,65,79,88,79,121,43,29,36,41,36,53,41,36,43,47,43,68
2015_4,서울 종로구 종로3가역_3,546,318,228,44,68,65,81,112,176,20,36,38,52,74,98,24,32,27,29,38,78
2015_4,서울 종로구 종로3가역_2,1595,930,665,132,203,188,229,325,518,61,105,111,149,215,289,71,98,77,80,110,229
2015_4,서울 동대문구 신설동역_2,151,79,72,18,24,25,24,25,35,9,13,14,13,13,17,9,11,11,11,12,18
2015_4,인사동,444,260,184,37,55,51,64,92,145,17,29,31,41,62,80,20,26,20,23,30,65
2015_4,서울 종로구 종로5가역_4,540,314,226,45,68,64,79,110,174,21,35,38,51,72,97,24,33,26,28,38,77
2015_4,서울 종로구 종로5가역_3,340,190,150,38,60,40,55,62,85,22,35,24,32,35,42,16,25,16,23,27,43
2015_4,종로구청,286,164,122,23,36,34,41,58,94,10,19,19,26,39,51,13,17,15,15,19,43
2015_4,서울 종로구 종로5가역_2,1232,679,553,126,195,159,191,227,334,65,102,90,111,138,173,61,93,69,80,89,161
2015_4,신설동역,601,308,293,60,110,99,93,102,137,31,50,53,51,56,67,29,60,46,42,46,70
2015_4,서울 동대문구 신설동역_1,64,33,31,8,10,11,10,11,14,4,5,6,5,6,7,4,5,5,5,5,7
2015_4,서울 종로구 광화문역_2,1637,756,881,262,202,251,279,258,385,136,91,111,128,121,169,126,111,140,151,137,216
2015_4,동묘앞역,643,345,298,73,80,79,106,135,170,38,43,45,56,76,87,35,37,34,50,59,83
2015_4,장안동사거리,2549,1283,1266,451,323,454,435,401,485,233,165,229,229,198,229,218,158,225,206,203,256
2015_4,서울 종로구 동대문역_2,977,524,453,112,119,121,160,205,260,58,65,68,84,117,132,54,54,53,76,88,128
2015_4,서울 종로구 동대문역_1,129,65,64,17,18,16,24,25,29,9,9,9,12,13,13,8,9,7,12,12,16
2015_4,동대문시장_2,6,4,2,0,1,0,1,2,2,0,1,0,1,1,1,0,0,0,0,1,1
2015_4,서울 종로구 종로5가역_1,6,4,2,0,1,0,1,2,2,0,1,0,1,1,1,0,0,0,0,1,1
2015_4,서울 종로구 종로3가역_1,203,118,85,16,25,24,29,42,67,7,13,14,19,28,37,9,12,10,10,14,30
2015_4,종각역 젊음의 거리,47,28,19,4,5,5,6,10,17,2,3,3,4,7,9,2,2,2,2,3,8
2015_4,서대문구 서대문역_1,334,161,173,49,41,48,61,52,83,25,20,24,31,27,34,24,21,24,30,25,49
2015_4,동대문시장_1,5,3,2,0,0,0,1,2,2,0,0,0,1,1,1,0,0,0,0,1,1
2015_4,시청역_2,79,45,34,11,7,18,15,14,14,5,4,11,10,8,7,6,3,7,5,6,7
2015_4,서울시청,46,19,27,4,4,6,8,9,15,2,2,3,3,4,5,2,2,3,5,5,10
2015_4,서울 중구 을지로3가역_2,627,390,237,43,62,70,91,142,219,21,33,43,62,103,128,22,29,27,29,39,91
2015_4,서울 중구 신당역_2,350,181,169,37,56,53,63,65,76,19,29,28,35,35,35,18,27,25,28,30,41
2015_4,서대문구 서대문역_2,970,473,497,169,126,147,169,155,204,87,65,72,87,77,85,82,61,75,82,78,119
2015_4,동대문역사문화공원역,366,196,170,33,45,52,50,75,111,16,24,28,30,42,56,17,21,24,20,33,55
2015_4,서울 중구 을지로3가역_1,137,85,52,8,11,14,18,34,52,4,6,9,13,24,29,4,5,5,5,10,23
2015_4,명동거리,56,23,33,6,6,7,10,10,17,3,3,3,4,4,6,3,3,4,6,6,11
2015_4,롯데백화점,100,54,46,15,10,22,17,18,18,7,5,12,10,10,10,8,5,10,7,8,8
2015_4,서울 중구 신당역_1,787,392,395,124,102,121,141,136,163,63,53,62,73,71,70,61,49,59,68,65,93
2015_4,북창동,186,98,88,29,20,39,32,32,34,14,10,22,18,17,17,15,10,17,14,15,17
2015_4,서울 중구 충무로역_2,619,341,278,57,72,83,86,129,192,28,37,46,53,77,100,29,35,37,33,52,92
2015_4,서울 강서구 송정역,1829,934,895,260,283,329,287,304,366,135,141,180,156,151,171,125,142,149,131,153,195
2015_4,장한평역_2,989,499,490,161,133,183,161,161,190,83,68,94,85,78,91,78,65,89,76,83,99
2015_4,시청역_1,376,204,172,54,39,83,67,64,69,26,20,48,39,36,35,28,19,35,28,28,34
2015_4,왕십리역_2,642,313,329,105,101,112,104,105,115,52,49,56,52,53,51,53,52,56,52,52,64
2015_4,서울 강서구 발산역,490,235,255,79,75,73,72,88,103,41,39,37,34,41,43,38,36,36,38,47,60
2015_4,장한평역_1,129,65,64,22,16,24,21,22,24,11,8,12,11,11,12,11,8,12,10,11,12
2015_4,서울 중구 충무로역_1,584,298,286,72,90,93,83,96,150,36,48,51,47,48,68,36,42,42,36,48,82
2015_4,장한평역,190,103,87,25,27,30,34,34,40,13,14,17,20,20,19,12,13,13,14,14,21
2015_4,서울 중구 명동역,625,269,356,54,66,86,110,123,186,25,33,39,49,53,70,29,33,47,61,70,116
2015_4,장충동 족발거리,229,118,111,29,56,37,33,28,46,15,31,20,17,14,21,14,25,17,16,14,25
2015_4,한양시장,340,178,162,45,109,50,41,40,55,21,64,28,21,19,25,24,45,22,20,21,30
2015_4,서울 서대문구 이대역,889,414,475,113,281,158,106,96,135,60,116,80,53,45,60,53,165,78,53,51,75
2015_4,서울 서대문구 신촌역,1452,677,775,186,462,256,176,153,219,98,193,128,88,74,96,88,269,128,88,79,123
2015_4,서울 마포구 홍대입구역_3,43,20,23,6,8,10,6,6,7,3,3,5,3,3,3,3,5,5,3,3,4
2015_4,서울 마포구 홍대입구역_2,668,310,358,73,138,155,105,82,115,36,59,73,51,40,51,37,79,82,54,42,64
2015_4,홍익대학교 주변,7397,3437,3960,913,1490,1653,1175,928,1238,454,650,777,569,446,541,459,840,876,606,482,697
2015_4,서울 광진구 군자역,1867,913,954,242,369,402,270,267,317,127,171,204,138,128,145,115,198,198,132,139,172
2015_4,신촌역,785,377,408,87,174,148,122,105,149,44,79,73,63,53,65,43,95,75,59,52,84
2015_4,강서구청,3479,1718,1761,565,520,653,534,592,615,303,250,338,265,278,284,262,270,315,269,314,331
2015_4,서울 마포구 홍대입구역_1,647,296,351,72,133,150,103,80,109,36,56,70,49,37,48,36,77,80,54,43,61
2015_4,서울 중구 약수역_2,13,6,7,2,2,2,2,2,3,1,1,1,1,1,1,1,1,1,1,1,2
2015_4,서울 중구 약수역_1,107,52,55,16,14,18,17,17,25,8,7,9,9,8,11,8,7,9,8,9,14
2015_4,서울 강동구 고덕역,2655,1327,1328,581,399,281,470,495,429,317,221,129,213,239,208,264,178,152,257,256,221
2015_4,등촌역,954,466,488,154,151,168,150,163,168,83,77,85,71,75,75,71,74,83,79,88,93
2015_4,서울 강동구 명일역,1659,811,848,349,226,232,298,275,279,185,115,111,141,131,128,164,111,121,157,144,151
2015_4,어린이대공원역,633,311,322,69,171,127,84,82,100,35,79,66,45,41,45,34,92,61,39,41,55
2015_4,서울 용산구 숙대입구역,888,543,345,70,112,128,157,188,233,38,58,74,106,128,139,32,54,54,51,60,94
2015_4,남영역,11,6,5,0,2,2,2,2,3,0,1,1,1,1,2,0,1,1,1,1,1
2015_4,서울 마포구 마포역_2,4497,2158,2339,924,521,860,864,609,719,465,246,403,439,299,306,459,275,457,425,310,413
2015_4,서울 광진구 건대입구역_2,2698,1300,1398,224,953,549,308,285,379,110,420,288,168,145,169,114,533,261,140,140,210
2015_4,서울 마포구 마포역_1,746,355,391,122,104,132,120,116,152,63,49,63,59,56,65,59,55,69,61,60,87
2015_4,서울 강동구 천호역_2,1674,847,827,223,234,302,259,302,354,116,115,161,139,149,167,107,119,141,120,153,187
2015_4,서울 광진구 건대입구역_1,1985,1002,983,233,305,328,314,378,427,118,154,171,168,194,197,115,151,157,146,184,230
2015_4,서울 광진구 구의역,2023,971,1052,271,370,417,329,299,337,137,170,209,165,140,150,134,200,208,164,159,187
2015_4,서울 강동구 천호역,263,130,133,38,37,46,42,46,54,19,19,24,21,22,25,19,18,22,21,24,29
2015_4,당산역_2,1096,519,577,174,208,238,156,149,171,87,88,116,78,71,79,87,120,122,78,78,92
2015_4,서울 강동구 천호역_1,331,165,166,44,48,64,50,58,67,23,24,34,26,27,31,21,24,30,24,31,36
2015_4,서울 강동구 길동역,4468,2204,2264,714,675,818,696,761,804,377,331,416,348,353,379,337,344,402,348,408,425
2015_4,용산 전자상가_5,954,473,481,146,138,204,150,139,177,77,63,101,80,69,83,69,75,103,70,70,94
2015_4,용산 전자상가_4,311,150,161,54,41,59,53,46,58,26,19,29,27,23,26,28,22,30,26,23,32
2015_4,당산역_1,1466,715,751,247,259,311,225,203,221,126,115,157,114,100,103,121,144,154,111,103,118
2015_4,서울 광진구 강변역,140,67,73,26,22,23,24,23,22,13,11,11,11,11,10,13,11,12,13,12,12
2015_4,용산 전자상가_3,512,249,263,78,72,102,81,78,101,39,34,51,41,38,46,39,38,51,40,40,55
2015_4,서울 용산구 이태원역,1197,565,632,127,167,200,187,205,311,66,87,100,93,99,120,61,80,100,94,106,191
2015_4,한남오거리,435,209,226,54,58,87,71,69,96,28,28,43,35,33,42,26,30,44,36,36,54
2015_4,용산 전자상가_2,114,57,57,13,16,20,17,20,28,7,8,10,9,10,13,6,8,10,8,10,15
2015_4,용산구청,200,94,106,21,29,34,30,34,52,11,15,17,15,16,20,10,14,17,15,18,32
2015_4,용산 전자상가_1,201,100,101,23,26,36,29,36,51,12,13,18,15,18,24,11,13,18,14,18,27
2015_4,서울 용산구 신용산역,369,185,184,43,50,65,55,64,92,24,25,32,28,32,44,19,25,33,27,32,48
2015_4,압구정 로데오거리_2,3306,1532,1774,672,394,507,615,434,684,333,182,221,288,206,302,339,212,286,327,228,382
2015_4,서울 강남구 압구정역,3590,1664,1926,733,424,553,671,463,746,365,197,242,311,219,330,368,227,311,360,244,416
2015_4,서울 영등포구 영등포구청역,1077,531,546,146,165,223,164,163,216,71,77,117,89,77,100,75,88,106,75,86,116
2015_4,압구정 로데오거리_1,759,360,399,141,106,134,138,112,128,75,52,59,65,53,56,66,54,75,73,59,72
2015_4,서울 강동구 둔촌동역,877,437,440,145,130,159,144,146,153,80,68,80,72,68,69,65,62,79,72,78,84
2015_4,오목교역,1059,511,548,286,127,129,238,157,122,144,60,55,112,81,59,142,67,74,126,76,63
2015_4,신사동 가로수길,5627,2630,2997,1013,810,970,1035,745,1054,522,368,426,478,355,481,491,442,544,557,390,573
2015_4,청담사거리_3,204,96,108,39,29,36,36,30,34,20,14,16,17,14,15,19,15,20,19,16,19
2015_4,영등포유통상가,628,311,317,87,97,130,95,95,124,43,46,68,51,46,57,44,51,62,44,49,67
2015_4,청담역_2,443,209,234,82,63,79,78,66,75,43,30,35,36,31,34,39,33,44,42,35,41
2015_4,청담역_1,161,76,85,29,23,29,28,24,28,15,11,13,13,11,13,14,12,16,15,13,15
2015_4,청담사거리_2,300,142,158,56,43,53,53,45,50,29,21,24,24,21,23,27,22,29,29,24,27
2015_4,청담사거리_1,700,332,368,131,99,126,125,102,117,69,48,56,58,48,53,62,51,70,67,54,64
2015_4,서울 영등포구 여의도역_1,1243,591,652,236,152,199,202,189,265,120,72,90,98,90,121,116,80,109,104,99,144
2015_4,서울 양천구 신정네거리역_2,364,179,185,57,52,69,57,59,70,29,25,36,28,28,33,28,27,33,29,31,37
2015_4,학동사거리_2,441,209,232,82,64,77,78,65,75,43,31,34,36,31,34,39,33,43,42,34,41
2015_4,서울 영등포구 영등포시장역,1112,633,479,107,206,221,163,187,228,59,98,129,104,119,124,48,108,92,59,68,104
2015_4,학동사거리_1,548,257,291,83,82,121,93,72,97,43,36,54,44,35,45,40,46,67,49,37,52
2015_4,여의도 시범아파트앞,550,262,288,102,68,88,90,84,118,52,32,40,44,40,54,50,36,48,46,44,64
2015_4,영등포역_3,602,344,258,56,112,120,86,103,125,30,54,70,56,66,68,26,58,50,30,37,57
2015_4,도산공원사거리_1,509,235,274,99,63,85,95,66,101,50,28,37,44,31,45,49,35,48,51,35,56
2015_4,영등포역_2,889,507,382,84,165,176,130,152,182,47,79,102,83,97,99,37,86,74,47,55,83
2015_4,문래동 주민센터,207,102,105,43,23,42,36,26,37,22,11,20,19,13,17,21,12,22,17,13,20
2015_4,강남구 신사역_2,1022,473,549,95,200,285,159,128,155,48,86,130,80,59,70,47,114,155,79,69,85
2015_4,영등포역_1,206,118,88,20,39,41,30,34,42,11,19,24,19,22,23,9,20,17,11,12,19
2015_4,서울 강남구 강남구청역_2,185,88,97,26,29,44,31,24,31,14,13,19,15,12,15,12,16,25,16,12,16
2015_4,강남구 신사역_1,1500,713,787,324,186,261,319,203,207,166,87,117,153,99,91,158,99,144,166,104,116
2015_4,서울 동작구 노량진1동_1,25,12,13,4,4,4,4,4,5,2,2,2,2,2,2,2,2,2,2,2,3
2015_4,서울 강남구 학동역_3,172,81,91,25,28,41,27,23,28,13,12,19,13,11,13,12,16,22,14,12,15
2015_4,서울 강남구 강남구청역_1,509,241,268,72,83,120,84,65,85,39,34,55,41,32,40,33,49,65,43,33,45
2015_4,잠실역,3845,1827,2018,753,544,584,619,644,701,375,272,265,276,302,337,378,272,319,343,342,364
2015_4,강남구 논현역_4,3204,1521,1683,693,399,560,681,433,438,355,186,250,326,211,193,338,213,310,355,222,245
2015_4,학동역,674,311,363,60,133,189,105,85,102,30,57,86,53,39,46,30,76,103,52,46,56
2015_4,방이동 먹자골목,3101,1514,1587,436,502,687,473,499,504,233,240,349,233,226,233,203,262,338,240,273,271
2015_4,서울 강남구 학동역_2,137,66,71,19,22,32,23,18,23,10,10,15,11,9,11,9,12,17,12,9,12
2015_4,서울 동작구 노량진역,1555,780,775,237,263,264,232,242,317,124,141,141,120,113,141,113,122,123,112,129,176
2015_4,삼성역_3,2,1,1,1,0,0,1,0,0,1,0,0,0,0,0,0,0,0,1,0,0
2015_4,서울 강남구 학동역_1,1004,463,541,92,197,281,156,125,153,46,85,128,79,57,68,46,112,153,77,68,85
2015_4,선정릉역_2,1960,937,1023,409,253,400,405,228,265,222,119,168,195,114,119,187,134,232,210,114,146
2015_4,강남구 논현역_3,115,53,62,12,21,32,18,15,17,6,9,14,9,7,8,6,12,18,9,8,9
2015_4,포스코사거리_2,668,334,334,123,100,107,113,107,118,72,52,51,51,52,56,51,48,56,62,55,62
2015_4,포스코사거리_1,3565,1702,1863,739,461,732,737,416,480,402,215,308,355,208,214,337,246,424,382,208,266
2015_4,잠실역 롯데월드,4145,1992,2153,917,514,647,720,616,731,475,250,285,344,285,353,442,264,362,376,331,378
2015_4,신도림역,1114,547,567,191,173,222,176,166,186,97,80,110,90,82,88,94,93,112,86,84,98
2015_4,강남구 논현역_2,4258,1966,2292,388,845,1187,666,525,647,195,363,539,339,240,290,193,482,648,327,285,357
2015_4,선정릉역_1,728,348,380,151,95,150,151,84,97,82,45,63,73,42,43,69,50,87,78,42,54
2015_4,신천역,2644,1260,1384,391,446,574,432,403,398,198,209,278,210,190,175,193,237,296,222,213,223
2015_4,강남구 논현역_1,4731,2266,2465,960,681,948,916,588,638,491,302,425,473,290,285,469,379,523,443,298,353
2015_4,삼성역_2,487,244,243,115,71,46,99,87,69,66,38,20,43,44,33,49,33,26,56,43,36
2015_4,삼정역_2,728,340,388,101,119,171,121,94,122,53,51,76,59,45,56,48,68,95,62,49,66
2015_4,삼정역_1,61,28,33,6,13,18,10,6,8,3,5,9,5,3,3,3,8,9,5,3,5
2015_4,삼성역_1,4310,2181,2129,1014,637,414,871,769,605,582,343,190,376,397,293,432,294,224,495,372,312
2015_4,서울 강남구 선릉역_2,2051,979,1072,182,428,602,319,245,275,91,180,290,168,120,130,91,248,312,151,125,145
2015_4,서울 서초구 강남역,2983,1424,1559,270,625,869,465,358,396,135,263,417,247,177,185,135,362,452,218,181,211
2015_4,서울 강남구 선릉역_1,1666,793,873,346,217,341,342,196,224,188,100,142,165,98,100,158,117,199,177,98,124
2015_4,서울 송파구 석촌역_2,444,213,231,65,74,99,66,68,72,33,34,48,32,32,34,32,40,51,34,36,38
2015_4,선릉역_2,4902,2315,2587,898,812,903,1024,688,577,480,387,387,460,346,255,418,425,516,564,342,322
2015_4,서울 강남구 역삼역_2,872,417,455,78,181,256,136,105,116,39,76,124,72,51,55,39,105,132,64,54,61
2015_4,서울 송파구 석촌역_1,245,117,128,36,41,54,36,38,40,18,19,26,17,18,19,18,22,28,19,20,21
2015_4,서울 강남구 강남역_2,2679,1305,1374,657,307,380,552,363,420,342,150,167,262,182,202,315,157,213,290,181,218
2015_4,선릉역_1,1430,674,756,344,173,252,318,164,179,175,77,108,150,85,79,169,96,144,168,79,100
2015_4,구로역,330,161,169,51,55,66,51,50,57,26,25,33,26,25,26,25,30,33,25,25,31
2015_4,역삼역_2,309,145,164,76,38,54,69,34,38,39,17,23,32,17,17,37,21,31,37,17,21
2015_4,대림역_2,505,248,257,78,84,102,78,76,87,40,38,51,40,38,41,38,46,51,38,38,46
2015_4,서울 강남구 역삼역_1,3269,1561,1708,292,683,961,508,392,433,146,288,464,269,191,203,146,395,497,239,201,230
2015_4,신대방삼거리역,1416,690,726,267,208,239,249,200,253,137,101,119,123,97,113,130,107,120,126,103,140
2015_4,서울 강남구 한티역,1676,791,885,308,278,308,351,234,197,163,132,132,159,118,87,145,146,176,192,116,110
2015_4,은마아파트입구사거리_4,525,265,260,122,79,51,106,93,74,70,42,23,45,49,36,52,37,28,61,44,38
2015_4,은마아파트입구사거리_3,258,123,135,48,43,48,53,36,30,26,21,21,24,18,13,22,22,27,29,18,17
2015_4,은마아파트입구사거리_2,127,64,63,29,19,12,26,23,18,17,10,5,11,12,9,12,9,7,15,11,9
2015_4,오류동역,1447,711,736,213,223,282,208,222,299,105,106,147,109,106,138,108,117,135,99,116,161
2015_4,서울 강남구 강남역,779,371,408,70,163,228,120,94,104,35,68,110,63,46,49,35,95,118,57,48,55
2015_4,은마아파트입구사거리_1,226,113,113,68,26,18,55,33,26,38,13,7,24,18,13,30,13,11,31,15,13
2015_4,대림역_1,465,232,233,65,62,87,74,75,102,34,30,46,39,37,46,31,32,41,35,38,56
2015_4,교대역_4,1943,945,998,479,221,277,400,263,303,249,108,121,189,132,146,230,113,156,211,131,157
2015_4,서울 강남구 강남역_1,1889,920,969,368,259,363,329,264,306,192,126,167,163,126,146,176,133,196,166,138,160
2015_4,방배동카페골목,2758,1289,1469,612,357,375,549,410,455,297,163,168,249,204,208,315,194,207,300,206,247
2015_4,교대역_3,193,94,99,32,31,31,32,31,36,17,15,15,15,15,17,15,16,16,17,16,19
2015_4,역삼역_1,2425,1158,1267,216,507,711,380,291,320,108,213,343,202,142,150,108,294,368,178,149,170
2015_4,교대역_2,1796,860,936,320,265,337,309,257,308,166,128,154,147,120,145,154,137,183,162,137,163
2015_4,서울 송파구 가락시장역,416,209,207,71,66,71,70,74,64,37,33,37,34,37,31,34,33,34,36,37,33
2015_4,서울 서초구 서초역,218,108,110,37,34,35,35,35,42,21,17,17,16,17,20,16,17,18,19,18,22
2015_4,서울 강남구 대치역_2,254,127,127,77,29,20,61,38,29,43,14,8,27,21,14,34,15,12,34,17,15
2015_4,서울 강남구 대치역_1,657,328,329,199,75,52,158,97,76,111,37,21,69,53,37,88,38,31,89,44,39
2015_4,뱅뱅사거리_2,1131,540,591,102,235,331,177,135,151,51,99,159,94,66,71,51,136,172,83,69,80
2015_4,보라매공원,2506,1231,1275,473,360,446,430,346,451,247,170,227,213,167,207,226,190,219,217,179,244
2015_4,교대역_1,2571,1273,1298,434,409,412,425,414,477,241,201,202,199,204,226,193,208,210,226,210,251
2015_4,개봉동 현대아파트 인근,2662,1314,1348,474,333,468,413,424,550,242,170,240,208,194,260,232,163,228,205,230,290
2015_4,뱅뱅사거리,2399,1168,1231,467,327,464,416,336,389,244,160,212,206,160,186,223,167,252,210,176,203
2015_4,뱅뱅사거리_1,1703,807,896,341,260,273,291,270,268,163,122,125,138,132,127,178,138,148,153,138,141
2015_4,서울 관악구 신림역_4,2907,1470,1437,185,981,785,336,265,355,94,447,443,192,132,162,91,534,342,144,133,193
2015_4,동작구 총신대입구역_1,1474,716,758,219,210,287,215,233,310,115,102,141,108,108,142,104,108,146,107,125,168
2015_4,양재역_3,2268,1107,1161,440,311,436,392,320,369,229,153,201,194,153,177,211,158,235,198,167,192
2015_4,동작구 총신대입구역_2,1946,903,1043,399,266,323,364,277,317,190,120,144,169,136,144,209,146,179,195,141,173
2015_4,서울 서초구 남부터미널역_3,859,411,448,154,126,162,147,122,148,80,61,74,70,57,69,74,65,88,77,65,79
2015_4,서울 강남구 수서역,2184,999,1185,226,272,426,228,378,654,113,138,227,115,160,246,113,134,199,113,218,408
2015_4,서울 관악구 신림역_3,1043,528,515,68,351,282,120,96,126,34,161,159,68,48,58,34,190,123,52,48,68
2015_4,서울 서초구 남부터미널역_2,3484,1719,1765,582,557,558,573,563,651,322,272,272,269,276,308,260,285,286,304,287,343
2015_4,구로디지탈1단지,2269,1146,1123,328,421,563,353,262,342,167,194,306,197,126,156,161,227,257,156,136,186
2015_4,양재역,2281,1082,1199,456,352,366,387,360,360,218,165,169,183,175,172,238,187,197,204,185,188
2015_4,문정역,450,221,229,78,72,76,69,81,74,40,36,38,33,38,36,38,36,38,36,43,38
2015_4,매봉역,1707,796,911,407,218,223,334,259,266,191,100,95,149,129,132,216,118,128,185,130,134
2015_4,서울 서초구 방배역,1252,599,653,208,187,249,202,178,228,111,87,117,96,81,107,97,100,132,106,97,121
2015_4,서울 서초구 남부터미널역_1,1025,492,533,183,151,192,175,148,176,95,73,88,84,69,83,88,78,104,91,79,93
2015_4,서울 관악구 신림역_2,1899,973,926,190,435,424,260,258,332,98,227,239,137,118,154,92,208,185,123,140,178
2015_4,서울 관악구 신림역_1,217,113,104,22,49,48,30,30,38,12,26,27,16,14,18,10,23,21,14,16,20
2015_4,양재역_2,1194,578,616,264,148,229,194,159,200,135,74,107,100,74,88,129,74,122,94,85,112
2015_4,양재역_1,18,9,9,4,2,4,3,2,3,2,1,2,2,1,1,2,1,2,1,1,2
2015_4,서울 관악구 서울대입구역_2,966,474,492,111,218,204,130,128,175,56,102,108,69,60,79,55,116,96,61,68,96
2015_4,가산디지털단지역_3,2482,1381,1101,246,532,547,353,401,403,123,273,341,212,224,208,123,259,206,141,177,195
2015_4,구로디지털단지역,193,105,88,18,21,25,35,44,50,9,12,14,20,26,24,9,9,11,15,18,26
2015_4,서울 관악구 서울대입구역_1,3515,1747,1768,417,880,735,474,422,587,209,421,393,254,204,266,208,459,342,220,218,321
2015_4,관악구 사당역_1,656,313,343,105,102,110,102,108,129,53,50,53,48,50,59,52,52,57,54,58,70
2015_4,가산디지털단지역_2,868,484,384,86,187,191,124,139,141,43,96,119,75,78,73,43,91,72,49,61,68
2015_4,관악구 사당역_2,1013,487,526,109,203,224,133,152,192,58,92,114,67,67,89,51,111,110,66,85,103
2015_4,가산디지털단지역_1,520,290,230,52,111,114,74,84,85,26,57,71,45,47,44,26,54,43,29,37,41
2015_4,포이사거리_1,161,79,82,29,25,27,29,27,24,15,13,14,13,13,11,14,12,13,16,14,13
2015_4,포이사거리_2,2935,1468,1467,473,453,632,521,418,438,243,218,333,272,205,197,230,235,299,249,213,241
2015_4,관악구 사당역_3,770,371,399,104,156,166,99,109,136,52,71,85,50,50,63,52,85,81,49,59,73
2015_4,서울 관악구 대학동_1,2549,1485,1064,259,621,546,385,333,405,136,381,353,249,175,191,123,240,193,136,158,214
2015_4,서울 금천구 독산1동_1,949,499,450,134,164,182,146,147,176,70,87,104,80,76,82,64,77,78,66,71,94
2015_4,양재동 꽃시장,137,68,69,22,21,29,25,20,20,11,10,15,13,10,9,11,11,14,12,10,11
2015_4,양재 화물트럭터미널앞_2,954,477,477,154,147,206,168,137,142,79,71,108,88,67,64,75,76,98,80,70,78
2015_4,양재 화물트럭터미널앞_1,27,14,13,4,4,6,5,4,4,2,2,3,3,2,2,2,2,3,2,2,2
2015_4,서울 금천구 시흥1동_4,973,489,484,163,130,161,160,168,191,85,69,83,81,83,88,78,61,78,79,85,103
2015_4,풍성로37가길,2833,1409,1424,375,421,541,432,497,567,190,208,288,223,240,260,185,213,253,209,257,307
2015_4,천호옛길,4088,2031,2057,541,608,780,618,716,825,274,298,418,319,345,377,267,310,362,299,371,448
2015_4,천호옛14길,2447,1216,1231,323,363,468,369,431,493,163,178,252,190,208,225,160,185,216,179,223,268
2015_4,천호대로219길,1853,927,926,335,293,217,300,384,324,172,163,114,135,188,155,163,130,103,165,196,169
2015_4,천호대로197길,3979,1961,2018,635,604,729,620,678,713,334,296,371,310,315,335,301,308,358,310,363,378
2015_4,천호대로187길,3133,1545,1588,498,476,571,488,538,562,263,233,290,244,251,264,235,243,281,244,287,298
2015_4,천호대로170길,3566,1774,1792,471,529,681,542,625,718,240,261,365,280,299,329,231,268,316,262,326,389
2015_4,천호대로162길,1996,990,1006,263,295,382,304,351,401,133,144,204,156,169,184,130,151,178,148,182,217
2015_4,천중로51길,3977,1958,2019,671,590,697,639,675,705,355,291,351,315,315,331,316,299,346,324,360,374
2015_4,천중로39길,5452,2723,2729,808,763,898,862,990,1131,415,386,473,443,480,526,393,377,425,419,510,605
2015_4,진황도로47길,2003,988,1015,319,303,367,312,342,360,168,148,188,156,160,168,151,155,179,156,182,192
2015_4,진황도로27길,7474,3790,3684,969,1049,1354,1128,1341,1633,505,514,728,609,662,772,464,535,626,519,679,861
2015_4,올림픽로98길,2676,1337,1339,462,358,461,446,451,498,239,185,240,226,224,223,223,173,221,220,227,275
2015_4,올림픽로80길,2817,1420,1397,396,380,506,458,506,571,206,190,264,243,253,264,190,190,242,215,253,307
2015_4,올림픽로78길,1528,774,754,216,206,276,248,272,310,113,103,145,132,136,145,103,103,131,116,136,165
2015_4,올림픽로77길,3041,1534,1507,426,411,546,494,547,617,222,205,285,264,273,285,204,206,261,230,274,332
2015_4,올림픽로71길,3694,1864,1830,519,502,658,600,667,748,271,251,345,319,333,345,248,251,313,281,334,403
2015_4,올림픽로48길,1813,885,928,351,242,332,304,274,310,179,121,160,152,130,143,172,121,172,152,144,167
2015_4,양재대로96길,3132,1552,1580,589,450,498,494,543,558,307,232,250,243,259,261,282,218,248,251,284,297
2015_4,양재대로95길,3842,1921,1921,634,564,703,632,638,671,353,298,353,317,297,303,281,266,350,315,341,368
2015_4,양재대로91길,3712,1859,1853,612,548,684,606,614,648,341,288,344,305,287,294,271,260,340,301,327,354
2015_4,양재대로133길,4816,2409,2407,741,676,763,769,880,987,384,346,402,395,426,456,357,330,361,374,454,531
2015_4,양재대로124길,5357,2641,2716,855,810,981,838,913,960,452,396,498,419,424,452,403,414,483,419,489,508
2015_4,양재대로116길,1721,850,871,275,260,316,266,295,309,145,128,161,133,138,145,130,132,155,133,157,164
2015_4,양재대로101길,5111,2554,2557,843,756,938,835,844,895,468,398,470,420,393,405,375,358,468,415,451,490
2015_4,암사길,6838,3414,3424,1179,918,1177,1142,1153,1269,610,476,612,578,570,568,569,442,565,564,583,701
2015_4,성안로3길,3677,1793,1884,712,490,671,622,554,628,364,246,322,311,260,290,348,244,349,311,294,338
2015_4,성내로5길,3484,1697,1787,676,464,636,590,523,595,345,233,304,295,246,274,331,231,332,295,277,321
2015_4,상일로5길,1064,535,529,191,166,126,173,222,186,99,92,67,78,110,89,92,74,59,95,112,97
2015_4,상암로5길,2370,1164,1206,472,291,461,413,351,382,241,145,220,212,166,180,231,146,241,201,185,202
2015_4,상암로51길,2792,1367,1425,588,381,392,497,463,471,312,196,190,233,219,217,276,185,202,264,244,254
2015_4,상암로4길,4664,2322,2342,791,606,867,784,764,852,409,302,432,410,373,396,382,304,435,374,391,456
2015_4,상암로14길,2794,1411,1383,393,378,502,451,504,566,205,189,262,241,252,262,188,189,240,210,252,304
2015_4,명일로13길,2236,1105,1131,420,319,357,356,386,398,218,164,180,175,183,185,202,155,177,181,203,213
2015_4,동남로85길,3861,1958,1903,885,493,600,672,633,578,482,266,300,332,317,261,403,227,300,340,316,317
2015_4,동남로82길,847,448,399,124,114,99,142,170,198,67,65,57,77,90,92,57,49,42,65,80,106
2015_4,동남로65길,4243,2128,2115,928,639,448,751,792,685,509,355,208,340,382,334,419,284,240,411,410,351
2015_4,구천면로42길,4265,2128,2137,652,598,683,684,775,873,334,305,358,352,374,405,318,293,325,332,401,468
2015_4,구천면로41길,4892,2467,2425,682,660,877,797,884,992,355,330,458,424,441,459,327,330,419,373,443,533
2015_4,구천면로36길,3179,1601,1578,448,445,544,494,574,674,233,222,290,260,280,316,215,223,254,234,294,358
2015_4,고덕로61길,1403,712,691,320,181,218,244,231,209,174,97,109,122,116,94,146,84,109,122,115,115
2015_4,고덕로25길,1558,769,789,367,180,247,285,238,241,185,96,114,143,112,119,182,84,133,142,126,122
2015_4,고덕로10길,2089,1043,1046,360,280,360,351,352,386,187,145,187,178,173,173,173,135,173,173,179,213
2015_4,강동대로53길,3106,1553,1553,514,458,573,505,515,541,286,242,288,254,239,244,228,216,285,251,276,297
2015_4,풍성로25길,2518,1238,1280,381,340,411,401,449,536,191,175,213,204,214,241,190,165,198,197,235,295
2015_4,오금로46길,2704,1325,1379,594,394,403,498,440,375,306,197,193,238,213,178,288,197,210,260,227,197
2015_4,오금로36길,3240,1616,1624,558,513,558,536,580,495,287,257,287,260,290,235,271,256,271,276,290,260
2015_4,오금로11길,4696,2289,2407,662,757,1043,716,757,761,352,362,530,351,343,351,310,395,513,365,414,410
2015_4,양재대로72길,2111,1045,1066,372,331,304,345,384,375,192,173,152,163,185,180,180,158,152,182,199,195
2015_4,양재대로71길,2051,1010,1041,428,299,285,378,340,321,221,156,138,173,166,156,207,143,147,205,174,165
2015_4,양재대로64길,3154,1577,1577,539,498,541,523,567,486,278,251,278,256,283,231,261,247,263,267,284,255
2015_4,양재대로62길,1754,871,883,302,277,304,289,316,266,154,139,155,140,157,126,148,138,149,149,159,140
2015_4,송파대로30길,3108,1551,1557,531,491,536,513,563,474,274,246,276,248,281,226,257,245,260,265,282,248
2015_4,송이로36길,3287,1619,1668,581,516,559,513,581,537,298,265,278,246,270,262,283,251,281,267,311,275
2015_4,송이로32길,5717,2822,2895,986,919,971,883,1014,944,506,469,485,423,473,466,480,450,486,460,541,478
2015_4,송이로23길,5759,2827,2932,1260,840,863,1064,936,796,650,419,415,511,455,377,610,421,448,553,481,419
2015_4,삼전로13길,7169,3418,3751,1051,1207,1564,1162,1086,1099,535,558,760,561,512,492,516,649,804,601,574,607
2015_4,백제고분로50길,7125,3471,3654,1007,1153,1582,1086,1144,1153,535,552,802,533,520,529,472,601,780,553,624,624
2015_4,백제고분로46길,3391,1623,1768,527,562,713,510,527,552,264,262,346,243,247,261,263,300,367,267,280,291
2015_4,백제고분로45길,4910,2348,2562,723,827,1089,731,745,795,363,384,530,348,349,374,360,443,559,383,396,421
2015_4,백제고분로42길,4619,2207,2412,683,777,1024,685,702,748,344,360,498,325,328,352,339,417,526,360,374,396
2015_4,백제고분로39길,3863,1880,1983,579,609,846,627,587,615,296,294,419,315,278,278,283,315,427,312,309,337
2015_4,백제고분로34길,8159,3970,4189,1225,1287,1784,1329,1236,1298,627,619,881,669,586,588,598,668,903,660,650,710
2015_4,백제고분로33길,6648,3238,3410,998,1048,1451,1079,1012,1060,511,507,717,543,480,480,487,541,734,536,532,580
2015_4,백제고분로32길,6175,2957,3218,963,976,1421,1039,879,897,501,460,690,502,405,399,462,516,731,537,474,498
2015_4,백제고분로31길,6899,3303,3596,1079,1092,1585,1160,986,997,560,513,770,561,456,443,519,579,815,599,530,554
2015_4,백제고분로22길,6847,3285,3562,1067,1081,1574,1148,981,996,556,510,766,557,453,443,511,571,808,591,528,553
2015_4,백제고분로21길,2773,1330,1443,434,440,638,467,394,400,227,207,309,228,182,177,207,233,329,239,212,223
2015_4,마천로51길,4304,2190,2114,737,551,608,727,759,922,375,296,323,381,387,428,362,255,285,346,372,494
2015_4,동남로20길,3481,1709,1772,764,503,522,644,567,481,393,251,250,309,276,230,371,252,272,335,291,251
2015_4,거마로20길,2981,1515,1466,479,397,416,500,552,637,251,216,218,258,280,292,228,181,198,242,272,345
2015_4,학동로77길,1904,900,1004,354,272,337,338,280,323,187,131,148,156,132,146,167,141,189,182,148,177
2015_4,학동로6길,1661,769,892,149,329,465,260,206,252,76,141,212,132,95,113,73,188,253,128,111,139
2015_4,학동로56길,403,193,210,84,52,83,84,46,54,46,24,35,41,23,24,38,28,48,43,23,30
2015_4,학동로38길,1669,783,886,233,272,394,275,214,281,124,116,178,134,102,129,109,156,216,141,112,152
2015_4,테헤란로81길,788,396,392,145,118,126,133,127,139,85,62,60,61,62,66,60,56,66,72,65,73
2015_4,일원로9길,3989,1944,2045,611,626,653,562,684,853,329,317,337,278,315,368,282,309,316,284,369,485
2015_4,일원로3길,2986,1453,1533,457,471,488,427,510,633,245,238,251,210,235,274,212,233,237,217,275,359
2015_4,영동대로65길,2319,1172,1147,545,344,218,471,416,325,313,185,99,204,215,156,232,159,119,267,201,169
2015_4,영동대로112길,2632,1311,1321,483,393,421,444,422,469,282,203,200,202,203,221,201,190,221,242,219,248
2015_4,언주로81길,5549,2623,2926,1331,672,984,1235,636,691,675,303,424,585,331,305,656,369,560,650,305,386
2015_4,압구정로2길,1126,525,601,201,165,193,205,148,214,104,75,85,94,70,97,97,90,108,111,78,117
2015_4,선릉로18길,639,310,329,132,90,101,116,110,90,68,48,49,53,54,38,64,42,52,63,56,52
2015_4,선릉로146길,2860,1352,1508,530,406,512,509,422,481,279,194,227,235,199,218,251,212,285,274,223,263
2015_4,선릉로133길,1769,827,942,245,287,415,293,227,302,132,123,184,141,109,138,113,164,231,152,118,164
2015_4,선릉로132길,2019,951,1068,377,287,359,357,300,339,198,137,159,164,141,152,179,150,200,193,159,187
2015_4,선릉로121길,1348,630,718,189,219,316,223,173,228,101,94,141,107,82,105,88,125,175,116,91,123
2015_4,삼성로75길,2549,1202,1347,469,423,468,529,361,299,251,201,201,236,181,132,218,222,267,293,180,167
2015_4,삼성로69길,3085,1457,1628,564,512,568,648,430,363,302,243,244,292,217,159,262,269,324,356,213,204
2015_4,삼성로64길,2879,1458,1421,676,428,274,584,510,407,388,229,126,253,265,197,288,199,148,331,245,210
2015_4,삼성로63길,4015,1897,2118,733,666,739,839,567,471,393,317,317,377,285,208,340,349,422,462,282,263
2015_4,삼성로57길,2262,1132,1130,687,257,181,543,333,261,383,127,74,237,183,128,304,130,107,306,150,133
2015_4,삼성로147길,1354,641,713,252,193,242,240,200,227,133,92,107,112,94,103,119,101,135,128,106,124
2015_4,삼성로115길,2928,1397,1531,609,381,596,605,344,393,331,178,248,292,172,176,278,203,348,313,172,217
2015_4,봉은사로68길,2169,1036,1133,451,281,443,449,254,291,245,132,185,217,127,130,206,149,258,232,127,161
2015_4,봉은사로57길,525,248,277,110,70,108,108,60,69,60,32,44,52,30,30,50,38,64,56,30,39
2015_4,봉은사로43길,2895,1359,1536,405,472,681,481,372,484,217,203,306,233,177,223,188,269,375,248,195,261
2015_4,봉은사로29길,1517,710,807,213,246,354,250,198,256,113,106,159,120,94,118,100,140,195,130,104,138
2015_4,봉은사로109길,2062,1025,1037,378,309,330,348,330,367,221,159,157,157,158,173,157,150,173,191,172,194
2015_4,도산대로89길,799,378,421,149,114,142,141,118,135,78,55,64,65,55,61,71,59,78,76,63,74
2015_4,도산대로81길,705,333,372,131,100,125,124,105,120,69,48,56,57,49,54,62,52,69,67,56,66
2015_4,도산대로50길,1963,919,1044,276,318,461,327,251,330,146,136,207,157,121,152,130,182,254,170,130,178
2015_4,도산대로38길,1417,662,755,198,229,333,234,181,242,104,98,149,114,85,112,94,131,184,120,96,130
2015_4,도산대로30길,1254,587,667,175,205,297,206,160,211,92,87,134,100,77,97,83,118,163,106,83,114
2015_4,도산대로23길,1967,917,1050,351,287,338,355,262,374,180,131,148,162,125,171,171,156,190,193,137,203
2015_4,도산대로15길,1020,478,542,182,148,176,187,135,192,94,68,77,86,65,88,88,80,99,101,70,104
2015_4,도곡로37길,6912,3265,3647,1661,841,1219,1536,795,860,842,377,524,727,414,381,819,464,695,809,381,479
2015_4,논현로8길,3495,1726,1769,627,528,590,636,587,527,326,268,304,297,288,243,301,260,286,339,299,284
2015_4,논현로63길,1873,892,981,168,392,550,293,223,247,84,164,264,154,110,116,84,228,286,139,113,131
2015_4,논현로28길,695,325,370,166,90,89,136,106,108,78,41,38,61,53,54,88,49,51,75,53,54
2015_4,논현로26길,3162,1476,1686,755,404,412,619,477,495,353,188,175,276,238,246,402,216,237,343,239,249
2015_4,논현로159길,784,367,417,141,113,134,141,105,150,72,52,59,64,51,69,69,61,75,77,54,81
2015_4,논현로139길,1636,758,878,148,324,457,255,203,249,76,140,208,129,92,113,72,184,249,126,111,136
2015_4,논현로123길,1710,791,919,155,336,477,268,213,261,78,144,217,136,99,117,77,192,260,132,114,144
2015_4,논현로115길,3133,1446,1687,285,623,879,490,383,473,144,269,399,248,176,210,141,354,480,242,207,263
2015_4,논현로10길,1493,736,757,266,227,252,272,250,226,138,115,130,127,122,104,128,112,122,145,128,122
2015_4,논현로106길,2245,1072,1173,200,470,657,351,267,300,100,197,316,186,131,142,100,273,341,165,136,158
2015_4,남부순환로365길,1890,896,994,378,289,303,322,297,301,180,136,139,151,146,144,198,153,164,171,151,157
2015_4,개포로28길,1873,928,945,338,283,315,339,314,284,177,144,163,159,153,132,161,139,152,180,161,152
2015_4,개포로20길,2570,1271,1299,460,388,435,467,432,388,240,196,225,219,212,179,220,192,210,248,220,209
2015_4,개포로17길,3048,1505,1543,543,461,518,555,512,459,282,234,266,259,252,212,261,227,252,296,260,247
2015_4,강남대로140길,1761,819,942,157,348,494,277,217,268,79,151,225,142,101,121,78,197,269,135,116,147
2015_4,강남대로136길,1143,527,616,105,225,319,178,142,174,53,96,146,90,64,78,52,129,173,88,78,96
2015_4,강남대로118길,1651,764,887,148,328,460,258,204,253,75,142,208,131,94,114,73,186,252,127,110,139
2015_4,서초중앙로8길,2678,1279,1399,478,396,503,460,383,458,248,190,230,222,176,213,230,206,273,238,207,245
2015_4,방배중앙로21길,2331,1092,1239,518,301,318,467,347,380,250,138,144,213,173,174,268,163,174,254,174,206
2015_4,효령로72길,1668,813,855,327,225,321,292,233,270,171,110,147,145,110,130,156,115,174,147,123,140
2015_4,효령로34길,1460,707,753,247,229,212,225,256,291,126,116,104,104,121,136,121,113,108,121,135,155
2015_4,효령로31길,1762,842,920,290,263,352,283,251,323,156,121,165,134,116,150,134,142,187,149,135,173
2015_4,효령로23길,4451,2128,2323,737,666,887,715,632,814,397,307,415,338,291,380,340,359,472,377,341,434
2015_4,청두곶길,3021,1444,1577,491,465,508,472,495,590,250,227,249,218,227,273,241,238,259,254,268,317
2015_4,주흥길,4993,2395,2598,1015,718,998,966,622,674,518,319,448,500,309,301,497,399,550,466,313,373
2015_4,주흥15길,3714,1784,1930,752,535,742,720,463,502,384,238,332,374,231,225,368,297,410,346,232,277
2015_4,언남길,1962,982,980,314,302,424,349,279,294,162,145,223,183,137,132,152,157,201,166,142,162
2015_4,신반포로45길,3817,1810,2007,828,473,666,812,515,523,423,221,298,388,251,229,405,252,368,424,264,294
2015_4,서초대로8길,5161,2461,2700,831,798,866,806,851,1009,421,390,421,373,390,466,410,408,445,433,461,543
2015_4,서초대로64길,1072,514,558,192,158,203,181,155,183,99,76,93,88,72,86,93,82,110,93,83,97
2015_4,서초대로4길,3296,1571,1725,533,510,554,514,543,642,269,248,269,239,248,298,264,262,285,275,295,344
2015_4,서초대로25길,1326,613,713,271,181,220,248,189,217,129,81,98,114,93,98,142,100,122,134,96,119
2015_4,서초대로23길,2762,1279,1483,565,378,458,514,394,453,268,169,206,238,192,206,297,209,252,276,202,247
2015_4,서초대로15길,4375,2026,2349,895,599,728,816,622,715,427,270,325,377,302,325,468,329,403,439,320,390
2015_4,사평대로57길,2134,1025,1109,432,307,428,413,267,287,221,136,193,214,133,128,211,171,235,199,134,159
2015_4,사평대로26길,297,141,156,64,38,49,53,43,50,33,18,22,24,20,24,31,20,27,29,23,26
2015_4,사평대로22길,1831,871,960,395,236,304,333,261,302,204,113,134,155,121,144,191,123,170,178,140,158
2015_4,사임당로17길,1103,528,575,197,161,206,192,156,191,104,78,93,92,73,88,93,83,113,100,83,103
2015_4,방배로42길,1225,573,652,274,157,166,245,183,200,133,72,74,111,91,92,141,85,92,134,92,108
2015_4,방배로35길,2160,1004,1156,467,283,316,422,316,356,224,127,141,193,155,164,243,156,175,229,161,192
2015_4,방배로18길,1869,892,977,310,280,373,299,265,342,167,129,174,140,122,160,143,151,199,159,143,182
2015_4,반포대로9길,1428,706,722,240,229,229,236,229,265,134,112,112,111,112,125,106,117,117,125,117,140
2015_4,바우뫼로39길,1760,850,910,388,219,338,287,236,292,198,110,158,147,109,128,190,109,180,140,127,164
2015_4,마방로2길,1481,740,741,238,227,319,263,213,221,124,109,168,137,104,98,114,118,151,126,109,123
2015_4,방배천로4안길,1057,504,553,170,164,178,164,174,207,86,80,86,77,80,95,84,84,92,87,94,112
2015_4,동산로19길,1814,910,904,291,280,390,322,260,271,149,135,207,168,128,123,142,145,183,154,132,148
2015_4,동산로10길,2678,1337,1341,433,411,578,475,381,400,223,197,304,248,186,179,210,214,274,227,195,221
2015_4,동광로39길,1243,590,653,266,161,206,226,178,206,137,76,91,105,83,98,129,85,115,121,95,108
2015_4,동광로1길,4131,1929,2202,915,532,564,822,617,681,442,244,252,373,306,312,473,288,312,449,311,369
2015_4,동광로12길,1272,588,684,263,176,210,237,180,206,124,80,93,109,89,93,139,96,117,128,91,113
2015_4,논현로27길,3054,1472,1582,676,373,588,498,408,511,347,187,273,255,187,223,329,186,315,243,221,288
2015_4,논현로1길,2723,1360,1363,440,417,586,483,390,407,226,201,309,252,190,182,214,216,277,231,200,225
2015_4,남부순환로339길,1156,553,603,204,174,215,198,166,199,106,84,98,95,76,94,98,90,117,103,90,105
2015_4,남부순환로325길,2186,1081,1105,364,352,353,358,355,404,204,172,172,169,174,190,160,180,181,189,181,214
2015_4,남부순환로317길,1529,755,774,256,245,245,253,246,284,142,120,120,118,120,135,114,125,125,135,126,149
2015_4,고무래로8길,1372,651,721,296,178,226,247,198,227,152,84,100,115,93,107,144,94,126,132,105,120
2015_4,강남대로8길,3153,1578,1575,507,486,680,558,453,469,261,234,360,290,224,209,246,252,320,268,229,260
2015_4,강남대로34길,3247,1564,1683,718,398,623,532,434,542,367,199,291,272,199,236,351,199,332,260,235,306
2015_4,강남대로23길,1455,701,754,321,180,282,237,195,240,164,90,132,120,90,105,157,90,150,117,105,135
2015_4,소담길,3882,1916,1966,444,973,782,528,474,681,224,450,416,285,227,314,220,523,366,243,247,367
2015_4,원신길,1621,815,806,233,209,215,265,294,405,121,112,118,141,141,182,112,97,97,124,153,223
2015_4,양지길,1921,968,953,274,248,256,317,346,480,143,132,141,168,169,215,131,116,115,149,177,265
2015_4,양산길,1217,636,581,157,209,202,186,197,266,83,117,118,102,94,122,74,92,84,84,103,144
2015_4,호암로24길,2792,1687,1105,267,699,600,450,359,417,138,441,402,310,199,197,129,258,198,140,160,220
2015_4,호암로20길,3136,1896,1240,303,784,674,505,402,468,158,494,453,346,224,221,145,290,221,159,178,247
2015_4,행운길,6640,3260,3380,785,1499,1419,895,863,1179,398,702,748,469,407,536,387,797,671,426,456,643
2015_4,행운1길,2987,1470,1517,355,673,641,404,386,528,180,317,339,212,182,240,175,356,302,192,204,288
2015_4,청림3길,3855,1890,1965,741,452,742,640,532,748,377,225,373,338,249,328,364,227,369,302,283,420
2015_4,청룡길,1716,848,868,196,430,345,233,210,302,100,198,183,126,101,140,96,232,162,107,109,162
2015_4,청룡8길,1762,869,893,200,444,356,239,214,309,100,205,191,128,101,144,100,239,165,111,113,165
2015_4,중앙길,3354,1636,1718,362,756,656,449,464,667,182,346,350,241,222,295,180,410,306,208,242,372
2015_4,조원중앙로2길,4181,2129,2052,486,782,833,621,656,803,243,380,459,336,330,381,243,402,374,285,326,422
2015_4,조원로18길,1514,773,741,176,284,299,226,240,289,88,138,167,122,120,138,88,146,132,104,120,151
2015_4,조원로10길,1871,956,915,220,349,371,279,295,357,110,170,206,151,149,170,110,179,165,128,146,187
2015_4,장군봉2길,1808,886,922,206,455,364,246,220,317,103,210,192,132,104,145,103,245,172,114,116,172
2015_4,장군봉1길,815,403,412,93,204,162,111,101,144,47,94,87,60,48,67,46,110,75,51,53,77
2015_4,인헌길,3562,1766,1796,532,666,749,544,448,623,271,325,399,277,216,278,261,341,350,267,232,345
2015_4,은천로25길,1457,714,743,292,170,224,268,215,288,153,85,110,137,103,126,139,85,114,131,112,162
2015_4,양녕로6길,4202,2049,2153,455,954,823,562,577,831,229,436,438,302,275,369,226,518,385,260,302,462
2015_4,신원로3길,2743,1362,1381,340,511,518,412,398,564,174,263,278,216,187,244,166,248,240,196,211,320
2015_4,신사로20길,2223,1118,1105,300,416,409,372,338,388,158,208,221,187,166,178,142,208,188,185,172,210
2015_4,신림로65길,2264,1146,1118,143,763,613,260,207,278,73,348,345,151,103,126,70,415,268,109,104,152
2015_4,신림로64길,2262,1143,1119,143,763,610,263,206,277,72,347,345,151,102,126,71,416,265,112,104,151
2015_4,신림로48길,2732,1402,1330,272,625,611,376,372,476,140,326,345,198,171,222,132,299,266,178,201,254
2015_4,신림로38길,1978,1089,889,216,463,426,272,263,338,114,271,262,159,126,157,102,192,164,113,137,181
2015_4,신림로28길,3712,2048,1664,411,865,793,515,493,635,216,510,487,301,238,296,195,355,306,214,255,339
2015_4,신림로11길,4418,2670,1748,428,1103,947,716,568,656,223,694,638,493,314,308,205,409,309,223,254,348
2015_4,신림동길,3568,1805,1763,223,1205,963,411,325,441,113,549,544,235,162,202,110,656,419,176,163,239
2015_4,승방길,3665,1771,1894,498,744,787,476,516,644,250,340,402,242,238,299,248,404,385,234,278,345
2015_4,서림7길,6081,3358,2723,671,1419,1301,842,809,1039,354,836,800,492,391,485,317,583,501,350,418,554
2015_4,봉천로33길,4623,2278,2345,799,664,861,759,658,882,408,327,441,394,309,399,391,337,420,365,349,483
2015_4,봉천로13길,4715,2340,2375,691,732,874,719,728,971,358,371,459,368,345,439,333,361,415,351,383,532
2015_4,복은길,4214,2329,1885,463,986,903,583,559,720,244,579,555,342,272,337,219,407,348,241,287,383
2015_4,법원단지길,1672,843,829,266,245,257,275,285,344,137,128,139,140,140,159,129,117,118,135,145,185
2015_4,법원단지9길,4956,2514,2442,771,708,740,834,863,1040,403,375,405,431,424,476,368,333,335,403,439,564
2015_4,미성5길,4072,2034,2038,664,604,644,657,679,824,336,307,346,329,328,388,328,297,298,328,351,436
2015_4,대학길,2063,1250,813,195,518,444,334,266,306,103,327,298,229,147,146,92,191,146,105,119,160
2015_4,대학14길,2630,1589,1041,254,657,563,428,337,391,133,414,376,293,187,186,121,243,187,135,150,205
2015_4,당곡길,2053,1018,1035,303,318,382,310,319,421,156,162,200,159,151,190,147,156,182,151,168,231
2015_4,남현길,1857,893,964,254,376,397,240,264,326,128,171,202,122,120,150,126,205,195,118,144,176
2015_4,남현3길,1511,727,784,204,307,324,196,213,267,102,139,166,98,98,124,102,168,158,98,115,143
2015_4,남현2길,2827,1365,1462,384,576,606,366,397,498,193,263,310,185,182,232,191,313,296,181,215,266
2015_4,남부순환로248길,1924,952,972,288,360,405,295,238,338,147,176,216,149,113,151,141,184,189,146,125,187
2015_4,남부순환로234길,2127,1084,1043,261,571,468,278,236,313,130,290,256,148,118,142,131,281,212,130,118,171
2015_4,남부순환로172길,2612,1305,1307,397,414,440,413,417,531,201,212,236,210,201,245,196,202,204,203,216,286
2015_4,남부순환로161길,3666,1848,1818,495,680,678,609,558,646,263,340,370,305,273,297,232,340,308,304,285,349
2015_4,남부순환로151길,2989,1506,1483,404,556,555,496,456,522,214,278,303,249,224,238,190,278,252,247,232,284
2015_4,남부순환로142길,3778,1884,1894,617,562,600,608,629,762,312,285,321,304,304,358,305,277,279,304,325,404
2015_4,난향길,2542,1263,1279,513,273,416,480,366,494,267,143,203,252,177,221,246,130,213,228,189,273
2015_4,난우길,2882,1438,1444,470,429,456,464,482,581,236,219,245,232,234,272,234,210,211,232,248,309
2015_4,난곡로74길,1950,984,966,265,362,361,322,299,341,141,181,196,162,146,158,124,181,165,160,153,183
2015_4,난곡로34길,2728,1383,1345,425,390,410,457,475,571,222,207,224,236,233,261,203,183,186,221,242,310
2015_4,난곡로26길,3685,1867,1818,576,528,549,619,640,773,300,280,300,319,313,355,276,248,249,300,327,418
2015_4,난곡로24길,3004,1525,1479,466,431,451,504,522,630,243,229,247,261,256,289,223,202,204,243,266,341
2015_4,낙성대역길,4259,2125,2134,613,863,902,636,519,726,315,426,482,325,253,324,298,437,420,311,266,402
2015_4,국회단지길,4942,2439,2503,853,711,923,806,704,945,437,352,474,417,331,428,416,359,449,389,373,517
2015_4,구암길,2575,1257,1318,513,302,401,466,382,511,266,151,198,236,183,223,247,151,203,230,199,288
2015_4,관천로22길,3311,1672,1639,207,1116,894,386,303,405,105,509,505,220,149,184,102,607,389,166,154,221
2015_4,관천로15길,4790,2415,2375,649,894,886,798,725,838,343,447,484,399,358,384,306,447,402,399,367,454
2015_4,관악로30길,2392,1173,1219,397,374,479,368,323,451,202,180,245,194,151,201,195,194,234,174,172,250
2015_4,관악로28길,1700,835,865,201,384,364,227,221,303,102,179,192,119,105,138,99,205,172,108,116,165
2015_4,관악로14길,1580,801,779,195,423,349,207,174,232,97,214,189,110,87,104,98,209,160,97,87,128
2015_4,관악로10길,4089,2082,2007,503,1095,904,535,450,602,250,556,495,285,225,271,253,539,409,250,225,331
2015_4,흑석로9길,2052,1009,1043,316,325,324,331,321,435,165,174,163,168,152,187,151,151,161,163,169,248
2015_4,흑석로13길,2180,1071,1109,336,343,340,351,343,467,175,182,171,180,163,200,161,161,169,171,180,267
2015_4,장승배기로27길,2628,1338,1290,289,461,391,398,472,617,151,244,221,208,233,281,138,217,170,190,239,336
2015_4,장승배기로19길,2174,1110,1064,241,382,322,329,392,508,126,204,181,173,193,233,115,178,141,156,199,275
2015_4,장승배기로10길,279,137,142,45,43,52,44,41,54,23,21,26,22,20,25,22,22,26,22,21,29
2015_4,여의대방로46길,2234,1074,1160,454,345,330,418,315,372,230,166,160,203,155,160,224,179,170,215,160,212
2015_4,여의대방로24길,2728,1315,1413,551,412,419,505,386,455,282,196,206,246,188,197,269,216,213,259,198,258
2015_4,여의대방로22카길,4008,1965,2043,794,563,706,714,536,695,415,261,353,353,262,321,379,302,353,361,274,374
2015_4,여의대방로22나길,3209,1577,1632,638,451,566,570,427,557,336,208,283,283,209,258,302,243,283,287,218,299
2015_4,여의대방로22길,2337,1148,1189,467,328,409,413,312,408,245,152,205,204,154,188,222,176,204,209,158,220
2015_4,양녕로26길,1550,770,780,256,221,283,247,242,301,135,113,148,124,116,134,121,108,135,123,126,167
2015_4,신대방길,6501,3178,3323,1318,869,978,1180,1008,1148,660,427,481,583,492,535,658,442,497,597,516,613
2015_4,성대로29길,2276,1126,1150,377,321,416,364,357,441,197,164,218,183,171,193,180,157,198,181,186,248
2015_4,성대로1길,1063,523,540,175,149,195,171,168,205,91,76,101,86,80,89,84,73,94,85,88,116
2015_4,서달로8가길,512,252,260,79,82,81,82,79,109,41,44,41,41,38,47,38,38,40,41,41,62
2015_4,서달로15길,418,206,212,64,67,64,66,66,91,33,36,32,34,31,40,31,31,32,32,35,51
2015_4,서달로14길,323,159,164,50,52,50,51,51,69,26,28,25,26,24,30,24,24,25,25,27,39
2015_4,서달로10길,3266,1608,1658,505,518,512,525,511,695,263,276,259,266,245,299,242,242,253,259,266,396
2015_4,상도로62길,2418,1193,1225,407,471,426,362,330,422,210,246,210,186,152,189,197,225,216,176,178,233
2015_4,상도로61길,4342,2143,2199,727,844,763,652,596,760,375,441,377,337,273,340,352,403,386,315,323,420
2015_4,상도로47길,4150,2046,2104,692,810,730,621,570,727,357,422,361,319,262,325,335,388,369,302,308,402
2015_4,상도로37길,1610,794,816,269,314,284,239,222,282,139,163,140,123,103,126,130,151,144,116,119,156
2015_4,상도로15길,3856,1878,1978,618,594,724,610,555,755,318,292,361,309,259,339,300,302,363,301,296,416
2015_4,사당로8길,2322,1140,1182,388,333,452,375,342,432,206,164,227,191,159,193,182,169,225,184,183,239
2015_4,사당로30길,1326,634,692,141,267,293,173,200,252,75,120,148,88,87,116,66,147,145,85,113,136
2015_4,사당로2차길,2036,1002,1034,339,291,397,330,299,380,180,144,200,168,140,170,159,147,197,162,159,210
2015_4,사당로29길,3742,1831,1911,597,531,676,562,584,792,308,261,331,286,278,367,289,270,345,276,306,425
2015_4,사당로26길,3229,1549,1680,346,651,711,418,487,616,184,294,361,215,212,283,162,357,350,203,275,333
2015_4,사당로23나길,1777,871,906,283,252,319,266,279,378,147,124,157,134,133,176,136,128,162,132,146,202
2015_4,사당로23길,1512,738,774,243,213,273,227,237,319,126,104,133,115,112,148,117,109,140,112,125,171
2015_4,사당로20길,3023,1458,1565,341,581,652,404,459,586,179,267,332,208,203,269,162,314,320,196,256,317
2015_4,사당로16길,3490,1697,1793,487,543,682,527,535,716,252,267,346,272,246,314,235,276,336,255,289,402
2015_4,사당로16가길,2268,1105,1163,328,344,445,348,346,457,171,169,226,177,160,202,157,175,219,171,186,255
2015_4,만양로8길,4330,2162,2168,659,731,733,643,678,886,346,389,389,331,315,392,313,342,344,312,363,494
2015_4,만양로14길,1769,883,886,270,297,299,264,279,360,141,158,158,136,130,160,129,139,141,128,149,200
2015_4,등용로14길,2852,1381,1471,549,446,423,522,416,496,280,218,209,255,204,215,269,228,214,267,212,281
2015_4,동작대로7길,3711,1782,1929,397,744,820,482,560,708,211,336,417,248,245,325,186,408,403,234,315,383
2015_4,동작대로35길,3326,1618,1708,496,474,643,481,528,704,262,232,319,242,242,321,234,242,324,239,286,383
2015_4,동작대로33길,3571,1738,1833,533,510,691,516,563,758,281,249,340,261,260,347,252,261,351,255,303,411
2015_4,동작대로29길,822,397,425,123,116,158,120,131,174,64,56,78,60,60,79,59,60,80,60,71,95
2015_4,동작대로17길,2162,1030,1132,232,434,478,280,327,411,122,197,242,141,141,187,110,237,236,139,186,224
2015_4,대방동2길,4010,1929,2081,815,618,596,747,569,665,414,298,290,362,279,286,401,320,306,385,290,379
2015_4,대방동27길,4800,2307,2493,975,738,712,896,680,799,495,356,346,436,332,342,480,382,366,460,348,457
2015_4,노량진로6길,3469,1752,1717,439,596,516,548,595,775,226,313,283,285,294,351,213,283,233,263,301,424
2015_4,국사봉길,4141,2019,2122,656,610,759,668,619,829,334,306,385,334,288,372,322,304,374,334,331,457
2015_4,국사봉2길,1741,852,889,336,245,310,309,234,307,175,114,155,153,113,142,161,131,155,156,121,165
2015_4,국사봉1길,3224,1574,1650,510,475,592,522,479,646,260,239,301,261,222,291,250,236,291,261,257,355
2015_4,영신로9길,3518,1774,1744,540,491,631,572,578,706,277,249,323,300,296,329,263,242,308,272,282,377
2015_4,영등포로84길,1950,992,958,270,312,323,324,309,412,143,161,180,171,154,183,127,151,143,153,155,229
2015_4,영등포로80길,2250,1143,1107,279,366,373,369,366,497,145,188,213,196,181,220,134,178,160,173,185,277
2015_4,영등포로62길,1870,947,923,294,254,324,302,314,382,152,131,164,160,162,178,142,123,160,142,152,204
2015_4,영등포로35길,1506,858,648,142,282,298,218,252,314,77,136,173,141,161,170,65,146,125,77,91,144
2015_4,영등포로27길,2770,1374,1396,382,425,572,423,418,550,189,201,301,228,201,254,193,224,271,195,217,296
2015_4,영등포로25길,2637,1305,1332,361,405,543,401,399,528,177,192,285,215,192,244,184,213,258,186,207,284
2015_4,여의대방로61길,2599,1320,1279,367,413,430,436,412,541,193,212,240,227,207,241,174,201,190,209,205,300
2015_4,여의대방로43나길,2717,1370,1347,534,394,453,487,404,445,282,205,234,241,209,199,252,189,219,246,195,246
2015_4,여의대방로39길,777,392,385,166,109,130,144,111,117,88,57,65,72,58,52,78,52,65,72,53,65
2015_4,여의대방로35길,2446,1223,1223,446,351,403,411,386,449,236,180,206,204,194,203,210,171,197,207,192,246
2015_4,양평로28길,2894,1454,1440,540,454,596,489,412,403,280,215,306,256,214,183,260,239,290,233,198,220
2015_4,양평로22라길,1147,576,571,215,180,237,193,162,160,111,85,121,102,84,73,104,95,116,91,78,87
2015_4,양평로19길,3293,1656,1637,614,516,681,557,465,460,318,245,351,292,242,208,296,271,330,265,223,252
2015_4,신길로60길,4231,2140,2091,666,575,729,685,714,862,343,297,370,359,370,401,323,278,359,326,344,461
2015_4,신길로42길,3124,1578,1546,428,432,396,519,619,730,222,225,221,267,314,329,206,207,175,252,305,401
2015_4,신길로42가길,4996,2524,2472,649,760,738,823,894,1132,335,388,417,429,449,506,314,372,321,394,445,626
2015_4,신길로39길,1574,788,786,247,200,233,278,286,330,132,102,121,139,143,151,115,98,112,139,143,179
2015_4,신길로17길,3319,1664,1655,487,433,452,560,613,774,253,229,246,281,303,352,234,204,206,279,310,422
2015_4,선유서로28길,1511,759,752,246,209,356,242,186,272,127,100,186,136,91,119,119,109,170,106,95,153
2015_4,선유서로25길,3212,1614,1598,525,444,752,513,398,580,269,213,393,288,195,256,256,231,359,225,203,324
2015_4,선유서로24길,1626,817,809,267,223,380,262,200,294,138,107,198,146,99,129,129,116,182,116,101,165
2015_4,선유로55길,3868,1948,1920,722,610,802,651,544,539,374,289,414,342,283,246,348,321,388,309,261,293
2015_4,디지털로74길,959,484,475,134,135,130,159,176,225,71,71,72,82,86,102,63,64,58,77,90,123
2015_4,디지털로57길,1301,642,659,164,166,193,218,240,320,85,83,103,109,117,145,79,83,90,109,123,175
2015_4,디지털로37길,2225,1101,1124,283,284,331,370,411,546,150,142,174,185,200,250,133,142,157,185,211,296
2015_4,도신로62길,1540,782,758,191,255,253,252,251,338,100,130,145,133,125,149,91,125,108,119,126,189
2015_4,도신로60길,796,407,389,98,130,134,128,130,176,52,65,78,68,65,79,46,65,56,60,65,97
2015_4,도신로29길,2033,1022,1011,288,301,399,328,319,398,152,144,209,173,161,183,136,157,190,155,158,215
2015_4,도신로15길,2532,1276,1256,357,375,507,409,390,494,189,179,267,218,196,227,168,196,240,191,194,267
2015_4,도림천로21길,2178,1080,1098,275,278,329,360,402,534,145,139,174,180,198,244,130,139,155,180,204,290
2015_4,도림로63길,1861,927,934,280,232,255,318,342,434,142,121,137,159,171,197,138,111,118,159,171,237
2015_4,도림로147길,1608,797,811,330,185,327,273,208,285,172,88,157,143,104,133,158,97,170,130,104,152
2015_4,도림로112길,3522,1777,1745,503,516,690,569,550,694,265,251,361,302,278,320,238,265,329,267,272,374
2015_4,대림로8길,3307,1669,1638,465,461,454,546,606,775,250,245,251,275,296,352,215,216,203,271,310,423
2015_4,대림로7길,1141,566,575,146,143,172,190,210,280,78,71,91,95,103,128,68,72,81,95,107,152
2015_4,대림로44길,2210,1122,1088,347,306,372,366,393,426,184,158,200,184,198,198,163,148,172,182,195,228
2015_4,대림로34길,2426,1230,1196,380,333,406,402,435,470,201,170,217,203,219,220,179,163,189,199,216,250
2015_4,대림로31길,2534,1281,1253,398,352,427,419,451,487,211,181,226,211,226,226,187,171,201,208,225,261
2015_4,대림로29길,3421,1733,1688,535,475,577,563,612,659,283,246,307,283,307,307,252,229,270,280,305,352
2015_4,대림로22길,3115,1576,1539,436,434,428,516,568,733,236,231,237,262,278,332,200,203,191,254,290,401
2015_4,당산로46길,3732,1768,1964,576,716,810,527,508,595,288,304,399,261,241,275,288,412,411,266,267,320
2015_4,당산로38길,2393,1136,1257,368,460,519,339,327,380,184,195,256,169,155,177,184,265,263,170,172,203
2015_4,당산로37길,1394,662,732,216,269,301,198,188,222,108,115,148,99,89,103,108,154,153,99,99,119
2015_4,당산로31길,847,420,427,119,128,173,131,127,169,59,61,90,70,61,79,60,67,83,61,66,90
2015_4,국회대로56길,2588,1477,1111,245,481,512,377,437,536,133,231,298,244,280,291,112,250,214,133,157,245
2015_4,경인로90길,306,152,154,64,34,63,52,38,55,34,15,30,28,19,26,30,19,33,24,19,29
2015_4,경인로80길,669,334,335,138,78,138,115,82,118,72,38,66,60,41,57,66,40,72,55,41,61
2015_4,경인로77길,1156,574,582,238,133,236,195,150,204,123,63,114,104,75,95,115,70,122,91,75,109
2015_4,가마산로61길,1685,847,838,267,213,254,296,302,353,143,111,132,148,151,162,124,102,122,148,151,191
2015_4,시흥대로94길,4473,2269,2204,672,663,631,779,881,847,346,350,342,390,446,395,326,313,289,389,435,452
2015_4,시흥대로84길,6553,3316,3237,1036,933,992,1110,1217,1265,537,492,527,560,608,592,499,441,465,550,609,673
2015_4,시흥대로68길,2768,1396,1372,464,373,455,456,474,546,242,198,235,232,233,256,222,175,220,224,241,290
2015_4,시흥대로63길,1116,562,554,185,150,184,184,191,222,96,79,95,94,95,103,89,71,89,90,96,119
2015_4,시흥대로62가길,4517,2280,2237,755,611,738,744,777,892,396,323,383,379,381,418,359,288,355,365,396,474
2015_4,시흥대로36길,2374,1195,1179,376,304,351,372,431,540,188,162,188,194,208,255,188,142,163,178,223,285
2015_4,시흥대로22길,2976,1502,1474,471,384,444,464,538,675,237,204,240,241,261,319,234,180,204,223,277,356
2015_4,시흥대로153길,1823,1016,807,180,391,401,260,296,295,90,201,250,156,167,152,90,190,151,104,129,143
2015_4,시흥대로150길,3570,1802,1768,499,504,526,606,706,729,252,258,287,304,359,342,247,246,239,302,347,387
2015_4,시흥대로141길,4610,2429,2181,645,801,900,704,712,848,334,426,522,387,369,391,311,375,378,317,343,457
2015_4,시흥대로138길,795,401,394,110,113,118,131,159,164,55,58,64,66,81,77,55,55,54,65,78,87
2015_4,시흥대로120길,3688,1864,1824,551,513,523,670,719,712,277,266,276,337,373,335,274,247,247,333,346,377
2015_4,벚꽃로56길,1793,996,797,180,383,394,255,291,290,90,196,245,152,164,149,90,187,149,103,127,141
2015_4,범안로17길,1600,844,756,225,279,314,243,245,294,117,149,182,133,127,136,108,130,132,110,118,158
2015_4,범안로11길,933,492,441,132,164,182,141,142,172,68,89,106,77,73,79,64,75,76,64,69,93
2015_4,문성로5길,3926,1989,1937,546,556,578,669,776,801,278,289,316,336,395,375,268,267,262,333,381,426
2015_4,독산로85길,705,357,348,98,99,104,120,140,144,50,52,57,60,71,67,48,47,47,60,69,77
2015_4,독산로78다길,3643,1840,1803,541,510,515,663,710,704,271,266,271,333,367,332,270,244,244,330,343,372
2015_4,독산로70길,2791,1414,1377,415,393,392,506,547,538,209,206,208,254,284,253,206,187,184,252,263,285
2015_4,독산로64길,2480,1258,1222,371,370,351,428,488,472,192,195,190,214,247,220,179,175,161,214,241,252
2015_4,독산로50길,1692,849,843,278,232,239,283,316,344,143,122,125,143,158,158,135,110,114,140,158,186
2015_4,독산로40길,2716,1361,1355,446,375,382,455,505,553,227,197,199,230,252,256,219,178,183,225,253,297
2015_4,독산로108길,2029,1027,1002,285,289,300,346,398,411,144,150,163,175,203,192,141,139,137,171,195,219
2015_4,남부순환로112길,2270,1267,1003,227,485,499,326,365,368,116,250,311,194,206,190,111,235,188,132,159,178
2015_4,금하로24길,5589,2794,2795,905,720,747,950,994,1273,466,379,405,477,507,560,439,341,342,473,487,713
2015_4,금하로1길,2532,1331,1201,354,437,498,385,392,466,182,231,289,211,202,216,172,206,209,174,190,250
2015_4,금하로14길,2324,1171,1153,390,312,381,383,400,458,204,164,197,195,197,214,186,148,184,188,203,244
2015_4,가산로5길,2137,1183,954,219,448,468,309,343,350,110,231,291,183,190,178,109,217,177,126,153,172
2015_4,가산로3길,1189,632,557,160,214,236,179,185,215,83,113,138,100,97,101,77,101,98,79,88,114
2015_4,중앙로1길,822,412,410,149,113,123,132,138,167,77,61,63,66,68,77,72,52,60,66,70,90
2015_4,중앙로15길,1300,653,647,245,170,197,230,214,244,128,88,99,118,108,112,117,82,98,112,106,132
2015_4,우마길,1244,677,567,119,136,154,232,287,316,63,74,89,132,169,150,56,62,65,100,118,166
2015_4,오류로8길,3184,1567,1617,706,377,558,521,444,578,361,188,274,268,210,266,345,189,284,253,234,312
2015_4,신도림로13길,1344,657,687,288,169,265,225,192,205,146,80,126,113,93,99,142,89,139,112,99,106
2015_4,새말로18길,2784,1366,1418,430,464,564,426,419,481,219,211,282,220,208,226,211,253,282,206,211,255
2015_4,부일로1길,765,382,383,143,98,132,124,122,146,77,49,67,63,59,67,66,49,65,61,63,79
2015_4,부일로15길,1598,798,800,300,204,281,256,253,304,160,104,141,131,121,141,140,100,140,125,132,163
2015_4,부일로11길,1458,731,727,271,186,256,235,230,280,145,96,130,120,110,130,126,90,126,115,120,150
2015_4,디지털로32길,2436,1229,1207,351,453,602,379,285,366,177,210,327,211,137,167,174,243,275,168,148,199
2015_4,디지털로32가길,3974,2009,1965,577,737,981,619,463,597,293,343,533,345,223,272,284,394,448,274,240,325
2015_4,디지털로27길,1105,591,514,120,141,170,198,224,252,61,73,96,113,129,119,59,68,74,85,95,133
2015_4,도림로6길,1878,969,909,245,310,400,309,279,335,125,148,220,173,147,156,120,162,180,136,132,179
2015_4,도림로12길,1834,928,906,267,342,453,286,212,274,135,159,246,161,102,125,132,183,207,125,110,149
2015_4,남부순환로97길,1221,602,619,218,151,221,181,192,258,112,76,112,92,87,123,106,75,109,89,105,135
2015_4,구로중앙로8길,3417,1700,1717,472,452,639,549,555,750,247,219,336,290,272,336,225,233,303,259,283,414
2015_4,구로중앙로7길,1041,515,526,145,138,195,168,167,228,76,66,102,88,81,102,69,72,93,80,86,126
2015_4,구로중앙로42길,1882,922,960,401,236,372,318,271,284,203,113,178,161,131,136,198,123,194,157,140,148
2015_4,구로중앙로34길,1955,958,997,302,326,396,300,294,337,154,148,198,155,146,157,148,178,198,145,148,180
2015_4,구로중앙로28길,3929,1927,2002,606,654,794,604,593,678,308,297,398,312,295,317,298,357,396,292,298,361
2015_4,구로중앙로19길,811,410,401,109,104,113,141,151,193,57,52,61,75,77,88,52,52,52,66,74,105
2015_4,구로동로8길,7783,3876,3907,1077,1031,1460,1257,1258,1700,563,502,768,662,617,764,514,529,692,595,641,936
2015_4,구로동로7길,3172,1668,1504,362,380,414,580,660,776,186,199,233,320,368,362,176,181,181,260,292,414
2015_4,구로동로42길,2461,1247,1214,329,322,346,427,452,585,168,161,190,226,233,269,161,161,156,201,219,316
2015_4,구로동로41길,2350,1189,1161,314,307,334,410,430,555,161,154,184,217,220,253,153,153,150,193,210,302
2015_4,구로동로38길,2348,1187,1161,314,305,331,409,431,558,161,153,184,216,219,254,153,152,147,193,212,304
2015_4,구로동로28길,1682,846,836,228,217,273,284,295,385,119,107,147,151,147,175,109,110,126,133,148,210
2015_4,구로동로15길,1279,645,634,171,168,179,223,237,301,87,84,98,119,120,137,84,84,81,104,117,164
2015_4,공원로6가길,1118,548,570,174,186,225,172,169,192,88,85,113,88,84,90,86,101,112,84,85,102
2015_4,고척로52길,3285,1649,1636,602,439,495,557,548,644,313,230,253,283,272,298,289,209,242,274,276,346
2015_4,고척로27다길,5326,2675,2651,1009,700,796,946,871,1004,529,357,403,484,438,464,480,343,393,462,433,540
2015_4,고척로27길,2574,1290,1284,446,335,405,420,438,530,227,172,207,216,219,249,219,163,198,204,219,281
2015_4,고척로21나길,2879,1438,1441,501,370,451,464,495,598,252,186,230,241,246,283,249,184,221,223,249,315
2015_4,경인로47길,977,490,487,180,133,147,156,165,196,93,71,76,78,81,91,87,62,71,78,84,105
2015_4,경인로35길,3811,1911,1900,687,498,585,646,636,759,353,255,298,333,319,353,334,243,287,313,317,406
2015_4,경인로31길,1993,999,994,346,260,312,324,339,412,176,132,160,167,169,195,170,128,152,157,170,217
2015_4,경인로15길,5398,2663,2735,796,834,1038,790,830,1110,394,400,543,416,396,514,402,434,495,374,434,596
2015_4,개봉로3길,2714,1344,1370,485,344,458,445,436,546,250,181,235,223,201,254,235,163,223,222,235,292
2015_4,개봉로2길,2532,1253,1279,452,318,440,400,403,519,233,164,226,202,184,244,219,154,214,198,219,275
2015_4,개봉로23가길,1012,508,504,176,131,157,164,174,210,89,66,80,86,87,100,87,65,77,78,87,110
2015_4,개봉로20길,3154,1551,1603,558,392,574,466,496,668,285,197,292,234,225,318,273,195,282,232,271,350
2015_4,개봉로1길,2361,1167,1194,423,295,400,387,380,476,217,154,206,194,174,222,206,141,194,193,206,254
2015_4,개봉로17다길,4404,2173,2231,784,547,796,650,694,933,402,276,405,329,315,446,382,271,391,321,379,487
2015_4,개봉로17길,6815,3362,3453,1213,844,1235,1008,1072,1443,622,425,630,510,486,689,591,419,605,498,586,754
2015_4,개봉로11길,5263,2609,2654,942,666,889,861,847,1058,484,350,460,433,387,495,458,316,429,428,460,563
2015_4,화곡로64길,4053,1935,2118,629,770,873,616,570,595,341,306,441,298,283,266,288,464,432,318,287,329
2015_4,화곡로59길,2185,1080,1105,356,327,408,336,371,387,190,158,211,168,174,179,166,169,197,168,197,208
2015_4,화곡로44나길,3037,1489,1548,510,447,594,482,485,519,265,215,307,243,225,234,245,232,287,239,260,285
2015_4,화곡로31길,7516,3627,3889,1728,924,1210,1446,1090,1118,849,453,568,706,524,527,879,471,642,740,566,591
2015_4,화곡로20길,2454,1214,1240,402,364,457,392,401,438,205,180,240,193,193,203,197,184,217,199,208,235
2015_4,화곡로13길,3250,1596,1654,560,488,515,514,563,610,288,243,260,248,272,285,272,245,255,266,291,325
2015_4,초원로16길,7456,3672,3784,1573,936,1338,1209,1136,1264,794,458,664,622,545,589,779,478,674,587,591,675
2015_4,초록마을로8길,4874,2382,2492,866,688,1035,818,688,779,438,337,534,420,311,342,428,351,501,398,377,437
2015_4,초록마을로3길,2819,1377,1442,503,402,596,472,396,450,253,197,307,243,179,198,250,205,289,229,217,252
2015_4,월정로20길,1843,916,927,249,292,397,268,296,341,127,142,213,137,137,160,122,150,184,131,159,181
2015_4,우장산로6길,5753,2784,2969,1325,707,922,1106,833,860,650,349,431,543,405,406,675,358,491,563,428,454
2015_4,양천로73가길,2357,1163,1194,556,302,400,456,347,296,287,151,191,226,173,135,269,151,209,230,174,161
2015_4,양천로71길,4310,2129,2181,1019,552,731,834,635,539,527,275,348,414,317,248,492,277,383,420,318,291
2015_4,양천로49길,653,320,333,117,111,124,103,108,90,61,52,62,51,52,42,56,59,62,52,56,48
2015_4,양천로26길,1546,758,788,330,192,278,251,235,260,167,94,137,128,111,121,163,98,141,123,124,139
2015_4,양천로24길,5505,2706,2799,1176,681,990,895,836,927,595,332,489,460,399,431,581,349,501,435,437,496
2015_4,양천로24가길,3549,1748,1801,759,440,637,577,539,597,384,216,315,297,258,278,375,224,322,280,281,319
2015_4,양천로14길,3567,1758,1809,519,520,572,538,605,813,267,252,304,286,293,356,252,268,268,252,312,457
2015_4,방화대로6라길,3862,1973,1889,550,597,698,605,642,770,285,296,382,329,319,362,265,301,316,276,323,408
2015_4,방화대로21길,2547,1291,1256,413,373,457,405,413,486,212,185,245,218,204,227,201,188,212,187,209,259
2015_4,등촌로5길,1480,732,748,234,202,272,240,248,284,121,104,142,120,115,130,113,98,130,120,133,154
2015_4,등촌로55길,3160,1575,1585,554,505,517,494,552,538,304,261,260,233,261,256,250,244,257,261,291,282
2015_4,등촌로51길,2293,1146,1147,401,366,376,362,400,388,219,191,191,170,191,184,182,175,185,192,209,204
2015_4,등촌로39길,3107,1548,1559,544,498,508,488,539,530,298,257,257,228,257,251,246,241,251,260,282,279
2015_4,등촌로13길,3799,1882,1917,605,527,690,619,635,723,317,273,359,308,294,331,288,254,331,311,341,392
2015_4,남부순환로11길,3658,1873,1785,518,566,658,575,610,731,270,280,363,315,303,342,248,286,295,260,307,389
2015_4,까치산로4길,4104,2006,2098,730,581,867,692,581,653,370,284,447,355,263,287,360,297,420,337,318,366
2015_4,국회대로7길,2591,1278,1313,439,341,488,436,411,476,226,173,253,219,189,218,213,168,235,217,222,258
2015_4,공항대로8길,3559,1821,1738,508,547,645,554,594,711,264,271,354,303,296,333,244,276,291,251,298,378
2015_4,공항대로61길,2622,1282,1340,558,383,480,475,381,345,291,177,233,235,189,157,267,206,247,240,192,188
2015_4,공항대로59다길,3774,1863,1911,893,484,639,733,552,473,461,241,303,365,276,217,432,243,336,368,276,256
2015_4,공항대로59길,3037,1449,1588,469,578,654,463,424,449,254,230,330,224,211,200,215,348,324,239,213,249
2015_4,공항대로55길,2663,1273,1390,413,510,574,401,374,391,225,204,289,194,186,175,188,306,285,207,188,216
2015_4,공항대로42길,1368,660,708,314,167,220,265,199,203,154,81,102,129,97,97,160,86,118,136,102,106
2015_4,공항대로38길,298,145,153,69,36,49,57,43,44,34,18,23,28,21,21,35,18,26,29,22,23
2015_4,곰달래로60길,2083,1031,1052,332,285,380,338,347,401,173,148,197,169,161,183,159,137,183,169,186,218
2015_4,곰달래로53길,3600,1781,1819,573,490,657,587,602,691,298,255,341,294,277,316,275,235,316,293,325,375
2015_4,곰달래로47길,3807,1869,1938,668,494,734,657,584,670,340,246,381,329,267,306,328,248,353,328,317,364
2015_4,곰달래로31길,3046,1487,1559,530,395,615,509,451,546,268,194,317,256,204,248,262,201,298,253,247,298
2015_4,곰달래로25길,2723,1328,1395,443,358,567,433,404,518,225,176,291,219,182,235,218,182,276,214,222,283
2015_4,개화동로25길,2803,1383,1420,406,410,451,424,472,640,209,198,240,226,230,280,197,212,211,198,242,360
2015_4,개화동로23길,4767,2349,2418,694,698,764,719,806,1086,356,339,407,381,391,475,338,359,357,338,415,611
2015_4,강서로8길,3495,1710,1785,588,457,713,572,520,645,300,224,369,289,234,294,288,233,344,283,286,351
2015_4,강서로5라길,3520,1721,1799,644,447,689,623,518,599,326,219,356,312,234,274,318,228,333,311,284,325
2015_4,강서로5나길,1850,920,930,251,291,398,270,295,345,131,143,212,137,137,160,120,148,186,133,158,185
2015_4,강서로5가길,1485,737,748,202,234,320,218,236,275,104,114,171,111,111,126,98,120,149,107,125,149
2015_4,강서로47라길,4036,1930,2106,1055,478,613,796,550,544,520,239,285,390,264,232,535,239,328,406,286,312
2015_4,강서로47길,3015,1441,1574,789,356,461,591,411,407,387,178,216,290,195,175,402,178,245,301,216,232
2015_4,강서로45다길,3299,1601,1698,525,516,519,484,585,670,268,253,257,231,276,316,257,263,262,253,309,354
2015_4,강서로45길,875,423,452,170,127,136,144,139,159,85,63,67,70,65,73,85,64,69,74,74,86
2015_4,강서로35길,6061,2939,3122,961,950,954,894,1070,1232,492,465,469,428,505,580,469,485,485,466,565,652
2015_4,강서로29길,2363,1170,1193,319,374,510,340,379,441,163,181,271,175,174,206,156,193,239,165,205,235
2015_4,강서로18길,7178,3495,3683,1185,940,1474,1158,1066,1355,602,462,757,582,476,616,583,478,717,576,590,739
2015_4,강서로17가길,3259,1614,1645,444,514,704,473,518,606,227,249,376,241,240,281,217,265,328,232,278,325
2015_4,강서로15길,4851,2399,2452,658,764,1049,706,772,902,333,371,558,360,359,418,325,393,491,346,413,484
2015_4,가로공원로80길,3131,1549,1582,425,493,677,456,498,582,216,240,362,231,230,270,209,253,315,225,268,312
2015_4,가로공원로76가길,3894,1931,1963,530,614,840,567,620,723,270,299,448,289,289,336,260,315,392,278,331,387
2015_4,화곡로4길,1540,762,778,290,221,244,261,261,263,149,112,125,125,130,121,141,109,119,136,131,142
2015_4,화곡로3길,2607,1287,1320,491,370,416,444,438,448,254,187,213,213,215,205,237,183,203,231,223,243
2015_4,지양로7길,3943,1949,1994,675,508,651,623,673,813,340,267,346,318,318,360,335,241,305,305,355,453
2015_4,중앙로55길,3157,1568,1589,568,418,534,494,535,608,295,217,272,250,254,280,273,201,262,244,281,328
2015_4,중앙로51길,3253,1617,1636,586,428,552,511,553,623,303,221,283,258,264,288,283,207,269,253,289,335
2015_4,중앙로47길,8812,4374,4438,1927,1096,1308,1675,1381,1425,1007,572,646,826,683,640,920,524,662,849,698,785
2015_4,중앙로45길,4696,2330,2366,1027,586,698,893,731,761,536,307,346,440,360,341,491,279,352,453,371,420
2015_4,중앙로36길,728,357,371,183,92,73,150,119,111,94,47,32,70,62,52,89,45,41,80,57,59
2015_4,중앙로32길,607,299,308,155,74,65,128,95,90,80,37,29,61,49,43,75,37,36,67,46,47
2015_4,중앙로25길,3587,1778,1809,785,446,536,681,559,580,410,233,264,336,275,260,375,213,272,345,284,320
2015_4,은행정로7길,3608,1774,1834,568,512,678,569,588,693,288,246,353,280,280,327,280,266,325,289,308,366
2015_4,은행정로5길,595,291,304,148,76,61,125,95,90,76,39,26,59,49,42,72,37,35,66,46,48
2015_4,오목로5길,2709,1334,1375,563,320,477,437,421,491,287,162,235,218,202,230,276,158,242,219,219,261
2015_4,오목로3길,3838,1892,1946,801,455,677,613,593,699,408,228,334,306,287,329,393,227,343,307,306,370
2015_4,오목로30길,4119,2025,2094,648,584,771,648,674,794,328,278,403,319,320,377,320,306,368,329,354,417
2015_4,오목로23길,5416,2665,2751,855,768,1016,854,880,1043,435,367,531,418,419,495,420,401,485,436,461,548
2015_4,신월로20길,1881,954,927,313,258,260,302,357,391,166,138,139,155,172,184,147,120,121,147,185,207
2015_4,신월로15길,5466,2691,2775,1136,645,963,875,851,996,579,325,472,436,412,467,557,320,491,439,439,529
2015_4,신목로6길,3499,1727,1772,833,477,362,726,611,490,436,240,165,338,320,228,397,237,197,388,291,262
2015_4,신목로5길,2085,1033,1052,486,289,211,426,371,302,257,146,96,198,196,140,229,143,115,228,175,162
2015_4,신목로2길,2510,1239,1271,589,350,251,513,446,361,311,177,114,236,234,167,278,173,137,277,212,194
2015_4,목동중앙서로8가길,1818,901,917,429,256,216,381,290,246,232,136,103,172,149,109,197,120,113,209,141,137
2015_4,목동중앙서로7길,4376,2173,2203,1026,614,524,918,704,590,559,325,251,416,360,262,467,289,273,502,344,328
2015_4,목동중앙북로8길,2357,1152,1205,379,376,414,370,406,412,204,191,210,174,187,186,175,185,204,196,219,226
2015_4,목동중앙북로16길,4074,1997,2077,727,655,733,660,676,623,382,327,370,309,331,278,345,328,363,351,345,345
2015_4,목동중앙본로7길,2429,1196,1233,482,362,357,448,405,375,260,188,178,205,197,168,222,174,179,243,208,207
2015_4,목동중앙로3길,2245,1114,1131,526,316,266,474,361,302,287,168,128,214,184,133,239,148,138,260,177,169
2015_4,목동중앙로13나길,1243,611,632,220,202,224,203,205,189,116,101,113,95,101,85,104,101,111,108,104,104
2015_4,목동중앙남로3가길,2283,1126,1157,465,339,326,429,378,346,252,177,162,195,186,154,213,162,164,234,192,192
2015_4,목동로9길,3050,1503,1547,479,432,573,481,495,590,243,207,301,236,236,280,236,225,272,245,259,310
2015_4,목동로19길,2398,1178,1220,378,341,451,376,391,461,192,164,235,183,185,219,186,177,216,193,206,242
2015_4,목동동로8길,1151,566,585,280,157,121,238,199,156,148,79,54,108,104,73,132,78,67,130,95,83
2015_4,목동동로12길,2936,1418,1518,785,354,354,657,440,346,398,167,152,308,229,164,387,187,202,349,211,182
2015_4,목동남로4길,1216,597,619,247,168,139,231,215,216,131,87,68,110,107,94,116,81,71,121,108,122
2015_4,남부순환로88길,602,297,305,132,75,90,114,94,97,69,39,44,56,46,43,63,36,46,58,48,54
2015_4,남부순환로79길,2294,1168,1126,377,315,302,375,441,484,200,172,162,192,212,230,177,143,140,183,229,254
2015_4,남부순환로70길,4782,2371,2411,816,612,790,763,818,983,410,320,422,391,391,437,406,292,368,372,427,546
2015_4,남부순환로58길,1802,944,858,295,265,272,300,324,346,153,143,150,166,173,159,142,122,122,134,151,187
2015_4,남부순환로40길,3292,1721,1571,540,483,496,550,592,631,279,261,271,303,318,289,261,222,225,247,274,342
2015_4,남부순환로33길,4031,2000,2031,761,574,641,686,680,689,390,293,331,331,338,317,371,281,310,355,342,372
2015_4,곰달래로5길,3643,1880,1763,560,486,569,603,686,739,287,253,316,316,358,350,273,233,253,287,328,389
2015_4,곰달래로3길,3344,1726,1618,515,446,523,554,628,678,263,233,290,290,328,322,252,213,233,264,300,356
2015_4,곰달래로2길,3738,1929,1809,574,499,584,616,706,759,294,262,322,322,369,360,280,237,262,294,337,399
2015_4,곰달래로10길,3842,1985,1857,591,514,600,636,724,777,303,269,333,333,380,367,288,245,267,303,344,410
2015_4,가로공원로58길,3393,1777,1616,557,495,517,563,611,650,288,269,283,312,327,298,269,226,234,251,284,352
2015_4,효창원로93길,3742,1810,1932,595,552,640,645,591,719,306,265,320,319,291,309,289,287,320,326,300,410
2015_4,토정로37길,1481,707,774,306,170,284,287,199,235,154,80,132,146,96,99,152,90,152,141,103,136
2015_4,월드컵로8길,1798,833,965,202,372,417,284,220,303,100,158,196,138,106,135,102,214,221,146,114,168
2015_4,월드컵로7길,2356,1127,1229,360,422,517,333,315,409,188,188,257,170,147,177,172,234,260,163,168,232
2015_4,월드컵로36길,3698,1785,1913,743,470,618,696,514,657,386,228,303,342,255,271,357,242,315,354,259,386
2015_4,월드컵로25길,3250,1566,1684,595,435,588,589,455,588,300,208,286,295,216,261,295,227,302,294,239,327
2015_4,월드컵로19길,2106,1017,1089,316,311,416,360,303,400,164,147,204,185,143,174,152,164,212,175,160,226
2015_4,월드컵로16길,2397,1114,1283,283,477,542,388,296,411,142,205,256,188,141,182,141,272,286,200,155,229
2015_4,월드컵로11길,2571,1244,1327,387,377,510,439,373,485,200,179,251,226,177,211,187,198,259,213,196,274
2015_4,월드컵로10길,1850,855,995,207,384,425,291,226,317,103,163,200,141,108,140,104,221,225,150,118,177
2015_4,와우산로3길,2486,1188,1298,413,450,484,412,351,376,209,217,223,204,172,163,204,233,261,208,179,213
2015_4,와우산로29길,997,462,535,114,206,230,157,121,169,57,87,108,76,58,76,57,119,122,81,63,93
2015_4,와우산로29가길,681,316,365,78,143,156,108,82,114,39,62,73,52,40,50,39,81,83,56,42,64
2015_4,양화진길,1603,770,833,246,284,354,227,215,277,128,128,176,117,100,121,118,156,178,110,115,156
2015_4,양화로1길,2953,1414,1539,451,528,650,413,395,516,235,235,323,214,183,224,216,293,327,199,212,292
2015_4,양화로11길,770,358,412,88,161,178,121,92,130,44,69,84,59,44,58,44,92,94,62,48,72
2015_4,신촌로30길,793,383,410,131,112,160,126,129,135,64,53,80,63,64,59,67,59,80,63,65,76
2015_4,신촌로28가길,1839,883,956,305,263,373,286,299,313,147,123,186,144,146,137,158,140,187,142,153,176
2015_4,신촌로12길,1596,746,850,214,312,347,258,205,260,107,140,161,126,99,113,107,172,186,132,106,147
2015_4,숭문길,2245,1103,1142,317,362,363,386,349,468,160,178,188,198,177,202,157,184,175,188,172,266
2015_4,숭문8길,2192,1078,1114,324,330,346,385,346,461,164,167,180,195,175,197,160,163,166,190,171,264
2015_4,성지3길,1413,677,736,217,252,308,200,190,246,112,112,154,103,90,106,105,140,154,97,100,140
2015_4,성산로4길,3050,1454,1596,487,448,573,549,440,553,250,215,277,263,206,243,237,233,296,286,234,310
2015_4,성미산로32길,1342,629,713,166,245,286,211,182,252,84,110,138,107,82,108,82,135,148,104,100,144
2015_4,성미산로1길,3251,1550,1701,518,478,608,588,469,590,266,230,294,282,219,259,252,248,314,306,250,331
2015_4,성미산로11길,3783,1800,1983,580,578,730,665,539,691,297,275,354,322,251,301,283,303,376,343,288,390
2015_4,백범로16길,1047,516,531,130,206,174,170,158,209,68,98,89,89,82,90,62,108,85,81,76,119
2015_4,방울내로9안길,5037,2426,2611,922,670,915,913,706,911,465,319,444,457,337,404,457,351,471,456,369,507
2015_4,모래내로7길,3065,1478,1587,614,391,517,576,424,543,318,190,253,284,208,225,296,201,264,292,216,318
2015_4,매봉산로2길,5572,2715,2857,1410,637,885,1142,688,810,723,309,406,582,340,355,687,328,479,560,348,455
2015_4,망원로2길,4413,2133,2280,667,647,879,750,636,834,344,305,434,387,302,361,323,342,445,363,334,473
2015_4,망원로11길,1666,802,864,305,224,301,302,233,301,154,107,145,151,111,134,151,117,156,151,122,167
2015_4,만리재옛길,3118,1501,1617,475,469,545,530,503,596,240,220,274,264,248,255,235,249,271,266,255,341
2015_4,마포대로4길,1196,573,623,196,166,210,196,188,240,102,78,102,97,90,104,94,88,108,99,98,136
2015_4,마포대로20길,1324,637,687,204,200,226,223,215,256,103,94,114,111,106,109,101,106,112,112,109,147
2015_4,마포대로12길,1518,730,788,252,214,304,241,249,258,122,100,152,121,122,113,130,114,152,120,127,145
2015_4,동교로38길,2128,1001,1127,256,397,457,336,287,395,132,178,219,169,132,171,124,219,238,167,155,224
2015_4,동교로27길,2860,1342,1518,349,532,617,450,386,526,178,237,296,227,177,227,171,295,321,223,209,299
2015_4,동교로25길,1520,714,806,185,283,328,239,205,280,95,126,158,119,95,121,90,157,170,120,110,159
2015_4,동교로19길,1884,881,1003,243,352,408,311,242,328,123,155,194,149,115,145,120,197,214,162,127,183
2015_4,동교로17길,1714,796,918,201,348,392,272,211,290,101,150,184,131,102,128,100,198,208,141,109,162
2015_4,독막로8길,1605,768,837,248,285,352,226,214,280,128,127,175,115,101,122,120,158,177,111,113,158
2015_4,독막로32길,2942,1448,1494,537,411,527,521,415,531,279,214,262,259,202,232,258,197,265,262,213,299
2015_4,독막로22길,826,395,431,138,151,161,137,115,124,70,73,74,68,56,54,68,78,87,69,59,70
2015_4,도화길,982,469,513,162,138,173,158,152,199,83,65,83,79,73,86,79,73,90,79,79,113
2015_4,도화4길,4028,1933,2095,667,563,704,654,627,813,347,266,343,325,301,351,320,297,361,329,326,462
2015_4,대흥로28길,2394,1170,1224,342,379,385,414,373,501,172,188,197,210,189,214,170,191,188,204,184,287
2015_4,대흥로21길,5108,2507,2601,562,1181,885,766,719,995,291,545,456,410,375,430,271,636,429,356,344,565
2015_4,광성로6길,1789,884,905,307,274,317,307,255,329,161,140,158,154,126,145,146,134,159,153,129,184
2015_4,홍제내길,3240,1541,1699,540,415,502,563,515,705,267,211,251,268,240,304,273,204,251,295,275,401
2015_4,홍연길,1379,672,707,199,257,223,223,201,276,104,132,111,110,94,121,95,125,112,113,107,155
2015_4,통일로39길,1460,695,765,241,190,229,253,229,318,119,97,115,121,106,137,122,93,114,132,123,181
2015_4,통일로37길,1362,650,712,228,174,211,238,215,296,113,89,106,114,99,129,115,85,105,124,116,167
2015_4,통일로11길,373,181,192,69,46,59,65,56,78,36,24,28,33,28,32,33,22,31,32,28,46
2015_4,충정로6길,504,248,256,70,76,77,83,87,111,35,38,39,43,44,49,35,38,38,40,43,62
2015_4,충정로4길,162,80,82,23,24,24,26,28,37,12,12,12,14,14,16,11,12,12,12,14,21
2015_4,증가로6길,3993,1952,2041,664,581,549,696,655,848,338,296,284,345,314,375,326,285,265,351,341,473
2015_4,증가로23나길,5311,2606,2705,898,743,821,909,853,1087,462,382,411,459,408,484,436,361,410,450,445,603
2015_4,증가로20가길,3690,1816,1874,618,517,559,632,589,775,318,266,283,319,286,344,300,251,276,313,303,431
2015_4,증가로10길,3723,1831,1892,615,531,517,650,602,808,317,273,270,323,294,354,298,258,247,327,308,454
2015_4,응암로1길,3389,1663,1726,575,473,520,582,542,697,294,244,260,294,260,311,281,229,260,288,282,386
2015_4,연희로10길,2384,1156,1228,344,447,382,384,348,479,177,229,189,187,165,209,167,218,193,197,183,270
2015_4,신촌로37길,903,438,465,133,138,148,156,146,182,64,69,78,78,72,77,69,69,70,78,74,105
2015_4,수색로8길,4268,2078,2190,857,511,703,767,643,787,442,254,335,386,314,347,415,257,368,381,329,440
2015_4,세무서길,4345,2126,2219,676,563,587,739,718,1062,343,285,313,371,359,455,333,278,274,368,359,607
2015_4,세무서2길,2680,1292,1388,436,362,376,447,467,592,224,181,189,219,225,254,212,181,187,228,242,338
2015_4,세검정로1길,1014,500,514,168,131,129,171,179,236,84,69,67,86,90,104,84,62,62,85,89,132
2015_4,북아현로4길,3781,1837,1944,553,571,620,653,617,767,267,288,328,328,305,321,286,283,292,325,312,446
2015_4,모래내로15길,2836,1401,1435,462,403,399,489,448,635,239,208,211,244,223,276,223,195,188,245,225,359
2015_4,명지대길,2545,1249,1296,417,361,353,444,413,557,214,187,183,219,203,243,203,174,170,225,210,314
2015_4,독립문로8길,4046,1966,2080,725,513,621,706,631,850,371,267,299,362,314,353,354,246,322,344,317,497
2015_4,가재울로6길,2811,1389,1422,459,397,396,488,445,626,239,206,208,243,222,271,220,191,188,245,223,355
2015_4,통일로92길,4129,2035,2094,594,580,621,665,720,949,311,301,331,333,335,424,283,279,290,332,385,525
2015_4,통일로87길,1725,846,879,272,254,255,289,294,361,146,130,131,139,139,161,126,124,124,150,155,200
2015_4,통일로78길,3334,1648,1686,479,470,500,536,580,769,251,245,267,268,272,345,228,225,233,268,308,424
2015_4,통일로69길,1555,740,815,233,234,273,257,235,323,114,108,138,127,112,141,119,126,135,130,123,182
2015_4,진흥로1길,3820,1841,1979,680,503,663,657,585,732,344,247,330,326,271,323,336,256,333,331,314,409
2015_4,진흥로12길,6638,3215,3423,1030,869,1118,1108,1079,1434,529,431,563,555,513,624,501,438,555,553,566,810
2015_4,증산서길,2641,1318,1323,431,347,407,440,434,582,224,182,209,222,210,271,207,165,198,218,224,311
2015_4,증산로9길,3049,1521,1528,501,399,472,506,504,667,260,209,242,254,244,312,241,190,230,252,260,355
2015_4,증산로5길,2475,1239,1236,408,324,381,410,412,540,212,170,198,207,200,252,196,154,183,203,212,288
2015_4,증산로21길,5675,2773,2902,977,774,951,951,925,1097,509,393,483,462,438,488,468,381,468,489,487,609
2015_4,증산로17길,1556,782,774,278,204,234,268,258,314,151,107,121,134,126,143,127,97,113,134,132,171
2015_4,증산로15길,2141,1074,1067,373,284,325,364,355,440,198,150,167,182,175,202,175,134,158,182,180,238
2015_4,증산로13길,2387,1191,1196,394,319,367,397,392,518,207,167,188,202,188,239,187,152,179,195,204,279
2015_4,응암로34길,4316,2096,2220,827,518,737,770,634,830,435,255,359,387,304,356,392,263,378,383,330,474
2015_4,응암로22길,3459,1704,1755,646,405,571,619,523,695,342,209,285,316,252,300,304,196,286,303,271,395
2015_4,응암로14길,1855,908,947,272,252,275,304,315,437,141,130,142,155,153,187,131,122,133,149,162,250
2015_4,응암로13길,1387,681,706,204,189,206,230,233,325,106,98,106,118,114,139,98,91,100,112,119,186
2015_4,응암로12길,1232,604,628,181,167,182,204,208,290,94,87,94,104,101,124,87,80,88,100,107,166
2015_4,은평로8길,2263,1086,1177,410,292,381,384,346,450,213,140,187,189,164,193,197,152,194,195,182,257
2015_4,은평로3길,2395,1164,1231,419,322,410,406,379,459,215,162,207,198,179,203,204,160,203,208,200,256
2015_4,은평로20길,1922,924,998,353,247,325,332,289,376,183,119,159,166,136,161,170,128,166,166,153,215
2015_4,은평로13길,3018,1457,1561,495,392,509,507,479,636,254,192,254,253,228,276,241,200,255,254,251,360
2015_4,은평로10길,3018,1451,1567,556,385,514,518,452,593,289,185,252,257,214,254,267,200,262,261,238,339
2015_4,연서로5길,2823,1360,1463,501,372,491,485,435,539,255,182,245,239,202,237,246,190,246,246,233,302
2015_4,연서로41길,2636,1296,1340,382,372,394,421,459,608,198,194,209,211,212,272,184,178,185,210,247,336
2015_4,연서로3길,3599,1735,1864,640,475,623,617,553,691,324,233,310,305,258,305,316,242,313,312,295,386
2015_4,연서로34길,1958,967,991,279,274,294,317,342,452,146,143,157,159,160,202,133,131,137,158,182,250
2015_4,연서로33길,1451,715,736,209,205,219,234,250,334,108,106,117,117,117,150,101,99,102,117,133,184
2015_4,연서로29길,1166,577,589,182,173,175,195,198,243,98,90,92,94,94,109,84,83,83,101,104,134
2015_4,연서로28길,4089,1949,2140,612,611,724,669,622,851,301,281,366,334,295,372,311,330,358,335,327,479
2015_4,연서로27길,2863,1379,1484,529,396,464,505,445,524,265,193,241,241,212,227,264,203,223,264,233,297
2015_4,연서로21길,4289,2064,2225,794,593,692,757,666,787,400,289,360,360,314,341,394,304,332,397,352,446
2015_4,연서로17길,1949,936,1013,361,270,314,342,304,358,181,132,162,162,144,155,180,138,152,180,160,203
2015_4,연서로16길,5208,2506,2702,923,688,907,894,798,998,465,337,453,441,371,439,458,351,454,453,427,559
2015_4,연서로13길,4474,2268,2206,805,574,638,774,742,941,396,288,329,395,382,478,409,286,309,379,360,463
2015_4,연서로11길,3539,1765,1774,634,457,543,612,572,721,314,227,278,309,286,351,320,230,265,303,286,370
2015_4,역말로9길,5371,2559,2812,804,804,948,885,814,1116,394,371,480,441,387,486,410,433,468,444,427,630
2015_4,수색로18길,1992,1006,986,289,259,289,312,364,479,153,140,153,167,185,208,136,119,136,145,179,271
2015_4,서오릉로8길,2841,1356,1485,425,426,500,470,429,591,208,197,254,235,204,258,217,229,246,235,225,333
2015_4,서오릉로21길,4217,2139,2078,762,538,603,730,699,885,375,269,312,373,360,450,387,269,291,357,339,435
2015_4,불광천길,3753,1845,1908,558,511,563,613,629,879,292,266,292,313,306,376,266,245,271,300,323,503
2015_4,갈현로7길,2956,1435,1521,523,389,500,509,460,575,264,193,250,252,217,259,259,196,250,257,243,316
2015_4,갈현로41길,3333,1641,1692,526,493,494,555,569,696,279,256,257,269,269,311,247,237,237,286,300,385
2015_4,갈현로33길,3760,1824,1936,641,538,583,645,613,740,330,269,301,308,291,325,311,269,282,337,322,415
2015_4,갈현로1길,2219,1083,1136,383,301,374,371,362,428,198,153,189,180,172,191,185,148,185,191,190,237
2015_4,가좌로7길,2804,1382,1422,421,381,419,462,470,651,222,196,219,237,229,279,199,185,200,225,241,372
2015_4,한글비석로44길,4622,2257,2365,788,643,595,811,785,1000,405,332,310,391,382,437,383,311,285,420,403,563
2015_4,한글비석로24길,3952,1937,2015,670,549,512,693,669,859,346,286,266,336,327,376,324,263,246,357,342,483
2015_4,한글비석로22길,2323,1138,1185,479,298,273,443,376,454,254,159,136,216,184,189,225,139,137,227,192,265
2015_4,석계로1길,1464,756,708,245,236,227,220,230,306,132,138,116,114,113,143,113,98,111,106,117,163
2015_4,상계로9가길,3240,1593,1647,561,491,420,565,567,636,288,250,215,272,279,289,273,241,205,293,288,347
2015_4,상계로1길,1078,532,546,188,170,136,187,199,198,97,85,69,89,98,94,91,85,67,98,101,104
2015_4,상계로12길,3797,1875,1922,656,608,483,663,696,691,338,304,245,316,344,328,318,304,238,347,352,363
2015_4,동일로242길,2760,1351,1409,499,389,392,458,493,529,258,198,194,221,236,244,241,191,198,237,257,285
2015_4,동일로192길,2969,1452,1517,484,499,504,454,476,552,244,249,260,230,220,249,240,250,244,224,256,303
2015_4,동일로173가길,3579,1751,1828,581,599,608,545,581,665,295,299,313,277,268,299,286,300,295,268,313,366
2015_4,공릉로58길,2432,1178,1254,493,409,247,443,430,410,272,222,123,199,207,155,221,187,124,244,223,255
2015_4,해등로16길,797,390,407,144,118,120,125,142,148,74,59,60,60,67,70,70,59,60,65,75,78
2015_4,우이천로4다길,2181,1095,1086,371,282,306,380,373,469,195,147,163,191,187,212,176,135,143,189,186,257
2015_4,우이천로32길,2741,1338,1403,469,362,370,456,475,609,237,182,190,227,225,277,232,180,180,229,250,332
2015_4,시루봉로23길,3390,1724,1666,440,433,448,514,620,935,226,227,251,266,315,439,214,206,197,248,305,496
2015_4,삼양로144길,1504,737,767,252,196,203,249,260,344,129,99,104,124,124,157,123,97,99,125,136,187
2015_4,방학로6가길,2178,1086,1092,353,309,294,365,408,449,183,159,153,182,200,209,170,150,141,183,208,240
2015_4,방학로5길,3695,1799,1896,616,510,568,608,612,781,327,259,295,294,283,341,289,251,273,314,329,440
2015_4,방학로15길,3404,1667,1737,682,479,422,582,623,616,365,254,202,275,293,278,317,225,220,307,330,338
2015_4,방학로10길,2040,1041,999,332,272,267,354,362,453,175,149,148,181,181,207,157,123,119,173,181,246
2015_4,도봉산길,1743,888,855,226,224,231,263,316,483,117,118,128,136,161,228,109,106,103,127,155,255
2015_4,도봉산4길,413,210,203,53,54,56,64,74,112,27,29,31,33,37,53,26,25,25,31,37,59
2015_4,도봉로181길,1918,974,944,248,247,254,290,349,530,128,130,142,150,175,249,120,117,112,140,174,281
2015_4,도봉로169나길,2209,1124,1085,283,286,294,334,403,609,146,149,164,174,204,287,137,137,130,160,199,322
2015_4,도봉로156길,2196,1083,1113,344,264,334,323,385,546,176,137,169,167,179,255,168,127,165,156,206,291
2015_4,도봉로152가길,1152,571,581,182,137,174,169,203,287,94,71,88,88,96,134,88,66,86,81,107,153
2015_4,도봉로147길,4872,2433,2439,787,696,659,817,911,1002,409,358,345,408,447,466,378,338,314,409,464,536
2015_4,도봉로143길,1832,915,917,295,264,246,308,342,377,154,137,128,154,166,176,141,127,118,154,176,201
2015_4,도봉로114길,6901,3349,3552,1308,853,1076,1253,1111,1300,667,431,544,600,529,578,641,422,532,653,582,722
2015_4,도봉로109길,2048,1007,1041,306,287,337,326,340,452,160,143,175,165,159,205,146,144,162,161,181,247
2015_4,도당로29길,2832,1414,1418,445,397,385,466,526,613,229,206,202,234,258,285,216,191,183,232,268,328
2015_4,도당로19길,4003,2018,1985,629,550,532,671,730,891,330,294,285,339,360,410,299,256,247,332,370,481
2015_4,도당로13바길,3067,1558,1509,496,409,402,531,545,684,261,226,221,271,270,309,235,183,181,260,275,375
2015_4,도당로13가길,1356,685,671,220,182,177,234,242,301,115,100,95,120,120,135,105,82,82,114,122,166
2015_4,덕릉로60길,2097,1053,1044,357,271,294,366,360,449,187,141,158,183,181,203,170,130,136,183,179,246
2015_4,노해로63다길,1855,904,951,330,270,282,294,336,343,171,135,141,138,157,162,159,135,141,156,179,181
2015_4,노해로60길,2270,1107,1163,340,318,371,364,376,501,176,156,190,184,174,227,164,162,181,180,202,274
2015_4,한천로140길,1801,899,902,218,283,297,287,308,408,113,141,161,146,151,187,105,142,136,141,157,221
2015_4,한천로139가길,1525,765,760,183,238,253,244,260,347,95,119,139,125,128,159,88,119,114,119,132,188
2015_4,한천로132길,1773,879,894,241,268,294,297,294,379,127,127,150,160,145,170,114,141,144,137,149,209
2015_4,한천로130길,3382,1676,1706,465,512,564,569,552,720,242,243,290,304,274,323,223,269,274,265,278,397
2015_4,한천로124나길,1790,891,899,245,273,295,305,290,382,130,132,153,164,142,170,115,141,142,141,148,212
2015_4,한천로109길,1771,848,923,294,202,252,288,265,470,149,101,133,148,127,190,145,101,119,140,138,280
2015_4,인수봉로79길,3081,1504,1577,472,396,434,491,529,759,241,199,229,247,252,336,231,197,205,244,277,423
2015_4,인수봉로72길,3718,1819,1899,572,479,524,591,640,912,294,242,277,297,304,405,278,237,247,294,336,507
2015_4,인수봉로56길,2044,1000,1044,313,264,290,326,350,501,159,135,154,163,166,223,154,129,136,163,184,278
2015_4,오패산로67길,2216,1097,1119,305,335,368,373,362,473,159,159,189,198,180,212,146,176,179,175,182,261
2015_4,오패산로52길,2670,1303,1367,375,374,396,436,465,624,195,185,209,218,224,272,180,189,187,218,241,352
2015_4,오패산로30길,893,434,459,125,123,132,144,155,214,64,61,70,72,72,95,61,62,62,72,83,119
2015_4,수유로12길,2482,1240,1242,370,351,367,396,431,567,191,179,201,203,209,257,179,172,166,193,222,310
2015_4,솔샘로65길,2567,1285,1282,345,335,362,425,475,625,175,171,198,220,237,284,170,164,164,205,238,341
2015_4,솔매로50길,2216,1083,1133,304,326,330,359,390,507,158,157,175,181,187,225,146,169,155,178,203,282
2015_4,솔매로45길,2041,995,1046,274,316,310,329,362,450,141,151,164,165,176,198,133,165,146,164,186,252
2015_4,솔매로41길,3605,1763,1842,505,538,545,588,637,792,261,261,286,296,310,349,244,277,259,292,327,443
2015_4,삼양로93길,2869,1401,1468,438,371,405,453,495,707,223,189,215,227,235,312,215,182,190,226,260,395
2015_4,삼양로77길,3291,1647,1644,492,459,488,523,572,757,254,236,267,269,278,343,238,223,221,254,294,414
2015_4,삼양로54길,3827,1895,1932,517,530,550,632,698,900,261,266,296,322,345,405,256,264,254,310,353,495
2015_4,삼양로41길,5115,2556,2559,876,642,753,875,868,1101,455,340,392,443,432,494,421,302,361,432,436,607
2015_4,삼양로27길,568,276,292,143,56,89,120,76,84,73,29,41,60,37,36,70,27,48,60,39,48
2015_4,삼양로24길,2367,1182,1185,318,309,333,394,437,576,161,158,181,202,218,262,157,151,152,192,219,314
2015_4,삼양로20길,2210,1103,1107,297,289,313,367,408,536,151,146,170,188,204,244,146,143,143,179,204,292
2015_4,삼각산로28길,3645,1820,1825,435,575,603,580,626,826,227,286,328,294,309,376,208,289,275,286,317,450
2015_4,도봉로99길,2412,1203,1209,290,379,398,385,414,546,149,189,217,196,204,248,141,190,181,189,210,298
2015_4,도봉로8길,201,100,101,28,26,29,34,36,48,15,13,16,17,17,22,13,13,13,17,19,26
2015_4,도봉로76길,3502,1706,1796,468,541,531,562,626,774,243,259,279,282,304,339,225,282,252,280,322,435
2015_4,도봉로67길,1647,813,834,246,233,247,273,289,359,127,116,130,139,142,159,119,117,117,134,147,200
2015_4,도봉로45길,3416,1677,1739,458,507,509,551,617,774,237,246,270,278,303,343,221,261,239,273,314,431
2015_4,도봉로18길,3088,1504,1584,432,427,457,505,537,730,220,211,242,253,253,325,212,216,215,252,284,405
2015_4,도봉로13길,1497,748,749,205,197,208,244,278,365,104,102,113,125,139,165,101,95,95,119,139,200
2015_4,덕릉로41길,2419,1200,1219,333,367,401,407,394,517,174,176,207,217,195,231,159,191,194,190,199,286
2015_4,덕릉로40길,2536,1243,1293,381,320,367,412,423,633,199,167,196,208,207,266,182,153,171,204,216,367
2015_4,노해로33길,2826,1392,1434,429,369,398,460,480,690,225,194,208,227,233,305,204,175,190,233,247,385
2015_4,노해로23길,1355,668,687,203,180,189,221,231,331,107,95,99,110,111,146,96,85,90,111,120,185
2015_4,노해로17길,2561,1282,1279,308,406,423,409,439,576,161,203,231,208,216,263,147,203,192,201,223,313
2015_4,화랑로40길,1394,699,695,210,193,216,226,243,306,112,98,112,117,118,142,98,95,104,109,125,164
2015_4,화랑로32길,3794,1908,1886,578,527,588,612,661,828,308,270,307,315,321,387,270,257,281,297,340,441
2015_4,화랑로1길,2224,1082,1142,453,248,350,407,334,432,225,124,167,217,157,192,228,124,183,190,177,240
2015_4,화랑로19길,2796,1395,1401,447,399,402,467,464,617,230,200,212,243,231,279,217,199,190,224,233,338
2015_4,화랑로14길,1654,816,838,279,256,248,275,256,340,141,121,127,145,128,154,138,135,121,130,128,186
2015_4,화랑로13길,864,429,435,149,130,130,144,134,177,77,62,66,76,67,81,72,68,64,68,67,96
2015_4,한천로76길,1878,943,935,287,261,289,303,329,409,153,133,150,156,160,191,134,128,139,147,169,218
2015_4,한천로101가길,3649,1836,1813,590,477,479,632,658,813,299,254,256,323,330,374,291,223,223,309,328,439
2015_4,창경궁로43길,1181,568,613,181,219,180,192,168,241,93,108,87,95,81,104,88,111,93,97,87,137
2015_4,지봉로20길,2522,1233,1289,350,425,415,430,406,496,174,213,217,217,195,217,176,212,198,213,211,279
2015_4,종암로5길,2006,997,1009,383,286,301,358,307,371,199,154,151,183,150,160,184,132,150,175,157,211
2015_4,종암로24가길,2407,1197,1210,459,345,363,431,365,444,239,185,183,219,179,192,220,160,180,212,186,252
2015_4,종암로21길,1155,574,581,219,165,175,204,176,216,116,89,88,103,86,92,103,76,87,101,90,124
2015_4,종암로19길,1566,781,785,301,223,239,279,238,286,156,121,120,143,117,124,145,102,119,136,121,162
2015_4,종암로16길,3062,1523,1539,589,439,461,545,462,566,308,236,231,278,225,245,281,203,230,267,237,321
2015_4,정릉로8길,1629,812,817,238,276,223,247,255,390,120,154,125,122,124,167,118,122,98,125,131,223
2015_4,정릉로27길,2665,1313,1352,484,328,412,450,424,567,256,172,207,223,199,256,228,156,205,227,225,311
2015_4,정릉로26길,457,225,232,84,56,71,76,73,97,44,30,36,37,34,44,40,26,35,39,39,53
2015_4,장위로50길,1750,892,858,287,214,231,301,317,400,144,116,120,161,162,189,143,98,111,140,155,211
2015_4,장월로1길,2435,1200,1235,412,374,366,406,380,497,210,176,187,212,190,225,202,198,179,194,190,272
2015_4,인촌로6길,456,225,231,62,80,75,80,70,89,31,40,40,40,34,40,31,40,35,40,36,49
2015_4,인촌로5길,1776,851,925,230,463,295,254,229,305,116,210,152,128,113,132,114,253,143,126,116,173
2015_4,인촌로24길,706,361,345,86,193,109,99,98,121,46,104,60,50,49,52,40,89,49,49,49,69
2015_4,개운사길,1055,538,517,129,291,159,149,146,181,69,153,88,76,73,79,60,138,71,73,73,102
2015_4,인촌로1길,1231,603,628,172,208,203,213,196,239,86,104,106,107,94,106,86,104,97,106,102,133
2015_4,인촌로17가길,1902,972,930,234,523,290,266,261,328,126,277,160,136,130,143,108,246,130,130,131,185
2015_4,오패산로4길,3060,1509,1551,517,474,458,510,474,627,263,223,232,267,238,286,254,251,226,243,236,341
2015_4,오패산로3길,3390,1653,1737,690,375,531,623,507,664,342,186,252,330,246,297,348,189,279,293,261,367
2015_4,오패산로19길,1787,872,915,362,196,280,329,272,348,180,97,134,174,132,155,182,99,146,155,140,193
2015_4,안암로5길,2141,1092,1049,259,586,326,303,299,368,137,309,182,155,148,161,122,277,144,148,151,207
2015_4,아리랑로4길,3109,1362,1747,419,763,556,463,370,538,200,267,261,231,174,229,219,496,295,232,196,309
2015_4,솔샘로6길,1853,919,934,270,315,252,279,294,443,136,177,140,138,139,189,134,138,112,141,155,254
2015_4,성북로8길,1166,557,609,179,182,181,201,174,249,93,85,86,100,84,109,86,97,95,101,90,140
2015_4,삼양로8길,3444,1699,1745,566,440,525,572,582,759,300,222,264,288,281,344,266,218,261,284,301,415
2015_4,삼선교로16가길,1040,502,538,168,173,168,176,155,200,86,83,85,88,74,86,82,90,83,88,81,114
2015_4,삼선교로10다길,1651,804,847,264,273,263,287,249,315,137,129,136,144,122,136,127,144,127,143,127,179
2015_4,삼선교로10길,1272,613,659,205,210,204,217,192,244,104,101,103,109,92,104,101,109,101,108,100,140
2015_4,보문로32길,1537,672,865,211,377,275,224,185,265,101,133,129,111,87,111,110,244,146,113,98,154
2015_4,보문로31길,1847,893,954,297,306,295,322,275,352,153,144,151,162,131,152,144,162,144,160,144,200
2015_4,보문로26길,1634,833,801,198,449,250,231,226,280,106,236,138,118,113,122,92,213,112,113,113,158
2015_4,보문로13길,2272,1114,1158,317,380,376,388,363,448,158,191,197,197,174,197,159,189,179,191,189,251
2015_4,보국문로16길,2905,1415,1490,544,346,467,520,434,594,282,173,227,261,205,267,262,173,240,259,229,327
2015_4,동소문로6길,168,85,83,27,28,27,30,24,32,15,13,15,15,12,15,12,15,12,15,12,17
2015_4,동소문로2길,237,114,123,38,39,38,40,37,45,19,19,19,20,18,19,19,20,19,20,19,26
2015_4,동소문로26가길,2009,886,1123,269,495,363,299,239,344,130,174,171,149,115,147,139,321,192,150,124,197
2015_4,동소문로15길,1050,460,590,140,258,188,156,124,184,68,91,87,78,58,78,72,167,101,78,66,106
2015_4,동소문로13길,1931,908,1023,291,334,309,325,277,395,148,144,148,161,134,173,143,190,161,164,143,222
2015_4,돌곶이로8길,1334,671,663,201,185,204,219,233,292,105,96,105,114,115,136,96,89,99,105,118,156
2015_4,돌곶이로41길,1732,866,866,275,235,227,300,313,382,141,125,124,149,156,171,134,110,103,151,157,211
2015_4,돌곶이로28길,1693,852,841,262,213,226,290,302,400,133,112,123,149,151,184,129,101,103,141,151,216
2015_4,돌곶이로27길,2826,1411,1415,415,366,383,479,504,679,211,189,211,246,248,306,204,177,172,233,256,373
2015_4,돌곶이로22길,1221,615,606,185,169,187,198,213,269,98,87,98,102,104,126,87,82,89,96,109,143
2015_4,돌곶이로14길,1286,649,637,195,177,200,208,224,282,105,90,105,108,109,132,90,87,95,100,115,150
2015_4,길음로7길,1830,881,949,461,178,320,380,222,269,234,85,146,194,104,118,227,93,174,186,118,151
2015_4,중랑천로10길,2617,1321,1296,393,374,427,452,469,502,201,188,229,236,238,229,192,186,198,216,231,273
2015_4,용마산로94길,3429,1722,1707,493,501,531,565,625,714,249,257,287,292,309,328,244,244,244,273,316,386
2015_4,용마산로118길,1545,783,762,229,219,231,245,295,326,117,113,125,125,151,152,112,106,106,120,144,174
2015_4,용마산로112길,2665,1351,1314,391,382,401,422,508,561,199,196,217,217,259,263,192,186,184,205,249,298
2015_4,용마산로100길,3100,1554,1546,471,433,453,537,571,635,232,222,240,274,299,287,239,211,213,263,272,348
2015_4,신내로7가길,772,379,393,149,113,110,132,140,128,78,57,55,64,68,57,71,56,55,68,72,71
2015_4,사가정로54길,3144,1567,1577,447,448,508,499,567,675,233,225,264,260,277,308,214,223,244,239,290,367
2015_4,사가정로42길,2904,1440,1464,413,416,472,459,523,621,213,208,244,238,254,283,200,208,228,221,269,338
2015_4,봉화산로56길,3998,1964,2034,844,540,626,616,658,714,433,278,308,300,318,327,411,262,318,316,340,387
2015_4,봉화산로4길,4507,2327,2180,545,637,675,740,917,993,286,330,368,395,482,466,259,307,307,345,435,527
2015_4,봉화산로30길,2978,1477,1501,518,437,482,455,533,553,269,223,248,227,256,254,249,214,234,228,277,299
2015_4,봉우재로33길,2686,1354,1332,311,460,508,413,465,529,161,220,268,221,234,250,150,240,240,192,231,279
2015_4,면목로78길,5964,2984,2980,857,887,989,1024,1038,1169,438,442,533,524,517,530,419,445,456,500,521,639
2015_4,면목로56길,3148,1579,1569,449,468,507,532,557,635,230,236,273,275,276,289,219,232,234,257,281,346
2015_4,면목로55길,1809,908,901,260,268,290,306,318,367,133,135,157,157,158,168,127,133,133,149,160,199
2015_4,면목로49길,2969,1487,1482,425,435,460,491,541,617,215,223,246,254,265,284,210,212,214,237,276,333
2015_4,면목로48길,3352,1675,1677,482,490,518,555,611,696,244,249,277,285,301,319,238,241,241,270,310,377
2015_4,면목로45길,1809,905,904,261,265,279,300,329,375,132,135,149,155,163,171,129,130,130,145,166,204
2015_4,면목로33길,3175,1571,1604,482,467,517,528,527,654,250,218,273,277,264,289,232,249,244,251,263,365
2015_4,면목로21길,2163,1071,1092,331,319,354,363,353,443,173,147,188,192,177,194,158,172,166,171,176,249
2015_4,망우로73길,1924,978,946,283,273,286,305,369,408,144,140,157,157,189,191,139,133,129,148,180,217
2015_4,망우로68길,2655,1346,1309,391,381,398,422,504,559,199,197,216,216,257,261,192,184,182,206,247,298
2015_4,동일로163길,3099,1540,1559,469,438,538,500,529,625,247,213,281,255,258,286,222,225,257,245,271,339
2015_4,동일로157길,2603,1294,1309,395,367,452,419,447,523,207,179,236,215,218,239,188,188,216,204,229,284
2015_4,동일로149길,3029,1506,1523,462,430,526,488,514,609,242,209,276,250,250,279,220,221,250,238,264,330
2015_4,동일로140길,2320,1150,1170,385,336,395,350,406,448,199,170,205,176,193,207,186,166,190,174,213,241
2015_4,동일로139길,2398,1239,1159,292,337,356,395,489,529,153,175,194,211,257,249,139,162,162,184,232,280
2015_4,동일로139가길,1493,758,735,204,210,240,243,281,315,107,107,128,126,144,146,97,103,112,117,137,169
2015_4,동일로130길,3695,1832,1863,602,538,634,546,655,720,310,272,331,277,310,332,292,266,303,269,345,388
2015_4,동일로123길,2399,1241,1158,291,339,357,397,488,527,154,176,194,212,257,248,137,163,163,185,231,279
2015_4,동일로112길,5204,2632,2572,595,892,979,811,897,1030,312,431,518,434,451,486,283,461,461,377,446,544
2015_4,동일로101길,3057,1543,1514,480,416,481,542,553,585,244,214,261,280,279,265,236,202,220,262,274,320
2015_4,동일로100길,4623,2336,2287,732,623,728,817,834,889,374,321,392,423,421,405,358,302,336,394,413,484
2015_4,답십리로75길,2256,1113,1143,348,335,367,377,367,462,181,154,194,199,184,201,167,181,173,178,183,261
2015_4,공릉로2길,3918,1916,2002,706,548,631,664,630,739,361,268,319,325,303,340,345,280,312,339,327,399
2015_4,공릉로12가길,1239,605,634,222,174,199,208,201,235,113,85,100,103,97,107,109,89,99,105,104,128
2015_4,겸재로54길,4899,2452,2447,702,731,814,838,847,967,359,364,440,427,422,440,343,367,374,411,425,527
2015_4,겸재로36길,4046,2026,2020,580,603,676,691,698,798,298,301,364,353,347,363,282,302,312,338,351,435
2015_4,겸재로29길,2302,1149,1153,331,341,380,396,400,454,169,169,206,201,199,205,162,172,174,195,201,249
2015_4,휘경로3길,4245,2126,2119,592,882,628,658,627,858,303,466,339,337,306,375,289,416,289,321,321,483
2015_4,휘경로2길,1697,849,848,233,353,252,264,251,344,119,185,136,136,123,150,114,168,116,128,128,194
2015_4,휘경로23길,2335,1172,1163,321,480,352,364,345,473,165,252,190,188,169,208,156,228,162,176,176,265
2015_4,휘경로14길,2173,1092,1081,266,440,339,337,327,464,138,215,184,180,166,209,128,225,155,157,161,255
2015_4,한천로46길,1984,994,990,371,300,315,337,293,368,190,159,159,172,145,169,181,141,156,165,148,199
2015_4,한천로40길,1909,966,943,367,227,326,342,289,358,194,118,163,180,145,166,173,109,163,162,144,192
2015_4,한천로33길,792,389,403,145,99,118,140,130,160,74,52,58,71,62,72,71,47,60,69,68,88
2015_4,한천로14길,3273,1647,1626,534,435,604,534,534,632,274,219,309,283,260,302,260,216,295,251,274,330
2015_4,천호대로97길,2503,1262,1241,410,334,458,410,411,480,209,167,233,220,202,231,201,167,225,190,209,249
2015_4,천호대로77길,2048,1029,1019,335,274,378,334,335,392,172,137,192,178,163,187,163,137,186,156,172,205
2015_4,천호대로45길,3190,1647,1543,393,498,543,485,533,738,205,260,293,262,277,350,188,238,250,223,256,388
2015_4,천호대로17길,2363,1218,1145,291,374,402,357,397,542,150,195,216,196,207,254,141,179,186,161,190,288
2015_4,천호대로12길,1119,579,540,137,176,188,171,188,259,71,92,101,93,98,124,66,84,87,78,90,135
2015_4,천장산로7길,1342,671,671,183,278,196,209,201,275,95,146,106,106,98,120,88,132,90,103,103,155
2015_4,제기로5길,1466,754,712,190,234,223,212,239,368,98,130,124,116,121,165,92,104,99,96,118,203
2015_4,제기로21길,4755,2374,2381,611,602,638,688,868,1348,316,317,342,363,434,602,295,285,296,325,434,746
2015_4,전농로4길,2167,1068,1099,366,283,330,373,359,456,183,148,165,191,176,205,183,135,165,182,183,251
2015_4,전농로3길,1885,928,957,321,268,349,311,293,343,162,131,175,159,147,154,159,137,174,152,146,189
2015_4,전농로29길,2123,1080,1043,326,300,313,347,360,477,165,157,163,185,188,222,161,143,150,162,172,255
2015_4,장한로8길,2055,1032,1023,336,273,378,334,336,398,172,137,193,175,164,191,164,136,185,159,172,207
2015_4,장한로5길,1982,999,983,323,264,364,322,324,385,166,132,187,171,158,185,157,132,177,151,166,200
2015_4,장한로27길,1791,905,886,345,211,307,321,270,337,183,110,153,169,135,155,162,101,154,152,135,182
2015_4,장한로27가길,1680,847,833,322,199,289,299,256,315,170,103,144,157,128,145,152,96,145,142,128,170
2015_4,장한로26길,2043,1027,1016,349,265,371,341,328,389,180,134,188,179,161,185,169,131,183,162,167,204
2015_4,장한로26가길,1214,613,601,227,149,210,212,187,229,120,77,105,112,93,106,107,72,105,100,94,123
2015_4,장한로25길,855,430,425,139,113,158,140,140,165,72,57,81,75,67,78,67,56,77,65,73,87
2015_4,장한로14길,1534,772,762,253,203,281,250,254,293,129,103,143,133,124,140,124,100,138,117,130,153
2015_4,이문로42길,4457,2201,2256,806,623,653,776,699,900,412,315,335,389,347,403,394,308,318,387,352,497
2015_4,왕산로43길,2823,1408,1415,364,356,379,406,516,802,187,187,202,214,258,360,177,169,177,192,258,442
2015_4,왕산로33길,624,318,306,79,101,94,90,100,160,41,55,51,49,50,72,38,46,43,41,50,88
2015_4,왕산로32길,1197,617,580,148,187,203,181,201,277,78,98,108,98,105,130,70,89,95,83,96,147
2015_4,약령시로17길,1889,964,925,241,287,279,272,316,494,125,158,152,147,159,223,116,129,127,125,157,271
2015_4,서울시립대로4길,2325,1163,1162,378,325,382,382,381,477,192,165,196,198,194,218,186,160,186,184,187,259
2015_4,서울시립대로29길,4661,2329,2332,775,757,691,756,735,947,389,399,358,383,366,434,386,358,333,373,369,513
2015_4,서울시립대로16길,2028,1031,997,309,282,305,334,345,453,159,148,159,176,178,211,150,134,146,158,167,242
2015_4,사가정로2길,2597,1280,1317,448,368,477,428,405,471,227,180,240,218,203,212,221,188,237,210,202,259
2015_4,사가정로23가길,2375,1203,1172,456,282,405,425,361,446,241,147,202,224,182,207,215,135,203,201,179,239
2015_4,사가정로13길,2457,1197,1260,466,312,344,436,400,499,235,164,166,213,195,224,231,148,178,223,205,275
2015_4,무학로45길,1744,903,841,216,275,295,263,295,400,112,142,160,144,155,190,104,133,135,119,140,210
2015_4,무학로16길,1460,756,704,181,229,247,221,244,338,95,119,134,121,127,160,86,110,113,100,117,178
2015_4,망우로21길,250,125,125,32,50,40,38,38,52,16,24,22,20,20,23,16,26,18,18,18,29
2015_4,망우로18길,2046,1008,1038,366,380,303,332,294,371,181,200,154,163,142,168,185,180,149,169,152,203
2015_4,망우로18가길,3910,1929,1981,699,731,578,631,564,707,347,387,295,310,271,319,352,344,283,321,293,388
2015_4,답십리로72길,1264,639,625,230,157,221,220,197,239,121,81,111,116,98,112,109,76,110,104,99,127
2015_4,답십리로69길,1427,721,706,274,169,244,256,216,268,144,89,121,135,108,124,130,80,123,121,108,144
2015_4,답십리로68길,2361,1190,1171,385,314,434,387,385,456,196,159,222,205,189,219,189,155,212,182,196,237
2015_4,답십리로64길,4296,2163,2133,703,568,791,703,704,827,359,286,403,375,344,396,344,282,388,328,360,431
2015_4,답십리로63길,2079,1050,1029,401,247,359,368,312,392,211,129,179,194,156,181,190,118,180,174,156,211
2015_4,답십리로60길,2044,1006,1038,346,263,304,353,343,435,173,139,152,180,166,196,173,124,152,173,177,239
2015_4,답십리로56길,4074,2003,2071,690,523,606,703,684,868,345,276,303,358,330,391,345,247,303,345,354,477
2015_4,답십리로23길,2416,1226,1190,369,336,360,394,412,545,189,177,188,208,211,253,180,159,172,186,201,292
2015_4,난계로30길,223,116,107,28,36,37,34,38,50,15,19,20,19,20,23,13,17,17,15,18,27
2015_4,경희대로4길,1609,778,831,236,406,281,216,190,280,116,196,145,109,91,121,120,210,136,107,99,159
2015_4,경희대로3길,886,429,457,129,224,154,118,105,156,64,108,79,60,50,68,65,116,75,58,55,88
2015_4,천호대로129길,2722,1340,1382,479,372,449,466,449,507,248,189,227,229,216,231,231,183,222,237,233,276
2015_4,천호대로123길,3047,1490,1557,477,500,560,491,503,516,246,247,281,237,242,237,231,253,279,254,261,279
2015_4,천호대로109길,3719,1819,1900,579,611,684,599,616,630,298,302,345,289,296,289,281,309,339,310,320,341
2015_4,자양번영로3길,3848,1868,1980,781,543,632,659,628,605,393,268,298,319,305,285,388,275,334,340,323,320
2015_4,자양로53길,2911,1441,1470,482,423,475,491,495,545,254,216,241,241,243,246,228,207,234,250,252,299
2015_4,자양로50길,4569,2242,2327,825,611,752,790,743,848,423,311,379,391,354,384,402,300,373,399,389,464
2015_4,자양로45길,2313,1147,1166,382,335,379,389,396,432,201,170,193,192,195,196,181,165,186,197,201,236
2015_4,자양로26길,2805,1347,1458,373,515,577,457,415,468,188,235,289,229,196,210,185,280,288,228,219,258
2015_4,자양로15길,2085,1023,1062,303,352,383,342,337,368,159,169,194,171,165,165,144,183,189,171,172,203
2015_4,자양로11길,4172,2041,2131,612,705,766,684,669,736,322,338,386,342,325,328,290,367,380,342,344,408
2015_4,용마산로3길,3249,1587,1662,505,532,599,525,535,553,258,264,301,254,256,254,247,268,298,271,279,299
2015_4,용마산로21길,5183,2548,2635,803,841,940,846,863,890,414,421,478,409,418,408,389,420,462,437,445,482
2015_4,아차산로78길,2327,1132,1195,639,264,286,532,324,282,327,132,124,251,168,130,312,132,162,281,156,152
2015_4,아차산로65길,3352,1620,1732,617,518,563,572,549,533,307,261,277,264,264,247,310,257,286,308,285,286
2015_4,아차산로55길,3410,1634,1776,456,624,701,558,503,568,229,287,351,279,237,251,227,337,350,279,266,317
2015_4,아차산로51길,1870,895,975,251,343,386,304,276,310,126,158,193,152,129,137,125,185,193,152,147,173
2015_4,아차산로40길,2931,1433,1498,427,497,537,482,470,518,225,237,271,241,228,231,202,260,266,241,242,287
2015_4,면목로17길,4083,2042,2041,611,612,690,688,737,745,312,320,370,340,364,336,299,292,320,348,373,409
2015_4,뚝섬로64길,3272,1620,1652,577,460,585,552,532,566,302,234,292,273,253,266,275,226,293,279,279,300
2015_4,뚝섬로58길,3323,1644,1679,585,469,593,562,541,573,305,239,296,278,257,269,280,230,297,284,284,304
2015_4,뚝섬로54길,3785,1876,1909,669,534,674,639,615,654,350,275,337,317,293,304,319,259,337,322,322,350
2015_4,뚝섬로48길,4207,2083,2124,740,591,751,711,689,725,384,302,375,352,329,341,356,289,376,359,360,384
2015_4,뚝섬로24길,2269,1144,1125,268,345,376,361,430,489,136,174,196,192,222,224,132,171,180,169,208,265
2015_4,뚝섬로23길,3156,1556,1600,526,463,520,523,547,577,265,231,256,263,273,268,261,232,264,260,274,309
2015_4,동일로24길,1925,929,996,162,678,394,218,200,273,81,298,207,120,102,121,81,380,187,98,98,152
2015_4,동일로18길,3295,1661,1634,386,504,543,524,628,710,195,255,282,279,324,326,191,249,261,245,304,384
2015_4,능동로4길,2494,1223,1271,453,359,411,420,425,426,228,179,198,209,210,199,225,180,213,211,215,227
2015_4,능동로3길,3173,1593,1580,406,480,524,509,592,662,205,243,269,269,302,305,201,237,255,240,290,357
2015_4,능동로34길,4828,2278,2550,616,933,1193,668,615,803,328,386,589,336,279,360,288,547,604,332,336,443
2015_4,능동로19길,2314,1118,1196,193,821,470,262,243,325,96,360,246,144,125,147,97,461,224,118,118,178
2015_4,능동로13길,2748,1328,1420,228,972,561,312,290,385,114,428,294,171,149,172,114,544,267,141,141,213
2015_4,긴고랑로9길,2261,1128,1133,332,340,388,381,405,415,170,174,209,188,199,188,162,166,179,193,206,227
2015_4,긴고랑로8길,4316,2146,2170,548,680,852,676,736,824,283,327,449,340,360,387,265,353,403,336,376,437
2015_4,긴고랑로7길,4456,2219,2237,621,683,810,730,780,832,319,343,429,362,384,382,302,340,381,368,396,450
2015_4,긴고랑로20길,4086,1997,2089,639,671,754,657,674,691,328,333,379,316,325,316,311,338,375,341,349,375
2015_4,광나루로52길,6175,2980,3195,1132,958,1037,1055,1015,978,562,483,507,487,489,452,570,475,530,568,526,526
2015_4,광나루로40길,4011,1927,2084,536,734,831,652,590,668,271,340,416,326,278,296,265,394,415,326,312,372
2015_4,광나루로37길,707,347,360,128,94,117,122,114,132,66,48,59,60,54,60,62,46,58,62,60,72
2015_4,광나루로36길,2311,1110,1201,308,423,477,376,340,387,156,195,239,188,160,172,152,228,238,188,180,215
2015_4,광나루로24길,1196,575,621,98,425,245,135,124,169,48,186,129,74,63,75,50,239,116,61,61,94
2015_4,광나루로12길,1952,941,1011,162,691,396,224,206,273,80,304,208,122,104,123,82,387,188,102,102,150
2015_4,한림말길,2281,1084,1197,398,297,451,368,340,427,202,141,212,183,157,189,196,156,239,185,183,238
2015_4,한림말3길,1011,480,531,176,132,200,163,152,188,89,62,94,81,71,83,87,70,106,82,81,105
2015_4,청계천로10나길,3778,1876,1902,611,650,564,605,618,730,314,325,286,301,313,337,297,325,278,304,305,393
2015_4,장터길,2368,1148,1220,402,284,456,404,360,462,207,145,220,207,171,198,195,139,236,197,189,264
2015_4,용답중앙길,3029,1614,1415,404,435,466,546,553,625,208,222,263,310,317,294,196,213,203,236,236,331
2015_4,용답29길,3033,1613,1420,405,436,464,545,554,629,209,222,260,309,318,295,196,214,204,236,236,334
2015_4,왕십리로6길,2356,1186,1170,377,364,439,393,393,390,190,184,225,203,199,185,187,180,214,190,194,205
2015_4,왕십리로31길,2493,1231,1262,398,363,392,439,414,487,201,182,200,224,212,212,197,181,192,215,202,275
2015_4,왕십리로26길,3970,1935,2035,651,624,694,638,648,715,322,302,347,319,329,316,329,322,347,319,319,399
2015_4,왕십리로21길,5033,2406,2627,974,639,844,932,750,894,468,315,401,465,366,391,506,324,443,467,384,503
2015_4,왕십리로14길,2022,1017,1005,311,318,391,331,331,340,159,159,199,175,164,161,152,159,192,156,167,179
2015_4,아차산로5길,2084,1081,1003,281,320,376,315,376,416,142,160,198,173,202,206,139,160,178,142,174,210
2015_4,아차산로15길,769,401,368,102,118,141,114,141,153,53,59,74,64,75,76,49,59,67,50,66,77
2015_4,아차산로11길,625,327,298,82,94,114,92,115,128,41,47,62,51,63,63,41,47,52,41,52,65
2015_4,송정4가길,2639,1403,1236,366,374,449,450,503,497,188,201,253,251,271,239,178,173,196,199,232,258
2015_4,송정12라길,1287,684,603,180,182,220,219,245,241,93,98,123,121,132,117,87,84,97,98,113,124
2015_4,성수일로6길,871,454,417,116,130,159,130,160,176,60,65,84,71,87,87,56,65,75,59,73,89
2015_4,성수이로7길,1956,1017,939,271,295,325,315,369,381,140,154,171,171,198,183,131,141,154,144,171,198
2015_4,성수이로18길,580,305,275,76,88,98,90,110,118,39,46,53,50,60,57,37,42,45,40,50,61
2015_4,성덕정길,4300,2173,2127,739,648,733,748,737,695,374,330,384,374,387,324,365,318,349,374,350,371
2015_4,성덕정17길,4278,2228,2050,594,636,681,715,824,828,307,340,359,388,445,389,287,296,322,327,379,439
2015_4,서울숲2길,2748,1388,1360,423,435,532,446,450,462,217,218,270,237,224,222,206,217,262,209,226,240
2015_4,상원길,864,435,429,133,136,168,142,141,144,68,68,86,75,70,68,65,68,82,67,71,76
2015_4,상원12길,2633,1327,1306,403,414,510,429,435,442,207,207,260,226,216,211,196,207,250,203,219,231
2015_4,사근동길,3200,1677,1523,417,1012,471,390,384,526,198,594,263,199,183,240,219,418,208,191,201,286
2015_4,무학봉길,1951,954,997,333,281,311,350,315,361,166,139,156,175,159,159,167,142,155,175,156,202
2015_4,무학봉28길,1240,607,633,201,187,195,218,205,234,101,91,99,108,104,104,100,96,96,110,101,130
2015_4,무학로6길,2303,1121,1182,380,360,402,370,377,414,189,172,201,185,191,183,191,188,201,185,186,231
2015_4,무수막길,1330,646,684,224,161,246,227,203,269,115,81,121,115,97,117,109,80,125,112,106,152
2015_4,매봉길,960,461,499,167,116,192,163,142,180,86,58,91,83,67,76,81,58,101,80,75,104
2015_4,마조로1길,704,367,337,91,223,105,86,84,115,43,131,59,43,40,51,48,92,46,43,44,64
2015_4,마조로16길,2153,1072,1081,349,370,321,344,354,415,181,185,163,172,181,190,168,185,158,172,173,225
2015_4,마장로39길,888,442,446,143,155,131,142,145,172,74,78,66,71,74,79,69,77,65,71,71,93
2015_4,마장로27길,1954,970,984,315,337,292,313,320,377,161,169,148,156,161,175,154,168,144,157,159,202
2015_4,뚝섬로5길,942,479,463,154,141,157,165,165,160,79,72,82,84,87,75,75,69,75,81,78,85
2015_4,둘레9길,3283,1681,1602,514,494,542,561,595,577,262,257,284,290,317,271,252,237,258,271,278,306
2015_4,금호산길,3200,1551,1649,533,391,598,544,490,644,274,196,292,276,232,281,259,195,306,268,258,363
2015_4,금호산2길,2544,1236,1308,425,310,475,431,390,513,217,156,234,220,186,223,208,154,241,211,204,290
2015_4,고산자로6길,2509,1231,1278,389,392,405,414,416,493,198,196,200,207,208,222,191,196,205,207,208,271
2015_4,후암로28길,3673,1808,1865,588,510,607,639,570,759,312,264,312,321,276,323,276,246,295,318,294,436
2015_4,효창원로39길,2875,1387,1488,513,355,496,506,423,582,261,170,242,257,208,249,252,185,254,249,215,333
2015_4,회나무로13길,1661,769,892,210,220,289,273,254,415,104,110,139,134,110,172,106,110,150,139,144,243
2015_4,한남대로20길,803,383,420,97,108,162,134,127,175,51,52,80,66,59,75,46,56,82,68,68,100
2015_4,한강대로88길,108,66,42,8,13,15,19,24,29,4,7,9,13,16,17,4,6,6,6,8,12
2015_4,한강대로7길,597,295,302,72,82,104,88,102,149,39,41,51,45,51,68,33,41,53,43,51,81
2015_4,한강대로62길,883,437,446,103,121,155,132,153,219,55,60,76,67,76,103,48,61,79,65,77,116
2015_4,한강대로52길,585,287,298,68,79,103,89,100,146,36,39,50,45,50,67,32,40,53,44,50,79
2015_4,한강대로43길,1089,538,551,126,148,192,163,189,271,68,73,94,83,94,126,58,75,98,80,95,145
2015_4,한강대로15길,546,271,275,65,73,97,82,94,135,36,36,47,42,47,63,29,37,50,40,47,72
2015_4,한강대로104길,1668,986,682,155,212,247,296,338,420,85,110,138,191,222,240,70,102,109,105,116,180
2015_4,청파로73길,2963,1419,1544,410,553,484,490,445,581,216,237,253,246,222,245,194,316,231,244,223,336
2015_4,청파로71길,3547,1702,1845,489,661,584,588,529,696,258,286,305,297,264,292,231,375,279,291,265,404
2015_4,청파로47나길,2881,1380,1501,399,535,471,480,428,568,210,230,247,241,213,239,189,305,224,239,215,329
2015_4,청파로47길,2313,1111,1202,319,426,379,388,347,454,167,183,199,195,173,194,152,243,180,193,174,260
2015_4,장문로45길,2757,1346,1411,342,394,451,465,485,620,186,213,241,228,224,254,156,181,210,237,261,366
2015_4,이태원로54길,1676,801,875,204,226,338,277,263,368,106,109,168,136,122,160,98,117,170,141,141,208
2015_4,이태원로27길,1143,540,603,118,165,190,177,193,300,61,85,95,88,93,118,57,80,95,89,100,182
2015_4,이촌로22길,3061,1462,1599,462,362,527,475,507,728,242,189,262,237,231,301,220,173,265,238,276,427
2015_4,원효로89길,1048,510,538,163,159,219,170,153,184,84,71,109,88,76,82,79,88,110,82,77,102
2015_4,원효로53길,2474,1199,1275,427,321,457,424,363,482,220,152,224,217,177,209,207,169,233,207,186,273
2015_4,원효로41길,1989,937,1052,385,237,319,358,305,385,175,114,154,178,151,165,210,123,165,180,154,220
2015_4,원효로19길,2441,1148,1293,471,290,391,442,376,471,212,137,190,220,186,203,259,153,201,222,190,268
2015_4,우사단로4길,2891,1409,1482,358,413,475,491,509,645,196,221,254,240,235,263,162,192,221,251,274,382
2015_4,우사단로14길,1150,548,602,136,158,220,187,183,266,71,77,109,93,86,112,65,81,111,94,97,154
2015_4,우사단로10길,2829,1369,1460,349,393,513,477,471,626,186,203,263,235,219,263,163,190,250,242,252,363
2015_4,신흥로20길,2900,1411,1489,430,400,500,476,455,639,225,206,257,236,214,273,205,194,243,240,241,366
2015_4,소월로20길,2431,1171,1260,337,333,434,377,386,564,174,169,223,184,177,244,163,164,211,193,209,320
2015_4,서빙고로71길,3367,1627,1740,683,433,406,686,519,640,348,214,190,335,269,271,335,219,216,351,250,369
2015_4,백범로90길,1197,589,608,190,174,261,192,171,209,99,79,130,101,84,96,91,95,131,91,87,113
2015_4,백범로79길,3841,1877,1964,644,552,701,653,570,721,344,265,347,324,281,316,300,287,354,329,289,405
2015_4,두텁바위로1길,2569,1409,1160,312,339,399,452,468,599,167,175,213,265,278,311,145,164,186,187,190,288
2015_4,대사관로34길,1148,548,600,139,154,229,193,182,251,71,73,114,96,85,109,68,81,115,97,97,142
2015_4,녹사평대로46길,1010,467,543,130,134,175,165,156,250,64,67,83,82,67,104,66,67,92,83,89,146
2015_4,녹사평대로40나길,892,412,480,105,121,155,141,144,226,52,62,74,70,64,90,53,59,81,71,80,136
2015_4,녹사평대로32길,614,289,325,65,86,102,96,104,161,34,44,51,48,50,62,31,42,51,48,54,99
2015_4,녹사평대로26길,1225,578,647,131,173,204,189,208,320,68,89,102,94,100,125,63,84,102,95,108,195
2015_4,녹사평대로11길,783,380,403,158,100,95,160,120,150,80,50,45,79,62,64,78,50,50,81,58,86
2015_4,퇴계로90길,3083,1547,1536,472,401,488,552,525,645,241,209,253,295,275,274,231,192,235,257,250,371
2015_4,퇴계로8길,993,545,448,89,100,110,149,224,321,43,46,56,89,143,168,46,54,54,60,81,153
2015_4,퇴계로56길,1032,538,494,114,198,157,147,164,252,57,109,84,81,87,120,57,89,73,66,77,132
2015_4,퇴계로46길,479,246,233,62,97,75,68,67,110,31,54,41,37,33,50,31,43,34,31,34,60
2015_4,퇴계로18길,1324,569,755,116,137,181,233,260,397,54,67,84,105,111,148,62,70,97,128,149,249
2015_4,퇴계로12길,646,358,288,57,65,73,96,147,208,28,30,38,58,94,110,29,35,35,38,53,98
2015_4,청구로1길,2770,1331,1439,424,390,458,451,456,591,218,195,230,225,217,246,206,195,228,226,239,345
2015_4,청구로17길,1566,767,799,220,242,270,260,248,326,113,127,139,131,115,142,107,115,131,129,133,184
2015_4,장충단로8길,1177,604,573,139,223,181,180,187,267,70,121,97,97,96,123,69,102,84,83,91,144
2015_4,삼일대로4길,26,11,15,2,2,4,5,5,8,1,1,2,2,2,3,1,1,2,3,3,5
2015_4,명동길,117,50,67,10,12,16,20,23,36,5,6,7,9,10,13,5,6,9,11,13,23
2015_4,동호로8길,1309,625,684,196,164,218,207,217,307,99,83,105,105,102,131,97,81,113,102,115,176
2015_4,동호로20길,1858,921,937,256,334,312,296,278,382,131,180,162,150,131,167,125,154,150,146,147,215
2015_4,동호로15길,2127,1037,1090,295,326,368,355,339,444,150,169,186,182,157,193,145,157,182,173,182,251
2015_4,동호로11길,3077,1500,1577,430,471,530,513,489,644,220,247,269,261,225,278,210,224,261,252,264,366
2015_4,동호로10길,3402,1636,1766,520,486,564,553,556,723,266,242,284,276,264,304,254,244,280,277,292,419
2015_4,다산로39길,1121,580,541,123,185,167,199,207,240,62,96,91,110,111,110,61,89,76,89,96,130
2015_4,다산로38길,1766,855,911,308,251,261,298,308,340,157,126,125,145,151,151,151,125,136,153,157,189
2015_4,다산로36길,1924,937,987,332,276,289,326,333,368,168,140,140,161,164,164,164,136,149,165,169,204
2015_4,다산로33길,3477,1789,1688,381,570,524,616,640,746,195,297,281,338,341,337,186,273,243,278,299,409
2015_4,난계로21길,943,473,470,121,141,194,146,149,192,60,69,100,77,77,90,61,72,94,69,72,102
2015_4,난계로11길,2251,1126,1125,289,337,468,346,354,457,144,163,240,182,182,215,145,174,228,164,172,242
2015_4,필운대로1길,546,250,296,87,68,85,92,87,127,45,30,38,42,40,55,42,38,47,50,47,72
2015_4,평창길,2022,961,1061,367,283,252,337,357,426,194,147,116,147,172,185,173,136,136,190,185,241
2015_4,통일로12길,1101,527,574,200,132,144,206,177,242,96,65,69,105,89,103,104,67,75,101,88,139
2015_4,창신길,2395,1218,1177,324,341,289,431,463,547,165,179,167,222,241,244,159,162,122,209,222,303
2015_4,창신5길,1081,567,514,131,137,134,187,220,272,67,73,76,99,120,132,64,64,58,88,100,140
2015_4,창신2길,975,497,478,132,137,115,178,190,223,67,72,67,92,98,101,65,65,48,86,92,122
2015_4,창경궁로35길,684,336,348,105,163,100,103,86,127,51,87,51,51,42,54,54,76,49,52,44,73
2015_4,지봉로8길,2363,1179,1184,344,322,364,413,411,509,178,161,193,210,210,227,166,161,171,203,201,282
2015_4,종로65길,2763,1409,1354,301,473,455,434,476,624,158,218,242,233,256,302,143,255,213,201,220,322
2015_4,종로58가길,620,316,304,61,113,103,96,106,141,32,51,54,53,57,69,29,62,49,43,49,72
2015_4,종로24길,194,113,81,16,25,23,28,39,63,8,13,13,18,26,35,8,12,10,10,13,28
2015_4,자하문로7길,609,285,324,111,78,94,108,90,128,58,38,43,48,44,54,53,40,51,60,46,74
2015_4,이화장길,1455,685,770,183,299,253,221,212,287,88,134,127,107,104,125,95,165,126,114,108,162
2015_4,율곡로16길,368,203,165,43,62,44,59,68,92,25,36,25,33,38,46,18,26,19,26,30,46
2015_4,율곡로10길,460,268,192,39,58,55,66,95,147,18,29,33,43,62,83,21,29,22,23,33,64
2015_4,옥인길,2666,1260,1406,523,334,406,491,379,533,283,170,181,218,186,222,240,164,225,273,193,311
2015_4,숭인동길,1062,546,516,106,193,175,165,182,241,56,89,93,90,100,118,50,104,82,75,82,123
2015_4,성균관로5길,1146,561,585,175,274,167,172,147,211,86,146,84,84,71,90,89,128,83,88,76,121
2015_4,삼청로5길,724,341,383,103,81,104,104,125,207,53,39,50,51,56,92,50,42,54,53,69,115
2015_4,북촌로5나길,577,271,306,81,66,84,82,99,165,41,32,40,41,45,72,40,34,44,41,54,93
2015_4,북촌로5길,309,146,163,45,33,46,46,52,87,23,16,22,23,24,38,22,17,24,23,28,49
2015_4,북촌로11길,368,170,198,56,42,57,65,57,91,28,20,26,32,26,38,28,22,31,33,31,53
2015_4,백석동길,1826,891,935,310,255,232,319,304,406,168,139,112,147,141,184,142,116,120,172,163,222
2015_4,명륜길,1283,630,653,195,305,187,193,165,238,96,163,95,96,80,100,99,142,92,97,85,138
2015_4,돈화문로11가길,1180,687,493,99,149,140,171,241,380,46,78,82,111,159,211,53,71,58,60,82,169
2015_4,난계로27길,1050,539,511,105,190,173,163,180,239,55,86,92,89,99,118,50,104,81,74,81,121
2015_4,계동길,1526,707,819,230,176,236,275,237,372,115,81,111,134,112,154,115,95,125,141,125,218
2015_3,잠실 관광특구,16376,7933,8443,3244,2377,2947,2773,2563,2472,1686,1147,1395,1328,1194,1183,1558,1230,1552,1445,1369,1289
2015_3,종로·청계 관광특구,3814,2057,1757,450,463,477,663,788,973,230,250,270,363,450,494,220,213,207,300,338,479
2015_3,동대문패션타운 관광특구,1851,977,874,199,254,262,317,364,455,100,129,143,183,201,221,99,125,119,134,163,234
2015_3,명동 남대문 북창동 다동 무교동 관광특구,1318,682,636,131,144,194,219,284,346,60,72,101,122,161,166,71,72,93,97,123,180
2015_3,이태원 관광특구,8420,3954,4466,1007,1179,1550,1352,1410,1922,503,601,777,657,654,762,504,578,773,695,756,1160
2015_3,길동복조리시장,2908,1439,1469,503,440,549,456,500,460,266,218,283,222,232,218,237,222,266,234,268,242
2015_3,둔촌역전통시장,381,190,191,66,58,73,62,64,58,37,29,37,31,29,27,29,29,36,31,35,31
2015_3,성내골목시장,1233,613,620,174,193,244,187,214,221,89,96,130,96,101,101,85,97,114,91,113,120
2015_3,천호시장,69,35,34,10,10,13,11,12,13,5,5,7,6,6,6,5,5,6,5,6,7
2015_3,동서울시장,257,131,126,38,36,48,42,46,47,20,18,25,23,23,22,18,18,23,19,23,25
2015_3,고분다리골목시장,401,202,199,62,58,71,63,73,74,32,29,38,33,36,34,30,29,33,30,37,40
2015_3,양지골목시장,1002,494,508,241,123,167,177,161,133,121,65,78,88,76,66,120,58,89,89,85,67
2015_3,암사종합시장,842,420,422,153,115,151,144,141,138,79,59,79,72,69,62,74,56,72,72,72,76
2015_3,고덕전통시장,551,283,268,95,84,75,93,111,93,52,46,40,46,56,43,43,38,35,47,55,50
2015_3,명일골목시장,2169,1061,1108,476,303,334,387,358,311,250,154,162,183,171,141,226,149,172,204,187,170
2015_3,새마을시장,4122,1963,2159,648,720,908,668,620,558,331,324,444,322,289,253,317,396,464,346,331,305
2015_3,석촌시장,913,442,471,149,144,200,148,140,132,77,67,99,74,65,60,72,77,101,74,75,72
2015_3,방이시장,5126,2511,2615,784,838,1134,810,819,741,416,406,574,394,376,345,368,432,560,416,443,396
2015_3,마천시장,1294,664,630,227,175,198,221,231,242,120,95,106,115,115,113,107,80,92,106,116,129
2015_3,풍납시장,3353,1651,1702,540,477,568,551,594,623,271,245,286,282,282,285,269,232,282,269,312,338
2015_3,도곡시장,315,149,166,75,39,61,66,37,37,38,17,27,32,18,17,37,22,34,34,19,20
2015_3,청담삼익시장,119,57,62,23,17,22,21,17,19,12,8,10,10,8,9,11,9,12,11,9,10
2015_3,논현종합시장,100,47,53,15,16,24,16,13,16,8,7,11,8,6,7,7,9,13,8,7,9
2015_3,영동전통시장,1255,577,678,125,255,351,192,156,176,63,106,158,99,70,81,62,149,193,93,86,95
2015_3,강남시장_강남,219,102,117,40,33,41,38,29,38,20,15,18,18,14,17,20,18,23,20,15,21
2015_3,양재시장,75,37,38,17,10,15,12,10,11,9,5,7,6,5,5,8,5,8,6,5,6
2015_3,남부종합시장,154,73,81,35,20,22,31,22,24,17,9,10,15,11,11,18,11,12,16,11,13
2015_3,우림시장,70,35,35,12,10,11,12,12,13,6,5,6,6,6,6,6,5,5,6,6,7
2015_3,미성동도깨비시장,1026,516,510,177,152,170,167,174,186,90,80,90,83,84,89,87,72,80,84,90,97
2015_3,신신림시장,705,355,350,109,93,102,118,124,159,57,49,56,62,60,71,52,44,46,56,64,88
2015_3,삼성동시장,467,234,233,72,61,67,79,82,106,37,32,37,42,39,47,35,29,30,37,43,59
2015_3,신림중앙시장,61,31,30,8,10,13,9,10,11,4,5,7,5,5,5,4,5,6,4,5,6
2015_3,강남골목시장,705,357,348,93,124,146,106,112,124,46,60,81,57,55,58,47,64,65,49,57,66
2015_3,관악신사시장,2162,1080,1082,313,387,431,365,319,347,163,190,234,182,154,157,150,197,197,183,165,190
2015_3,신원시장,424,209,215,57,72,81,68,64,82,29,36,43,36,29,36,28,36,38,32,35,46
2015_3,인헌시장,1690,841,849,268,313,367,263,209,270,137,153,196,135,99,121,131,160,171,128,110,149
2015_3,봉천중앙시장,113,55,58,14,24,22,15,16,22,7,11,12,8,7,10,7,13,10,7,9,12
2015_3,봉천현대시장,22,10,12,4,3,4,4,3,4,2,1,2,2,1,2,2,2,2,2,2,2
2015_3,봉일시장,250,124,126,46,35,50,40,36,43,24,17,26,21,17,19,22,18,24,19,19,24
2015_3,봉천제일종합시장,355,178,177,43,84,73,49,46,60,22,39,40,27,22,28,21,45,33,22,24,32
2015_3,낙성대시장,670,340,330,90,170,152,89,76,93,45,86,83,48,36,42,45,84,69,41,40,51
2015_3,중부시장,876,435,441,111,191,194,118,116,146,56,91,105,63,53,67,55,100,89,55,63,79
2015_3,사당시장,12,6,6,2,2,2,2,2,2,1,1,1,1,1,1,1,1,1,1,1,1
2015_3,남성역골목시장,690,338,352,104,104,144,102,105,131,54,51,75,53,47,58,50,53,69,49,58,73
2015_3,남성사계시장,837,408,429,128,124,168,121,136,160,67,60,84,61,63,73,61,64,84,60,73,87
2015_3,흑석시장,610,305,305,98,99,105,97,90,121,50,54,55,49,44,53,48,45,50,48,46,68
2015_3,상도4동도깨비골목시장,2150,1064,1086,376,310,404,348,326,386,198,155,208,175,156,172,178,155,196,173,170,214
2015_3,성대시장,144,71,73,25,21,28,22,21,27,13,10,15,11,10,12,12,11,13,11,11,15
2015_3,영도시장,14,6,8,2,2,3,2,2,3,1,1,1,1,1,1,1,1,2,1,1,2
2015_3,상도전통시장,1415,697,718,242,276,269,207,194,227,125,141,134,106,89,102,117,135,135,101,105,125
2015_3,강남시장_동작,158,78,80,27,31,30,23,22,25,14,16,15,12,10,11,13,15,15,11,12,14
2015_3,신노량진시장,7,5,2,0,1,1,1,2,2,0,1,1,1,1,1,0,0,0,0,1,1
2015_3,본동인정시장,580,291,289,95,95,103,88,90,109,49,51,55,46,42,48,46,44,48,42,48,61
2015_3,노량진중앙시장,333,166,167,54,54,59,51,53,62,28,28,32,26,25,27,26,26,27,25,28,35
2015_3,대림중앙시장,647,320,327,91,84,105,110,116,141,48,42,55,55,56,64,43,42,50,55,60,77
2015_3,우리시장,503,254,249,78,67,76,87,89,106,42,35,42,44,44,47,36,32,34,43,45,59
2015_3,영진시장A동,185,92,93,31,26,31,31,31,35,16,13,16,16,15,16,15,13,15,15,16,19
2015_3,사러가시장,74,38,36,14,8,12,14,12,14,8,4,6,8,6,6,6,4,6,6,6,8
2015_3,대신시장,160,81,79,22,26,28,27,26,31,12,13,15,14,13,14,10,13,13,13,13,17
2015_3,양남시장,95,48,47,17,12,23,15,12,16,9,6,12,8,6,7,8,6,11,7,6,9
2015_3,영일시장,1091,553,538,211,140,228,178,151,183,109,67,113,98,77,89,102,73,115,80,74,94
2015_3,도림시장,66,34,32,10,10,13,11,10,12,5,5,7,6,5,6,5,5,6,5,5,6
2015_3,영등포청과시장,463,229,234,69,68,93,72,73,88,34,34,48,38,35,40,35,34,45,34,38,48
2015_3,영등포전통시장,2183,1241,942,221,393,421,329,386,433,115,194,242,215,243,232,106,199,179,114,143,201
2015_3,은행나무시장,451,228,223,77,61,65,79,78,91,40,33,35,40,40,40,37,28,30,39,38,51
2015_3,박미시장,125,63,62,21,17,19,20,23,25,11,9,10,10,11,12,10,8,9,10,12,13
2015_3,현대시장,3714,1878,1836,639,516,638,623,639,659,338,270,335,319,312,304,301,246,303,304,327,355
2015_3,대명시장,16,8,8,3,2,3,2,3,3,2,1,2,1,1,1,1,1,1,1,2,2
2015_3,푸른터시장,43,22,21,6,6,7,8,8,8,3,3,4,4,4,4,3,3,3,4,4,4
2015_3,남문시장,1842,937,905,276,259,281,338,353,335,141,135,155,169,178,159,135,124,126,169,175,176
2015_3,독산동 우시장,243,128,115,38,40,49,39,37,40,20,22,28,21,19,18,18,18,21,18,18,22
2015_3,오류시장,333,165,168,53,51,65,49,53,62,26,25,34,26,25,29,27,26,31,23,28,33
2015_3,개봉중앙시장,426,210,216,79,54,82,61,69,81,40,27,42,31,31,39,39,27,40,30,38,42
2015_3,고척근린시장,808,408,400,166,102,130,145,128,137,86,53,65,75,65,64,80,49,65,70,63,73
2015_3,가리봉시장,293,161,132,31,30,39,60,66,67,16,16,23,36,39,31,15,14,16,24,27,36
2015_3,남구로시장,830,419,411,125,111,152,142,135,165,66,55,82,76,66,74,59,56,70,66,69,91
2015_3,구로시장,190,96,94,30,26,38,31,29,36,16,13,21,16,14,16,14,13,17,15,15,20
2015_3,공항시장,25,12,13,4,4,4,4,4,5,2,2,2,2,2,2,2,2,2,2,2,3
2015_3,방신전통시장,766,381,385,160,95,136,126,124,125,82,49,68,64,60,58,78,46,68,62,64,67
2015_3,송화골목시장,1007,482,525,275,117,161,196,136,122,136,57,76,95,66,52,139,60,85,101,70,70
2015_3,까치산시장,1573,769,804,268,210,348,241,238,268,137,103,178,122,106,123,131,107,170,119,132,145
2015_3,화곡본동시장,497,243,254,97,68,109,81,70,72,49,33,56,41,32,32,48,35,53,40,38,40
2015_3,남부골목시장,2208,1097,1111,379,303,417,362,370,377,199,154,219,181,169,175,180,149,198,181,201,202
2015_3,화곡중앙골목시장,1439,719,720,213,226,300,216,235,249,110,113,159,110,109,118,103,113,141,106,126,131
2015_3,신월중앙시장,130,62,68,23,21,19,20,24,23,12,11,10,9,11,9,11,10,9,11,13,14
2015_3,신정3동골목시장,703,352,351,164,85,115,133,104,102,86,45,56,67,52,46,78,40,59,66,52,56
2015_3,신정2동골목시장,933,464,469,224,134,89,203,163,120,120,67,40,95,87,55,104,67,49,108,76,65
2015_3,신정제일시장,38,18,20,10,4,4,9,6,5,5,2,2,4,3,2,5,2,2,5,3,3
2015_3,신월7동골목시장,239,119,120,45,32,41,38,40,43,23,17,22,19,19,19,22,15,19,19,21,24
2015_3,신월6동골목시장,189,97,92,32,25,26,32,38,36,17,13,14,17,19,17,15,12,12,15,19,19
2015_3,신곡종합시장,327,167,160,57,45,45,55,64,61,30,24,24,28,32,29,27,21,21,27,32,32
2015_3,신월3동골목시장,621,323,298,103,85,94,112,115,112,53,45,51,61,62,51,50,40,43,51,53,61
2015_3,경창시장,326,161,165,62,42,59,50,56,57,31,22,31,25,26,26,31,20,28,25,30,31
2015_3,월정로시장,2015,1033,982,347,272,328,346,373,349,178,140,178,179,195,163,169,132,150,167,178,186
2015_3,신영시장,1219,622,597,211,166,198,208,225,211,107,85,107,107,118,98,104,81,91,101,107,113
2015_3,목4동시장,1309,654,655,327,176,159,288,199,160,178,93,76,133,104,70,149,83,83,155,95,90
2015_3,목3동시장,1049,510,539,182,171,184,167,180,165,96,85,94,76,86,73,86,86,90,91,94,92
2015_3,목2동시장,807,398,409,152,126,142,137,138,112,81,64,71,65,67,50,71,62,71,72,71,62
2015_3,동진시장,51,24,27,7,9,11,8,7,9,4,4,5,4,3,4,3,5,6,4,4,5
2015_3,망원월드컵시장,789,381,408,153,103,149,141,111,132,77,48,73,71,53,59,76,55,76,70,58,73
2015_3,망원시장,1432,697,735,235,208,295,243,204,247,122,98,149,124,97,107,113,110,146,119,107,140
2015_3,합정시장,85,41,44,14,15,19,12,11,14,7,7,10,6,5,6,7,8,9,6,6,8
2015_3,영진시장,210,97,113,24,46,50,32,25,33,12,19,23,16,12,15,12,27,27,16,13,18
2015_3,신수시장,123,61,62,23,18,22,22,17,21,12,10,11,11,8,9,11,8,11,11,9,12
2015_3,아현시장,440,213,227,70,60,84,71,72,83,35,29,42,36,36,35,35,31,42,35,36,48
2015_3,마포시장,25,12,13,4,4,4,4,4,5,2,2,2,2,2,2,2,2,2,2,2,3
2015_3,백련시장,150,74,76,27,21,22,26,24,30,14,11,11,13,12,13,13,10,11,13,12,17
2015_3,모래내시장,49,25,24,7,5,7,8,9,13,4,3,3,4,5,6,3,2,4,4,4,7
2015_3,포방터시장,837,411,426,148,112,113,148,143,173,75,57,58,75,71,75,73,55,55,73,72,98
2015_3,인왕시장,319,156,163,54,40,45,56,53,71,27,20,24,29,26,30,27,20,21,27,27,41
2015_3,아현가구거리상점가,319,155,164,49,45,53,57,51,64,25,23,27,28,26,26,24,22,26,29,25,38
2015_3,영천시장,848,411,437,164,102,137,151,129,165,85,51,67,77,64,67,79,51,70,74,65,98
2015_3,수일시장,185,93,92,30,25,28,30,32,40,16,13,15,16,16,17,14,12,13,14,16,23
2015_3,증산종합시장,160,80,80,28,20,27,27,27,31,15,10,14,14,13,14,13,10,13,13,14,17
2015_3,대림골목시장,552,272,280,90,74,86,96,92,114,48,38,44,48,44,50,42,36,42,48,48,64
2015_3,신응암시장,525,260,265,107,58,96,93,76,95,57,31,47,47,37,41,50,27,49,46,39,54
2015_3,녹번시장,50,24,26,10,6,9,8,8,9,5,3,4,4,4,4,5,3,5,4,4,5
2015_3,갈현시장,54,26,28,9,8,8,9,9,11,5,4,4,4,4,5,4,4,4,5,5,6
2015_3,연서시장,186,91,95,29,25,30,31,32,39,15,13,16,15,15,17,14,12,14,16,17,22
2015_3,상계중앙시장,1716,841,875,324,246,238,306,292,310,166,127,123,146,142,137,158,119,115,160,150,173
2015_3,상계시장,14,7,7,2,2,2,2,2,4,1,1,1,1,1,2,1,1,1,1,1,2
2015_3,공릉동도깨비시장,1649,810,839,279,277,296,251,268,278,144,140,152,126,124,124,135,137,144,125,144,154
2015_3,방학동도깨비시장,1402,710,692,250,185,189,254,248,276,133,98,102,130,123,124,117,87,87,124,125,152
2015_3,쌍문역골목시장,857,420,437,135,123,146,136,143,174,71,61,76,69,64,79,64,62,70,67,79,95
2015_3,백운시장,695,340,355,126,92,98,119,119,141,63,46,50,60,56,65,63,46,48,59,63,76
2015_3,신도봉시장,134,69,65,19,17,19,21,24,34,10,9,11,11,12,16,9,8,8,10,12,18
2015_3,창동골목시장,1015,511,504,183,127,161,180,168,196,96,67,84,92,84,88,87,60,77,88,84,108
2015_3,창동신창시장,2095,1031,1064,398,293,344,360,347,353,204,148,172,177,170,160,194,145,172,183,177,193
2015_3,수유북부시장,59,30,29,9,8,9,10,10,13,5,4,5,5,5,6,4,4,4,5,5,7
2015_3,장미원골목시장,1600,786,814,262,202,226,270,272,368,137,101,118,134,131,165,125,101,108,136,141,203
2015_3,수유중앙시장,25,12,13,4,4,4,4,4,5,2,2,2,2,2,2,2,2,2,2,2,3
2015_3,강북종합시장,850,423,427,114,126,149,138,144,179,61,63,80,69,69,81,53,63,69,69,75,98
2015_3,우이시장,1893,931,962,308,247,289,304,324,421,160,127,152,152,153,187,148,120,137,152,171,234
2015_3,수유전통시장,574,289,285,92,79,89,96,98,120,48,41,48,50,47,55,44,38,41,46,51,65
2015_3,번동북부골목시장,1081,536,545,164,161,190,184,171,211,86,78,99,97,82,94,78,83,91,87,89,117
2015_3,솔샘시장,420,204,216,109,44,72,87,53,55,55,22,33,45,26,23,54,22,39,42,27,32
2015_3,숭인시장,225,113,112,33,30,34,39,40,49,17,16,18,20,20,22,16,14,16,19,20,27
2015_3,방천골목시장,1768,860,908,271,245,281,294,305,372,136,121,150,144,142,167,135,124,131,150,163,205
2015_3,동북시장,33,17,16,6,4,5,6,6,6,3,2,3,3,3,3,3,2,2,3,3,3
2015_3,석관황금시장,2456,1235,1221,392,346,398,407,425,488,206,176,206,209,210,228,186,170,192,198,215,260
2015_3,석관시장,169,84,85,27,24,27,28,29,34,14,12,14,14,14,16,13,12,13,14,15,18
2015_3,새석관시장,120,60,60,19,17,19,20,21,24,10,9,10,10,10,11,9,8,9,10,11,13
2015_3,번동시장,73,38,35,13,9,10,13,13,15,7,5,5,7,7,7,6,4,5,6,6,8
2015_3,장위전통시장,1941,976,965,315,256,281,340,337,412,161,133,154,176,164,188,154,123,127,164,173,224
2015_3,밤나무골시장,187,91,96,38,22,32,32,29,34,19,11,15,17,14,15,19,11,17,15,15,19
2015_3,길음시장,91,44,47,23,10,17,18,11,12,12,5,8,9,5,5,11,5,9,9,6,7
2015_3,정릉시장,1578,786,792,258,240,238,253,254,335,135,130,129,126,120,146,123,110,109,127,134,189
2015_3,정릉아리랑시장,458,226,232,88,56,75,77,73,89,47,28,38,39,35,39,41,28,37,38,38,50
2015_3,돈암제일시장,182,88,94,31,30,31,32,25,33,16,14,16,16,12,14,15,16,15,16,13,19
2015_3,유영시장,88,43,45,15,12,13,16,16,16,7,6,7,8,8,7,8,6,6,8,8,9
2015_3,우림골목시장,2590,1310,1280,411,377,406,425,490,481,209,194,216,217,250,224,202,183,190,208,240,257
2015_3,묵1동도깨비시장,1103,540,563,205,158,187,186,179,188,105,76,94,92,86,87,100,82,93,94,93,101
2015_3,태능시장,837,433,404,112,122,129,144,167,163,60,62,69,78,88,76,52,60,60,66,79,87
2015_3,중화제일시장,2125,1086,1039,308,308,342,358,398,411,165,156,184,188,202,191,143,152,158,170,196,220
2015_3,사가정시장,2169,1087,1082,342,321,354,370,386,396,172,167,187,187,191,183,170,154,167,183,195,213
2015_3,면목골목시장,1574,789,785,243,231,263,259,282,296,126,118,139,131,141,134,117,113,124,128,141,162
2015_3,동원시장,2305,1161,1144,363,347,388,405,389,413,191,174,208,207,192,189,172,173,180,198,197,224
2015_3,동부골목시장,1418,713,705,215,212,246,248,246,251,110,104,131,130,123,115,105,108,115,118,123,136
2015_3,이경시장,274,138,136,38,51,46,44,41,54,20,25,25,23,21,24,18,26,21,21,20,30
2015_3,회기시장,1195,577,618,179,291,222,158,148,197,88,140,116,80,69,84,91,151,106,78,79,113
2015_3,청량리청과물시장,80,39,41,12,12,12,12,14,18,6,6,6,6,7,8,6,6,6,6,7,10
2015_3,전곡시장,326,165,161,64,40,58,57,51,56,34,21,29,30,25,26,30,19,29,27,26,30
2015_3,답십리시장,528,261,267,97,66,84,94,86,101,49,34,42,48,42,46,48,32,42,46,44,55
2015_3,답십리현대시장,783,390,393,145,98,124,142,124,150,74,51,62,74,61,68,71,47,62,68,63,82
2015_3,전농로터리시장,64,33,31,10,9,10,11,11,13,5,5,5,6,6,6,5,4,5,5,5,7
2015_3,청량리종합시장,275,141,134,39,45,44,40,44,63,20,25,24,22,22,28,19,20,20,18,22,35
2015_3,청량리전통시장,163,82,81,23,25,26,25,26,38,12,13,14,13,13,17,11,12,12,12,13,21
2015_3,청량리농수산물시장,169,87,82,24,27,27,25,28,38,12,15,15,14,14,17,12,12,12,11,14,21
2015_3,서울약령시장,1949,1004,945,273,314,313,286,315,448,140,174,173,158,156,203,133,140,140,128,159,245
2015_3,경동시장,12,6,6,2,2,2,2,2,2,1,1,1,1,1,1,1,1,1,1,1,1
2015_3,청량리수산시장,437,226,211,60,65,75,69,73,95,31,33,41,38,39,44,29,32,34,31,34,51
2015_3,구의시장,34,17,17,6,4,6,6,6,6,3,2,3,3,3,3,3,2,3,3,3,3
2015_3,조양시장,193,99,94,25,31,32,33,35,37,13,16,17,18,18,17,12,15,15,15,17,20
2015_3,영동교골목시장,1922,978,944,244,308,322,327,354,367,126,155,171,175,183,168,118,153,151,152,171,199
2015_3,능동로골목시장,610,302,308,111,94,102,103,106,94,57,47,50,52,53,43,54,47,52,51,53,51
2015_3,노룬산골목시장,731,363,368,131,111,124,123,126,116,66,56,61,63,63,54,65,55,63,60,63,62
2015_3,자양종합시장,54,26,28,10,8,10,9,9,8,5,4,5,4,4,4,5,4,5,5,5,4
2015_3,자양골목시장,2434,1204,1230,382,406,460,402,390,394,200,200,236,201,190,177,182,206,224,201,200,217
2015_3,신성골목시장,127,63,64,23,18,21,22,21,22,12,9,11,11,10,10,11,9,10,11,11,12
2015_3,면곡골목시장,588,294,294,97,86,101,106,101,97,52,44,53,53,48,44,45,42,48,53,53,53
2015_3,중곡제일시장,1124,559,565,161,183,221,184,187,188,83,89,116,93,91,87,78,94,105,91,96,101
2015_3,화양제일골목시장,893,438,455,84,294,186,110,100,119,42,133,98,62,49,54,42,161,88,48,51,65
2015_3,한아름시장,100,49,51,10,33,21,12,11,13,5,15,11,7,5,6,5,18,10,5,6,7
2015_3,성동용답상가시장,2097,1112,985,308,301,338,395,368,387,159,152,191,223,206,181,149,149,147,172,162,206
2015_3,뚝도시장,411,214,197,64,62,67,72,76,70,33,33,36,39,40,33,31,29,31,33,36,37
2015_3,금남시장,457,220,237,80,57,92,77,67,84,41,28,45,39,31,36,39,29,47,38,36,48
2015_3,행당시장,1520,750,770,247,232,256,253,253,279,124,118,131,125,128,124,123,114,125,128,125,155
2015_3,마장축산물시장,778,388,390,138,128,120,130,125,137,73,63,61,65,63,63,65,65,59,65,62,74
2015_3,보광시장,13,6,7,2,2,2,2,2,3,1,1,1,1,1,1,1,1,1,1,1,2
2015_3,이태원제일시장,65,30,35,9,8,13,10,10,15,5,4,6,5,4,6,4,4,7,5,6,9
2015_3,이태원시장,95,44,51,11,13,16,15,17,23,5,7,8,7,8,9,6,6,8,8,9,14
2015_3,이촌종합시장,137,64,73,32,15,21,27,19,23,16,7,9,13,9,10,16,8,12,14,10,13
2015_3,용문전통시장,714,347,367,134,91,133,122,103,131,68,45,65,63,49,57,66,46,68,59,54,74
2015_3,만리시장,56,26,30,8,10,10,10,8,10,4,4,5,5,4,4,4,6,5,5,4,6
2015_3,신흥시장,72,35,37,11,10,13,11,11,16,6,5,7,5,5,7,5,5,6,6,6,9
2015_3,후암시장,462,230,232,81,62,78,81,72,88,43,33,41,41,35,37,38,29,37,40,37,51
2015_3,합동(새벽)시장,10,5,5,2,0,2,2,2,2,1,0,1,1,1,1,1,0,1,1,1,1
2015_3,서울중앙시장,1473,741,732,199,229,296,235,230,284,104,109,152,126,121,129,95,120,144,109,109,155
2015_3,백학시장,1198,599,599,203,159,204,214,196,222,105,83,104,113,100,94,98,76,100,101,96,128
2015_3,약수시장,2842,1365,1477,451,366,501,451,465,608,229,179,249,227,222,259,222,187,252,224,243,349
2015_3,동평화시장,81,41,40,11,12,12,16,14,16,6,6,6,9,7,7,5,6,6,7,7,9
2015_3,방산종합시장,367,229,138,30,32,40,53,89,123,15,16,23,37,64,74,15,16,17,16,25,49
2015_3,인현시장,179,95,84,16,24,24,28,37,50,8,12,13,17,20,25,8,12,11,11,17,25
2015_3,신중부시장,228,126,102,19,27,32,34,50,66,9,14,18,21,30,34,10,13,14,13,20,32
2015_3,남대문시장,579,313,266,53,59,70,92,137,168,25,28,37,54,83,86,28,31,33,38,54,82
2015_3,신설종합시장,71,36,35,8,12,12,11,13,15,4,6,6,6,7,7,4,6,6,5,6,8
2015_3,동묘시장,909,465,444,102,152,158,148,156,193,53,73,83,79,84,93,49,79,75,69,72,100
2015_3,창신골목시장,489,254,235,67,64,62,93,95,108,34,34,35,48,51,52,33,30,27,45,44,56
2015_3,충신시장,88,48,40,11,13,11,16,16,21,6,7,7,9,9,10,5,6,4,7,7,11
2015_3,종로신진시장,169,92,77,20,25,21,31,31,41,11,13,13,17,18,20,9,12,8,14,13,21
2015_3,광장시장,3,2,1,0,0,0,0,1,2,0,0,0,0,1,1,0,0,0,0,0,1
2015_3,통인시장,815,389,426,170,101,124,153,113,154,92,52,54,70,56,65,78,49,70,83,57,89
2015_3,서울 노원구 노원역_3,793,392,401,148,123,104,141,145,132,75,61,52,68,72,64,73,62,52,73,73,68
2015_3,서울 노원구 노원역_2,583,272,311,127,76,104,108,86,82,64,37,48,51,38,34,63,39,56,57,48,48
2015_3,서울 노원구 노원역_1,940,442,498,206,122,165,176,140,131,105,58,76,84,64,55,101,64,89,92,76,76
2015_3,창동역,2875,1389,1486,631,390,420,544,468,422,323,193,201,254,232,186,308,197,219,290,236,236
2015_3,서울 강북구 수유역_3,599,298,301,80,90,104,97,101,127,43,45,56,49,48,57,37,45,48,48,53,70
2015_3,서울 강북구 수유역_2,1506,750,756,202,226,261,244,253,320,106,114,139,122,122,147,96,112,122,122,131,173
2015_3,서울 강북구 수유역_1,776,385,391,118,116,137,130,123,152,61,56,71,69,59,69,57,60,66,61,64,83
2015_3,서울 은평구 연신내역_3,51,25,26,8,7,8,8,9,11,4,4,4,4,4,5,4,3,4,4,5,6
2015_3,서울 은평구 연신내역_2,870,425,445,165,122,142,154,134,153,84,61,74,74,64,68,81,61,68,80,70,85
2015_3,서울 은평구 연신내역_1,143,68,75,24,20,26,24,22,27,12,9,13,12,10,12,12,11,13,12,12,15
2015_3,서울 성북구 미아삼거리역_2,1160,576,584,190,155,185,194,199,237,101,79,94,99,97,106,89,76,91,95,102,131
2015_3,서울 강북구 미아삼거리역_1,519,252,267,80,71,84,87,90,107,40,35,44,43,42,48,40,36,40,44,48,59
2015_3,서울 은평구 불광역_2,1839,889,950,337,242,323,308,287,342,174,118,159,154,137,147,163,124,164,154,150,195
2015_3,서울 은평구 불광역_1,659,315,344,108,96,119,110,101,125,53,45,61,55,46,55,55,51,58,55,55,70
2015_3,미아사거리_2,174,87,87,30,23,28,29,29,35,16,12,14,15,14,16,14,11,14,14,15,19
2015_3,미아사거리_1,777,382,395,160,89,133,137,121,137,80,45,64,72,59,62,80,44,69,65,62,75
2015_3,서울 성북구 성신여대입구역,952,423,529,136,218,173,144,120,161,68,78,83,71,55,68,68,140,90,73,65,93
2015_3,경희대학교,667,321,346,99,165,127,86,81,109,48,79,66,44,38,46,51,86,61,42,43,63
2015_3,서울 성북구 안암역,516,262,254,68,137,81,75,71,84,36,71,45,39,35,36,32,66,36,36,36,48
2015_3,혜화역 대학로_3,968,478,490,148,225,150,148,125,172,76,119,77,72,62,72,72,106,73,76,63,100
2015_3,혜화역 대학로_2,910,450,460,138,211,143,139,117,162,71,113,74,68,57,67,67,98,69,71,60,95
2015_3,혜화역 대학로_1,612,293,319,87,124,109,97,85,110,44,57,56,46,42,48,43,67,53,51,43,62
2015_3,디지털미디어시티,203,99,104,54,22,35,39,25,28,28,11,16,20,12,12,26,11,19,19,13,16
2015_3,서울 동대문구 청량리역,2369,1187,1182,334,313,346,363,429,584,171,167,185,191,213,260,163,146,161,172,216,324
2015_3,서울 종로구 경복궁역_2,555,259,296,91,71,88,94,88,123,47,32,41,45,41,53,44,39,47,49,47,70
2015_3,서울 종로구 안국역_2,198,95,103,29,22,30,30,34,53,15,11,15,15,16,23,14,11,15,15,18,30
2015_3,서울 종로구 안국역_1,122,57,65,20,14,19,22,19,28,10,6,9,11,9,12,10,8,10,11,10,16
2015_3,서울 종로구 경복궁역_1,997,467,530,162,129,157,170,158,221,84,59,73,81,74,96,78,70,84,89,84,125
2015_3,서울 종로구 종로3가역_3,587,335,252,57,67,73,91,126,173,23,36,42,60,81,93,34,31,31,31,45,80
2015_3,서울 종로구 종로3가역_2,1924,1109,815,183,222,235,295,420,569,77,122,137,197,269,307,106,100,98,98,151,262
2015_3,서울 동대문구 신설동역_2,179,92,87,25,27,31,27,30,39,13,14,17,14,16,18,12,13,14,13,14,21
2015_3,인사동,592,342,250,56,68,72,91,129,176,24,37,42,61,83,95,32,31,30,30,46,81
2015_3,서울 종로구 종로5가역_4,592,339,253,57,68,74,91,128,174,24,37,43,60,81,94,33,31,31,31,47,80
2015_3,서울 종로구 종로5가역_3,393,212,181,45,60,51,72,70,95,24,33,32,39,39,45,21,27,19,33,31,50
2015_3,종로구청,348,198,150,34,40,44,54,74,102,14,21,25,35,48,55,20,19,19,19,26,47
2015_3,서울 종로구 종로5가역_2,1243,676,567,144,179,169,202,232,317,70,92,96,119,139,160,74,87,73,83,93,157
2015_3,신설동역,627,324,303,72,105,108,103,105,134,39,50,57,56,57,65,33,55,51,47,48,69
2015_3,서울 동대문구 신설동역_1,78,40,38,11,12,13,12,13,17,6,6,7,6,7,8,5,6,6,6,6,9
2015_3,서울 종로구 광화문역_2,1867,878,989,302,242,297,317,297,412,154,112,140,151,141,180,148,130,157,166,156,232
2015_3,동묘앞역,693,369,324,87,85,88,125,140,168,46,46,49,65,78,85,41,39,39,60,62,83
2015_3,장안동사거리,2609,1315,1294,476,332,480,443,428,450,246,171,241,235,210,212,230,161,239,208,218,238
2015_3,서울 종로구 동대문역_2,1056,561,495,132,128,134,188,215,259,70,69,75,98,119,130,62,59,59,90,96,129
2015_3,서울 종로구 동대문역_1,158,80,78,23,23,20,31,29,32,12,12,11,16,15,14,11,11,9,15,14,18
2015_3,동대문시장_2,8,5,3,0,1,1,2,2,2,0,1,1,1,1,1,0,0,0,1,1,1
2015_3,서울 종로구 종로5가역_1,8,5,3,0,1,1,2,2,2,0,1,1,1,1,1,0,0,0,1,1,1
2015_3,서울 종로구 종로3가역_1,236,136,100,22,26,28,36,53,71,10,14,16,24,34,38,12,12,12,12,19,33
2015_3,종각역 젊음의 거리,6,4,2,0,0,0,0,2,4,0,0,0,0,2,2,0,0,0,0,0,2
2015_3,서대문구 서대문역_1,399,194,205,63,48,63,69,66,90,31,23,33,37,33,37,32,25,30,32,33,53
2015_3,동대문시장_1,6,4,2,0,0,1,1,2,2,0,0,1,1,1,1,0,0,0,0,1,1
2015_3,시청역_2,79,42,37,9,9,20,14,13,14,4,5,11,7,8,7,5,4,9,7,5,7
2015_3,서울시청,50,20,30,3,6,7,8,11,15,1,3,3,4,4,5,2,3,4,4,7,10
2015_3,서울 중구 을지로3가역_2,672,410,262,52,59,77,99,163,222,26,30,42,69,112,131,26,29,35,30,51,91
2015_3,서울 중구 신당역_2,86,44,42,12,12,12,17,15,18,6,6,6,10,8,8,6,6,6,7,7,10
2015_3,서대문구 서대문역_2,1039,505,534,188,132,167,183,163,206,97,67,83,92,80,86,91,65,84,91,83,120
2015_3,동대문역사문화공원역,394,212,182,35,51,54,62,83,109,17,26,30,38,46,55,18,25,24,24,37,54
2015_3,서울 중구 을지로3가역_1,160,98,62,12,14,18,23,38,55,6,7,11,16,26,32,6,7,7,7,12,23
2015_3,명동거리,62,27,35,6,6,7,12,14,17,3,3,3,6,6,6,3,3,4,6,8,11
2015_3,롯데백화점,100,54,46,13,12,23,18,17,17,6,7,13,10,10,8,7,5,10,8,7,9
2015_3,서울 중구 신당역_1,900,450,450,151,116,156,162,147,168,77,61,81,86,74,71,74,55,75,76,73,97
2015_3,북창동,200,104,96,27,26,44,35,33,35,12,14,25,18,18,17,15,12,19,17,15,18
2015_3,서울 중구 충무로역_2,623,344,279,59,76,82,94,131,181,29,39,46,58,78,94,30,37,36,36,53,87
2015_3,서울 강서구 송정역,1934,986,948,298,291,377,298,320,350,154,142,208,162,158,162,144,149,169,136,162,188
2015_3,장한평역_2,1090,550,540,186,145,207,178,184,190,94,75,105,94,90,92,92,70,102,84,94,98
2015_3,시청역_1,348,184,164,46,43,81,60,57,61,21,24,45,32,32,30,25,19,36,28,25,31
2015_3,왕십리역_2,419,207,212,66,68,71,69,67,78,34,33,36,35,34,35,32,35,35,34,33,43
2015_3,서울 강서구 발산역,504,240,264,91,78,74,79,91,91,47,40,38,36,43,36,44,38,36,43,48,55
2015_3,장한평역_1,160,81,79,28,20,30,26,28,28,14,10,15,14,14,14,14,10,15,12,14,14
2015_3,서울 중구 충무로역_1,630,332,298,75,103,104,92,112,144,38,56,61,54,56,67,37,47,43,38,56,77
2015_3,장한평역,198,105,93,29,28,31,38,35,37,15,14,18,21,20,17,14,14,13,17,15,20
2015_3,서울 중구 명동역,667,290,377,58,74,96,120,135,184,27,36,42,57,57,71,31,38,54,63,78,113
2015_3,장충동 족발거리,241,126,115,33,56,42,35,31,44,17,32,23,18,16,20,16,24,19,17,15,24
2015_3,한양시장,318,169,149,39,104,48,38,36,53,19,61,29,19,17,24,20,43,19,19,19,29
2015_3,서울 서대문구 이대역,904,426,478,121,268,170,110,99,136,66,113,85,55,48,59,55,155,85,55,51,77
2015_3,서울 서대문구 신촌역,1529,718,811,207,464,280,188,162,228,112,193,140,94,80,99,95,271,140,94,82,129
2015_3,서울 마포구 홍대입구역_3,62,28,34,8,14,14,8,8,10,4,6,6,4,4,4,4,8,8,4,4,6
2015_3,서울 마포구 홍대입구역_2,712,330,382,83,153,168,111,87,110,41,64,79,55,42,49,42,89,89,56,45,61
2015_3,홍익대학교 주변,8286,3852,4434,1054,1744,1885,1307,1027,1269,526,745,877,644,491,569,528,999,1008,663,536,700
2015_3,서울 광진구 군자역,2014,981,1033,280,397,434,295,288,320,143,187,222,149,134,146,137,210,212,146,154,174
2015_3,신촌역,1050,503,547,119,231,210,159,147,184,61,106,104,84,70,78,58,125,106,75,77,106
2015_3,강서구청,3563,1760,1803,626,538,686,554,598,561,335,260,361,272,273,259,291,278,325,282,325,302
2015_3,서울 마포구 홍대입구역_1,704,325,379,85,151,166,108,86,108,42,62,77,53,42,49,43,89,89,55,44,59
2015_3,서울 중구 약수역_2,14,7,7,2,2,3,2,2,3,1,1,2,1,1,1,1,1,1,1,1,2
2015_3,서울 중구 약수역_1,115,55,60,18,15,20,18,19,25,9,7,10,9,9,11,9,8,10,9,10,14
2015_3,서울 강동구 고덕역,2669,1342,1327,589,421,293,477,513,376,321,232,141,213,250,185,268,189,152,264,263,191
2015_3,등촌역,1018,498,520,177,165,178,164,176,158,94,82,91,76,85,70,83,83,87,88,91,88
2015_3,서울 강동구 명일역,3620,1772,1848,794,504,557,646,601,518,419,257,271,304,286,235,375,247,286,342,315,283
2015_3,어린이대공원역,660,328,332,79,171,133,89,90,98,40,80,70,49,44,45,39,91,63,40,46,53
2015_3,서울 마포구 공덕역_2,85,42,43,12,12,18,13,14,16,6,6,9,7,7,7,6,6,9,6,7,9
2015_3,공덕역,141,69,72,22,19,26,23,24,27,11,9,13,12,12,12,11,10,13,11,12,15
2015_3,서울 용산구 숙대입구역,868,531,337,78,101,131,160,193,205,44,51,78,109,130,119,34,50,53,51,63,86
2015_3,남영역,11,6,5,1,2,2,2,2,2,1,1,1,1,1,1,0,1,1,1,1,1
2015_3,서울 마포구 마포역_2,4465,2150,2315,922,526,838,865,607,707,468,257,383,444,301,297,454,269,455,421,306,410
2015_3,서울 광진구 건대입구역_2,2875,1410,1465,272,944,597,352,325,385,136,426,316,198,161,173,136,518,281,154,164,212
2015_3,서울 마포구 마포역_1,833,399,434,152,112,149,138,127,155,80,52,72,68,61,66,72,60,77,70,66,89
2015_3,서울 강동구 천호역_2,2112,1070,1042,299,298,398,335,384,398,153,150,212,180,189,186,146,148,186,155,195,212
2015_3,서울 광진구 건대입구역_1,2184,1114,1070,281,352,364,369,400,418,146,177,194,199,206,192,135,175,170,170,194,226
2015_3,서울 광진구 구의역,2054,994,1060,301,368,430,336,305,314,153,175,219,165,143,139,148,193,211,171,162,175
2015_3,서울 강동구 천호역,295,145,150,46,44,53,48,51,53,23,22,28,24,24,24,23,22,25,24,27,29
2015_3,당산역_2,1179,565,614,201,215,251,172,164,176,102,94,124,86,78,81,99,121,127,86,86,95
2015_3,서울 강동구 천호역_1,364,180,184,51,56,72,55,64,66,26,28,38,28,30,30,25,28,34,27,34,36
2015_3,서울 강동구 길동역,3784,1870,1914,655,570,714,597,649,599,347,282,367,292,299,283,308,288,347,305,350,316
2015_3,용산 전자상가_5,990,488,502,158,144,213,156,148,171,81,66,106,84,74,77,77,78,107,72,74,94
2015_3,용산 전자상가_4,316,151,165,57,43,61,53,47,55,27,20,30,27,23,24,30,23,31,26,24,31
2015_3,당산역_1,1536,750,786,279,261,321,241,215,219,141,117,161,124,107,100,138,144,160,117,108,119
2015_3,서울 광진구 강변역,140,68,72,27,22,24,24,23,20,14,11,12,11,11,9,13,11,12,13,12,11
2015_3,용산 전자상가_3,516,253,263,81,73,103,83,81,95,41,35,51,44,40,42,40,38,52,39,41,53
2015_3,서울 용산구 이태원역,1363,638,725,155,193,238,215,235,327,77,101,120,104,109,127,78,92,118,111,126,200
2015_3,한남오거리,464,221,243,59,64,98,77,73,93,30,31,49,38,34,39,29,33,49,39,39,54
2015_3,용산 전자상가_2,113,56,57,14,16,20,17,20,26,7,8,10,9,10,12,7,8,10,8,10,14
2015_3,용산구청,221,104,117,26,31,39,35,38,52,13,16,20,17,18,20,13,15,19,18,20,32
2015_3,용산 전자상가_1,209,104,105,25,30,38,32,36,48,13,15,19,17,18,22,12,15,19,15,18,26
2015_3,국회의사당역_2,1116,534,582,218,140,182,188,168,220,113,67,84,92,79,99,105,73,98,96,89,121
2015_3,서울 용산구 신용산역,492,244,248,60,68,88,75,88,113,31,34,44,39,44,52,29,34,44,36,44,61
2015_3,국회의사당역_1,314,150,164,61,39,52,53,47,62,31,19,24,26,22,28,30,20,28,27,25,34
2015_3,압구정 로데오거리_2,3298,1529,1769,691,386,544,595,434,648,343,174,240,280,202,290,348,212,304,315,232,358
2015_3,서울 강남구 압구정역,3612,1676,1936,755,422,601,663,473,698,374,193,266,311,219,313,381,229,335,352,254,385
2015_3,서울 영등포구 영등포구청역,1173,582,591,174,175,234,180,189,221,86,88,119,95,92,102,88,87,115,85,97,119
2015_3,압구정 로데오거리_1,827,396,431,156,121,152,148,123,127,85,58,68,68,58,59,71,63,84,80,65,68
2015_3,서울 강동구 둔촌동역,911,457,454,157,139,175,149,152,139,87,71,90,74,71,64,70,68,85,75,81,75
2015_3,오목교역,1137,551,586,308,143,143,255,171,117,156,68,63,120,88,56,152,75,80,135,83,61
2015_3,신사동 가로수길,6154,2889,3265,1128,918,1144,1087,817,1060,577,414,510,514,388,486,551,504,634,573,429,574
2015_3,서울 영등포구 여의도역_2,1224,582,642,240,153,200,205,184,242,122,73,92,100,86,109,118,80,108,105,98,133
2015_3,청담사거리_3,245,118,127,48,35,46,42,36,38,26,17,21,20,17,17,22,18,25,22,19,21
2015_3,영등포유통상가,683,338,345,101,100,137,105,110,130,49,50,70,56,53,60,52,50,67,49,57,70
2015_3,청담역_2,441,210,231,84,63,81,78,66,69,45,30,36,36,31,32,39,33,45,42,35,37
2015_3,청담역_1,167,79,88,32,25,30,29,25,26,17,12,13,13,12,12,15,13,17,16,13,14
2015_3,청담사거리_2,307,146,161,58,45,56,54,46,48,31,21,25,25,21,23,27,24,31,29,25,25
2015_3,청담사거리_1,730,348,382,139,107,133,129,109,113,74,51,60,60,51,52,65,56,73,69,58,61
2015_3,서울 영등포구 여의도역_1,2430,1155,1275,477,303,396,406,365,483,243,145,182,197,170,218,234,158,214,209,195,265
2015_3,서울 양천구 신정네거리역_2,383,190,193,64,55,75,60,62,67,33,27,39,30,29,32,31,28,36,30,33,35
2015_3,학동사거리_2,457,218,239,87,67,85,80,67,71,47,32,38,37,32,32,40,35,47,43,35,39
2015_3,서울 영등포구 영등포시장역,1220,691,529,126,219,233,183,216,243,64,109,133,119,135,131,62,110,100,64,81,112
2015_3,학동사거리_1,542,254,288,84,83,123,89,72,91,43,37,55,43,34,42,41,46,68,46,38,49
2015_3,여의도 시범아파트앞,877,417,460,172,110,142,147,133,173,88,52,65,72,62,78,84,58,77,75,71,95
2015_3,영등포역_3,619,356,263,62,110,121,92,111,123,33,54,70,62,70,67,29,56,51,30,41,56
2015_3,도산공원사거리_1,507,235,272,101,63,88,91,66,98,51,28,39,43,30,44,50,35,49,48,36,54
2015_3,영등포역_2,666,377,289,68,120,127,100,116,135,35,59,73,65,73,72,33,61,54,35,43,63
2015_3,문래동 주민센터,206,102,104,43,25,43,34,27,34,22,12,21,18,13,16,21,13,22,16,14,18
2015_3,강남구 신사역_2,1081,497,584,110,217,304,165,132,153,55,90,137,85,60,70,55,127,167,80,72,83
2015_3,영등포역_1,209,119,90,22,38,40,31,36,42,11,19,23,20,23,23,11,19,17,11,13,19
2015_3,서울 강남구 강남구청역_2,183,86,97,26,29,44,30,24,30,14,13,19,15,11,14,12,16,25,15,13,16
2015_3,강남구 신사역_1,1743,831,912,386,222,324,364,232,215,197,103,148,177,110,96,189,119,176,187,122,119
2015_3,서울 동작구 노량진1동_1,26,13,13,4,4,5,4,4,5,2,2,3,2,2,2,2,2,2,2,2,3
2015_3,서울 강남구 학동역_3,169,80,89,25,28,41,26,22,27,13,12,19,13,10,13,12,16,22,13,12,14
2015_3,서울 강남구 강남구청역_1,515,247,268,73,86,124,83,66,83,40,38,57,41,32,39,33,48,67,42,34,44
2015_3,잠실역,3894,1854,2040,796,574,586,647,671,620,398,285,269,290,315,297,398,289,317,357,356,323
2015_3,강남구 논현역_4,3733,1771,1962,827,475,694,784,494,459,422,218,316,380,234,201,405,257,378,404,260,258
2015_3,학동역,721,331,390,72,145,203,108,91,102,36,60,92,56,41,46,36,85,111,52,50,56
2015_3,방이동 먹자골목,3175,1554,1621,489,513,702,505,507,459,260,248,354,245,233,214,229,265,348,260,274,245
2015_3,서울 강남구 학동역_2,135,65,70,19,22,32,22,19,21,10,10,15,11,9,10,9,12,17,11,10,11
2015_3,서울 동작구 노량진역,1610,805,805,262,267,284,244,248,305,136,143,151,127,115,133,126,124,133,117,133,172
2015_3,삼성역_3,3,1,2,2,0,0,1,0,0,1,0,0,0,0,0,1,0,0,1,0,0
2015_3,서울 강남구 학동역_1,1082,499,583,109,219,303,164,135,152,55,92,136,84,62,70,54,127,167,80,73,82
2015_3,선정릉역_2,1925,922,1003,407,256,408,386,226,242,223,119,172,190,109,109,184,137,236,196,117,133
2015_3,강남구 논현역_3,125,58,67,12,26,35,19,15,18,6,11,16,10,7,8,6,15,19,9,8,10
2015_3,포스코사거리_2,807,406,401,156,118,134,136,131,132,93,62,64,61,63,63,63,56,70,75,68,69
2015_3,포스코사거리_1,3641,1743,1898,771,480,774,727,427,462,421,223,328,356,208,207,350,257,446,371,219,255
2015_3,잠실역 롯데월드,4157,1997,2160,938,538,667,716,636,662,481,260,296,345,295,320,457,278,371,371,341,342
2015_3,신도림역,1023,507,516,186,153,211,165,151,157,95,71,106,86,74,75,91,82,105,79,77,82
2015_3,강남구 논현역_2,4487,2064,2423,446,908,1259,678,563,633,223,378,567,349,258,289,223,530,692,329,305,344
2015_3,선정릉역_1,738,355,383,157,97,156,147,87,94,87,45,66,73,42,42,70,52,90,74,45,52
2015_3,신천역,2788,1326,1462,441,485,613,452,416,381,224,221,298,219,193,171,217,264,315,233,223,210
2015_3,강남구 논현역_1,5075,2450,2625,1042,749,1052,941,666,625,538,345,483,485,319,280,504,404,569,456,347,345
2015_3,삼성역_2,493,249,244,119,75,46,101,91,61,69,39,20,43,48,30,50,36,26,58,43,31
2015_3,삼정역_2,741,349,392,106,123,180,119,96,117,56,54,83,58,44,54,50,69,97,61,52,63
2015_3,삼정역_1,68,31,37,6,14,20,10,9,9,3,6,9,5,4,4,3,8,11,5,5,5
2015_3,삼성역_1,4554,2303,2251,1097,691,437,948,817,564,628,368,198,408,429,272,469,323,239,540,388,292
2015_3,서울 강남구 선릉역_2,2250,1064,1186,223,471,656,339,279,282,111,192,311,181,137,132,112,279,345,158,142,150
2015_3,서울 서초구 강남역,3321,1570,1751,324,698,969,503,409,418,160,286,460,269,200,195,164,412,509,234,209,223
2015_3,서울 강남구 선릉역_1,1693,811,882,360,224,360,337,198,214,197,105,152,165,96,96,163,119,208,172,102,118
2015_3,서울 송파구 석촌역_2,484,230,254,78,82,104,75,74,71,39,37,50,36,35,33,39,45,54,39,39,38
2015_3,선릉역_2,5143,2425,2718,976,875,981,1080,675,556,525,408,423,477,338,254,451,467,558,603,337,302
2015_3,서울 강남구 역삼역_2,958,454,504,98,201,277,146,118,118,49,81,132,78,58,56,49,120,145,68,60,62
2015_3,서울 송파구 석촌역_1,258,123,135,42,44,56,39,39,38,21,20,27,19,18,18,21,24,29,20,21,20
2015_3,서울 강남구 강남역_2,3214,1563,1651,791,373,492,663,429,466,408,179,214,326,210,226,383,194,278,337,219,240
2015_3,선릉역_1,1435,676,759,346,178,278,298,167,168,178,78,120,142,83,75,168,100,158,156,84,93
2015_3,구로역,384,190,194,64,62,79,61,57,61,33,28,40,32,28,29,31,34,39,29,29,32
2015_3,역삼역_2,367,176,191,90,47,70,75,42,43,46,21,31,37,21,20,44,26,39,38,21,23
2015_3,대림역_2,523,259,264,87,83,108,84,78,83,45,38,55,44,38,39,42,45,53,40,40,44
2015_3,서울 강남구 역삼역_1,3423,1621,1802,339,719,996,517,423,429,168,295,474,275,207,202,171,424,522,242,216,227
2015_3,신대방삼거리역,1349,662,687,264,192,240,235,192,226,137,93,122,117,92,101,127,99,118,118,100,125
2015_3,서울 강남구 한티역,1984,935,1049,375,340,376,416,263,214,202,158,162,184,132,97,173,182,214,232,131,117
2015_3,은마아파트입구사거리_4,549,277,272,133,83,52,114,99,68,77,44,23,49,52,32,56,39,29,65,47,36
2015_3,은마아파트입구사거리_3,293,137,156,55,50,55,61,40,32,29,23,23,27,20,15,26,27,32,34,20,17
2015_3,은마아파트입구사거리_2,129,64,65,32,19,12,27,23,16,18,10,5,12,12,7,14,9,7,15,11,9
2015_3,오류동역,1307,644,663,210,200,254,190,208,245,103,99,132,99,98,113,107,101,122,91,110,132
2015_3,서울 강남구 강남역,860,407,453,85,181,250,131,107,106,42,74,119,70,53,49,43,107,131,61,54,57
2015_3,은마아파트입구사거리_1,181,90,91,56,21,14,44,26,20,31,10,6,19,14,10,25,11,8,25,12,10
2015_3,대림역_1,481,241,240,74,64,98,79,73,93,39,31,52,42,35,42,35,33,46,37,38,51
2015_3,교대역_4,880,427,453,218,104,133,181,117,127,113,50,58,88,58,60,105,54,75,93,59,67
2015_3,서울 강남구 강남역_1,2465,1205,1260,503,331,481,427,348,375,263,162,223,213,164,180,240,169,258,214,184,195
2015_3,방배동카페골목,2767,1303,1464,628,355,395,562,403,424,303,164,176,263,199,198,325,191,219,299,204,226
2015_3,교대역_3,193,96,97,34,30,33,32,31,33,19,15,16,15,15,16,15,15,17,17,16,17
2015_3,역삼역_1,2597,1234,1363,257,546,755,392,321,326,128,225,360,209,158,154,129,321,395,183,163,172
2015_3,교대역_2,1861,893,968,344,285,361,301,275,295,176,136,167,146,129,139,168,149,194,155,146,156
2015_3,서울 송파구 가락시장역,423,212,211,79,68,71,74,74,57,41,34,37,36,37,27,38,34,34,38,37,30
2015_3,서울 서초구 서초역,219,109,110,39,34,36,37,35,38,22,17,18,17,17,18,17,17,18,20,18,20
2015_3,서울 강남구 대치역_2,204,102,102,63,24,15,50,30,22,35,12,6,22,16,11,28,12,9,28,14,11
2015_3,서울 강남구 대치역_1,530,263,267,163,62,40,129,78,58,90,30,17,56,42,28,73,32,23,73,36,30
2015_3,뱅뱅사거리_2,1191,567,624,118,251,347,178,148,149,59,103,166,96,73,70,59,148,181,82,75,79
2015_3,보라매공원,2557,1262,1295,503,351,476,443,357,427,260,168,244,222,171,197,243,183,232,221,186,230
2015_3,교대역_1,2768,1375,1393,493,437,453,468,440,477,277,218,223,217,216,224,216,219,230,251,224,253
2015_3,개봉동 현대아파트 인근,2688,1335,1353,506,342,495,411,435,499,262,177,252,207,200,237,244,165,243,204,235,262
2015_3,뱅뱅사거리,1838,897,941,374,247,360,319,258,280,195,121,166,158,123,134,179,126,194,161,135,146
2015_3,뱅뱅사거리_1,2130,1018,1112,430,333,354,364,341,308,212,156,166,172,165,147,218,177,188,192,176,161
2015_3,서울 관악구 신림역_4,2966,1498,1468,207,966,807,356,282,348,104,441,457,198,137,161,103,525,350,158,145,187
2015_3,동작구 총신대입구역_1,1551,756,795,237,231,316,220,252,295,126,110,158,110,118,134,111,121,158,110,134,161
2015_3,양재역_3,2534,1237,1297,517,341,495,440,355,386,270,168,229,218,168,184,247,173,266,222,187,202
2015_3,동작구 총신대입구역_2,2178,1017,1161,449,308,369,398,310,344,215,139,170,183,151,159,234,169,199,215,159,185
2015_3,서울 서초구 남부터미널역_3,872,420,452,163,132,170,141,130,136,84,63,79,69,61,64,79,69,91,72,69,72
2015_3,서울 강남구 수서역,2243,1021,1222,254,308,435,237,420,589,124,154,238,113,173,219,130,154,197,124,247,370
2015_3,서울 관악구 신림역_3,1012,510,502,70,329,276,121,97,119,36,150,156,67,46,55,34,179,120,54,51,64
2015_3,서울 서초구 남부터미널역_2,3543,1763,1780,628,564,581,593,565,612,351,281,286,278,277,290,277,283,295,315,288,322
2015_3,구로디지탈1단지,2297,1166,1131,348,439,611,328,259,312,179,206,334,183,121,143,169,233,277,145,138,169
2015_3,양재역,2642,1264,1378,532,414,439,452,423,382,262,195,206,215,205,181,270,219,233,237,218,201
2015_3,문정역,489,240,249,89,81,81,79,88,71,46,41,40,38,40,35,43,40,41,41,48,36
2015_3,매봉역,1680,791,889,407,220,226,334,254,239,195,102,98,150,127,119,212,118,128,184,127,120
2015_3,서울 서초구 방배역,1286,614,672,222,190,263,206,186,219,118,89,122,98,86,101,104,101,141,108,100,118
2015_3,서울 서초구 남부터미널역_1,1033,495,538,190,159,200,168,152,164,98,76,92,81,71,77,92,83,108,87,81,87
2015_3,서울 관악구 신림역_2,1992,1015,977,224,450,461,273,265,319,115,233,259,141,118,149,109,217,202,132,147,170
2015_3,서울 관악구 신림역_1,221,113,108,26,49,50,31,30,35,13,26,28,16,14,16,13,23,22,15,16,19
2015_3,양재역_2,1157,560,597,264,144,234,181,157,177,135,72,112,92,72,77,129,72,122,89,85,100
2015_3,양재역_1,17,8,9,4,2,4,2,2,3,2,1,2,1,1,1,2,1,2,1,1,2
2015_3,서울 관악구 서울대입구역_2,1020,505,515,128,222,220,136,138,176,65,104,119,73,64,80,63,118,101,63,74,96
2015_3,가산디지털단지역_3,2071,1169,902,226,418,442,319,347,319,113,230,279,192,193,162,113,188,163,127,154,157
2015_3,구로디지털단지역,369,202,167,40,38,51,75,82,83,21,20,30,44,48,39,19,18,21,31,34,44
2015_3,서울 관악구 서울대입구역_1,3719,1862,1857,475,879,806,504,466,589,240,423,439,272,220,268,235,456,367,232,246,321
2015_3,관악구 사당역_1,701,334,367,120,108,121,111,117,124,61,52,61,51,53,56,59,56,60,60,64,68
2015_3,가산디지털단지역_2,899,508,391,98,181,192,139,152,137,49,99,121,84,85,70,49,82,71,55,67,67
2015_3,관악구 사당역_2,933,452,481,109,189,208,121,142,164,59,87,106,61,62,77,50,102,102,60,80,87
2015_3,가산디지털단지역_1,538,304,234,58,109,115,82,91,83,29,59,73,50,51,42,29,50,42,32,40,41
2015_3,포이사거리_1,185,91,94,36,27,33,34,31,24,19,13,17,16,15,11,17,14,16,18,16,13
2015_3,포이사거리_2,3238,1635,1603,561,484,725,564,464,440,294,239,380,292,227,203,267,245,345,272,237,237
2015_3,관악구 사당역_3,773,373,400,112,156,168,103,107,127,56,71,87,52,48,59,56,85,81,51,59,68
2015_3,서울 관악구 대학동_1,2581,1491,1090,281,614,580,394,335,377,148,367,380,250,169,177,133,247,200,144,166,200
2015_3,서울 금천구 독산1동_1,976,512,464,152,160,195,153,151,165,80,87,112,82,77,74,72,73,83,71,74,91
2015_3,양재동 꽃시장,148,74,74,25,22,34,26,21,20,13,11,18,13,10,9,12,11,16,13,11,11
2015_3,양재 화물트럭터미널앞_2,204,104,100,35,30,46,36,29,28,19,15,24,19,14,13,16,15,22,17,15,15
2015_3,양재 화물트럭터미널앞_1,31,16,15,6,4,7,6,4,4,3,2,4,3,2,2,3,2,3,3,2,2
2015_3,서울 금천구 시흥1동_4,1024,516,508,175,141,175,174,176,183,92,73,91,89,86,85,83,68,84,85,90,98
2015_3,풍성로37가길,3048,1515,1533,429,474,598,466,531,550,221,232,317,240,254,251,208,242,281,226,277,299
2015_3,천호옛길,4447,2219,2228,627,694,873,676,776,801,324,344,465,349,371,366,303,350,408,327,405,435
2015_3,천호옛14길,2700,1340,1360,380,419,533,410,472,486,194,208,282,210,224,222,186,211,251,200,248,264
2015_3,천호대로219길,3691,1842,1849,726,574,500,619,722,550,379,313,263,286,342,259,347,261,237,333,380,291
2015_3,천호대로197길,4080,2018,2062,704,614,771,644,698,649,373,302,398,316,322,307,331,312,373,328,376,342
2015_3,천호대로187길,3268,1617,1651,564,493,616,519,560,516,298,242,318,255,261,243,266,251,298,264,299,273
2015_3,천호대로170길,3676,1831,1845,519,570,721,560,643,663,269,281,383,287,308,303,250,289,338,273,335,360
2015_3,천호대로162길,2191,1091,1100,306,344,429,336,382,394,157,170,228,174,182,180,149,174,201,162,200,214
2015_3,천중로51길,4411,2177,2234,807,657,798,719,746,684,426,325,408,349,349,320,381,332,390,370,397,364
2015_3,천중로39길,5750,2896,2854,905,827,1017,914,1036,1051,470,419,544,472,506,485,435,408,473,442,530,566
2015_3,진황도로47길,2265,1121,1144,389,343,428,359,389,357,207,168,221,177,180,168,182,175,207,182,209,189
2015_3,진황도로27길,8355,4224,4131,1119,1203,1591,1277,1545,1620,563,597,856,688,758,762,556,606,735,589,787,858
2015_3,올림픽로98길,2772,1385,1387,502,377,496,478,464,455,261,193,259,240,227,205,241,184,237,238,237,250
2015_3,올림픽로80길,3078,1557,1521,463,424,570,512,548,561,242,213,298,275,269,260,221,211,272,237,279,301
2015_3,올림픽로78길,1700,859,841,255,233,315,285,302,310,132,117,165,154,147,144,123,116,150,131,155,166
2015_3,올림픽로77길,3241,1639,1602,489,448,602,538,575,589,255,225,314,290,282,273,234,223,288,248,293,316
2015_3,올림픽로71길,4027,2042,1985,608,553,749,669,714,734,319,279,393,360,351,340,289,274,356,309,363,394
2015_3,올림픽로48길,1841,906,935,372,247,355,300,279,288,190,125,173,150,133,135,182,122,182,150,146,153
2015_3,양재대로96길,3266,1624,1642,651,483,518,535,582,497,338,252,261,267,275,231,313,231,257,268,307,266
2015_3,양재대로95길,3971,1982,1989,685,604,762,652,663,605,380,306,388,322,307,279,305,298,374,330,356,326
2015_3,양재대로91길,3847,1923,1924,665,586,737,633,640,586,369,297,377,312,298,270,296,289,360,321,342,316
2015_3,양재대로133길,5182,2597,2585,852,745,900,832,926,927,445,376,482,423,448,423,407,369,418,409,478,504
2015_3,양재대로124길,5541,2743,2798,956,837,1043,873,951,881,508,413,537,429,439,417,448,424,506,444,512,464
2015_3,양재대로116길,1765,874,891,304,268,333,280,300,280,161,132,172,138,139,132,143,136,161,142,161,148
2015_3,양재대로101길,5237,2622,2615,904,798,1004,861,875,795,501,408,513,426,408,366,403,390,491,435,467,429
2015_3,암사길,7199,3599,3600,1312,980,1283,1238,1205,1181,682,500,671,620,593,533,630,480,612,618,612,648
2015_3,성안로3길,3752,1840,1912,757,507,723,619,563,583,389,256,350,311,262,272,368,251,373,308,301,311
2015_3,성내로5길,3545,1743,1802,718,479,683,579,533,553,369,241,332,292,251,258,349,238,351,287,282,295
2015_3,상일로5길,2246,1122,1124,440,348,305,379,438,336,230,190,160,176,208,158,210,158,145,203,230,178
2015_3,상암로5길,2434,1196,1238,522,294,518,408,352,340,261,145,251,215,165,159,261,149,267,193,187,181
2015_3,상암로51길,4064,1987,2077,893,567,627,726,672,579,470,287,305,343,320,262,423,280,322,383,352,317
2015_3,상암로4길,4926,2463,2463,897,641,978,820,796,794,457,321,493,438,385,369,440,320,485,382,411,425
2015_3,상암로14길,2923,1481,1442,439,402,542,487,520,533,230,202,284,263,254,248,209,200,258,224,266,285
2015_3,명일로13길,2353,1170,1183,468,350,371,386,419,359,242,183,187,193,198,167,226,167,184,193,221,192
2015_3,동남로85길,4245,2153,2092,1001,569,655,756,704,560,545,313,321,373,354,247,456,256,334,383,350,313
2015_3,동남로82길,2124,1089,1035,367,323,292,359,426,357,199,177,156,177,215,165,168,146,136,182,211,192
2015_3,동남로65길,4604,2312,2292,1016,727,503,825,887,646,554,401,239,369,434,315,462,326,264,456,453,331
2015_3,구천면로42길,4832,2426,2406,786,696,840,775,861,874,410,351,448,398,419,400,376,345,392,377,442,474
2015_3,구천면로41길,5190,2626,2564,784,714,964,862,921,945,409,357,506,464,451,439,375,357,458,398,470,506
2015_3,구천면로36길,3490,1757,1733,515,504,636,546,637,652,263,253,340,287,311,303,252,251,296,259,326,349
2015_3,고덕로61길,1476,748,728,349,197,229,263,245,193,190,108,112,130,123,85,159,89,117,133,122,108
2015_3,고덕로25길,1623,801,822,392,198,269,286,262,216,196,105,125,143,124,108,196,93,144,143,138,108
2015_3,고덕로10길,2177,1091,1086,397,294,389,375,364,358,207,150,204,189,179,162,190,144,185,186,185,196
2015_3,강동대로53길,3155,1577,1578,547,480,606,514,527,481,305,243,309,255,243,222,242,237,297,259,284,259
2015_3,풍성로25길,2691,1327,1364,433,381,458,443,475,501,217,196,231,227,227,229,216,185,227,216,248,272
2015_3,오금로46길,2892,1413,1479,667,426,421,553,472,353,340,213,202,261,231,166,327,213,219,292,241,187
2015_3,오금로36길,3384,1692,1692,632,541,567,592,597,455,330,267,291,289,302,213,302,274,276,303,295,242
2015_3,오금로11길,4734,2320,2414,722,771,1051,747,758,685,384,374,531,363,348,320,338,397,520,384,410,365
2015_3,양재대로72길,2180,1079,1101,415,337,317,378,394,339,217,174,154,180,195,159,198,163,163,198,199,180
2015_3,양재대로71길,2059,1017,1042,446,300,295,389,340,289,232,157,141,181,169,137,214,143,154,208,171,152
2015_3,양재대로64길,3422,1710,1712,637,549,574,596,603,463,333,271,296,290,303,217,304,278,278,306,300,246
2015_3,양재대로62길,1842,922,920,344,295,309,321,324,249,181,146,160,157,162,116,163,149,149,164,162,133
2015_3,송파대로30길,3220,1611,1609,603,513,538,562,571,433,316,254,277,275,287,202,287,259,261,287,284,231
2015_3,송이로36길,3909,1923,1986,760,614,671,647,670,547,390,309,332,316,312,264,370,305,339,331,358,283
2015_3,송이로32길,5997,2944,3053,1084,1005,992,971,1073,872,556,506,490,465,495,432,528,499,502,506,578,440
2015_3,송이로23길,6115,2990,3125,1411,903,888,1168,1005,740,721,450,424,553,495,347,690,453,464,615,510,393
2015_3,삼전로13길,7388,3516,3872,1162,1289,1627,1195,1108,1007,593,581,794,574,515,459,569,708,833,621,593,548
2015_3,백제고분로50길,7200,3527,3673,1099,1173,1597,1138,1147,1046,585,569,806,553,526,488,514,604,791,585,621,558
2015_3,백제고분로46길,3666,1750,1916,616,616,751,575,574,534,308,284,362,277,270,249,308,332,389,298,304,285
2015_3,백제고분로45길,5154,2448,2706,830,878,1110,797,788,751,415,395,532,388,369,349,415,483,578,409,419,402
2015_3,백제고분로42길,4813,2291,2522,773,820,1033,743,740,704,386,370,497,361,348,329,387,450,536,382,392,375
2015_3,백제고분로39길,3955,1921,2034,636,622,883,638,611,565,330,289,441,320,282,259,306,333,442,318,329,306
2015_3,백제고분로34길,8338,4049,4289,1340,1312,1862,1342,1288,1194,697,610,928,672,595,547,643,702,934,670,693,647
2015_3,백제고분로33길,6822,3308,3514,1102,1071,1521,1097,1054,977,573,495,759,549,486,446,529,576,762,548,568,531
2015_3,백제고분로32길,6399,3051,3348,1069,1027,1535,1049,910,809,558,467,745,505,416,360,511,560,790,544,494,449
2015_3,백제고분로31길,7105,3387,3718,1183,1136,1709,1164,1010,903,618,517,831,560,460,401,565,619,878,604,550,502
2015_3,백제고분로22길,6981,3332,3649,1167,1119,1677,1147,988,883,610,509,814,553,452,394,557,610,863,594,536,489
2015_3,백제고분로21길,2926,1395,1531,491,470,704,477,415,369,255,215,342,230,189,164,236,255,362,247,226,205
2015_3,마천로51길,4523,2295,2228,844,578,705,783,770,843,432,309,371,410,388,385,412,269,334,373,382,458
2015_3,동남로20길,3711,1814,1897,856,546,536,711,611,451,437,272,257,336,301,211,419,274,279,375,310,240
2015_3,거마로20길,3233,1647,1586,568,438,495,550,580,602,297,237,265,284,285,279,271,201,230,266,295,323
2015_3,학동로77길,1904,909,995,363,279,349,335,282,296,194,133,156,156,134,136,169,146,193,179,148,160
2015_3,학동로6길,1733,799,934,173,349,488,263,216,244,87,146,220,135,99,112,86,203,268,128,117,132
2015_3,학동로56길,412,198,214,87,55,87,83,48,52,48,26,37,41,23,23,39,29,50,42,25,29
2015_3,학동로38길,1742,822,920,249,286,420,282,226,279,132,125,193,138,104,130,117,161,227,144,122,149
2015_3,테헤란로81길,1031,519,512,201,152,170,173,167,168,121,80,81,77,80,80,80,72,89,96,87,88
2015_3,일원로9길,4124,2011,2113,674,662,696,594,718,780,357,338,365,285,328,338,317,324,331,309,390,442
2015_3,일원로3길,3103,1512,1591,505,498,522,451,540,587,266,255,275,217,244,255,239,243,247,234,296,332
2015_3,영동대로65길,2355,1191,1164,567,358,221,490,425,294,325,190,100,211,223,142,242,168,121,279,202,152
2015_3,영동대로112길,2718,1370,1348,530,395,449,460,440,444,317,208,214,206,212,213,213,187,235,254,228,231
2015_3,언주로81길,5906,2786,3120,1425,730,1146,1236,680,689,732,323,496,590,337,308,693,407,650,646,343,381
2015_3,압구정로2길,1205,565,640,221,182,223,212,158,209,113,82,100,100,74,96,108,100,123,112,84,113
2015_3,선릉로18길,1596,771,825,336,241,270,291,263,195,173,122,130,133,128,85,163,119,140,158,135,110
2015_3,선릉로146길,3316,1578,1738,636,480,607,581,494,518,338,229,271,269,233,238,298,251,336,312,261,280
2015_3,선릉로133길,1762,834,928,251,290,427,281,231,282,133,127,197,138,108,131,118,163,230,143,123,151
2015_3,선릉로132길,2161,1028,1133,412,311,395,381,324,338,220,149,177,175,152,155,192,162,218,206,172,183
2015_3,선릉로121길,1375,651,724,198,226,332,221,179,219,105,99,153,109,83,102,93,127,179,112,96,117
2015_3,삼성로75길,2664,1253,1411,507,456,503,560,352,286,273,212,216,247,176,129,234,244,287,313,176,157
2015_3,삼성로69길,3341,1575,1766,635,573,635,696,440,362,342,268,274,307,221,163,293,305,361,389,219,199
2015_3,삼성로64길,2917,1476,1441,704,444,279,605,525,360,402,237,126,261,276,174,302,207,153,344,249,186
2015_3,삼성로63길,4488,2116,2372,853,769,853,935,594,484,459,358,367,414,298,220,394,411,486,521,296,264
2015_3,삼성로57길,1824,909,915,559,216,134,446,268,201,309,104,57,196,145,98,250,112,77,250,123,103
2015_3,삼성로147길,1609,766,843,308,231,294,284,240,252,163,111,132,132,112,116,145,120,162,152,128,136
2015_3,삼성로115길,2980,1424,1556,634,393,632,598,348,375,347,182,266,293,168,168,287,211,366,305,180,207
2015_3,봉은사로68길,2187,1045,1142,465,290,463,437,257,275,255,135,195,214,123,123,210,155,268,223,134,152
2015_3,봉은사로57길,538,256,282,115,71,114,108,62,68,63,32,49,52,30,30,52,39,65,56,32,38
2015_3,봉은사로43길,2970,1402,1568,424,485,719,480,387,475,225,212,330,236,178,221,199,273,389,244,209,254
2015_3,봉은사로29길,1545,730,815,225,254,372,247,200,247,119,111,171,122,92,115,106,143,201,125,108,132
2015_3,봉은사로109길,2327,1174,1153,452,339,384,394,377,381,270,182,182,176,182,182,182,157,202,218,195,199
2015_3,도산대로89길,884,422,462,171,127,162,154,132,138,91,61,73,72,62,63,80,66,89,82,70,75
2015_3,도산대로81길,797,379,418,152,115,145,141,120,124,81,55,65,65,56,57,71,60,80,76,64,67
2015_3,도산대로50길,1981,937,1044,283,325,477,318,258,320,150,143,220,156,121,147,133,182,257,162,137,173
2015_3,도산대로38길,1438,682,756,206,235,349,235,185,228,109,103,162,116,86,106,97,132,187,119,99,122
2015_3,도산대로30길,1280,605,675,182,213,309,206,168,202,97,92,142,101,79,94,85,121,167,105,89,108
2015_3,도산대로23길,2179,1021,1158,397,323,406,384,292,377,202,146,181,182,138,172,195,177,225,202,154,205
2015_3,도산대로15길,1102,517,585,202,165,204,194,146,191,103,74,92,92,69,87,99,91,112,102,77,104
2015_3,도곡로37길,7409,3499,3910,1788,921,1430,1547,860,863,916,409,619,742,427,386,872,512,811,805,433,477
2015_3,논현로8길,4058,1990,2068,783,600,716,749,675,535,405,293,370,357,323,242,378,307,346,392,352,293
2015_3,논현로63길,1987,939,1048,200,414,579,299,248,247,99,169,274,158,123,116,101,245,305,141,125,131
2015_3,논현로28길,741,349,392,180,95,101,148,113,104,87,44,44,67,56,51,93,51,57,81,57,53
2015_3,논현로26길,2818,1332,1486,684,368,377,564,426,399,330,173,162,257,213,197,354,195,215,307,213,202
2015_3,논현로159길,864,406,458,157,129,162,152,115,149,80,58,72,72,55,69,77,71,90,80,60,80
2015_3,논현로139길,1798,828,970,178,363,504,272,226,255,89,151,227,140,104,117,89,212,277,132,122,138
2015_3,논현로123길,1768,812,956,176,359,496,269,219,249,88,150,223,138,100,113,88,209,273,131,119,136
2015_3,논현로115길,3323,1530,1793,331,673,935,506,413,465,166,282,421,259,190,212,165,391,514,247,223,253
2015_3,논현로10길,1713,839,874,330,252,302,317,287,225,171,124,156,150,137,101,159,128,146,167,150,124
2015_3,논현로106길,2389,1135,1254,236,500,695,361,296,301,116,207,331,193,146,142,120,293,364,168,150,159
2015_3,남부순환로365길,2358,1124,1234,477,370,390,402,378,341,234,173,183,189,182,163,243,197,207,213,196,178
2015_3,개포로28길,2159,1057,1102,413,320,382,398,362,284,213,158,197,189,174,126,200,162,185,209,188,158
2015_3,개포로20길,2966,1454,1512,570,438,521,549,496,392,294,215,268,262,238,177,276,223,253,287,258,215
2015_3,개포로17길,3623,1776,1847,698,535,635,670,606,479,361,264,328,319,289,215,337,271,307,351,317,264
2015_3,강남대로140길,1831,844,987,185,371,512,278,227,258,93,155,230,143,105,118,92,216,282,135,122,140
2015_3,강남대로136길,1206,556,650,122,244,339,182,149,170,61,102,153,93,69,78,61,142,186,89,80,92
2015_3,강남대로118길,1697,782,915,170,343,478,255,210,241,85,144,216,131,96,110,85,199,262,124,114,131
2015_3,서초중앙로8길,3001,1438,1563,556,460,581,486,441,477,283,219,268,235,208,225,273,241,313,251,233,252
2015_3,방배중앙로21길,2407,1133,1274,548,307,345,488,351,368,265,142,155,228,173,170,283,165,190,260,178,198
2015_3,효령로72길,1804,881,923,367,240,354,313,255,275,191,118,164,156,120,132,176,122,190,157,135,143
2015_3,효령로34길,1506,729,777,269,237,225,232,272,271,138,121,109,106,128,127,131,116,116,126,144,144
2015_3,효령로31길,1821,871,950,317,270,371,288,261,314,168,127,173,137,122,144,149,143,198,151,139,170
2015_3,효령로23길,4541,2171,2370,787,677,923,716,654,784,419,317,431,339,304,361,368,360,492,377,350,423
2015_3,청두곶길,3159,1515,1644,544,491,549,496,521,558,278,231,276,229,241,260,266,260,273,267,280,298
2015_3,주흥길,5403,2608,2795,1108,798,1121,999,710,667,571,368,513,515,341,300,537,430,608,484,369,367
2015_3,주흥15길,3982,1921,2061,816,591,825,736,523,491,421,272,377,379,251,221,395,319,448,357,272,270
2015_3,언남길,2163,1094,1069,374,325,487,377,308,292,196,161,256,196,151,134,178,164,231,181,157,158
2015_3,신반포로45길,4498,2142,2356,996,573,833,945,599,552,507,266,381,459,284,245,489,307,452,486,315,307
2015_3,서초대로8길,5434,2609,2825,931,842,943,854,905,959,475,400,473,397,416,448,456,442,470,457,489,511
2015_3,서초대로64길,1106,529,577,204,168,215,180,163,176,104,80,99,87,77,82,100,88,116,93,86,94
2015_3,서초대로4길,3265,1569,1696,564,500,570,514,540,577,288,238,286,238,250,269,276,262,284,276,290,308
2015_3,서초대로25길,1389,648,741,287,194,234,255,199,220,137,87,107,118,98,101,150,107,127,137,101,119
2015_3,서초대로23길,2771,1293,1478,570,391,471,506,397,436,273,176,217,233,193,201,297,215,254,273,204,235
2015_3,서초대로15길,4242,1978,2264,875,599,720,775,606,667,420,268,332,357,295,306,455,331,388,418,311,361
2015_3,사평대로57길,2318,1119,1199,475,343,480,428,305,287,245,159,220,221,146,128,230,184,260,207,159,159
2015_3,사평대로26길,303,143,160,67,41,53,53,44,45,34,20,24,24,20,21,33,21,29,29,24,24
2015_3,사평대로22길,1886,895,991,415,256,325,335,269,286,211,120,147,157,124,136,204,136,178,178,145,150
2015_3,사임당로17길,1128,539,589,212,171,220,182,166,177,107,81,102,89,77,83,105,90,118,93,89,94
2015_3,방배로42길,1308,617,691,296,167,186,266,192,201,143,77,83,125,95,94,153,90,103,141,97,107
2015_3,방배로35길,2164,1015,1149,477,286,326,426,314,335,231,131,148,199,152,154,246,155,178,227,162,181
2015_3,방배로18길,1964,938,1026,340,293,400,310,283,338,181,137,187,147,130,156,159,156,213,163,153,182
2015_3,반포대로9길,1454,723,731,259,230,237,244,231,253,146,114,116,114,113,120,113,116,121,130,118,133
2015_3,바우뫼로39길,1741,840,901,398,216,351,274,235,267,204,107,166,139,108,116,194,109,185,135,127,151
2015_3,마방로2길,1641,827,814,283,246,369,285,235,223,148,122,194,147,114,102,135,124,175,138,121,121
2015_3,방배천로4안길,1088,524,564,187,168,190,173,179,191,95,81,95,81,83,89,92,87,95,92,96,102
2015_3,동산로19길,2023,1021,1002,350,301,454,355,290,273,184,149,238,183,142,125,166,152,216,172,148,148
2015_3,동산로10길,2975,1502,1473,514,445,666,517,428,405,269,221,350,267,209,186,245,224,316,250,219,219
2015_3,동광로39길,1275,606,669,280,172,221,227,184,191,143,81,99,106,86,91,137,91,122,121,98,100
2015_3,동광로1길,4238,1992,2246,963,544,608,858,618,647,465,252,270,402,303,300,498,292,338,456,315,347
2015_3,동광로12길,1280,598,682,266,182,217,233,181,201,126,82,101,108,89,92,140,100,116,125,92,109
2015_3,논현로27길,2988,1443,1545,684,370,603,471,404,456,351,183,285,239,186,199,333,187,318,232,218,257
2015_3,논현로1길,2935,1484,1451,505,439,658,510,421,402,264,218,346,263,208,185,241,221,312,247,213,217
2015_3,남부순환로339길,1459,700,759,271,223,283,236,216,230,139,105,130,115,102,109,132,118,153,121,114,121
2015_3,남부순환로325길,2259,1124,1135,398,361,369,381,362,388,221,180,182,179,179,183,177,181,187,202,183,205
2015_3,남부순환로317길,1543,768,775,274,245,254,257,247,266,154,121,125,121,120,127,120,124,129,136,127,139
2015_3,고무래로8길,1369,650,719,301,185,236,242,198,207,153,87,107,113,92,98,148,98,129,129,106,109
2015_3,강남대로8길,3559,1795,1764,617,532,800,619,507,484,322,263,419,321,247,223,295,269,381,298,260,261
2015_3,강남대로34길,3227,1557,1670,738,401,648,508,437,495,377,199,307,257,201,216,361,202,341,251,236,279
2015_3,강남대로23길,1458,699,759,331,178,295,231,198,225,170,86,139,116,91,97,161,92,156,115,107,128
2015_3,소담길,4709,2351,2358,573,1115,969,658,611,783,291,522,528,358,290,362,282,593,441,300,321,421
2015_3,원신길,1932,970,962,300,254,278,327,339,434,155,135,153,172,162,193,145,119,125,155,177,241
2015_3,양지길,2064,1038,1026,320,271,298,347,363,465,165,143,163,183,177,207,155,128,135,164,186,258
2015_3,양산길,1263,658,605,176,214,221,198,201,253,91,118,130,109,96,114,85,96,91,89,105,139
2015_3,호암로24길,2823,1693,1130,285,704,638,459,361,376,150,431,434,310,192,176,135,273,204,149,169,200
2015_3,호암로20길,3169,1895,1274,324,789,712,514,405,425,169,481,484,347,213,201,155,308,228,167,192,224
2015_3,행운길,6977,3459,3518,887,1525,1543,935,925,1162,448,725,835,500,425,526,439,800,708,435,500,636
2015_3,행운1길,3366,1670,1696,427,735,743,453,446,562,216,350,403,242,204,255,211,385,340,211,242,307
2015_3,청림3길,4142,2047,2095,817,482,871,674,561,737,426,251,432,359,259,320,391,231,439,315,302,417
2015_3,청룡길,2056,1026,1030,253,485,423,287,269,339,128,228,230,156,128,156,125,257,193,131,141,183
2015_3,청룡8길,2101,1048,1053,258,495,434,293,273,348,130,231,236,159,130,162,128,264,198,134,143,186
2015_3,중앙길,3741,1834,1907,448,791,754,507,533,708,228,355,407,270,248,326,220,436,347,237,285,382
2015_3,조원중앙로2길,4357,2224,2133,569,756,897,667,699,769,282,373,499,361,344,365,287,383,398,306,355,404
2015_3,조원로18길,1597,815,782,210,276,328,244,255,284,105,136,182,132,125,135,105,140,146,112,130,149
2015_3,조원로10길,1959,998,961,256,340,403,300,315,345,126,167,225,162,154,164,130,173,178,138,161,181
2015_3,장군봉2길,2135,1067,1068,262,506,439,298,275,355,134,236,240,161,133,163,128,270,199,137,142,192
2015_3,장군봉1길,1006,501,505,124,237,206,142,130,167,63,110,111,77,63,77,61,127,95,65,67,90
2015_3,인헌길,3703,1845,1858,584,684,803,579,456,597,301,332,430,298,215,269,283,352,373,281,241,328
2015_3,은천로25길,2220,1096,1124,462,251,376,403,318,410,244,125,189,207,150,181,218,126,187,196,168,229
2015_3,양녕로6길,4600,2257,2343,548,972,930,624,656,870,282,435,502,333,307,398,266,537,428,291,349,472
2015_3,신원로3길,2833,1400,1433,384,488,550,442,417,552,197,250,290,227,195,241,187,238,260,215,222,311
2015_3,신사로20길,2315,1157,1158,337,414,461,388,344,371,177,203,250,194,165,168,160,211,211,194,179,203
2015_3,신림로65길,2210,1118,1092,156,721,600,264,209,260,78,331,338,147,103,121,78,390,262,117,106,139
2015_3,신림로64길,2320,1172,1148,164,755,631,278,219,273,82,345,356,155,107,127,82,410,275,123,112,146
2015_3,신림로48길,2761,1407,1354,311,626,638,379,368,439,161,322,358,197,165,204,150,304,280,182,203,235
2015_3,신림로38길,1902,1047,855,222,428,423,269,252,308,118,246,264,154,121,144,104,182,159,115,131,164
2015_3,신림로28길,3703,2036,1667,435,832,831,520,488,597,230,480,518,297,234,277,205,352,313,223,254,320
2015_3,신림로11길,4445,2660,1785,449,1107,999,728,567,595,237,674,678,491,299,281,212,433,321,237,268,314
2015_3,신림동길,3504,1769,1735,249,1137,955,418,331,414,125,519,539,234,160,192,124,618,416,184,171,222
2015_3,승방길,3697,1790,1907,540,743,797,498,518,601,270,342,412,250,234,282,270,401,385,248,284,319
2015_3,서림7길,6175,3400,2775,729,1390,1378,868,812,998,387,799,859,499,392,464,342,591,519,369,420,534
2015_3,봉천로33길,4842,2402,2440,887,679,956,784,702,834,457,334,495,405,329,382,430,345,461,379,373,452
2015_3,봉천로13길,4839,2408,2431,767,735,955,743,744,895,396,373,508,376,348,407,371,362,447,367,396,488
2015_3,복은길,4126,2268,1858,484,929,922,581,544,666,257,535,572,333,261,310,227,394,350,248,283,356
2015_3,법원단지길,1727,870,857,295,250,279,289,291,323,152,132,149,146,143,148,143,118,130,143,148,175
2015_3,법원단지9길,5110,2587,2523,872,724,806,882,856,970,452,384,437,445,431,438,420,340,369,437,425,532
2015_3,미성5길,4246,2142,2104,731,624,707,692,720,772,376,332,376,345,347,366,355,292,331,347,373,406
2015_3,대학길,2068,1236,832,212,516,467,337,261,275,112,314,317,228,137,128,100,202,150,109,124,147
2015_3,대학14길,2627,1570,1057,264,656,594,425,336,352,138,400,403,288,176,165,126,256,191,137,160,187
2015_3,당곡길,2163,1079,1084,343,330,424,333,331,402,177,169,226,170,154,183,166,161,198,163,177,219
2015_3,남현길,1867,905,962,270,374,403,251,264,305,135,173,208,126,119,144,135,201,195,125,145,161
2015_3,남현3길,1479,718,761,214,297,320,201,207,240,107,138,165,101,94,113,107,159,155,100,113,127
2015_3,남현2길,2761,1337,1424,400,554,598,369,389,451,200,256,310,185,175,211,200,298,288,184,214,240
2015_3,남부순환로248길,1954,971,983,309,364,423,304,241,313,159,177,227,156,112,140,150,187,196,148,129,173
2015_3,남부순환로234길,2146,1096,1050,286,549,488,280,244,299,142,277,271,153,118,135,144,272,217,127,126,164
2015_3,남부순환로172길,2639,1324,1315,429,408,464,422,429,487,220,214,247,212,205,226,209,194,217,210,224,261
2015_3,남부순환로161길,3809,1904,1905,551,681,757,643,567,610,287,335,411,321,274,276,264,346,346,322,293,334
2015_3,남부순환로151길,3107,1553,1554,449,557,617,524,460,500,233,274,333,262,224,227,216,283,284,262,236,273
2015_3,남부순환로142길,3899,1963,1936,671,575,650,633,661,709,345,304,345,315,318,336,326,271,305,318,343,373
2015_3,난향길,2670,1330,1340,571,284,494,486,372,463,300,149,240,258,177,206,271,135,254,228,195,257
2015_3,난우길,2945,1484,1461,508,432,491,478,499,537,261,229,261,237,241,255,247,203,230,241,258,282
2015_3,난곡로74길,2037,1019,1018,298,362,403,341,306,327,156,177,218,170,148,150,142,185,185,171,158,177
2015_3,난곡로34길,2678,1355,1323,458,379,421,463,449,508,238,200,228,235,225,229,220,179,193,228,224,279
2015_3,난곡로26길,3783,1917,1866,644,536,595,655,635,718,334,284,324,331,320,324,310,252,271,324,315,394
2015_3,난곡로24길,3133,1585,1548,535,444,493,541,524,596,278,234,268,273,264,268,257,210,225,268,260,328
2015_3,낙성대역길,4349,2176,2173,668,862,952,659,529,679,343,423,512,343,249,306,325,439,440,316,280,373
2015_3,국회단지길,5942,2950,2992,1085,836,1171,962,859,1029,558,414,607,498,402,471,527,422,564,464,457,558
2015_3,구암길,3923,1929,1994,815,445,667,711,566,719,428,221,335,364,266,315,387,224,332,347,300,404
2015_3,관천로22길,3076,1556,1520,216,1005,833,372,290,360,109,460,472,206,141,168,107,545,361,166,149,192
2015_3,관천로15길,4963,2482,2481,720,888,987,834,736,798,375,436,535,417,357,362,345,452,452,417,379,436
2015_3,관악로30길,2333,1154,1179,397,362,502,352,313,407,205,180,259,187,144,179,192,182,243,165,169,228
2015_3,관악로28길,1761,874,887,225,385,389,235,233,294,114,183,210,126,107,134,111,202,179,109,126,160
2015_3,관악로14길,1552,786,766,209,393,351,205,176,218,103,198,193,111,83,98,106,195,158,94,93,120
2015_3,관악로10길,4295,2182,2113,577,1094,976,561,487,600,286,553,539,303,233,268,291,541,437,258,254,332
2015_3,흑석로9길,2594,1274,1320,416,417,444,414,392,511,209,219,231,207,190,218,207,198,213,207,202,293
2015_3,흑석로13길,2615,1291,1324,416,425,448,416,394,516,210,224,234,210,191,222,206,201,214,206,203,294
2015_3,장승배기로27길,2810,1426,1384,351,482,450,444,497,586,182,254,253,237,238,262,169,228,197,207,259,324
2015_3,장승배기로19길,2302,1172,1130,290,392,370,364,405,481,151,208,207,195,196,215,139,184,163,169,209,266
2015_3,장승배기로10길,366,178,188,63,57,70,57,54,65,32,28,34,29,26,29,31,29,36,28,28,36
2015_3,여의대방로46길,2268,1103,1165,482,337,351,428,325,345,248,166,173,209,159,148,234,171,178,219,166,197
2015_3,여의대방로24길,2915,1416,1499,618,425,466,544,411,451,317,207,232,265,201,194,301,218,234,279,210,257
2015_3,여의대방로22카길,3884,1910,1974,805,519,715,688,528,629,416,244,359,344,256,291,389,275,356,344,272,338
2015_3,여의대방로22나길,3309,1625,1684,686,441,610,588,448,536,354,206,307,294,216,248,332,235,303,294,232,288
2015_3,여의대방로22길,2369,1166,1203,487,316,438,422,322,384,251,149,221,211,156,178,236,167,217,211,166,206
2015_3,양녕로26길,1582,787,795,278,221,294,258,245,286,147,113,155,129,118,125,131,108,139,129,127,161
2015_3,신대방길,6825,3353,3472,1440,914,1064,1262,1060,1085,727,455,520,635,512,504,713,459,544,627,548,581
2015_3,성대로29길,2327,1158,1169,409,324,434,380,360,420,218,164,228,190,173,185,191,160,206,190,187,235
2015_3,성대로1길,1080,536,544,189,151,201,178,166,195,100,76,105,89,80,86,89,75,96,89,86,109
2015_3,서달로8가길,637,314,323,102,104,110,100,96,125,52,55,58,50,46,53,50,49,52,50,50,72
2015_3,서달로15길,499,248,251,79,81,85,79,76,99,40,43,45,40,37,43,39,38,40,39,39,56
2015_3,서달로14길,405,200,205,66,64,69,66,61,79,33,34,36,33,30,34,33,30,33,33,31,45
2015_3,서달로10길,4077,2010,2067,651,662,697,650,613,804,329,350,364,328,296,343,322,312,333,322,317,461
2015_3,상도로62길,2405,1186,1219,412,471,456,353,329,384,214,240,228,180,151,173,198,231,228,173,178,211
2015_3,상도로61길,4098,2020,2078,702,803,777,599,561,656,365,408,388,307,257,295,337,395,389,292,304,361
2015_3,상도로47길,4267,2102,2165,731,835,810,625,584,682,379,425,404,320,267,307,352,410,406,305,317,375
2015_3,상도로37길,1647,811,836,282,321,312,242,226,264,147,163,155,124,104,118,135,158,157,118,122,146
2015_3,상도로15길,4354,2116,2238,748,667,831,687,637,784,382,327,413,348,297,349,366,340,418,339,340,435
2015_3,사당로8길,2731,1360,1371,478,386,554,437,402,474,252,196,287,223,188,214,226,190,267,214,214,260
2015_3,사당로30길,1344,649,695,152,272,305,174,204,237,81,125,156,88,89,110,71,147,149,86,115,127
2015_3,사당로2차길,2383,1189,1194,418,339,481,381,351,413,221,171,251,196,165,185,197,168,230,185,186,228
2015_3,사당로29길,4358,2142,2216,717,635,833,650,691,832,371,312,417,328,323,391,346,323,416,322,368,441
2015_3,사당로26길,3363,1622,1741,381,679,759,434,517,593,204,311,386,221,225,275,177,368,373,213,292,318
2015_3,사당로23나길,2189,1079,1110,360,318,420,327,345,419,187,157,210,166,161,198,173,161,210,161,184,221
2015_3,사당로23길,1832,901,931,301,268,350,273,290,350,156,131,175,138,137,164,145,137,175,135,153,186
2015_3,사당로20길,3101,1506,1595,373,598,690,409,479,552,198,279,354,209,211,255,175,319,336,200,268,297
2015_3,사당로16길,3468,1703,1765,525,524,721,514,528,656,271,258,378,268,235,293,254,266,343,246,293,363
2015_3,사당로16가길,2401,1184,1217,376,356,498,359,366,446,194,176,262,186,165,201,182,180,236,173,201,245
2015_3,만양로8길,4415,2211,2204,722,731,776,673,681,832,377,392,411,351,315,365,345,339,365,322,366,467
2015_3,만양로14길,1768,884,884,288,292,312,269,274,333,150,156,165,139,127,147,138,136,147,130,147,186
2015_3,등용로14길,3010,1469,1541,608,456,469,555,443,479,314,227,235,273,216,204,294,229,234,282,227,275
2015_3,동작대로7길,3835,1851,1984,434,775,866,494,590,676,233,356,441,251,257,313,201,419,425,243,333,363
2015_3,동작대로35길,3657,1784,1873,566,547,738,524,590,692,298,261,369,265,276,315,268,286,369,259,314,377
2015_3,동작대로33길,3865,1888,1977,596,581,781,554,624,729,316,278,391,279,293,331,280,303,390,275,331,398
2015_3,동작대로29길,841,410,431,130,125,170,121,135,160,69,60,85,61,63,72,61,65,85,60,72,88
2015_3,동작대로17길,2224,1073,1151,251,450,503,288,343,389,135,207,256,146,150,179,116,243,247,142,193,210
2015_3,대방동2길,4187,2036,2151,891,624,650,787,598,637,459,307,322,384,293,271,432,317,328,403,305,366
2015_3,대방동27길,5079,2462,2617,1081,757,786,956,725,774,555,372,389,465,354,327,526,385,397,491,371,447
2015_3,노량진로6길,3664,1846,1818,514,614,590,598,622,726,267,322,324,313,299,321,247,292,266,285,323,405
2015_3,국사봉길,4206,2057,2149,701,614,812,655,620,804,365,296,422,329,289,356,336,318,390,326,331,448
2015_3,국사봉2길,1831,898,933,371,248,339,322,250,301,192,117,171,161,119,138,179,131,168,161,131,163
2015_3,국사봉1길,3197,1563,1634,534,469,618,496,470,610,277,228,321,249,218,270,257,241,297,247,252,340
2015_3,영신로9길,3904,1975,1929,633,554,731,652,640,694,330,276,379,342,326,322,303,278,352,310,314,372
2015_3,영등포로84길,2210,1120,1090,329,342,379,375,355,430,174,174,209,196,174,193,155,168,170,179,181,237
2015_3,영등포로80길,2654,1345,1309,370,413,457,440,431,543,196,210,255,229,210,245,174,203,202,211,221,298
2015_3,영등포로62길,2072,1048,1024,352,286,366,348,352,368,183,145,188,182,178,172,169,141,178,166,174,196
2015_3,영등포로35길,1643,937,706,167,296,314,248,291,327,88,147,181,161,184,176,79,149,133,87,107,151
2015_3,영등포로27길,3229,1600,1629,478,476,652,497,515,611,235,240,334,264,247,280,243,236,318,233,268,331
2015_3,영등포로25길,2952,1465,1487,437,436,594,456,472,557,216,219,304,243,227,256,221,217,290,213,245,301
2015_3,여의대방로61길,2908,1474,1434,438,449,495,495,470,561,228,232,274,257,231,252,210,217,221,238,239,309
2015_3,여의대방로43나길,3108,1569,1539,604,455,517,552,492,488,314,241,266,281,249,218,290,214,251,271,243,270
2015_3,여의대방로39길,1046,528,518,217,152,173,188,165,151,113,81,88,95,84,67,104,71,85,93,81,84
2015_3,여의대방로35길,2817,1405,1412,535,405,467,484,459,467,278,210,237,243,227,210,257,195,230,241,232,257
2015_3,양평로28길,3036,1529,1507,607,456,619,528,422,404,308,216,318,281,221,185,299,240,301,247,201,219
2015_3,양평로22라길,1191,600,591,239,179,243,207,165,158,121,85,124,111,87,72,118,94,119,96,78,86
2015_3,양평로19길,3478,1748,1730,696,522,709,604,486,461,353,245,365,322,253,210,343,277,344,282,233,251
2015_3,신길로60길,4668,2362,2306,788,644,828,783,789,836,412,328,425,410,401,386,376,316,403,373,388,450
2015_3,신길로42길,3342,1687,1655,516,454,441,597,634,700,270,239,240,313,315,310,246,215,201,284,319,390
2015_3,신길로42가길,5679,2877,2802,823,836,873,976,998,1173,434,433,483,513,492,522,389,403,390,463,506,651
2015_3,신길로39길,1675,848,827,287,210,251,302,299,326,155,107,132,156,149,149,132,103,119,146,150,177
2015_3,신길로17길,3725,1863,1862,594,480,548,649,673,781,307,253,297,326,327,353,287,227,251,323,346,428
2015_3,선유서로28길,1714,867,847,299,226,405,266,226,292,158,110,212,147,110,130,141,116,193,119,116,162
2015_3,선유서로25길,3687,1869,1818,641,482,876,570,484,634,338,236,458,316,237,284,303,246,418,254,247,350
2015_3,선유서로24길,1926,976,950,334,253,457,297,254,331,176,123,239,165,124,149,158,130,218,132,130,182
2015_3,선유로55길,4128,2074,2054,828,618,839,718,575,550,421,289,432,382,300,250,407,329,407,336,275,300
2015_3,디지털로74길,1076,544,532,168,146,165,185,189,223,91,75,91,94,93,100,77,71,74,91,96,123
2015_3,디지털로57길,1532,759,773,217,198,245,264,273,335,116,99,128,132,133,151,101,99,117,132,140,184
2015_3,디지털로37길,2680,1332,1348,378,345,431,463,477,586,202,173,226,231,233,267,176,172,205,232,244,319
2015_3,도신로62길,1773,899,874,247,275,306,294,288,363,132,140,171,154,140,162,115,135,135,140,148,201
2015_3,도신로60길,998,506,492,139,154,172,167,161,205,73,79,97,88,78,91,66,75,75,79,83,114
2015_3,도신로29길,2496,1267,1229,373,368,511,412,385,447,194,177,272,221,193,210,179,191,239,191,192,237
2015_3,도신로15길,3149,1592,1557,462,471,653,519,480,564,242,224,347,275,242,262,220,247,306,244,238,302
2015_3,도림천로21길,2597,1283,1314,369,338,415,440,464,571,196,169,215,220,224,259,173,169,200,220,240,312
2015_3,도림로63길,2013,1003,1010,325,251,295,355,367,420,165,135,158,177,178,190,160,116,137,178,189,230
2015_3,도림로147길,3080,1530,1550,641,369,649,506,411,504,331,177,316,269,199,238,310,192,333,237,212,266
2015_3,도림로112길,4448,2259,2189,665,656,905,738,691,793,349,316,480,394,348,372,316,340,425,344,343,421
2015_3,대림로8길,3630,1839,1791,566,491,550,620,643,760,305,254,305,316,316,343,261,237,245,304,327,417
2015_3,대림로7길,1340,664,676,190,173,215,231,238,293,101,87,112,115,116,133,89,86,103,116,122,160
2015_3,대림로44길,2399,1211,1188,404,343,420,412,410,410,211,175,221,211,205,188,193,168,199,201,205,222
2015_3,대림로34길,2639,1333,1306,448,376,458,454,447,456,233,194,242,233,223,208,215,182,216,221,224,248
2015_3,대림로31길,2746,1390,1356,465,395,480,475,465,466,245,202,252,245,232,214,220,193,228,230,233,252
2015_3,대림로29길,3774,1905,1869,638,538,659,649,647,643,333,274,348,333,323,294,305,264,311,316,324,349
2015_3,대림로22길,3394,1718,1676,527,463,517,578,599,710,284,243,285,294,293,319,243,220,232,284,306,391
2015_3,당산로46길,4167,1996,2171,706,769,880,602,577,633,359,335,435,300,275,292,347,434,445,302,302,341
2015_3,당산로38길,2628,1261,1367,443,485,557,380,365,398,226,211,276,190,175,183,217,274,281,190,190,215
2015_3,당산로37길,1502,720,782,253,278,318,217,209,227,129,121,157,108,100,105,124,157,161,109,109,122
2015_3,당산로31길,928,459,469,137,136,187,143,149,176,67,68,95,76,72,81,70,68,92,67,77,95
2015_3,국회대로56길,2563,1460,1103,262,456,491,388,455,511,136,224,283,254,287,276,126,232,208,134,168,235
2015_3,경인로90길,454,225,229,96,53,97,74,60,74,50,25,47,39,29,35,46,28,50,35,31,39
2015_3,경인로80길,1004,500,504,209,121,214,163,134,163,109,57,104,87,65,78,100,64,110,76,69,85
2015_3,경인로77길,1877,936,941,391,223,397,308,250,308,202,108,194,163,122,147,189,115,203,145,128,161
2015_3,가마산로61길,1728,868,860,294,215,263,309,308,339,158,110,136,158,153,153,136,105,127,151,155,186
2015_3,시흥대로94길,4676,2380,2296,784,679,694,882,868,769,406,356,373,451,436,358,378,323,321,431,432,411
2015_3,시흥대로84길,6863,3481,3382,1165,974,1094,1233,1230,1167,608,509,580,631,612,541,557,465,514,602,618,626
2015_3,시흥대로68길,2819,1427,1392,485,388,485,474,486,501,256,204,255,243,238,231,229,184,230,231,248,270
2015_3,시흥대로63길,1164,589,575,201,160,201,195,201,206,106,84,106,100,98,95,95,76,95,95,103,111
2015_3,시흥대로62가길,4567,2309,2258,788,630,785,767,787,810,416,330,411,393,385,374,372,300,374,374,402,436
2015_3,시흥대로36길,2405,1214,1191,399,326,370,384,437,489,202,175,197,197,210,233,197,151,173,187,227,256
2015_3,시흥대로22길,3064,1546,1518,511,415,470,489,558,621,258,221,251,253,268,295,253,194,219,236,290,326
2015_3,시흥대로153길,1933,1092,841,208,391,412,298,326,298,104,215,261,179,182,151,104,176,151,119,144,147
2015_3,시흥대로150길,3713,1893,1820,560,522,568,682,707,674,286,273,315,342,357,320,274,249,253,340,350,354
2015_3,시흥대로141길,4895,2576,2319,756,817,989,763,742,828,399,441,569,409,382,376,357,376,420,354,360,452
2015_3,시흥대로138길,848,430,418,127,119,129,153,165,155,66,61,70,77,84,72,61,58,59,76,81,83
2015_3,시흥대로120길,3849,1954,1895,638,518,607,737,700,649,322,268,316,380,361,307,316,250,291,357,339,342
2015_3,벚꽃로56길,1690,954,736,183,343,362,260,281,261,92,186,229,157,157,133,91,157,133,103,124,128
2015_3,범안로17길,1623,854,769,250,272,327,252,246,276,131,147,188,136,127,125,119,125,139,116,119,151
2015_3,범안로11길,962,507,455,147,162,195,149,145,164,77,89,113,80,75,73,70,73,82,69,70,91
2015_3,문성로5길,4131,2104,2027,621,583,627,760,790,750,317,304,345,382,399,357,304,279,282,378,391,393
2015_3,독산로85길,750,382,368,113,106,115,138,142,136,58,55,64,69,72,64,55,51,51,69,70,72
2015_3,독산로78다길,3820,1936,1884,631,516,601,733,695,644,319,267,311,377,357,305,312,249,290,356,338,339
2015_3,독산로70길,2939,1491,1448,489,401,459,561,534,495,248,208,239,289,273,234,241,193,220,272,261,261
2015_3,독산로64길,2564,1300,1264,429,373,381,482,475,424,220,195,205,246,238,196,209,178,176,236,237,228
2015_3,독산로50길,1732,870,862,311,239,258,299,310,315,160,125,133,153,154,145,151,114,125,146,156,170
2015_3,독산로40길,2842,1429,1413,510,392,419,494,512,515,263,203,217,253,256,237,247,189,202,241,256,278
2015_3,독산로108길,2124,1080,1044,319,300,325,389,404,387,163,156,179,195,204,183,156,144,146,194,200,204
2015_3,남부순환로112길,2335,1319,1016,255,473,497,360,392,358,128,259,314,214,221,183,127,214,183,146,171,175
2015_3,금하로24길,5868,2937,2931,1013,788,840,1025,1016,1186,523,415,451,515,513,520,490,373,389,510,503,666
2015_3,금하로1길,2492,1314,1178,383,419,503,386,378,423,202,226,289,208,196,193,181,193,214,178,182,230
2015_3,금하로14길,2436,1232,1204,417,336,419,412,418,434,220,176,219,210,205,202,197,160,200,202,213,232
2015_3,가산로5길,2194,1230,964,247,436,468,339,364,340,125,238,294,200,201,172,122,198,174,139,163,168
2015_3,가산로3길,1232,653,579,182,211,250,192,188,209,95,114,146,104,98,96,87,97,104,88,90,113
2015_3,중앙로1길,841,424,417,162,113,131,143,144,148,85,60,68,71,72,68,77,53,63,72,72,80
2015_3,중앙로15길,1369,692,677,282,173,218,249,215,232,148,89,108,129,110,108,134,84,110,120,105,124
2015_3,우마길,1639,893,746,177,172,220,334,368,368,91,90,127,196,214,175,86,82,93,138,154,193
2015_3,오류로8길,3918,1941,1977,899,448,744,631,545,651,460,228,368,328,256,301,439,220,376,303,289,350
2015_3,신도림로13길,1796,881,915,396,228,370,292,261,249,199,110,180,146,127,119,197,118,190,146,134,130
2015_3,새말로18길,2866,1424,1442,477,459,590,458,426,456,247,210,301,241,210,215,230,249,289,217,216,241
2015_3,부일로1길,785,394,391,153,101,144,125,125,137,83,51,74,64,59,63,70,50,70,61,66,74
2015_3,부일로15길,1610,812,798,316,210,291,255,260,278,172,108,150,131,122,129,144,102,141,124,138,149
2015_3,부일로11길,1473,740,733,290,190,270,232,236,255,157,96,139,119,112,117,133,94,131,113,124,138
2015_3,디지털로32길,2642,1343,1299,402,500,702,378,299,361,208,235,383,211,139,167,194,265,319,167,160,194
2015_3,디지털로32가길,4177,2123,2054,634,795,1111,597,472,568,328,373,608,333,219,262,306,422,503,264,253,306
2015_3,디지털로27길,1384,742,642,157,164,218,268,285,292,80,82,124,156,163,137,77,82,94,112,122,155
2015_3,도림로6길,1944,1015,929,267,313,429,320,294,321,139,152,238,182,154,150,128,161,191,138,140,171
2015_3,도림로12길,1982,1010,972,301,377,527,284,223,270,156,178,290,158,103,125,145,199,237,126,120,145
2015_3,남부순환로97길,1252,622,630,232,158,242,181,203,236,119,81,123,92,93,114,113,77,119,89,110,122
2015_3,구로중앙로8길,4146,2076,2070,643,550,842,680,628,803,337,268,447,361,301,362,306,282,395,319,327,441
2015_3,구로중앙로7길,1330,666,664,207,176,268,217,204,258,109,86,143,115,97,116,98,90,125,102,107,142
2015_3,구로중앙로42길,2404,1179,1225,530,305,491,393,351,334,266,147,240,197,169,160,264,158,251,196,182,174
2015_3,구로중앙로34길,2191,1087,1104,365,353,449,350,326,348,187,163,230,182,160,165,178,190,219,168,166,183
2015_3,구로중앙로28길,4335,2147,2188,722,697,891,694,643,688,372,318,455,364,315,323,350,379,436,330,328,365
2015_3,구로중앙로19길,1063,544,519,156,137,162,194,188,226,82,69,90,105,95,103,74,68,72,89,93,123
2015_3,구로동로8길,7884,3945,3939,1223,1048,1600,1290,1199,1524,641,509,849,684,574,688,582,539,751,606,625,836
2015_3,구로동로7길,4206,2209,1997,536,494,605,809,845,917,277,254,341,455,459,423,259,240,264,354,386,494
2015_3,구로동로42길,3191,1629,1562,472,411,493,578,561,676,246,210,272,310,283,308,226,201,221,268,278,368
2015_3,구로동로41길,1909,973,936,282,247,297,345,338,400,147,127,163,184,170,182,135,120,134,161,168,218
2015_3,구로동로38길,2449,1248,1201,363,317,376,442,435,516,191,161,207,235,220,234,172,156,169,207,215,282
2015_3,구로동로28길,1918,969,949,290,252,341,332,316,387,152,124,185,177,156,175,138,128,156,155,160,212
2015_3,구로동로15길,1534,781,753,227,197,239,278,269,324,118,99,131,149,135,149,109,98,108,129,134,175
2015_3,공원로6가길,1279,634,645,213,205,263,205,190,203,110,93,135,107,93,96,103,112,128,98,97,107
2015_3,고척로52길,3478,1756,1722,678,456,554,605,572,613,353,236,282,310,288,287,325,220,272,295,284,326
2015_3,고척로27다길,5589,2816,2773,1150,706,900,1010,882,941,595,363,447,524,450,437,555,343,453,486,432,504
2015_3,고척로27길,2965,1495,1470,526,390,487,489,508,565,269,199,252,256,252,267,257,191,235,233,256,298
2015_3,고척로21나길,3194,1609,1585,567,422,527,526,548,604,290,218,271,273,271,286,277,204,256,253,277,318
2015_3,경인로47길,1028,517,511,195,140,162,174,174,183,102,73,84,87,87,84,93,67,78,87,87,99
2015_3,경인로35길,4314,2175,2139,818,561,703,740,713,779,423,288,357,383,357,367,395,273,346,357,356,412
2015_3,경인로31길,2297,1159,1138,412,301,376,381,394,433,210,154,194,200,195,206,202,147,182,181,199,227
2015_3,경인로15길,5461,2708,2753,877,841,1056,799,870,1018,430,417,554,420,409,478,447,424,502,379,461,540
2015_3,개봉로3길,2885,1444,1441,550,366,503,474,470,522,287,195,260,238,221,243,263,171,243,236,249,279
2015_3,개봉로2길,2560,1277,1283,483,324,465,402,416,470,251,170,238,203,193,222,232,154,227,199,223,248
2015_3,개봉로23가길,1010,509,501,180,134,166,165,174,191,92,68,86,86,86,91,88,66,80,79,88,100
2015_3,개봉로20길,3222,1598,1624,597,409,623,461,521,611,306,209,317,233,237,296,291,200,306,228,284,315
2015_3,개봉로1길,2419,1208,1211,460,305,424,400,393,437,241,161,218,200,185,203,219,144,206,200,208,234
2015_3,개봉로17다길,4372,2169,2203,809,552,847,626,712,826,413,280,434,317,325,400,396,272,413,309,387,426
2015_3,개봉로17길,6879,3410,3469,1274,869,1333,985,1118,1300,652,441,681,498,508,630,622,428,652,487,610,670
2015_3,개봉로11길,5407,2704,2703,1028,688,944,889,882,976,538,367,486,445,414,454,490,321,458,444,468,522
2015_3,화곡로64길,4478,2144,2334,766,841,946,698,628,599,405,336,474,344,315,270,361,505,472,354,313,329
2015_3,화곡로59길,2204,1089,1115,385,334,424,344,371,346,206,162,223,168,169,161,179,172,201,176,202,185
2015_3,화곡로44나길,3140,1555,1585,572,461,632,500,494,481,302,225,332,249,226,221,270,236,300,251,268,260
2015_3,화곡로31길,4584,2227,2357,1072,590,729,881,691,621,536,293,343,428,334,293,536,297,386,453,357,328
2015_3,화곡로20길,2540,1257,1283,448,380,456,416,423,417,228,191,236,207,200,195,220,189,220,209,223,222
2015_3,화곡로13길,3281,1610,1671,601,496,520,531,577,556,306,252,256,257,277,262,295,244,264,274,300,294
2015_3,초원로16길,6181,3073,3108,1270,783,1107,1008,1001,1012,652,399,556,516,485,465,618,384,551,492,516,547
2015_3,초록마을로8길,4953,2424,2529,956,686,1085,826,690,710,483,337,561,421,308,314,473,349,524,405,382,396
2015_3,초록마을로3길,2874,1406,1468,551,404,630,482,401,406,279,198,326,244,179,180,272,206,304,238,222,226
2015_3,월정로20길,1810,903,907,266,285,378,273,295,313,137,143,201,139,136,147,129,142,177,134,159,166
2015_3,우장산로6길,4982,2422,2560,1162,647,786,959,750,678,581,322,371,465,364,319,581,325,415,494,386,359
2015_3,양천로73가길,2580,1272,1308,631,323,442,507,378,299,323,160,211,253,188,137,308,163,231,254,190,162
2015_3,양천로71길,4320,2129,2191,1058,544,741,848,631,498,543,269,354,422,314,227,515,275,387,426,317,271
2015_3,양천로49길,1408,706,702,293,202,251,234,243,185,153,108,125,114,120,86,140,94,126,120,123,99
2015_3,양천로26길,1530,760,770,317,192,272,251,248,250,163,98,136,127,121,115,154,94,136,124,127,135
2015_3,양천로24길,4822,2390,2432,1000,605,862,791,780,784,515,307,430,403,376,359,485,298,432,388,404,425
2015_3,양천로24가길,3092,1534,1558,642,389,554,504,499,504,330,197,276,257,242,232,312,192,278,247,257,272
2015_3,양천로14길,3899,1928,1971,622,563,642,605,678,789,322,275,337,322,328,344,300,288,305,283,350,445
2015_3,방화대로6라길,4053,2069,1984,622,607,788,627,674,735,321,298,434,342,332,342,301,309,354,285,342,393
2015_3,방화대로21길,2547,1293,1254,423,367,488,397,420,452,219,181,264,213,207,209,204,186,224,184,213,243
2015_3,등촌로5길,1566,777,789,267,218,295,254,263,269,140,110,155,127,121,124,127,108,140,127,142,145
2015_3,등촌로55길,3278,1646,1632,617,517,525,535,574,510,336,273,268,251,278,240,281,244,257,284,296,270
2015_3,등촌로51길,2359,1184,1175,447,371,381,382,410,368,243,196,195,178,199,173,204,175,186,204,211,195
2015_3,등촌로39길,3243,1629,1614,606,512,523,531,566,505,329,271,268,250,274,237,277,241,255,281,292,268
2015_3,등촌로13길,3952,1966,1986,683,552,735,645,664,673,361,281,385,320,306,313,322,271,350,325,358,360
2015_3,남부순환로11길,3757,1917,1840,576,563,731,582,625,680,296,276,402,318,310,315,280,287,329,264,315,365
2015_3,까치산로4길,4113,2013,2100,793,572,900,685,574,589,401,280,464,348,258,262,392,292,436,337,316,327
2015_3,국회대로7길,2663,1315,1348,486,352,516,451,424,434,252,175,266,225,196,201,234,177,250,226,228,233
2015_3,공항대로8길,3775,1925,1850,580,565,735,585,628,682,299,275,404,319,311,317,281,290,331,266,317,365
2015_3,공항대로61길,3110,1522,1588,699,442,568,578,447,376,361,204,275,286,223,173,338,238,293,292,224,203
2015_3,공항대로59다길,3851,1898,1953,941,485,662,759,558,446,483,241,315,378,278,203,458,244,347,381,280,243
2015_3,공항대로59길,3232,1548,1684,551,607,684,506,453,431,292,243,343,249,227,194,259,364,341,257,226,237
2015_3,공항대로55길,3012,1445,1567,513,563,642,470,420,404,272,226,322,232,211,182,241,337,320,238,209,222
2015_3,공항대로42길,1003,485,518,229,130,160,195,151,138,114,64,75,94,74,64,115,66,85,101,77,74
2015_3,공항대로38길,246,120,126,58,32,39,47,37,33,29,16,19,23,18,15,29,16,20,24,19,18
2015_3,곰달래로60길,2080,1032,1048,357,285,391,342,347,358,188,144,204,171,159,166,169,141,187,171,188,192
2015_3,곰달래로53길,3749,1861,1888,641,517,706,615,627,643,338,261,369,307,286,300,303,256,337,308,341,343
2015_3,곰달래로47길,3853,1894,1959,732,501,761,654,590,615,375,247,388,327,272,285,357,254,373,327,318,330
2015_3,곰달래로31길,3117,1525,1592,581,404,656,511,462,503,295,198,333,257,209,233,286,206,323,254,253,270
2015_3,곰달래로25길,2790,1366,1424,480,370,617,430,419,474,247,183,316,217,185,218,233,187,301,213,234,256
2015_3,개화동로25길,2942,1455,1487,471,426,482,457,510,596,244,210,253,243,245,260,227,216,229,214,265,336
2015_3,개화동로23길,5200,2566,2634,831,754,853,805,903,1054,430,367,446,428,436,459,401,387,407,377,467,595
2015_3,강서로8길,3575,1752,1823,637,471,776,565,535,591,324,232,397,286,240,273,313,239,379,279,295,318
2015_3,강서로5라길,3497,1716,1781,692,443,702,606,514,540,351,218,354,303,238,252,341,225,348,303,276,288
2015_3,강서로5나길,1838,912,926,270,291,385,275,301,316,138,146,202,139,138,149,132,145,183,136,163,167
2015_3,강서로5가길,1425,706,719,211,220,298,215,235,246,108,110,158,109,107,114,103,110,140,106,128,132
2015_3,강서로47라길,3859,1840,2019,1055,447,615,750,521,471,517,217,288,363,254,201,538,230,327,387,267,270
2015_3,강서로47길,2878,1373,1505,788,334,459,557,389,351,386,163,217,267,190,150,402,171,242,290,199,201
2015_3,강서로45다길,3415,1661,1754,576,540,550,515,616,618,292,272,267,247,292,291,284,268,283,268,324,327
2015_3,강서로45길,861,417,444,174,125,138,143,142,139,86,62,67,69,68,65,88,63,71,74,74,74
2015_3,강서로35길,6271,3052,3219,1060,994,1010,945,1130,1132,536,501,490,454,537,534,524,493,520,491,593,598
2015_3,강서로29길,2340,1165,1175,343,371,489,350,382,405,177,186,259,177,176,190,166,185,230,173,206,215
2015_3,강서로18길,7289,3563,3726,1271,964,1599,1134,1095,1226,650,474,818,572,486,563,621,490,781,562,609,663
2015_3,강서로17가길,3255,1625,1630,479,511,682,487,531,565,247,258,362,247,244,267,232,253,320,240,287,298
2015_3,강서로15길,4750,2375,2375,700,749,991,709,779,822,361,378,526,361,360,389,339,371,465,348,419,433
2015_3,가로공원로80길,3078,1534,1544,454,485,646,459,502,532,233,245,342,233,230,251,221,240,304,226,272,281
2015_3,가로공원로76가길,3794,1893,1901,556,598,798,567,618,657,286,302,424,287,284,310,270,296,374,280,334,347
2015_3,화곡로4길,1565,773,792,314,223,246,275,265,242,160,113,123,136,128,113,154,110,123,139,137,129
2015_3,화곡로3길,2505,1234,1271,502,358,392,440,426,387,256,181,197,214,205,181,246,177,195,226,221,206
2015_3,지양로7길,4083,2029,2054,763,529,708,659,688,736,390,276,374,335,327,327,373,253,334,324,361,409
2015_3,중앙로55길,3848,1915,1933,730,499,695,598,654,672,371,256,362,303,310,313,359,243,333,295,344,359
2015_3,중앙로51길,3823,1903,1920,725,495,689,594,652,668,369,253,358,302,309,312,356,242,331,292,343,356
2015_3,중앙로47길,10206,5064,5142,2367,1242,1669,1946,1521,1461,1237,644,811,974,747,651,1130,598,858,972,774,810
2015_3,중앙로45길,5279,2618,2661,1223,641,864,1010,787,754,640,332,419,506,386,335,583,309,445,504,401,419
2015_3,중앙로36길,760,370,390,198,94,79,169,118,102,102,47,33,80,61,47,96,47,46,89,57,55
2015_3,중앙로32길,622,302,320,164,74,65,141,93,85,84,37,29,66,47,39,80,37,36,75,46,46
2015_3,중앙로25길,4051,2011,2040,938,493,661,778,603,578,491,255,321,390,297,257,447,238,340,388,306,321
2015_3,은행정로7길,3696,1826,1870,611,534,724,581,598,648,315,259,374,286,282,310,296,275,350,295,316,338
2015_3,은행정로5길,619,304,315,162,78,63,137,95,84,84,39,27,65,49,40,78,39,36,72,46,44
2015_3,오목로5길,2681,1328,1353,573,318,492,434,429,435,298,159,245,217,203,206,275,159,247,217,226,229
2015_3,오목로3길,3739,1851,1888,799,444,690,600,598,608,415,222,344,300,284,286,384,222,346,300,314,322
2015_3,오목로30길,4291,2124,2167,711,623,840,673,695,749,366,304,436,332,328,358,345,319,404,341,367,391
2015_3,오목로23길,5618,2777,2841,929,813,1102,883,912,979,480,395,571,435,430,466,449,418,531,448,482,513
2015_3,신월로20길,2235,1134,1101,401,307,322,369,425,411,211,160,173,188,209,193,190,147,149,181,216,218
2015_3,신월로15길,5674,2811,2863,1216,670,1039,918,905,926,630,335,519,459,430,438,586,335,520,459,475,488
2015_3,신목로6길,3884,1919,1965,957,542,400,844,657,484,505,268,180,397,346,223,452,274,220,447,311,261
2015_3,신목로5길,2156,1069,1087,517,310,211,463,376,279,276,155,96,218,198,126,241,155,115,245,178,153
2015_3,신목로2길,2638,1310,1328,633,377,257,566,460,345,338,188,118,266,243,157,295,189,139,300,217,188
2015_3,목동중앙서로8가길,1892,945,947,474,252,234,414,288,230,257,134,113,190,150,101,217,118,121,224,138,129
2015_3,목동중앙서로7길,4478,2239,2239,1122,598,550,981,681,546,609,317,267,451,356,239,513,281,283,530,325,307
2015_3,목동중앙북로8길,2543,1246,1297,442,411,447,408,439,396,236,205,230,189,210,176,206,206,217,219,229,220
2015_3,목동중앙북로16길,4162,2052,2110,790,653,719,711,705,584,422,329,360,337,344,260,368,324,359,374,361,324
2015_3,목동중앙본로7길,2424,1198,1226,513,358,364,460,393,336,276,183,181,212,197,149,237,175,183,248,196,187
2015_3,목동중앙로3길,2320,1160,1160,581,311,282,508,353,285,314,166,137,234,184,125,267,145,145,274,169,160
2015_3,목동중앙로13나길,1304,641,663,246,205,226,221,221,185,131,103,113,104,108,82,115,102,113,117,113,103
2015_3,목동중앙남로3가길,2293,1134,1159,498,334,334,444,368,315,268,171,167,204,184,140,230,163,167,240,184,175
2015_3,목동로9길,3104,1534,1570,512,449,612,485,502,544,265,219,316,238,237,259,247,230,296,247,265,285
2015_3,목동로19길,2505,1236,1269,415,362,491,394,406,437,215,175,254,194,191,207,200,187,237,200,215,230
2015_3,목동동로8길,1176,580,596,295,163,121,257,197,143,157,82,54,119,103,65,138,81,67,138,94,78
2015_3,목동동로12길,3560,1731,1829,958,453,436,797,540,376,491,215,192,375,279,179,467,238,244,422,261,197
2015_3,목동남로4길,1439,712,727,307,195,172,280,254,231,165,103,84,133,128,99,142,92,88,147,126,132
2015_3,남부순환로88길,611,302,309,141,75,101,116,90,88,73,39,49,58,44,39,68,36,52,58,46,49
2015_3,남부순환로79길,2667,1360,1307,470,364,368,447,522,496,248,192,200,227,260,233,222,172,168,220,262,263
2015_3,남부순환로70길,4942,2453,2489,923,643,858,796,830,892,472,336,453,405,392,395,451,307,405,391,438,497
2015_3,남부순환로58길,1704,889,815,279,231,257,310,315,312,145,122,140,169,170,143,134,109,117,141,145,169
2015_3,남부순환로40길,3192,1660,1532,530,428,484,577,590,583,273,224,262,315,318,268,257,204,222,262,272,315
2015_3,남부순환로33길,4036,1994,2042,811,577,628,712,683,625,415,292,316,348,331,292,396,285,312,364,352,333
2015_3,곰달래로5길,3861,1976,1885,665,520,630,661,713,672,341,267,342,343,371,312,324,253,288,318,342,360
2015_3,곰달래로3길,3506,1794,1712,604,474,573,600,647,608,309,244,309,311,338,283,295,230,264,289,309,325
2015_3,곰달래로2길,3926,2013,1913,677,529,640,672,728,680,349,271,349,350,378,316,328,258,291,322,350,364
2015_3,곰달래로10길,4042,2065,1977,695,550,659,691,745,702,356,282,356,356,389,326,339,268,303,335,356,376
2015_3,가로공원로58길,3261,1697,1564,543,441,490,587,604,596,280,230,266,321,325,275,263,211,224,266,279,321
2015_3,효창원로93길,3994,1940,2054,680,569,681,715,616,733,349,279,343,356,301,312,331,290,338,359,315,421
2015_3,토정로37길,834,399,435,172,99,156,164,112,131,87,48,71,84,55,54,85,51,85,80,57,77
2015_3,월드컵로8길,1988,914,1074,232,433,469,306,240,308,113,180,216,150,116,139,119,253,253,156,124,169
2015_3,월드컵로7길,2500,1205,1295,404,441,548,360,335,412,209,199,278,180,155,184,195,242,270,180,180,228
2015_3,월드컵로36길,3808,1849,1959,824,457,664,719,519,625,429,228,324,362,252,254,395,229,340,357,267,371
2015_3,월드컵로25길,3299,1597,1702,643,426,623,592,462,553,324,202,304,300,221,246,319,224,319,292,241,307
2015_3,월드컵로19길,2251,1095,1156,371,325,462,384,321,388,190,153,234,197,153,168,181,172,228,187,168,220
2015_3,월드컵로16길,2516,1170,1346,311,519,583,396,310,397,156,218,271,195,150,180,155,301,312,201,160,217
2015_3,월드컵로11길,2773,1349,1424,458,404,571,471,392,477,235,191,290,241,187,205,223,213,281,230,205,272
2015_3,월드컵로10길,1858,858,1000,216,403,439,284,225,291,108,167,204,140,108,131,108,236,235,144,117,160
2015_3,와우산로3길,2716,1301,1415,466,500,525,460,374,391,236,238,246,230,179,172,230,262,279,230,195,219
2015_3,와우산로29길,1085,502,583,127,236,256,165,132,169,63,98,119,82,64,76,64,138,137,83,68,93
2015_3,와우산로29가길,783,360,423,89,170,185,121,95,123,44,70,86,59,45,56,45,100,99,62,50,67
2015_3,양화진길,1668,801,867,268,293,366,242,225,274,136,133,186,121,103,122,132,160,180,121,122,152
2015_3,양화로1길,3066,1476,1590,496,540,671,446,410,503,256,244,340,223,187,226,240,296,331,223,223,277
2015_3,양화로11길,818,377,441,96,177,192,125,100,128,47,73,89,62,48,58,49,104,103,63,52,70
2015_3,신촌로30길,866,423,443,133,121,164,140,145,163,67,60,82,73,73,68,66,61,82,67,72,95
2015_3,신촌로28가길,1662,809,853,260,230,318,267,274,313,130,112,159,137,138,133,130,118,159,130,136,180
2015_3,신촌로12길,1877,881,996,261,386,411,299,238,282,131,170,191,148,115,126,130,216,220,151,123,156
2015_3,숭문길,2846,1401,1445,426,460,474,489,447,550,215,230,246,253,221,236,211,230,228,236,226,314
2015_3,숭문8길,2502,1231,1271,392,379,404,441,399,487,197,191,210,227,198,208,195,188,194,214,201,279
2015_3,성지3길,1514,730,784,245,267,331,218,204,249,127,120,168,109,95,111,118,147,163,109,109,138
2015_3,성산로4길,3183,1527,1656,539,455,615,564,471,539,276,219,300,273,223,236,263,236,315,291,248,303
2015_3,성미산로32길,1431,682,749,194,251,309,230,199,248,101,115,154,115,90,107,93,136,155,115,109,141
2015_3,성미산로1길,3359,1618,1741,572,479,650,598,496,564,294,234,317,291,235,247,278,245,333,307,261,317
2015_3,성미산로11길,3905,1874,2031,636,579,776,681,570,663,326,278,381,333,267,289,310,301,395,348,303,374
2015_3,백범로16길,1496,732,764,194,293,267,239,223,280,100,142,136,125,110,119,94,151,131,114,113,161
2015_3,방울내로9안길,5021,2431,2590,981,649,951,902,703,835,493,308,463,458,337,372,488,341,488,444,366,463
2015_3,모래내로7길,3162,1536,1626,686,383,551,595,430,517,357,191,268,300,210,210,329,192,283,295,220,307
2015_3,매봉산로2길,5307,2589,2718,1413,568,917,1040,649,720,721,285,417,533,320,313,692,283,500,507,329,407
2015_3,망원로2길,4590,2236,2354,760,666,944,778,652,790,392,315,478,399,312,340,368,351,466,379,340,450
2015_3,망원로11길,1713,829,884,334,223,325,307,238,286,168,106,159,156,113,127,166,117,166,151,125,159
2015_3,만리재옛길,3441,1673,1768,561,509,590,612,536,633,281,250,300,307,266,269,280,259,290,305,270,364
2015_3,마포대로4길,1198,575,623,216,159,213,201,184,225,112,75,104,99,89,96,104,84,109,102,95,129
2015_3,마포대로20길,1477,718,759,240,218,253,262,230,274,120,107,129,133,112,117,120,111,124,129,118,157
2015_3,마포대로12길,448,218,230,68,63,88,71,74,84,34,30,44,37,37,36,34,33,44,34,37,48
2015_3,동교로38길,2313,1099,1214,304,420,507,370,316,396,158,189,250,185,145,172,146,231,257,185,171,224
2015_3,동교로27길,3098,1471,1627,409,557,683,493,423,533,214,251,335,247,193,231,195,306,348,246,230,302
2015_3,동교로25길,1628,774,854,215,295,354,261,224,279,111,133,175,131,103,121,104,162,179,130,121,158
2015_3,동교로19길,1979,923,1056,266,382,439,321,255,316,134,163,206,157,122,141,132,219,233,164,133,175
2015_3,동교로17길,1826,847,979,222,384,423,285,226,286,111,161,197,140,109,129,111,223,226,145,117,157
2015_3,독막로8길,1716,825,891,275,300,377,252,230,282,142,135,192,126,104,126,133,165,185,126,126,156
2015_3,독막로32길,3261,1612,1649,600,472,592,567,466,564,308,252,295,292,220,245,292,220,297,275,246,319
2015_3,독막로22길,881,423,458,151,163,169,150,122,126,76,78,80,75,59,55,75,85,89,75,63,71
2015_3,도화길,1011,485,526,183,135,179,170,155,189,97,63,86,84,75,80,86,72,93,86,80,109
2015_3,도화4길,4134,1991,2143,743,558,730,694,633,776,391,265,353,344,306,332,352,293,377,350,327,444
2015_3,대흥로28길,2760,1357,1403,420,435,459,478,434,534,212,217,237,247,214,230,208,218,222,231,220,304
2015_3,대흥로21길,7380,3609,3771,852,1640,1375,1100,1077,1336,445,780,695,589,526,574,407,860,680,511,551,762
2015_3,광성로6길,1875,924,951,325,293,344,319,269,325,167,153,172,164,128,140,158,140,172,155,141,185
2015_3,홍제내길,3543,1708,1835,616,454,581,614,563,715,315,230,295,299,262,307,301,224,286,315,301,408
2015_3,홍연길,1457,709,748,231,264,244,238,206,274,118,136,121,117,96,121,113,128,123,121,110,153
2015_3,통일로39길,1727,833,894,303,221,282,301,274,346,155,114,143,146,126,149,148,107,139,155,148,197
2015_3,통일로37길,1520,733,787,264,195,250,264,242,305,135,99,127,129,113,130,129,96,123,135,129,175
2015_3,통일로11길,416,202,214,81,50,68,74,62,81,41,26,33,38,31,33,40,24,35,36,31,48
2015_3,충정로6길,603,297,306,91,88,95,103,104,122,47,44,49,53,52,52,44,44,46,50,52,70
2015_3,충정로4길,240,119,121,35,34,38,42,42,49,18,17,21,21,21,21,17,17,17,21,21,28
2015_3,증가로6길,4149,2038,2111,748,591,608,729,680,793,386,305,307,364,326,350,362,286,301,365,354,443
2015_3,증가로23나길,5253,2587,2666,957,706,858,912,829,991,490,362,441,454,394,446,467,344,417,458,435,545
2015_3,증가로20가길,4120,2033,2087,739,559,650,720,650,802,381,290,332,359,314,357,358,269,318,361,336,445
2015_3,증가로10길,4062,2002,2060,721,573,595,716,652,805,371,299,302,358,320,352,350,274,293,358,332,453
2015_3,응암로1길,3315,1634,1681,605,443,542,575,523,627,311,226,281,286,248,282,294,217,261,289,275,345
2015_3,연희로10길,2475,1206,1269,386,448,414,405,353,469,200,229,205,199,167,206,186,219,209,206,186,263
2015_3,신촌로37길,771,374,397,118,110,126,138,124,155,60,56,64,69,62,63,58,54,62,69,62,92
2015_3,수색로8길,8864,4353,4511,1855,1081,1611,1540,1304,1473,961,538,791,781,623,659,894,543,820,759,681,814
2015_3,세무서길,4676,2285,2391,791,587,670,821,761,1046,404,295,355,416,366,449,387,292,315,405,395,597
2015_3,세무서2길,3079,1489,1590,543,415,456,538,522,605,278,208,230,266,249,258,265,207,226,272,273,347
2015_3,세검정로1길,1158,572,586,205,154,157,206,195,241,104,79,82,105,97,105,101,75,75,101,98,136
2015_3,북아현로4길,3241,1577,1664,491,458,535,583,518,656,248,233,272,291,263,270,243,225,263,292,255,386
2015_3,모래내로15길,3096,1529,1567,545,433,449,549,488,632,281,230,227,275,244,272,264,203,222,274,244,360
2015_3,명지대길,2694,1328,1366,478,380,392,476,432,536,247,199,198,238,213,233,231,181,194,238,219,303
2015_3,독립문로8길,4233,2056,2177,791,521,686,754,646,835,405,264,339,384,318,346,386,257,347,370,328,489
2015_3,가재울로6길,3292,1628,1664,579,459,479,584,522,669,297,244,243,292,262,290,282,215,236,292,260,379
2015_3,통일로92길,4243,2091,2152,656,586,661,711,723,906,347,298,353,349,341,403,309,288,308,362,382,503
2015_3,통일로87길,1845,915,930,317,265,286,312,311,354,165,137,152,154,149,158,152,128,134,158,162,196
2015_3,통일로78길,3325,1640,1685,516,458,519,559,568,705,273,232,278,274,271,312,243,226,241,285,297,393
2015_3,통일로69길,1561,748,813,257,224,284,257,240,299,128,103,144,128,112,133,129,121,140,129,128,166
2015_3,진흥로1길,3826,1856,1970,723,503,693,658,583,666,368,247,347,326,277,291,355,256,346,332,306,375
2015_3,진흥로12길,6120,2966,3154,983,795,1092,1019,967,1264,503,389,557,514,454,549,480,406,535,505,513,715
2015_3,증산서길,2701,1345,1356,479,341,451,459,448,523,251,176,230,231,215,242,228,165,221,228,233,281
2015_3,증산로9길,3513,1747,1766,622,446,585,598,581,681,324,230,299,300,280,314,298,216,286,298,301,367
2015_3,증산로5길,2586,1291,1295,456,327,432,438,433,500,239,169,221,222,210,230,217,158,211,216,223,270
2015_3,증산로21길,5752,2815,2937,1046,796,1031,951,923,1005,537,399,524,471,428,456,509,397,507,480,495,549
2015_3,증산로17길,1602,803,799,308,210,244,283,265,292,165,110,126,139,132,131,143,100,118,144,133,161
2015_3,증산로15길,2204,1104,1100,419,288,342,386,365,404,224,150,176,191,180,183,195,138,166,195,185,221
2015_3,증산로13길,2538,1264,1274,454,323,421,433,419,488,238,166,214,217,203,226,216,157,207,216,216,262
2015_3,응암로34길,5792,2844,2948,1156,685,1039,1019,853,1040,613,347,512,514,409,449,543,338,527,505,444,591
2015_3,응암로22길,4652,2303,2349,905,537,823,822,701,864,480,282,407,418,342,374,425,255,416,404,359,490
2015_3,응암로14길,1966,974,992,314,264,314,338,323,413,167,135,164,172,157,179,147,129,150,166,166,234
2015_3,응암로13길,1396,692,704,225,189,221,239,230,292,119,98,115,122,112,126,106,91,106,117,118,166
2015_3,응암로12길,1251,619,632,202,169,197,214,208,261,107,87,102,108,102,113,95,82,95,106,106,148
2015_3,은평로8길,2468,1201,1267,475,314,433,429,369,448,251,154,214,214,175,193,224,160,219,215,194,255
2015_3,은평로3길,2419,1180,1239,450,327,434,406,379,423,230,164,219,199,178,190,220,163,215,207,201,233
2015_3,은평로20길,2304,1120,1184,452,292,406,402,340,412,238,142,202,200,160,178,214,150,204,202,180,234
2015_3,은평로13길,2904,1408,1496,498,372,517,491,452,574,257,181,261,246,214,249,241,191,256,245,238,325
2015_3,은평로10길,3422,1663,1759,669,433,601,597,511,611,353,210,298,298,241,263,316,223,303,299,270,348
2015_3,연서로5길,2793,1353,1440,529,368,508,478,424,486,268,180,255,237,199,214,261,188,253,241,225,272
2015_3,연서로41길,2686,1318,1368,415,371,415,451,462,572,219,188,221,221,218,251,196,183,194,230,244,321
2015_3,연서로3길,3648,1769,1879,690,480,664,624,554,636,349,235,334,308,262,281,341,245,330,316,292,355
2015_3,연서로34길,2048,1015,1033,314,284,318,344,349,439,168,144,172,169,167,195,146,140,146,175,182,244
2015_3,연서로33길,1469,729,740,227,203,228,248,252,311,122,103,123,122,122,137,105,100,105,126,130,174
2015_3,연서로29길,1192,590,602,206,172,183,201,203,227,107,90,97,99,97,100,99,82,86,102,106,127
2015_3,연서로28길,4024,1920,2104,660,576,730,667,620,771,324,266,370,330,289,341,336,310,360,337,331,430
2015_3,연서로27길,2812,1362,1450,549,394,461,500,435,473,280,191,238,237,206,210,269,203,223,263,229,263
2015_3,연서로21길,4237,2045,2192,828,589,695,755,654,716,422,286,356,355,310,316,406,303,339,400,344,400
2015_3,연서로17길,1988,958,1030,389,277,324,352,310,336,198,134,165,165,147,149,191,143,159,187,163,187
2015_3,연서로16길,5229,2532,2697,988,688,952,899,794,908,499,337,479,443,373,401,489,351,473,456,421,507
2015_3,연서로13길,4591,2341,2250,859,584,669,806,781,892,428,290,348,409,409,457,431,294,321,397,372,435
2015_3,연서로11길,3565,1786,1779,673,458,562,619,583,670,337,226,291,310,294,328,336,232,271,309,289,342
2015_3,역말로9길,5418,2593,2825,888,777,990,892,832,1039,440,359,504,444,387,459,448,418,486,448,445,580
2015_3,수색로18길,2656,1336,1320,428,355,405,432,471,565,226,186,218,228,235,243,202,169,187,204,236,322
2015_3,서오릉로8길,2837,1357,1480,467,406,518,467,436,543,232,187,263,232,203,240,235,219,255,235,233,303
2015_3,서오릉로21길,4263,2177,2086,800,536,626,749,723,829,399,265,327,380,379,427,401,271,299,369,344,402
2015_3,불광천길,3758,1858,1900,604,507,596,645,618,788,320,261,308,329,300,340,284,246,288,316,318,448
2015_3,갈현로7길,2901,1416,1485,547,382,515,499,449,509,278,188,260,247,214,229,269,194,255,252,235,280
2015_3,갈현로41길,3451,1707,1744,593,500,534,582,582,660,310,261,281,285,277,293,283,239,253,297,305,367
2015_3,갈현로33길,3795,1857,1938,693,538,602,658,615,689,360,271,312,315,292,307,333,267,290,343,323,382
2015_3,갈현로1길,2316,1135,1181,423,321,411,383,372,406,217,161,208,190,174,185,206,160,203,193,198,221
2015_3,가좌로7길,2864,1415,1449,464,387,457,490,469,597,244,199,236,249,227,260,220,188,221,241,242,337
2015_3,한글비석로44길,4105,2012,2093,768,567,576,731,689,774,394,296,297,354,335,336,374,271,279,377,354,438
2015_3,한글비석로24길,3282,1612,1670,611,450,461,579,553,628,313,235,238,280,272,274,298,215,223,299,281,354
2015_3,한글비석로22길,2008,984,1024,424,257,255,386,325,361,224,136,131,186,159,148,200,121,124,200,166,213
2015_3,석계로1길,1405,721,684,239,222,232,217,225,270,125,129,119,112,111,125,114,93,113,105,114,145
2015_3,상계로9가길,2930,1441,1489,545,440,395,522,518,510,275,222,201,252,256,235,270,218,194,270,262,275
2015_3,상계로1길,1087,539,548,203,169,142,194,198,181,103,84,74,94,98,86,100,85,68,100,100,95
2015_3,상계로12길,3699,1834,1865,688,575,492,663,670,611,351,286,253,319,334,291,337,289,239,344,336,320
2015_3,동일로242길,2842,1399,1443,553,407,408,489,502,483,291,208,200,232,245,223,262,199,208,257,257,260
2015_3,동일로192길,2986,1468,1518,504,499,531,460,484,508,260,250,274,230,225,229,244,249,257,230,259,279
2015_3,동일로173가길,3675,1810,1865,622,614,651,566,596,626,322,311,336,283,276,282,300,303,315,283,320,344
2015_3,공릉로58길,2111,1020,1091,453,323,230,401,376,328,249,172,112,179,185,123,204,151,118,222,191,205
2015_3,해등로16길,823,405,418,155,122,128,138,145,135,81,62,64,66,69,63,74,60,64,72,76,72
2015_3,우이천로4다길,2325,1170,1155,425,292,364,416,378,450,224,152,189,213,189,203,201,140,175,203,189,247
2015_3,우이천로32길,2802,1373,1429,511,374,389,478,481,569,256,187,200,241,227,262,255,187,189,237,254,307
2015_3,시루봉로23길,3656,1864,1792,508,469,522,565,676,916,267,246,292,292,338,429,241,223,230,273,338,487
2015_3,삼양로144길,1543,756,787,273,204,216,262,264,324,139,102,111,131,125,148,134,102,105,131,139,176
2015_3,방학로6가길,2242,1124,1118,391,325,313,382,422,409,205,170,161,190,206,192,186,155,152,192,216,217
2015_3,방학로5길,3699,1810,1889,640,520,583,617,631,708,338,263,302,294,295,318,302,257,281,323,336,390
2015_3,방학로15길,3460,1695,1765,737,498,435,621,640,529,393,262,205,290,309,236,344,236,230,331,331,293
2015_3,방학로10길,2159,1092,1067,384,287,292,389,383,424,204,152,157,200,188,191,180,135,135,189,195,233
2015_3,도봉산길,1753,894,859,243,225,250,269,324,442,127,118,140,139,162,208,116,107,110,130,162,234
2015_3,도봉산4길,516,259,257,70,67,74,77,94,134,36,34,40,39,47,63,34,33,34,38,47,71
2015_3,도봉로181길,2019,1030,989,283,259,286,312,371,508,149,134,161,160,186,240,134,125,125,152,185,268
2015_3,도봉로169나길,2241,1142,1099,311,286,317,345,415,567,165,148,179,175,209,266,146,138,138,170,206,301
2015_3,도봉로156길,2246,1114,1132,377,278,356,333,407,495,196,144,179,170,193,232,181,134,177,163,214,263
2015_3,도봉로152가길,1301,646,655,219,161,207,193,234,287,113,84,105,98,111,135,106,77,102,95,123,152
2015_3,도봉로147길,5055,2534,2521,883,728,704,861,953,926,465,378,364,426,466,435,418,350,340,435,487,491
2015_3,도봉로143길,1945,976,969,338,279,274,332,365,357,178,147,142,163,178,168,160,132,132,169,187,189
2015_3,도봉로114길,7651,3722,3929,1522,978,1232,1390,1223,1306,783,497,611,674,575,582,739,481,621,716,648,724
2015_3,도봉로109길,2138,1047,1091,339,308,360,340,357,434,177,150,187,171,162,200,162,158,173,169,195,234
2015_3,도당로29길,2894,1458,1436,486,413,406,488,543,558,256,216,214,244,266,262,230,197,192,244,277,296
2015_3,도당로19길,4177,2108,2069,712,573,578,724,761,829,375,301,308,367,374,383,337,272,270,357,387,446
2015_3,도당로13바길,3363,1706,1657,596,449,451,610,595,662,317,241,243,313,293,299,279,208,208,297,302,363
2015_3,도당로13가길,1410,716,694,250,188,191,255,248,278,132,101,104,131,123,125,118,87,87,124,125,153
2015_3,덕릉로60길,2100,1057,1043,382,264,328,377,342,407,201,137,171,194,171,183,181,127,157,183,171,224
2015_3,노해로63다길,1897,930,967,362,279,295,316,334,311,188,141,147,152,157,145,174,138,148,164,177,166
2015_3,노해로60길,2272,1113,1159,360,323,383,364,378,464,189,157,200,183,171,213,171,166,183,181,207,251
2015_3,한천로140길,1903,946,957,257,285,332,310,314,405,136,143,177,155,151,184,121,142,155,155,163,221
2015_3,한천로139가길,1625,808,817,218,244,284,263,273,343,115,122,152,132,131,156,103,122,132,131,142,187
2015_3,한천로132길,1781,881,900,272,267,314,301,280,347,142,129,163,157,133,157,130,138,151,144,147,190
2015_3,한천로130길,3574,1774,1800,543,535,631,603,563,699,282,259,330,316,272,315,261,276,301,287,291,384
2015_3,한천로124나길,1890,938,952,285,283,332,321,300,369,148,137,172,169,144,168,137,146,160,152,156,201
2015_3,한천로109길,1831,884,947,329,206,288,293,268,447,169,105,149,152,127,182,160,101,139,141,141,265
2015_3,인수봉로79길,3225,1586,1639,525,413,480,523,556,728,276,206,256,260,264,324,249,207,224,263,292,404
2015_3,인수봉로72길,3857,1890,1967,628,498,576,624,665,866,329,249,306,310,314,382,299,249,270,314,351,484
2015_3,인수봉로56길,2235,1097,1138,367,288,332,358,386,504,192,144,177,178,182,224,175,144,155,180,204,280
2015_3,오패산로67길,2272,1127,1145,346,340,398,386,355,447,180,163,208,203,171,202,166,177,190,183,184,245
2015_3,오패산로52길,2759,1351,1408,422,379,440,457,477,584,216,193,230,228,227,257,206,186,210,229,250,327
2015_3,오패산로30길,1189,579,610,183,165,188,197,206,250,92,82,99,98,96,112,91,83,89,99,110,138
2015_3,수유로12길,2285,1148,1137,370,317,352,376,392,478,193,161,191,196,190,217,177,156,161,180,202,261
2015_3,솔샘로65길,2923,1462,1461,438,383,437,501,529,635,222,200,233,259,264,284,216,183,204,242,265,351
2015_3,솔매로50길,2473,1213,1260,369,355,394,412,431,512,189,179,208,203,205,229,180,176,186,209,226,283
2015_3,솔매로45길,2427,1198,1229,350,355,386,407,431,498,183,179,203,203,207,223,167,176,183,204,224,275
2015_3,솔매로41길,4039,2003,2036,611,572,642,683,708,823,320,291,337,343,344,368,291,281,305,340,364,455
2015_3,삼양로93길,3048,1493,1555,498,396,454,491,526,683,260,197,241,244,248,303,238,199,213,247,278,380
2015_3,삼양로77길,3701,1861,1840,600,512,573,611,633,772,310,260,310,319,309,353,290,252,263,292,324,419
2015_3,삼양로54길,4325,2157,2168,641,592,659,734,774,925,332,307,348,377,382,411,309,285,311,357,392,514
2015_3,삼양로41길,5569,2798,2771,1021,686,883,980,905,1094,537,360,458,506,450,487,484,326,425,474,455,607
2015_3,삼양로27길,575,279,296,149,58,101,118,74,75,76,29,48,60,35,31,73,29,53,58,39,44
2015_3,삼양로24길,2792,1397,1395,418,372,418,477,504,603,213,194,222,247,252,269,205,178,196,230,252,334
2015_3,삼양로20길,2717,1360,1357,409,361,405,465,490,587,210,189,216,240,244,261,199,172,189,225,246,326
2015_3,삼각산로28길,3929,1954,1975,527,589,684,637,656,836,280,295,364,320,313,382,247,294,320,317,343,454
2015_3,도봉로99길,2542,1264,1278,342,380,444,415,423,538,181,191,236,208,202,246,161,189,208,207,221,292
2015_3,도봉로8길,276,134,142,42,38,45,46,48,57,21,19,24,22,22,26,21,19,21,24,26,31
2015_3,도봉로76길,3163,1561,1602,457,465,502,529,561,649,239,235,263,263,270,291,218,230,239,266,291,358
2015_3,도봉로67길,1964,977,987,316,269,313,335,336,395,165,138,163,170,164,177,151,131,150,165,172,218
2015_3,도봉로45길,3809,1887,1922,554,544,598,641,680,792,289,278,313,323,330,354,265,266,285,318,350,438
2015_3,도봉로18길,3597,1751,1846,554,500,567,595,624,757,278,248,299,295,292,339,276,252,268,300,332,418
2015_3,도봉로13길,1754,879,875,260,236,262,301,319,376,133,123,139,157,159,168,127,113,123,144,160,208
2015_3,덕릉로41길,2543,1260,1283,388,382,447,432,396,498,202,185,233,226,190,224,186,197,214,206,206,274
2015_3,덕릉로40길,3086,1518,1568,515,386,486,507,506,686,269,207,257,252,247,286,246,179,229,255,259,400
2015_3,노해로33길,2981,1469,1512,484,393,452,478,510,664,252,203,239,239,241,295,232,190,213,239,269,369
2015_3,노해로23길,1369,673,696,224,180,207,218,233,307,115,94,109,109,110,136,109,86,98,109,123,171
2015_3,노해로17길,2601,1293,1308,352,390,452,420,436,551,186,196,242,210,209,250,166,194,210,210,227,301
2015_3,화랑로40길,1630,822,808,262,230,264,270,280,324,138,118,138,138,139,151,124,112,126,132,141,173
2015_3,화랑로32길,4126,2078,2048,666,580,671,681,710,818,349,298,349,350,350,382,317,282,322,331,360,436
2015_3,화랑로1길,2583,1268,1315,531,293,441,459,401,458,266,148,214,241,193,206,265,145,227,218,208,252
2015_3,화랑로19길,3053,1524,1529,522,433,473,519,499,607,268,216,245,271,247,277,254,217,228,248,252,330
2015_3,화랑로14길,1953,967,986,344,297,320,323,301,368,177,141,160,173,149,167,167,156,160,150,152,201
2015_3,화랑로13길,920,455,465,165,136,151,154,141,173,84,65,75,82,70,79,81,71,76,72,71,94
2015_3,한천로76길,2139,1080,1059,346,300,347,356,367,423,182,152,182,183,183,198,164,148,165,173,184,225
2015_3,한천로101가길,4460,2255,2205,772,575,636,808,773,896,402,305,344,409,384,411,370,270,292,399,389,485
2015_3,창경궁로43길,1292,625,667,204,231,206,214,183,254,105,115,104,103,88,110,99,116,102,111,95,144
2015_3,지봉로20길,2930,1435,1495,438,479,512,509,462,530,221,234,267,256,226,231,217,245,245,253,236,299
2015_3,종암로5길,1959,979,980,391,284,320,350,287,327,206,150,161,179,142,141,185,134,159,171,145,186
2015_3,종암로24가길,2730,1362,1368,545,395,445,484,402,459,286,209,224,248,198,197,259,186,221,236,204,262
2015_3,종암로21길,1362,681,681,273,197,222,241,202,227,145,104,112,124,99,97,128,93,110,117,103,130
2015_3,종암로19길,1751,875,876,348,254,283,313,259,294,182,134,142,162,128,127,166,120,141,151,131,167
2015_3,종암로16길,3816,1907,1909,764,554,617,676,565,640,403,294,311,346,278,275,361,260,306,330,287,365
2015_3,정릉로8길,1759,878,881,268,288,259,272,286,386,139,159,144,133,136,167,129,129,115,139,150,219
2015_3,정릉로27길,3179,1574,1605,609,382,519,538,502,629,322,196,261,273,238,284,287,186,258,265,264,345
2015_3,정릉로26길,450,223,227,86,55,72,77,72,88,45,28,37,39,34,40,41,27,35,38,38,48
2015_3,장위로50길,2407,1227,1180,410,295,337,432,423,510,213,161,177,221,216,239,197,134,160,211,207,271
2015_3,장월로1길,2541,1254,1287,446,382,416,421,396,480,229,182,208,222,196,217,217,200,208,199,200,263
2015_3,인촌로6길,587,287,300,86,97,101,103,94,106,43,48,52,52,46,46,43,49,49,51,48,60
2015_3,인촌로5길,2011,958,1053,274,503,339,298,265,332,142,225,174,150,125,142,132,278,165,148,140,190
2015_3,인촌로24길,740,379,361,99,196,117,109,100,119,53,104,66,56,50,50,46,92,51,53,50,69
2015_3,개운사길,1124,567,557,152,296,178,166,150,182,81,153,97,85,72,79,71,143,81,81,78,103
2015_3,인촌로1길,1634,799,835,251,268,283,283,257,292,126,132,147,143,125,126,125,136,136,140,132,166
2015_3,인촌로17가길,2061,1047,1014,275,541,329,303,280,333,148,280,182,156,138,143,127,261,147,147,142,190
2015_3,오패산로4길,3417,1689,1728,599,518,561,568,530,641,308,246,280,302,262,291,291,272,281,266,268,350
2015_3,오패산로3길,3584,1756,1828,739,414,612,636,552,631,370,207,296,333,269,281,369,207,316,303,283,350
2015_3,오패산로19길,2094,1031,1063,432,237,359,374,323,369,217,119,175,198,157,165,215,118,184,176,166,204
2015_3,안암로5길,2624,1331,1293,349,688,420,387,357,423,188,355,232,199,175,182,161,333,188,188,182,241
2015_3,아리랑로4길,3419,1500,1919,485,791,620,512,429,582,238,276,290,252,197,247,247,515,330,260,232,335
2015_3,솔샘로6길,2135,1067,1068,329,352,311,330,347,466,172,195,174,162,164,200,157,157,137,168,183,266
2015_3,성북로8길,1334,641,693,214,205,217,228,197,273,110,96,106,112,96,121,104,109,111,116,101,152
2015_3,삼양로8길,3761,1855,1906,629,505,616,632,628,751,333,257,309,320,302,334,296,248,307,312,326,417
2015_3,삼선교로16가길,1146,555,591,196,186,193,202,165,204,102,88,97,102,79,87,94,98,96,100,86,117
2015_3,삼선교로10다길,1860,902,958,316,301,314,327,273,329,162,142,158,166,133,141,154,159,156,161,140,188
2015_3,삼선교로10길,1395,676,719,237,226,236,246,203,247,122,106,119,125,98,106,115,120,117,121,105,141
2015_3,보문로32길,1662,733,929,236,386,301,245,212,282,117,137,140,122,98,119,119,249,161,123,114,163
2015_3,보문로31길,1958,952,1006,336,318,330,345,286,343,174,151,167,174,138,148,162,167,163,171,148,195
2015_3,보문로26길,1795,912,883,239,473,286,263,245,289,129,245,158,135,120,125,110,228,128,128,125,164
2015_3,보문로13길,2791,1374,1417,417,459,484,483,446,502,209,228,253,247,218,219,208,231,231,236,228,283
2015_3,보국문로16길,2960,1451,1509,585,357,499,529,446,544,303,176,244,274,211,243,282,181,255,255,235,301
2015_3,동소문로6길,262,125,137,46,42,46,46,37,45,23,19,23,23,18,19,23,23,23,23,19,26
2015_3,동소문로2길,323,157,166,55,53,54,56,46,59,28,26,27,28,22,26,27,27,27,28,24,33
2015_3,동소문로26가길,2153,952,1201,308,498,388,324,270,365,152,176,181,161,126,156,156,322,207,163,144,209
2015_3,동소문로15길,1139,502,637,162,263,206,171,144,193,80,92,97,85,66,82,82,171,109,86,78,111
2015_3,동소문로13길,2026,955,1071,322,343,338,339,291,393,164,147,165,168,138,173,158,196,173,171,153,220
2015_3,돌곶이로8길,1715,861,854,274,240,277,286,296,342,144,122,144,146,146,159,130,118,133,140,150,183
2015_3,돌곶이로41길,2034,1012,1022,353,273,292,366,348,402,180,142,159,183,168,180,173,131,133,183,180,222
2015_3,돌곶이로28길,2055,1037,1018,342,261,296,365,358,433,175,137,159,189,178,199,167,124,137,176,180,234
2015_3,돌곶이로27길,3092,1556,1536,507,405,451,543,537,649,256,211,249,280,263,297,251,194,202,263,274,352
2015_3,돌곶이로22길,1358,683,675,218,192,222,226,232,268,115,99,114,115,115,125,103,93,108,111,117,143
2015_3,돌곶이로14길,1533,772,761,246,217,251,252,265,302,130,111,130,130,131,140,116,106,121,122,134,162
2015_3,길음로7길,2013,974,1039,502,209,389,386,253,274,256,101,177,203,117,120,246,108,212,183,136,154
2015_3,중랑천로10길,2799,1410,1389,449,400,475,506,479,490,231,200,254,264,239,222,218,200,221,242,240,268
2015_3,용마산로94길,3577,1793,1784,559,529,584,611,637,657,281,274,310,312,315,301,278,255,274,299,322,356
2015_3,용마산로118길,1727,875,852,275,253,270,284,325,320,140,131,145,145,165,149,135,122,125,139,160,171
2015_3,용마산로112길,2819,1422,1397,447,408,440,463,538,523,226,208,234,237,275,242,221,200,206,226,263,281
2015_3,용마산로100길,3463,1748,1715,582,476,520,625,628,632,288,242,277,323,325,293,294,234,243,302,303,339
2015_3,신내로7가길,810,400,410,169,119,115,145,140,122,88,61,57,70,70,54,81,58,58,75,70,68
2015_3,사가정로54길,3484,1743,1741,540,515,578,572,625,654,280,260,306,288,313,296,260,255,272,284,312,358
2015_3,사가정로42길,3205,1603,1602,495,472,535,526,577,600,256,239,282,265,290,271,239,233,253,261,287,329
2015_3,봉화산로56길,4511,2221,2290,999,605,732,717,735,723,509,309,362,350,362,329,490,296,370,367,373,394
2015_3,봉화산로4길,5170,2672,2498,691,750,791,893,1036,1009,368,387,428,479,545,465,323,363,363,414,491,544
2015_3,봉화산로30길,3385,1683,1702,634,497,547,557,595,555,331,252,284,273,290,253,303,245,263,284,305,302
2015_3,봉우재로33길,2843,1441,1402,347,475,538,440,507,536,186,228,288,235,252,252,161,247,250,205,255,284
2015_3,면목로78길,6286,3151,3135,980,956,1062,1108,1065,1115,511,478,567,566,526,503,469,478,495,542,539,612
2015_3,면목로56길,3371,1691,1680,528,504,562,584,585,608,272,257,298,298,289,277,256,247,264,286,296,331
2015_3,면목로55길,1853,931,922,293,277,306,320,322,335,150,141,164,164,159,153,143,136,142,156,163,182
2015_3,면목로49길,3082,1545,1537,482,454,505,526,549,566,243,236,268,268,271,259,239,218,237,258,278,307
2015_3,면목로48길,3495,1752,1743,549,515,568,594,624,645,278,267,301,302,308,296,271,248,267,292,316,349
2015_3,면목로45길,1887,946,941,295,280,309,321,336,346,148,145,164,164,166,159,147,135,145,157,170,187
2015_3,면목로33길,3360,1671,1689,545,501,569,570,543,632,285,227,305,304,271,279,260,274,264,266,272,353
2015_3,면목로21길,2300,1143,1157,378,340,393,394,365,430,199,150,211,212,182,189,179,190,182,182,183,241
2015_3,망우로73길,2090,1057,1033,332,303,326,343,395,391,169,155,175,175,201,182,163,148,151,168,194,209
2015_3,망우로68길,2881,1456,1425,457,423,450,474,543,534,231,215,241,243,276,250,226,208,209,231,267,284
2015_3,동일로163길,3642,1826,1816,582,523,634,589,623,691,309,255,333,302,302,325,273,268,301,287,321,366
2015_3,동일로157길,2756,1380,1376,444,393,477,448,470,524,236,191,251,229,229,244,208,202,226,219,241,280
2015_3,동일로149길,3053,1529,1524,490,438,531,493,520,581,260,214,279,252,252,272,230,224,252,241,268,309
2015_3,동일로140길,2405,1195,1210,428,351,411,384,419,412,221,175,216,190,201,192,207,176,195,194,218,220
2015_3,동일로139길,2644,1370,1274,352,382,402,460,532,516,187,199,219,247,280,238,165,183,183,213,252,278
2015_3,동일로139가길,1595,815,780,235,228,261,268,300,303,125,115,139,142,152,142,110,113,122,126,148,161
2015_3,동일로130길,3990,1983,2007,701,586,683,628,706,686,361,295,360,311,338,318,340,291,323,317,368,368
2015_3,동일로123길,2707,1404,1303,359,393,413,467,545,530,192,205,225,250,287,245,167,188,188,217,258,285
2015_3,동일로112길,5285,2678,2607,650,877,1000,824,937,997,349,418,536,440,467,468,301,459,464,384,470,529
2015_3,동일로101길,3367,1688,1679,579,463,547,630,577,571,292,235,294,326,288,253,287,228,253,304,289,318
2015_3,동일로100길,5048,2535,2513,867,688,825,943,861,864,438,349,440,492,430,386,429,339,385,451,431,478
2015_3,답십리로75길,2398,1185,1213,390,354,411,411,385,447,202,158,219,219,192,195,188,196,192,192,193,252
2015_3,공릉로2길,4087,2010,2077,762,584,692,690,664,695,393,284,350,342,318,323,369,300,342,348,346,372
2015_3,공릉로12가길,1321,646,675,246,191,223,223,213,225,126,92,112,111,101,104,120,99,111,112,112,121
2015_3,겸재로54길,5127,2568,2559,800,772,867,902,870,916,416,387,461,460,430,414,384,385,406,442,440,502
2015_3,겸재로36길,4344,2179,2165,680,655,733,765,738,773,354,328,391,390,364,352,326,327,342,375,374,421
2015_3,겸재로29길,2525,1271,1254,393,382,428,446,428,448,206,192,229,228,212,204,187,190,199,218,216,244
2015_3,휘경로3길,4559,2294,2265,669,927,733,714,673,843,346,493,400,366,328,361,323,434,333,348,345,482
2015_3,휘경로2길,1795,903,892,263,364,286,284,265,333,136,193,156,145,129,144,127,171,130,139,136,189
2015_3,휘경로23길,2650,1337,1313,385,536,431,417,393,488,200,282,235,213,194,213,185,254,196,204,199,275
2015_3,휘경로14길,2787,1398,1389,382,522,466,455,413,549,200,257,248,238,210,245,182,265,218,217,203,304
2015_3,한천로46길,2156,1080,1076,414,310,368,372,330,362,211,165,184,192,163,165,203,145,184,180,167,197
2015_3,한천로40길,2293,1160,1133,451,280,410,407,359,386,237,147,204,214,179,179,214,133,206,193,180,207
2015_3,한천로33길,834,410,424,164,102,130,150,134,154,84,54,64,75,63,70,80,48,66,75,71,84
2015_3,한천로14길,3315,1673,1642,566,439,625,541,563,581,288,227,316,288,275,279,278,212,309,253,288,302
2015_3,천호대로97길,2527,1273,1254,433,336,470,417,429,442,221,173,237,221,208,213,212,163,233,196,221,229
2015_3,천호대로77길,1823,917,906,312,243,342,297,308,321,157,124,173,157,151,155,155,119,169,140,157,166
2015_3,천호대로45길,3659,1891,1768,495,552,635,561,617,799,263,283,341,306,323,375,232,269,294,255,294,424
2015_3,천호대로17길,2566,1330,1236,347,390,446,393,432,558,185,203,240,214,226,262,162,187,206,179,206,296
2015_3,천호대로12길,1259,653,606,171,190,218,195,212,273,90,99,117,107,111,129,81,91,101,88,101,144
2015_3,천장산로7길,1444,729,715,213,293,236,224,214,264,109,156,129,115,105,115,104,137,107,109,109,149
2015_3,제기로5길,1815,930,885,255,292,292,267,295,414,132,159,157,148,145,189,123,133,135,119,150,225
2015_3,제기로21길,5226,2616,2610,716,678,743,782,961,1346,369,364,397,408,477,601,347,314,346,374,484,745
2015_3,전농로4길,2750,1362,1388,506,344,435,493,445,527,256,181,218,254,218,235,250,163,217,239,227,292
2015_3,전농로3길,1917,960,957,331,247,328,335,296,380,172,124,167,176,149,172,159,123,161,159,147,208
2015_3,전농로29길,3216,1637,1579,530,444,509,538,547,648,270,236,263,290,283,295,260,208,246,248,264,353
2015_3,장한로8길,2100,1057,1043,358,278,395,346,355,368,183,143,200,183,172,176,175,135,195,163,183,192
2015_3,장한로5길,2075,1049,1026,353,278,389,339,353,363,180,145,196,180,173,175,173,133,193,159,180,188
2015_3,장한로27길,1910,967,943,375,232,341,335,301,326,198,123,169,177,149,151,177,109,172,158,152,175
2015_3,장한로27가길,1850,938,912,361,227,332,323,292,315,191,120,165,171,145,146,170,107,167,152,147,169
2015_3,장한로26길,2103,1063,1040,374,272,387,352,352,366,193,141,195,187,173,174,181,131,192,165,179,192
2015_3,장한로26가길,1289,652,637,247,157,233,225,207,220,129,82,117,119,102,103,118,75,116,106,105,117
2015_3,장한로25길,904,456,448,155,120,169,148,153,159,78,62,86,78,75,77,77,58,83,70,78,82
2015_3,장한로14길,1551,783,768,264,207,288,256,264,272,135,107,145,135,129,132,129,100,143,121,135,140
2015_3,이문로42길,4825,2392,2433,931,663,773,847,743,868,481,339,395,428,361,388,450,324,378,419,382,480
2015_3,왕산로43길,3013,1499,1514,409,390,425,453,557,779,210,207,226,236,274,346,199,183,199,217,283,433
2015_3,왕산로33길,817,419,398,115,130,130,121,134,187,59,71,71,67,67,84,56,59,59,54,67,103
2015_3,왕산로32길,1385,716,669,189,210,240,212,232,302,100,109,129,116,121,141,89,101,111,96,111,161
2015_3,약령시로17길,2212,1122,1090,305,337,343,329,376,522,155,183,185,179,187,233,150,154,158,150,189,289
2015_3,서울시립대로4길,2895,1462,1433,486,391,475,490,475,578,248,203,245,261,243,262,238,188,230,229,232,316
2015_3,서울시립대로29길,5474,2752,2722,961,839,872,912,874,1016,476,451,448,476,439,462,485,388,424,436,435,554
2015_3,서울시립대로16길,2757,1397,1360,455,382,437,461,468,554,230,202,226,247,241,251,225,180,211,214,227,303
2015_3,사가정로2길,2150,1075,1075,368,278,369,374,332,429,191,140,187,197,168,192,177,138,182,177,164,237
2015_3,사가정로23가길,2510,1273,1237,489,307,449,440,397,428,260,162,224,230,197,200,229,145,225,210,200,228
2015_3,사가정로13길,2729,1330,1399,546,342,411,490,437,503,278,178,201,242,205,226,268,164,210,248,232,277
2015_3,무학로45길,2131,1101,1030,290,319,369,331,357,465,154,164,198,180,187,218,136,155,171,151,170,247
2015_3,무학로16길,1615,837,778,220,244,281,250,271,349,117,125,152,137,142,164,103,119,129,113,129,185
2015_3,망우로21길,301,152,149,41,57,50,49,44,60,22,28,27,26,22,27,19,29,23,23,22,33
2015_3,망우로18길,2102,1042,1060,396,369,337,344,308,348,193,199,170,172,151,157,203,170,167,172,157,191
2015_3,망우로18가길,3966,1967,1999,750,694,633,657,579,653,365,376,321,328,282,295,385,318,312,329,297,358
2015_3,답십리로72길,1435,727,708,270,179,261,246,233,246,141,93,130,131,116,116,129,86,131,115,117,130
2015_3,답십리로69길,1577,800,777,309,189,285,276,249,269,163,100,142,146,124,125,146,89,143,130,125,144
2015_3,답십리로68길,2640,1330,1310,451,351,494,433,446,465,229,180,250,230,217,224,222,171,244,203,229,241
2015_3,답십리로64길,4491,2266,2225,768,593,839,739,763,789,392,306,424,393,372,379,376,287,415,346,391,410
2015_3,답십리로63길,2343,1185,1158,458,285,418,412,372,398,240,150,207,218,185,185,218,135,211,194,187,213
2015_3,답십리로60길,2276,1128,1148,423,282,356,411,369,435,213,149,178,211,181,196,210,133,178,200,188,239
2015_3,답십리로56길,4415,2187,2228,817,548,694,798,716,842,412,291,347,411,349,377,405,257,347,387,367,465
2015_3,답십리로23길,3357,1709,1648,553,463,531,563,572,675,281,247,275,302,297,307,272,216,256,261,275,368
2015_3,난계로30길,250,131,119,33,38,44,39,42,54,18,20,23,22,22,26,15,18,21,17,20,28
2015_3,경희대로4길,1798,867,931,266,448,341,232,219,292,132,214,177,119,100,125,134,234,164,113,119,167
2015_3,경희대로3길,938,451,487,140,233,177,122,115,151,69,112,91,61,54,64,71,121,86,61,61,87
2015_3,천호대로129길,2819,1389,1430,525,388,483,495,454,474,268,196,247,246,217,215,257,192,236,249,237,259
2015_3,천호대로123길,3124,1526,1598,530,504,575,521,508,486,273,243,287,255,245,223,257,261,288,266,263,263
2015_3,천호대로109길,3962,1931,2031,673,639,727,659,645,619,347,307,361,320,313,283,326,332,366,339,332,336
2015_3,자양번영로3길,4198,2040,2158,863,620,717,714,703,581,434,309,336,350,339,272,429,311,381,364,364,309
2015_3,자양로53길,2969,1471,1498,537,429,498,522,487,496,281,219,253,256,237,225,256,210,245,266,250,271
2015_3,자양로50길,4916,2414,2502,924,665,849,859,789,830,465,335,434,428,374,378,459,330,415,431,415,452
2015_3,자양로45길,2428,1200,1228,438,351,407,428,397,407,229,179,206,209,193,184,209,172,201,219,204,223
2015_3,자양로26길,2887,1397,1490,423,516,605,473,427,443,215,246,306,233,200,197,208,270,299,240,227,246
2015_3,자양로15길,2132,1058,1074,335,354,401,351,343,348,175,175,207,176,168,157,160,179,194,175,175,191
2015_3,자양로11길,4389,2175,2214,686,730,831,725,706,711,357,361,429,363,345,320,329,369,402,362,361,391
2015_3,용마산로3길,3401,1656,1745,575,545,626,567,553,535,296,262,311,276,265,246,279,283,315,291,288,289
2015_3,용마산로21길,5279,2594,2685,890,835,964,890,870,830,461,406,485,436,425,381,429,429,479,454,445,449
2015_3,아차산로78길,2383,1162,1221,666,277,306,548,324,262,342,138,133,262,167,120,324,139,173,286,157,142
2015_3,아차산로65길,3304,1602,1702,637,520,572,559,541,475,322,255,283,264,257,221,315,265,289,295,284,254
2015_3,아차산로55길,3490,1694,1796,511,627,730,570,515,537,260,300,371,281,243,239,251,327,359,289,272,298
2015_3,아차산로51길,1907,920,987,279,341,399,313,284,291,141,163,203,152,133,128,138,178,196,161,151,163
2015_3,아차산로40길,3013,1496,1517,472,499,570,497,484,491,248,248,293,249,236,222,224,251,277,248,248,269
2015_3,면목로17길,4473,2256,2217,733,660,765,797,779,739,390,338,405,401,384,338,343,322,360,396,395,401
2015_3,뚝섬로64길,3569,1772,1797,666,503,654,608,594,544,352,253,328,300,286,253,314,250,326,308,308,291
2015_3,뚝섬로58길,3469,1727,1742,650,486,635,592,578,528,345,244,319,293,279,247,305,242,316,299,299,281
2015_3,뚝섬로54길,4093,2032,2061,765,579,748,692,680,629,404,290,375,341,329,293,361,289,373,351,351,336
2015_3,뚝섬로48길,4420,2196,2224,829,622,812,753,731,673,437,311,408,374,353,313,392,311,404,379,378,360
2015_3,뚝섬로24길,2624,1336,1288,338,421,440,445,480,500,174,212,235,239,247,229,164,209,205,206,233,271
2015_3,뚝섬로23길,3466,1719,1747,592,531,588,589,606,560,300,265,293,301,302,258,292,266,295,288,304,302
2015_3,동일로24길,2152,1057,1095,202,708,447,263,245,287,101,321,236,148,121,130,101,387,211,115,124,157
2015_3,동일로18길,3538,1798,1740,450,570,595,599,650,674,233,286,317,321,333,308,217,284,278,278,317,366
2015_3,능동로4길,2548,1255,1293,478,383,432,432,438,385,242,190,210,218,217,178,236,193,222,214,221,207
2015_3,능동로3길,3527,1788,1739,482,560,594,598,645,648,248,281,314,320,329,296,234,279,280,278,316,352
2015_3,능동로34길,4857,2284,2573,648,952,1185,678,642,752,337,407,594,325,284,337,311,545,591,353,358,415
2015_3,능동로19길,1997,977,1020,186,659,413,242,228,269,93,298,218,136,111,121,93,361,195,106,117,148
2015_3,능동로13길,2935,1438,1497,270,968,609,361,335,392,135,438,319,202,165,179,135,530,290,159,170,213
2015_3,긴고랑로9길,2454,1235,1219,395,367,428,432,426,406,208,188,225,217,210,187,187,179,203,215,216,219
2015_3,긴고랑로8길,4601,2286,2315,657,748,898,755,770,773,338,367,471,379,375,356,319,381,427,376,395,417
2015_3,긴고랑로7길,4747,2377,2370,731,734,865,816,812,789,383,366,457,410,399,362,348,368,408,406,413,427
2015_3,긴고랑로20길,4289,2090,2199,726,692,789,713,696,673,376,333,391,346,336,308,350,359,398,367,360,365
2015_3,광나루로52길,6391,3104,3287,1233,1004,1105,1081,1050,918,627,491,548,509,500,429,606,513,557,572,550,489
2015_3,광나루로40길,4226,2052,2174,618,755,887,694,625,647,314,360,451,342,296,289,304,395,436,352,329,358
2015_3,광나루로37길,827,407,420,156,110,142,144,133,142,78,56,73,71,64,65,78,54,69,73,69,77
2015_3,광나루로36길,2381,1151,1230,349,427,500,388,353,364,176,204,253,190,167,161,173,223,247,198,186,203
2015_3,광나루로24길,1300,636,664,116,430,270,161,149,174,58,195,142,90,73,78,58,235,128,71,76,96
2015_3,광나루로12길,1991,977,1014,190,656,413,243,225,264,95,297,219,136,111,119,95,359,194,107,114,145
2015_3,한림말길,2331,1117,1214,412,316,480,373,358,392,210,148,231,184,168,176,202,168,249,189,190,216
2015_3,한림말3길,1248,599,649,219,171,258,200,192,208,112,81,124,98,90,94,107,90,134,102,102,114
2015_3,청계천로10나길,4056,2017,2039,721,665,627,681,650,712,375,324,318,345,327,328,346,341,309,336,323,384
2015_3,장터길,2889,1395,1494,513,354,591,489,438,504,262,177,287,248,204,217,251,177,304,241,234,287
2015_3,용답중앙길,3418,1816,1602,502,490,546,648,600,632,261,249,310,364,337,295,241,241,236,284,263,337
2015_3,용답29길,3531,1877,1654,517,506,566,669,619,654,269,258,319,377,347,307,248,248,247,292,272,347
2015_3,왕십리로6길,2659,1349,1310,451,418,503,455,430,402,229,214,262,237,219,188,222,204,241,218,211,214
2015_3,왕십리로31길,2731,1358,1373,474,391,455,490,436,485,244,195,234,252,221,212,230,196,221,238,215,273
2015_3,왕십리로26길,2911,1436,1475,450,469,497,484,466,545,235,226,254,243,237,241,215,243,243,241,229,304
2015_3,왕십리로21길,5314,2559,2755,1076,661,955,973,782,867,521,326,457,492,381,382,555,335,498,481,401,485
2015_3,왕십리로14길,2130,1079,1051,342,344,422,349,344,329,173,175,218,186,172,155,169,169,204,163,172,174
2015_3,아차산로5길,2145,1111,1034,310,335,401,335,378,386,161,166,208,186,204,186,149,169,193,149,174,200
2015_3,아차산로15길,791,407,384,115,123,148,123,140,142,59,61,76,68,75,68,56,62,72,55,65,74
2015_3,아차산로11길,642,330,312,91,99,125,96,115,116,48,49,64,53,63,53,43,50,61,43,52,63
2015_3,송정4가길,3167,1672,1495,485,445,535,583,590,529,251,237,294,327,315,248,234,208,241,256,275,281
2015_3,송정12라길,1462,773,689,224,206,247,268,270,247,116,109,135,151,146,116,108,97,112,117,124,131
2015_3,성수일로6길,893,461,432,127,138,169,139,158,162,65,69,87,77,85,78,62,69,82,62,73,84
2015_3,성수이로7길,2121,1106,1015,323,319,365,360,389,365,170,167,193,197,207,172,153,152,172,163,182,193
2015_3,성수이로18길,629,328,301,93,96,113,102,117,108,49,50,60,56,64,49,44,46,53,46,53,59
2015_3,성덕정길,4567,2319,2248,854,686,771,847,750,659,438,354,402,429,395,301,416,332,369,418,355,358
2015_3,성덕정17길,4739,2478,2261,735,706,776,840,883,799,385,378,413,456,473,373,350,328,363,384,410,426
2015_3,서울숲2길,2998,1520,1478,483,483,597,490,483,462,243,247,308,263,242,217,240,236,289,227,241,245
2015_3,상원길,901,460,441,144,145,180,149,143,140,74,75,93,80,72,66,70,70,87,69,71,74
2015_3,상원12길,2806,1421,1385,451,452,557,462,451,433,229,230,287,245,227,203,222,222,270,217,224,230
2015_3,사근동길,3377,1789,1588,424,1082,493,417,395,566,202,640,288,215,193,251,222,442,205,202,202,315
2015_3,무학봉길,2077,1016,1061,383,295,348,375,325,351,193,143,174,189,162,155,190,152,174,186,163,196
2015_3,무학봉28길,1345,665,680,238,201,220,240,214,232,123,97,112,122,108,103,115,104,108,118,106,129
2015_3,무학로6길,1624,799,825,255,261,277,268,260,303,131,126,142,135,131,134,124,135,135,133,129,169
2015_3,무수막길,1461,706,755,255,181,294,247,215,269,131,90,144,124,100,117,124,91,150,123,115,152
2015_3,매봉길,1092,528,564,197,132,230,182,169,182,101,65,112,92,79,79,96,67,118,90,90,103
2015_3,마조로1길,638,337,301,81,204,93,79,75,106,39,121,54,40,36,47,42,83,39,39,39,59
2015_3,마조로16길,2377,1183,1194,421,391,365,400,381,419,219,191,186,202,192,193,202,200,179,198,189,226
2015_3,마장로39길,868,434,434,153,144,133,145,140,153,79,71,68,74,71,71,74,73,65,71,69,82
2015_3,마장로27길,2124,1057,1067,376,349,331,354,341,373,196,171,169,179,171,171,180,178,162,175,170,202
2015_3,뚝섬로5길,968,493,475,173,147,161,177,165,145,89,76,84,91,87,66,84,71,77,86,78,79
2015_3,둘레9길,3552,1828,1724,611,534,591,642,622,552,316,281,311,335,331,254,295,253,280,307,291,298
2015_3,금호산길,3342,1614,1728,583,414,670,565,494,616,299,206,327,285,231,266,284,208,343,280,263,350
2015_3,금호산2길,2761,1335,1426,484,343,552,466,405,511,248,171,269,236,189,222,236,172,283,230,216,289
2015_3,고산자로6길,3019,1487,1532,492,462,507,502,500,556,246,234,259,248,251,249,246,228,248,254,249,307
2015_3,후암로28길,3808,1885,1923,674,499,647,663,598,727,357,263,335,334,289,307,317,236,312,329,309,420
2015_3,효창원로39길,2927,1424,1503,551,363,542,506,424,541,279,181,264,259,204,237,272,182,278,247,220,304
2015_3,회나무로13길,1862,862,1000,252,239,358,299,285,429,128,115,172,147,125,175,124,124,186,152,160,254
2015_3,한남대로20길,862,413,449,112,119,178,144,137,172,57,58,89,71,64,74,55,61,89,73,73,98
2015_3,한강대로88길,114,71,43,10,13,17,22,25,27,6,7,10,15,17,16,4,6,7,7,8,11
2015_3,한강대로7길,867,433,434,109,120,151,136,150,201,57,60,76,73,75,92,52,60,75,63,75,109
2015_3,한강대로62길,1074,537,537,132,148,189,167,188,250,70,74,95,89,94,115,62,74,94,78,94,135
2015_3,한강대로52길,675,338,337,82,95,120,105,119,154,44,48,60,56,59,71,38,47,60,49,60,83
2015_3,한강대로43길,1196,600,596,147,168,211,186,208,276,78,84,107,99,104,128,69,84,104,87,104,148
2015_3,한강대로15길,710,355,355,87,100,126,109,124,164,46,50,64,58,62,75,41,50,62,51,62,89
2015_3,한강대로104길,1678,988,690,179,200,258,308,351,382,99,102,149,200,226,212,80,98,109,108,125,170
2015_3,청파로73길,3238,1562,1676,481,585,576,554,461,581,254,258,295,284,225,246,227,327,281,270,236,335
2015_3,청파로71길,3782,1825,1957,562,685,676,646,532,681,298,304,346,331,258,288,264,381,330,315,274,393
2015_3,청파로47나길,3107,1499,1608,462,560,555,533,440,557,243,248,286,273,215,234,219,312,269,260,225,323
2015_3,청파로47길,2434,1175,1259,362,440,433,416,344,439,191,196,222,213,168,185,171,244,211,203,176,254
2015_3,장문로45길,2923,1424,1499,402,411,500,529,496,585,217,220,260,260,227,240,185,191,240,269,269,345
2015_3,이태원로54길,1854,888,966,243,257,382,308,293,371,124,127,189,153,136,159,119,130,193,155,157,212
2015_3,이태원로27길,1282,599,683,151,182,228,199,218,304,75,94,116,96,101,117,76,88,112,103,117,187
2015_3,이촌로22길,3190,1534,1656,518,363,560,516,517,716,271,190,274,269,231,299,247,173,286,247,286,417
2015_3,원효로89길,1108,542,566,177,170,236,177,163,185,91,77,117,94,80,83,86,93,119,83,83,102
2015_3,원효로53길,2518,1227,1291,456,331,490,424,366,451,233,161,239,221,175,198,223,170,251,203,191,253
2015_3,원효로41길,2087,988,1099,414,253,341,383,320,376,190,123,168,188,160,159,224,130,173,195,160,217
2015_3,원효로19길,2502,1179,1323,498,302,411,460,381,450,227,145,202,225,190,190,271,157,209,235,191,260
2015_3,우사단로4길,3185,1554,1631,437,447,546,575,541,639,235,240,284,284,249,262,202,207,262,291,292,377
2015_3,우사단로14길,1298,613,685,164,180,260,215,208,271,82,88,129,106,96,112,82,92,131,109,112,159
2015_3,우사단로10길,3120,1505,1615,420,435,589,541,512,623,221,223,299,266,236,260,199,212,290,275,276,363
2015_3,신흥로20길,3045,1493,1552,495,404,531,507,492,616,262,209,275,249,234,264,233,195,256,258,258,352
2015_3,소월로20길,2571,1252,1319,383,342,463,408,426,549,204,173,242,197,201,235,179,169,221,211,225,314
2015_3,서빙고로71길,3536,1701,1835,748,437,464,723,532,632,375,214,218,353,279,262,373,223,246,370,253,370
2015_3,백범로90길,1197,588,609,196,177,265,188,175,196,100,81,132,101,86,88,96,96,133,87,89,108
2015_3,백범로79길,4348,2124,2224,779,610,815,744,635,765,410,293,403,376,305,337,369,317,412,368,330,428
2015_3,두텁바위로1길,2634,1449,1185,362,326,422,473,493,558,195,168,234,280,289,283,167,158,188,193,204,275
2015_3,대사관로34길,1240,593,647,159,173,256,207,197,248,81,85,127,103,92,105,78,88,129,104,105,143
2015_3,녹사평대로46길,1122,518,604,151,144,215,182,172,258,76,69,102,90,75,106,75,75,113,92,97,152
2015_3,녹사평대로40나길,1019,471,548,126,137,189,165,164,238,62,69,93,80,73,94,64,68,96,85,91,144
2015_3,녹사평대로32길,683,319,364,78,97,118,107,119,164,39,51,59,51,55,64,39,46,59,56,64,100
2015_3,녹사평대로26길,1360,636,724,158,194,237,214,233,324,79,101,119,104,109,124,79,93,118,110,124,200
2015_3,녹사평대로11길,819,394,425,174,101,107,166,124,147,87,50,50,81,65,61,87,51,57,85,59,86
2015_3,퇴계로90길,3277,1656,1621,536,417,573,590,536,625,275,221,302,320,275,263,261,196,271,270,261,362
2015_3,퇴계로8길,1078,581,497,100,113,132,169,252,312,46,53,68,100,154,160,54,60,64,69,98,152
2015_3,퇴계로56길,1250,655,595,149,236,194,185,204,282,74,130,105,103,109,134,75,106,89,82,95,148
2015_3,퇴계로46길,515,269,246,67,102,86,74,79,107,34,57,48,40,40,50,33,45,38,34,39,57
2015_3,퇴계로18길,1441,628,813,124,161,209,259,293,395,57,79,91,124,126,151,67,82,118,135,167,244
2015_3,퇴계로12길,694,377,317,64,72,84,109,164,201,30,34,44,65,100,104,34,38,40,44,64,97
2015_3,청구로1길,3631,1754,1877,601,522,606,613,586,703,313,256,304,305,288,288,288,266,302,308,298,415
2015_3,청구로17길,1690,834,856,255,257,295,288,270,325,134,134,152,145,127,142,121,123,143,143,143,183
2015_3,장충단로8길,1334,690,644,166,239,214,209,219,287,85,130,114,113,114,134,81,109,100,96,105,153
2015_3,삼일대로4길,28,12,16,2,4,4,5,5,8,1,2,2,2,2,3,1,2,2,3,3,5
2015_3,명동길,125,55,70,11,14,17,23,25,35,5,7,7,11,11,14,6,7,10,12,14,21
2015_3,동호로8길,1327,638,689,209,171,235,210,217,285,106,84,117,106,103,122,103,87,118,104,114,163
2015_3,동호로20길,2078,1033,1045,306,364,361,337,313,397,157,194,187,171,150,174,149,170,174,166,163,223
2015_3,동호로15길,2288,1122,1166,348,347,398,390,364,441,182,179,203,196,170,192,166,168,195,194,194,249
2015_3,동호로11길,3273,1604,1669,498,497,570,557,519,632,259,257,292,280,242,274,239,240,278,277,277,358
2015_3,동호로10길,4114,1988,2126,689,592,682,691,667,793,358,290,341,345,327,327,331,302,341,346,340,466
2015_3,다산로39길,1444,743,701,183,209,212,273,262,305,94,107,113,151,140,138,89,102,99,122,122,167
2015_3,다산로38길,1999,963,1036,370,279,314,363,331,342,186,141,145,180,163,148,184,138,169,183,168,194
2015_3,다산로36길,2299,1115,1184,426,322,362,413,379,397,217,163,168,206,187,174,209,159,194,207,192,223
2015_3,다산로33길,4072,2101,1971,520,588,598,770,739,857,264,302,319,429,398,389,256,286,279,341,341,468
2015_3,난계로21길,972,490,482,131,150,194,158,153,186,68,74,99,84,79,86,63,76,95,74,74,100
2015_3,난계로11길,2293,1152,1141,312,355,456,366,362,442,161,173,234,195,188,201,151,182,222,171,174,241
2015_3,필운대로1길,831,390,441,135,109,131,141,131,184,69,51,62,66,62,80,66,58,69,75,69,104
2015_3,평창길,2175,1030,1145,405,302,275,386,373,434,213,158,123,171,174,191,192,144,152,215,199,243
2015_3,통일로12길,1596,763,833,303,188,223,297,260,325,143,90,113,150,128,139,160,98,110,147,132,186
2015_3,창신길,2629,1335,1294,391,381,337,515,481,524,199,199,195,261,248,233,192,182,142,254,233,291
2015_3,창신5길,1201,627,574,163,156,153,224,236,269,84,83,87,116,128,129,79,73,66,108,108,140
2015_3,창신2길,1112,564,548,165,161,143,218,204,221,84,84,81,111,105,99,81,77,62,107,99,122
2015_3,창경궁로35길,721,356,365,111,166,113,111,90,130,57,88,59,54,44,54,54,78,54,57,46,76
2015_3,지봉로8길,2992,1508,1484,473,412,479,539,515,574,251,213,249,283,253,259,222,199,230,256,262,315
2015_3,종로65길,2806,1436,1370,347,453,475,469,476,586,183,221,249,251,252,280,164,232,226,218,224,306
2015_3,종로58가길,660,340,320,76,110,114,108,111,141,40,53,60,58,61,68,36,57,54,50,50,73
2015_3,종로24길,225,129,96,22,26,27,34,49,67,9,14,16,23,31,36,13,12,11,11,18,31
2015_3,자하문로7길,926,439,487,174,117,145,165,138,187,91,57,66,77,67,81,83,60,79,88,71,106
2015_3,이화장길,1555,743,812,218,309,286,244,216,282,110,139,148,116,107,123,108,170,138,128,109,159
2015_3,율곡로16길,439,238,201,53,65,56,79,80,106,28,35,35,44,45,51,25,30,21,35,35,55
2015_3,율곡로10길,540,311,229,51,62,66,83,116,162,22,34,38,55,75,87,29,28,28,28,41,75
2015_3,옥인길,2824,1349,1475,591,350,426,528,395,534,320,178,189,243,195,224,271,172,237,285,200,310
2015_3,숭인동길,1078,556,522,122,183,185,175,184,229,65,88,97,95,100,111,57,95,88,80,84,118
2015_3,성균관로5길,1182,583,599,181,271,184,182,153,211,93,144,95,88,75,88,88,127,89,94,78,123
2015_3,삼청로5길,839,402,437,122,96,124,127,144,226,64,48,62,62,68,98,58,48,62,65,76,128
2015_3,북촌로5나길,753,361,392,108,86,112,115,129,203,57,43,56,56,61,88,51,43,56,59,68,115
2015_3,북촌로5길,456,219,237,66,52,68,70,78,122,35,26,34,34,37,53,31,26,34,36,41,69
2015_3,북촌로11길,565,263,302,94,67,87,103,84,130,47,31,42,51,37,55,47,36,45,52,47,75
2015_3,백석동길,1975,971,1004,369,274,249,359,323,401,202,144,123,164,153,185,167,130,126,195,170,216
2015_3,명륜길,1377,679,698,210,318,214,211,179,245,109,169,111,101,88,101,101,149,103,110,91,144
2015_3,돈화문로11가길,1321,754,567,127,152,162,203,287,390,52,82,93,134,183,210,75,70,69,69,104,180
2015_3,난계로27길,1082,559,523,124,181,186,176,185,230,66,87,98,95,101,112,58,94,88,81,84,118
2015_3,계동길,2122,992,1130,346,253,325,393,313,492,174,116,157,196,139,210,172,137,168,197,174,282
2015_2,잠실 관광특구,16376,7933,8443,3244,2377,2947,2773,2563,2472,1686,1147,1395,1328,1194,1183,1558,1230,1552,1445,1369,1289
2015_2,종로·청계 관광특구,3814,2057,1757,450,463,477,663,788,973,230,250,270,363,450,494,220,213,207,300,338,479
2015_2,동대문패션타운 관광특구,1851,977,874,199,254,262,317,364,455,100,129,143,183,201,221,99,125,119,134,163,234
2015_2,명동 남대문 북창동 다동 무교동 관광특구,1318,682,636,131,144,194,219,284,346,60,72,101,122,161,166,71,72,93,97,123,180
2015_2,이태원 관광특구,8420,3954,4466,1007,1179,1550,1352,1410,1922,503,601,777,657,654,762,504,578,773,695,756,1160
2015_2,길동복조리시장,2908,1439,1469,503,440,549,456,500,460,266,218,283,222,232,218,237,222,266,234,268,242
2015_2,둔촌역전통시장,381,190,191,66,58,73,62,64,58,37,29,37,31,29,27,29,29,36,31,35,31
2015_2,성내골목시장,1233,613,620,174,193,244,187,214,221,89,96,130,96,101,101,85,97,114,91,113,120
2015_2,천호시장,69,35,34,10,10,13,11,12,13,5,5,7,6,6,6,5,5,6,5,6,7
2015_2,동서울시장,257,131,126,38,36,48,42,46,47,20,18,25,23,23,22,18,18,23,19,23,25
2015_2,고분다리골목시장,401,202,199,62,58,71,63,73,74,32,29,38,33,36,34,30,29,33,30,37,40
2015_2,양지골목시장,1002,494,508,241,123,167,177,161,133,121,65,78,88,76,66,120,58,89,89,85,67
2015_2,암사종합시장,842,420,422,153,115,151,144,141,138,79,59,79,72,69,62,74,56,72,72,72,76
2015_2,고덕전통시장,551,283,268,95,84,75,93,111,93,52,46,40,46,56,43,43,38,35,47,55,50
2015_2,명일골목시장,2169,1061,1108,476,303,334,387,358,311,250,154,162,183,171,141,226,149,172,204,187,170
2015_2,새마을시장,4122,1963,2159,648,720,908,668,620,558,331,324,444,322,289,253,317,396,464,346,331,305
2015_2,석촌시장,913,442,471,149,144,200,148,140,132,77,67,99,74,65,60,72,77,101,74,75,72
2015_2,방이시장,5126,2511,2615,784,838,1134,810,819,741,416,406,574,394,376,345,368,432,560,416,443,396
2015_2,마천시장,1294,664,630,227,175,198,221,231,242,120,95,106,115,115,113,107,80,92,106,116,129
2015_2,풍납시장,3353,1651,1702,540,477,568,551,594,623,271,245,286,282,282,285,269,232,282,269,312,338
2015_2,도곡시장,315,149,166,75,39,61,66,37,37,38,17,27,32,18,17,37,22,34,34,19,20
2015_2,청담삼익시장,119,57,62,23,17,22,21,17,19,12,8,10,10,8,9,11,9,12,11,9,10
2015_2,논현종합시장,100,47,53,15,16,24,16,13,16,8,7,11,8,6,7,7,9,13,8,7,9
2015_2,영동전통시장,1255,577,678,125,255,351,192,156,176,63,106,158,99,70,81,62,149,193,93,86,95
2015_2,강남시장_강남,219,102,117,40,33,41,38,29,38,20,15,18,18,14,17,20,18,23,20,15,21
2015_2,양재시장,75,37,38,17,10,15,12,10,11,9,5,7,6,5,5,8,5,8,6,5,6
2015_2,남부종합시장,154,73,81,35,20,22,31,22,24,17,9,10,15,11,11,18,11,12,16,11,13
2015_2,우림시장,70,35,35,12,10,11,12,12,13,6,5,6,6,6,6,6,5,5,6,6,7
2015_2,미성동도깨비시장,1026,516,510,177,152,170,167,174,186,90,80,90,83,84,89,87,72,80,84,90,97
2015_2,신신림시장,705,355,350,109,93,102,118,124,159,57,49,56,62,60,71,52,44,46,56,64,88
2015_2,삼성동시장,467,234,233,72,61,67,79,82,106,37,32,37,42,39,47,35,29,30,37,43,59
2015_2,신림중앙시장,61,31,30,8,10,13,9,10,11,4,5,7,5,5,5,4,5,6,4,5,6
2015_2,강남골목시장,705,357,348,93,124,146,106,112,124,46,60,81,57,55,58,47,64,65,49,57,66
2015_2,관악신사시장,2162,1080,1082,313,387,431,365,319,347,163,190,234,182,154,157,150,197,197,183,165,190
2015_2,신원시장,424,209,215,57,72,81,68,64,82,29,36,43,36,29,36,28,36,38,32,35,46
2015_2,인헌시장,1690,841,849,268,313,367,263,209,270,137,153,196,135,99,121,131,160,171,128,110,149
2015_2,봉천중앙시장,113,55,58,14,24,22,15,16,22,7,11,12,8,7,10,7,13,10,7,9,12
2015_2,봉천현대시장,22,10,12,4,3,4,4,3,4,2,1,2,2,1,2,2,2,2,2,2,2
2015_2,봉일시장,250,124,126,46,35,50,40,36,43,24,17,26,21,17,19,22,18,24,19,19,24
2015_2,봉천제일종합시장,355,178,177,43,84,73,49,46,60,22,39,40,27,22,28,21,45,33,22,24,32
2015_2,낙성대시장,670,340,330,90,170,152,89,76,93,45,86,83,48,36,42,45,84,69,41,40,51
2015_2,중부시장,876,435,441,111,191,194,118,116,146,56,91,105,63,53,67,55,100,89,55,63,79
2015_2,사당시장,12,6,6,2,2,2,2,2,2,1,1,1,1,1,1,1,1,1,1,1,1
2015_2,남성역골목시장,690,338,352,104,104,144,102,105,131,54,51,75,53,47,58,50,53,69,49,58,73
2015_2,남성사계시장,837,408,429,128,124,168,121,136,160,67,60,84,61,63,73,61,64,84,60,73,87
2015_2,흑석시장,610,305,305,98,99,105,97,90,121,50,54,55,49,44,53,48,45,50,48,46,68
2015_2,상도4동도깨비골목시장,2150,1064,1086,376,310,404,348,326,386,198,155,208,175,156,172,178,155,196,173,170,214
2015_2,성대시장,144,71,73,25,21,28,22,21,27,13,10,15,11,10,12,12,11,13,11,11,15
2015_2,영도시장,14,6,8,2,2,3,2,2,3,1,1,1,1,1,1,1,1,2,1,1,2
2015_2,상도전통시장,1415,697,718,242,276,269,207,194,227,125,141,134,106,89,102,117,135,135,101,105,125
2015_2,강남시장_동작,158,78,80,27,31,30,23,22,25,14,16,15,12,10,11,13,15,15,11,12,14
2015_2,신노량진시장,7,5,2,0,1,1,1,2,2,0,1,1,1,1,1,0,0,0,0,1,1
2015_2,본동인정시장,580,291,289,95,95,103,88,90,109,49,51,55,46,42,48,46,44,48,42,48,61
2015_2,노량진중앙시장,333,166,167,54,54,59,51,53,62,28,28,32,26,25,27,26,26,27,25,28,35
2015_2,대림중앙시장,647,320,327,91,84,105,110,116,141,48,42,55,55,56,64,43,42,50,55,60,77
2015_2,우리시장,503,254,249,78,67,76,87,89,106,42,35,42,44,44,47,36,32,34,43,45,59
2015_2,영진시장A동,185,92,93,31,26,31,31,31,35,16,13,16,16,15,16,15,13,15,15,16,19
2015_2,사러가시장,74,38,36,14,8,12,14,12,14,8,4,6,8,6,6,6,4,6,6,6,8
2015_2,대신시장,160,81,79,22,26,28,27,26,31,12,13,15,14,13,14,10,13,13,13,13,17
2015_2,양남시장,95,48,47,17,12,23,15,12,16,9,6,12,8,6,7,8,6,11,7,6,9
2015_2,영일시장,1091,553,538,211,140,228,178,151,183,109,67,113,98,77,89,102,73,115,80,74,94
2015_2,도림시장,66,34,32,10,10,13,11,10,12,5,5,7,6,5,6,5,5,6,5,5,6
2015_2,영등포청과시장,463,229,234,69,68,93,72,73,88,34,34,48,38,35,40,35,34,45,34,38,48
2015_2,영등포전통시장,2183,1241,942,221,393,421,329,386,433,115,194,242,215,243,232,106,199,179,114,143,201
2015_2,은행나무시장,451,228,223,77,61,65,79,78,91,40,33,35,40,40,40,37,28,30,39,38,51
2015_2,박미시장,125,63,62,21,17,19,20,23,25,11,9,10,10,11,12,10,8,9,10,12,13
2015_2,현대시장,3714,1878,1836,639,516,638,623,639,659,338,270,335,319,312,304,301,246,303,304,327,355
2015_2,대명시장,16,8,8,3,2,3,2,3,3,2,1,2,1,1,1,1,1,1,1,2,2
2015_2,푸른터시장,43,22,21,6,6,7,8,8,8,3,3,4,4,4,4,3,3,3,4,4,4
2015_2,남문시장,1842,937,905,276,259,281,338,353,335,141,135,155,169,178,159,135,124,126,169,175,176
2015_2,독산동 우시장,243,128,115,38,40,49,39,37,40,20,22,28,21,19,18,18,18,21,18,18,22
2015_2,오류시장,333,165,168,53,51,65,49,53,62,26,25,34,26,25,29,27,26,31,23,28,33
2015_2,개봉중앙시장,426,210,216,79,54,82,61,69,81,40,27,42,31,31,39,39,27,40,30,38,42
2015_2,고척근린시장,808,408,400,166,102,130,145,128,137,86,53,65,75,65,64,80,49,65,70,63,73
2015_2,가리봉시장,293,161,132,31,30,39,60,66,67,16,16,23,36,39,31,15,14,16,24,27,36
2015_2,남구로시장,830,419,411,125,111,152,142,135,165,66,55,82,76,66,74,59,56,70,66,69,91
2015_2,구로시장,190,96,94,30,26,38,31,29,36,16,13,21,16,14,16,14,13,17,15,15,20
2015_2,공항시장,25,12,13,4,4,4,4,4,5,2,2,2,2,2,2,2,2,2,2,2,3
2015_2,방신전통시장,766,381,385,160,95,136,126,124,125,82,49,68,64,60,58,78,46,68,62,64,67
2015_2,송화골목시장,1007,482,525,275,117,161,196,136,122,136,57,76,95,66,52,139,60,85,101,70,70
2015_2,까치산시장,1573,769,804,268,210,348,241,238,268,137,103,178,122,106,123,131,107,170,119,132,145
2015_2,화곡본동시장,497,243,254,97,68,109,81,70,72,49,33,56,41,32,32,48,35,53,40,38,40
2015_2,남부골목시장,2208,1097,1111,379,303,417,362,370,377,199,154,219,181,169,175,180,149,198,181,201,202
2015_2,화곡중앙골목시장,1439,719,720,213,226,300,216,235,249,110,113,159,110,109,118,103,113,141,106,126,131
2015_2,신월중앙시장,130,62,68,23,21,19,20,24,23,12,11,10,9,11,9,11,10,9,11,13,14
2015_2,신정3동골목시장,703,352,351,164,85,115,133,104,102,86,45,56,67,52,46,78,40,59,66,52,56
2015_2,신정2동골목시장,933,464,469,224,134,89,203,163,120,120,67,40,95,87,55,104,67,49,108,76,65
2015_2,신정제일시장,38,18,20,10,4,4,9,6,5,5,2,2,4,3,2,5,2,2,5,3,3
2015_2,신월7동골목시장,239,119,120,45,32,41,38,40,43,23,17,22,19,19,19,22,15,19,19,21,24
2015_2,신월6동골목시장,189,97,92,32,25,26,32,38,36,17,13,14,17,19,17,15,12,12,15,19,19
2015_2,신곡종합시장,327,167,160,57,45,45,55,64,61,30,24,24,28,32,29,27,21,21,27,32,32
2015_2,신월3동골목시장,621,323,298,103,85,94,112,115,112,53,45,51,61,62,51,50,40,43,51,53,61
2015_2,경창시장,326,161,165,62,42,59,50,56,57,31,22,31,25,26,26,31,20,28,25,30,31
2015_2,월정로시장,2015,1033,982,347,272,328,346,373,349,178,140,178,179,195,163,169,132,150,167,178,186
2015_2,신영시장,1219,622,597,211,166,198,208,225,211,107,85,107,107,118,98,104,81,91,101,107,113
2015_2,목4동시장,1309,654,655,327,176,159,288,199,160,178,93,76,133,104,70,149,83,83,155,95,90
2015_2,목3동시장,1049,510,539,182,171,184,167,180,165,96,85,94,76,86,73,86,86,90,91,94,92
2015_2,목2동시장,807,398,409,152,126,142,137,138,112,81,64,71,65,67,50,71,62,71,72,71,62
2015_2,동진시장,51,24,27,7,9,11,8,7,9,4,4,5,4,3,4,3,5,6,4,4,5
2015_2,망원월드컵시장,789,381,408,153,103,149,141,111,132,77,48,73,71,53,59,76,55,76,70,58,73
2015_2,망원시장,1432,697,735,235,208,295,243,204,247,122,98,149,124,97,107,113,110,146,119,107,140
2015_2,합정시장,85,41,44,14,15,19,12,11,14,7,7,10,6,5,6,7,8,9,6,6,8
2015_2,영진시장,210,97,113,24,46,50,32,25,33,12,19,23,16,12,15,12,27,27,16,13,18
2015_2,신수시장,123,61,62,23,18,22,22,17,21,12,10,11,11,8,9,11,8,11,11,9,12
2015_2,아현시장,440,213,227,70,60,84,71,72,83,35,29,42,36,36,35,35,31,42,35,36,48
2015_2,마포시장,25,12,13,4,4,4,4,4,5,2,2,2,2,2,2,2,2,2,2,2,3
2015_2,백련시장,150,74,76,27,21,22,26,24,30,14,11,11,13,12,13,13,10,11,13,12,17
2015_2,모래내시장,49,25,24,7,5,7,8,9,13,4,3,3,4,5,6,3,2,4,4,4,7
2015_2,포방터시장,837,411,426,148,112,113,148,143,173,75,57,58,75,71,75,73,55,55,73,72,98
2015_2,인왕시장,319,156,163,54,40,45,56,53,71,27,20,24,29,26,30,27,20,21,27,27,41
2015_2,아현가구거리상점가,319,155,164,49,45,53,57,51,64,25,23,27,28,26,26,24,22,26,29,25,38
2015_2,영천시장,848,411,437,164,102,137,151,129,165,85,51,67,77,64,67,79,51,70,74,65,98
2015_2,수일시장,185,93,92,30,25,28,30,32,40,16,13,15,16,16,17,14,12,13,14,16,23
2015_2,증산종합시장,160,80,80,28,20,27,27,27,31,15,10,14,14,13,14,13,10,13,13,14,17
2015_2,대림골목시장,552,272,280,90,74,86,96,92,114,48,38,44,48,44,50,42,36,42,48,48,64
2015_2,신응암시장,525,260,265,107,58,96,93,76,95,57,31,47,47,37,41,50,27,49,46,39,54
2015_2,녹번시장,50,24,26,10,6,9,8,8,9,5,3,4,4,4,4,5,3,5,4,4,5
2015_2,갈현시장,54,26,28,9,8,8,9,9,11,5,4,4,4,4,5,4,4,4,5,5,6
2015_2,연서시장,186,91,95,29,25,30,31,32,39,15,13,16,15,15,17,14,12,14,16,17,22
2015_2,상계중앙시장,1716,841,875,324,246,238,306,292,310,166,127,123,146,142,137,158,119,115,160,150,173
2015_2,상계시장,14,7,7,2,2,2,2,2,4,1,1,1,1,1,2,1,1,1,1,1,2
2015_2,공릉동도깨비시장,1649,810,839,279,277,296,251,268,278,144,140,152,126,124,124,135,137,144,125,144,154
2015_2,방학동도깨비시장,1402,710,692,250,185,189,254,248,276,133,98,102,130,123,124,117,87,87,124,125,152
2015_2,쌍문역골목시장,857,420,437,135,123,146,136,143,174,71,61,76,69,64,79,64,62,70,67,79,95
2015_2,백운시장,695,340,355,126,92,98,119,119,141,63,46,50,60,56,65,63,46,48,59,63,76
2015_2,신도봉시장,134,69,65,19,17,19,21,24,34,10,9,11,11,12,16,9,8,8,10,12,18
2015_2,창동골목시장,1015,511,504,183,127,161,180,168,196,96,67,84,92,84,88,87,60,77,88,84,108
2015_2,창동신창시장,2095,1031,1064,398,293,344,360,347,353,204,148,172,177,170,160,194,145,172,183,177,193
2015_2,수유북부시장,59,30,29,9,8,9,10,10,13,5,4,5,5,5,6,4,4,4,5,5,7
2015_2,장미원골목시장,1600,786,814,262,202,226,270,272,368,137,101,118,134,131,165,125,101,108,136,141,203
2015_2,수유중앙시장,25,12,13,4,4,4,4,4,5,2,2,2,2,2,2,2,2,2,2,2,3
2015_2,강북종합시장,850,423,427,114,126,149,138,144,179,61,63,80,69,69,81,53,63,69,69,75,98
2015_2,우이시장,1893,931,962,308,247,289,304,324,421,160,127,152,152,153,187,148,120,137,152,171,234
2015_2,수유전통시장,574,289,285,92,79,89,96,98,120,48,41,48,50,47,55,44,38,41,46,51,65
2015_2,번동북부골목시장,1081,536,545,164,161,190,184,171,211,86,78,99,97,82,94,78,83,91,87,89,117
2015_2,솔샘시장,420,204,216,109,44,72,87,53,55,55,22,33,45,26,23,54,22,39,42,27,32
2015_2,숭인시장,225,113,112,33,30,34,39,40,49,17,16,18,20,20,22,16,14,16,19,20,27
2015_2,방천골목시장,1768,860,908,271,245,281,294,305,372,136,121,150,144,142,167,135,124,131,150,163,205
2015_2,동북시장,33,17,16,6,4,5,6,6,6,3,2,3,3,3,3,3,2,2,3,3,3
2015_2,석관황금시장,2456,1235,1221,392,346,398,407,425,488,206,176,206,209,210,228,186,170,192,198,215,260
2015_2,석관시장,169,84,85,27,24,27,28,29,34,14,12,14,14,14,16,13,12,13,14,15,18
2015_2,새석관시장,120,60,60,19,17,19,20,21,24,10,9,10,10,10,11,9,8,9,10,11,13
2015_2,번동시장,73,38,35,13,9,10,13,13,15,7,5,5,7,7,7,6,4,5,6,6,8
2015_2,장위전통시장,1941,976,965,315,256,281,340,337,412,161,133,154,176,164,188,154,123,127,164,173,224
2015_2,밤나무골시장,187,91,96,38,22,32,32,29,34,19,11,15,17,14,15,19,11,17,15,15,19
2015_2,길음시장,91,44,47,23,10,17,18,11,12,12,5,8,9,5,5,11,5,9,9,6,7
2015_2,정릉시장,1578,786,792,258,240,238,253,254,335,135,130,129,126,120,146,123,110,109,127,134,189
2015_2,정릉아리랑시장,458,226,232,88,56,75,77,73,89,47,28,38,39,35,39,41,28,37,38,38,50
2015_2,돈암제일시장,182,88,94,31,30,31,32,25,33,16,14,16,16,12,14,15,16,15,16,13,19
2015_2,유영시장,88,43,45,15,12,13,16,16,16,7,6,7,8,8,7,8,6,6,8,8,9
2015_2,우림골목시장,2590,1310,1280,411,377,406,425,490,481,209,194,216,217,250,224,202,183,190,208,240,257
2015_2,묵1동도깨비시장,1103,540,563,205,158,187,186,179,188,105,76,94,92,86,87,100,82,93,94,93,101
2015_2,태능시장,837,433,404,112,122,129,144,167,163,60,62,69,78,88,76,52,60,60,66,79,87
2015_2,중화제일시장,2125,1086,1039,308,308,342,358,398,411,165,156,184,188,202,191,143,152,158,170,196,220
2015_2,사가정시장,2169,1087,1082,342,321,354,370,386,396,172,167,187,187,191,183,170,154,167,183,195,213
2015_2,면목골목시장,1574,789,785,243,231,263,259,282,296,126,118,139,131,141,134,117,113,124,128,141,162
2015_2,동원시장,2305,1161,1144,363,347,388,405,389,413,191,174,208,207,192,189,172,173,180,198,197,224
2015_2,동부골목시장,1418,713,705,215,212,246,248,246,251,110,104,131,130,123,115,105,108,115,118,123,136
2015_2,이경시장,274,138,136,38,51,46,44,41,54,20,25,25,23,21,24,18,26,21,21,20,30
2015_2,회기시장,1195,577,618,179,291,222,158,148,197,88,140,116,80,69,84,91,151,106,78,79,113
2015_2,청량리청과물시장,80,39,41,12,12,12,12,14,18,6,6,6,6,7,8,6,6,6,6,7,10
2015_2,전곡시장,326,165,161,64,40,58,57,51,56,34,21,29,30,25,26,30,19,29,27,26,30
2015_2,답십리시장,528,261,267,97,66,84,94,86,101,49,34,42,48,42,46,48,32,42,46,44,55
2015_2,답십리현대시장,783,390,393,145,98,124,142,124,150,74,51,62,74,61,68,71,47,62,68,63,82
2015_2,전농로터리시장,64,33,31,10,9,10,11,11,13,5,5,5,6,6,6,5,4,5,5,5,7
2015_2,청량리종합시장,275,141,134,39,45,44,40,44,63,20,25,24,22,22,28,19,20,20,18,22,35
2015_2,청량리전통시장,163,82,81,23,25,26,25,26,38,12,13,14,13,13,17,11,12,12,12,13,21
2015_2,청량리농수산물시장,169,87,82,24,27,27,25,28,38,12,15,15,14,14,17,12,12,12,11,14,21
2015_2,서울약령시장,1949,1004,945,273,314,313,286,315,448,140,174,173,158,156,203,133,140,140,128,159,245
2015_2,경동시장,12,6,6,2,2,2,2,2,2,1,1,1,1,1,1,1,1,1,1,1,1
2015_2,청량리수산시장,437,226,211,60,65,75,69,73,95,31,33,41,38,39,44,29,32,34,31,34,51
2015_2,구의시장,34,17,17,6,4,6,6,6,6,3,2,3,3,3,3,3,2,3,3,3,3
2015_2,조양시장,193,99,94,25,31,32,33,35,37,13,16,17,18,18,17,12,15,15,15,17,20
2015_2,영동교골목시장,1922,978,944,244,308,322,327,354,367,126,155,171,175,183,168,118,153,151,152,171,199
2015_2,능동로골목시장,610,302,308,111,94,102,103,106,94,57,47,50,52,53,43,54,47,52,51,53,51
2015_2,노룬산골목시장,731,363,368,131,111,124,123,126,116,66,56,61,63,63,54,65,55,63,60,63,62
2015_2,자양종합시장,54,26,28,10,8,10,9,9,8,5,4,5,4,4,4,5,4,5,5,5,4
2015_2,자양골목시장,2434,1204,1230,382,406,460,402,390,394,200,200,236,201,190,177,182,206,224,201,200,217
2015_2,신성골목시장,127,63,64,23,18,21,22,21,22,12,9,11,11,10,10,11,9,10,11,11,12
2015_2,면곡골목시장,588,294,294,97,86,101,106,101,97,52,44,53,53,48,44,45,42,48,53,53,53
2015_2,중곡제일시장,1124,559,565,161,183,221,184,187,188,83,89,116,93,91,87,78,94,105,91,96,101
2015_2,화양제일골목시장,893,438,455,84,294,186,110,100,119,42,133,98,62,49,54,42,161,88,48,51,65
2015_2,한아름시장,100,49,51,10,33,21,12,11,13,5,15,11,7,5,6,5,18,10,5,6,7
2015_2,성동용답상가시장,2097,1112,985,308,301,338,395,368,387,159,152,191,223,206,181,149,149,147,172,162,206
2015_2,뚝도시장,411,214,197,64,62,67,72,76,70,33,33,36,39,40,33,31,29,31,33,36,37
2015_2,금남시장,457,220,237,80,57,92,77,67,84,41,28,45,39,31,36,39,29,47,38,36,48
2015_2,행당시장,1520,750,770,247,232,256,253,253,279,124,118,131,125,128,124,123,114,125,128,125,155
2015_2,마장축산물시장,778,388,390,138,128,120,130,125,137,73,63,61,65,63,63,65,65,59,65,62,74
2015_2,보광시장,13,6,7,2,2,2,2,2,3,1,1,1,1,1,1,1,1,1,1,1,2
2015_2,이태원제일시장,65,30,35,9,8,13,10,10,15,5,4,6,5,4,6,4,4,7,5,6,9
2015_2,이태원시장,95,44,51,11,13,16,15,17,23,5,7,8,7,8,9,6,6,8,8,9,14
2015_2,이촌종합시장,137,64,73,32,15,21,27,19,23,16,7,9,13,9,10,16,8,12,14,10,13
2015_2,용문전통시장,714,347,367,134,91,133,122,103,131,68,45,65,63,49,57,66,46,68,59,54,74
2015_2,만리시장,56,26,30,8,10,10,10,8,10,4,4,5,5,4,4,4,6,5,5,4,6
2015_2,신흥시장,72,35,37,11,10,13,11,11,16,6,5,7,5,5,7,5,5,6,6,6,9
2015_2,후암시장,462,230,232,81,62,78,81,72,88,43,33,41,41,35,37,38,29,37,40,37,51
2015_2,합동(새벽)시장,10,5,5,2,0,2,2,2,2,1,0,1,1,1,1,1,0,1,1,1,1
2015_2,서울중앙시장,1473,741,732,199,229,296,235,230,284,104,109,152,126,121,129,95,120,144,109,109,155
2015_2,백학시장,1198,599,599,203,159,204,214,196,222,105,83,104,113,100,94,98,76,100,101,96,128
2015_2,약수시장,2842,1365,1477,451,366,501,451,465,608,229,179,249,227,222,259,222,187,252,224,243,349
2015_2,동평화시장,81,41,40,11,12,12,16,14,16,6,6,6,9,7,7,5,6,6,7,7,9
2015_2,방산종합시장,367,229,138,30,32,40,53,89,123,15,16,23,37,64,74,15,16,17,16,25,49
2015_2,인현시장,179,95,84,16,24,24,28,37,50,8,12,13,17,20,25,8,12,11,11,17,25
2015_2,신중부시장,228,126,102,19,27,32,34,50,66,9,14,18,21,30,34,10,13,14,13,20,32
2015_2,남대문시장,579,313,266,53,59,70,92,137,168,25,28,37,54,83,86,28,31,33,38,54,82
2015_2,신설종합시장,71,36,35,8,12,12,11,13,15,4,6,6,6,7,7,4,6,6,5,6,8
2015_2,동묘시장,909,465,444,102,152,158,148,156,193,53,73,83,79,84,93,49,79,75,69,72,100
2015_2,창신골목시장,489,254,235,67,64,62,93,95,108,34,34,35,48,51,52,33,30,27,45,44,56
2015_2,충신시장,88,48,40,11,13,11,16,16,21,6,7,7,9,9,10,5,6,4,7,7,11
2015_2,종로신진시장,169,92,77,20,25,21,31,31,41,11,13,13,17,18,20,9,12,8,14,13,21
2015_2,광장시장,3,2,1,0,0,0,0,1,2,0,0,0,0,1,1,0,0,0,0,0,1
2015_2,통인시장,815,389,426,170,101,124,153,113,154,92,52,54,70,56,65,78,49,70,83,57,89
2015_2,서울 노원구 노원역_3,793,392,401,148,123,104,141,145,132,75,61,52,68,72,64,73,62,52,73,73,68
2015_2,서울 노원구 노원역_2,583,272,311,127,76,104,108,86,82,64,37,48,51,38,34,63,39,56,57,48,48
2015_2,서울 노원구 노원역_1,940,442,498,206,122,165,176,140,131,105,58,76,84,64,55,101,64,89,92,76,76
2015_2,창동역,2875,1389,1486,631,390,420,544,468,422,323,193,201,254,232,186,308,197,219,290,236,236
2015_2,서울 강북구 수유역_3,599,298,301,80,90,104,97,101,127,43,45,56,49,48,57,37,45,48,48,53,70
2015_2,서울 강북구 수유역_2,1506,750,756,202,226,261,244,253,320,106,114,139,122,122,147,96,112,122,122,131,173
2015_2,서울 강북구 수유역_1,776,385,391,118,116,137,130,123,152,61,56,71,69,59,69,57,60,66,61,64,83
2015_2,서울 은평구 연신내역_3,51,25,26,8,7,8,8,9,11,4,4,4,4,4,5,4,3,4,4,5,6
2015_2,서울 은평구 연신내역_2,870,425,445,165,122,142,154,134,153,84,61,74,74,64,68,81,61,68,80,70,85
2015_2,서울 은평구 연신내역_1,143,68,75,24,20,26,24,22,27,12,9,13,12,10,12,12,11,13,12,12,15
2015_2,서울 성북구 미아삼거리역_2,1160,576,584,190,155,185,194,199,237,101,79,94,99,97,106,89,76,91,95,102,131
2015_2,서울 강북구 미아삼거리역_1,519,252,267,80,71,84,87,90,107,40,35,44,43,42,48,40,36,40,44,48,59
2015_2,서울 은평구 불광역_2,1839,889,950,337,242,323,308,287,342,174,118,159,154,137,147,163,124,164,154,150,195
2015_2,서울 은평구 불광역_1,659,315,344,108,96,119,110,101,125,53,45,61,55,46,55,55,51,58,55,55,70
2015_2,미아사거리_2,174,87,87,30,23,28,29,29,35,16,12,14,15,14,16,14,11,14,14,15,19
2015_2,미아사거리_1,777,382,395,160,89,133,137,121,137,80,45,64,72,59,62,80,44,69,65,62,75
2015_2,서울 성북구 성신여대입구역,952,423,529,136,218,173,144,120,161,68,78,83,71,55,68,68,140,90,73,65,93
2015_2,경희대학교,667,321,346,99,165,127,86,81,109,48,79,66,44,38,46,51,86,61,42,43,63
2015_2,서울 성북구 안암역,516,262,254,68,137,81,75,71,84,36,71,45,39,35,36,32,66,36,36,36,48
2015_2,혜화역 대학로_3,968,478,490,148,225,150,148,125,172,76,119,77,72,62,72,72,106,73,76,63,100
2015_2,혜화역 대학로_2,910,450,460,138,211,143,139,117,162,71,113,74,68,57,67,67,98,69,71,60,95
2015_2,혜화역 대학로_1,612,293,319,87,124,109,97,85,110,44,57,56,46,42,48,43,67,53,51,43,62
2015_2,디지털미디어시티,203,99,104,54,22,35,39,25,28,28,11,16,20,12,12,26,11,19,19,13,16
2015_2,서울 동대문구 청량리역,2369,1187,1182,334,313,346,363,429,584,171,167,185,191,213,260,163,146,161,172,216,324
2015_2,서울 종로구 경복궁역_2,555,259,296,91,71,88,94,88,123,47,32,41,45,41,53,44,39,47,49,47,70
2015_2,서울 종로구 안국역_2,198,95,103,29,22,30,30,34,53,15,11,15,15,16,23,14,11,15,15,18,30
2015_2,서울 종로구 안국역_1,122,57,65,20,14,19,22,19,28,10,6,9,11,9,12,10,8,10,11,10,16
2015_2,서울 종로구 경복궁역_1,997,467,530,162,129,157,170,158,221,84,59,73,81,74,96,78,70,84,89,84,125
2015_2,서울 종로구 종로3가역_3,587,335,252,57,67,73,91,126,173,23,36,42,60,81,93,34,31,31,31,45,80
2015_2,서울 종로구 종로3가역_2,1924,1109,815,183,222,235,295,420,569,77,122,137,197,269,307,106,100,98,98,151,262
2015_2,서울 동대문구 신설동역_2,179,92,87,25,27,31,27,30,39,13,14,17,14,16,18,12,13,14,13,14,21
2015_2,인사동,592,342,250,56,68,72,91,129,176,24,37,42,61,83,95,32,31,30,30,46,81
2015_2,서울 종로구 종로5가역_4,592,339,253,57,68,74,91,128,174,24,37,43,60,81,94,33,31,31,31,47,80
2015_2,서울 종로구 종로5가역_3,393,212,181,45,60,51,72,70,95,24,33,32,39,39,45,21,27,19,33,31,50
2015_2,종로구청,348,198,150,34,40,44,54,74,102,14,21,25,35,48,55,20,19,19,19,26,47
2015_2,서울 종로구 종로5가역_2,1243,676,567,144,179,169,202,232,317,70,92,96,119,139,160,74,87,73,83,93,157
2015_2,신설동역,627,324,303,72,105,108,103,105,134,39,50,57,56,57,65,33,55,51,47,48,69
2015_2,서울 동대문구 신설동역_1,78,40,38,11,12,13,12,13,17,6,6,7,6,7,8,5,6,6,6,6,9
2015_2,서울 종로구 광화문역_2,1867,878,989,302,242,297,317,297,412,154,112,140,151,141,180,148,130,157,166,156,232
2015_2,동묘앞역,693,369,324,87,85,88,125,140,168,46,46,49,65,78,85,41,39,39,60,62,83
2015_2,장안동사거리,2609,1315,1294,476,332,480,443,428,450,246,171,241,235,210,212,230,161,239,208,218,238
2015_2,서울 종로구 동대문역_2,1056,561,495,132,128,134,188,215,259,70,69,75,98,119,130,62,59,59,90,96,129
2015_2,서울 종로구 동대문역_1,158,80,78,23,23,20,31,29,32,12,12,11,16,15,14,11,11,9,15,14,18
2015_2,동대문시장_2,8,5,3,0,1,1,2,2,2,0,1,1,1,1,1,0,0,0,1,1,1
2015_2,서울 종로구 종로5가역_1,8,5,3,0,1,1,2,2,2,0,1,1,1,1,1,0,0,0,1,1,1
2015_2,서울 종로구 종로3가역_1,236,136,100,22,26,28,36,53,71,10,14,16,24,34,38,12,12,12,12,19,33
2015_2,종각역 젊음의 거리,6,4,2,0,0,0,0,2,4,0,0,0,0,2,2,0,0,0,0,0,2
2015_2,서대문구 서대문역_1,399,194,205,63,48,63,69,66,90,31,23,33,37,33,37,32,25,30,32,33,53
2015_2,동대문시장_1,6,4,2,0,0,1,1,2,2,0,0,1,1,1,1,0,0,0,0,1,1
2015_2,시청역_2,79,42,37,9,9,20,14,13,14,4,5,11,7,8,7,5,4,9,7,5,7
2015_2,서울시청,50,20,30,3,6,7,8,11,15,1,3,3,4,4,5,2,3,4,4,7,10
2015_2,서울 중구 을지로3가역_2,672,410,262,52,59,77,99,163,222,26,30,42,69,112,131,26,29,35,30,51,91
2015_2,서울 중구 신당역_2,86,44,42,12,12,12,17,15,18,6,6,6,10,8,8,6,6,6,7,7,10
2015_2,서대문구 서대문역_2,1039,505,534,188,132,167,183,163,206,97,67,83,92,80,86,91,65,84,91,83,120
2015_2,동대문역사문화공원역,394,212,182,35,51,54,62,83,109,17,26,30,38,46,55,18,25,24,24,37,54
2015_2,서울 중구 을지로3가역_1,160,98,62,12,14,18,23,38,55,6,7,11,16,26,32,6,7,7,7,12,23
2015_2,명동거리,62,27,35,6,6,7,12,14,17,3,3,3,6,6,6,3,3,4,6,8,11
2015_2,롯데백화점,100,54,46,13,12,23,18,17,17,6,7,13,10,10,8,7,5,10,8,7,9
2015_2,서울 중구 신당역_1,900,450,450,151,116,156,162,147,168,77,61,81,86,74,71,74,55,75,76,73,97
2015_2,북창동,200,104,96,27,26,44,35,33,35,12,14,25,18,18,17,15,12,19,17,15,18
2015_2,서울 중구 충무로역_2,623,344,279,59,76,82,94,131,181,29,39,46,58,78,94,30,37,36,36,53,87
2015_2,서울 강서구 송정역,1934,986,948,298,291,377,298,320,350,154,142,208,162,158,162,144,149,169,136,162,188
2015_2,장한평역_2,1090,550,540,186,145,207,178,184,190,94,75,105,94,90,92,92,70,102,84,94,98
2015_2,시청역_1,348,184,164,46,43,81,60,57,61,21,24,45,32,32,30,25,19,36,28,25,31
2015_2,왕십리역_2,419,207,212,66,68,71,69,67,78,34,33,36,35,34,35,32,35,35,34,33,43
2015_2,서울 강서구 발산역,504,240,264,91,78,74,79,91,91,47,40,38,36,43,36,44,38,36,43,48,55
2015_2,장한평역_1,160,81,79,28,20,30,26,28,28,14,10,15,14,14,14,14,10,15,12,14,14
2015_2,서울 중구 충무로역_1,630,332,298,75,103,104,92,112,144,38,56,61,54,56,67,37,47,43,38,56,77
2015_2,장한평역,198,105,93,29,28,31,38,35,37,15,14,18,21,20,17,14,14,13,17,15,20
2015_2,서울 중구 명동역,667,290,377,58,74,96,120,135,184,27,36,42,57,57,71,31,38,54,63,78,113
2015_2,장충동 족발거리,241,126,115,33,56,42,35,31,44,17,32,23,18,16,20,16,24,19,17,15,24
2015_2,한양시장,318,169,149,39,104,48,38,36,53,19,61,29,19,17,24,20,43,19,19,19,29
2015_2,서울 서대문구 이대역,904,426,478,121,268,170,110,99,136,66,113,85,55,48,59,55,155,85,55,51,77
2015_2,서울 서대문구 신촌역,1529,718,811,207,464,280,188,162,228,112,193,140,94,80,99,95,271,140,94,82,129
2015_2,서울 마포구 홍대입구역_3,62,28,34,8,14,14,8,8,10,4,6,6,4,4,4,4,8,8,4,4,6
2015_2,서울 마포구 홍대입구역_2,712,330,382,83,153,168,111,87,110,41,64,79,55,42,49,42,89,89,56,45,61
2015_2,홍익대학교 주변,8286,3852,4434,1054,1744,1885,1307,1027,1269,526,745,877,644,491,569,528,999,1008,663,536,700
2015_2,서울 광진구 군자역,2014,981,1033,280,397,434,295,288,320,143,187,222,149,134,146,137,210,212,146,154,174
2015_2,신촌역,1050,503,547,119,231,210,159,147,184,61,106,104,84,70,78,58,125,106,75,77,106
2015_2,강서구청,3563,1760,1803,626,538,686,554,598,561,335,260,361,272,273,259,291,278,325,282,325,302
2015_2,서울 마포구 홍대입구역_1,704,325,379,85,151,166,108,86,108,42,62,77,53,42,49,43,89,89,55,44,59
2015_2,서울 중구 약수역_2,14,7,7,2,2,3,2,2,3,1,1,2,1,1,1,1,1,1,1,1,2
2015_2,서울 중구 약수역_1,115,55,60,18,15,20,18,19,25,9,7,10,9,9,11,9,8,10,9,10,14
2015_2,서울 강동구 고덕역,2669,1342,1327,589,421,293,477,513,376,321,232,141,213,250,185,268,189,152,264,263,191
2015_2,등촌역,1018,498,520,177,165,178,164,176,158,94,82,91,76,85,70,83,83,87,88,91,88
2015_2,서울 강동구 명일역,3620,1772,1848,794,504,557,646,601,518,419,257,271,304,286,235,375,247,286,342,315,283
2015_2,어린이대공원역,660,328,332,79,171,133,89,90,98,40,80,70,49,44,45,39,91,63,40,46,53
2015_2,서울 마포구 공덕역_2,85,42,43,12,12,18,13,14,16,6,6,9,7,7,7,6,6,9,6,7,9
2015_2,공덕역,141,69,72,22,19,26,23,24,27,11,9,13,12,12,12,11,10,13,11,12,15
2015_2,서울 용산구 숙대입구역,868,531,337,78,101,131,160,193,205,44,51,78,109,130,119,34,50,53,51,63,86
2015_2,남영역,11,6,5,1,2,2,2,2,2,1,1,1,1,1,1,0,1,1,1,1,1
2015_2,서울 마포구 마포역_2,4465,2150,2315,922,526,838,865,607,707,468,257,383,444,301,297,454,269,455,421,306,410
2015_2,서울 광진구 건대입구역_2,2875,1410,1465,272,944,597,352,325,385,136,426,316,198,161,173,136,518,281,154,164,212
2015_2,서울 마포구 마포역_1,833,399,434,152,112,149,138,127,155,80,52,72,68,61,66,72,60,77,70,66,89
2015_2,서울 강동구 천호역_2,2112,1070,1042,299,298,398,335,384,398,153,150,212,180,189,186,146,148,186,155,195,212
2015_2,서울 광진구 건대입구역_1,2184,1114,1070,281,352,364,369,400,418,146,177,194,199,206,192,135,175,170,170,194,226
2015_2,서울 광진구 구의역,2054,994,1060,301,368,430,336,305,314,153,175,219,165,143,139,148,193,211,171,162,175
2015_2,서울 강동구 천호역,295,145,150,46,44,53,48,51,53,23,22,28,24,24,24,23,22,25,24,27,29
2015_2,당산역_2,1179,565,614,201,215,251,172,164,176,102,94,124,86,78,81,99,121,127,86,86,95
2015_2,서울 강동구 천호역_1,364,180,184,51,56,72,55,64,66,26,28,38,28,30,30,25,28,34,27,34,36
2015_2,서울 강동구 길동역,3784,1870,1914,655,570,714,597,649,599,347,282,367,292,299,283,308,288,347,305,350,316
2015_2,용산 전자상가_5,990,488,502,158,144,213,156,148,171,81,66,106,84,74,77,77,78,107,72,74,94
2015_2,용산 전자상가_4,316,151,165,57,43,61,53,47,55,27,20,30,27,23,24,30,23,31,26,24,31
2015_2,당산역_1,1536,750,786,279,261,321,241,215,219,141,117,161,124,107,100,138,144,160,117,108,119
2015_2,서울 광진구 강변역,140,68,72,27,22,24,24,23,20,14,11,12,11,11,9,13,11,12,13,12,11
2015_2,용산 전자상가_3,516,253,263,81,73,103,83,81,95,41,35,51,44,40,42,40,38,52,39,41,53
2015_2,서울 용산구 이태원역,1363,638,725,155,193,238,215,235,327,77,101,120,104,109,127,78,92,118,111,126,200
2015_2,한남오거리,464,221,243,59,64,98,77,73,93,30,31,49,38,34,39,29,33,49,39,39,54
2015_2,용산 전자상가_2,113,56,57,14,16,20,17,20,26,7,8,10,9,10,12,7,8,10,8,10,14
2015_2,용산구청,221,104,117,26,31,39,35,38,52,13,16,20,17,18,20,13,15,19,18,20,32
2015_2,용산 전자상가_1,209,104,105,25,30,38,32,36,48,13,15,19,17,18,22,12,15,19,15,18,26
2015_2,국회의사당역_2,1116,534,582,218,140,182,188,168,220,113,67,84,92,79,99,105,73,98,96,89,121
2015_2,서울 용산구 신용산역,492,244,248,60,68,88,75,88,113,31,34,44,39,44,52,29,34,44,36,44,61
2015_2,국회의사당역_1,314,150,164,61,39,52,53,47,62,31,19,24,26,22,28,30,20,28,27,25,34
2015_2,압구정 로데오거리_2,3298,1529,1769,691,386,544,595,434,648,343,174,240,280,202,290,348,212,304,315,232,358
2015_2,서울 강남구 압구정역,3612,1676,1936,755,422,601,663,473,698,374,193,266,311,219,313,381,229,335,352,254,385
2015_2,서울 영등포구 영등포구청역,1173,582,591,174,175,234,180,189,221,86,88,119,95,92,102,88,87,115,85,97,119
2015_2,압구정 로데오거리_1,827,396,431,156,121,152,148,123,127,85,58,68,68,58,59,71,63,84,80,65,68
2015_2,서울 강동구 둔촌동역,911,457,454,157,139,175,149,152,139,87,71,90,74,71,64,70,68,85,75,81,75
2015_2,오목교역,1137,551,586,308,143,143,255,171,117,156,68,63,120,88,56,152,75,80,135,83,61
2015_2,신사동 가로수길,6154,2889,3265,1128,918,1144,1087,817,1060,577,414,510,514,388,486,551,504,634,573,429,574
2015_2,서울 영등포구 여의도역_2,1224,582,642,240,153,200,205,184,242,122,73,92,100,86,109,118,80,108,105,98,133
2015_2,청담사거리_3,245,118,127,48,35,46,42,36,38,26,17,21,20,17,17,22,18,25,22,19,21
2015_2,영등포유통상가,683,338,345,101,100,137,105,110,130,49,50,70,56,53,60,52,50,67,49,57,70
2015_2,청담역_2,441,210,231,84,63,81,78,66,69,45,30,36,36,31,32,39,33,45,42,35,37
2015_2,청담역_1,167,79,88,32,25,30,29,25,26,17,12,13,13,12,12,15,13,17,16,13,14
2015_2,청담사거리_2,307,146,161,58,45,56,54,46,48,31,21,25,25,21,23,27,24,31,29,25,25
2015_2,청담사거리_1,730,348,382,139,107,133,129,109,113,74,51,60,60,51,52,65,56,73,69,58,61
2015_2,서울 영등포구 여의도역_1,2430,1155,1275,477,303,396,406,365,483,243,145,182,197,170,218,234,158,214,209,195,265
2015_2,서울 양천구 신정네거리역_2,383,190,193,64,55,75,60,62,67,33,27,39,30,29,32,31,28,36,30,33,35
2015_2,학동사거리_2,457,218,239,87,67,85,80,67,71,47,32,38,37,32,32,40,35,47,43,35,39
2015_2,서울 영등포구 영등포시장역,1220,691,529,126,219,233,183,216,243,64,109,133,119,135,131,62,110,100,64,81,112
2015_2,학동사거리_1,542,254,288,84,83,123,89,72,91,43,37,55,43,34,42,41,46,68,46,38,49
2015_2,여의도 시범아파트앞,877,417,460,172,110,142,147,133,173,88,52,65,72,62,78,84,58,77,75,71,95
2015_2,영등포역_3,619,356,263,62,110,121,92,111,123,33,54,70,62,70,67,29,56,51,30,41,56
2015_2,도산공원사거리_1,507,235,272,101,63,88,91,66,98,51,28,39,43,30,44,50,35,49,48,36,54
2015_2,영등포역_2,666,377,289,68,120,127,100,116,135,35,59,73,65,73,72,33,61,54,35,43,63
2015_2,문래동 주민센터,206,102,104,43,25,43,34,27,34,22,12,21,18,13,16,21,13,22,16,14,18
2015_2,강남구 신사역_2,1081,497,584,110,217,304,165,132,153,55,90,137,85,60,70,55,127,167,80,72,83
2015_2,영등포역_1,209,119,90,22,38,40,31,36,42,11,19,23,20,23,23,11,19,17,11,13,19
2015_2,서울 강남구 강남구청역_2,183,86,97,26,29,44,30,24,30,14,13,19,15,11,14,12,16,25,15,13,16
2015_2,강남구 신사역_1,1743,831,912,386,222,324,364,232,215,197,103,148,177,110,96,189,119,176,187,122,119
2015_2,서울 동작구 노량진1동_1,26,13,13,4,4,5,4,4,5,2,2,3,2,2,2,2,2,2,2,2,3
2015_2,서울 강남구 학동역_3,169,80,89,25,28,41,26,22,27,13,12,19,13,10,13,12,16,22,13,12,14
2015_2,서울 강남구 강남구청역_1,515,247,268,73,86,124,83,66,83,40,38,57,41,32,39,33,48,67,42,34,44
2015_2,잠실역,3894,1854,2040,796,574,586,647,671,620,398,285,269,290,315,297,398,289,317,357,356,323
2015_2,강남구 논현역_4,3733,1771,1962,827,475,694,784,494,459,422,218,316,380,234,201,405,257,378,404,260,258
2015_2,학동역,721,331,390,72,145,203,108,91,102,36,60,92,56,41,46,36,85,111,52,50,56
2015_2,방이동 먹자골목,3175,1554,1621,489,513,702,505,507,459,260,248,354,245,233,214,229,265,348,260,274,245
2015_2,서울 강남구 학동역_2,135,65,70,19,22,32,22,19,21,10,10,15,11,9,10,9,12,17,11,10,11
2015_2,서울 동작구 노량진역,1610,805,805,262,267,284,244,248,305,136,143,151,127,115,133,126,124,133,117,133,172
2015_2,삼성역_3,3,1,2,2,0,0,1,0,0,1,0,0,0,0,0,1,0,0,1,0,0
2015_2,서울 강남구 학동역_1,1082,499,583,109,219,303,164,135,152,55,92,136,84,62,70,54,127,167,80,73,82
2015_2,선정릉역_2,1925,922,1003,407,256,408,386,226,242,223,119,172,190,109,109,184,137,236,196,117,133
2015_2,강남구 논현역_3,125,58,67,12,26,35,19,15,18,6,11,16,10,7,8,6,15,19,9,8,10
2015_2,포스코사거리_2,807,406,401,156,118,134,136,131,132,93,62,64,61,63,63,63,56,70,75,68,69
2015_2,포스코사거리_1,3641,1743,1898,771,480,774,727,427,462,421,223,328,356,208,207,350,257,446,371,219,255
2015_2,잠실역 롯데월드,4157,1997,2160,938,538,667,716,636,662,481,260,296,345,295,320,457,278,371,371,341,342
2015_2,신도림역,1023,507,516,186,153,211,165,151,157,95,71,106,86,74,75,91,82,105,79,77,82
2015_2,강남구 논현역_2,4487,2064,2423,446,908,1259,678,563,633,223,378,567,349,258,289,223,530,692,329,305,344
2015_2,선정릉역_1,738,355,383,157,97,156,147,87,94,87,45,66,73,42,42,70,52,90,74,45,52
2015_2,신천역,2788,1326,1462,441,485,613,452,416,381,224,221,298,219,193,171,217,264,315,233,223,210
2015_2,강남구 논현역_1,5075,2450,2625,1042,749,1052,941,666,625,538,345,483,485,319,280,504,404,569,456,347,345
2015_2,삼성역_2,493,249,244,119,75,46,101,91,61,69,39,20,43,48,30,50,36,26,58,43,31
2015_2,삼정역_2,741,349,392,106,123,180,119,96,117,56,54,83,58,44,54,50,69,97,61,52,63
2015_2,삼정역_1,68,31,37,6,14,20,10,9,9,3,6,9,5,4,4,3,8,11,5,5,5
2015_2,삼성역_1,4554,2303,2251,1097,691,437,948,817,564,628,368,198,408,429,272,469,323,239,540,388,292
2015_2,서울 강남구 선릉역_2,2250,1064,1186,223,471,656,339,279,282,111,192,311,181,137,132,112,279,345,158,142,150
2015_2,서울 서초구 강남역,3321,1570,1751,324,698,969,503,409,418,160,286,460,269,200,195,164,412,509,234,209,223
2015_2,서울 강남구 선릉역_1,1693,811,882,360,224,360,337,198,214,197,105,152,165,96,96,163,119,208,172,102,118
2015_2,서울 송파구 석촌역_2,484,230,254,78,82,104,75,74,71,39,37,50,36,35,33,39,45,54,39,39,38
2015_2,선릉역_2,5143,2425,2718,976,875,981,1080,675,556,525,408,423,477,338,254,451,467,558,603,337,302
2015_2,서울 강남구 역삼역_2,958,454,504,98,201,277,146,118,118,49,81,132,78,58,56,49,120,145,68,60,62
2015_2,서울 송파구 석촌역_1,258,123,135,42,44,56,39,39,38,21,20,27,19,18,18,21,24,29,20,21,20
2015_2,서울 강남구 강남역_2,3214,1563,1651,791,373,492,663,429,466,408,179,214,326,210,226,383,194,278,337,219,240
2015_2,선릉역_1,1435,676,759,346,178,278,298,167,168,178,78,120,142,83,75,168,100,158,156,84,93
2015_2,구로역,384,190,194,64,62,79,61,57,61,33,28,40,32,28,29,31,34,39,29,29,32
2015_2,역삼역_2,367,176,191,90,47,70,75,42,43,46,21,31,37,21,20,44,26,39,38,21,23
2015_2,대림역_2,523,259,264,87,83,108,84,78,83,45,38,55,44,38,39,42,45,53,40,40,44
2015_2,서울 강남구 역삼역_1,3423,1621,1802,339,719,996,517,423,429,168,295,474,275,207,202,171,424,522,242,216,227
2015_2,신대방삼거리역,1349,662,687,264,192,240,235,192,226,137,93,122,117,92,101,127,99,118,118,100,125
2015_2,서울 강남구 한티역,1984,935,1049,375,340,376,416,263,214,202,158,162,184,132,97,173,182,214,232,131,117
2015_2,은마아파트입구사거리_4,549,277,272,133,83,52,114,99,68,77,44,23,49,52,32,56,39,29,65,47,36
2015_2,은마아파트입구사거리_3,293,137,156,55,50,55,61,40,32,29,23,23,27,20,15,26,27,32,34,20,17
2015_2,은마아파트입구사거리_2,129,64,65,32,19,12,27,23,16,18,10,5,12,12,7,14,9,7,15,11,9
2015_2,오류동역,1307,644,663,210,200,254,190,208,245,103,99,132,99,98,113,107,101,122,91,110,132
2015_2,서울 강남구 강남역,860,407,453,85,181,250,131,107,106,42,74,119,70,53,49,43,107,131,61,54,57
2015_2,은마아파트입구사거리_1,181,90,91,56,21,14,44,26,20,31,10,6,19,14,10,25,11,8,25,12,10
2015_2,대림역_1,481,241,240,74,64,98,79,73,93,39,31,52,42,35,42,35,33,46,37,38,51
2015_2,교대역_4,880,427,453,218,104,133,181,117,127,113,50,58,88,58,60,105,54,75,93,59,67
2015_2,서울 강남구 강남역_1,2465,1205,1260,503,331,481,427,348,375,263,162,223,213,164,180,240,169,258,214,184,195
2015_2,방배동카페골목,2767,1303,1464,628,355,395,562,403,424,303,164,176,263,199,198,325,191,219,299,204,226
2015_2,교대역_3,193,96,97,34,30,33,32,31,33,19,15,16,15,15,16,15,15,17,17,16,17
2015_2,역삼역_1,2597,1234,1363,257,546,755,392,321,326,128,225,360,209,158,154,129,321,395,183,163,172
2015_2,교대역_2,1861,893,968,344,285,361,301,275,295,176,136,167,146,129,139,168,149,194,155,146,156
2015_2,서울 송파구 가락시장역,423,212,211,79,68,71,74,74,57,41,34,37,36,37,27,38,34,34,38,37,30
2015_2,서울 서초구 서초역,219,109,110,39,34,36,37,35,38,22,17,18,17,17,18,17,17,18,20,18,20
2015_2,서울 강남구 대치역_2,204,102,102,63,24,15,50,30,22,35,12,6,22,16,11,28,12,9,28,14,11
2015_2,서울 강남구 대치역_1,530,263,267,163,62,40,129,78,58,90,30,17,56,42,28,73,32,23,73,36,30
2015_2,뱅뱅사거리_2,1191,567,624,118,251,347,178,148,149,59,103,166,96,73,70,59,148,181,82,75,79
2015_2,보라매공원,2557,1262,1295,503,351,476,443,357,427,260,168,244,222,171,197,243,183,232,221,186,230
2015_2,교대역_1,2768,1375,1393,493,437,453,468,440,477,277,218,223,217,216,224,216,219,230,251,224,253
2015_2,개봉동 현대아파트 인근,2688,1335,1353,506,342,495,411,435,499,262,177,252,207,200,237,244,165,243,204,235,262
2015_2,뱅뱅사거리,1838,897,941,374,247,360,319,258,280,195,121,166,158,123,134,179,126,194,161,135,146
2015_2,뱅뱅사거리_1,2130,1018,1112,430,333,354,364,341,308,212,156,166,172,165,147,218,177,188,192,176,161
2015_2,서울 관악구 신림역_4,2966,1498,1468,207,966,807,356,282,348,104,441,457,198,137,161,103,525,350,158,145,187
2015_2,동작구 총신대입구역_1,1551,756,795,237,231,316,220,252,295,126,110,158,110,118,134,111,121,158,110,134,161
2015_2,양재역_3,2534,1237,1297,517,341,495,440,355,386,270,168,229,218,168,184,247,173,266,222,187,202
2015_2,동작구 총신대입구역_2,2178,1017,1161,449,308,369,398,310,344,215,139,170,183,151,159,234,169,199,215,159,185
2015_2,서울 서초구 남부터미널역_3,872,420,452,163,132,170,141,130,136,84,63,79,69,61,64,79,69,91,72,69,72
2015_2,서울 강남구 수서역,2243,1021,1222,254,308,435,237,420,589,124,154,238,113,173,219,130,154,197,124,247,370
2015_2,서울 관악구 신림역_3,1012,510,502,70,329,276,121,97,119,36,150,156,67,46,55,34,179,120,54,51,64
2015_2,서울 서초구 남부터미널역_2,3543,1763,1780,628,564,581,593,565,612,351,281,286,278,277,290,277,283,295,315,288,322
2015_2,구로디지탈1단지,2297,1166,1131,348,439,611,328,259,312,179,206,334,183,121,143,169,233,277,145,138,169
2015_2,양재역,2642,1264,1378,532,414,439,452,423,382,262,195,206,215,205,181,270,219,233,237,218,201
2015_2,문정역,489,240,249,89,81,81,79,88,71,46,41,40,38,40,35,43,40,41,41,48,36
2015_2,매봉역,1680,791,889,407,220,226,334,254,239,195,102,98,150,127,119,212,118,128,184,127,120
2015_2,서울 서초구 방배역,1286,614,672,222,190,263,206,186,219,118,89,122,98,86,101,104,101,141,108,100,118
2015_2,서울 서초구 남부터미널역_1,1033,495,538,190,159,200,168,152,164,98,76,92,81,71,77,92,83,108,87,81,87
2015_2,서울 관악구 신림역_2,1992,1015,977,224,450,461,273,265,319,115,233,259,141,118,149,109,217,202,132,147,170
2015_2,서울 관악구 신림역_1,221,113,108,26,49,50,31,30,35,13,26,28,16,14,16,13,23,22,15,16,19
2015_2,양재역_2,1157,560,597,264,144,234,181,157,177,135,72,112,92,72,77,129,72,122,89,85,100
2015_2,양재역_1,17,8,9,4,2,4,2,2,3,2,1,2,1,1,1,2,1,2,1,1,2
2015_2,서울 관악구 서울대입구역_2,1020,505,515,128,222,220,136,138,176,65,104,119,73,64,80,63,118,101,63,74,96
2015_2,가산디지털단지역_3,2071,1169,902,226,418,442,319,347,319,113,230,279,192,193,162,113,188,163,127,154,157
2015_2,구로디지털단지역,369,202,167,40,38,51,75,82,83,21,20,30,44,48,39,19,18,21,31,34,44
2015_2,서울 관악구 서울대입구역_1,3719,1862,1857,475,879,806,504,466,589,240,423,439,272,220,268,235,456,367,232,246,321
2015_2,관악구 사당역_1,701,334,367,120,108,121,111,117,124,61,52,61,51,53,56,59,56,60,60,64,68
2015_2,가산디지털단지역_2,899,508,391,98,181,192,139,152,137,49,99,121,84,85,70,49,82,71,55,67,67
2015_2,관악구 사당역_2,933,452,481,109,189,208,121,142,164,59,87,106,61,62,77,50,102,102,60,80,87
2015_2,가산디지털단지역_1,538,304,234,58,109,115,82,91,83,29,59,73,50,51,42,29,50,42,32,40,41
2015_2,포이사거리_1,185,91,94,36,27,33,34,31,24,19,13,17,16,15,11,17,14,16,18,16,13
2015_2,포이사거리_2,3238,1635,1603,561,484,725,564,464,440,294,239,380,292,227,203,267,245,345,272,237,237
2015_2,관악구 사당역_3,773,373,400,112,156,168,103,107,127,56,71,87,52,48,59,56,85,81,51,59,68
2015_2,서울 관악구 대학동_1,2581,1491,1090,281,614,580,394,335,377,148,367,380,250,169,177,133,247,200,144,166,200
2015_2,서울 금천구 독산1동_1,976,512,464,152,160,195,153,151,165,80,87,112,82,77,74,72,73,83,71,74,91
2015_2,양재동 꽃시장,148,74,74,25,22,34,26,21,20,13,11,18,13,10,9,12,11,16,13,11,11
2015_2,양재 화물트럭터미널앞_2,204,104,100,35,30,46,36,29,28,19,15,24,19,14,13,16,15,22,17,15,15
2015_2,양재 화물트럭터미널앞_1,31,16,15,6,4,7,6,4,4,3,2,4,3,2,2,3,2,3,3,2,2
2015_2,서울 금천구 시흥1동_4,1024,516,508,175,141,175,174,176,183,92,73,91,89,86,85,83,68,84,85,90,98
2015_2,풍성로37가길,3048,1515,1533,429,474,598,466,531,550,221,232,317,240,254,251,208,242,281,226,277,299
2015_2,천호옛길,4447,2219,2228,627,694,873,676,776,801,324,344,465,349,371,366,303,350,408,327,405,435
2015_2,천호옛14길,2700,1340,1360,380,419,533,410,472,486,194,208,282,210,224,222,186,211,251,200,248,264
2015_2,천호대로219길,3691,1842,1849,726,574,500,619,722,550,379,313,263,286,342,259,347,261,237,333,380,291
2015_2,천호대로197길,4080,2018,2062,704,614,771,644,698,649,373,302,398,316,322,307,331,312,373,328,376,342
2015_2,천호대로187길,3268,1617,1651,564,493,616,519,560,516,298,242,318,255,261,243,266,251,298,264,299,273
2015_2,천호대로170길,3676,1831,1845,519,570,721,560,643,663,269,281,383,287,308,303,250,289,338,273,335,360
2015_2,천호대로162길,2191,1091,1100,306,344,429,336,382,394,157,170,228,174,182,180,149,174,201,162,200,214
2015_2,천중로51길,4411,2177,2234,807,657,798,719,746,684,426,325,408,349,349,320,381,332,390,370,397,364
2015_2,천중로39길,5750,2896,2854,905,827,1017,914,1036,1051,470,419,544,472,506,485,435,408,473,442,530,566
2015_2,진황도로47길,2265,1121,1144,389,343,428,359,389,357,207,168,221,177,180,168,182,175,207,182,209,189
2015_2,진황도로27길,8355,4224,4131,1119,1203,1591,1277,1545,1620,563,597,856,688,758,762,556,606,735,589,787,858
2015_2,올림픽로98길,2772,1385,1387,502,377,496,478,464,455,261,193,259,240,227,205,241,184,237,238,237,250
2015_2,올림픽로80길,3078,1557,1521,463,424,570,512,548,561,242,213,298,275,269,260,221,211,272,237,279,301
2015_2,올림픽로78길,1700,859,841,255,233,315,285,302,310,132,117,165,154,147,144,123,116,150,131,155,166
2015_2,올림픽로77길,3241,1639,1602,489,448,602,538,575,589,255,225,314,290,282,273,234,223,288,248,293,316
2015_2,올림픽로71길,4027,2042,1985,608,553,749,669,714,734,319,279,393,360,351,340,289,274,356,309,363,394
2015_2,올림픽로48길,1841,906,935,372,247,355,300,279,288,190,125,173,150,133,135,182,122,182,150,146,153
2015_2,양재대로96길,3266,1624,1642,651,483,518,535,582,497,338,252,261,267,275,231,313,231,257,268,307,266
2015_2,양재대로95길,3971,1982,1989,685,604,762,652,663,605,380,306,388,322,307,279,305,298,374,330,356,326
2015_2,양재대로91길,3847,1923,1924,665,586,737,633,640,586,369,297,377,312,298,270,296,289,360,321,342,316
2015_2,양재대로133길,5182,2597,2585,852,745,900,832,926,927,445,376,482,423,448,423,407,369,418,409,478,504
2015_2,양재대로124길,5541,2743,2798,956,837,1043,873,951,881,508,413,537,429,439,417,448,424,506,444,512,464
2015_2,양재대로116길,1765,874,891,304,268,333,280,300,280,161,132,172,138,139,132,143,136,161,142,161,148
2015_2,양재대로101길,5237,2622,2615,904,798,1004,861,875,795,501,408,513,426,408,366,403,390,491,435,467,429
2015_2,암사길,7199,3599,3600,1312,980,1283,1238,1205,1181,682,500,671,620,593,533,630,480,612,618,612,648
2015_2,성안로3길,3752,1840,1912,757,507,723,619,563,583,389,256,350,311,262,272,368,251,373,308,301,311
2015_2,성내로5길,3545,1743,1802,718,479,683,579,533,553,369,241,332,292,251,258,349,238,351,287,282,295
2015_2,상일로5길,2246,1122,1124,440,348,305,379,438,336,230,190,160,176,208,158,210,158,145,203,230,178
2015_2,상암로5길,2434,1196,1238,522,294,518,408,352,340,261,145,251,215,165,159,261,149,267,193,187,181
2015_2,상암로51길,4064,1987,2077,893,567,627,726,672,579,470,287,305,343,320,262,423,280,322,383,352,317
2015_2,상암로4길,4926,2463,2463,897,641,978,820,796,794,457,321,493,438,385,369,440,320,485,382,411,425
2015_2,상암로14길,2923,1481,1442,439,402,542,487,520,533,230,202,284,263,254,248,209,200,258,224,266,285
2015_2,명일로13길,2353,1170,1183,468,350,371,386,419,359,242,183,187,193,198,167,226,167,184,193,221,192
2015_2,동남로85길,4245,2153,2092,1001,569,655,756,704,560,545,313,321,373,354,247,456,256,334,383,350,313
2015_2,동남로82길,2124,1089,1035,367,323,292,359,426,357,199,177,156,177,215,165,168,146,136,182,211,192
2015_2,동남로65길,4604,2312,2292,1016,727,503,825,887,646,554,401,239,369,434,315,462,326,264,456,453,331
2015_2,구천면로42길,4832,2426,2406,786,696,840,775,861,874,410,351,448,398,419,400,376,345,392,377,442,474
2015_2,구천면로41길,5190,2626,2564,784,714,964,862,921,945,409,357,506,464,451,439,375,357,458,398,470,506
2015_2,구천면로36길,3490,1757,1733,515,504,636,546,637,652,263,253,340,287,311,303,252,251,296,259,326,349
2015_2,고덕로61길,1476,748,728,349,197,229,263,245,193,190,108,112,130,123,85,159,89,117,133,122,108
2015_2,고덕로25길,1623,801,822,392,198,269,286,262,216,196,105,125,143,124,108,196,93,144,143,138,108
2015_2,고덕로10길,2177,1091,1086,397,294,389,375,364,358,207,150,204,189,179,162,190,144,185,186,185,196
2015_2,강동대로53길,3155,1577,1578,547,480,606,514,527,481,305,243,309,255,243,222,242,237,297,259,284,259
2015_2,풍성로25길,2691,1327,1364,433,381,458,443,475,501,217,196,231,227,227,229,216,185,227,216,248,272
2015_2,오금로46길,2892,1413,1479,667,426,421,553,472,353,340,213,202,261,231,166,327,213,219,292,241,187
2015_2,오금로36길,3384,1692,1692,632,541,567,592,597,455,330,267,291,289,302,213,302,274,276,303,295,242
2015_2,오금로11길,4734,2320,2414,722,771,1051,747,758,685,384,374,531,363,348,320,338,397,520,384,410,365
2015_2,양재대로72길,2180,1079,1101,415,337,317,378,394,339,217,174,154,180,195,159,198,163,163,198,199,180
2015_2,양재대로71길,2059,1017,1042,446,300,295,389,340,289,232,157,141,181,169,137,214,143,154,208,171,152
2015_2,양재대로64길,3422,1710,1712,637,549,574,596,603,463,333,271,296,290,303,217,304,278,278,306,300,246
2015_2,양재대로62길,1842,922,920,344,295,309,321,324,249,181,146,160,157,162,116,163,149,149,164,162,133
2015_2,송파대로30길,3220,1611,1609,603,513,538,562,571,433,316,254,277,275,287,202,287,259,261,287,284,231
2015_2,송이로36길,3909,1923,1986,760,614,671,647,670,547,390,309,332,316,312,264,370,305,339,331,358,283
2015_2,송이로32길,5997,2944,3053,1084,1005,992,971,1073,872,556,506,490,465,495,432,528,499,502,506,578,440
2015_2,송이로23길,6115,2990,3125,1411,903,888,1168,1005,740,721,450,424,553,495,347,690,453,464,615,510,393
2015_2,삼전로13길,7388,3516,3872,1162,1289,1627,1195,1108,1007,593,581,794,574,515,459,569,708,833,621,593,548
2015_2,백제고분로50길,7200,3527,3673,1099,1173,1597,1138,1147,1046,585,569,806,553,526,488,514,604,791,585,621,558
2015_2,백제고분로46길,3666,1750,1916,616,616,751,575,574,534,308,284,362,277,270,249,308,332,389,298,304,285
2015_2,백제고분로45길,5154,2448,2706,830,878,1110,797,788,751,415,395,532,388,369,349,415,483,578,409,419,402
2015_2,백제고분로42길,4813,2291,2522,773,820,1033,743,740,704,386,370,497,361,348,329,387,450,536,382,392,375
2015_2,백제고분로39길,3955,1921,2034,636,622,883,638,611,565,330,289,441,320,282,259,306,333,442,318,329,306
2015_2,백제고분로34길,8338,4049,4289,1340,1312,1862,1342,1288,1194,697,610,928,672,595,547,643,702,934,670,693,647
2015_2,백제고분로33길,6822,3308,3514,1102,1071,1521,1097,1054,977,573,495,759,549,486,446,529,576,762,548,568,531
2015_2,백제고분로32길,6399,3051,3348,1069,1027,1535,1049,910,809,558,467,745,505,416,360,511,560,790,544,494,449
2015_2,백제고분로31길,7105,3387,3718,1183,1136,1709,1164,1010,903,618,517,831,560,460,401,565,619,878,604,550,502
2015_2,백제고분로22길,6981,3332,3649,1167,1119,1677,1147,988,883,610,509,814,553,452,394,557,610,863,594,536,489
2015_2,백제고분로21길,2926,1395,1531,491,470,704,477,415,369,255,215,342,230,189,164,236,255,362,247,226,205
2015_2,마천로51길,4523,2295,2228,844,578,705,783,770,843,432,309,371,410,388,385,412,269,334,373,382,458
2015_2,동남로20길,3711,1814,1897,856,546,536,711,611,451,437,272,257,336,301,211,419,274,279,375,310,240
2015_2,거마로20길,3233,1647,1586,568,438,495,550,580,602,297,237,265,284,285,279,271,201,230,266,295,323
2015_2,학동로77길,1904,909,995,363,279,349,335,282,296,194,133,156,156,134,136,169,146,193,179,148,160
2015_2,학동로6길,1733,799,934,173,349,488,263,216,244,87,146,220,135,99,112,86,203,268,128,117,132
2015_2,학동로56길,412,198,214,87,55,87,83,48,52,48,26,37,41,23,23,39,29,50,42,25,29
2015_2,학동로38길,1742,822,920,249,286,420,282,226,279,132,125,193,138,104,130,117,161,227,144,122,149
2015_2,테헤란로81길,1031,519,512,201,152,170,173,167,168,121,80,81,77,80,80,80,72,89,96,87,88
2015_2,일원로9길,4124,2011,2113,674,662,696,594,718,780,357,338,365,285,328,338,317,324,331,309,390,442
2015_2,일원로3길,3103,1512,1591,505,498,522,451,540,587,266,255,275,217,244,255,239,243,247,234,296,332
2015_2,영동대로65길,2355,1191,1164,567,358,221,490,425,294,325,190,100,211,223,142,242,168,121,279,202,152
2015_2,영동대로112길,2718,1370,1348,530,395,449,460,440,444,317,208,214,206,212,213,213,187,235,254,228,231
2015_2,언주로81길,5906,2786,3120,1425,730,1146,1236,680,689,732,323,496,590,337,308,693,407,650,646,343,381
2015_2,압구정로2길,1205,565,640,221,182,223,212,158,209,113,82,100,100,74,96,108,100,123,112,84,113
2015_2,선릉로18길,1596,771,825,336,241,270,291,263,195,173,122,130,133,128,85,163,119,140,158,135,110
2015_2,선릉로146길,3316,1578,1738,636,480,607,581,494,518,338,229,271,269,233,238,298,251,336,312,261,280
2015_2,선릉로133길,1762,834,928,251,290,427,281,231,282,133,127,197,138,108,131,118,163,230,143,123,151
2015_2,선릉로132길,2161,1028,1133,412,311,395,381,324,338,220,149,177,175,152,155,192,162,218,206,172,183
2015_2,선릉로121길,1375,651,724,198,226,332,221,179,219,105,99,153,109,83,102,93,127,179,112,96,117
2015_2,삼성로75길,2664,1253,1411,507,456,503,560,352,286,273,212,216,247,176,129,234,244,287,313,176,157
2015_2,삼성로69길,3341,1575,1766,635,573,635,696,440,362,342,268,274,307,221,163,293,305,361,389,219,199
2015_2,삼성로64길,2917,1476,1441,704,444,279,605,525,360,402,237,126,261,276,174,302,207,153,344,249,186
2015_2,삼성로63길,4488,2116,2372,853,769,853,935,594,484,459,358,367,414,298,220,394,411,486,521,296,264
2015_2,삼성로57길,1824,909,915,559,216,134,446,268,201,309,104,57,196,145,98,250,112,77,250,123,103
2015_2,삼성로147길,1609,766,843,308,231,294,284,240,252,163,111,132,132,112,116,145,120,162,152,128,136
2015_2,삼성로115길,2980,1424,1556,634,393,632,598,348,375,347,182,266,293,168,168,287,211,366,305,180,207
2015_2,봉은사로68길,2187,1045,1142,465,290,463,437,257,275,255,135,195,214,123,123,210,155,268,223,134,152
2015_2,봉은사로57길,538,256,282,115,71,114,108,62,68,63,32,49,52,30,30,52,39,65,56,32,38
2015_2,봉은사로43길,2970,1402,1568,424,485,719,480,387,475,225,212,330,236,178,221,199,273,389,244,209,254
2015_2,봉은사로29길,1545,730,815,225,254,372,247,200,247,119,111,171,122,92,115,106,143,201,125,108,132
2015_2,봉은사로109길,2327,1174,1153,452,339,384,394,377,381,270,182,182,176,182,182,182,157,202,218,195,199
2015_2,도산대로89길,884,422,462,171,127,162,154,132,138,91,61,73,72,62,63,80,66,89,82,70,75
2015_2,도산대로81길,797,379,418,152,115,145,141,120,124,81,55,65,65,56,57,71,60,80,76,64,67
2015_2,도산대로50길,1981,937,1044,283,325,477,318,258,320,150,143,220,156,121,147,133,182,257,162,137,173
2015_2,도산대로38길,1438,682,756,206,235,349,235,185,228,109,103,162,116,86,106,97,132,187,119,99,122
2015_2,도산대로30길,1280,605,675,182,213,309,206,168,202,97,92,142,101,79,94,85,121,167,105,89,108
2015_2,도산대로23길,2179,1021,1158,397,323,406,384,292,377,202,146,181,182,138,172,195,177,225,202,154,205
2015_2,도산대로15길,1102,517,585,202,165,204,194,146,191,103,74,92,92,69,87,99,91,112,102,77,104
2015_2,도곡로37길,7409,3499,3910,1788,921,1430,1547,860,863,916,409,619,742,427,386,872,512,811,805,433,477
2015_2,논현로8길,4058,1990,2068,783,600,716,749,675,535,405,293,370,357,323,242,378,307,346,392,352,293
2015_2,논현로63길,1987,939,1048,200,414,579,299,248,247,99,169,274,158,123,116,101,245,305,141,125,131
2015_2,논현로28길,741,349,392,180,95,101,148,113,104,87,44,44,67,56,51,93,51,57,81,57,53
2015_2,논현로26길,2818,1332,1486,684,368,377,564,426,399,330,173,162,257,213,197,354,195,215,307,213,202
2015_2,논현로159길,864,406,458,157,129,162,152,115,149,80,58,72,72,55,69,77,71,90,80,60,80
2015_2,논현로139길,1798,828,970,178,363,504,272,226,255,89,151,227,140,104,117,89,212,277,132,122,138
2015_2,논현로123길,1768,812,956,176,359,496,269,219,249,88,150,223,138,100,113,88,209,273,131,119,136
2015_2,논현로115길,3323,1530,1793,331,673,935,506,413,465,166,282,421,259,190,212,165,391,514,247,223,253
2015_2,논현로10길,1713,839,874,330,252,302,317,287,225,171,124,156,150,137,101,159,128,146,167,150,124
2015_2,논현로106길,2389,1135,1254,236,500,695,361,296,301,116,207,331,193,146,142,120,293,364,168,150,159
2015_2,남부순환로365길,2358,1124,1234,477,370,390,402,378,341,234,173,183,189,182,163,243,197,207,213,196,178
2015_2,개포로28길,2159,1057,1102,413,320,382,398,362,284,213,158,197,189,174,126,200,162,185,209,188,158
2015_2,개포로20길,2966,1454,1512,570,438,521,549,496,392,294,215,268,262,238,177,276,223,253,287,258,215
2015_2,개포로17길,3623,1776,1847,698,535,635,670,606,479,361,264,328,319,289,215,337,271,307,351,317,264
2015_2,강남대로140길,1831,844,987,185,371,512,278,227,258,93,155,230,143,105,118,92,216,282,135,122,140
2015_2,강남대로136길,1206,556,650,122,244,339,182,149,170,61,102,153,93,69,78,61,142,186,89,80,92
2015_2,강남대로118길,1697,782,915,170,343,478,255,210,241,85,144,216,131,96,110,85,199,262,124,114,131
2015_2,서초중앙로8길,3001,1438,1563,556,460,581,486,441,477,283,219,268,235,208,225,273,241,313,251,233,252
2015_2,방배중앙로21길,2407,1133,1274,548,307,345,488,351,368,265,142,155,228,173,170,283,165,190,260,178,198
2015_2,효령로72길,1804,881,923,367,240,354,313,255,275,191,118,164,156,120,132,176,122,190,157,135,143
2015_2,효령로34길,1506,729,777,269,237,225,232,272,271,138,121,109,106,128,127,131,116,116,126,144,144
2015_2,효령로31길,1821,871,950,317,270,371,288,261,314,168,127,173,137,122,144,149,143,198,151,139,170
2015_2,효령로23길,4541,2171,2370,787,677,923,716,654,784,419,317,431,339,304,361,368,360,492,377,350,423
2015_2,청두곶길,3159,1515,1644,544,491,549,496,521,558,278,231,276,229,241,260,266,260,273,267,280,298
2015_2,주흥길,5403,2608,2795,1108,798,1121,999,710,667,571,368,513,515,341,300,537,430,608,484,369,367
2015_2,주흥15길,3982,1921,2061,816,591,825,736,523,491,421,272,377,379,251,221,395,319,448,357,272,270
2015_2,언남길,2163,1094,1069,374,325,487,377,308,292,196,161,256,196,151,134,178,164,231,181,157,158
2015_2,신반포로45길,4498,2142,2356,996,573,833,945,599,552,507,266,381,459,284,245,489,307,452,486,315,307
2015_2,서초대로8길,5434,2609,2825,931,842,943,854,905,959,475,400,473,397,416,448,456,442,470,457,489,511
2015_2,서초대로64길,1106,529,577,204,168,215,180,163,176,104,80,99,87,77,82,100,88,116,93,86,94
2015_2,서초대로4길,3265,1569,1696,564,500,570,514,540,577,288,238,286,238,250,269,276,262,284,276,290,308
2015_2,서초대로25길,1389,648,741,287,194,234,255,199,220,137,87,107,118,98,101,150,107,127,137,101,119
2015_2,서초대로23길,2771,1293,1478,570,391,471,506,397,436,273,176,217,233,193,201,297,215,254,273,204,235
2015_2,서초대로15길,4242,1978,2264,875,599,720,775,606,667,420,268,332,357,295,306,455,331,388,418,311,361
2015_2,사평대로57길,2318,1119,1199,475,343,480,428,305,287,245,159,220,221,146,128,230,184,260,207,159,159
2015_2,사평대로26길,303,143,160,67,41,53,53,44,45,34,20,24,24,20,21,33,21,29,29,24,24
2015_2,사평대로22길,1886,895,991,415,256,325,335,269,286,211,120,147,157,124,136,204,136,178,178,145,150
2015_2,사임당로17길,1128,539,589,212,171,220,182,166,177,107,81,102,89,77,83,105,90,118,93,89,94
2015_2,방배로42길,1308,617,691,296,167,186,266,192,201,143,77,83,125,95,94,153,90,103,141,97,107
2015_2,방배로35길,2164,1015,1149,477,286,326,426,314,335,231,131,148,199,152,154,246,155,178,227,162,181
2015_2,방배로18길,1964,938,1026,340,293,400,310,283,338,181,137,187,147,130,156,159,156,213,163,153,182
2015_2,반포대로9길,1454,723,731,259,230,237,244,231,253,146,114,116,114,113,120,113,116,121,130,118,133
2015_2,바우뫼로39길,1741,840,901,398,216,351,274,235,267,204,107,166,139,108,116,194,109,185,135,127,151
2015_2,마방로2길,1641,827,814,283,246,369,285,235,223,148,122,194,147,114,102,135,124,175,138,121,121
2015_2,방배천로4안길,1088,524,564,187,168,190,173,179,191,95,81,95,81,83,89,92,87,95,92,96,102
2015_2,동산로19길,2023,1021,1002,350,301,454,355,290,273,184,149,238,183,142,125,166,152,216,172,148,148
2015_2,동산로10길,2975,1502,1473,514,445,666,517,428,405,269,221,350,267,209,186,245,224,316,250,219,219
2015_2,동광로39길,1275,606,669,280,172,221,227,184,191,143,81,99,106,86,91,137,91,122,121,98,100
2015_2,동광로1길,4238,1992,2246,963,544,608,858,618,647,465,252,270,402,303,300,498,292,338,456,315,347
2015_2,동광로12길,1280,598,682,266,182,217,233,181,201,126,82,101,108,89,92,140,100,116,125,92,109
2015_2,논현로27길,2988,1443,1545,684,370,603,471,404,456,351,183,285,239,186,199,333,187,318,232,218,257
2015_2,논현로1길,2935,1484,1451,505,439,658,510,421,402,264,218,346,263,208,185,241,221,312,247,213,217
2015_2,남부순환로339길,1459,700,759,271,223,283,236,216,230,139,105,130,115,102,109,132,118,153,121,114,121
2015_2,남부순환로325길,2259,1124,1135,398,361,369,381,362,388,221,180,182,179,179,183,177,181,187,202,183,205
2015_2,남부순환로317길,1543,768,775,274,245,254,257,247,266,154,121,125,121,120,127,120,124,129,136,127,139
2015_2,고무래로8길,1369,650,719,301,185,236,242,198,207,153,87,107,113,92,98,148,98,129,129,106,109
2015_2,강남대로8길,3559,1795,1764,617,532,800,619,507,484,322,263,419,321,247,223,295,269,381,298,260,261
2015_2,강남대로34길,3227,1557,1670,738,401,648,508,437,495,377,199,307,257,201,216,361,202,341,251,236,279
2015_2,강남대로23길,1458,699,759,331,178,295,231,198,225,170,86,139,116,91,97,161,92,156,115,107,128
2015_2,소담길,4709,2351,2358,573,1115,969,658,611,783,291,522,528,358,290,362,282,593,441,300,321,421
2015_2,원신길,1932,970,962,300,254,278,327,339,434,155,135,153,172,162,193,145,119,125,155,177,241
2015_2,양지길,2064,1038,1026,320,271,298,347,363,465,165,143,163,183,177,207,155,128,135,164,186,258
2015_2,양산길,1263,658,605,176,214,221,198,201,253,91,118,130,109,96,114,85,96,91,89,105,139
2015_2,호암로24길,2823,1693,1130,285,704,638,459,361,376,150,431,434,310,192,176,135,273,204,149,169,200
2015_2,호암로20길,3169,1895,1274,324,789,712,514,405,425,169,481,484,347,213,201,155,308,228,167,192,224
2015_2,행운길,6977,3459,3518,887,1525,1543,935,925,1162,448,725,835,500,425,526,439,800,708,435,500,636
2015_2,행운1길,3366,1670,1696,427,735,743,453,446,562,216,350,403,242,204,255,211,385,340,211,242,307
2015_2,청림3길,4142,2047,2095,817,482,871,674,561,737,426,251,432,359,259,320,391,231,439,315,302,417
2015_2,청룡길,2056,1026,1030,253,485,423,287,269,339,128,228,230,156,128,156,125,257,193,131,141,183
2015_2,청룡8길,2101,1048,1053,258,495,434,293,273,348,130,231,236,159,130,162,128,264,198,134,143,186
2015_2,중앙길,3741,1834,1907,448,791,754,507,533,708,228,355,407,270,248,326,220,436,347,237,285,382
2015_2,조원중앙로2길,4357,2224,2133,569,756,897,667,699,769,282,373,499,361,344,365,287,383,398,306,355,404
2015_2,조원로18길,1597,815,782,210,276,328,244,255,284,105,136,182,132,125,135,105,140,146,112,130,149
2015_2,조원로10길,1959,998,961,256,340,403,300,315,345,126,167,225,162,154,164,130,173,178,138,161,181
2015_2,장군봉2길,2135,1067,1068,262,506,439,298,275,355,134,236,240,161,133,163,128,270,199,137,142,192
2015_2,장군봉1길,1006,501,505,124,237,206,142,130,167,63,110,111,77,63,77,61,127,95,65,67,90
2015_2,인헌길,3703,1845,1858,584,684,803,579,456,597,301,332,430,298,215,269,283,352,373,281,241,328
2015_2,은천로25길,2220,1096,1124,462,251,376,403,318,410,244,125,189,207,150,181,218,126,187,196,168,229
2015_2,양녕로6길,4600,2257,2343,548,972,930,624,656,870,282,435,502,333,307,398,266,537,428,291,349,472
2015_2,신원로3길,2833,1400,1433,384,488,550,442,417,552,197,250,290,227,195,241,187,238,260,215,222,311
2015_2,신사로20길,2315,1157,1158,337,414,461,388,344,371,177,203,250,194,165,168,160,211,211,194,179,203
2015_2,신림로65길,2210,1118,1092,156,721,600,264,209,260,78,331,338,147,103,121,78,390,262,117,106,139
2015_2,신림로64길,2320,1172,1148,164,755,631,278,219,273,82,345,356,155,107,127,82,410,275,123,112,146
2015_2,신림로48길,2761,1407,1354,311,626,638,379,368,439,161,322,358,197,165,204,150,304,280,182,203,235
2015_2,신림로38길,1902,1047,855,222,428,423,269,252,308,118,246,264,154,121,144,104,182,159,115,131,164
2015_2,신림로28길,3703,2036,1667,435,832,831,520,488,597,230,480,518,297,234,277,205,352,313,223,254,320
2015_2,신림로11길,4445,2660,1785,449,1107,999,728,567,595,237,674,678,491,299,281,212,433,321,237,268,314
2015_2,신림동길,3504,1769,1735,249,1137,955,418,331,414,125,519,539,234,160,192,124,618,416,184,171,222
2015_2,승방길,3697,1790,1907,540,743,797,498,518,601,270,342,412,250,234,282,270,401,385,248,284,319
2015_2,서림7길,6175,3400,2775,729,1390,1378,868,812,998,387,799,859,499,392,464,342,591,519,369,420,534
2015_2,봉천로33길,4842,2402,2440,887,679,956,784,702,834,457,334,495,405,329,382,430,345,461,379,373,452
2015_2,봉천로13길,4839,2408,2431,767,735,955,743,744,895,396,373,508,376,348,407,371,362,447,367,396,488
2015_2,복은길,4126,2268,1858,484,929,922,581,544,666,257,535,572,333,261,310,227,394,350,248,283,356
2015_2,법원단지길,1727,870,857,295,250,279,289,291,323,152,132,149,146,143,148,143,118,130,143,148,175
2015_2,법원단지9길,5110,2587,2523,872,724,806,882,856,970,452,384,437,445,431,438,420,340,369,437,425,532
2015_2,미성5길,4246,2142,2104,731,624,707,692,720,772,376,332,376,345,347,366,355,292,331,347,373,406
2015_2,대학길,2068,1236,832,212,516,467,337,261,275,112,314,317,228,137,128,100,202,150,109,124,147
2015_2,대학14길,2627,1570,1057,264,656,594,425,336,352,138,400,403,288,176,165,126,256,191,137,160,187
2015_2,당곡길,2163,1079,1084,343,330,424,333,331,402,177,169,226,170,154,183,166,161,198,163,177,219
2015_2,남현길,1867,905,962,270,374,403,251,264,305,135,173,208,126,119,144,135,201,195,125,145,161
2015_2,남현3길,1479,718,761,214,297,320,201,207,240,107,138,165,101,94,113,107,159,155,100,113,127
2015_2,남현2길,2761,1337,1424,400,554,598,369,389,451,200,256,310,185,175,211,200,298,288,184,214,240
2015_2,남부순환로248길,1954,971,983,309,364,423,304,241,313,159,177,227,156,112,140,150,187,196,148,129,173
2015_2,남부순환로234길,2146,1096,1050,286,549,488,280,244,299,142,277,271,153,118,135,144,272,217,127,126,164
2015_2,남부순환로172길,2639,1324,1315,429,408,464,422,429,487,220,214,247,212,205,226,209,194,217,210,224,261
2015_2,남부순환로161길,3809,1904,1905,551,681,757,643,567,610,287,335,411,321,274,276,264,346,346,322,293,334
2015_2,남부순환로151길,3107,1553,1554,449,557,617,524,460,500,233,274,333,262,224,227,216,283,284,262,236,273
2015_2,남부순환로142길,3899,1963,1936,671,575,650,633,661,709,345,304,345,315,318,336,326,271,305,318,343,373
2015_2,난향길,2670,1330,1340,571,284,494,486,372,463,300,149,240,258,177,206,271,135,254,228,195,257
2015_2,난우길,2945,1484,1461,508,432,491,478,499,537,261,229,261,237,241,255,247,203,230,241,258,282
2015_2,난곡로74길,2037,1019,1018,298,362,403,341,306,327,156,177,218,170,148,150,142,185,185,171,158,177
2015_2,난곡로34길,2678,1355,1323,458,379,421,463,449,508,238,200,228,235,225,229,220,179,193,228,224,279
2015_2,난곡로26길,3783,1917,1866,644,536,595,655,635,718,334,284,324,331,320,324,310,252,271,324,315,394
2015_2,난곡로24길,3133,1585,1548,535,444,493,541,524,596,278,234,268,273,264,268,257,210,225,268,260,328
2015_2,낙성대역길,4349,2176,2173,668,862,952,659,529,679,343,423,512,343,249,306,325,439,440,316,280,373
2015_2,국회단지길,5942,2950,2992,1085,836,1171,962,859,1029,558,414,607,498,402,471,527,422,564,464,457,558
2015_2,구암길,3923,1929,1994,815,445,667,711,566,719,428,221,335,364,266,315,387,224,332,347,300,404
2015_2,관천로22길,3076,1556,1520,216,1005,833,372,290,360,109,460,472,206,141,168,107,545,361,166,149,192
2015_2,관천로15길,4963,2482,2481,720,888,987,834,736,798,375,436,535,417,357,362,345,452,452,417,379,436
2015_2,관악로30길,2333,1154,1179,397,362,502,352,313,407,205,180,259,187,144,179,192,182,243,165,169,228
2015_2,관악로28길,1761,874,887,225,385,389,235,233,294,114,183,210,126,107,134,111,202,179,109,126,160
2015_2,관악로14길,1552,786,766,209,393,351,205,176,218,103,198,193,111,83,98,106,195,158,94,93,120
2015_2,관악로10길,4295,2182,2113,577,1094,976,561,487,600,286,553,539,303,233,268,291,541,437,258,254,332
2015_2,흑석로9길,2594,1274,1320,416,417,444,414,392,511,209,219,231,207,190,218,207,198,213,207,202,293
2015_2,흑석로13길,2615,1291,1324,416,425,448,416,394,516,210,224,234,210,191,222,206,201,214,206,203,294
2015_2,장승배기로27길,2810,1426,1384,351,482,450,444,497,586,182,254,253,237,238,262,169,228,197,207,259,324
2015_2,장승배기로19길,2302,1172,1130,290,392,370,364,405,481,151,208,207,195,196,215,139,184,163,169,209,266
2015_2,장승배기로10길,366,178,188,63,57,70,57,54,65,32,28,34,29,26,29,31,29,36,28,28,36
2015_2,여의대방로46길,2268,1103,1165,482,337,351,428,325,345,248,166,173,209,159,148,234,171,178,219,166,197
2015_2,여의대방로24길,2915,1416,1499,618,425,466,544,411,451,317,207,232,265,201,194,301,218,234,279,210,257
2015_2,여의대방로22카길,3884,1910,1974,805,519,715,688,528,629,416,244,359,344,256,291,389,275,356,344,272,338
2015_2,여의대방로22나길,3309,1625,1684,686,441,610,588,448,536,354,206,307,294,216,248,332,235,303,294,232,288
2015_2,여의대방로22길,2369,1166,1203,487,316,438,422,322,384,251,149,221,211,156,178,236,167,217,211,166,206
2015_2,양녕로26길,1582,787,795,278,221,294,258,245,286,147,113,155,129,118,125,131,108,139,129,127,161
2015_2,신대방길,6825,3353,3472,1440,914,1064,1262,1060,1085,727,455,520,635,512,504,713,459,544,627,548,581
2015_2,성대로29길,2327,1158,1169,409,324,434,380,360,420,218,164,228,190,173,185,191,160,206,190,187,235
2015_2,성대로1길,1080,536,544,189,151,201,178,166,195,100,76,105,89,80,86,89,75,96,89,86,109
2015_2,서달로8가길,637,314,323,102,104,110,100,96,125,52,55,58,50,46,53,50,49,52,50,50,72
2015_2,서달로15길,499,248,251,79,81,85,79,76,99,40,43,45,40,37,43,39,38,40,39,39,56
2015_2,서달로14길,405,200,205,66,64,69,66,61,79,33,34,36,33,30,34,33,30,33,33,31,45
2015_2,서달로10길,4077,2010,2067,651,662,697,650,613,804,329,350,364,328,296,343,322,312,333,322,317,461
2015_2,상도로62길,2405,1186,1219,412,471,456,353,329,384,214,240,228,180,151,173,198,231,228,173,178,211
2015_2,상도로61길,4098,2020,2078,702,803,777,599,561,656,365,408,388,307,257,295,337,395,389,292,304,361
2015_2,상도로47길,4267,2102,2165,731,835,810,625,584,682,379,425,404,320,267,307,352,410,406,305,317,375
2015_2,상도로37길,1647,811,836,282,321,312,242,226,264,147,163,155,124,104,118,135,158,157,118,122,146
2015_2,상도로15길,4354,2116,2238,748,667,831,687,637,784,382,327,413,348,297,349,366,340,418,339,340,435
2015_2,사당로8길,2731,1360,1371,478,386,554,437,402,474,252,196,287,223,188,214,226,190,267,214,214,260
2015_2,사당로30길,1344,649,695,152,272,305,174,204,237,81,125,156,88,89,110,71,147,149,86,115,127
2015_2,사당로2차길,2383,1189,1194,418,339,481,381,351,413,221,171,251,196,165,185,197,168,230,185,186,228
2015_2,사당로29길,4358,2142,2216,717,635,833,650,691,832,371,312,417,328,323,391,346,323,416,322,368,441
2015_2,사당로26길,3363,1622,1741,381,679,759,434,517,593,204,311,386,221,225,275,177,368,373,213,292,318
2015_2,사당로23나길,2189,1079,1110,360,318,420,327,345,419,187,157,210,166,161,198,173,161,210,161,184,221
2015_2,사당로23길,1832,901,931,301,268,350,273,290,350,156,131,175,138,137,164,145,137,175,135,153,186
2015_2,사당로20길,3101,1506,1595,373,598,690,409,479,552,198,279,354,209,211,255,175,319,336,200,268,297
2015_2,사당로16길,3468,1703,1765,525,524,721,514,528,656,271,258,378,268,235,293,254,266,343,246,293,363
2015_2,사당로16가길,2401,1184,1217,376,356,498,359,366,446,194,176,262,186,165,201,182,180,236,173,201,245
2015_2,만양로8길,4415,2211,2204,722,731,776,673,681,832,377,392,411,351,315,365,345,339,365,322,366,467
2015_2,만양로14길,1768,884,884,288,292,312,269,274,333,150,156,165,139,127,147,138,136,147,130,147,186
2015_2,등용로14길,3010,1469,1541,608,456,469,555,443,479,314,227,235,273,216,204,294,229,234,282,227,275
2015_2,동작대로7길,3835,1851,1984,434,775,866,494,590,676,233,356,441,251,257,313,201,419,425,243,333,363
2015_2,동작대로35길,3657,1784,1873,566,547,738,524,590,692,298,261,369,265,276,315,268,286,369,259,314,377
2015_2,동작대로33길,3865,1888,1977,596,581,781,554,624,729,316,278,391,279,293,331,280,303,390,275,331,398
2015_2,동작대로29길,841,410,431,130,125,170,121,135,160,69,60,85,61,63,72,61,65,85,60,72,88
2015_2,동작대로17길,2224,1073,1151,251,450,503,288,343,389,135,207,256,146,150,179,116,243,247,142,193,210
2015_2,대방동2길,4187,2036,2151,891,624,650,787,598,637,459,307,322,384,293,271,432,317,328,403,305,366
2015_2,대방동27길,5079,2462,2617,1081,757,786,956,725,774,555,372,389,465,354,327,526,385,397,491,371,447
2015_2,노량진로6길,3664,1846,1818,514,614,590,598,622,726,267,322,324,313,299,321,247,292,266,285,323,405
2015_2,국사봉길,4206,2057,2149,701,614,812,655,620,804,365,296,422,329,289,356,336,318,390,326,331,448
2015_2,국사봉2길,1831,898,933,371,248,339,322,250,301,192,117,171,161,119,138,179,131,168,161,131,163
2015_2,국사봉1길,3197,1563,1634,534,469,618,496,470,610,277,228,321,249,218,270,257,241,297,247,252,340
2015_2,영신로9길,3904,1975,1929,633,554,731,652,640,694,330,276,379,342,326,322,303,278,352,310,314,372
2015_2,영등포로84길,2210,1120,1090,329,342,379,375,355,430,174,174,209,196,174,193,155,168,170,179,181,237
2015_2,영등포로80길,2654,1345,1309,370,413,457,440,431,543,196,210,255,229,210,245,174,203,202,211,221,298
2015_2,영등포로62길,2072,1048,1024,352,286,366,348,352,368,183,145,188,182,178,172,169,141,178,166,174,196
2015_2,영등포로35길,1643,937,706,167,296,314,248,291,327,88,147,181,161,184,176,79,149,133,87,107,151
2015_2,영등포로27길,3229,1600,1629,478,476,652,497,515,611,235,240,334,264,247,280,243,236,318,233,268,331
2015_2,영등포로25길,2952,1465,1487,437,436,594,456,472,557,216,219,304,243,227,256,221,217,290,213,245,301
2015_2,여의대방로61길,2908,1474,1434,438,449,495,495,470,561,228,232,274,257,231,252,210,217,221,238,239,309
2015_2,여의대방로43나길,3108,1569,1539,604,455,517,552,492,488,314,241,266,281,249,218,290,214,251,271,243,270
2015_2,여의대방로39길,1046,528,518,217,152,173,188,165,151,113,81,88,95,84,67,104,71,85,93,81,84
2015_2,여의대방로35길,2817,1405,1412,535,405,467,484,459,467,278,210,237,243,227,210,257,195,230,241,232,257
2015_2,양평로28길,3036,1529,1507,607,456,619,528,422,404,308,216,318,281,221,185,299,240,301,247,201,219
2015_2,양평로22라길,1191,600,591,239,179,243,207,165,158,121,85,124,111,87,72,118,94,119,96,78,86
2015_2,양평로19길,3478,1748,1730,696,522,709,604,486,461,353,245,365,322,253,210,343,277,344,282,233,251
2015_2,신길로60길,4668,2362,2306,788,644,828,783,789,836,412,328,425,410,401,386,376,316,403,373,388,450
2015_2,신길로42길,3342,1687,1655,516,454,441,597,634,700,270,239,240,313,315,310,246,215,201,284,319,390
2015_2,신길로42가길,5679,2877,2802,823,836,873,976,998,1173,434,433,483,513,492,522,389,403,390,463,506,651
2015_2,신길로39길,1675,848,827,287,210,251,302,299,326,155,107,132,156,149,149,132,103,119,146,150,177
2015_2,신길로17길,3725,1863,1862,594,480,548,649,673,781,307,253,297,326,327,353,287,227,251,323,346,428
2015_2,선유서로28길,1714,867,847,299,226,405,266,226,292,158,110,212,147,110,130,141,116,193,119,116,162
2015_2,선유서로25길,3687,1869,1818,641,482,876,570,484,634,338,236,458,316,237,284,303,246,418,254,247,350
2015_2,선유서로24길,1926,976,950,334,253,457,297,254,331,176,123,239,165,124,149,158,130,218,132,130,182
2015_2,선유로55길,4128,2074,2054,828,618,839,718,575,550,421,289,432,382,300,250,407,329,407,336,275,300
2015_2,디지털로74길,1076,544,532,168,146,165,185,189,223,91,75,91,94,93,100,77,71,74,91,96,123
2015_2,디지털로57길,1532,759,773,217,198,245,264,273,335,116,99,128,132,133,151,101,99,117,132,140,184
2015_2,디지털로37길,2680,1332,1348,378,345,431,463,477,586,202,173,226,231,233,267,176,172,205,232,244,319
2015_2,도신로62길,1773,899,874,247,275,306,294,288,363,132,140,171,154,140,162,115,135,135,140,148,201
2015_2,도신로60길,998,506,492,139,154,172,167,161,205,73,79,97,88,78,91,66,75,75,79,83,114
2015_2,도신로29길,2496,1267,1229,373,368,511,412,385,447,194,177,272,221,193,210,179,191,239,191,192,237
2015_2,도신로15길,3149,1592,1557,462,471,653,519,480,564,242,224,347,275,242,262,220,247,306,244,238,302
2015_2,도림천로21길,2597,1283,1314,369,338,415,440,464,571,196,169,215,220,224,259,173,169,200,220,240,312
2015_2,도림로63길,2013,1003,1010,325,251,295,355,367,420,165,135,158,177,178,190,160,116,137,178,189,230
2015_2,도림로147길,3080,1530,1550,641,369,649,506,411,504,331,177,316,269,199,238,310,192,333,237,212,266
2015_2,도림로112길,4448,2259,2189,665,656,905,738,691,793,349,316,480,394,348,372,316,340,425,344,343,421
2015_2,대림로8길,3630,1839,1791,566,491,550,620,643,760,305,254,305,316,316,343,261,237,245,304,327,417
2015_2,대림로7길,1340,664,676,190,173,215,231,238,293,101,87,112,115,116,133,89,86,103,116,122,160
2015_2,대림로44길,2399,1211,1188,404,343,420,412,410,410,211,175,221,211,205,188,193,168,199,201,205,222
2015_2,대림로34길,2639,1333,1306,448,376,458,454,447,456,233,194,242,233,223,208,215,182,216,221,224,248
2015_2,대림로31길,2746,1390,1356,465,395,480,475,465,466,245,202,252,245,232,214,220,193,228,230,233,252
2015_2,대림로29길,3774,1905,1869,638,538,659,649,647,643,333,274,348,333,323,294,305,264,311,316,324,349
2015_2,대림로22길,3394,1718,1676,527,463,517,578,599,710,284,243,285,294,293,319,243,220,232,284,306,391
2015_2,당산로46길,4167,1996,2171,706,769,880,602,577,633,359,335,435,300,275,292,347,434,445,302,302,341
2015_2,당산로38길,2628,1261,1367,443,485,557,380,365,398,226,211,276,190,175,183,217,274,281,190,190,215
2015_2,당산로37길,1502,720,782,253,278,318,217,209,227,129,121,157,108,100,105,124,157,161,109,109,122
2015_2,당산로31길,928,459,469,137,136,187,143,149,176,67,68,95,76,72,81,70,68,92,67,77,95
2015_2,국회대로56길,2563,1460,1103,262,456,491,388,455,511,136,224,283,254,287,276,126,232,208,134,168,235
2015_2,경인로90길,454,225,229,96,53,97,74,60,74,50,25,47,39,29,35,46,28,50,35,31,39
2015_2,경인로80길,1004,500,504,209,121,214,163,134,163,109,57,104,87,65,78,100,64,110,76,69,85
2015_2,경인로77길,1877,936,941,391,223,397,308,250,308,202,108,194,163,122,147,189,115,203,145,128,161
2015_2,가마산로61길,1728,868,860,294,215,263,309,308,339,158,110,136,158,153,153,136,105,127,151,155,186
2015_2,시흥대로94길,4676,2380,2296,784,679,694,882,868,769,406,356,373,451,436,358,378,323,321,431,432,411
2015_2,시흥대로84길,6863,3481,3382,1165,974,1094,1233,1230,1167,608,509,580,631,612,541,557,465,514,602,618,626
2015_2,시흥대로68길,2819,1427,1392,485,388,485,474,486,501,256,204,255,243,238,231,229,184,230,231,248,270
2015_2,시흥대로63길,1164,589,575,201,160,201,195,201,206,106,84,106,100,98,95,95,76,95,95,103,111
2015_2,시흥대로62가길,4567,2309,2258,788,630,785,767,787,810,416,330,411,393,385,374,372,300,374,374,402,436
2015_2,시흥대로36길,2405,1214,1191,399,326,370,384,437,489,202,175,197,197,210,233,197,151,173,187,227,256
2015_2,시흥대로22길,3064,1546,1518,511,415,470,489,558,621,258,221,251,253,268,295,253,194,219,236,290,326
2015_2,시흥대로153길,1933,1092,841,208,391,412,298,326,298,104,215,261,179,182,151,104,176,151,119,144,147
2015_2,시흥대로150길,3713,1893,1820,560,522,568,682,707,674,286,273,315,342,357,320,274,249,253,340,350,354
2015_2,시흥대로141길,4895,2576,2319,756,817,989,763,742,828,399,441,569,409,382,376,357,376,420,354,360,452
2015_2,시흥대로138길,848,430,418,127,119,129,153,165,155,66,61,70,77,84,72,61,58,59,76,81,83
2015_2,시흥대로120길,3849,1954,1895,638,518,607,737,700,649,322,268,316,380,361,307,316,250,291,357,339,342
2015_2,벚꽃로56길,1690,954,736,183,343,362,260,281,261,92,186,229,157,157,133,91,157,133,103,124,128
2015_2,범안로17길,1623,854,769,250,272,327,252,246,276,131,147,188,136,127,125,119,125,139,116,119,151
2015_2,범안로11길,962,507,455,147,162,195,149,145,164,77,89,113,80,75,73,70,73,82,69,70,91
2015_2,문성로5길,4131,2104,2027,621,583,627,760,790,750,317,304,345,382,399,357,304,279,282,378,391,393
2015_2,독산로85길,750,382,368,113,106,115,138,142,136,58,55,64,69,72,64,55,51,51,69,70,72
2015_2,독산로78다길,3820,1936,1884,631,516,601,733,695,644,319,267,311,377,357,305,312,249,290,356,338,339
2015_2,독산로70길,2939,1491,1448,489,401,459,561,534,495,248,208,239,289,273,234,241,193,220,272,261,261
2015_2,독산로64길,2564,1300,1264,429,373,381,482,475,424,220,195,205,246,238,196,209,178,176,236,237,228
2015_2,독산로50길,1732,870,862,311,239,258,299,310,315,160,125,133,153,154,145,151,114,125,146,156,170
2015_2,독산로40길,2842,1429,1413,510,392,419,494,512,515,263,203,217,253,256,237,247,189,202,241,256,278
2015_2,독산로108길,2124,1080,1044,319,300,325,389,404,387,163,156,179,195,204,183,156,144,146,194,200,204
2015_2,남부순환로112길,2335,1319,1016,255,473,497,360,392,358,128,259,314,214,221,183,127,214,183,146,171,175
2015_2,금하로24길,5868,2937,2931,1013,788,840,1025,1016,1186,523,415,451,515,513,520,490,373,389,510,503,666
2015_2,금하로1길,2492,1314,1178,383,419,503,386,378,423,202,226,289,208,196,193,181,193,214,178,182,230
2015_2,금하로14길,2436,1232,1204,417,336,419,412,418,434,220,176,219,210,205,202,197,160,200,202,213,232
2015_2,가산로5길,2194,1230,964,247,436,468,339,364,340,125,238,294,200,201,172,122,198,174,139,163,168
2015_2,가산로3길,1232,653,579,182,211,250,192,188,209,95,114,146,104,98,96,87,97,104,88,90,113
2015_2,중앙로1길,841,424,417,162,113,131,143,144,148,85,60,68,71,72,68,77,53,63,72,72,80
2015_2,중앙로15길,1369,692,677,282,173,218,249,215,232,148,89,108,129,110,108,134,84,110,120,105,124
2015_2,우마길,1639,893,746,177,172,220,334,368,368,91,90,127,196,214,175,86,82,93,138,154,193
2015_2,오류로8길,3918,1941,1977,899,448,744,631,545,651,460,228,368,328,256,301,439,220,376,303,289,350
2015_2,신도림로13길,1796,881,915,396,228,370,292,261,249,199,110,180,146,127,119,197,118,190,146,134,130
2015_2,새말로18길,2866,1424,1442,477,459,590,458,426,456,247,210,301,241,210,215,230,249,289,217,216,241
2015_2,부일로1길,785,394,391,153,101,144,125,125,137,83,51,74,64,59,63,70,50,70,61,66,74
2015_2,부일로15길,1610,812,798,316,210,291,255,260,278,172,108,150,131,122,129,144,102,141,124,138,149
2015_2,부일로11길,1473,740,733,290,190,270,232,236,255,157,96,139,119,112,117,133,94,131,113,124,138
2015_2,디지털로32길,2642,1343,1299,402,500,702,378,299,361,208,235,383,211,139,167,194,265,319,167,160,194
2015_2,디지털로32가길,4177,2123,2054,634,795,1111,597,472,568,328,373,608,333,219,262,306,422,503,264,253,306
2015_2,디지털로27길,1384,742,642,157,164,218,268,285,292,80,82,124,156,163,137,77,82,94,112,122,155
2015_2,도림로6길,1944,1015,929,267,313,429,320,294,321,139,152,238,182,154,150,128,161,191,138,140,171
2015_2,도림로12길,1982,1010,972,301,377,527,284,223,270,156,178,290,158,103,125,145,199,237,126,120,145
2015_2,남부순환로97길,1252,622,630,232,158,242,181,203,236,119,81,123,92,93,114,113,77,119,89,110,122
2015_2,구로중앙로8길,4146,2076,2070,643,550,842,680,628,803,337,268,447,361,301,362,306,282,395,319,327,441
2015_2,구로중앙로7길,1330,666,664,207,176,268,217,204,258,109,86,143,115,97,116,98,90,125,102,107,142
2015_2,구로중앙로42길,2404,1179,1225,530,305,491,393,351,334,266,147,240,197,169,160,264,158,251,196,182,174
2015_2,구로중앙로34길,2191,1087,1104,365,353,449,350,326,348,187,163,230,182,160,165,178,190,219,168,166,183
2015_2,구로중앙로28길,4335,2147,2188,722,697,891,694,643,688,372,318,455,364,315,323,350,379,436,330,328,365
2015_2,구로중앙로19길,1063,544,519,156,137,162,194,188,226,82,69,90,105,95,103,74,68,72,89,93,123
2015_2,구로동로8길,7884,3945,3939,1223,1048,1600,1290,1199,1524,641,509,849,684,574,688,582,539,751,606,625,836
2015_2,구로동로7길,4206,2209,1997,536,494,605,809,845,917,277,254,341,455,459,423,259,240,264,354,386,494
2015_2,구로동로42길,3191,1629,1562,472,411,493,578,561,676,246,210,272,310,283,308,226,201,221,268,278,368
2015_2,구로동로41길,1909,973,936,282,247,297,345,338,400,147,127,163,184,170,182,135,120,134,161,168,218
2015_2,구로동로38길,2449,1248,1201,363,317,376,442,435,516,191,161,207,235,220,234,172,156,169,207,215,282
2015_2,구로동로28길,1918,969,949,290,252,341,332,316,387,152,124,185,177,156,175,138,128,156,155,160,212
2015_2,구로동로15길,1534,781,753,227,197,239,278,269,324,118,99,131,149,135,149,109,98,108,129,134,175
2015_2,공원로6가길,1279,634,645,213,205,263,205,190,203,110,93,135,107,93,96,103,112,128,98,97,107
2015_2,고척로52길,3478,1756,1722,678,456,554,605,572,613,353,236,282,310,288,287,325,220,272,295,284,326
2015_2,고척로27다길,5589,2816,2773,1150,706,900,1010,882,941,595,363,447,524,450,437,555,343,453,486,432,504
2015_2,고척로27길,2965,1495,1470,526,390,487,489,508,565,269,199,252,256,252,267,257,191,235,233,256,298
2015_2,고척로21나길,3194,1609,1585,567,422,527,526,548,604,290,218,271,273,271,286,277,204,256,253,277,318
2015_2,경인로47길,1028,517,511,195,140,162,174,174,183,102,73,84,87,87,84,93,67,78,87,87,99
2015_2,경인로35길,4314,2175,2139,818,561,703,740,713,779,423,288,357,383,357,367,395,273,346,357,356,412
2015_2,경인로31길,2297,1159,1138,412,301,376,381,394,433,210,154,194,200,195,206,202,147,182,181,199,227
2015_2,경인로15길,5461,2708,2753,877,841,1056,799,870,1018,430,417,554,420,409,478,447,424,502,379,461,540
2015_2,개봉로3길,2885,1444,1441,550,366,503,474,470,522,287,195,260,238,221,243,263,171,243,236,249,279
2015_2,개봉로2길,2560,1277,1283,483,324,465,402,416,470,251,170,238,203,193,222,232,154,227,199,223,248
2015_2,개봉로23가길,1010,509,501,180,134,166,165,174,191,92,68,86,86,86,91,88,66,80,79,88,100
2015_2,개봉로20길,3222,1598,1624,597,409,623,461,521,611,306,209,317,233,237,296,291,200,306,228,284,315
2015_2,개봉로1길,2419,1208,1211,460,305,424,400,393,437,241,161,218,200,185,203,219,144,206,200,208,234
2015_2,개봉로17다길,4372,2169,2203,809,552,847,626,712,826,413,280,434,317,325,400,396,272,413,309,387,426
2015_2,개봉로17길,6879,3410,3469,1274,869,1333,985,1118,1300,652,441,681,498,508,630,622,428,652,487,610,670
2015_2,개봉로11길,5407,2704,2703,1028,688,944,889,882,976,538,367,486,445,414,454,490,321,458,444,468,522
2015_2,화곡로64길,4478,2144,2334,766,841,946,698,628,599,405,336,474,344,315,270,361,505,472,354,313,329
2015_2,화곡로59길,2204,1089,1115,385,334,424,344,371,346,206,162,223,168,169,161,179,172,201,176,202,185
2015_2,화곡로44나길,3140,1555,1585,572,461,632,500,494,481,302,225,332,249,226,221,270,236,300,251,268,260
2015_2,화곡로31길,4584,2227,2357,1072,590,729,881,691,621,536,293,343,428,334,293,536,297,386,453,357,328
2015_2,화곡로20길,2540,1257,1283,448,380,456,416,423,417,228,191,236,207,200,195,220,189,220,209,223,222
2015_2,화곡로13길,3281,1610,1671,601,496,520,531,577,556,306,252,256,257,277,262,295,244,264,274,300,294
2015_2,초원로16길,6181,3073,3108,1270,783,1107,1008,1001,1012,652,399,556,516,485,465,618,384,551,492,516,547
2015_2,초록마을로8길,4953,2424,2529,956,686,1085,826,690,710,483,337,561,421,308,314,473,349,524,405,382,396
2015_2,초록마을로3길,2874,1406,1468,551,404,630,482,401,406,279,198,326,244,179,180,272,206,304,238,222,226
2015_2,월정로20길,1810,903,907,266,285,378,273,295,313,137,143,201,139,136,147,129,142,177,134,159,166
2015_2,우장산로6길,4982,2422,2560,1162,647,786,959,750,678,581,322,371,465,364,319,581,325,415,494,386,359
2015_2,양천로73가길,2580,1272,1308,631,323,442,507,378,299,323,160,211,253,188,137,308,163,231,254,190,162
2015_2,양천로71길,4320,2129,2191,1058,544,741,848,631,498,543,269,354,422,314,227,515,275,387,426,317,271
2015_2,양천로49길,1408,706,702,293,202,251,234,243,185,153,108,125,114,120,86,140,94,126,120,123,99
2015_2,양천로26길,1530,760,770,317,192,272,251,248,250,163,98,136,127,121,115,154,94,136,124,127,135
2015_2,양천로24길,4822,2390,2432,1000,605,862,791,780,784,515,307,430,403,376,359,485,298,432,388,404,425
2015_2,양천로24가길,3092,1534,1558,642,389,554,504,499,504,330,197,276,257,242,232,312,192,278,247,257,272
2015_2,양천로14길,3899,1928,1971,622,563,642,605,678,789,322,275,337,322,328,344,300,288,305,283,350,445
2015_2,방화대로6라길,4053,2069,1984,622,607,788,627,674,735,321,298,434,342,332,342,301,309,354,285,342,393
2015_2,방화대로21길,2547,1293,1254,423,367,488,397,420,452,219,181,264,213,207,209,204,186,224,184,213,243
2015_2,등촌로5길,1566,777,789,267,218,295,254,263,269,140,110,155,127,121,124,127,108,140,127,142,145
2015_2,등촌로55길,3278,1646,1632,617,517,525,535,574,510,336,273,268,251,278,240,281,244,257,284,296,270
2015_2,등촌로51길,2359,1184,1175,447,371,381,382,410,368,243,196,195,178,199,173,204,175,186,204,211,195
2015_2,등촌로39길,3243,1629,1614,606,512,523,531,566,505,329,271,268,250,274,237,277,241,255,281,292,268
2015_2,등촌로13길,3952,1966,1986,683,552,735,645,664,673,361,281,385,320,306,313,322,271,350,325,358,360
2015_2,남부순환로11길,3757,1917,1840,576,563,731,582,625,680,296,276,402,318,310,315,280,287,329,264,315,365
2015_2,까치산로4길,4113,2013,2100,793,572,900,685,574,589,401,280,464,348,258,262,392,292,436,337,316,327
2015_2,국회대로7길,2663,1315,1348,486,352,516,451,424,434,252,175,266,225,196,201,234,177,250,226,228,233
2015_2,공항대로8길,3775,1925,1850,580,565,735,585,628,682,299,275,404,319,311,317,281,290,331,266,317,365
2015_2,공항대로61길,3110,1522,1588,699,442,568,578,447,376,361,204,275,286,223,173,338,238,293,292,224,203
2015_2,공항대로59다길,3851,1898,1953,941,485,662,759,558,446,483,241,315,378,278,203,458,244,347,381,280,243
2015_2,공항대로59길,3232,1548,1684,551,607,684,506,453,431,292,243,343,249,227,194,259,364,341,257,226,237
2015_2,공항대로55길,3012,1445,1567,513,563,642,470,420,404,272,226,322,232,211,182,241,337,320,238,209,222
2015_2,공항대로42길,1003,485,518,229,130,160,195,151,138,114,64,75,94,74,64,115,66,85,101,77,74
2015_2,공항대로38길,246,120,126,58,32,39,47,37,33,29,16,19,23,18,15,29,16,20,24,19,18
2015_2,곰달래로60길,2080,1032,1048,357,285,391,342,347,358,188,144,204,171,159,166,169,141,187,171,188,192
2015_2,곰달래로53길,3749,1861,1888,641,517,706,615,627,643,338,261,369,307,286,300,303,256,337,308,341,343
2015_2,곰달래로47길,3853,1894,1959,732,501,761,654,590,615,375,247,388,327,272,285,357,254,373,327,318,330
2015_2,곰달래로31길,3117,1525,1592,581,404,656,511,462,503,295,198,333,257,209,233,286,206,323,254,253,270
2015_2,곰달래로25길,2790,1366,1424,480,370,617,430,419,474,247,183,316,217,185,218,233,187,301,213,234,256
2015_2,개화동로25길,2942,1455,1487,471,426,482,457,510,596,244,210,253,243,245,260,227,216,229,214,265,336
2015_2,개화동로23길,5200,2566,2634,831,754,853,805,903,1054,430,367,446,428,436,459,401,387,407,377,467,595
2015_2,강서로8길,3575,1752,1823,637,471,776,565,535,591,324,232,397,286,240,273,313,239,379,279,295,318
2015_2,강서로5라길,3497,1716,1781,692,443,702,606,514,540,351,218,354,303,238,252,341,225,348,303,276,288
2015_2,강서로5나길,1838,912,926,270,291,385,275,301,316,138,146,202,139,138,149,132,145,183,136,163,167
2015_2,강서로5가길,1425,706,719,211,220,298,215,235,246,108,110,158,109,107,114,103,110,140,106,128,132
2015_2,강서로47라길,3859,1840,2019,1055,447,615,750,521,471,517,217,288,363,254,201,538,230,327,387,267,270
2015_2,강서로47길,2878,1373,1505,788,334,459,557,389,351,386,163,217,267,190,150,402,171,242,290,199,201
2015_2,강서로45다길,3415,1661,1754,576,540,550,515,616,618,292,272,267,247,292,291,284,268,283,268,324,327
2015_2,강서로45길,861,417,444,174,125,138,143,142,139,86,62,67,69,68,65,88,63,71,74,74,74
2015_2,강서로35길,6271,3052,3219,1060,994,1010,945,1130,1132,536,501,490,454,537,534,524,493,520,491,593,598
2015_2,강서로29길,2340,1165,1175,343,371,489,350,382,405,177,186,259,177,176,190,166,185,230,173,206,215
2015_2,강서로18길,7289,3563,3726,1271,964,1599,1134,1095,1226,650,474,818,572,486,563,621,490,781,562,609,663
2015_2,강서로17가길,3255,1625,1630,479,511,682,487,531,565,247,258,362,247,244,267,232,253,320,240,287,298
2015_2,강서로15길,4750,2375,2375,700,749,991,709,779,822,361,378,526,361,360,389,339,371,465,348,419,433
2015_2,가로공원로80길,3078,1534,1544,454,485,646,459,502,532,233,245,342,233,230,251,221,240,304,226,272,281
2015_2,가로공원로76가길,3794,1893,1901,556,598,798,567,618,657,286,302,424,287,284,310,270,296,374,280,334,347
2015_2,화곡로4길,1565,773,792,314,223,246,275,265,242,160,113,123,136,128,113,154,110,123,139,137,129
2015_2,화곡로3길,2505,1234,1271,502,358,392,440,426,387,256,181,197,214,205,181,246,177,195,226,221,206
2015_2,지양로7길,4083,2029,2054,763,529,708,659,688,736,390,276,374,335,327,327,373,253,334,324,361,409
2015_2,중앙로55길,3848,1915,1933,730,499,695,598,654,672,371,256,362,303,310,313,359,243,333,295,344,359
2015_2,중앙로51길,3823,1903,1920,725,495,689,594,652,668,369,253,358,302,309,312,356,242,331,292,343,356
2015_2,중앙로47길,10206,5064,5142,2367,1242,1669,1946,1521,1461,1237,644,811,974,747,651,1130,598,858,972,774,810
2015_2,중앙로45길,5279,2618,2661,1223,641,864,1010,787,754,640,332,419,506,386,335,583,309,445,504,401,419
2015_2,중앙로36길,760,370,390,198,94,79,169,118,102,102,47,33,80,61,47,96,47,46,89,57,55
2015_2,중앙로32길,622,302,320,164,74,65,141,93,85,84,37,29,66,47,39,80,37,36,75,46,46
2015_2,중앙로25길,4051,2011,2040,938,493,661,778,603,578,491,255,321,390,297,257,447,238,340,388,306,321
2015_2,은행정로7길,3696,1826,1870,611,534,724,581,598,648,315,259,374,286,282,310,296,275,350,295,316,338
2015_2,은행정로5길,619,304,315,162,78,63,137,95,84,84,39,27,65,49,40,78,39,36,72,46,44
2015_2,오목로5길,2681,1328,1353,573,318,492,434,429,435,298,159,245,217,203,206,275,159,247,217,226,229
2015_2,오목로3길,3739,1851,1888,799,444,690,600,598,608,415,222,344,300,284,286,384,222,346,300,314,322
2015_2,오목로30길,4291,2124,2167,711,623,840,673,695,749,366,304,436,332,328,358,345,319,404,341,367,391
2015_2,오목로23길,5618,2777,2841,929,813,1102,883,912,979,480,395,571,435,430,466,449,418,531,448,482,513
2015_2,신월로20길,2235,1134,1101,401,307,322,369,425,411,211,160,173,188,209,193,190,147,149,181,216,218
2015_2,신월로15길,5674,2811,2863,1216,670,1039,918,905,926,630,335,519,459,430,438,586,335,520,459,475,488
2015_2,신목로6길,3884,1919,1965,957,542,400,844,657,484,505,268,180,397,346,223,452,274,220,447,311,261
2015_2,신목로5길,2156,1069,1087,517,310,211,463,376,279,276,155,96,218,198,126,241,155,115,245,178,153
2015_2,신목로2길,2638,1310,1328,633,377,257,566,460,345,338,188,118,266,243,157,295,189,139,300,217,188
2015_2,목동중앙서로8가길,1892,945,947,474,252,234,414,288,230,257,134,113,190,150,101,217,118,121,224,138,129
2015_2,목동중앙서로7길,4478,2239,2239,1122,598,550,981,681,546,609,317,267,451,356,239,513,281,283,530,325,307
2015_2,목동중앙북로8길,2543,1246,1297,442,411,447,408,439,396,236,205,230,189,210,176,206,206,217,219,229,220
2015_2,목동중앙북로16길,4162,2052,2110,790,653,719,711,705,584,422,329,360,337,344,260,368,324,359,374,361,324
2015_2,목동중앙본로7길,2424,1198,1226,513,358,364,460,393,336,276,183,181,212,197,149,237,175,183,248,196,187
2015_2,목동중앙로3길,2320,1160,1160,581,311,282,508,353,285,314,166,137,234,184,125,267,145,145,274,169,160
2015_2,목동중앙로13나길,1304,641,663,246,205,226,221,221,185,131,103,113,104,108,82,115,102,113,117,113,103
2015_2,목동중앙남로3가길,2293,1134,1159,498,334,334,444,368,315,268,171,167,204,184,140,230,163,167,240,184,175
2015_2,목동로9길,3104,1534,1570,512,449,612,485,502,544,265,219,316,238,237,259,247,230,296,247,265,285
2015_2,목동로19길,2505,1236,1269,415,362,491,394,406,437,215,175,254,194,191,207,200,187,237,200,215,230
2015_2,목동동로8길,1176,580,596,295,163,121,257,197,143,157,82,54,119,103,65,138,81,67,138,94,78
2015_2,목동동로12길,3560,1731,1829,958,453,436,797,540,376,491,215,192,375,279,179,467,238,244,422,261,197
2015_2,목동남로4길,1439,712,727,307,195,172,280,254,231,165,103,84,133,128,99,142,92,88,147,126,132
2015_2,남부순환로88길,611,302,309,141,75,101,116,90,88,73,39,49,58,44,39,68,36,52,58,46,49
2015_2,남부순환로79길,2667,1360,1307,470,364,368,447,522,496,248,192,200,227,260,233,222,172,168,220,262,263
2015_2,남부순환로70길,4942,2453,2489,923,643,858,796,830,892,472,336,453,405,392,395,451,307,405,391,438,497
2015_2,남부순환로58길,1704,889,815,279,231,257,310,315,312,145,122,140,169,170,143,134,109,117,141,145,169
2015_2,남부순환로40길,3192,1660,1532,530,428,484,577,590,583,273,224,262,315,318,268,257,204,222,262,272,315
2015_2,남부순환로33길,4036,1994,2042,811,577,628,712,683,625,415,292,316,348,331,292,396,285,312,364,352,333
2015_2,곰달래로5길,3861,1976,1885,665,520,630,661,713,672,341,267,342,343,371,312,324,253,288,318,342,360
2015_2,곰달래로3길,3506,1794,1712,604,474,573,600,647,608,309,244,309,311,338,283,295,230,264,289,309,325
2015_2,곰달래로2길,3926,2013,1913,677,529,640,672,728,680,349,271,349,350,378,316,328,258,291,322,350,364
2015_2,곰달래로10길,4042,2065,1977,695,550,659,691,745,702,356,282,356,356,389,326,339,268,303,335,356,376
2015_2,가로공원로58길,3261,1697,1564,543,441,490,587,604,596,280,230,266,321,325,275,263,211,224,266,279,321
2015_2,효창원로93길,3994,1940,2054,680,569,681,715,616,733,349,279,343,356,301,312,331,290,338,359,315,421
2015_2,토정로37길,834,399,435,172,99,156,164,112,131,87,48,71,84,55,54,85,51,85,80,57,77
2015_2,월드컵로8길,1988,914,1074,232,433,469,306,240,308,113,180,216,150,116,139,119,253,253,156,124,169
2015_2,월드컵로7길,2500,1205,1295,404,441,548,360,335,412,209,199,278,180,155,184,195,242,270,180,180,228
2015_2,월드컵로36길,3808,1849,1959,824,457,664,719,519,625,429,228,324,362,252,254,395,229,340,357,267,371
2015_2,월드컵로25길,3299,1597,1702,643,426,623,592,462,553,324,202,304,300,221,246,319,224,319,292,241,307
2015_2,월드컵로19길,2251,1095,1156,371,325,462,384,321,388,190,153,234,197,153,168,181,172,228,187,168,220
2015_2,월드컵로16길,2516,1170,1346,311,519,583,396,310,397,156,218,271,195,150,180,155,301,312,201,160,217
2015_2,월드컵로11길,2773,1349,1424,458,404,571,471,392,477,235,191,290,241,187,205,223,213,281,230,205,272
2015_2,월드컵로10길,1858,858,1000,216,403,439,284,225,291,108,167,204,140,108,131,108,236,235,144,117,160
2015_2,와우산로3길,2716,1301,1415,466,500,525,460,374,391,236,238,246,230,179,172,230,262,279,230,195,219
2015_2,와우산로29길,1085,502,583,127,236,256,165,132,169,63,98,119,82,64,76,64,138,137,83,68,93
2015_2,와우산로29가길,783,360,423,89,170,185,121,95,123,44,70,86,59,45,56,45,100,99,62,50,67
2015_2,양화진길,1668,801,867,268,293,366,242,225,274,136,133,186,121,103,122,132,160,180,121,122,152
2015_2,양화로1길,3066,1476,1590,496,540,671,446,410,503,256,244,340,223,187,226,240,296,331,223,223,277
2015_2,양화로11길,818,377,441,96,177,192,125,100,128,47,73,89,62,48,58,49,104,103,63,52,70
2015_2,신촌로30길,866,423,443,133,121,164,140,145,163,67,60,82,73,73,68,66,61,82,67,72,95
2015_2,신촌로28가길,1662,809,853,260,230,318,267,274,313,130,112,159,137,138,133,130,118,159,130,136,180
2015_2,신촌로12길,1877,881,996,261,386,411,299,238,282,131,170,191,148,115,126,130,216,220,151,123,156
2015_2,숭문길,2846,1401,1445,426,460,474,489,447,550,215,230,246,253,221,236,211,230,228,236,226,314
2015_2,숭문8길,2502,1231,1271,392,379,404,441,399,487,197,191,210,227,198,208,195,188,194,214,201,279
2015_2,성지3길,1514,730,784,245,267,331,218,204,249,127,120,168,109,95,111,118,147,163,109,109,138
2015_2,성산로4길,3183,1527,1656,539,455,615,564,471,539,276,219,300,273,223,236,263,236,315,291,248,303
2015_2,성미산로32길,1431,682,749,194,251,309,230,199,248,101,115,154,115,90,107,93,136,155,115,109,141
2015_2,성미산로1길,3359,1618,1741,572,479,650,598,496,564,294,234,317,291,235,247,278,245,333,307,261,317
2015_2,성미산로11길,3905,1874,2031,636,579,776,681,570,663,326,278,381,333,267,289,310,301,395,348,303,374
2015_2,백범로16길,1496,732,764,194,293,267,239,223,280,100,142,136,125,110,119,94,151,131,114,113,161
2015_2,방울내로9안길,5021,2431,2590,981,649,951,902,703,835,493,308,463,458,337,372,488,341,488,444,366,463
2015_2,모래내로7길,3162,1536,1626,686,383,551,595,430,517,357,191,268,300,210,210,329,192,283,295,220,307
2015_2,매봉산로2길,5307,2589,2718,1413,568,917,1040,649,720,721,285,417,533,320,313,692,283,500,507,329,407
2015_2,망원로2길,4590,2236,2354,760,666,944,778,652,790,392,315,478,399,312,340,368,351,466,379,340,450
2015_2,망원로11길,1713,829,884,334,223,325,307,238,286,168,106,159,156,113,127,166,117,166,151,125,159
2015_2,만리재옛길,3441,1673,1768,561,509,590,612,536,633,281,250,300,307,266,269,280,259,290,305,270,364
2015_2,마포대로4길,1198,575,623,216,159,213,201,184,225,112,75,104,99,89,96,104,84,109,102,95,129
2015_2,마포대로20길,1477,718,759,240,218,253,262,230,274,120,107,129,133,112,117,120,111,124,129,118,157
2015_2,마포대로12길,448,218,230,68,63,88,71,74,84,34,30,44,37,37,36,34,33,44,34,37,48
2015_2,동교로38길,2313,1099,1214,304,420,507,370,316,396,158,189,250,185,145,172,146,231,257,185,171,224
2015_2,동교로27길,3098,1471,1627,409,557,683,493,423,533,214,251,335,247,193,231,195,306,348,246,230,302
2015_2,동교로25길,1628,774,854,215,295,354,261,224,279,111,133,175,131,103,121,104,162,179,130,121,158
2015_2,동교로19길,1979,923,1056,266,382,439,321,255,316,134,163,206,157,122,141,132,219,233,164,133,175
2015_2,동교로17길,1826,847,979,222,384,423,285,226,286,111,161,197,140,109,129,111,223,226,145,117,157
2015_2,독막로8길,1716,825,891,275,300,377,252,230,282,142,135,192,126,104,126,133,165,185,126,126,156
2015_2,독막로32길,3261,1612,1649,600,472,592,567,466,564,308,252,295,292,220,245,292,220,297,275,246,319
2015_2,독막로22길,881,423,458,151,163,169,150,122,126,76,78,80,75,59,55,75,85,89,75,63,71
2015_2,도화길,1011,485,526,183,135,179,170,155,189,97,63,86,84,75,80,86,72,93,86,80,109
2015_2,도화4길,4134,1991,2143,743,558,730,694,633,776,391,265,353,344,306,332,352,293,377,350,327,444
2015_2,대흥로28길,2760,1357,1403,420,435,459,478,434,534,212,217,237,247,214,230,208,218,222,231,220,304
2015_2,대흥로21길,7380,3609,3771,852,1640,1375,1100,1077,1336,445,780,695,589,526,574,407,860,680,511,551,762
2015_2,광성로6길,1875,924,951,325,293,344,319,269,325,167,153,172,164,128,140,158,140,172,155,141,185
2015_2,홍제내길,3543,1708,1835,616,454,581,614,563,715,315,230,295,299,262,307,301,224,286,315,301,408
2015_2,홍연길,1457,709,748,231,264,244,238,206,274,118,136,121,117,96,121,113,128,123,121,110,153
2015_2,통일로39길,1727,833,894,303,221,282,301,274,346,155,114,143,146,126,149,148,107,139,155,148,197
2015_2,통일로37길,1520,733,787,264,195,250,264,242,305,135,99,127,129,113,130,129,96,123,135,129,175
2015_2,통일로11길,416,202,214,81,50,68,74,62,81,41,26,33,38,31,33,40,24,35,36,31,48
2015_2,충정로6길,603,297,306,91,88,95,103,104,122,47,44,49,53,52,52,44,44,46,50,52,70
2015_2,충정로4길,240,119,121,35,34,38,42,42,49,18,17,21,21,21,21,17,17,17,21,21,28
2015_2,증가로6길,4149,2038,2111,748,591,608,729,680,793,386,305,307,364,326,350,362,286,301,365,354,443
2015_2,증가로23나길,5253,2587,2666,957,706,858,912,829,991,490,362,441,454,394,446,467,344,417,458,435,545
2015_2,증가로20가길,4120,2033,2087,739,559,650,720,650,802,381,290,332,359,314,357,358,269,318,361,336,445
2015_2,증가로10길,4062,2002,2060,721,573,595,716,652,805,371,299,302,358,320,352,350,274,293,358,332,453
2015_2,응암로1길,3315,1634,1681,605,443,542,575,523,627,311,226,281,286,248,282,294,217,261,289,275,345
2015_2,연희로10길,2475,1206,1269,386,448,414,405,353,469,200,229,205,199,167,206,186,219,209,206,186,263
2015_2,신촌로37길,771,374,397,118,110,126,138,124,155,60,56,64,69,62,63,58,54,62,69,62,92
2015_2,수색로8길,8864,4353,4511,1855,1081,1611,1540,1304,1473,961,538,791,781,623,659,894,543,820,759,681,814
2015_2,세무서길,4676,2285,2391,791,587,670,821,761,1046,404,295,355,416,366,449,387,292,315,405,395,597
2015_2,세무서2길,3079,1489,1590,543,415,456,538,522,605,278,208,230,266,249,258,265,207,226,272,273,347
2015_2,세검정로1길,1158,572,586,205,154,157,206,195,241,104,79,82,105,97,105,101,75,75,101,98,136
2015_2,북아현로4길,3241,1577,1664,491,458,535,583,518,656,248,233,272,291,263,270,243,225,263,292,255,386
2015_2,모래내로15길,3096,1529,1567,545,433,449,549,488,632,281,230,227,275,244,272,264,203,222,274,244,360
2015_2,명지대길,2694,1328,1366,478,380,392,476,432,536,247,199,198,238,213,233,231,181,194,238,219,303
2015_2,독립문로8길,4233,2056,2177,791,521,686,754,646,835,405,264,339,384,318,346,386,257,347,370,328,489
2015_2,가재울로6길,3292,1628,1664,579,459,479,584,522,669,297,244,243,292,262,290,282,215,236,292,260,379
2015_2,통일로92길,4243,2091,2152,656,586,661,711,723,906,347,298,353,349,341,403,309,288,308,362,382,503
2015_2,통일로87길,1845,915,930,317,265,286,312,311,354,165,137,152,154,149,158,152,128,134,158,162,196
2015_2,통일로78길,3325,1640,1685,516,458,519,559,568,705,273,232,278,274,271,312,243,226,241,285,297,393
2015_2,통일로69길,1561,748,813,257,224,284,257,240,299,128,103,144,128,112,133,129,121,140,129,128,166
2015_2,진흥로1길,3826,1856,1970,723,503,693,658,583,666,368,247,347,326,277,291,355,256,346,332,306,375
2015_2,진흥로12길,6120,2966,3154,983,795,1092,1019,967,1264,503,389,557,514,454,549,480,406,535,505,513,715
2015_2,증산서길,2701,1345,1356,479,341,451,459,448,523,251,176,230,231,215,242,228,165,221,228,233,281
2015_2,증산로9길,3513,1747,1766,622,446,585,598,581,681,324,230,299,300,280,314,298,216,286,298,301,367
2015_2,증산로5길,2586,1291,1295,456,327,432,438,433,500,239,169,221,222,210,230,217,158,211,216,223,270
2015_2,증산로21길,5752,2815,2937,1046,796,1031,951,923,1005,537,399,524,471,428,456,509,397,507,480,495,549
2015_2,증산로17길,1602,803,799,308,210,244,283,265,292,165,110,126,139,132,131,143,100,118,144,133,161
2015_2,증산로15길,2204,1104,1100,419,288,342,386,365,404,224,150,176,191,180,183,195,138,166,195,185,221
2015_2,증산로13길,2538,1264,1274,454,323,421,433,419,488,238,166,214,217,203,226,216,157,207,216,216,262
2015_2,응암로34길,5792,2844,2948,1156,685,1039,1019,853,1040,613,347,512,514,409,449,543,338,527,505,444,591
2015_2,응암로22길,4652,2303,2349,905,537,823,822,701,864,480,282,407,418,342,374,425,255,416,404,359,490
2015_2,응암로14길,1966,974,992,314,264,314,338,323,413,167,135,164,172,157,179,147,129,150,166,166,234
2015_2,응암로13길,1396,692,704,225,189,221,239,230,292,119,98,115,122,112,126,106,91,106,117,118,166
2015_2,응암로12길,1251,619,632,202,169,197,214,208,261,107,87,102,108,102,113,95,82,95,106,106,148
2015_2,은평로8길,2468,1201,1267,475,314,433,429,369,448,251,154,214,214,175,193,224,160,219,215,194,255
2015_2,은평로3길,2419,1180,1239,450,327,434,406,379,423,230,164,219,199,178,190,220,163,215,207,201,233
2015_2,은평로20길,2304,1120,1184,452,292,406,402,340,412,238,142,202,200,160,178,214,150,204,202,180,234
2015_2,은평로13길,2904,1408,1496,498,372,517,491,452,574,257,181,261,246,214,249,241,191,256,245,238,325
2015_2,은평로10길,3422,1663,1759,669,433,601,597,511,611,353,210,298,298,241,263,316,223,303,299,270,348
2015_2,연서로5길,2793,1353,1440,529,368,508,478,424,486,268,180,255,237,199,214,261,188,253,241,225,272
2015_2,연서로41길,2686,1318,1368,415,371,415,451,462,572,219,188,221,221,218,251,196,183,194,230,244,321
2015_2,연서로3길,3648,1769,1879,690,480,664,624,554,636,349,235,334,308,262,281,341,245,330,316,292,355
2015_2,연서로34길,2048,1015,1033,314,284,318,344,349,439,168,144,172,169,167,195,146,140,146,175,182,244
2015_2,연서로33길,1469,729,740,227,203,228,248,252,311,122,103,123,122,122,137,105,100,105,126,130,174
2015_2,연서로29길,1192,590,602,206,172,183,201,203,227,107,90,97,99,97,100,99,82,86,102,106,127
2015_2,연서로28길,4024,1920,2104,660,576,730,667,620,771,324,266,370,330,289,341,336,310,360,337,331,430
2015_2,연서로27길,2812,1362,1450,549,394,461,500,435,473,280,191,238,237,206,210,269,203,223,263,229,263
2015_2,연서로21길,4237,2045,2192,828,589,695,755,654,716,422,286,356,355,310,316,406,303,339,400,344,400
2015_2,연서로17길,1988,958,1030,389,277,324,352,310,336,198,134,165,165,147,149,191,143,159,187,163,187
2015_2,연서로16길,5229,2532,2697,988,688,952,899,794,908,499,337,479,443,373,401,489,351,473,456,421,507
2015_2,연서로13길,4591,2341,2250,859,584,669,806,781,892,428,290,348,409,409,457,431,294,321,397,372,435
2015_2,연서로11길,3565,1786,1779,673,458,562,619,583,670,337,226,291,310,294,328,336,232,271,309,289,342
2015_2,역말로9길,5418,2593,2825,888,777,990,892,832,1039,440,359,504,444,387,459,448,418,486,448,445,580
2015_2,수색로18길,2656,1336,1320,428,355,405,432,471,565,226,186,218,228,235,243,202,169,187,204,236,322
2015_2,서오릉로8길,2837,1357,1480,467,406,518,467,436,543,232,187,263,232,203,240,235,219,255,235,233,303
2015_2,서오릉로21길,4263,2177,2086,800,536,626,749,723,829,399,265,327,380,379,427,401,271,299,369,344,402
2015_2,불광천길,3758,1858,1900,604,507,596,645,618,788,320,261,308,329,300,340,284,246,288,316,318,448
2015_2,갈현로7길,2901,1416,1485,547,382,515,499,449,509,278,188,260,247,214,229,269,194,255,252,235,280
2015_2,갈현로41길,3451,1707,1744,593,500,534,582,582,660,310,261,281,285,277,293,283,239,253,297,305,367
2015_2,갈현로33길,3795,1857,1938,693,538,602,658,615,689,360,271,312,315,292,307,333,267,290,343,323,382
2015_2,갈현로1길,2316,1135,1181,423,321,411,383,372,406,217,161,208,190,174,185,206,160,203,193,198,221
2015_2,가좌로7길,2864,1415,1449,464,387,457,490,469,597,244,199,236,249,227,260,220,188,221,241,242,337
2015_2,한글비석로44길,4105,2012,2093,768,567,576,731,689,774,394,296,297,354,335,336,374,271,279,377,354,438
2015_2,한글비석로24길,3282,1612,1670,611,450,461,579,553,628,313,235,238,280,272,274,298,215,223,299,281,354
2015_2,한글비석로22길,2008,984,1024,424,257,255,386,325,361,224,136,131,186,159,148,200,121,124,200,166,213
2015_2,석계로1길,1405,721,684,239,222,232,217,225,270,125,129,119,112,111,125,114,93,113,105,114,145
2015_2,상계로9가길,2930,1441,1489,545,440,395,522,518,510,275,222,201,252,256,235,270,218,194,270,262,275
2015_2,상계로1길,1087,539,548,203,169,142,194,198,181,103,84,74,94,98,86,100,85,68,100,100,95
2015_2,상계로12길,3699,1834,1865,688,575,492,663,670,611,351,286,253,319,334,291,337,289,239,344,336,320
2015_2,동일로242길,2842,1399,1443,553,407,408,489,502,483,291,208,200,232,245,223,262,199,208,257,257,260
2015_2,동일로192길,2986,1468,1518,504,499,531,460,484,508,260,250,274,230,225,229,244,249,257,230,259,279
2015_2,동일로173가길,3675,1810,1865,622,614,651,566,596,626,322,311,336,283,276,282,300,303,315,283,320,344
2015_2,공릉로58길,2111,1020,1091,453,323,230,401,376,328,249,172,112,179,185,123,204,151,118,222,191,205
2015_2,해등로16길,823,405,418,155,122,128,138,145,135,81,62,64,66,69,63,74,60,64,72,76,72
2015_2,우이천로4다길,2325,1170,1155,425,292,364,416,378,450,224,152,189,213,189,203,201,140,175,203,189,247
2015_2,우이천로32길,2802,1373,1429,511,374,389,478,481,569,256,187,200,241,227,262,255,187,189,237,254,307
2015_2,시루봉로23길,3656,1864,1792,508,469,522,565,676,916,267,246,292,292,338,429,241,223,230,273,338,487
2015_2,삼양로144길,1543,756,787,273,204,216,262,264,324,139,102,111,131,125,148,134,102,105,131,139,176
2015_2,방학로6가길,2242,1124,1118,391,325,313,382,422,409,205,170,161,190,206,192,186,155,152,192,216,217
2015_2,방학로5길,3699,1810,1889,640,520,583,617,631,708,338,263,302,294,295,318,302,257,281,323,336,390
2015_2,방학로15길,3460,1695,1765,737,498,435,621,640,529,393,262,205,290,309,236,344,236,230,331,331,293
2015_2,방학로10길,2159,1092,1067,384,287,292,389,383,424,204,152,157,200,188,191,180,135,135,189,195,233
2015_2,도봉산길,1753,894,859,243,225,250,269,324,442,127,118,140,139,162,208,116,107,110,130,162,234
2015_2,도봉산4길,516,259,257,70,67,74,77,94,134,36,34,40,39,47,63,34,33,34,38,47,71
2015_2,도봉로181길,2019,1030,989,283,259,286,312,371,508,149,134,161,160,186,240,134,125,125,152,185,268
2015_2,도봉로169나길,2241,1142,1099,311,286,317,345,415,567,165,148,179,175,209,266,146,138,138,170,206,301
2015_2,도봉로156길,2246,1114,1132,377,278,356,333,407,495,196,144,179,170,193,232,181,134,177,163,214,263
2015_2,도봉로152가길,1301,646,655,219,161,207,193,234,287,113,84,105,98,111,135,106,77,102,95,123,152
2015_2,도봉로147길,5055,2534,2521,883,728,704,861,953,926,465,378,364,426,466,435,418,350,340,435,487,491
2015_2,도봉로143길,1945,976,969,338,279,274,332,365,357,178,147,142,163,178,168,160,132,132,169,187,189
2015_2,도봉로114길,7651,3722,3929,1522,978,1232,1390,1223,1306,783,497,611,674,575,582,739,481,621,716,648,724
2015_2,도봉로109길,2138,1047,1091,339,308,360,340,357,434,177,150,187,171,162,200,162,158,173,169,195,234
2015_2,도당로29길,2894,1458,1436,486,413,406,488,543,558,256,216,214,244,266,262,230,197,192,244,277,296
2015_2,도당로19길,4177,2108,2069,712,573,578,724,761,829,375,301,308,367,374,383,337,272,270,357,387,446
2015_2,도당로13바길,3363,1706,1657,596,449,451,610,595,662,317,241,243,313,293,299,279,208,208,297,302,363
2015_2,도당로13가길,1410,716,694,250,188,191,255,248,278,132,101,104,131,123,125,118,87,87,124,125,153
2015_2,덕릉로60길,2100,1057,1043,382,264,328,377,342,407,201,137,171,194,171,183,181,127,157,183,171,224
2015_2,노해로63다길,1897,930,967,362,279,295,316,334,311,188,141,147,152,157,145,174,138,148,164,177,166
2015_2,노해로60길,2272,1113,1159,360,323,383,364,378,464,189,157,200,183,171,213,171,166,183,181,207,251
2015_2,한천로140길,1903,946,957,257,285,332,310,314,405,136,143,177,155,151,184,121,142,155,155,163,221
2015_2,한천로139가길,1625,808,817,218,244,284,263,273,343,115,122,152,132,131,156,103,122,132,131,142,187
2015_2,한천로132길,1781,881,900,272,267,314,301,280,347,142,129,163,157,133,157,130,138,151,144,147,190
2015_2,한천로130길,3574,1774,1800,543,535,631,603,563,699,282,259,330,316,272,315,261,276,301,287,291,384
2015_2,한천로124나길,1890,938,952,285,283,332,321,300,369,148,137,172,169,144,168,137,146,160,152,156,201
2015_2,한천로109길,1831,884,947,329,206,288,293,268,447,169,105,149,152,127,182,160,101,139,141,141,265
2015_2,인수봉로79길,3225,1586,1639,525,413,480,523,556,728,276,206,256,260,264,324,249,207,224,263,292,404
2015_2,인수봉로72길,3857,1890,1967,628,498,576,624,665,866,329,249,306,310,314,382,299,249,270,314,351,484
2015_2,인수봉로56길,2235,1097,1138,367,288,332,358,386,504,192,144,177,178,182,224,175,144,155,180,204,280
2015_2,오패산로67길,2272,1127,1145,346,340,398,386,355,447,180,163,208,203,171,202,166,177,190,183,184,245
2015_2,오패산로52길,2759,1351,1408,422,379,440,457,477,584,216,193,230,228,227,257,206,186,210,229,250,327
2015_2,오패산로30길,1189,579,610,183,165,188,197,206,250,92,82,99,98,96,112,91,83,89,99,110,138
2015_2,수유로12길,2285,1148,1137,370,317,352,376,392,478,193,161,191,196,190,217,177,156,161,180,202,261
2015_2,솔샘로65길,2923,1462,1461,438,383,437,501,529,635,222,200,233,259,264,284,216,183,204,242,265,351
2015_2,솔매로50길,2473,1213,1260,369,355,394,412,431,512,189,179,208,203,205,229,180,176,186,209,226,283
2015_2,솔매로45길,2427,1198,1229,350,355,386,407,431,498,183,179,203,203,207,223,167,176,183,204,224,275
2015_2,솔매로41길,4039,2003,2036,611,572,642,683,708,823,320,291,337,343,344,368,291,281,305,340,364,455
2015_2,삼양로93길,3048,1493,1555,498,396,454,491,526,683,260,197,241,244,248,303,238,199,213,247,278,380
2015_2,삼양로77길,3701,1861,1840,600,512,573,611,633,772,310,260,310,319,309,353,290,252,263,292,324,419
2015_2,삼양로54길,4325,2157,2168,641,592,659,734,774,925,332,307,348,377,382,411,309,285,311,357,392,514
2015_2,삼양로41길,5569,2798,2771,1021,686,883,980,905,1094,537,360,458,506,450,487,484,326,425,474,455,607
2015_2,삼양로27길,575,279,296,149,58,101,118,74,75,76,29,48,60,35,31,73,29,53,58,39,44
2015_2,삼양로24길,2792,1397,1395,418,372,418,477,504,603,213,194,222,247,252,269,205,178,196,230,252,334
2015_2,삼양로20길,2717,1360,1357,409,361,405,465,490,587,210,189,216,240,244,261,199,172,189,225,246,326
2015_2,삼각산로28길,3929,1954,1975,527,589,684,637,656,836,280,295,364,320,313,382,247,294,320,317,343,454
2015_2,도봉로99길,2542,1264,1278,342,380,444,415,423,538,181,191,236,208,202,246,161,189,208,207,221,292
2015_2,도봉로8길,276,134,142,42,38,45,46,48,57,21,19,24,22,22,26,21,19,21,24,26,31
2015_2,도봉로76길,3163,1561,1602,457,465,502,529,561,649,239,235,263,263,270,291,218,230,239,266,291,358
2015_2,도봉로67길,1964,977,987,316,269,313,335,336,395,165,138,163,170,164,177,151,131,150,165,172,218
2015_2,도봉로45길,3809,1887,1922,554,544,598,641,680,792,289,278,313,323,330,354,265,266,285,318,350,438
2015_2,도봉로18길,3597,1751,1846,554,500,567,595,624,757,278,248,299,295,292,339,276,252,268,300,332,418
2015_2,도봉로13길,1754,879,875,260,236,262,301,319,376,133,123,139,157,159,168,127,113,123,144,160,208
2015_2,덕릉로41길,2543,1260,1283,388,382,447,432,396,498,202,185,233,226,190,224,186,197,214,206,206,274
2015_2,덕릉로40길,3086,1518,1568,515,386,486,507,506,686,269,207,257,252,247,286,246,179,229,255,259,400
2015_2,노해로33길,2981,1469,1512,484,393,452,478,510,664,252,203,239,239,241,295,232,190,213,239,269,369
2015_2,노해로23길,1369,673,696,224,180,207,218,233,307,115,94,109,109,110,136,109,86,98,109,123,171
2015_2,노해로17길,2601,1293,1308,352,390,452,420,436,551,186,196,242,210,209,250,166,194,210,210,227,301
2015_2,화랑로40길,1630,822,808,262,230,264,270,280,324,138,118,138,138,139,151,124,112,126,132,141,173
2015_2,화랑로32길,4126,2078,2048,666,580,671,681,710,818,349,298,349,350,350,382,317,282,322,331,360,436
2015_2,화랑로1길,2583,1268,1315,531,293,441,459,401,458,266,148,214,241,193,206,265,145,227,218,208,252
2015_2,화랑로19길,3053,1524,1529,522,433,473,519,499,607,268,216,245,271,247,277,254,217,228,248,252,330
2015_2,화랑로14길,1953,967,986,344,297,320,323,301,368,177,141,160,173,149,167,167,156,160,150,152,201
2015_2,화랑로13길,920,455,465,165,136,151,154,141,173,84,65,75,82,70,79,81,71,76,72,71,94
2015_2,한천로76길,2139,1080,1059,346,300,347,356,367,423,182,152,182,183,183,198,164,148,165,173,184,225
2015_2,한천로101가길,4460,2255,2205,772,575,636,808,773,896,402,305,344,409,384,411,370,270,292,399,389,485
2015_2,창경궁로43길,1292,625,667,204,231,206,214,183,254,105,115,104,103,88,110,99,116,102,111,95,144
2015_2,지봉로20길,2930,1435,1495,438,479,512,509,462,530,221,234,267,256,226,231,217,245,245,253,236,299
2015_2,종암로5길,1959,979,980,391,284,320,350,287,327,206,150,161,179,142,141,185,134,159,171,145,186
2015_2,종암로24가길,2730,1362,1368,545,395,445,484,402,459,286,209,224,248,198,197,259,186,221,236,204,262
2015_2,종암로21길,1362,681,681,273,197,222,241,202,227,145,104,112,124,99,97,128,93,110,117,103,130
2015_2,종암로19길,1751,875,876,348,254,283,313,259,294,182,134,142,162,128,127,166,120,141,151,131,167
2015_2,종암로16길,3816,1907,1909,764,554,617,676,565,640,403,294,311,346,278,275,361,260,306,330,287,365
2015_2,정릉로8길,1759,878,881,268,288,259,272,286,386,139,159,144,133,136,167,129,129,115,139,150,219
2015_2,정릉로27길,3179,1574,1605,609,382,519,538,502,629,322,196,261,273,238,284,287,186,258,265,264,345
2015_2,정릉로26길,450,223,227,86,55,72,77,72,88,45,28,37,39,34,40,41,27,35,38,38,48
2015_2,장위로50길,2407,1227,1180,410,295,337,432,423,510,213,161,177,221,216,239,197,134,160,211,207,271
2015_2,장월로1길,2541,1254,1287,446,382,416,421,396,480,229,182,208,222,196,217,217,200,208,199,200,263
2015_2,인촌로6길,587,287,300,86,97,101,103,94,106,43,48,52,52,46,46,43,49,49,51,48,60
2015_2,인촌로5길,2011,958,1053,274,503,339,298,265,332,142,225,174,150,125,142,132,278,165,148,140,190
2015_2,인촌로24길,740,379,361,99,196,117,109,100,119,53,104,66,56,50,50,46,92,51,53,50,69
2015_2,개운사길,1124,567,557,152,296,178,166,150,182,81,153,97,85,72,79,71,143,81,81,78,103
2015_2,인촌로1길,1634,799,835,251,268,283,283,257,292,126,132,147,143,125,126,125,136,136,140,132,166
2015_2,인촌로17가길,2061,1047,1014,275,541,329,303,280,333,148,280,182,156,138,143,127,261,147,147,142,190
2015_2,오패산로4길,3417,1689,1728,599,518,561,568,530,641,308,246,280,302,262,291,291,272,281,266,268,350
2015_2,오패산로3길,3584,1756,1828,739,414,612,636,552,631,370,207,296,333,269,281,369,207,316,303,283,350
2015_2,오패산로19길,2094,1031,1063,432,237,359,374,323,369,217,119,175,198,157,165,215,118,184,176,166,204
2015_2,안암로5길,2624,1331,1293,349,688,420,387,357,423,188,355,232,199,175,182,161,333,188,188,182,241
2015_2,아리랑로4길,3419,1500,1919,485,791,620,512,429,582,238,276,290,252,197,247,247,515,330,260,232,335
2015_2,솔샘로6길,2135,1067,1068,329,352,311,330,347,466,172,195,174,162,164,200,157,157,137,168,183,266
2015_2,성북로8길,1334,641,693,214,205,217,228,197,273,110,96,106,112,96,121,104,109,111,116,101,152
2015_2,삼양로8길,3761,1855,1906,629,505,616,632,628,751,333,257,309,320,302,334,296,248,307,312,326,417
2015_2,삼선교로16가길,1146,555,591,196,186,193,202,165,204,102,88,97,102,79,87,94,98,96,100,86,117
2015_2,삼선교로10다길,1860,902,958,316,301,314,327,273,329,162,142,158,166,133,141,154,159,156,161,140,188
2015_2,삼선교로10길,1395,676,719,237,226,236,246,203,247,122,106,119,125,98,106,115,120,117,121,105,141
2015_2,보문로32길,1662,733,929,236,386,301,245,212,282,117,137,140,122,98,119,119,249,161,123,114,163
2015_2,보문로31길,1958,952,1006,336,318,330,345,286,343,174,151,167,174,138,148,162,167,163,171,148,195
2015_2,보문로26길,1795,912,883,239,473,286,263,245,289,129,245,158,135,120,125,110,228,128,128,125,164
2015_2,보문로13길,2791,1374,1417,417,459,484,483,446,502,209,228,253,247,218,219,208,231,231,236,228,283
2015_2,보국문로16길,2960,1451,1509,585,357,499,529,446,544,303,176,244,274,211,243,282,181,255,255,235,301
2015_2,동소문로6길,262,125,137,46,42,46,46,37,45,23,19,23,23,18,19,23,23,23,23,19,26
2015_2,동소문로2길,323,157,166,55,53,54,56,46,59,28,26,27,28,22,26,27,27,27,28,24,33
2015_2,동소문로26가길,2153,952,1201,308,498,388,324,270,365,152,176,181,161,126,156,156,322,207,163,144,209
2015_2,동소문로15길,1139,502,637,162,263,206,171,144,193,80,92,97,85,66,82,82,171,109,86,78,111
2015_2,동소문로13길,2026,955,1071,322,343,338,339,291,393,164,147,165,168,138,173,158,196,173,171,153,220
2015_2,돌곶이로8길,1715,861,854,274,240,277,286,296,342,144,122,144,146,146,159,130,118,133,140,150,183
2015_2,돌곶이로41길,2034,1012,1022,353,273,292,366,348,402,180,142,159,183,168,180,173,131,133,183,180,222
2015_2,돌곶이로28길,2055,1037,1018,342,261,296,365,358,433,175,137,159,189,178,199,167,124,137,176,180,234
2015_2,돌곶이로27길,3092,1556,1536,507,405,451,543,537,649,256,211,249,280,263,297,251,194,202,263,274,352
2015_2,돌곶이로22길,1358,683,675,218,192,222,226,232,268,115,99,114,115,115,125,103,93,108,111,117,143
2015_2,돌곶이로14길,1533,772,761,246,217,251,252,265,302,130,111,130,130,131,140,116,106,121,122,134,162
2015_2,길음로7길,2013,974,1039,502,209,389,386,253,274,256,101,177,203,117,120,246,108,212,183,136,154
2015_2,중랑천로10길,2799,1410,1389,449,400,475,506,479,490,231,200,254,264,239,222,218,200,221,242,240,268
2015_2,용마산로94길,3577,1793,1784,559,529,584,611,637,657,281,274,310,312,315,301,278,255,274,299,322,356
2015_2,용마산로118길,1727,875,852,275,253,270,284,325,320,140,131,145,145,165,149,135,122,125,139,160,171
2015_2,용마산로112길,2819,1422,1397,447,408,440,463,538,523,226,208,234,237,275,242,221,200,206,226,263,281
2015_2,용마산로100길,3463,1748,1715,582,476,520,625,628,632,288,242,277,323,325,293,294,234,243,302,303,339
2015_2,신내로7가길,810,400,410,169,119,115,145,140,122,88,61,57,70,70,54,81,58,58,75,70,68
2015_2,사가정로54길,3484,1743,1741,540,515,578,572,625,654,280,260,306,288,313,296,260,255,272,284,312,358
2015_2,사가정로42길,3205,1603,1602,495,472,535,526,577,600,256,239,282,265,290,271,239,233,253,261,287,329
2015_2,봉화산로56길,4511,2221,2290,999,605,732,717,735,723,509,309,362,350,362,329,490,296,370,367,373,394
2015_2,봉화산로4길,5170,2672,2498,691,750,791,893,1036,1009,368,387,428,479,545,465,323,363,363,414,491,544
2015_2,봉화산로30길,3385,1683,1702,634,497,547,557,595,555,331,252,284,273,290,253,303,245,263,284,305,302
2015_2,봉우재로33길,2843,1441,1402,347,475,538,440,507,536,186,228,288,235,252,252,161,247,250,205,255,284
2015_2,면목로78길,6286,3151,3135,980,956,1062,1108,1065,1115,511,478,567,566,526,503,469,478,495,542,539,612
2015_2,면목로56길,3371,1691,1680,528,504,562,584,585,608,272,257,298,298,289,277,256,247,264,286,296,331
2015_2,면목로55길,1853,931,922,293,277,306,320,322,335,150,141,164,164,159,153,143,136,142,156,163,182
2015_2,면목로49길,3082,1545,1537,482,454,505,526,549,566,243,236,268,268,271,259,239,218,237,258,278,307
2015_2,면목로48길,3495,1752,1743,549,515,568,594,624,645,278,267,301,302,308,296,271,248,267,292,316,349
2015_2,면목로45길,1887,946,941,295,280,309,321,336,346,148,145,164,164,166,159,147,135,145,157,170,187
2015_2,면목로33길,3360,1671,1689,545,501,569,570,543,632,285,227,305,304,271,279,260,274,264,266,272,353
2015_2,면목로21길,2300,1143,1157,378,340,393,394,365,430,199,150,211,212,182,189,179,190,182,182,183,241
2015_2,망우로73길,2090,1057,1033,332,303,326,343,395,391,169,155,175,175,201,182,163,148,151,168,194,209
2015_2,망우로68길,2881,1456,1425,457,423,450,474,543,534,231,215,241,243,276,250,226,208,209,231,267,284
2015_2,동일로163길,3642,1826,1816,582,523,634,589,623,691,309,255,333,302,302,325,273,268,301,287,321,366
2015_2,동일로157길,2756,1380,1376,444,393,477,448,470,524,236,191,251,229,229,244,208,202,226,219,241,280
2015_2,동일로149길,3053,1529,1524,490,438,531,493,520,581,260,214,279,252,252,272,230,224,252,241,268,309
2015_2,동일로140길,2405,1195,1210,428,351,411,384,419,412,221,175,216,190,201,192,207,176,195,194,218,220
2015_2,동일로139길,2644,1370,1274,352,382,402,460,532,516,187,199,219,247,280,238,165,183,183,213,252,278
2015_2,동일로139가길,1595,815,780,235,228,261,268,300,303,125,115,139,142,152,142,110,113,122,126,148,161
2015_2,동일로130길,3990,1983,2007,701,586,683,628,706,686,361,295,360,311,338,318,340,291,323,317,368,368
2015_2,동일로123길,2707,1404,1303,359,393,413,467,545,530,192,205,225,250,287,245,167,188,188,217,258,285
2015_2,동일로112길,5285,2678,2607,650,877,1000,824,937,997,349,418,536,440,467,468,301,459,464,384,470,529
2015_2,동일로101길,3367,1688,1679,579,463,547,630,577,571,292,235,294,326,288,253,287,228,253,304,289,318
2015_2,동일로100길,5048,2535,2513,867,688,825,943,861,864,438,349,440,492,430,386,429,339,385,451,431,478
2015_2,답십리로75길,2398,1185,1213,390,354,411,411,385,447,202,158,219,219,192,195,188,196,192,192,193,252
2015_2,공릉로2길,4087,2010,2077,762,584,692,690,664,695,393,284,350,342,318,323,369,300,342,348,346,372
2015_2,공릉로12가길,1321,646,675,246,191,223,223,213,225,126,92,112,111,101,104,120,99,111,112,112,121
2015_2,겸재로54길,5127,2568,2559,800,772,867,902,870,916,416,387,461,460,430,414,384,385,406,442,440,502
2015_2,겸재로36길,4344,2179,2165,680,655,733,765,738,773,354,328,391,390,364,352,326,327,342,375,374,421
2015_2,겸재로29길,2525,1271,1254,393,382,428,446,428,448,206,192,229,228,212,204,187,190,199,218,216,244
2015_2,휘경로3길,4559,2294,2265,669,927,733,714,673,843,346,493,400,366,328,361,323,434,333,348,345,482
2015_2,휘경로2길,1795,903,892,263,364,286,284,265,333,136,193,156,145,129,144,127,171,130,139,136,189
2015_2,휘경로23길,2650,1337,1313,385,536,431,417,393,488,200,282,235,213,194,213,185,254,196,204,199,275
2015_2,휘경로14길,2787,1398,1389,382,522,466,455,413,549,200,257,248,238,210,245,182,265,218,217,203,304
2015_2,한천로46길,2156,1080,1076,414,310,368,372,330,362,211,165,184,192,163,165,203,145,184,180,167,197
2015_2,한천로40길,2293,1160,1133,451,280,410,407,359,386,237,147,204,214,179,179,214,133,206,193,180,207
2015_2,한천로33길,834,410,424,164,102,130,150,134,154,84,54,64,75,63,70,80,48,66,75,71,84
2015_2,한천로14길,3315,1673,1642,566,439,625,541,563,581,288,227,316,288,275,279,278,212,309,253,288,302
2015_2,천호대로97길,2527,1273,1254,433,336,470,417,429,442,221,173,237,221,208,213,212,163,233,196,221,229
2015_2,천호대로77길,1823,917,906,312,243,342,297,308,321,157,124,173,157,151,155,155,119,169,140,157,166
2015_2,천호대로45길,3659,1891,1768,495,552,635,561,617,799,263,283,341,306,323,375,232,269,294,255,294,424
2015_2,천호대로17길,2566,1330,1236,347,390,446,393,432,558,185,203,240,214,226,262,162,187,206,179,206,296
2015_2,천호대로12길,1259,653,606,171,190,218,195,212,273,90,99,117,107,111,129,81,91,101,88,101,144
2015_2,천장산로7길,1444,729,715,213,293,236,224,214,264,109,156,129,115,105,115,104,137,107,109,109,149
2015_2,제기로5길,1815,930,885,255,292,292,267,295,414,132,159,157,148,145,189,123,133,135,119,150,225
2015_2,제기로21길,5226,2616,2610,716,678,743,782,961,1346,369,364,397,408,477,601,347,314,346,374,484,745
2015_2,전농로4길,2750,1362,1388,506,344,435,493,445,527,256,181,218,254,218,235,250,163,217,239,227,292
2015_2,전농로3길,1917,960,957,331,247,328,335,296,380,172,124,167,176,149,172,159,123,161,159,147,208
2015_2,전농로29길,3216,1637,1579,530,444,509,538,547,648,270,236,263,290,283,295,260,208,246,248,264,353
2015_2,장한로8길,2100,1057,1043,358,278,395,346,355,368,183,143,200,183,172,176,175,135,195,163,183,192
2015_2,장한로5길,2075,1049,1026,353,278,389,339,353,363,180,145,196,180,173,175,173,133,193,159,180,188
2015_2,장한로27길,1910,967,943,375,232,341,335,301,326,198,123,169,177,149,151,177,109,172,158,152,175
2015_2,장한로27가길,1850,938,912,361,227,332,323,292,315,191,120,165,171,145,146,170,107,167,152,147,169
2015_2,장한로26길,2103,1063,1040,374,272,387,352,352,366,193,141,195,187,173,174,181,131,192,165,179,192
2015_2,장한로26가길,1289,652,637,247,157,233,225,207,220,129,82,117,119,102,103,118,75,116,106,105,117
2015_2,장한로25길,904,456,448,155,120,169,148,153,159,78,62,86,78,75,77,77,58,83,70,78,82
2015_2,장한로14길,1551,783,768,264,207,288,256,264,272,135,107,145,135,129,132,129,100,143,121,135,140
2015_2,이문로42길,4825,2392,2433,931,663,773,847,743,868,481,339,395,428,361,388,450,324,378,419,382,480
2015_2,왕산로43길,3013,1499,1514,409,390,425,453,557,779,210,207,226,236,274,346,199,183,199,217,283,433
2015_2,왕산로33길,817,419,398,115,130,130,121,134,187,59,71,71,67,67,84,56,59,59,54,67,103
2015_2,왕산로32길,1385,716,669,189,210,240,212,232,302,100,109,129,116,121,141,89,101,111,96,111,161
2015_2,약령시로17길,2212,1122,1090,305,337,343,329,376,522,155,183,185,179,187,233,150,154,158,150,189,289
2015_2,서울시립대로4길,2895,1462,1433,486,391,475,490,475,578,248,203,245,261,243,262,238,188,230,229,232,316
2015_2,서울시립대로29길,5474,2752,2722,961,839,872,912,874,1016,476,451,448,476,439,462,485,388,424,436,435,554
2015_2,서울시립대로16길,2757,1397,1360,455,382,437,461,468,554,230,202,226,247,241,251,225,180,211,214,227,303
2015_2,사가정로2길,2150,1075,1075,368,278,369,374,332,429,191,140,187,197,168,192,177,138,182,177,164,237
2015_2,사가정로23가길,2510,1273,1237,489,307,449,440,397,428,260,162,224,230,197,200,229,145,225,210,200,228
2015_2,사가정로13길,2729,1330,1399,546,342,411,490,437,503,278,178,201,242,205,226,268,164,210,248,232,277
2015_2,무학로45길,2131,1101,1030,290,319,369,331,357,465,154,164,198,180,187,218,136,155,171,151,170,247
2015_2,무학로16길,1615,837,778,220,244,281,250,271,349,117,125,152,137,142,164,103,119,129,113,129,185
2015_2,망우로21길,301,152,149,41,57,50,49,44,60,22,28,27,26,22,27,19,29,23,23,22,33
2015_2,망우로18길,2102,1042,1060,396,369,337,344,308,348,193,199,170,172,151,157,203,170,167,172,157,191
2015_2,망우로18가길,3966,1967,1999,750,694,633,657,579,653,365,376,321,328,282,295,385,318,312,329,297,358
2015_2,답십리로72길,1435,727,708,270,179,261,246,233,246,141,93,130,131,116,116,129,86,131,115,117,130
2015_2,답십리로69길,1577,800,777,309,189,285,276,249,269,163,100,142,146,124,125,146,89,143,130,125,144
2015_2,답십리로68길,2640,1330,1310,451,351,494,433,446,465,229,180,250,230,217,224,222,171,244,203,229,241
2015_2,답십리로64길,4491,2266,2225,768,593,839,739,763,789,392,306,424,393,372,379,376,287,415,346,391,410
2015_2,답십리로63길,2343,1185,1158,458,285,418,412,372,398,240,150,207,218,185,185,218,135,211,194,187,213
2015_2,답십리로60길,2276,1128,1148,423,282,356,411,369,435,213,149,178,211,181,196,210,133,178,200,188,239
2015_2,답십리로56길,4415,2187,2228,817,548,694,798,716,842,412,291,347,411,349,377,405,257,347,387,367,465
2015_2,답십리로23길,3357,1709,1648,553,463,531,563,572,675,281,247,275,302,297,307,272,216,256,261,275,368
2015_2,난계로30길,250,131,119,33,38,44,39,42,54,18,20,23,22,22,26,15,18,21,17,20,28
2015_2,경희대로4길,1798,867,931,266,448,341,232,219,292,132,214,177,119,100,125,134,234,164,113,119,167
2015_2,경희대로3길,938,451,487,140,233,177,122,115,151,69,112,91,61,54,64,71,121,86,61,61,87
2015_2,천호대로129길,2819,1389,1430,525,388,483,495,454,474,268,196,247,246,217,215,257,192,236,249,237,259
2015_2,천호대로123길,3124,1526,1598,530,504,575,521,508,486,273,243,287,255,245,223,257,261,288,266,263,263
2015_2,천호대로109길,3962,1931,2031,673,639,727,659,645,619,347,307,361,320,313,283,326,332,366,339,332,336
2015_2,자양번영로3길,4198,2040,2158,863,620,717,714,703,581,434,309,336,350,339,272,429,311,381,364,364,309
2015_2,자양로53길,2969,1471,1498,537,429,498,522,487,496,281,219,253,256,237,225,256,210,245,266,250,271
2015_2,자양로50길,4916,2414,2502,924,665,849,859,789,830,465,335,434,428,374,378,459,330,415,431,415,452
2015_2,자양로45길,2428,1200,1228,438,351,407,428,397,407,229,179,206,209,193,184,209,172,201,219,204,223
2015_2,자양로26길,2887,1397,1490,423,516,605,473,427,443,215,246,306,233,200,197,208,270,299,240,227,246
2015_2,자양로15길,2132,1058,1074,335,354,401,351,343,348,175,175,207,176,168,157,160,179,194,175,175,191
2015_2,자양로11길,4389,2175,2214,686,730,831,725,706,711,357,361,429,363,345,320,329,369,402,362,361,391
2015_2,용마산로3길,3401,1656,1745,575,545,626,567,553,535,296,262,311,276,265,246,279,283,315,291,288,289
2015_2,용마산로21길,5279,2594,2685,890,835,964,890,870,830,461,406,485,436,425,381,429,429,479,454,445,449
2015_2,아차산로78길,2383,1162,1221,666,277,306,548,324,262,342,138,133,262,167,120,324,139,173,286,157,142
2015_2,아차산로65길,3304,1602,1702,637,520,572,559,541,475,322,255,283,264,257,221,315,265,289,295,284,254
2015_2,아차산로55길,3490,1694,1796,511,627,730,570,515,537,260,300,371,281,243,239,251,327,359,289,272,298
2015_2,아차산로51길,1907,920,987,279,341,399,313,284,291,141,163,203,152,133,128,138,178,196,161,151,163
2015_2,아차산로40길,3013,1496,1517,472,499,570,497,484,491,248,248,293,249,236,222,224,251,277,248,248,269
2015_2,면목로17길,4473,2256,2217,733,660,765,797,779,739,390,338,405,401,384,338,343,322,360,396,395,401
2015_2,뚝섬로64길,3569,1772,1797,666,503,654,608,594,544,352,253,328,300,286,253,314,250,326,308,308,291
2015_2,뚝섬로58길,3469,1727,1742,650,486,635,592,578,528,345,244,319,293,279,247,305,242,316,299,299,281
2015_2,뚝섬로54길,4093,2032,2061,765,579,748,692,680,629,404,290,375,341,329,293,361,289,373,351,351,336
2015_2,뚝섬로48길,4420,2196,2224,829,622,812,753,731,673,437,311,408,374,353,313,392,311,404,379,378,360
2015_2,뚝섬로24길,2624,1336,1288,338,421,440,445,480,500,174,212,235,239,247,229,164,209,205,206,233,271
2015_2,뚝섬로23길,3466,1719,1747,592,531,588,589,606,560,300,265,293,301,302,258,292,266,295,288,304,302
2015_2,동일로24길,2152,1057,1095,202,708,447,263,245,287,101,321,236,148,121,130,101,387,211,115,124,157
2015_2,동일로18길,3538,1798,1740,450,570,595,599,650,674,233,286,317,321,333,308,217,284,278,278,317,366
2015_2,능동로4길,2548,1255,1293,478,383,432,432,438,385,242,190,210,218,217,178,236,193,222,214,221,207
2015_2,능동로3길,3527,1788,1739,482,560,594,598,645,648,248,281,314,320,329,296,234,279,280,278,316,352
2015_2,능동로34길,4857,2284,2573,648,952,1185,678,642,752,337,407,594,325,284,337,311,545,591,353,358,415
2015_2,능동로19길,1997,977,1020,186,659,413,242,228,269,93,298,218,136,111,121,93,361,195,106,117,148
2015_2,능동로13길,2935,1438,1497,270,968,609,361,335,392,135,438,319,202,165,179,135,530,290,159,170,213
2015_2,긴고랑로9길,2454,1235,1219,395,367,428,432,426,406,208,188,225,217,210,187,187,179,203,215,216,219
2015_2,긴고랑로8길,4601,2286,2315,657,748,898,755,770,773,338,367,471,379,375,356,319,381,427,376,395,417
2015_2,긴고랑로7길,4747,2377,2370,731,734,865,816,812,789,383,366,457,410,399,362,348,368,408,406,413,427
2015_2,긴고랑로20길,4289,2090,2199,726,692,789,713,696,673,376,333,391,346,336,308,350,359,398,367,360,365
2015_2,광나루로52길,6391,3104,3287,1233,1004,1105,1081,1050,918,627,491,548,509,500,429,606,513,557,572,550,489
2015_2,광나루로40길,4226,2052,2174,618,755,887,694,625,647,314,360,451,342,296,289,304,395,436,352,329,358
2015_2,광나루로37길,827,407,420,156,110,142,144,133,142,78,56,73,71,64,65,78,54,69,73,69,77
2015_2,광나루로36길,2381,1151,1230,349,427,500,388,353,364,176,204,253,190,167,161,173,223,247,198,186,203
2015_2,광나루로24길,1300,636,664,116,430,270,161,149,174,58,195,142,90,73,78,58,235,128,71,76,96
2015_2,광나루로12길,1991,977,1014,190,656,413,243,225,264,95,297,219,136,111,119,95,359,194,107,114,145
2015_2,한림말길,2331,1117,1214,412,316,480,373,358,392,210,148,231,184,168,176,202,168,249,189,190,216
2015_2,한림말3길,1248,599,649,219,171,258,200,192,208,112,81,124,98,90,94,107,90,134,102,102,114
2015_2,청계천로10나길,4056,2017,2039,721,665,627,681,650,712,375,324,318,345,327,328,346,341,309,336,323,384
2015_2,장터길,2889,1395,1494,513,354,591,489,438,504,262,177,287,248,204,217,251,177,304,241,234,287
2015_2,용답중앙길,3418,1816,1602,502,490,546,648,600,632,261,249,310,364,337,295,241,241,236,284,263,337
2015_2,용답29길,3531,1877,1654,517,506,566,669,619,654,269,258,319,377,347,307,248,248,247,292,272,347
2015_2,왕십리로6길,2659,1349,1310,451,418,503,455,430,402,229,214,262,237,219,188,222,204,241,218,211,214
2015_2,왕십리로31길,2731,1358,1373,474,391,455,490,436,485,244,195,234,252,221,212,230,196,221,238,215,273
2015_2,왕십리로26길,2911,1436,1475,450,469,497,484,466,545,235,226,254,243,237,241,215,243,243,241,229,304
2015_2,왕십리로21길,5314,2559,2755,1076,661,955,973,782,867,521,326,457,492,381,382,555,335,498,481,401,485
2015_2,왕십리로14길,2130,1079,1051,342,344,422,349,344,329,173,175,218,186,172,155,169,169,204,163,172,174
2015_2,아차산로5길,2145,1111,1034,310,335,401,335,378,386,161,166,208,186,204,186,149,169,193,149,174,200
2015_2,아차산로15길,791,407,384,115,123,148,123,140,142,59,61,76,68,75,68,56,62,72,55,65,74
2015_2,아차산로11길,642,330,312,91,99,125,96,115,116,48,49,64,53,63,53,43,50,61,43,52,63
2015_2,송정4가길,3167,1672,1495,485,445,535,583,590,529,251,237,294,327,315,248,234,208,241,256,275,281
2015_2,송정12라길,1462,773,689,224,206,247,268,270,247,116,109,135,151,146,116,108,97,112,117,124,131
2015_2,성수일로6길,893,461,432,127,138,169,139,158,162,65,69,87,77,85,78,62,69,82,62,73,84
2015_2,성수이로7길,2121,1106,1015,323,319,365,360,389,365,170,167,193,197,207,172,153,152,172,163,182,193
2015_2,성수이로18길,629,328,301,93,96,113,102,117,108,49,50,60,56,64,49,44,46,53,46,53,59
2015_2,성덕정길,4567,2319,2248,854,686,771,847,750,659,438,354,402,429,395,301,416,332,369,418,355,358
2015_2,성덕정17길,4739,2478,2261,735,706,776,840,883,799,385,378,413,456,473,373,350,328,363,384,410,426
2015_2,서울숲2길,2998,1520,1478,483,483,597,490,483,462,243,247,308,263,242,217,240,236,289,227,241,245
2015_2,상원길,901,460,441,144,145,180,149,143,140,74,75,93,80,72,66,70,70,87,69,71,74
2015_2,상원12길,2806,1421,1385,451,452,557,462,451,433,229,230,287,245,227,203,222,222,270,217,224,230
2015_2,사근동길,3377,1789,1588,424,1082,493,417,395,566,202,640,288,215,193,251,222,442,205,202,202,315
2015_2,무학봉길,2077,1016,1061,383,295,348,375,325,351,193,143,174,189,162,155,190,152,174,186,163,196
2015_2,무학봉28길,1345,665,680,238,201,220,240,214,232,123,97,112,122,108,103,115,104,108,118,106,129
2015_2,무학로6길,1624,799,825,255,261,277,268,260,303,131,126,142,135,131,134,124,135,135,133,129,169
2015_2,무수막길,1461,706,755,255,181,294,247,215,269,131,90,144,124,100,117,124,91,150,123,115,152
2015_2,매봉길,1092,528,564,197,132,230,182,169,182,101,65,112,92,79,79,96,67,118,90,90,103
2015_2,마조로1길,638,337,301,81,204,93,79,75,106,39,121,54,40,36,47,42,83,39,39,39,59
2015_2,마조로16길,2377,1183,1194,421,391,365,400,381,419,219,191,186,202,192,193,202,200,179,198,189,226
2015_2,마장로39길,868,434,434,153,144,133,145,140,153,79,71,68,74,71,71,74,73,65,71,69,82
2015_2,마장로27길,2124,1057,1067,376,349,331,354,341,373,196,171,169,179,171,171,180,178,162,175,170,202
2015_2,뚝섬로5길,968,493,475,173,147,161,177,165,145,89,76,84,91,87,66,84,71,77,86,78,79
2015_2,둘레9길,3552,1828,1724,611,534,591,642,622,552,316,281,311,335,331,254,295,253,280,307,291,298
2015_2,금호산길,3342,1614,1728,583,414,670,565,494,616,299,206,327,285,231,266,284,208,343,280,263,350
2015_2,금호산2길,2761,1335,1426,484,343,552,466,405,511,248,171,269,236,189,222,236,172,283,230,216,289
2015_2,고산자로6길,3019,1487,1532,492,462,507,502,500,556,246,234,259,248,251,249,246,228,248,254,249,307
2015_2,후암로28길,3808,1885,1923,674,499,647,663,598,727,357,263,335,334,289,307,317,236,312,329,309,420
2015_2,효창원로39길,2927,1424,1503,551,363,542,506,424,541,279,181,264,259,204,237,272,182,278,247,220,304
2015_2,회나무로13길,1862,862,1000,252,239,358,299,285,429,128,115,172,147,125,175,124,124,186,152,160,254
2015_2,한남대로20길,862,413,449,112,119,178,144,137,172,57,58,89,71,64,74,55,61,89,73,73,98
2015_2,한강대로88길,114,71,43,10,13,17,22,25,27,6,7,10,15,17,16,4,6,7,7,8,11
2015_2,한강대로7길,867,433,434,109,120,151,136,150,201,57,60,76,73,75,92,52,60,75,63,75,109
2015_2,한강대로62길,1074,537,537,132,148,189,167,188,250,70,74,95,89,94,115,62,74,94,78,94,135
2015_2,한강대로52길,675,338,337,82,95,120,105,119,154,44,48,60,56,59,71,38,47,60,49,60,83
2015_2,한강대로43길,1196,600,596,147,168,211,186,208,276,78,84,107,99,104,128,69,84,104,87,104,148
2015_2,한강대로15길,710,355,355,87,100,126,109,124,164,46,50,64,58,62,75,41,50,62,51,62,89
2015_2,한강대로104길,1678,988,690,179,200,258,308,351,382,99,102,149,200,226,212,80,98,109,108,125,170
2015_2,청파로73길,3238,1562,1676,481,585,576,554,461,581,254,258,295,284,225,246,227,327,281,270,236,335
2015_2,청파로71길,3782,1825,1957,562,685,676,646,532,681,298,304,346,331,258,288,264,381,330,315,274,393
2015_2,청파로47나길,3107,1499,1608,462,560,555,533,440,557,243,248,286,273,215,234,219,312,269,260,225,323
2015_2,청파로47길,2434,1175,1259,362,440,433,416,344,439,191,196,222,213,168,185,171,244,211,203,176,254
2015_2,장문로45길,2923,1424,1499,402,411,500,529,496,585,217,220,260,260,227,240,185,191,240,269,269,345
2015_2,이태원로54길,1854,888,966,243,257,382,308,293,371,124,127,189,153,136,159,119,130,193,155,157,212
2015_2,이태원로27길,1282,599,683,151,182,228,199,218,304,75,94,116,96,101,117,76,88,112,103,117,187
2015_2,이촌로22길,3190,1534,1656,518,363,560,516,517,716,271,190,274,269,231,299,247,173,286,247,286,417
2015_2,원효로89길,1108,542,566,177,170,236,177,163,185,91,77,117,94,80,83,86,93,119,83,83,102
2015_2,원효로53길,2518,1227,1291,456,331,490,424,366,451,233,161,239,221,175,198,223,170,251,203,191,253
2015_2,원효로41길,2087,988,1099,414,253,341,383,320,376,190,123,168,188,160,159,224,130,173,195,160,217
2015_2,원효로19길,2502,1179,1323,498,302,411,460,381,450,227,145,202,225,190,190,271,157,209,235,191,260
2015_2,우사단로4길,3185,1554,1631,437,447,546,575,541,639,235,240,284,284,249,262,202,207,262,291,292,377
2015_2,우사단로14길,1298,613,685,164,180,260,215,208,271,82,88,129,106,96,112,82,92,131,109,112,159
2015_2,우사단로10길,3120,1505,1615,420,435,589,541,512,623,221,223,299,266,236,260,199,212,290,275,276,363
2015_2,신흥로20길,3045,1493,1552,495,404,531,507,492,616,262,209,275,249,234,264,233,195,256,258,258,352
2015_2,소월로20길,2571,1252,1319,383,342,463,408,426,549,204,173,242,197,201,235,179,169,221,211,225,314
2015_2,서빙고로71길,3536,1701,1835,748,437,464,723,532,632,375,214,218,353,279,262,373,223,246,370,253,370
2015_2,백범로90길,1197,588,609,196,177,265,188,175,196,100,81,132,101,86,88,96,96,133,87,89,108
2015_2,백범로79길,4348,2124,2224,779,610,815,744,635,765,410,293,403,376,305,337,369,317,412,368,330,428
2015_2,두텁바위로1길,2634,1449,1185,362,326,422,473,493,558,195,168,234,280,289,283,167,158,188,193,204,275
2015_2,대사관로34길,1240,593,647,159,173,256,207,197,248,81,85,127,103,92,105,78,88,129,104,105,143
2015_2,녹사평대로46길,1122,518,604,151,144,215,182,172,258,76,69,102,90,75,106,75,75,113,92,97,152
2015_2,녹사평대로40나길,1019,471,548,126,137,189,165,164,238,62,69,93,80,73,94,64,68,96,85,91,144
2015_2,녹사평대로32길,683,319,364,78,97,118,107,119,164,39,51,59,51,55,64,39,46,59,56,64,100
2015_2,녹사평대로26길,1360,636,724,158,194,237,214,233,324,79,101,119,104,109,124,79,93,118,110,124,200
2015_2,녹사평대로11길,819,394,425,174,101,107,166,124,147,87,50,50,81,65,61,87,51,57,85,59,86
2015_2,퇴계로90길,3277,1656,1621,536,417,573,590,536,625,275,221,302,320,275,263,261,196,271,270,261,362
2015_2,퇴계로8길,1078,581,497,100,113,132,169,252,312,46,53,68,100,154,160,54,60,64,69,98,152
2015_2,퇴계로56길,1250,655,595,149,236,194,185,204,282,74,130,105,103,109,134,75,106,89,82,95,148
2015_2,퇴계로46길,515,269,246,67,102,86,74,79,107,34,57,48,40,40,50,33,45,38,34,39,57
2015_2,퇴계로18길,1441,628,813,124,161,209,259,293,395,57,79,91,124,126,151,67,82,118,135,167,244
2015_2,퇴계로12길,694,377,317,64,72,84,109,164,201,30,34,44,65,100,104,34,38,40,44,64,97
2015_2,청구로1길,3631,1754,1877,601,522,606,613,586,703,313,256,304,305,288,288,288,266,302,308,298,415
2015_2,청구로17길,1690,834,856,255,257,295,288,270,325,134,134,152,145,127,142,121,123,143,143,143,183
2015_2,장충단로8길,1334,690,644,166,239,214,209,219,287,85,130,114,113,114,134,81,109,100,96,105,153
2015_2,삼일대로4길,28,12,16,2,4,4,5,5,8,1,2,2,2,2,3,1,2,2,3,3,5
2015_2,명동길,125,55,70,11,14,17,23,25,35,5,7,7,11,11,14,6,7,10,12,14,21
2015_2,동호로8길,1327,638,689,209,171,235,210,217,285,106,84,117,106,103,122,103,87,118,104,114,163
2015_2,동호로20길,2078,1033,1045,306,364,361,337,313,397,157,194,187,171,150,174,149,170,174,166,163,223
2015_2,동호로15길,2288,1122,1166,348,347,398,390,364,441,182,179,203,196,170,192,166,168,195,194,194,249
2015_2,동호로11길,3273,1604,1669,498,497,570,557,519,632,259,257,292,280,242,274,239,240,278,277,277,358
2015_2,동호로10길,4114,1988,2126,689,592,682,691,667,793,358,290,341,345,327,327,331,302,341,346,340,466
2015_2,다산로39길,1444,743,701,183,209,212,273,262,305,94,107,113,151,140,138,89,102,99,122,122,167
2015_2,다산로38길,1999,963,1036,370,279,314,363,331,342,186,141,145,180,163,148,184,138,169,183,168,194
2015_2,다산로36길,2299,1115,1184,426,322,362,413,379,397,217,163,168,206,187,174,209,159,194,207,192,223
2015_2,다산로33길,4072,2101,1971,520,588,598,770,739,857,264,302,319,429,398,389,256,286,279,341,341,468
2015_2,난계로21길,972,490,482,131,150,194,158,153,186,68,74,99,84,79,86,63,76,95,74,74,100
2015_2,난계로11길,2293,1152,1141,312,355,456,366,362,442,161,173,234,195,188,201,151,182,222,171,174,241
2015_2,필운대로1길,831,390,441,135,109,131,141,131,184,69,51,62,66,62,80,66,58,69,75,69,104
2015_2,평창길,2175,1030,1145,405,302,275,386,373,434,213,158,123,171,174,191,192,144,152,215,199,243
2015_2,통일로12길,1596,763,833,303,188,223,297,260,325,143,90,113,150,128,139,160,98,110,147,132,186
2015_2,창신길,2629,1335,1294,391,381,337,515,481,524,199,199,195,261,248,233,192,182,142,254,233,291
2015_2,창신5길,1201,627,574,163,156,153,224,236,269,84,83,87,116,128,129,79,73,66,108,108,140
2015_2,창신2길,1112,564,548,165,161,143,218,204,221,84,84,81,111,105,99,81,77,62,107,99,122
2015_2,창경궁로35길,721,356,365,111,166,113,111,90,130,57,88,59,54,44,54,54,78,54,57,46,76
2015_2,지봉로8길,2992,1508,1484,473,412,479,539,515,574,251,213,249,283,253,259,222,199,230,256,262,315
2015_2,종로65길,2806,1436,1370,347,453,475,469,476,586,183,221,249,251,252,280,164,232,226,218,224,306
2015_2,종로58가길,660,340,320,76,110,114,108,111,141,40,53,60,58,61,68,36,57,54,50,50,73
2015_2,종로24길,225,129,96,22,26,27,34,49,67,9,14,16,23,31,36,13,12,11,11,18,31
2015_2,자하문로7길,926,439,487,174,117,145,165,138,187,91,57,66,77,67,81,83,60,79,88,71,106
2015_2,이화장길,1555,743,812,218,309,286,244,216,282,110,139,148,116,107,123,108,170,138,128,109,159
2015_2,율곡로16길,439,238,201,53,65,56,79,80,106,28,35,35,44,45,51,25,30,21,35,35,55
2015_2,율곡로10길,540,311,229,51,62,66,83,116,162,22,34,38,55,75,87,29,28,28,28,41,75
2015_2,옥인길,2824,1349,1475,591,350,426,528,395,534,320,178,189,243,195,224,271,172,237,285,200,310
2015_2,숭인동길,1078,556,522,122,183,185,175,184,229,65,88,97,95,100,111,57,95,88,80,84,118
2015_2,성균관로5길,1182,583,599,181,271,184,182,153,211,93,144,95,88,75,88,88,127,89,94,78,123
2015_2,삼청로5길,839,402,437,122,96,124,127,144,226,64,48,62,62,68,98,58,48,62,65,76,128
2015_2,북촌로5나길,753,361,392,108,86,112,115,129,203,57,43,56,56,61,88,51,43,56,59,68,115
2015_2,북촌로5길,456,219,237,66,52,68,70,78,122,35,26,34,34,37,53,31,26,34,36,41,69
2015_2,북촌로11길,565,263,302,94,67,87,103,84,130,47,31,42,51,37,55,47,36,45,52,47,75
2015_2,백석동길,1975,971,1004,369,274,249,359,323,401,202,144,123,164,153,185,167,130,126,195,170,216
2015_2,명륜길,1377,679,698,210,318,214,211,179,245,109,169,111,101,88,101,101,149,103,110,91,144
2015_2,돈화문로11가길,1321,754,567,127,152,162,203,287,390,52,82,93,134,183,210,75,70,69,69,104,180
2015_2,난계로27길,1082,559,523,124,181,186,176,185,230,66,87,98,95,101,112,58,94,88,81,84,118
2015_2,계동길,2122,992,1130,346,253,325,393,313,492,174,116,157,196,139,210,172,137,168,197,174,282
2015_1,잠실 관광특구,15561,7524,8037,3059,2267,2920,2683,2472,2160,1592,1091,1394,1277,1132,1038,1467,1176,1526,1406,1340,1122
2015_1,종로·청계 관광특구,1463,830,633,121,168,190,298,368,318,64,95,112,172,221,166,57,73,78,126,147,152
2015_1,동대문패션타운 관광특구,656,396,260,41,71,97,144,198,105,20,38,64,112,103,59,21,33,33,32,95,46
2015_1,명동 남대문 북창동 다동 무교동 관광특구,640,332,308,26,45,110,132,191,136,9,23,49,77,110,64,17,22,61,55,81,72
2015_1,이태원 관광특구,1660,755,905,75,214,507,337,309,218,40,108,256,155,143,53,35,106,251,182,166,165
2015_1,길동복조리시장,2983,1507,1476,492,502,558,506,528,397,278,250,282,251,255,191,214,252,276,255,273,206
2015_1,둔촌역전통시장,374,192,182,56,62,78,69,69,40,34,32,40,34,33,19,22,30,38,35,36,21
2015_1,성내골목시장,1061,572,489,21,216,278,169,319,58,11,109,162,109,159,22,10,107,116,60,160,36
2015_1,천호시장,17,10,7,0,2,7,4,4,0,0,1,5,2,2,0,0,1,2,2,2,0
2015_1,동서울시장,161,84,77,0,22,51,44,44,0,0,11,29,22,22,0,0,11,22,22,22,0
2015_1,고분다리골목시장,399,205,194,18,78,93,92,92,26,9,44,47,46,46,13,9,34,46,46,46,13
2015_1,양지골목시장,1090,546,544,326,164,173,176,170,81,162,82,84,87,84,47,164,82,89,89,86,34
2015_1,암사종합시장,819,410,409,88,136,179,177,175,64,47,68,91,89,87,28,41,68,88,88,88,36
2015_1,고덕전통시장,554,300,254,55,109,84,134,138,34,40,66,42,67,69,16,15,43,42,67,69,18
2015_1,명일골목시장,2117,1039,1078,467,299,335,379,350,287,248,153,161,180,168,129,219,146,174,199,182,158
2015_1,새마을시장,3934,1855,2079,303,879,942,870,854,86,70,431,458,431,423,42,233,448,484,439,431,44
2015_1,석촌시장,866,432,434,92,159,195,178,175,67,62,78,99,89,85,19,30,81,96,89,90,48
2015_1,방이시장,3625,1721,1904,256,729,1037,743,681,179,149,339,542,338,271,82,107,390,495,405,410,97
2015_1,마천시장,687,409,278,33,94,143,168,221,28,25,60,84,84,137,19,8,34,59,84,84,9
2015_1,풍납시장,1672,721,951,10,88,594,365,598,17,5,44,297,297,72,6,5,44,297,68,526,11
2015_1,도곡시장,260,123,137,61,34,55,58,30,22,33,15,24,28,13,10,28,19,31,30,17,12
2015_1,청담삼익시장,120,57,63,24,17,23,20,17,19,13,8,10,9,8,9,11,9,13,11,9,10
2015_1,논현종합시장,84,39,45,1,18,26,20,14,5,1,8,12,10,6,2,0,10,14,10,8,3
2015_1,영동전통시장,1099,482,617,6,285,376,232,168,32,3,121,168,116,66,8,3,164,208,116,102,24
2015_1,강남시장_강남,217,101,116,40,33,41,37,28,38,20,15,18,17,13,18,20,18,23,20,15,20
2015_1,양재시장,91,45,46,22,15,16,16,16,6,12,8,8,8,8,1,10,7,8,8,8,5
2015_1,남부종합시장,144,62,82,34,14,28,37,28,3,17,2,12,18,12,1,17,12,16,19,16,2
2015_1,우림시장,41,25,16,1,4,8,16,12,0,1,2,6,10,6,0,0,2,2,6,6,0
2015_1,미성동도깨비시장,1048,527,521,62,230,233,232,232,59,32,116,117,116,116,30,30,114,116,116,116,29
2015_1,신신림시장,0,0,0,0,0,0,0,0,0,0,0,0,0,0,0,0,0,0,0,0,0
2015_1,삼성동시장,0,0,0,0,0,0,0,0,0,0,0,0,0,0,0,0,0,0,0,0,0
2015_1,신림중앙시장,56,28,28,2,11,13,12,12,6,1,5,7,6,6,3,1,6,6,6,6,3
2015_1,강남골목시장,539,277,262,0,114,164,105,152,4,0,49,97,65,64,2,0,65,67,40,88,2
2015_1,관악신사시장,1707,837,870,20,428,536,430,282,11,16,214,321,215,68,3,4,214,215,215,214,8
2015_1,신원시장,283,115,168,2,71,99,60,44,7,2,33,50,22,6,2,0,38,49,38,38,5
2015_1,인헌시장,1344,619,725,92,303,326,286,219,118,46,145,172,143,85,28,46,158,154,143,134,90
2015_1,봉천중앙시장,83,38,45,0,22,21,20,16,4,0,10,11,10,6,1,0,12,10,10,10,3
2015_1,봉천현대시장,20,11,9,2,4,4,4,4,2,2,2,2,2,2,1,0,2,2,2,2,1
2015_1,봉일시장,183,84,99,24,27,50,35,26,21,12,13,26,16,8,9,12,14,24,19,18,12
2015_1,봉천제일종합시장,281,134,147,0,81,74,60,60,6,0,37,37,36,24,0,0,44,37,24,36,6
2015_1,낙성대시장,368,201,167,16,156,123,33,25,15,8,78,78,20,11,6,8,78,45,13,14,9
2015_1,중부시장,524,262,262,33,166,172,50,58,45,17,81,91,30,22,21,16,85,81,20,36,24
2015_1,사당시장,3,2,1,0,0,3,0,0,0,0,0,2,0,0,0,0,0,1,0,0,0
2015_1,남성역골목시장,247,135,112,1,28,151,28,35,4,1,14,93,14,13,0,0,14,58,14,22,4
2015_1,남성사계시장,626,327,299,4,118,214,81,192,17,2,59,107,59,96,4,2,59,107,22,96,13
2015_1,흑석시장,277,157,120,18,59,81,59,38,22,9,40,41,39,19,9,9,19,40,20,19,13
2015_1,상도4동도깨비골목시장,1061,532,529,33,173,400,216,215,24,20,87,201,108,107,9,13,86,199,108,108,15
2015_1,성대시장,96,44,52,0,22,32,22,17,3,0,11,16,11,6,0,0,11,16,11,11,3
2015_1,영도시장,16,8,8,0,4,4,4,4,0,0,2,2,2,2,0,0,2,2,2,2,0
2015_1,상도전통시장,1224,586,638,103,321,321,221,181,77,53,161,161,111,67,33,50,160,160,110,114,44
2015_1,강남시장_동작,158,79,79,28,31,30,23,22,24,15,16,15,12,10,11,13,15,15,11,12,13
2015_1,신노량진시장,0,0,0,0,0,0,0,0,0,0,0,0,0,0,0,0,0,0,0,0,0
2015_1,본동인정시장,313,157,156,25,65,71,61,61,30,13,35,36,31,30,12,12,30,35,30,31,18
2015_1,노량진중앙시장,285,142,143,8,67,70,64,64,12,4,35,35,32,32,4,4,32,35,32,32,8
2015_1,대림중앙시장,101,49,52,0,6,18,40,34,3,0,3,13,20,13,0,0,3,5,20,21,3
2015_1,우리시장,263,151,112,7,24,46,80,97,9,6,12,34,60,37,2,1,12,12,20,60,7
2015_1,영진시장A동,148,74,74,24,23,25,24,26,26,13,12,13,12,13,11,11,11,12,12,13,15
2015_1,사러가시장,0,0,0,0,0,0,0,0,0,0,0,0,0,0,0,0,0,0,0,0,0
2015_1,대신시장,167,84,83,25,26,30,27,27,32,13,13,17,14,13,14,12,13,13,13,14,18
2015_1,양남시장,96,48,48,18,12,23,15,12,16,9,6,12,8,6,7,9,6,11,7,6,9
2015_1,영일시장,809,401,408,153,99,197,130,114,116,80,47,87,74,58,55,73,52,110,56,56,61
2015_1,도림시장,32,16,16,4,4,11,4,4,5,2,2,6,2,2,2,2,2,5,2,2,3
2015_1,영등포청과시장,318,155,163,12,60,84,65,60,37,4,30,42,35,30,14,8,30,42,30,30,23
2015_1,영등포전통시장,897,568,329,48,193,197,137,204,118,26,95,127,97,156,67,22,98,70,40,48,51
2015_1,은행나무시장,288,144,144,8,16,42,120,94,8,4,8,34,60,34,4,4,8,8,60,60,4
2015_1,박미시장,120,62,58,18,17,20,20,22,23,9,10,10,10,11,12,9,7,10,10,11,11
2015_1,현대시장,3117,1676,1441,86,171,797,1000,1000,63,60,86,502,500,500,28,26,85,295,500,500,35
2015_1,대명시장,11,6,5,0,0,3,4,4,0,0,0,2,2,2,0,0,0,1,2,2,0
2015_1,푸른터시장,42,22,20,8,5,7,8,8,6,4,3,4,4,4,3,4,2,3,4,4,3
2015_1,남문시장,1616,955,661,38,262,354,452,460,50,24,222,224,226,234,25,14,40,130,226,226,25
2015_1,독산동 우시장,108,68,40,0,24,43,25,16,0,0,17,26,17,8,0,0,7,17,8,8,0
2015_1,오류시장,156,79,77,0,37,47,32,32,8,0,21,26,16,16,0,0,16,21,16,16,8
2015_1,개봉중앙시장,452,234,218,69,78,82,80,80,63,40,40,41,40,40,33,29,38,41,40,40,30
2015_1,고척근린시장,748,417,331,78,66,189,196,189,30,60,53,95,100,95,14,18,13,94,96,94,16
2015_1,가리봉시장,206,126,80,0,5,39,76,80,6,0,3,36,40,44,3,0,2,3,36,36,3
2015_1,남구로시장,520,257,263,20,92,137,113,107,51,12,46,73,58,52,16,8,46,64,55,55,35
2015_1,구로시장,61,29,32,0,9,19,16,14,3,0,4,10,8,6,1,0,5,9,8,8,2
2015_1,공항시장,25,12,13,4,4,4,4,4,5,2,2,2,2,2,2,2,2,2,2,2,3
2015_1,방신전통시장,583,295,288,89,93,116,112,112,61,45,52,58,56,56,28,44,41,58,56,56,33
2015_1,송화골목시장,891,420,471,243,104,147,213,122,62,117,52,65,104,57,25,126,52,82,109,65,37
2015_1,까치산시장,1181,560,621,144,186,318,214,198,121,74,93,162,100,82,49,70,93,156,114,116,72
2015_1,화곡본동시장,371,179,192,64,51,106,73,50,27,34,25,54,36,20,10,30,26,52,37,30,17
2015_1,남부골목시장,1987,963,1024,91,254,543,539,467,93,70,127,273,269,197,27,21,127,270,270,270,66
2015_1,화곡중앙골목시장,1136,578,558,77,210,310,199,224,116,40,106,173,103,102,54,37,104,137,96,122,62
2015_1,신월중앙시장,72,33,39,10,14,12,14,17,5,5,7,6,6,7,2,5,7,6,8,10,3
2015_1,신정3동골목시장,784,421,363,200,132,150,156,144,2,132,66,72,78,72,1,68,66,78,78,72,1
2015_1,신정2동골목시장,895,471,424,214,148,141,178,160,54,120,74,70,85,84,38,94,74,71,93,76,16
2015_1,신정제일시장,22,11,11,7,0,0,13,2,0,5,0,0,5,1,0,2,0,0,8,1,0
2015_1,신월7동골목시장,231,112,119,44,34,42,42,42,27,21,18,22,21,20,10,23,16,20,21,22,17
2015_1,신월6동골목시장,92,50,42,2,4,12,36,36,2,1,2,10,18,18,1,1,2,2,18,18,1
2015_1,신곡종합시장,40,20,20,4,8,8,8,8,4,2,4,4,4,4,2,2,4,4,4,4,2
2015_1,신월3동골목시장,358,244,114,0,10,64,140,144,0,0,10,54,90,90,0,0,0,10,50,54,0
2015_1,경창시장,305,153,152,66,44,52,45,47,51,33,22,28,23,23,24,33,22,24,22,24,27
2015_1,월정로시장,1803,967,836,78,335,432,432,454,72,40,208,224,224,237,34,38,127,208,208,217,38
2015_1,신영시장,1161,613,548,66,210,274,276,280,55,35,128,140,140,143,27,31,82,134,136,137,28
2015_1,목4동시장,1262,634,628,296,219,218,271,233,25,157,112,108,127,118,12,139,107,110,144,115,13
2015_1,목3동시장,1051,526,525,119,207,218,208,219,80,73,104,113,100,105,31,46,103,105,108,114,49
2015_1,목2동시장,685,339,346,90,132,146,148,146,23,49,66,73,68,72,11,41,66,73,80,74,12
2015_1,동진시장,32,14,18,0,8,12,6,4,2,0,3,6,3,2,0,0,5,6,3,2,2
2015_1,망원월드컵시장,750,358,392,113,115,167,165,145,45,61,50,82,84,65,16,52,65,85,81,80,29
2015_1,망원시장,1144,531,613,73,209,340,287,176,59,43,82,171,145,69,21,30,127,169,142,107,38
2015_1,합정시장,85,42,43,13,15,20,13,11,13,7,7,10,7,5,6,6,8,10,6,6,7
2015_1,영진시장,162,71,91,10,46,56,26,11,13,5,16,26,13,5,6,5,30,30,13,6,7
2015_1,신수시장,78,39,39,1,18,24,21,14,0,1,10,12,11,5,0,0,8,12,10,9,0
2015_1,아현시장,40,20,20,0,5,14,11,10,0,0,2,7,6,5,0,0,3,7,5,5,0
2015_1,마포시장,17,8,9,0,4,4,4,4,1,0,2,2,2,2,0,0,2,2,2,2,1
2015_1,백련시장,150,74,76,28,21,22,26,23,30,15,11,11,13,11,13,13,10,11,13,12,17
2015_1,모래내시장,0,0,0,0,0,0,0,0,0,0,0,0,0,0,0,0,0,0,0,0,0
2015_1,포방터시장,437,201,236,24,40,48,168,139,18,8,24,24,84,55,6,16,16,24,84,84,12
2015_1,인왕시장,163,86,77,19,16,28,42,32,26,10,8,16,26,16,10,9,8,12,16,16,16
2015_1,아현가구거리상점가,27,15,12,2,4,4,10,4,3,1,2,2,8,2,0,1,2,2,2,2,3
2015_1,영천시장,323,155,168,54,32,60,86,56,35,32,16,30,42,28,7,22,16,30,44,28,28
2015_1,수일시장,17,8,9,0,4,4,4,4,1,0,2,2,2,2,0,0,2,2,2,2,1
2015_1,증산종합시장,130,64,66,17,12,28,28,28,17,9,6,14,14,14,7,8,6,14,14,14,10
2015_1,대림골목시장,243,127,116,19,28,60,60,52,24,12,14,34,34,26,7,7,14,26,26,26,17
2015_1,신응암시장,524,263,261,108,60,122,98,62,74,59,30,61,49,31,33,49,30,61,49,31,41
2015_1,녹번시장,57,30,27,9,12,12,12,12,0,6,6,6,6,6,0,3,6,6,6,6,0
2015_1,갈현시장,0,0,0,0,0,0,0,0,0,0,0,0,0,0,0,0,0,0,0,0,0
2015_1,연서시장,152,75,77,23,20,24,27,27,31,12,10,13,13,13,14,11,10,11,14,14,17
2015_1,상계중앙시장,1048,513,535,184,165,182,204,197,116,91,84,91,101,99,47,93,81,91,103,98,69
2015_1,상계시장,12,7,5,0,1,3,4,4,0,0,1,2,2,2,0,0,0,1,2,2,0
2015_1,공릉동도깨비시장,1422,702,720,205,267,268,242,257,183,108,134,139,120,122,79,97,133,129,122,135,104
2015_1,방학동도깨비시장,1084,579,505,130,171,195,250,248,90,72,99,99,148,124,37,58,72,96,102,124,53
2015_1,쌍문역골목시장,198,95,103,9,32,46,39,46,26,8,16,23,23,16,9,1,16,23,16,30,17
2015_1,백운시장,337,156,181,48,60,60,60,74,35,21,30,30,30,30,15,27,30,30,30,44,20
2015_1,신도봉시장,76,42,34,3,11,13,16,16,17,2,7,8,8,8,9,1,4,5,8,8,8
2015_1,창동골목시장,135,66,69,8,12,28,52,28,7,4,6,18,26,10,2,4,6,10,26,18,5
2015_1,창동신창시장,1364,682,682,264,192,248,249,231,180,141,96,132,117,115,81,123,96,116,132,116,99
2015_1,수유북부시장,58,28,30,10,8,9,8,10,13,5,4,5,4,4,6,5,4,4,4,6,7
2015_1,장미원골목시장,531,263,268,36,70,92,124,124,85,23,36,50,62,62,30,13,34,42,62,62,55
2015_1,수유중앙시장,17,8,9,0,4,4,4,4,1,0,2,2,2,2,0,0,2,2,2,2,1
2015_1,강북종합시장,315,179,136,5,50,105,61,72,22,4,25,80,25,36,9,1,25,25,36,36,13
2015_1,우이시장,722,358,364,64,104,140,152,159,103,40,52,77,76,76,37,24,52,63,76,83,66
2015_1,수유전통시장,298,154,144,38,33,56,62,63,46,21,17,33,32,31,20,17,16,23,30,32,26
2015_1,번동북부골목시장,438,214,224,34,73,105,95,82,49,18,31,53,53,40,19,16,42,52,42,42,30
2015_1,솔샘시장,193,93,100,39,16,43,61,18,16,20,8,21,31,9,4,19,8,22,30,9,12
2015_1,숭인시장,69,35,34,10,8,11,12,12,16,5,4,6,6,6,8,5,4,5,6,6,8
2015_1,방천골목시장,358,171,187,2,30,73,106,136,11,1,11,53,53,52,1,1,19,20,53,84,10
2015_1,동북시장,12,6,6,0,0,4,4,4,0,0,0,2,2,2,0,0,0,2,2,2,0
2015_1,석관황금시장,211,106,105,1,12,60,60,76,2,1,6,38,22,38,1,0,6,22,38,38,1
2015_1,석관시장,20,10,10,0,0,6,6,8,0,0,0,4,2,4,0,0,0,2,4,4,0
2015_1,새석관시장,95,48,47,17,12,15,16,16,19,9,6,8,8,8,9,8,6,7,8,8,10
2015_1,번동시장,7,4,3,0,0,0,4,3,0,0,0,0,2,2,0,0,0,0,2,1,0
2015_1,장위전통시장,308,171,137,19,22,60,92,92,23,11,12,46,46,46,10,8,10,14,46,46,13
2015_1,밤나무골시장,95,50,45,16,8,22,23,16,10,8,4,11,14,8,5,8,4,11,9,8,5
2015_1,길음시장,42,21,21,0,0,28,14,0,0,0,0,14,7,0,0,0,0,14,7,0,0
2015_1,정릉시장,652,337,315,42,154,129,110,161,56,26,106,82,56,50,17,16,48,47,54,111,39
2015_1,정릉아리랑시장,233,111,122,21,28,64,55,46,19,13,14,32,32,14,6,8,14,32,23,32,13
2015_1,돈암제일시장,11,5,6,0,2,3,5,1,0,0,0,2,3,0,0,0,2,1,2,1,0
2015_1,유영시장,27,17,10,0,1,3,9,14,0,0,1,2,7,7,0,0,0,1,2,7,0
2015_1,우림골목시장,1879,1019,860,83,173,397,510,624,92,54,88,200,310,313,54,29,85,197,200,311,38
2015_1,묵1동도깨비시장,1038,526,512,88,224,224,224,224,54,52,112,112,112,112,26,36,112,112,112,112,28
2015_1,태능시장,546,342,204,34,50,100,112,201,49,19,26,75,79,122,21,15,24,25,33,79,28
2015_1,중화제일시장,1060,652,408,8,80,261,220,473,18,6,40,173,174,251,8,2,40,88,46,222,10
2015_1,사가정시장,1461,673,788,32,124,378,380,511,36,17,62,191,191,195,17,15,62,187,189,316,19
2015_1,면목골목시장,1099,550,549,25,115,263,263,410,23,13,58,132,132,205,10,12,57,131,131,205,13
2015_1,동원시장,1141,571,570,22,140,404,278,276,21,14,70,203,204,73,7,8,70,201,74,203,14
2015_1,동부골목시장,1051,630,421,22,123,261,326,291,28,16,61,198,196,145,14,6,62,63,130,146,14
2015_1,이경시장,158,82,76,4,52,36,32,26,8,2,26,26,16,10,2,2,26,10,16,16,6
2015_1,회기시장,390,193,197,9,168,118,51,37,7,5,78,63,29,15,3,4,90,55,22,22,4
2015_1,청량리청과물시장,29,18,11,0,6,6,6,6,5,0,4,4,4,4,2,0,2,2,2,2,3
2015_1,전곡시장,359,196,163,50,54,77,78,76,24,30,38,38,40,38,12,20,16,39,38,38,12
2015_1,답십리시장,252,136,116,6,12,72,89,72,1,3,8,36,53,36,0,3,4,36,36,36,1
2015_1,답십리현대시장,204,108,96,12,18,54,62,52,6,7,10,27,36,26,2,5,8,27,26,26,4
2015_1,전농로터리시장,25,14,11,0,4,7,6,8,0,0,2,4,4,4,0,0,2,3,2,4,0
2015_1,청량리종합시장,106,69,37,0,23,24,27,29,3,0,17,17,17,17,1,0,6,7,10,12,2
2015_1,청량리전통시장,23,16,7,0,5,5,6,7,0,0,4,4,4,4,0,0,1,1,2,3,0
2015_1,청량리농수산물시장,38,32,6,0,9,9,10,10,0,0,8,8,8,8,0,0,1,1,2,2,0
2015_1,서울약령시장,650,421,229,4,144,144,171,171,16,2,103,103,103,103,7,2,41,41,68,68,9
2015_1,경동시장,0,0,0,0,0,0,0,0,0,0,0,0,0,0,0,0,0,0,0,0,0
2015_1,청량리수산시장,224,129,95,18,35,58,36,48,29,10,18,39,23,25,14,8,17,19,13,23,15
2015_1,구의시장,32,16,16,3,4,8,8,7,2,2,2,4,4,3,1,1,2,4,4,4,1
2015_1,조양시장,144,76,68,6,28,29,28,36,17,3,14,15,18,18,8,3,14,14,10,18,9
2015_1,영동교골목시장,1182,658,524,20,247,248,248,376,43,13,123,125,188,188,21,7,124,123,60,188,22
2015_1,능동로골목시장,599,309,290,25,138,138,138,156,4,13,69,69,78,78,2,12,69,69,60,78,2
2015_1,노룬산골목시장,727,372,355,23,168,168,168,184,16,12,84,84,92,92,8,11,84,84,76,92,8
2015_1,자양종합시장,54,27,27,7,8,12,12,12,3,4,4,6,6,6,1,3,4,6,6,6,2
2015_1,자양골목시장,2009,1040,969,45,453,546,465,458,42,24,226,313,232,226,19,21,227,233,233,232,23
2015_1,신성골목시장,94,45,49,11,16,26,21,16,4,6,8,13,8,8,2,5,8,13,13,8,2
2015_1,면곡골목시장,322,163,159,22,31,79,96,80,14,13,16,48,48,32,6,9,15,31,48,48,8
2015_1,중곡제일시장,542,284,258,8,76,203,124,124,7,4,42,111,62,62,3,4,34,92,62,62,4
2015_1,화양제일골목시장,523,254,269,23,203,134,70,58,35,11,92,70,41,26,14,12,111,64,29,32,21
2015_1,한아름시장,100,48,52,10,32,21,13,11,13,5,14,11,7,5,6,5,18,10,6,6,7
2015_1,성동용답상가시장,1635,880,755,36,212,416,520,418,33,28,56,260,260,260,16,8,156,156,260,158,17
2015_1,뚝도시장,378,195,183,37,70,74,78,82,37,19,36,38,42,43,17,18,34,36,36,39,20
2015_1,금남시장,85,38,47,2,6,38,22,15,2,1,3,19,11,4,0,1,3,19,11,11,2
2015_1,행당시장,1208,594,614,50,268,278,273,268,71,25,134,139,139,134,23,25,134,139,134,134,48
2015_1,마장축산물시장,295,153,142,30,56,62,61,61,25,16,28,31,33,33,12,14,28,31,28,28,13
2015_1,보광시장,5,2,3,0,0,2,2,1,0,0,0,1,1,0,0,0,0,1,1,1,0
2015_1,이태원제일시장,4,2,2,0,0,4,0,0,0,0,0,2,0,0,0,0,0,2,0,0,0
2015_1,이태원시장,0,0,0,0,0,0,0,0,0,0,0,0,0,0,0,0,0,0,0,0,0
2015_1,이촌종합시장,83,38,45,18,4,18,26,12,5,10,2,6,13,6,1,8,2,12,13,6,4
2015_1,용문전통시장,107,45,62,3,10,40,34,19,1,1,5,20,14,5,0,2,5,20,20,14,1
2015_1,만리시장,21,8,13,0,7,8,4,2,0,0,1,4,2,1,0,0,6,4,2,1,0
2015_1,신흥시장,38,16,22,0,4,12,10,12,0,0,2,6,4,4,0,0,2,6,6,8,0
2015_1,후암시장,92,48,44,10,8,21,25,16,12,5,4,13,13,8,5,5,4,8,12,8,7
2015_1,합동(새벽)시장,0,0,0,0,0,0,0,0,0,0,0,0,0,0,0,0,0,0,0,0,0
2015_1,서울중앙시장,526,320,206,30,82,174,95,87,58,19,48,113,61,52,27,11,34,61,34,35,31
2015_1,백학시장,763,387,376,86,134,160,166,156,61,49,73,80,86,78,21,37,61,80,80,78,40
2015_1,약수시장,2630,1254,1376,401,319,501,436,458,515,204,158,248,208,224,212,197,161,253,228,234,303
2015_1,동평화시장,80,40,40,12,12,12,14,14,16,6,6,6,8,7,7,6,6,6,6,7,9
2015_1,방산종합시장,41,41,0,0,0,0,8,24,9,0,0,0,8,24,9,0,0,0,0,0,0
2015_1,인현시장,8,6,2,0,0,1,2,4,1,0,0,1,2,2,1,0,0,0,0,2,0
2015_1,신중부시장,29,19,10,0,4,6,4,11,4,0,2,4,4,7,2,0,2,2,0,4,2
2015_1,남대문시장,329,185,144,15,30,40,58,95,91,5,14,20,38,60,48,10,16,20,20,35,43
2015_1,신설종합시장,27,14,13,2,4,6,4,5,6,1,2,3,2,3,3,1,2,3,2,2,3
2015_1,동묘시장,431,227,204,39,77,82,75,77,81,21,37,43,43,44,39,18,40,39,32,33,42
2015_1,창신골목시장,113,61,52,6,18,19,30,31,9,3,10,11,17,17,3,3,8,8,13,14,6
2015_1,충신시장,16,12,4,0,1,1,8,6,0,0,1,1,6,4,0,0,0,0,2,2,0
2015_1,종로신진시장,3,3,0,0,0,0,2,1,0,0,0,0,2,1,0,0,0,0,0,0,0
2015_1,광장시장,0,0,0,0,0,0,0,0,0,0,0,0,0,0,0,0,0,0,0,0,0
2015_1,통인시장,195,81,114,29,16,35,66,22,27,17,8,9,25,11,11,12,8,26,41,11,16
2015_1,서울 노원구 노원역_3,680,338,342,124,116,92,129,130,89,63,58,47,63,65,42,61,58,45,66,65,47
2015_1,서울 노원구 노원역_2,498,231,267,117,62,86,100,75,58,59,30,42,43,35,22,58,32,44,57,40,36
2015_1,서울 노원구 노원역_1,923,433,490,219,120,163,172,138,111,114,57,77,80,64,41,105,63,86,92,74,70
2015_1,창동역,2563,1231,1332,554,352,395,494,425,343,282,167,194,227,213,148,272,185,201,267,212,195
2015_1,서울 강북구 수유역_3,214,123,91,4,32,73,42,52,11,3,16,57,16,26,5,1,16,16,26,26,6
2015_1,서울 강북구 수유역_2,818,432,386,55,130,212,155,170,96,31,64,142,71,84,40,24,66,70,84,86,56
2015_1,서울 강북구 수유역_1,473,235,238,42,77,111,100,87,56,22,34,56,55,43,25,20,43,55,45,44,31
2015_1,서울 은평구 연신내역_3,44,22,22,8,4,7,8,8,9,4,2,4,4,4,4,4,2,3,4,4,5
2015_1,서울 은평구 연신내역_2,671,327,344,89,79,166,172,146,19,48,41,86,86,61,5,41,38,80,86,85,14
2015_1,서울 은평구 연신내역_1,117,54,63,19,16,22,19,18,23,9,7,11,9,8,10,10,9,11,10,10,13
2015_1,서울 성북구 미아삼거리역_2,596,290,306,23,110,131,143,141,48,13,56,70,73,68,10,10,54,61,70,73,38
2015_1,서울 강북구 미아삼거리역_1,150,73,77,2,20,29,38,47,14,1,10,19,19,19,5,1,10,10,19,28,9
2015_1,서울 은평구 불광역_2,1830,870,960,356,228,334,323,294,295,178,114,166,162,136,114,178,114,168,161,158,181
2015_1,서울 은평구 불광역_1,515,234,281,49,82,117,113,101,53,20,36,59,56,45,18,29,46,58,57,56,35
2015_1,미아사거리_2,180,86,94,15,36,36,36,36,21,8,18,18,18,18,6,7,18,18,18,18,15
2015_1,미아사거리_1,39,27,12,0,0,12,21,6,0,0,0,6,18,3,0,0,0,6,3,3,0
2015_1,서울 성북구 성신여대입구역,423,160,263,2,155,124,104,36,2,0,52,52,52,4,0,2,103,72,52,32,2
2015_1,경희대학교,490,237,253,8,173,154,91,64,0,4,81,77,51,24,0,4,92,77,40,40,0
2015_1,서울 성북구 안암역,238,125,113,8,104,52,40,34,0,4,52,35,20,14,0,4,52,17,20,20,0
2015_1,혜화역 대학로_3,385,203,182,14,193,74,59,34,11,9,105,50,24,12,3,5,88,24,35,22,8
2015_1,혜화역 대학로_2,527,265,262,12,243,110,100,52,10,7,126,69,41,17,5,5,117,41,59,35,5
2015_1,혜화역 대학로_1,330,158,172,10,123,99,53,35,10,5,57,52,25,15,4,5,66,47,28,20,6
2015_1,디지털미디어시티,207,101,106,56,20,36,40,26,29,29,10,16,20,13,13,27,10,20,20,13,16
2015_1,서울 동대문구 청량리역,1971,998,973,245,264,299,319,379,465,128,148,162,169,190,201,117,116,137,150,189,264
2015_1,서울 종로구 경복궁역_2,86,36,50,0,8,22,28,27,1,0,1,8,14,13,0,0,7,14,14,14,1
2015_1,서울 종로구 안국역_2,9,5,4,0,0,2,3,4,0,0,0,1,2,2,0,0,0,1,1,2,0
2015_1,서울 종로구 안국역_1,0,0,0,0,0,0,0,0,0,0,0,0,0,0,0,0,0,0,0,0,0
2015_1,서울 종로구 경복궁역_1,166,71,95,1,15,43,52,51,4,0,2,17,26,25,1,1,13,26,26,26,3
2015_1,서울 종로구 종로3가역_3,146,109,37,0,9,20,26,54,37,0,8,14,20,40,27,0,1,6,6,14,10
2015_1,서울 종로구 종로3가역_2,344,280,64,2,18,27,45,186,66,1,12,18,36,168,45,1,6,9,9,18,21
2015_1,서울 동대문구 신설동역_2,58,34,24,0,12,18,12,16,0,0,6,12,8,8,0,0,6,6,4,8,0
2015_1,인사동,245,151,94,18,26,29,39,63,70,9,14,17,27,45,39,9,12,12,12,18,31
2015_1,서울 종로구 종로5가역_4,145,127,18,0,4,11,25,76,29,0,4,8,22,68,25,0,0,3,3,8,4
2015_1,서울 종로구 종로5가역_3,68,49,19,1,8,7,28,20,4,1,5,5,22,14,2,0,3,2,6,6,2
2015_1,종로구청,113,80,33,8,9,10,15,45,26,4,5,6,11,39,15,4,4,4,4,6,11
2015_1,서울 종로구 종로5가역_2,506,334,172,31,51,55,105,151,113,16,29,34,74,114,67,15,22,21,31,37,46
2015_1,신설동역,422,224,198,39,77,84,73,77,72,20,37,44,42,44,37,19,40,40,31,33,35
2015_1,서울 동대문구 신설동역_1,29,19,10,0,5,12,5,7,0,0,3,9,3,4,0,0,2,3,2,3,0
2015_1,서울 종로구 광화문역_2,1478,692,786,240,188,238,257,236,319,122,86,111,123,112,138,118,102,127,134,124,181
2015_1,동묘앞역,498,273,225,55,58,65,94,112,114,30,32,37,52,63,59,25,26,28,42,49,55
2015_1,장안동사거리,1972,1006,966,359,263,370,340,345,295,191,140,186,177,170,142,168,123,184,163,175,153
2015_1,서울 종로구 동대문역_2,325,185,140,20,38,41,73,88,65,10,22,25,43,53,32,10,16,16,30,35,33
2015_1,서울 종로구 동대문역_1,93,52,41,4,13,13,32,29,2,2,9,9,17,15,0,2,4,4,15,14,2
2015_1,동대문시장_2,0,0,0,0,0,0,0,0,0,0,0,0,0,0,0,0,0,0,0,0,0
2015_1,서울 종로구 종로5가역_1,0,0,0,0,0,0,0,0,0,0,0,0,0,0,0,0,0,0,0,0,0
2015_1,서울 종로구 종로3가역_1,70,50,20,0,4,12,14,22,18,0,4,8,10,14,14,0,0,4,4,8,4
2015_1,종각역 젊음의 거리,0,0,0,0,0,0,0,0,0,0,0,0,0,0,0,0,0,0,0,0,0
2015_1,서대문구 서대문역_1,58,30,28,0,4,16,17,18,3,0,1,10,10,9,0,0,3,6,7,9,3
2015_1,동대문시장_1,0,0,0,0,0,0,0,0,0,0,0,0,0,0,0,0,0,0,0,0,0
2015_1,시청역_2,3,3,0,0,0,3,0,0,0,0,0,3,0,0,0,0,0,0,0,0,0
2015_1,서울시청,2,0,2,0,0,0,0,2,0,0,0,0,0,0,0,0,0,0,0,2,0
2015_1,서울 중구 을지로3가역_2,316,197,119,23,26,35,49,89,94,11,14,19,35,62,56,12,12,16,14,27,38
2015_1,서울 중구 신당역_2,46,27,19,0,9,9,14,14,0,0,6,6,8,7,0,0,3,3,6,7,0
2015_1,서대문구 서대문역_2,585,285,300,101,69,100,121,96,98,53,34,51,62,48,37,48,35,49,59,48,61
2015_1,동대문역사문화공원역,108,71,37,0,10,19,22,41,16,0,5,14,20,21,11,0,5,5,2,20,5
2015_1,서울 중구 을지로3가역_1,6,6,0,0,0,0,2,3,1,0,0,0,2,3,1,0,0,0,0,0,0
2015_1,명동거리,36,12,24,0,2,6,8,14,6,0,1,2,4,4,1,0,1,4,4,10,5
2015_1,롯데백화점,66,34,32,5,6,21,15,13,6,1,4,11,8,8,2,4,2,10,7,5,4
2015_1,서울 중구 신당역_1,638,333,305,83,95,133,137,123,67,46,53,70,77,62,25,37,42,63,60,61,42
2015_1,북창동,26,16,10,0,1,12,7,6,0,0,1,6,4,5,0,0,0,6,3,1,0
2015_1,서울 중구 충무로역_2,345,190,155,33,47,51,52,76,86,17,25,30,32,44,42,16,22,21,20,32,44
2015_1,서울 강서구 송정역,1444,752,692,55,250,396,308,369,66,30,123,208,184,186,21,25,127,188,124,183,45
2015_1,장한평역_2,1040,525,515,120,169,228,208,208,107,66,85,114,104,104,52,54,84,114,104,104,55
2015_1,시청역_1,270,141,129,33,32,74,47,45,39,11,18,42,25,27,18,22,14,32,22,18,21
2015_1,왕십리역_2,0,0,0,0,0,0,0,0,0,0,0,0,0,0,0,0,0,0,0,0,0
2015_1,서울 강서구 발산역,440,209,231,76,74,67,76,88,59,40,38,31,36,41,23,36,36,36,40,47,36
2015_1,장한평역_1,158,80,78,24,25,32,28,28,21,13,13,16,14,14,10,11,12,16,14,14,11
2015_1,서울 중구 충무로역_1,262,177,85,0,74,74,38,64,12,0,55,55,32,32,3,0,19,19,6,32,9
2015_1,장한평역,41,21,20,4,8,8,8,8,5,2,4,4,4,4,3,2,4,4,4,4,2
2015_1,서울 중구 명동역,423,153,270,1,31,69,90,144,88,1,14,24,45,44,25,0,17,45,45,100,63
2015_1,장충동 족발거리,200,102,98,25,49,37,30,26,33,12,27,20,15,13,15,13,22,17,15,13,18
2015_1,한양시장,210,121,89,7,106,41,29,19,8,2,66,23,19,9,2,5,40,18,10,10,6
2015_1,서울 서대문구 이대역,716,348,368,66,241,161,119,81,48,43,101,81,59,46,18,23,140,80,60,35,30
2015_1,서울 서대문구 신촌역,1032,513,519,55,437,270,172,80,18,47,187,135,86,54,4,8,250,135,86,26,14
2015_1,서울 마포구 홍대입구역_3,31,11,20,0,12,15,4,0,0,0,3,6,2,0,0,0,9,9,2,0,0
2015_1,서울 마포구 홍대입구역_2,523,227,296,17,169,204,67,37,29,8,59,96,33,18,13,9,110,108,34,19,16
2015_1,홍익대학교 주변,5583,2466,3117,77,1847,2269,844,472,74,36,685,1095,424,200,26,41,1162,1174,420,272,48
2015_1,서울 광진구 군자역,1109,534,575,33,323,341,191,189,32,17,154,176,91,79,17,16,169,165,100,110,15
2015_1,신촌역,470,211,259,8,186,151,56,56,13,4,73,77,28,24,5,4,113,74,28,32,8
2015_1,강서구청,2747,1365,1382,407,437,631,455,523,294,227,212,339,225,221,141,180,225,292,230,302,153
2015_1,서울 마포구 홍대입구역_1,475,203,272,3,166,202,67,31,6,1,58,94,33,14,3,2,108,108,34,17,3
2015_1,서울 중구 약수역_2,18,9,9,1,4,4,4,4,1,1,2,2,2,2,0,0,2,2,2,2,1
2015_1,서울 중구 약수역_1,105,50,55,14,10,22,19,21,19,7,5,11,9,10,8,7,5,11,10,11,11
2015_1,서울 강동구 고덕역,3588,1798,1790,804,554,396,656,703,475,440,304,185,293,341,235,364,250,211,363,362,240
2015_1,등촌역,914,465,449,86,196,202,197,204,29,58,98,102,98,99,10,28,98,100,99,105,19
2015_1,서울 강동구 명일역,3202,1559,1643,655,422,578,660,589,298,370,215,264,319,265,126,285,207,314,341,324,172
2015_1,어린이대공원역,502,248,254,40,147,119,76,74,46,20,68,62,40,36,22,20,79,57,36,38,24
2015_1,서울 마포구 공덕역_2,63,30,33,8,9,12,12,12,10,4,4,6,6,6,4,4,5,6,6,6,6
2015_1,공덕역,144,70,74,24,19,26,24,24,27,12,9,13,12,12,12,12,10,13,12,12,15
2015_1,서울 용산구 숙대입구역,263,196,67,7,24,35,65,91,41,5,11,22,55,75,28,2,13,13,10,16,13
2015_1,남영역,0,0,0,0,0,0,0,0,0,0,0,0,0,0,0,0,0,0,0,0,0
2015_1,서울 마포구 마포역_2,4214,2015,2199,864,497,823,822,570,638,431,243,372,420,283,266,433,254,451,402,287,372
2015_1,서울 광진구 건대입구역_2,1577,764,813,83,606,391,200,171,126,43,266,203,118,79,55,40,340,188,82,92,71
2015_1,서울 마포구 마포역_1,435,210,225,28,73,114,114,92,14,20,28,57,57,46,2,8,45,57,57,46,12
2015_1,서울 강동구 천호역_2,1892,958,934,208,282,400,340,372,290,108,140,210,179,184,137,100,142,190,161,188,153
2015_1,서울 광진구 건대입구역_1,1446,767,679,117,261,275,263,357,173,60,133,141,174,180,79,57,128,134,89,177,94
2015_1,서울 광진구 구의역,1452,704,748,58,387,526,253,219,9,29,193,263,126,93,0,29,194,263,127,126,9
2015_1,서울 강동구 천호역,178,85,93,0,20,59,33,64,2,0,10,32,27,16,0,0,10,27,6,48,2
2015_1,당산역_2,972,460,512,137,201,233,153,151,97,69,84,115,77,70,45,68,117,118,76,81,52
2015_1,서울 강동구 천호역_1,241,137,104,1,49,67,33,84,7,0,25,42,25,42,3,1,24,25,8,42,4
2015_1,서울 강동구 길동역,2759,1378,1381,449,445,526,456,495,388,242,222,269,223,235,187,207,223,257,233,260,201
2015_1,용산 전자상가_5,305,149,156,18,46,122,49,41,29,11,16,60,31,19,12,7,30,62,18,22,17
2015_1,용산 전자상가_4,117,54,63,7,15,46,29,19,1,1,5,23,16,9,0,6,10,23,13,10,1
2015_1,당산역_1,1411,689,722,243,248,307,235,205,173,124,109,154,122,100,80,119,139,153,113,105,93
2015_1,서울 광진구 강변역,137,67,70,27,21,24,23,23,19,14,10,12,11,11,9,13,11,12,12,12,10
2015_1,용산 전자상가_3,338,169,169,49,45,78,54,51,61,26,21,39,29,26,28,23,24,39,25,25,33
2015_1,서울 용산구 이태원역,209,96,113,8,28,65,37,41,30,5,14,34,15,19,9,3,14,31,22,22,21
2015_1,한남오거리,64,31,33,0,4,44,10,6,0,0,2,22,5,2,0,0,2,22,5,4,0
2015_1,용산 전자상가_2,108,54,54,13,15,18,17,20,25,7,7,9,9,10,12,6,8,9,8,10,13
2015_1,용산구청,33,14,19,0,6,9,7,7,4,0,3,5,3,3,0,0,3,4,4,4,4
2015_1,용산 전자상가_1,199,99,100,20,29,39,32,39,40,10,14,19,17,20,19,10,15,20,15,19,21
2015_1,국회의사당역_2,993,469,524,194,125,170,172,153,179,102,58,76,85,69,79,92,67,94,87,84,100
2015_1,서울 용산구 신용산역,119,59,60,0,18,38,27,36,0,0,9,18,14,18,0,0,9,20,13,18,0
2015_1,국회의사당역_1,277,128,149,58,36,46,46,42,49,29,17,20,22,20,20,29,19,26,24,22,29
2015_1,압구정 로데오거리_2,1784,768,1016,310,194,368,434,233,245,148,77,158,189,101,95,162,117,210,245,132,150
2015_1,서울 강남구 압구정역,2357,1006,1351,427,266,491,551,321,301,209,111,200,231,145,110,218,155,291,320,176,191
2015_1,서울 영등포구 영등포구청역,1038,498,540,52,205,222,207,204,148,14,103,111,105,102,63,38,102,111,102,102,85
2015_1,압구정 로데오거리_1,759,373,386,102,141,164,160,139,53,63,68,76,76,66,24,39,73,88,84,73,29
2015_1,서울 강동구 둔촌동역,893,479,414,137,164,177,170,171,74,88,84,89,85,85,48,49,80,88,85,86,26
2015_1,오목교역,1106,536,570,305,145,142,254,172,88,154,70,63,117,90,42,151,75,79,137,82,46
2015_1,신사동 가로수길,6235,2888,3347,1099,1119,1214,1170,1028,605,572,542,565,575,484,150,527,577,649,595,544,455
2015_1,서울 영등포구 여의도역_2,1177,566,611,212,165,200,205,192,203,111,76,96,101,93,89,101,89,104,104,99,114
2015_1,청담사거리_3,243,125,118,39,44,46,46,43,25,26,22,22,23,21,11,13,22,24,23,22,14
2015_1,영등포유통상가,558,269,289,26,108,128,111,108,77,8,54,64,57,54,32,18,54,64,54,54,45
2015_1,청담역_2,439,208,231,85,63,82,76,65,68,44,30,37,36,30,31,41,33,45,40,35,37
2015_1,청담역_1,166,83,83,25,29,33,32,29,18,15,14,16,15,14,9,10,15,17,17,15,9
2015_1,청담사거리_2,306,148,158,51,50,58,57,51,39,28,24,27,27,24,18,23,26,31,30,27,21
2015_1,청담사거리_1,708,346,362,121,117,137,131,118,84,69,57,63,62,56,39,52,60,74,69,62,45
2015_1,서울 영등포구 여의도역_1,2232,1044,1188,426,282,380,390,345,409,219,133,165,190,155,182,207,149,215,200,190,227
2015_1,서울 양천구 신정네거리역_2,369,178,191,13,78,87,80,81,30,7,39,44,40,40,8,6,39,43,40,41,22
2015_1,학동사거리_2,452,218,234,79,75,87,84,74,53,44,36,40,40,34,24,35,39,47,44,40,29
2015_1,서울 영등포구 영등포시장역,571,366,205,11,126,138,88,148,60,6,62,86,66,106,40,5,64,52,22,42,20
2015_1,학동사거리_1,405,190,215,28,77,125,92,55,28,16,33,60,46,23,12,12,44,65,46,32,16
2015_1,여의도 시범아파트앞,864,412,452,171,108,140,146,128,171,90,51,63,70,60,78,81,57,77,76,68,93
2015_1,영등포역_3,400,239,161,34,77,81,58,83,67,17,37,50,39,57,39,17,40,31,19,26,28
2015_1,도산공원사거리_1,284,116,168,42,36,71,66,39,30,18,12,32,27,16,11,24,24,39,39,23,19
2015_1,영등포역_2,267,167,100,10,59,61,41,65,31,5,29,38,29,47,19,5,30,23,12,18,12
2015_1,문래동 주민센터,206,103,103,43,24,45,34,29,31,22,12,22,18,14,15,21,12,23,16,15,16
2015_1,강남구 신사역_2,919,400,519,0,246,329,202,132,10,0,104,145,101,49,1,0,142,184,101,83,9
2015_1,영등포역_1,40,27,13,0,8,12,6,12,2,0,4,7,6,8,2,0,4,5,0,4,0
2015_1,서울 강남구 강남구청역_2,145,66,79,2,32,46,36,26,3,2,14,22,18,10,0,0,18,24,18,16,3
2015_1,강남구 신사역_1,956,445,511,172,112,228,267,121,56,91,49,90,138,55,22,81,63,138,129,66,34
2015_1,서울 동작구 노량진1동_1,16,8,8,0,4,4,4,4,0,0,2,2,2,2,0,0,2,2,2,2,0
2015_1,서울 강남구 학동역_3,124,60,64,6,25,40,28,17,8,4,11,20,14,7,4,2,14,20,14,10,4
2015_1,서울 강남구 강남구청역_1,439,200,239,22,86,126,100,75,30,13,34,60,50,29,14,9,52,66,50,46,16
2015_1,잠실역,4091,1946,2145,850,590,622,694,704,631,432,292,283,310,329,300,418,298,339,384,375,331
2015_1,강남구 논현역_4,2357,1114,1243,466,287,551,637,309,107,248,128,219,329,147,43,218,159,332,308,162,64
2015_1,학동역,688,312,376,47,152,208,116,96,69,24,64,94,59,43,28,23,88,114,57,53,41
2015_1,방이동 먹자골목,2535,1224,1311,301,453,667,455,431,228,168,215,344,211,176,110,133,238,323,244,255,118
2015_1,서울 강남구 학동역_2,114,53,61,6,24,36,26,17,5,4,10,17,13,7,2,2,14,19,13,10,3
2015_1,서울 동작구 노량진역,1351,669,682,113,278,292,265,268,135,58,145,148,134,132,52,55,133,144,131,136,83
2015_1,삼성역_3,0,0,0,0,0,0,0,0,0,0,0,0,0,0,0,0,0,0,0,0,0
2015_1,서울 강남구 학동역_1,939,409,530,0,245,331,202,145,16,0,108,143,101,53,4,0,137,188,101,92,12
2015_1,선정릉역_2,1405,642,763,285,168,389,327,159,77,160,76,146,148,78,34,125,92,243,179,81,43
2015_1,강남구 논현역_3,102,45,57,2,27,38,19,11,5,1,10,17,10,5,2,1,17,21,9,6,3
2015_1,포스코사거리_2,819,429,390,136,146,152,150,148,87,88,74,74,74,74,45,48,72,78,76,74,42
2015_1,포스코사거리_1,2739,1246,1493,538,329,742,631,290,209,303,148,276,286,139,94,235,181,466,345,151,115
2015_1,잠실역 롯데월드,4172,2006,2166,946,537,685,709,646,649,481,262,307,342,301,313,465,275,378,367,345,336
2015_1,신도림역,1155,571,584,211,173,240,187,172,172,109,81,120,95,84,82,102,92,120,92,88,90
2015_1,강남구 논현역_2,3947,1751,2196,74,990,1334,806,568,175,37,429,584,406,224,71,37,561,750,400,344,104
2015_1,선정릉역_1,457,199,258,78,54,147,119,43,16,46,22,52,52,20,7,32,32,95,67,23,9
2015_1,신천역,2596,1244,1352,330,507,621,485,463,190,161,240,289,236,227,91,169,267,332,249,236,99
2015_1,강남구 논현역_1,4487,2153,2334,926,708,1051,925,638,239,469,326,475,478,299,106,457,382,576,447,339,133
2015_1,삼성역_2,423,217,206,95,67,35,108,95,23,55,38,15,48,48,13,40,29,20,60,47,10
2015_1,삼정역_2,591,268,323,19,121,187,136,103,25,13,48,90,68,39,10,6,73,97,68,64,15
2015_1,삼정역_1,60,27,33,0,13,21,12,12,2,0,5,9,6,6,1,0,8,12,6,6,1
2015_1,삼성역_1,4224,2157,2067,1032,655,370,976,817,374,596,367,164,419,425,186,436,288,206,557,392,188
2015_1,서울 강남구 선릉역_2,1913,863,1050,4,424,641,425,394,25,1,154,281,224,194,9,3,270,360,201,200,16
2015_1,서울 서초구 강남역,2763,1276,1487,45,665,968,533,455,97,19,255,444,291,225,42,26,410,524,242,230,55
2015_1,서울 강남구 선릉역_1,1777,851,926,366,234,407,374,204,192,207,107,172,183,97,85,159,127,235,191,107,107
2015_1,서울 송파구 석촌역_2,459,221,238,41,98,105,97,96,22,17,48,52,48,47,9,24,50,53,49,49,13
2015_1,선릉역_2,4780,2270,2510,879,891,978,1035,717,280,474,416,440,470,356,114,405,475,538,565,361,166
2015_1,서울 강남구 역삼역_2,796,373,423,9,200,279,164,126,18,4,75,131,93,62,8,5,125,148,71,64,10
2015_1,서울 송파구 석촌역_1,247,120,127,35,49,56,44,44,19,18,22,27,22,22,9,17,27,29,22,22,10
2015_1,서울 강남구 강남역_2,3084,1485,1599,769,364,511,652,416,372,393,171,221,318,204,178,376,193,290,334,212,194
2015_1,선릉역_1,1349,630,719,332,164,265,282,160,146,170,74,113,133,78,62,162,90,152,149,82,84
2015_1,구로역,329,163,166,28,68,72,68,66,27,14,34,36,34,32,13,14,34,36,34,34,14
2015_1,역삼역_2,213,97,116,50,27,46,51,24,15,27,11,20,23,10,6,23,16,26,28,14,9
2015_1,대림역_2,366,182,184,61,58,76,60,54,57,32,27,38,31,26,28,29,31,38,29,28,29
2015_1,서울 강남구 역삼역_1,2845,1318,1527,16,697,998,571,491,72,7,265,459,314,243,30,9,432,539,257,248,42
2015_1,신대방삼거리역,1145,532,613,129,210,282,257,203,64,66,96,142,128,82,18,63,114,140,129,121,46
2015_1,서울 강남구 한티역,1777,837,940,327,352,380,397,291,30,175,162,174,177,144,5,152,190,206,220,147,25
2015_1,은마아파트입구사거리_4,446,234,212,109,63,34,112,90,38,68,34,14,50,50,18,41,29,20,62,40,20
2015_1,은마아파트입구사거리_3,256,126,130,47,53,54,55,46,1,24,26,26,27,23,0,23,27,28,28,23,1
2015_1,은마아파트입구사거리_2,103,52,51,22,18,10,26,24,3,12,10,4,12,12,2,10,8,6,14,12,1
2015_1,오류동역,1246,616,630,160,213,253,207,218,195,78,109,132,105,106,86,82,104,121,102,112,109
2015_1,서울 강남구 강남역,723,334,389,29,160,231,142,123,38,15,60,105,75,61,18,14,100,126,67,62,20
2015_1,은마아파트입구사거리_1,156,76,80,52,24,4,46,26,4,26,12,0,22,14,2,26,12,4,24,12,2
2015_1,대림역_1,452,227,225,70,60,95,75,71,81,37,30,50,39,34,37,33,30,45,36,37,44
2015_1,교대역_4,554,260,294,129,61,109,151,71,33,67,27,39,76,35,16,62,34,70,75,36,17
2015_1,서울 강남구 강남역_1,2401,1172,1229,479,319,488,422,340,353,255,155,221,214,162,165,224,164,267,208,178,188
2015_1,방배동카페골목,2556,1192,1364,589,324,394,545,392,312,288,143,174,255,187,145,301,181,220,290,205,167
2015_1,교대역_3,62,31,31,7,12,14,12,12,5,4,6,7,6,6,2,3,6,7,6,6,3
2015_1,역삼역_1,2201,1018,1183,34,522,762,443,379,61,17,196,350,240,187,28,17,326,412,203,192,33
2015_1,교대역_2,1938,949,989,385,320,366,324,306,237,202,159,176,156,142,114,183,161,190,168,164,123
2015_1,서울 송파구 가락시장역,423,213,210,81,69,71,73,75,54,43,35,36,36,38,25,38,34,35,37,37,29
2015_1,서울 서초구 서초역,72,37,35,8,14,14,16,14,6,5,8,7,8,6,3,3,6,7,8,8,3
2015_1,서울 강남구 대치역_2,206,102,104,64,24,15,50,30,23,35,12,6,22,16,11,29,12,9,28,14,12
2015_1,서울 강남구 대치역_1,537,267,270,166,62,41,132,77,59,91,30,17,58,42,29,75,32,24,74,35,30
2015_1,뱅뱅사거리_2,1098,511,587,53,246,363,195,173,68,26,94,167,107,85,32,27,152,196,88,88,36
2015_1,보라매공원,2526,1237,1289,483,356,495,440,361,391,247,168,252,221,170,179,236,188,243,219,191,212
2015_1,교대역_1,1410,715,695,180,258,294,279,267,132,118,128,147,131,130,61,62,130,147,148,137,71
2015_1,개봉동 현대아파트 인근,2562,1310,1252,335,345,550,540,544,248,192,177,275,270,270,126,143,168,275,270,274,122
2015_1,뱅뱅사거리,1564,762,802,314,205,320,273,223,229,166,98,145,139,105,109,148,107,175,134,118,120
2015_1,뱅뱅사거리_1,1998,979,1019,427,330,355,338,332,216,215,162,168,164,164,106,212,168,187,174,168,110
2015_1,서울 관악구 신림역_4,2520,1291,1229,93,929,782,281,221,214,50,415,455,163,102,106,43,514,327,118,119,108
2015_1,동작구 총신대입구역_1,1268,640,628,63,238,345,206,316,100,37,119,172,118,158,36,26,119,173,88,158,64
2015_1,양재역_3,1956,982,974,323,300,467,408,324,134,198,136,214,219,149,66,125,164,253,189,175,68
2015_1,동작구 총신대입구역_2,2088,972,1116,435,286,357,390,300,320,207,126,165,182,145,147,228,160,192,208,155,173
2015_1,서울 서초구 남부터미널역_3,855,433,422,120,165,184,168,158,60,73,82,90,82,76,30,47,83,94,86,82,30
2015_1,서울 강남구 수서역,2182,994,1188,251,307,426,224,418,556,125,151,237,106,170,205,126,156,189,118,248,351
2015_1,서울 관악구 신림역_3,577,309,268,13,263,208,41,24,28,7,119,132,26,11,14,6,144,76,15,13,14
2015_1,서울 서초구 남부터미널역_2,3364,1678,1686,591,532,576,577,544,544,334,266,285,271,263,259,257,266,291,306,281,285
2015_1,구로디지탈1단지,2113,1084,1029,319,415,600,286,231,262,167,196,337,156,109,119,152,219,263,130,122,143
2015_1,양재역,2552,1238,1314,542,412,442,431,420,305,272,198,209,206,206,147,270,214,233,225,214,158
2015_1,문정역,488,252,236,81,90,90,89,92,46,48,45,46,44,45,24,33,45,44,45,47,22
2015_1,매봉역,1493,708,785,372,207,216,310,239,149,182,91,87,146,121,81,190,116,129,164,118,68
2015_1,서울 서초구 방배역,1084,485,599,98,191,291,219,189,96,54,90,143,92,63,43,44,101,148,127,126,53
2015_1,서울 서초구 남부터미널역_1,1021,496,525,195,162,199,166,155,144,102,78,92,81,74,69,93,84,107,85,81,75
2015_1,서울 관악구 신림역_2,1706,798,908,28,476,483,344,292,83,15,256,266,147,90,24,13,220,217,197,202,59
2015_1,서울 관악구 신림역_1,15,9,6,0,6,9,0,0,0,0,3,6,0,0,0,0,3,3,0,0,0
2015_1,양재역_2,1313,627,686,322,177,271,211,186,146,167,86,127,107,86,54,155,91,144,104,100,92
2015_1,양재역_1,10,4,6,2,1,4,2,1,0,1,0,2,1,0,0,1,1,2,1,1,0
2015_1,서울 관악구 서울대입구역_2,818,403,415,58,216,222,122,111,89,30,102,118,64,48,41,28,114,104,58,63,48
2015_1,가산디지털단지역_3,1532,908,624,118,338,366,248,277,185,61,192,241,154,161,99,57,146,125,94,116,86
2015_1,구로디지털단지역,246,154,92,0,7,45,88,96,10,0,5,40,48,56,5,0,2,5,40,40,5
2015_1,서울 관악구 서울대입구역_1,2599,1318,1281,231,761,699,314,295,299,115,371,386,175,133,138,116,390,313,139,162,161
2015_1,관악구 사당역_1,773,380,393,74,160,167,147,162,63,41,80,84,65,80,30,33,80,83,82,82,33
2015_1,가산디지털단지역_2,771,455,316,69,165,179,121,144,93,35,91,118,79,84,48,34,74,61,42,60,45
2015_1,관악구 사당역_2,573,279,294,0,185,245,50,78,15,0,80,145,31,20,3,0,105,100,19,58,12
2015_1,가산디지털단지역_1,437,262,175,31,95,106,71,79,55,17,55,68,45,47,30,14,40,38,26,32,25
2015_1,포이사거리_1,58,29,29,11,8,12,12,11,4,6,4,6,6,5,2,5,4,6,6,6,2
2015_1,포이사거리_2,2843,1451,1392,419,459,717,527,444,277,226,235,384,269,215,122,193,224,333,258,229,155
2015_1,관악구 사당역_3,615,296,319,80,130,145,82,91,87,40,59,74,43,38,42,40,71,71,39,53,45
2015_1,서울 관악구 대학동_1,1936,1206,730,123,554,547,301,239,172,65,347,393,206,120,75,58,207,154,95,119,97
2015_1,서울 금천구 독산1동_1,771,422,349,70,142,194,154,133,78,38,82,113,86,68,35,32,60,81,68,65,43
2015_1,양재동 꽃시장,145,74,71,26,21,33,25,21,19,14,10,18,13,10,9,12,11,15,12,11,10
2015_1,양재 화물트럭터미널앞_2,116,60,56,11,19,41,20,20,5,8,10,21,10,10,1,3,9,20,10,10,4
2015_1,양재 화물트럭터미널앞_1,27,13,14,6,4,6,4,4,3,3,2,3,2,2,1,3,2,3,2,2,2
2015_1,서울 금천구 시흥1동_4,894,476,418,50,73,213,254,256,48,31,40,128,128,128,21,19,33,85,126,128,27
2015_1,풍성로37가길,2561,1379,1182,37,531,677,414,769,133,19,266,399,266,384,45,18,265,278,148,385,88
2015_1,천호옛길,3733,2039,1694,56,765,1008,558,1181,165,27,381,607,382,588,54,29,384,401,176,593,111
2015_1,천호옛14길,2112,1192,920,23,427,596,278,722,66,12,213,373,212,360,22,11,214,223,66,362,44
2015_1,천호대로219길,3715,1936,1779,659,666,655,707,748,280,381,344,333,333,374,171,278,322,322,374,374,109
2015_1,천호대로197길,4244,2150,2094,652,726,804,746,782,534,364,363,408,368,381,266,288,363,396,378,401,268
2015_1,천호대로187길,3340,1712,1628,565,576,632,581,605,381,333,288,318,289,294,190,232,288,314,292,311,191
2015_1,천호대로170길,3322,1712,1610,153,656,819,569,851,274,79,328,457,327,417,104,74,328,362,242,434,170
2015_1,천호대로162길,1965,1054,911,87,380,496,295,559,148,45,190,291,191,277,60,42,190,205,104,282,88
2015_1,천중로51길,4290,2174,2116,755,704,803,762,775,491,434,352,398,376,374,240,321,352,405,386,401,251
2015_1,천중로39길,5692,2939,2753,509,989,1240,1159,1227,568,273,540,651,599,606,270,236,449,589,560,621,298
2015_1,진황도로47길,2310,1181,1129,377,401,438,407,424,263,223,200,221,202,206,129,154,201,217,205,218,134
2015_1,진황도로27길,7906,3972,3934,307,1251,1968,1848,1912,620,159,620,1002,936,954,301,148,631,966,912,958,319
2015_1,올림픽로98길,2654,1325,1329,336,443,558,549,541,227,175,222,287,275,270,96,161,221,271,274,271,131
2015_1,올림픽로80길,2793,1406,1387,24,460,743,724,724,118,13,230,381,362,362,58,11,230,362,362,362,60
2015_1,올림픽로78길,1437,728,709,31,224,385,366,368,63,17,112,201,184,184,30,14,112,184,182,184,33
2015_1,올림픽로77길,3069,1541,1528,41,480,824,808,810,106,22,240,419,404,405,51,19,240,405,404,405,55
2015_1,올림픽로71길,3525,1774,1751,30,574,941,916,918,146,16,287,482,458,459,72,14,287,459,458,459,74
2015_1,올림픽로48길,1454,729,725,282,212,317,266,255,122,157,110,158,130,119,55,125,102,159,136,136,67
2015_1,양재대로96길,3209,1618,1591,615,534,552,565,603,340,331,274,281,281,290,161,284,260,271,284,313,179
2015_1,양재대로95길,3886,2047,1839,544,709,800,756,760,317,353,363,404,375,373,179,191,346,396,381,387,138
2015_1,양재대로91길,3809,1986,1823,628,638,750,693,695,405,376,328,379,343,338,222,252,310,371,350,357,183
2015_1,양재대로133길,5256,2706,2550,422,980,1163,1131,1150,410,219,559,594,567,571,196,203,421,569,564,579,214
2015_1,양재대로124길,5734,2909,2825,933,980,1086,1003,1048,684,526,490,545,492,511,345,407,490,541,511,537,339
2015_1,양재대로116길,1833,933,900,275,318,353,330,343,214,159,159,178,161,169,107,116,159,175,169,174,107
2015_1,양재대로101길,4936,2582,2354,673,896,1047,963,973,384,438,457,532,478,475,202,235,439,515,485,498,182
2015_1,암사길,6838,3416,3422,546,1088,1625,1616,1603,360,288,548,823,808,801,148,258,540,802,808,802,212
2015_1,성안로3길,3430,1716,1714,678,518,698,619,602,315,377,267,344,302,285,141,301,251,354,317,317,174
2015_1,성내로5길,3369,1652,1717,623,462,713,597,575,399,326,239,350,290,266,181,297,223,363,307,309,218
2015_1,상일로5길,2175,1108,1067,404,378,377,401,424,191,223,190,189,189,212,105,181,188,188,212,212,86
2015_1,상암로5길,2127,1048,1079,404,244,540,422,318,199,203,119,262,218,151,95,201,125,278,204,167,104
2015_1,상암로51길,3710,1823,1887,743,490,678,767,689,343,428,250,308,373,313,151,315,240,370,394,376,192
2015_1,상암로4길,4455,2229,2226,515,627,1138,973,856,346,270,314,560,497,425,163,245,313,578,476,431,183
2015_1,상암로14길,2819,1418,1401,192,455,641,608,627,296,101,228,327,310,312,140,91,227,314,298,315,156
2015_1,명일로13길,2333,1197,1136,460,420,426,424,440,163,258,210,215,212,216,86,202,210,211,212,224,77
2015_1,동남로85길,605,314,291,119,120,120,120,120,6,71,60,60,60,60,3,48,60,60,60,60,3
2015_1,동남로82길,2114,1146,968,199,430,348,506,511,120,146,252,174,253,256,65,53,178,174,253,255,55
2015_1,동남로65길,3141,1587,1554,707,511,296,647,768,212,423,272,133,251,372,136,284,239,163,396,396,76
2015_1,구천면로42길,4878,2558,2320,195,935,1203,1163,1179,203,104,569,615,584,586,100,91,366,588,579,593,103
2015_1,구천면로41길,4917,2474,2443,214,786,1208,1163,1184,362,115,393,617,587,591,171,99,393,591,576,593,191
2015_1,구천면로36길,3257,1663,1594,118,579,807,777,785,191,61,313,412,391,392,94,57,266,395,386,393,97
2015_1,고덕로61길,580,292,288,132,85,91,106,103,63,74,47,44,50,53,24,58,38,47,56,50,39
2015_1,고덕로25길,1746,862,884,476,241,293,302,281,153,234,122,138,150,132,86,242,119,155,152,149,67
2015_1,고덕로10길,2087,1044,1043,244,360,442,440,429,172,127,180,226,220,214,77,117,180,216,220,215,95
2015_1,강동대로53길,3073,1602,1471,485,530,625,566,569,298,294,273,317,282,276,160,191,257,308,284,293,138
2015_1,풍성로25길,1432,632,800,28,100,479,307,482,36,14,50,240,239,72,17,14,50,239,68,410,19
2015_1,오금로46길,2927,1466,1461,725,486,487,569,508,152,390,243,233,275,247,78,335,243,254,294,261,74
2015_1,오금로36길,3281,1654,1627,571,604,628,636,652,190,305,306,314,310,325,94,266,298,314,326,327,96
2015_1,오금로11길,3753,1820,1933,271,770,1074,744,706,188,169,353,570,348,303,77,102,417,504,396,403,111
2015_1,양재대로72길,2109,1057,1052,368,354,343,397,408,239,199,176,171,193,203,115,169,178,172,204,205,124
2015_1,양재대로71길,1574,784,790,326,253,253,337,286,119,177,134,119,148,145,61,149,119,134,189,141,58
2015_1,양재대로64길,3327,1680,1647,629,572,602,626,646,252,334,295,301,302,322,126,295,277,301,324,324,126
2015_1,양재대로62길,1843,919,924,378,284,321,319,338,203,195,144,162,150,169,99,183,140,159,169,169,104
2015_1,송파대로30길,3210,1598,1612,670,492,561,552,587,348,348,251,281,257,294,167,322,241,280,295,293,181
2015_1,송이로36길,3977,2001,1976,794,655,722,701,710,395,430,328,366,345,340,192,364,327,356,356,370,203
2015_1,송이로32길,5966,3037,2929,1052,1081,1079,1050,1125,579,598,541,541,508,537,312,454,540,538,542,588,267
2015_1,송이로23길,6128,3064,3064,1534,994,999,1202,1056,343,817,497,477,577,513,183,717,497,522,625,543,160
2015_1,삼전로13길,6832,3267,3565,764,1354,1624,1342,1295,453,365,651,751,661,631,208,399,703,873,681,664,245
2015_1,백제고분로50길,6024,2883,3141,548,1171,1586,1203,1133,383,317,562,811,554,462,177,231,609,775,649,671,206
2015_1,백제고분로46길,3523,1706,1817,421,688,783,702,682,247,205,329,385,346,329,112,216,359,398,356,353,135
2015_1,백제고분로45길,5030,2429,2601,504,1013,1168,1008,988,349,243,484,569,500,479,154,261,529,599,508,509,195
2015_1,백제고분로42길,4544,2199,2345,413,949,1061,949,927,245,195,452,524,474,452,102,218,497,537,475,475,143
2015_1,백제고분로39길,3552,1751,1801,294,649,906,772,725,206,189,313,460,389,329,71,105,336,446,383,396,135
2015_1,백제고분로34길,7641,3780,3861,591,1428,1910,1680,1589,443,404,701,960,842,733,140,187,727,950,838,856,303
2015_1,백제고분로33길,6265,3104,3161,566,1175,1527,1322,1260,415,369,571,770,664,590,140,197,604,757,658,670,275
2015_1,백제고분로32길,6091,3053,3038,689,1187,1577,1244,1125,269,473,559,773,606,521,121,216,628,804,638,604,148
2015_1,백제고분로31길,6841,3476,3365,896,1288,1745,1313,1232,367,611,614,853,646,586,166,285,674,892,667,646,201
2015_1,백제고분로22길,6681,3357,3324,775,1294,1723,1359,1228,302,534,610,845,663,567,138,241,684,878,696,661,164
2015_1,백제고분로21길,2855,1446,1409,404,524,731,525,496,175,265,246,356,261,237,81,139,278,375,264,259,94
2015_1,마천로51길,3299,1792,1507,320,387,738,781,851,222,177,258,382,399,470,106,143,129,356,382,381,116
2015_1,동남로20길,3741,1855,1886,923,592,596,738,638,254,486,296,282,353,307,131,437,296,314,385,331,123
2015_1,거마로20길,1634,973,661,115,212,314,376,530,87,78,136,185,188,340,46,37,76,129,188,190,41
2015_1,학동로77길,1985,957,1028,373,302,372,353,306,279,205,146,168,166,145,127,168,156,204,187,161,152
2015_1,학동로6길,1544,678,866,1,402,538,338,240,25,1,178,233,169,90,7,0,224,305,169,150,18
2015_1,학동로56길,389,185,204,83,50,86,78,43,49,46,22,36,39,21,21,37,28,50,39,22,28
2015_1,학동로38길,1479,681,798,79,299,441,337,241,82,48,126,210,168,99,30,31,173,231,169,142,52
2015_1,테헤란로81길,1030,532,498,138,195,207,217,201,72,98,99,99,99,99,38,40,96,108,118,102,34
2015_1,일원로9길,2973,1422,1551,463,490,533,425,555,507,253,238,281,201,235,214,210,252,252,224,320,293
2015_1,일원로3길,2296,1105,1191,368,383,407,327,428,383,206,192,216,153,189,149,162,191,191,174,239,234
2015_1,영동대로65길,1812,981,831,449,282,99,509,400,73,280,159,43,232,231,36,169,123,56,277,169,37
2015_1,영동대로112길,2456,1260,1196,449,396,432,434,418,327,281,204,206,206,205,158,168,192,226,228,213,169
2015_1,언주로81길,4780,2247,2533,1179,540,1094,1157,562,248,612,212,501,551,270,101,567,328,593,606,292,147
2015_1,압구정로2길,1189,552,637,214,204,233,218,185,135,115,96,104,107,88,42,99,108,129,111,97,93
2015_1,선릉로18길,1549,746,803,245,308,335,344,287,30,128,158,158,166,121,15,117,150,177,178,166,15
2015_1,선릉로146길,3216,1673,1543,461,618,663,655,610,209,332,306,313,323,298,101,129,312,350,332,312,108
2015_1,선릉로133길,1438,667,771,73,293,443,321,221,87,45,126,211,160,91,34,28,167,232,161,130,53
2015_1,선릉로132길,2135,1056,1079,373,356,415,395,358,238,220,173,192,190,171,110,153,183,223,205,187,128
2015_1,선릉로121길,959,456,503,59,196,327,210,112,55,34,86,158,105,48,25,25,110,169,105,64,30
2015_1,삼성로75길,2425,1158,1267,442,465,515,526,379,98,231,219,236,244,189,39,211,246,279,282,190,59
2015_1,삼성로69길,2911,1398,1513,505,588,638,680,459,41,272,277,295,318,226,10,233,311,343,362,233,31
2015_1,삼성로64길,2472,1267,1205,606,378,225,548,462,253,352,201,102,242,248,122,254,177,123,306,214,131
2015_1,삼성로63길,4014,1944,2070,713,824,876,883,677,41,375,397,412,417,334,9,338,427,464,466,343,32
2015_1,삼성로57길,1831,910,921,572,223,130,454,266,186,314,109,53,201,143,90,258,114,77,253,123,96
2015_1,삼성로147길,1574,801,773,252,288,312,308,285,129,165,142,147,148,139,60,87,146,165,160,146,69
2015_1,삼성로115길,2239,1028,1211,449,301,599,504,271,115,263,138,221,225,129,52,186,163,378,279,142,63
2015_1,봉은사로68길,1553,704,849,303,195,434,362,186,73,178,89,156,160,89,32,125,106,278,202,97,41
2015_1,봉은사로57길,389,188,201,73,47,111,98,44,16,46,18,48,48,21,7,27,29,63,50,23,9
2015_1,봉은사로43길,2394,1102,1292,106,484,747,545,387,125,64,198,364,272,148,56,42,286,383,273,239,69
2015_1,봉은사로29길,1292,600,692,66,260,391,292,207,76,41,106,189,146,83,35,25,154,202,146,124,41
2015_1,봉은사로109길,2016,1041,975,308,363,388,391,373,193,208,185,185,185,183,95,100,178,203,206,190,98
2015_1,도산대로89길,878,449,429,144,164,171,169,161,69,91,82,82,82,79,33,53,82,89,87,82,36
2015_1,도산대로81길,753,380,373,93,150,162,160,144,44,63,74,78,78,68,19,30,76,84,82,76,25
2015_1,도산대로50길,1804,839,965,158,334,508,362,266,176,85,142,243,179,110,80,73,192,265,183,156,96
2015_1,도산대로38길,1205,555,650,28,254,373,284,211,55,22,112,176,142,85,18,6,142,197,142,126,37
2015_1,도산대로30길,1004,455,549,12,218,323,262,169,20,9,86,160,131,61,8,3,132,163,131,108,12
2015_1,도산대로23길,2209,1012,1197,362,417,444,435,377,174,183,205,214,215,172,23,179,212,230,220,205,151
2015_1,도산대로15길,1108,518,590,191,200,224,209,185,99,103,98,102,103,87,25,88,102,122,106,98,74
2015_1,도곡로37길,5900,2761,3139,1459,639,1446,1497,695,164,755,227,675,726,328,50,704,412,771,771,367,114
2015_1,논현로8길,3236,1608,1628,595,539,617,643,595,247,312,269,310,316,289,112,283,270,307,327,306,135
2015_1,논현로63길,1702,787,915,25,397,584,347,297,52,12,153,266,187,145,24,13,244,318,160,152,28
2015_1,논현로28길,639,303,336,159,93,94,127,106,60,80,40,40,59,53,31,79,53,54,68,53,29
2015_1,논현로26길,2503,1181,1322,617,374,370,514,408,220,309,167,153,236,200,116,308,207,217,278,208,104
2015_1,논현로159길,927,427,500,159,175,180,178,162,73,81,87,88,89,75,7,78,88,92,89,87,66
2015_1,논현로139길,1449,638,811,8,396,546,291,164,44,5,156,246,147,68,16,3,240,300,144,96,28
2015_1,논현로123길,1555,685,870,0,409,542,338,233,33,0,175,239,169,93,9,0,234,303,169,140,24
2015_1,논현로115길,2886,1263,1623,15,742,994,617,453,65,8,324,433,310,171,17,7,418,561,307,282,48
2015_1,논현로10길,1337,670,667,244,236,255,263,249,90,132,118,128,130,122,40,112,118,127,133,127,50
2015_1,논현로106길,2019,923,1096,0,478,694,448,392,7,0,174,313,241,192,3,0,304,381,207,200,4
2015_1,남부순환로365길,2293,1106,1187,484,363,390,386,368,302,239,173,185,183,180,146,245,190,205,203,188,156
2015_1,개포로28길,1755,885,870,312,318,342,349,332,102,170,159,173,171,163,49,142,159,169,178,169,53
2015_1,개포로20길,2308,1155,1153,402,390,453,487,438,138,216,195,227,238,212,67,186,195,226,249,226,71
2015_1,개포로17길,2744,1375,1369,487,466,537,572,519,163,263,233,269,281,251,78,224,233,268,291,268,85
2015_1,강남대로140길,1691,772,919,129,372,515,285,219,171,65,154,231,148,99,75,64,218,284,137,120,96
2015_1,강남대로136길,972,435,537,9,261,354,191,123,34,5,108,163,97,51,11,4,153,191,94,72,23
2015_1,강남대로118길,1534,676,858,0,394,503,346,262,29,0,174,221,173,104,4,0,220,282,173,158,25
2015_1,서초중앙로8길,2731,1410,1321,255,588,631,598,572,87,187,291,313,296,280,43,68,297,318,302,292,44
2015_1,방배중앙로21길,2052,928,1124,458,230,329,555,329,151,224,86,137,265,146,70,234,144,192,290,183,81
2015_1,효령로72길,1828,907,921,343,268,396,349,281,191,193,123,185,185,129,92,150,145,211,164,152,99
2015_1,효령로34길,1269,615,654,211,205,202,203,248,200,111,103,98,93,118,92,100,102,104,110,130,108
2015_1,효령로31길,1685,785,900,146,316,411,350,318,144,89,151,204,153,122,66,57,165,207,197,196,78
2015_1,효령로23길,4228,1965,2263,403,766,1034,860,763,402,237,374,511,377,285,181,166,392,523,483,478,221
2015_1,청두곶길,3210,1551,1659,215,712,740,630,716,197,119,355,362,270,356,89,96,357,378,360,360,108
2015_1,주흥길,5479,2675,2804,1226,914,1164,1081,855,239,625,443,552,546,407,102,601,471,612,535,448,137
2015_1,주흥15길,3836,1868,1968,831,635,840,768,579,183,425,306,396,391,271,79,406,329,444,377,308,104
2015_1,언남길,1551,800,751,220,255,408,301,256,111,119,133,217,154,127,50,101,122,191,147,129,61
2015_1,신반포로45길,3591,1690,1901,757,442,743,856,474,319,392,198,314,433,220,133,365,244,429,423,254,186
2015_1,서초대로8길,5811,2767,3044,224,1407,1420,1149,1410,201,122,702,707,443,702,91,102,705,713,706,708,110
2015_1,서초대로64길,1080,517,563,196,172,214,180,165,153,100,84,99,87,76,71,96,88,115,93,89,82
2015_1,서초대로4길,3454,1659,1795,220,764,798,686,779,207,123,376,401,286,379,94,97,388,397,400,400,113
2015_1,서초대로25길,1243,526,717,176,181,288,335,227,36,56,62,119,164,111,14,120,119,169,171,116,22
2015_1,서초대로23길,2570,1116,1454,418,355,553,629,438,177,159,123,238,308,209,79,259,232,315,321,229,98
2015_1,서초대로15길,3733,1587,2146,519,533,886,1019,683,93,157,182,375,504,332,37,362,351,511,515,351,56
2015_1,사평대로57길,2185,1057,1128,432,358,501,463,318,113,220,171,237,235,145,49,212,187,264,228,173,64
2015_1,사평대로26길,151,63,88,14,17,45,47,24,4,7,8,19,19,8,2,7,9,26,28,16,2
2015_1,사평대로22길,1428,665,763,296,200,305,305,219,103,153,96,134,135,101,46,143,104,171,170,118,57
2015_1,사임당로17길,1175,582,593,237,194,222,202,188,132,124,94,108,100,92,64,113,100,114,102,96,68
2015_1,방배로42길,879,389,490,186,91,141,289,141,31,91,32,57,136,60,13,95,59,84,153,81,18
2015_1,방배로35길,1901,861,1040,384,251,354,482,329,101,176,98,151,233,152,51,208,153,203,249,177,50
2015_1,방배로18길,1643,746,897,73,318,460,374,316,102,56,156,230,156,100,48,17,162,230,218,216,54
2015_1,반포대로9길,798,408,390,88,159,168,164,163,56,60,78,84,78,81,27,28,81,84,86,82,29
2015_1,바우뫼로39길,2034,985,1049,476,268,419,342,299,230,240,135,204,176,136,94,236,133,215,166,163,136
2015_1,마방로2길,1269,646,623,173,221,352,244,190,89,96,113,185,124,88,40,77,108,167,120,102,49
2015_1,방배천로4안길,1032,497,535,79,218,237,202,224,72,47,107,116,86,108,33,32,111,121,116,116,39
2015_1,동산로19길,1644,841,803,257,265,424,307,262,129,141,136,223,157,125,59,116,129,201,150,137,70
2015_1,동산로10길,2870,1450,1420,440,455,737,540,441,257,234,236,382,278,203,117,206,219,355,262,238,140
2015_1,동광로39길,962,443,519,204,130,203,197,140,88,104,63,86,86,64,40,100,67,117,111,76,48
2015_1,동광로1길,3838,1735,2103,868,452,641,997,639,241,425,168,271,484,284,103,443,284,370,513,355,138
2015_1,동광로12길,1161,504,657,165,194,267,299,226,10,50,76,118,148,108,4,115,118,149,151,118,6
2015_1,논현로27길,3560,1716,1844,848,504,725,601,530,352,450,243,350,303,243,127,398,261,375,298,287,225
2015_1,논현로1길,2441,1248,1193,319,408,625,479,426,184,180,217,328,244,204,75,139,191,297,235,222,109
2015_1,남부순환로339길,1387,671,716,226,247,291,254,234,135,118,125,139,121,104,64,108,122,152,133,130,71
2015_1,남부순환로325길,1663,830,833,275,272,296,296,283,241,160,132,145,138,140,115,115,140,151,158,143,126
2015_1,남부순환로317길,1114,561,553,170,194,215,204,201,130,100,95,107,96,100,63,70,99,108,108,101,67
2015_1,고무래로8길,1200,569,631,262,166,215,220,183,154,133,80,100,102,83,71,129,86,115,118,100,83
2015_1,강남대로8길,2190,1132,1058,200,384,652,460,408,86,122,203,343,234,197,33,78,181,309,226,211,53
2015_1,강남대로34길,3969,1916,2053,1001,548,785,644,571,420,518,267,376,328,268,159,483,281,409,316,303,261
2015_1,강남대로23길,1416,678,738,331,198,307,243,214,123,172,97,143,124,97,45,159,101,164,119,117,78
2015_1,소담길,3891,1879,2012,4,1216,1119,752,760,40,2,559,561,482,270,5,2,657,558,270,490,35
2015_1,원신길,444,227,217,62,56,71,83,85,87,32,32,40,43,41,39,30,24,31,40,44,48
2015_1,양지길,116,58,58,14,17,19,21,23,22,7,9,10,11,11,10,7,8,9,10,12,12
2015_1,양산길,586,318,268,70,127,128,83,81,97,38,71,78,47,39,45,32,56,50,36,42,52
2015_1,호암로24길,1961,1297,664,42,637,582,352,263,85,24,403,432,262,137,39,18,234,150,90,126,46
2015_1,호암로20길,2275,1560,715,65,713,690,408,289,110,37,462,532,323,156,50,28,251,158,85,133,60
2015_1,행운길,5695,2821,2874,525,1528,1589,669,705,679,269,731,836,369,312,304,256,797,753,300,393,375
2015_1,행운1길,2011,1000,1011,105,698,712,174,187,135,55,341,367,102,76,59,50,357,345,72,111,76
2015_1,청림3길,3041,1579,1462,419,474,776,685,608,79,220,300,388,344,300,27,199,174,388,341,308,52
2015_1,청룡길,1427,677,750,26,398,353,285,287,78,15,175,180,160,125,22,11,223,173,125,162,56
2015_1,청룡8길,1770,861,909,6,529,496,355,353,31,3,246,252,224,129,7,3,283,244,131,224,24
2015_1,중앙길,3045,1432,1613,20,845,826,674,556,124,11,403,423,347,202,46,9,442,403,327,354,78
2015_1,조원중앙로2길,3448,1806,1642,30,727,1032,594,990,75,14,327,631,400,397,37,16,400,401,194,593,38
2015_1,조원로18길,1170,618,552,12,246,357,197,340,18,6,111,221,137,134,9,6,135,136,60,206,9
2015_1,조원로10길,1602,826,776,43,326,450,292,415,76,20,146,267,179,177,37,23,180,183,113,238,39
2015_1,장군봉2길,1754,839,915,4,543,495,337,342,33,2,246,251,208,128,4,2,297,244,129,214,29
2015_1,장군봉1길,441,213,228,2,132,121,88,89,9,1,61,61,55,33,2,1,71,60,33,56,7
2015_1,인헌길,3178,1476,1702,212,728,776,678,529,255,111,345,411,339,211,59,101,383,365,339,318,196
2015_1,은천로25길,1927,942,985,400,211,343,363,291,319,212,103,176,185,133,133,188,108,167,178,158,186
2015_1,양녕로6길,3877,1822,2055,33,1023,1004,894,738,185,16,493,511,460,274,68,17,530,493,434,464,117
2015_1,신원로3길,1351,672,679,11,371,592,198,154,25,6,249,299,81,31,6,5,122,293,117,123,19
2015_1,신사로20길,1851,903,948,33,456,578,456,291,37,19,227,349,228,66,14,14,229,229,228,225,23
2015_1,신림로65길,1813,924,889,51,732,583,179,142,126,28,317,346,103,67,63,23,415,237,76,75,63
2015_1,신림로64길,1982,1009,973,91,731,618,213,166,163,47,325,359,124,77,77,44,406,259,89,89,86
2015_1,신림로48길,2212,1021,1191,9,641,660,453,380,69,6,341,361,192,108,13,3,300,299,261,272,56
2015_1,신림로38길,894,581,313,56,231,334,104,99,70,32,145,262,66,44,32,24,86,72,38,55,38
2015_1,신림로28길,2617,1538,1079,223,663,740,359,334,298,123,396,511,214,160,134,100,267,229,145,174,164
2015_1,신림로11길,2769,2023,746,64,915,915,482,269,124,37,643,756,386,145,56,27,272,159,96,124,68
2015_1,신림동길,2686,1389,1297,98,1091,858,249,198,192,53,480,535,141,94,86,45,611,323,108,104,106
2015_1,승방길,3085,1458,1627,308,730,805,407,491,344,152,333,412,203,199,159,156,397,393,204,292,185
2015_1,서림7길,5246,2953,2293,525,1246,1338,753,720,664,284,721,866,434,351,297,241,525,472,319,369,367
2015_1,봉천로33길,3821,1898,1923,594,552,922,669,554,530,321,267,500,330,239,241,273,285,422,339,315,289
2015_1,봉천로13길,3505,1538,1967,65,699,1220,700,700,121,33,350,642,350,128,35,32,349,578,350,572,86
2015_1,복은길,2490,1522,968,199,626,789,324,298,254,109,382,578,201,132,120,90,244,211,123,166,134
2015_1,법원단지길,1256,684,572,72,200,254,359,306,65,40,100,154,206,153,31,32,100,100,153,153,34
2015_1,법원단지9길,4399,2361,2038,556,610,790,1027,912,504,323,322,468,562,456,230,233,288,322,465,456,274
2015_1,미성5길,3998,2000,1998,347,796,829,830,840,356,177,400,423,418,413,169,170,396,406,412,427,187
2015_1,대학길,1295,918,377,26,420,416,224,154,55,17,288,333,178,80,22,9,132,83,46,74,33
2015_1,대학14길,1615,1169,446,23,548,531,265,187,61,14,384,432,213,99,27,9,164,99,52,88,34
2015_1,당곡길,1639,728,911,24,338,530,341,341,65,12,170,276,170,87,13,12,168,254,171,254,52
2015_1,남현길,1434,678,756,151,350,390,171,212,160,76,157,199,86,84,76,75,193,191,85,128,84
2015_1,남현3길,1007,451,556,81,280,320,92,149,85,40,120,161,49,42,39,41,160,159,43,107,46
2015_1,남현2길,1909,878,1031,109,512,567,249,327,145,60,229,284,129,117,59,49,283,283,120,210,86
2015_1,남부순환로248길,1676,784,892,142,370,400,343,270,151,73,173,214,172,112,40,69,197,186,171,158,111
2015_1,남부순환로234길,1458,773,685,119,504,407,166,147,115,60,254,254,88,69,48,59,250,153,78,78,67
2015_1,남부순환로172길,2229,1122,1107,101,517,574,474,466,97,52,276,289,234,223,48,49,241,285,240,243,49
2015_1,남부순환로161길,2994,1456,1538,25,755,930,762,501,21,21,373,548,381,129,4,4,382,382,381,372,17
2015_1,남부순환로151길,2583,1254,1329,44,643,764,642,444,46,30,320,440,321,128,15,14,323,324,321,316,31
2015_1,남부순환로142길,3167,1585,1582,125,725,732,730,733,122,65,363,368,365,365,59,60,362,364,365,368,63
2015_1,난향길,1391,695,696,212,100,471,325,155,128,114,50,230,167,76,58,98,50,241,158,79,70
2015_1,난우길,2985,1493,1492,121,679,686,686,689,124,63,340,343,343,343,61,58,339,343,343,346,63
2015_1,난곡로74길,1571,768,803,16,395,505,394,249,12,11,197,307,197,52,4,5,198,198,197,197,8
2015_1,난곡로34길,1694,974,720,105,186,313,546,428,116,66,96,217,332,214,49,39,90,96,214,214,67
2015_1,난곡로26길,2197,1331,866,74,188,415,841,628,51,56,100,315,526,314,20,18,88,100,315,314,31
2015_1,난곡로24길,1882,1144,738,57,170,359,725,542,29,48,88,271,454,271,12,9,82,88,271,271,17
2015_1,낙성대역길,3693,1799,1894,354,876,913,660,551,339,188,415,509,333,245,109,166,461,404,327,306,230
2015_1,국회단지길,4041,2020,2021,534,633,1090,754,605,425,308,298,602,375,262,175,226,335,488,379,343,250
2015_1,구암길,3303,1623,1680,651,329,632,670,518,503,357,161,323,341,226,215,294,168,309,329,292,288
2015_1,관천로22길,1792,962,830,8,983,667,60,44,30,4,422,463,36,21,16,4,561,204,24,23,14
2015_1,관천로15길,3872,1894,1978,43,972,1228,966,619,44,30,484,742,483,138,17,13,488,486,483,481,27
2015_1,관악로30길,2083,1051,1032,300,359,499,354,323,248,154,191,258,183,153,112,146,168,241,171,170,136
2015_1,관악로28길,1544,762,782,165,379,392,190,197,221,83,180,210,102,88,99,82,199,182,88,109,122
2015_1,관악로14길,927,482,445,60,335,287,101,85,59,30,168,168,55,37,24,30,167,119,46,48,35
2015_1,관악로10길,2886,1505,1381,240,990,850,306,259,241,114,500,500,166,119,106,126,490,350,140,140,135
2015_1,흑석로9길,1516,852,664,46,355,462,356,246,51,24,230,232,230,121,15,22,125,230,126,125,36
2015_1,흑석로13길,1384,776,608,47,319,419,319,218,62,24,208,211,207,107,19,23,111,208,112,111,43
2015_1,장승배기로27길,771,511,260,2,110,309,151,192,7,1,55,260,96,96,3,1,55,49,55,96,4
2015_1,장승배기로19길,749,461,288,11,123,251,151,181,32,6,64,198,92,89,12,5,59,53,59,92,20
2015_1,장승배기로10길,353,174,179,17,78,84,79,78,17,10,39,42,39,38,6,7,39,42,40,40,11
2015_1,여의대방로46길,2227,1076,1151,465,341,364,425,328,304,238,166,180,209,161,122,227,175,184,216,167,182
2015_1,여의대방로24길,2430,1160,1270,446,396,474,507,407,200,234,181,237,250,194,64,212,215,237,257,213,136
2015_1,여의대방로22카길,3456,1616,1840,434,632,823,820,639,108,246,254,412,410,259,35,188,378,411,410,380,73
2015_1,여의대방로22나길,2846,1340,1506,395,504,660,650,512,125,224,206,330,325,212,43,171,298,330,325,300,82
2015_1,여의대방로22길,2241,1069,1172,396,382,479,470,385,129,217,164,239,235,167,47,179,218,240,235,218,82
2015_1,양녕로26길,1108,555,553,133,161,289,203,199,123,77,80,147,102,98,51,56,81,142,101,101,72
2015_1,신대방길,6368,3168,3200,524,1014,1577,1606,1571,76,265,505,787,794,784,33,259,509,790,812,787,43
2015_1,성대로29길,1049,526,523,55,137,422,200,195,40,35,68,213,101,97,12,20,69,209,99,98,28
2015_1,성대로1길,405,202,203,12,45,187,77,75,9,7,22,95,38,37,3,5,23,92,39,38,6
2015_1,서달로8가길,274,164,110,10,63,93,63,33,12,5,46,47,46,16,4,5,17,46,17,17,8
2015_1,서달로15길,123,73,50,2,29,42,29,16,5,1,21,21,21,8,1,1,8,21,8,8,4
2015_1,서달로14길,214,126,88,4,52,72,52,32,2,2,36,36,36,16,0,2,16,36,16,16,2
2015_1,서달로10길,1807,1089,718,37,433,633,433,231,40,19,316,317,316,114,7,18,117,316,117,117,33
2015_1,상도로62길,2015,977,1038,172,500,500,377,332,134,89,252,251,189,139,57,83,248,249,188,193,77
2015_1,상도로61길,3856,1876,1980,515,863,859,623,563,433,266,438,431,315,239,187,249,425,428,308,324,246
2015_1,상도로47길,3793,1847,1946,380,922,925,694,619,253,202,463,466,348,261,107,178,459,459,346,358,146
2015_1,상도로37길,1329,646,683,72,367,370,260,220,40,39,184,187,131,88,17,33,183,183,129,132,23
2015_1,상도로15길,3707,1817,1890,245,784,922,781,739,236,137,391,461,391,348,89,108,393,461,390,391,147
2015_1,사당로8길,2300,1041,1259,100,412,658,524,519,87,61,206,336,211,206,21,39,206,322,313,313,66
2015_1,사당로30길,828,387,441,0,268,359,68,122,11,0,109,207,52,18,1,0,159,152,16,104,10
2015_1,사당로2차길,2016,940,1076,125,358,543,435,425,130,72,179,281,188,179,41,53,179,262,247,246,89
2015_1,사당로29길,4615,2281,2334,167,969,1062,978,983,456,144,483,531,490,490,143,23,486,531,488,493,313
2015_1,사당로26길,2088,1013,1075,6,668,900,172,287,55,4,290,525,118,62,14,2,378,375,54,225,41
2015_1,사당로23나길,2206,1079,1127,100,457,508,461,462,218,70,228,254,231,230,66,30,229,254,230,232,152
2015_1,사당로23길,1833,896,937,122,351,423,363,368,206,74,175,211,182,181,73,48,176,212,181,187,133
2015_1,사당로20길,1805,910,895,15,532,806,159,230,63,9,239,484,94,67,17,6,293,322,65,163,46
2015_1,사당로16길,1596,850,746,31,204,872,197,234,58,20,102,529,99,85,15,11,102,343,98,149,43
2015_1,사당로16가길,1408,692,716,40,221,566,243,262,76,27,110,321,110,99,25,13,111,245,133,163,51
2015_1,만양로8길,4171,2056,2115,440,801,843,781,791,515,233,410,431,395,384,203,207,391,412,386,407,312
2015_1,만양로14길,1571,771,800,104,335,344,327,330,131,53,171,173,164,164,46,51,164,171,163,166,85
2015_1,등용로14길,2627,1278,1349,493,446,507,516,468,197,254,215,265,260,232,52,239,231,242,256,236,145
2015_1,동작대로7길,2367,1136,1231,22,741,992,202,332,78,12,313,576,140,70,25,10,428,416,62,262,53
2015_1,동작대로35길,2898,1499,1399,39,546,943,406,860,104,24,271,471,275,426,32,15,275,472,131,434,72
2015_1,동작대로33길,3182,1636,1546,66,609,986,462,914,145,39,303,493,304,454,43,27,306,493,158,460,102
2015_1,동작대로29길,785,386,399,96,124,187,112,153,113,50,59,93,61,73,50,46,65,94,51,80,63
2015_1,동작대로17길,1313,653,660,9,433,592,93,154,32,5,190,354,63,32,9,4,243,238,30,122,23
2015_1,대방동2길,4020,1918,2102,791,702,762,789,708,268,403,339,381,389,347,59,388,363,381,400,361,209
2015_1,대방동27길,4745,2267,2478,983,824,858,877,824,379,495,406,429,437,409,91,488,418,429,440,415,288
2015_1,노량진로6길,1584,893,691,127,270,450,313,344,80,66,143,319,183,162,20,61,127,131,130,182,60
2015_1,국사봉길,3050,1396,1654,125,636,984,643,489,173,64,317,492,319,165,39,61,319,492,324,324,134
2015_1,국사봉2길,1651,768,883,208,306,390,379,304,64,118,125,195,190,122,18,90,181,195,189,182,46
2015_1,국사봉1길,2505,1153,1352,94,528,792,533,409,149,48,263,397,267,142,36,46,265,395,266,267,113
2015_1,영신로9길,2054,1055,999,140,317,558,441,439,159,86,160,284,226,224,75,54,157,274,215,215,84
2015_1,영등포로84길,1028,525,503,61,220,258,224,222,43,29,111,146,112,110,17,32,109,112,112,112,26
2015_1,영등포로80길,1497,788,709,23,334,420,336,336,48,15,167,252,168,168,18,8,167,168,168,168,30
2015_1,영등포로62길,1281,654,627,71,199,315,306,307,83,44,104,159,156,155,36,27,95,156,150,152,47
2015_1,영등포로35길,894,554,340,48,183,202,140,197,124,25,90,126,99,141,73,23,93,76,41,56,51
2015_1,영등포로27길,2100,1023,1077,122,378,502,401,380,317,38,189,251,212,190,143,84,189,251,189,190,174
2015_1,영등포로25길,2353,1153,1200,140,418,596,452,420,327,52,209,298,243,210,141,88,209,298,209,210,186
2015_1,여의대방로61길,2186,1130,1056,164,438,525,457,445,157,85,221,304,231,222,67,79,217,221,226,223,90
2015_1,여의대방로43나길,2250,1126,1124,350,397,439,448,410,206,169,204,230,225,207,91,181,193,209,223,203,115
2015_1,여의대방로39길,746,364,382,101,154,158,160,156,17,41,78,80,80,78,7,60,76,78,80,78,10
2015_1,여의대방로35길,1636,828,808,159,323,359,363,383,49,64,166,193,194,191,20,95,157,166,169,192,29
2015_1,양평로28길,2804,1416,1388,545,431,624,532,398,274,285,202,318,284,202,125,260,229,306,248,196,149
2015_1,양평로22라길,945,473,472,190,140,211,185,124,95,96,64,107,101,63,42,94,76,104,84,61,53
2015_1,양평로19길,3039,1528,1511,575,463,679,573,414,335,296,213,345,310,210,154,279,250,334,263,204,181
2015_1,신길로60길,2340,1201,1139,79,382,615,580,580,104,55,191,317,298,298,42,24,191,298,282,282,62
2015_1,신길로42길,2011,1110,901,87,215,217,579,755,158,64,108,111,464,291,72,23,107,106,115,464,86
2015_1,신길로42가길,3648,1926,1722,164,689,847,806,853,289,99,346,502,453,402,124,65,343,345,353,451,165
2015_1,신길로39길,470,264,206,5,30,77,194,156,8,5,21,40,116,78,4,0,9,37,78,78,4
2015_1,신길로17길,1642,814,828,35,88,159,694,625,41,21,52,107,398,227,9,14,36,52,296,398,32
2015_1,선유서로28길,1190,598,592,172,163,351,200,168,136,95,81,180,108,77,57,77,82,171,92,91,79
2015_1,선유서로25길,2775,1396,1379,434,367,800,433,357,384,228,182,410,245,161,170,206,185,390,188,196,214
2015_1,선유서로24길,874,442,432,88,98,367,155,98,68,46,49,184,97,40,26,42,49,183,58,58,42
2015_1,선유로55길,2953,1479,1474,586,459,678,577,419,234,303,207,347,312,213,97,283,252,331,265,206,137
2015_1,디지털로74길,581,363,218,9,32,104,176,248,12,8,16,88,160,88,3,1,16,16,16,160,9
2015_1,디지털로57길,424,206,218,12,44,82,132,116,38,7,22,50,66,49,12,5,22,32,66,67,26
2015_1,디지털로37길,448,216,232,4,54,91,140,125,34,4,27,54,70,54,7,0,27,37,70,71,27
2015_1,도신로62길,734,387,347,10,160,209,164,164,27,6,80,127,82,82,10,4,80,82,82,82,17
2015_1,도신로60길,538,286,252,2,124,158,124,124,6,2,62,96,62,62,2,0,62,62,62,62,4
2015_1,도신로29길,1530,771,759,52,233,464,344,345,92,27,119,236,173,173,43,25,114,228,171,172,49
2015_1,도신로15길,2188,1106,1082,67,401,547,494,493,186,36,209,280,248,247,86,31,192,267,246,246,100
2015_1,도림천로21길,848,417,431,81,90,148,211,189,129,43,45,87,105,82,55,38,45,61,106,107,74
2015_1,도림로63길,473,221,252,21,38,58,180,150,26,7,28,30,90,60,6,14,10,28,90,90,20
2015_1,도림로147길,804,275,529,102,69,381,111,109,32,58,29,62,61,49,16,44,40,319,50,60,16
2015_1,도림로112길,3259,1634,1625,68,519,876,824,824,148,39,260,445,412,412,66,29,259,431,412,412,82
2015_1,대림로8길,1931,1078,853,104,249,368,482,585,143,78,125,243,340,242,50,26,124,125,142,343,93
2015_1,대림로7길,262,128,134,1,20,45,100,83,13,1,10,32,50,32,3,0,10,13,50,51,10
2015_1,대림로44길,1813,938,875,76,402,469,404,404,58,44,201,265,202,202,24,32,201,204,202,202,34
2015_1,대림로34길,2156,1104,1052,123,443,529,473,476,112,64,223,292,237,239,49,59,220,237,236,237,63
2015_1,대림로31길,2490,1275,1215,205,459,557,547,526,196,111,230,294,285,263,92,94,229,263,262,263,104
2015_1,대림로29길,2443,1262,1181,164,512,587,520,520,140,88,257,329,260,260,68,76,255,258,260,260,72
2015_1,대림로22길,2022,1112,910,202,226,340,448,546,260,117,115,226,316,226,112,85,111,114,132,320,148
2015_1,당산로46길,3468,1664,1804,376,768,827,637,637,223,190,337,413,319,299,106,186,431,414,318,338,117
2015_1,당산로38길,2298,1095,1203,386,451,514,347,345,255,195,191,254,173,164,118,191,260,260,174,181,137
2015_1,당산로37길,1145,551,594,166,229,259,186,183,122,84,103,128,94,87,55,82,126,131,92,96,67
2015_1,당산로31길,799,393,406,53,146,185,156,148,111,20,73,95,83,74,48,33,73,90,73,74,63
2015_1,국회대로56길,1736,1032,704,132,317,357,277,353,300,72,154,212,187,232,175,60,163,145,90,121,125
2015_1,경인로90길,268,127,141,53,32,70,47,46,20,30,15,26,25,22,9,23,17,44,22,24,11
2015_1,경인로80길,446,190,256,60,44,149,77,74,42,33,17,46,44,32,18,27,27,103,33,42,24
2015_1,경인로77길,877,392,485,145,92,286,152,137,65,80,40,94,84,62,32,65,52,192,68,75,33
2015_1,가마산로61길,589,331,258,8,39,92,245,194,11,7,28,46,148,97,5,1,11,46,97,97,6
2015_1,시흥대로94길,3000,1553,1447,135,255,535,1133,846,96,83,143,423,433,423,48,52,112,112,700,423,48
2015_1,시흥대로84길,5105,2695,2410,204,424,1104,1716,1490,167,129,235,745,760,745,81,75,189,359,956,745,86
2015_1,시흥대로68길,2430,1309,1121,58,159,619,770,770,54,46,82,385,386,385,25,12,77,234,384,385,29
2015_1,시흥대로63길,1094,559,535,152,145,211,217,217,152,84,78,115,109,105,68,68,67,96,108,112,84
2015_1,시흥대로62가길,3718,2014,1704,52,160,977,1248,1248,33,45,82,624,624,624,15,7,78,353,624,624,18
2015_1,시흥대로36길,1786,913,873,246,263,307,321,345,304,121,145,162,162,171,152,125,118,145,159,174,152
2015_1,시흥대로22길,2738,1394,1344,392,404,463,472,510,497,199,219,237,244,253,242,193,185,226,228,257,255
2015_1,시흥대로153길,1726,1024,702,127,387,420,274,312,206,66,225,278,164,178,113,61,162,142,110,134,93
2015_1,시흥대로150길,3453,1984,1469,157,547,720,917,924,188,86,435,448,459,465,91,71,112,272,458,459,97
2015_1,시흥대로141길,3990,2205,1785,515,699,980,672,589,535,280,420,586,392,300,227,235,279,394,280,289,308
2015_1,시흥대로138길,774,455,319,19,128,171,216,216,24,11,108,108,108,108,12,8,20,63,108,108,12
2015_1,시흥대로120길,3040,1615,1425,202,381,563,1043,728,123,123,191,363,522,364,52,79,190,200,521,364,71
2015_1,벚꽃로56길,853,632,221,14,281,295,82,140,41,9,194,251,58,97,23,5,87,44,24,43,18
2015_1,범안로17길,1418,778,640,181,251,336,241,219,190,99,147,197,137,112,86,82,104,139,104,107,104
2015_1,범안로11길,787,424,363,115,133,172,127,120,120,65,75,101,69,62,52,50,58,71,58,58,68
2015_1,문성로5길,3777,2151,1626,163,631,797,992,1006,188,88,477,487,496,510,93,75,154,310,496,496,95
2015_1,독산로85길,700,396,304,28,114,147,188,189,34,14,86,90,94,95,17,14,28,57,94,94,17
2015_1,독산로78다길,2718,1471,1247,140,265,475,1070,678,90,86,133,337,536,340,39,54,132,138,534,338,51
2015_1,독산로70길,1990,1087,903,60,167,347,862,530,24,43,85,265,422,265,7,17,82,82,440,265,17
2015_1,독산로64길,1587,810,777,54,102,279,646,466,40,32,56,233,236,233,20,22,46,46,410,233,20
2015_1,독산로50길,1298,655,643,207,196,215,248,244,188,105,102,113,126,122,87,102,94,102,122,122,101
2015_1,독산로40길,768,400,368,77,103,141,191,190,66,39,52,89,96,95,29,38,51,52,95,95,37
2015_1,독산로108길,1929,1104,825,76,318,408,516,519,92,42,246,252,258,261,45,34,72,156,258,258,47
2015_1,남부순환로112길,1773,1090,683,100,424,462,284,327,176,52,254,314,180,189,101,48,170,148,104,138,75
2015_1,금하로24길,4011,1994,2017,132,221,588,1664,1306,100,68,115,473,832,477,29,64,106,115,832,829,71
2015_1,금하로1길,1962,1132,830,101,386,600,422,351,102,56,255,348,252,177,44,45,131,252,170,174,58
2015_1,금하로14길,2057,1100,957,74,160,512,624,624,63,51,84,313,314,312,26,23,76,199,310,312,37
2015_1,가산로5길,1659,1031,628,112,379,435,259,309,165,58,226,301,173,188,85,54,153,134,86,121,80
2015_1,가산로3길,1003,551,452,111,190,243,175,167,117,60,107,144,102,87,51,51,83,99,73,80,66
2015_1,중앙로1길,833,419,414,162,113,132,140,143,143,85,59,69,70,70,66,77,54,63,70,73,77
2015_1,중앙로15길,1147,609,538,179,150,229,250,225,114,108,87,114,133,113,54,71,63,115,117,112,60
2015_1,우마길,1150,695,455,0,29,226,415,428,52,0,26,200,215,228,26,0,3,26,200,200,26
2015_1,오류로8길,2914,1536,1378,587,226,920,602,338,241,359,124,460,315,168,110,228,102,460,287,170,131
2015_1,신도림로13길,1426,724,702,330,203,326,254,216,97,169,108,162,127,108,50,161,95,164,127,108,47
2015_1,새말로18길,2715,1348,1367,314,510,595,510,496,290,162,243,300,261,245,137,152,267,295,249,251,153
2015_1,부일로1길,635,320,315,124,89,121,114,114,73,68,45,62,57,56,32,56,44,59,57,58,41
2015_1,부일로15길,1090,556,534,210,154,226,184,182,134,118,79,120,92,88,59,92,75,106,92,94,75
2015_1,부일로11길,1417,717,700,308,194,263,229,228,195,170,99,136,113,110,89,138,95,127,116,118,106
2015_1,디지털로32길,2400,1233,1167,336,477,700,335,267,285,178,225,389,187,123,131,158,252,311,148,144,154
2015_1,디지털로32가길,3748,1927,1821,540,734,1093,520,417,444,283,343,616,292,191,202,257,391,477,228,226,242
2015_1,디지털로27길,962,565,397,0,56,228,322,319,37,0,34,186,166,160,19,0,22,42,156,159,18
2015_1,도림로6길,1369,742,627,60,237,439,301,265,67,32,113,267,172,132,26,28,124,172,129,133,41
2015_1,도림로12길,1378,709,669,77,346,553,219,142,41,40,156,305,140,60,8,37,190,248,79,82,33
2015_1,남부순환로97길,1259,629,630,227,165,247,179,210,231,118,83,127,92,96,113,109,82,120,87,114,118
2015_1,구로중앙로8길,2893,1441,1452,296,403,724,561,513,396,169,199,389,290,237,157,127,204,335,271,276,239
2015_1,구로중앙로7길,803,400,403,47,117,227,172,157,83,31,59,123,87,72,28,16,58,104,85,85,55
2015_1,구로중앙로42길,1890,952,938,398,246,494,350,268,134,204,128,246,175,132,67,194,118,248,175,136,67
2015_1,구로중앙로34길,1805,901,904,75,408,430,417,404,71,38,203,215,209,201,35,37,205,215,208,203,36
2015_1,구로중앙로28길,3832,1911,1921,328,795,861,791,771,286,166,387,432,399,382,145,162,408,429,392,389,141
2015_1,구로중앙로19길,1059,505,554,6,240,243,248,247,75,3,120,123,126,124,9,3,120,120,122,123,66
2015_1,구로동로8길,4615,2423,2192,249,663,1473,866,806,558,171,341,835,446,386,244,78,322,638,420,420,314
2015_1,구로동로7길,2739,1558,1181,32,267,544,852,827,217,18,152,392,470,433,93,14,115,152,382,394,124
2015_1,구로동로42길,2916,1415,1501,104,598,613,626,626,349,53,299,312,322,313,116,51,299,301,304,313,233
2015_1,구로동로41길,1758,853,905,28,381,395,404,404,146,16,191,202,210,202,32,12,190,193,194,202,114
2015_1,구로동로38길,2043,998,1045,52,429,448,466,464,184,29,215,231,246,232,45,23,214,217,220,232,139
2015_1,구로동로28길,1341,670,671,84,239,305,281,275,157,48,121,163,149,136,53,36,118,142,132,139,104
2015_1,구로동로15길,1038,510,528,18,220,229,238,238,95,10,110,119,128,119,24,8,110,110,110,119,71
2015_1,공원로6가길,972,484,488,116,182,210,183,175,106,61,87,106,93,86,51,55,95,104,90,89,55
2015_1,고척로52길,3016,1526,1490,479,420,546,590,568,413,253,216,281,301,276,199,226,204,265,289,292,214
2015_1,고척로27다길,5032,2785,2247,543,500,1276,1314,1270,129,405,374,638,676,635,57,138,126,638,638,635,72
2015_1,고척로27길,2427,1224,1203,107,121,695,696,696,112,57,63,348,348,348,60,50,58,347,348,348,52
2015_1,고척로21나길,2570,1304,1266,77,137,752,752,752,100,48,73,376,376,376,55,29,64,376,376,376,45
2015_1,경인로47길,916,459,457,142,141,159,170,177,127,73,72,84,85,85,60,69,69,75,85,92,67
2015_1,경인로35길,3421,1812,1609,186,194,986,1001,988,66,142,141,494,509,494,32,44,53,492,492,494,34
2015_1,경인로31길,1781,903,878,28,52,556,558,556,31,21,30,278,280,278,16,7,22,278,278,278,15
2015_1,경인로15길,4723,2308,2415,227,991,1150,944,978,433,102,516,601,473,484,132,125,475,549,471,494,301
2015_1,개봉로3길,2498,1269,1229,305,283,570,562,563,215,166,148,288,281,280,106,139,135,282,281,283,109
2015_1,개봉로2길,2219,1130,1089,196,265,554,506,520,178,115,134,285,253,253,90,81,131,269,253,267,88
2015_1,개봉로23가길,848,424,424,154,111,142,143,146,152,79,58,73,73,72,69,75,53,69,70,74,83
2015_1,개봉로20길,3246,1616,1630,583,433,643,467,543,577,303,218,328,240,246,281,280,215,315,227,297,296
2015_1,개봉로1길,2149,1093,1056,227,187,531,517,513,174,125,105,270,259,250,84,102,82,261,258,263,90
2015_1,개봉로17다길,4469,2306,2163,561,796,892,806,841,573,353,402,448,404,404,295,208,394,444,402,437,278
2015_1,개봉로17길,6943,3560,3383,1007,1184,1352,1196,1260,944,603,595,680,599,602,481,404,589,672,597,658,463
2015_1,개봉로11길,4820,2434,2386,608,494,1119,1110,1104,385,318,258,564,555,548,191,290,236,555,555,556,194
2015_1,화곡로64길,4210,2059,2151,766,810,971,690,641,332,426,330,494,338,324,147,340,480,477,352,317,185
2015_1,화곡로59길,1981,992,989,288,329,415,340,369,240,166,160,218,169,165,114,122,169,197,171,204,126
2015_1,화곡로44나길,2496,1246,1250,417,410,570,444,442,213,232,199,299,220,201,95,185,211,271,224,241,118
2015_1,화곡로31길,7943,3948,3995,2147,1184,1282,1461,1214,655,1088,592,612,726,602,328,1059,592,670,735,612,327
2015_1,화곡로20길,2187,1110,1077,271,417,499,436,437,127,144,210,260,219,213,64,127,207,239,217,224,63
2015_1,화곡로13길,3214,1621,1593,514,576,584,592,609,339,271,288,291,292,298,181,243,288,293,300,311,158
2015_1,초원로16길,3684,1932,1752,191,705,898,885,896,109,99,435,449,446,448,55,92,270,449,439,448,54
2015_1,초록마을로8길,4299,2065,2234,725,710,1057,858,732,217,373,355,539,418,320,60,352,355,518,440,412,157
2015_1,초록마을로3길,2594,1255,1339,486,378,609,455,385,281,243,188,315,227,169,113,243,190,294,228,216,168
2015_1,월정로20길,1088,546,542,120,183,286,167,197,135,61,91,153,88,89,64,59,92,133,79,108,71
2015_1,우장산로6길,6059,2976,3083,1524,840,984,1154,922,635,768,418,466,571,450,303,756,422,518,583,472,332
2015_1,양천로73가길,2462,1229,1233,642,311,432,490,367,220,336,151,210,246,183,103,306,160,222,244,184,117
2015_1,양천로71길,4332,2129,2203,1069,539,762,857,628,477,550,264,365,423,313,214,519,275,397,434,315,263
2015_1,양천로49길,1346,676,670,255,181,285,260,260,105,133,94,143,118,138,50,122,87,142,142,122,55
2015_1,양천로26길,1488,742,746,285,202,262,248,253,238,148,102,130,125,125,112,137,100,132,123,128,126
2015_1,양천로24길,3830,1955,1875,509,616,785,767,773,380,261,354,392,386,383,179,248,262,393,381,390,201
2015_1,양천로24가길,2498,1271,1227,401,393,480,466,474,284,209,213,239,236,236,138,192,180,241,230,238,146
2015_1,양천로14길,3719,1870,1849,489,597,669,629,709,626,265,297,355,336,346,271,224,300,314,293,363,355
2015_1,방화대로6라길,4118,1973,2145,470,790,816,801,812,429,236,395,410,406,406,120,234,395,406,395,406,309
2015_1,방화대로21길,2026,1049,977,79,360,540,444,523,80,40,185,278,258,262,26,39,175,262,186,261,54
2015_1,등촌로5길,1423,706,717,168,183,329,311,289,143,99,92,168,155,127,65,69,91,161,156,162,78
2015_1,등촌로55길,2977,1547,1430,415,573,587,579,601,222,262,290,302,288,291,114,153,283,285,291,310,108
2015_1,등촌로51길,2212,1142,1070,305,414,442,419,453,179,190,211,234,206,211,90,115,203,208,213,242,89
2015_1,등촌로39길,2964,1552,1412,399,573,610,580,615,187,261,290,321,287,290,103,138,283,289,293,325,84
2015_1,등촌로13길,3407,1677,1730,236,428,896,874,775,198,158,214,457,436,325,87,78,214,439,438,450,111
2015_1,남부순환로11길,3520,1817,1703,153,616,933,750,901,167,81,300,479,446,456,55,72,316,454,304,445,112
2015_1,까치산로4길,3761,1833,1928,729,617,865,699,623,228,372,307,446,348,287,73,357,310,419,351,336,155
2015_1,국회대로7길,2029,986,1043,193,275,517,474,419,151,111,136,261,233,180,65,82,139,256,241,239,86
2015_1,공항대로8길,3105,1623,1482,80,537,882,673,814,119,40,260,474,403,410,36,40,277,408,270,404,83
2015_1,공항대로61길,3085,1520,1565,733,439,596,603,462,252,383,206,288,297,231,115,350,233,308,306,231,137
2015_1,공항대로59다길,3875,1914,1961,1018,504,684,777,572,320,525,247,323,385,286,148,493,257,361,392,286,172
2015_1,공항대로59길,2966,1451,1515,541,557,679,480,442,267,294,227,353,237,222,118,247,330,326,243,220,149
2015_1,공항대로55길,2753,1355,1398,478,547,661,469,444,154,275,224,338,230,223,65,203,323,323,239,221,89
2015_1,공항대로42길,1345,661,684,354,184,217,248,201,141,178,92,102,122,98,69,176,92,115,126,103,72
2015_1,공항대로38길,302,150,152,80,44,46,57,44,31,41,22,22,27,22,16,39,22,24,30,22,15
2015_1,곰달래로60길,1803,877,926,94,194,509,495,423,88,67,97,260,249,171,33,27,97,249,246,252,55
2015_1,곰달래로53길,3335,1627,1708,277,393,862,830,728,245,169,195,440,414,302,107,108,198,422,416,426,138
2015_1,곰달래로47길,3033,1481,1552,325,451,765,694,619,179,179,226,386,339,274,77,146,225,379,355,345,102
2015_1,곰달래로31길,2546,1236,1310,393,411,581,487,438,236,201,205,294,235,202,99,192,206,287,252,236,137
2015_1,곰달래로25길,2507,1203,1304,337,404,603,443,428,292,171,201,307,215,190,119,166,203,296,228,238,173
2015_1,개화동로25길,2308,1199,1109,208,425,474,397,510,294,127,212,260,219,252,129,81,213,214,178,258,165
2015_1,개화동로23길,4375,2318,2057,263,868,951,807,1030,456,197,434,517,444,514,212,66,434,434,363,516,244
2015_1,강서로8길,2050,988,1062,227,309,572,384,352,206,116,155,289,184,150,94,111,154,283,200,202,112
2015_1,강서로5라길,2652,1277,1375,484,355,626,528,463,196,242,177,313,247,207,91,242,178,313,281,256,105
2015_1,강서로5나길,1278,645,633,162,194,354,183,213,172,81,98,196,94,94,82,81,96,158,89,119,90
2015_1,강서로5가길,1035,519,516,127,171,253,158,175,151,65,86,137,80,80,71,62,85,116,78,95,80
2015_1,강서로47라길,3735,1772,1963,1084,469,638,869,534,141,515,233,277,431,257,59,569,236,361,438,277,82
2015_1,강서로47길,2738,1290,1448,753,332,454,638,371,190,359,166,200,312,179,74,394,166,254,326,192,116
2015_1,강서로45다길,3304,1638,1666,436,612,600,590,643,423,232,306,291,283,312,214,204,306,309,307,331,209
2015_1,강서로45길,856,415,441,150,135,149,171,151,100,75,68,70,82,75,45,75,67,79,89,76,55
2015_1,강서로35길,6002,2999,3003,753,1140,1113,1111,1164,721,407,570,543,541,570,368,346,570,570,570,594,353
2015_1,강서로29길,1779,890,889,145,330,439,317,348,200,73,167,228,164,162,96,72,163,211,153,186,104
2015_1,강서로18길,6455,3111,3344,876,1042,1534,1169,1114,720,455,520,781,560,489,306,421,522,753,609,625,414
2015_1,강서로17가길,2888,1461,1427,222,532,714,512,562,346,112,269,380,264,262,174,110,263,334,248,300,172
2015_1,강서로15길,3811,1912,1899,205,737,1000,711,803,355,105,374,524,370,369,170,100,363,476,341,434,185
2015_1,가로공원로80길,2671,1349,1322,142,522,659,518,547,283,72,263,351,262,261,140,70,259,308,256,286,143
2015_1,가로공원로76가길,3153,1601,1552,237,577,814,566,615,344,122,291,441,289,288,170,115,286,373,277,327,174
2015_1,화곡로4길,1536,776,760,231,276,296,339,311,83,118,140,152,169,154,43,113,136,144,170,157,40
2015_1,화곡로3길,2387,1203,1184,431,411,435,471,448,191,222,206,221,234,222,98,209,205,214,237,226,93
2015_1,지양로7길,3941,1989,1952,471,651,825,806,812,376,238,361,419,403,402,166,233,290,406,403,410,210
2015_1,중앙로55길,3503,1765,1738,655,532,626,592,604,494,332,280,322,298,299,234,323,252,304,294,305,260
2015_1,중앙로51길,3820,1897,1923,846,540,637,591,611,595,412,278,329,298,298,282,434,262,308,293,313,313
2015_1,중앙로47길,11478,6145,5333,3085,1967,2098,2144,2054,130,1970,985,1032,1072,1027,59,1115,982,1066,1072,1027,71
2015_1,중앙로45길,5866,3086,2780,1580,956,1057,1100,1028,145,963,481,516,550,514,62,617,475,541,550,514,83
2015_1,중앙로36길,400,200,200,105,33,30,182,40,10,75,16,14,68,20,7,30,17,16,114,20,3
2015_1,중앙로32길,500,248,252,142,48,42,154,72,42,80,24,18,68,38,20,62,24,24,86,34,22
2015_1,중앙로25길,4564,2425,2139,1180,734,857,892,826,75,744,372,413,446,413,37,436,362,444,446,413,38
2015_1,은행정로7길,3515,1709,1806,226,702,787,715,727,358,117,350,401,357,357,127,109,352,386,358,370,231
2015_1,은행정로5길,285,143,142,84,6,5,166,23,1,63,3,2,62,12,1,21,3,3,104,11,0
2015_1,오목로5길,2545,1268,1277,537,307,497,430,444,330,277,157,248,209,216,161,260,150,249,221,228,169
2015_1,오목로3길,3486,1750,1736,737,440,681,577,590,461,384,228,340,282,290,226,353,212,341,295,300,235
2015_1,오목로30길,4092,1985,2107,182,840,921,872,887,390,92,419,467,436,436,135,90,421,454,436,451,255
2015_1,오목로23길,5206,2523,2683,234,1047,1244,1076,1121,484,123,522,644,538,538,158,111,525,600,538,583,326
2015_1,신월로20길,772,392,380,125,108,126,152,158,103,65,54,69,77,78,49,60,54,57,75,80,54
2015_1,신월로15길,5491,2743,2748,1109,681,1101,951,984,665,576,351,550,462,480,324,533,330,551,489,504,341
2015_1,신목로6길,3709,1915,1794,905,603,553,780,650,218,495,302,270,368,338,142,410,301,283,412,312,76
2015_1,신목로5길,2120,1076,1044,517,321,246,449,376,211,280,161,116,215,197,107,237,160,130,234,179,104
2015_1,신목로2길,2526,1303,1223,609,396,333,523,444,221,337,198,161,251,232,124,272,198,172,272,212,97
2015_1,목동중앙서로8가길,1887,954,933,446,323,312,423,350,33,242,169,153,200,176,14,204,154,159,223,174,19
2015_1,목동중앙서로7길,4434,2226,2208,1030,761,752,1005,831,55,550,393,367,471,421,24,480,368,385,534,410,31
2015_1,목동중앙북로8길,2528,1266,1262,241,540,553,544,556,94,152,270,279,270,274,21,89,270,274,274,282,73
2015_1,목동중앙북로16길,3795,1893,1902,526,728,816,794,784,147,291,364,408,374,387,69,235,364,408,420,397,78
2015_1,목동중앙본로7길,2290,1149,1141,397,419,417,500,442,115,223,215,208,238,220,45,174,204,209,262,222,70
2015_1,목동중앙로3길,2240,1125,1115,568,360,351,507,392,62,311,187,173,228,200,26,257,173,178,279,192,36
2015_1,목동중앙로13나길,1181,589,592,162,232,250,246,246,45,87,116,125,116,123,22,75,116,125,130,123,23
2015_1,목동중앙남로3가길,2298,1160,1138,414,421,420,515,448,80,238,216,208,244,224,30,176,205,212,271,224,50
2015_1,목동로9길,3063,1515,1548,276,563,652,595,605,372,145,280,329,298,297,166,131,283,323,297,308,206
2015_1,목동로19길,2432,1191,1241,178,473,517,489,491,284,91,236,259,244,244,117,87,237,258,245,247,167
2015_1,목동동로8길,1159,587,572,290,177,155,245,198,94,158,88,72,115,102,52,132,89,83,130,96,42
2015_1,목동동로12길,3267,1578,1689,873,460,443,786,520,185,444,226,199,345,272,92,429,234,244,441,248,93
2015_1,목동남로4길,1322,629,693,264,188,177,331,215,147,136,98,88,146,108,53,128,90,89,185,107,94
2015_1,남부순환로88길,618,309,309,148,79,103,117,93,78,78,41,50,59,45,36,70,38,53,58,48,42
2015_1,남부순환로79길,1395,723,672,198,192,208,306,320,171,102,96,125,154,160,86,96,96,83,152,160,85
2015_1,남부순환로70길,4683,2368,2315,507,736,1019,1009,1012,400,253,412,517,505,501,180,254,324,502,504,511,220
2015_1,남부순환로58길,1162,713,449,44,110,229,373,378,28,23,74,155,224,224,13,21,36,74,149,154,15
2015_1,남부순환로40길,2086,1343,743,43,136,393,738,741,35,22,108,285,456,456,16,21,28,108,282,285,19
2015_1,남부순환로33길,3990,2031,1959,642,746,776,844,798,184,336,374,398,422,398,103,306,372,378,422,400,81
2015_1,곰달래로5길,3593,1882,1711,183,649,851,852,880,178,94,392,429,429,454,84,89,257,422,423,426,94
2015_1,곰달래로3길,3253,1689,1564,269,566,703,710,734,271,139,324,358,358,379,131,130,242,345,352,355,140
2015_1,곰달래로2길,3841,1995,1846,339,664,827,838,854,319,179,384,423,422,434,153,160,280,404,416,420,166
2015_1,곰달래로10길,3743,1976,1767,221,668,871,882,904,197,117,400,447,446,468,98,104,268,424,436,436,99
2015_1,가로공원로58길,2112,1398,714,18,108,389,791,791,15,10,94,295,496,496,7,8,14,94,295,295,8
2015_1,효창원로93길,2642,1270,1372,200,459,667,657,473,186,104,229,335,325,231,46,96,230,332,332,242,140
2015_1,토정로37길,613,286,327,100,62,164,150,80,57,50,31,71,76,39,19,50,31,93,74,41,38
2015_1,월드컵로8길,1298,556,742,12,461,571,180,57,17,5,160,270,90,26,5,7,301,301,90,31,12
2015_1,월드컵로7길,1864,961,903,133,436,657,354,215,69,90,214,331,212,86,28,43,222,326,142,129,41
2015_1,월드컵로36길,3971,1897,2074,985,507,707,775,616,381,522,254,353,388,294,86,463,253,354,387,322,295
2015_1,월드컵로25길,3002,1448,1554,497,448,655,631,543,228,269,200,322,320,247,90,228,248,333,311,296,138
2015_1,월드컵로19길,1475,662,813,55,248,601,396,127,48,31,69,301,198,50,13,24,179,300,198,77,35
2015_1,월드컵로16길,1732,752,980,35,542,662,291,168,34,16,197,309,142,76,12,19,345,353,149,92,22
2015_1,월드컵로11길,2045,928,1117,117,358,705,511,260,94,64,116,354,256,104,34,53,242,351,255,156,60
2015_1,월드컵로10길,1228,529,699,21,395,475,198,106,33,7,143,223,98,48,10,14,252,252,100,58,23
2015_1,와우산로3길,2105,958,1147,70,560,651,458,340,26,34,239,321,229,125,10,36,321,330,229,215,16
2015_1,와우산로29길,774,334,440,20,256,311,105,49,33,9,90,146,51,23,15,11,166,165,54,26,18
2015_1,와우산로29가길,523,229,294,0,189,241,76,17,0,0,66,118,38,7,0,0,123,123,38,10,0
2015_1,양화진길,1104,568,536,52,262,460,219,90,21,36,129,232,128,34,9,16,133,228,91,56,12
2015_1,양화로1길,2522,1284,1238,221,575,771,496,352,107,148,283,390,278,139,46,73,292,381,218,213,61
2015_1,양화로11길,519,215,304,2,182,217,77,38,3,0,63,98,38,16,0,2,119,119,39,22,3
2015_1,신촌로30길,130,66,64,0,16,52,34,28,0,0,6,26,20,14,0,0,10,26,14,14,0
2015_1,신촌로28가길,575,295,280,4,94,196,142,132,7,2,52,98,76,66,1,2,42,98,66,66,6
2015_1,신촌로12길,1199,525,674,24,388,480,178,117,12,8,144,236,89,44,4,16,244,244,89,73,8
2015_1,숭문길,1129,582,547,32,200,336,380,143,38,16,86,222,190,54,14,16,114,114,190,89,24
2015_1,숭문8길,1173,622,551,80,151,293,391,164,94,41,75,202,196,70,38,39,76,91,195,94,56
2015_1,성지3길,1015,535,480,39,254,427,196,92,7,33,127,214,126,32,3,6,127,213,70,60,4
2015_1,성산로4길,2457,1114,1343,180,416,684,610,449,118,93,174,342,276,182,47,87,242,342,334,267,71
2015_1,성미산로32길,935,437,498,42,217,294,178,143,61,25,86,146,89,67,24,17,131,148,89,76,37
2015_1,성미산로1길,2681,1213,1468,186,473,760,665,488,109,99,195,380,295,201,43,87,278,380,370,287,66
2015_1,성미산로11길,2905,1292,1613,220,508,840,693,495,149,116,196,419,306,200,55,104,312,421,387,295,94
2015_1,백범로16길,725,343,382,39,234,191,105,108,48,19,99,106,53,45,21,20,135,85,52,63,27
2015_1,방울내로9안길,4303,2042,2261,672,591,947,917,761,415,352,252,464,467,337,170,320,339,483,450,424,245
2015_1,모래내로7길,3340,1582,1758,881,452,568,614,514,311,455,226,284,307,251,59,426,226,284,307,263,252
2015_1,매봉산로2길,4500,2200,2300,1294,572,847,907,577,303,674,286,387,455,288,110,620,286,460,452,289,193
2015_1,망원로2길,3434,1584,1850,213,622,1083,845,505,166,124,228,543,423,206,60,89,394,540,422,299,106
2015_1,망원로11길,1510,708,802,161,214,390,378,314,53,92,82,194,190,132,18,69,132,196,188,182,35
2015_1,만리재옛길,2066,1010,1056,121,374,546,544,376,105,64,187,273,272,188,26,57,187,273,272,188,79
2015_1,마포대로4길,1042,506,536,152,165,211,205,191,118,93,71,105,102,95,40,59,94,106,103,96,78
2015_1,마포대로20길,998,484,514,68,177,254,254,178,67,34,88,127,127,89,19,34,89,127,127,89,48
2015_1,마포대로12길,121,60,61,15,16,32,20,20,18,8,8,16,10,10,8,7,8,16,10,10,10
2015_1,동교로38길,921,380,541,9,279,476,106,36,15,5,67,234,53,16,5,4,212,242,53,20,10
2015_1,동교로27길,1957,894,1063,54,496,755,380,193,79,29,191,370,190,85,29,25,305,385,190,108,50
2015_1,동교로25길,1054,476,578,40,260,372,184,126,72,21,100,180,91,59,25,19,160,192,93,67,47
2015_1,동교로19길,1670,744,926,112,399,525,302,205,127,56,153,249,142,88,56,56,246,276,160,117,71
2015_1,동교로17길,1279,552,727,31,407,517,191,94,39,15,140,244,93,43,17,16,267,273,98,51,22
2015_1,독막로8길,1386,702,684,119,311,452,265,167,72,75,152,228,150,69,28,44,159,224,115,98,44
2015_1,독막로32길,2084,1077,1007,110,384,750,520,247,73,64,249,375,260,102,27,46,135,375,260,145,46
2015_1,독막로22길,676,315,361,57,157,177,136,104,45,28,70,85,68,45,19,29,87,92,68,59,26
2015_1,도화길,858,421,437,130,133,172,170,152,101,80,60,86,84,76,35,50,73,86,86,76,66
2015_1,도화4길,3826,1854,1972,654,535,721,679,614,623,358,245,356,334,303,258,296,290,365,345,311,365
2015_1,대흥로28길,1391,709,682,20,224,413,482,235,17,10,107,260,241,88,3,10,117,153,241,147,14
2015_1,대흥로21길,3450,1595,1855,6,1460,1059,399,508,18,3,596,587,205,199,5,3,864,472,194,309,13
2015_1,광성로6길,1366,679,687,115,283,363,298,217,90,71,153,183,151,91,30,44,130,180,147,126,60
2015_1,홍제내길,2689,1239,1450,267,339,606,607,578,292,136,186,303,301,207,106,131,153,303,306,371,186
2015_1,홍연길,666,323,343,56,169,138,136,103,64,28,100,69,68,36,22,28,69,69,68,67,42
2015_1,통일로39길,1189,531,658,78,145,292,294,289,91,42,82,146,147,87,27,36,63,146,147,202,64
2015_1,통일로37길,1190,552,638,120,157,262,264,251,136,63,84,131,132,98,44,57,73,131,132,153,92
2015_1,통일로11길,83,41,42,6,4,20,34,16,3,4,2,10,17,8,0,2,2,10,17,8,3
2015_1,충정로6길,245,127,118,35,33,42,45,44,46,18,16,24,25,24,20,17,17,18,20,20,26
2015_1,충정로4길,25,15,10,2,4,6,6,6,1,1,2,4,4,4,0,1,2,2,2,2,1
2015_1,증가로6길,2561,1214,1347,199,323,350,846,717,126,105,172,180,420,296,41,94,151,170,426,421,85
2015_1,증가로23나길,3221,1527,1694,229,359,676,1142,664,151,140,206,456,456,214,55,89,153,220,686,450,96
2015_1,증가로20가길,2882,1408,1474,364,417,537,695,539,330,197,226,304,319,235,127,167,191,233,376,304,203
2015_1,증가로10길,2345,1134,1211,215,344,361,675,587,163,111,192,197,337,251,46,104,152,164,338,336,117
2015_1,응암로1길,2301,1093,1208,208,282,476,692,453,190,111,153,295,295,170,69,97,129,181,397,283,121
2015_1,연희로10길,1418,697,721,107,384,304,302,215,106,54,230,152,150,69,42,53,154,152,152,146,64
2015_1,신촌로37길,113,66,47,8,8,23,49,16,9,4,4,11,36,8,3,4,4,12,13,8,6
2015_1,수색로8길,8695,4229,4466,1797,1219,1741,1608,1405,925,908,599,865,820,651,386,889,620,876,788,754,539
2015_1,세무서길,1790,991,799,138,155,334,586,397,180,72,82,197,384,195,61,66,73,137,202,202,119
2015_1,세무서2길,2194,1111,1083,160,356,455,557,528,138,82,177,263,293,261,35,78,179,192,264,267,103
2015_1,세검정로1길,823,392,431,87,97,113,238,206,82,37,56,57,119,89,34,50,41,56,119,117,48
2015_1,북아현로4길,853,447,406,62,86,209,284,148,64,34,46,102,175,72,18,28,40,107,109,76,46
2015_1,모래내로15길,2034,1021,1013,305,275,315,435,374,330,154,160,171,217,176,143,151,115,144,218,198,187
2015_1,명지대길,1271,631,640,113,205,220,347,304,82,57,120,122,173,134,25,56,85,98,174,170,57
2015_1,독립문로8길,2414,1166,1248,444,281,413,478,375,423,233,140,206,243,185,159,211,141,207,235,190,264
2015_1,가재울로6길,931,484,447,56,130,148,302,246,49,31,93,98,150,99,13,25,37,50,152,147,36
2015_1,통일로92길,2199,1054,1145,181,352,428,448,487,303,110,176,223,210,236,99,71,176,205,238,251,204
2015_1,통일로87길,1436,745,691,79,199,336,411,342,69,43,136,205,205,137,19,36,63,131,206,205,50
2015_1,통일로78길,1881,899,982,161,300,364,383,411,262,96,150,189,181,201,82,65,150,175,202,210,180
2015_1,통일로69길,1342,597,745,78,226,333,320,285,100,36,93,168,155,122,23,42,133,165,165,163,77
2015_1,진흥로1길,3275,1526,1749,392,518,748,729,649,239,206,228,369,364,291,68,186,290,379,365,358,171
2015_1,진흥로12길,3955,2023,1932,169,500,1222,1011,782,271,91,250,612,609,378,83,78,250,610,402,404,188
2015_1,증산서길,1996,994,1002,190,198,469,469,469,201,100,107,235,235,233,84,90,91,234,234,236,117
2015_1,증산로9길,2425,1216,1209,254,301,531,530,528,281,138,164,269,266,262,117,116,137,262,264,266,164
2015_1,증산로5길,1817,905,912,201,206,402,399,398,211,105,110,203,200,198,89,96,96,199,199,200,122
2015_1,증산로21길,5269,2641,2628,662,958,1135,1006,1043,465,396,478,569,502,497,199,266,480,566,504,546,266
2015_1,증산로17길,1156,590,566,96,118,232,326,326,58,57,70,116,163,163,21,39,48,116,163,163,37
2015_1,증산로15길,1721,865,856,241,191,309,393,387,200,129,100,158,196,193,89,112,91,151,197,194,111
2015_1,증산로13길,1556,783,773,113,151,387,398,399,108,61,87,194,199,197,45,52,64,193,199,202,63
2015_1,응암로34길,5789,2864,2925,1061,792,1257,1087,875,717,600,398,628,544,432,262,461,394,629,543,443,455
2015_1,응암로22길,3841,1880,1961,723,394,878,718,495,633,379,202,441,361,245,252,344,192,437,357,250,381
2015_1,응암로14길,382,212,170,29,38,99,101,75,40,17,20,62,63,37,13,12,18,37,38,38,27
2015_1,응암로13길,607,306,301,49,86,135,138,124,75,32,44,74,75,61,20,17,42,61,63,63,55
2015_1,응암로12길,415,230,185,18,19,126,127,101,24,10,10,76,76,50,8,8,9,50,51,51,16
2015_1,은평로8길,2405,1199,1206,397,398,493,476,444,197,240,195,247,239,216,62,157,203,246,237,228,135
2015_1,은평로3길,2108,1027,1081,245,370,465,445,427,156,141,175,232,222,201,56,104,195,233,223,226,100
2015_1,은평로20길,1820,913,907,288,298,426,378,319,111,176,146,213,189,155,34,112,152,213,189,164,77
2015_1,은평로13길,2327,1157,1170,193,398,579,526,465,166,120,200,290,286,229,32,73,198,289,240,236,134
2015_1,은평로10길,3307,1673,1634,526,592,702,674,629,184,331,294,351,336,307,54,195,298,351,338,322,130
2015_1,연서로5길,2262,1050,1212,280,348,511,501,444,178,143,152,253,250,198,54,137,196,258,251,246,124
2015_1,연서로41길,1122,540,582,111,164,209,225,243,170,62,82,110,105,118,63,49,82,99,120,125,107
2015_1,연서로3길,3071,1420,1651,339,474,729,706,623,200,178,201,360,353,274,54,161,273,369,353,349,146
2015_1,연서로34길,914,441,473,95,140,165,170,185,159,54,70,86,80,89,62,41,70,79,90,96,97
2015_1,연서로33길,507,243,264,45,76,98,105,114,69,26,38,51,49,56,23,19,38,47,56,58,46
2015_1,연서로29길,969,501,468,64,136,222,270,226,51,35,90,134,134,92,16,29,46,88,136,134,35
2015_1,연서로28길,3519,1536,1983,126,528,959,935,796,175,42,193,480,462,324,35,84,335,479,473,472,140
2015_1,연서로27길,2603,1252,1351,452,290,588,600,514,159,239,142,295,297,220,59,213,148,293,303,294,100
2015_1,연서로21길,3479,1684,1795,577,455,784,800,709,154,309,221,394,400,316,44,268,234,390,400,393,110
2015_1,연서로17길,1830,888,942,341,251,364,373,339,162,180,123,185,185,156,59,161,128,179,188,183,103
2015_1,연서로16길,4090,1873,2217,420,593,1000,988,848,241,220,234,496,494,360,69,200,359,504,494,488,172
2015_1,연서로13길,4379,2329,2050,672,691,795,883,847,491,333,378,400,443,443,332,339,313,395,440,404,159
2015_1,연서로11길,3313,1678,1635,497,495,651,689,630,351,247,249,323,344,310,205,250,246,328,345,320,146
2015_1,역말로9길,4461,1944,2517,166,641,1229,1199,1007,219,66,221,616,590,401,50,100,420,613,609,606,169
2015_1,수색로18길,1057,528,529,65,142,219,247,253,131,38,76,124,125,127,38,27,66,95,122,126,93
2015_1,서오릉로8길,2109,919,1190,82,324,580,545,471,107,28,120,290,267,193,21,54,204,290,278,278,86
2015_1,서오릉로21길,3750,2002,1748,569,556,677,781,740,427,281,312,343,393,392,281,288,244,334,388,348,146
2015_1,불광천길,2260,1145,1115,190,375,481,483,430,301,130,192,267,267,214,75,60,183,214,216,216,226
2015_1,갈현로7길,2430,1150,1280,277,355,565,551,489,193,147,154,280,275,217,77,130,201,285,276,272,116
2015_1,갈현로41길,2357,1196,1161,181,368,516,608,530,154,99,222,300,300,230,45,82,146,216,308,300,109
2015_1,갈현로33길,3345,1637,1708,480,443,709,758,673,282,257,231,373,375,295,106,223,212,336,383,378,176
2015_1,갈현로1길,1883,935,948,212,334,442,360,390,145,129,166,222,178,175,65,83,168,220,182,215,80
2015_1,가좌로7길,1185,625,560,92,115,298,305,254,121,53,60,172,172,124,44,39,55,126,133,130,77
2015_1,한글비석로44길,3245,1572,1673,606,450,504,623,576,486,304,236,256,303,285,188,302,214,248,320,291,298
2015_1,한글비석로24길,1974,966,1008,347,290,327,368,352,290,176,149,165,182,175,119,171,141,162,186,177,171
2015_1,한글비석로22길,1604,797,807,333,197,229,369,254,222,189,102,116,180,125,85,144,95,113,189,129,137
2015_1,석계로1길,818,437,381,81,137,188,160,171,81,47,97,96,81,79,37,34,40,92,79,92,44
2015_1,상계로9가길,1834,906,928,314,311,286,353,348,222,159,156,145,173,172,101,155,155,141,180,176,121
2015_1,상계로1길,1036,515,521,195,166,138,191,192,154,99,83,70,93,95,75,96,83,68,98,97,79
2015_1,상계로12길,2865,1429,1436,499,493,410,551,549,363,254,247,213,268,277,170,245,246,197,283,272,193
2015_1,동일로242길,1827,906,921,337,277,283,348,349,233,178,141,137,170,172,108,159,136,146,178,177,125
2015_1,동일로192길,2502,1244,1258,386,463,485,411,443,314,208,237,252,211,200,136,178,226,233,200,243,178
2015_1,동일로173가길,3267,1624,1643,490,588,621,546,572,450,265,296,319,271,272,201,225,292,302,275,300,249
2015_1,공릉로58길,1826,879,947,381,311,223,382,352,177,212,169,108,172,173,45,169,142,115,210,179,132
2015_1,해등로16길,676,331,345,116,104,110,123,128,95,60,53,54,58,61,45,56,51,56,65,67,50
2015_1,우이천로4다길,1244,607,637,128,205,254,308,257,92,66,104,136,154,121,26,62,101,118,154,136,66
2015_1,우이천로32길,2075,1000,1075,332,316,338,377,375,337,158,160,170,187,184,141,174,156,168,190,191,196
2015_1,시루봉로23길,2663,1496,1167,99,326,430,621,640,547,66,214,310,314,320,272,33,112,120,307,320,275
2015_1,삼양로144길,1228,596,632,185,192,195,236,239,181,88,96,98,118,118,78,97,96,97,118,121,103
2015_1,방학로6가길,1752,900,852,229,324,324,340,359,176,138,162,162,167,174,97,91,162,162,173,185,79
2015_1,방학로5길,2756,1339,1417,423,413,481,512,519,408,223,211,246,244,243,172,200,202,235,268,276,236
2015_1,방학로15길,3494,1719,1775,751,525,468,650,649,451,402,276,222,307,316,196,349,249,246,343,333,255
2015_1,방학로10길,2178,1134,1044,287,360,418,468,464,181,156,214,214,242,232,76,131,146,204,226,232,105
2015_1,도봉산길,1347,713,634,107,175,210,259,288,308,60,101,131,133,142,146,47,74,79,126,146,162
2015_1,도봉산4길,59,32,27,2,9,10,12,12,14,2,5,6,6,6,7,0,4,4,6,6,7
2015_1,도봉로181길,1441,780,661,58,188,234,309,344,308,40,108,146,166,172,148,18,80,88,143,172,160
2015_1,도봉로169나길,1623,851,772,159,208,246,294,340,376,90,112,147,156,168,178,69,96,99,138,172,198
2015_1,도봉로156길,1759,865,894,268,227,297,278,338,351,138,117,150,143,154,163,130,110,147,135,184,188
2015_1,도봉로152가길,348,169,179,42,41,66,55,92,52,21,21,33,31,40,23,21,20,33,24,52,29
2015_1,도봉로147길,4714,2443,2271,521,944,944,969,997,339,340,472,472,480,490,189,181,472,472,489,507,150
2015_1,도봉로143길,1489,754,735,200,263,264,284,315,163,116,132,133,136,149,88,84,131,131,148,166,75
2015_1,도봉로114길,7048,3446,3602,1426,1123,1267,1419,1315,498,749,562,633,704,626,172,677,561,634,715,689,326
2015_1,도봉로109길,1188,584,604,148,184,215,204,214,223,83,91,109,104,100,97,65,93,106,100,114,126
2015_1,도당로29길,1868,959,909,245,316,321,359,380,247,142,162,167,176,185,127,103,154,154,183,195,120
2015_1,도당로19길,2865,1498,1367,321,485,537,607,620,295,187,267,285,308,306,145,134,218,252,299,314,150
2015_1,도당로13바길,2599,1355,1244,345,412,451,554,548,289,192,232,233,302,274,122,153,180,218,252,274,167
2015_1,도당로13가길,802,425,377,98,129,148,188,184,55,55,78,78,98,92,24,43,51,70,90,92,31
2015_1,덕릉로60길,824,412,412,109,129,149,177,153,107,58,66,79,89,74,46,51,63,70,88,79,61
2015_1,노해로63다길,1792,877,915,333,283,290,315,321,250,175,142,143,150,152,115,158,141,147,165,169,135
2015_1,노해로60길,1771,882,889,175,298,331,312,325,330,107,149,169,162,150,145,68,149,162,150,175,185
2015_1,한천로140길,748,419,329,17,123,245,144,164,55,12,61,181,62,82,21,5,62,64,82,82,34
2015_1,한천로139가길,498,296,202,3,77,198,93,108,19,2,38,158,39,54,5,1,39,40,54,54,14
2015_1,한천로132길,783,386,397,52,128,203,178,151,71,29,53,103,101,75,25,23,75,100,77,76,46
2015_1,한천로130길,1070,523,547,21,181,320,276,229,43,15,67,161,160,114,6,6,114,159,116,115,37
2015_1,한천로124나길,736,361,375,46,112,200,172,142,64,25,40,102,99,70,25,21,72,98,73,72,39
2015_1,한천로109길,1759,852,907,317,194,291,285,255,417,163,100,152,149,119,169,154,94,139,136,136,248
2015_1,인수봉로79길,2359,1181,1178,226,364,402,478,483,406,121,182,215,240,238,185,105,182,187,238,245,221
2015_1,인수봉로72길,2352,1168,1184,287,340,378,436,448,463,157,170,202,219,217,203,130,170,176,217,231,260
2015_1,인수봉로56길,824,421,403,73,112,135,185,187,132,43,56,77,93,92,60,30,56,58,92,95,72
2015_1,오패산로67길,984,483,501,55,170,250,225,197,87,33,72,126,125,98,29,22,98,124,100,99,58
2015_1,오패산로52길,2418,1278,1140,39,302,559,698,706,114,20,188,353,349,342,26,19,114,206,349,364,88
2015_1,오패산로30길,149,74,75,0,19,32,44,51,3,0,9,22,22,21,0,0,10,10,22,30,3
2015_1,수유로12길,1014,518,496,87,144,212,231,233,107,49,72,119,117,116,45,38,72,93,114,117,62
2015_1,솔샘로65길,1029,542,487,75,132,171,239,267,145,45,69,103,136,133,56,30,63,68,103,134,89
2015_1,솔매로50길,1182,555,627,62,200,222,258,314,126,32,89,130,129,129,46,30,111,92,129,185,80
2015_1,솔매로45길,929,400,529,22,166,169,204,319,49,11,66,103,102,102,16,11,100,66,102,217,33
2015_1,솔매로41길,1526,673,853,68,248,289,321,461,139,36,112,160,160,159,46,32,136,129,161,302,93
2015_1,삼양로93길,1186,596,590,121,164,194,254,257,196,73,82,109,128,126,78,48,82,85,126,131,118
2015_1,삼양로77길,1760,898,862,176,224,351,391,399,219,93,112,199,201,197,96,83,112,152,190,202,123
2015_1,삼양로54길,1173,597,576,24,154,203,306,400,86,15,80,132,174,172,24,9,74,71,132,228,62
2015_1,삼양로41길,1458,734,724,92,130,381,389,382,84,59,70,192,195,191,27,33,60,189,194,191,57
2015_1,삼양로27길,350,175,175,87,27,69,106,40,21,45,13,33,54,20,10,42,14,36,52,20,11
2015_1,삼양로24길,510,271,239,40,61,86,121,130,72,22,34,51,70,65,29,18,27,35,51,65,43
2015_1,삼양로20길,320,192,128,0,23,53,107,126,11,0,22,41,66,63,0,0,1,12,41,63,11
2015_1,삼각산로28길,1824,986,838,69,308,507,342,376,222,50,154,347,156,186,93,19,154,160,186,190,129
2015_1,도봉로99길,1255,677,578,39,209,373,246,280,108,25,104,258,106,140,44,14,105,115,140,140,64
2015_1,도봉로8길,90,42,48,0,9,19,26,33,3,0,3,13,13,13,0,0,6,6,13,20,3
2015_1,도봉로76길,1436,623,813,65,249,262,288,441,131,33,111,148,144,145,42,32,138,114,144,296,89
2015_1,도봉로67길,588,268,320,10,80,135,148,194,21,6,34,75,74,74,5,4,46,60,74,120,16
2015_1,도봉로45길,1657,752,905,40,294,316,379,497,131,21,132,183,194,194,28,19,162,133,185,303,103
2015_1,도봉로18길,1074,521,553,93,149,197,229,266,140,48,70,117,114,114,58,45,79,80,115,152,82
2015_1,도봉로13길,482,274,208,10,40,78,147,178,29,6,26,57,90,89,6,4,14,21,57,89,23
2015_1,덕릉로41길,617,306,311,19,90,199,162,126,21,11,27,100,99,63,6,8,63,99,63,63,15
2015_1,덕릉로40길,2092,1058,1034,135,210,461,542,543,201,76,108,272,271,271,60,59,102,189,271,272,141
2015_1,노해로33길,977,476,501,90,134,191,206,213,143,51,67,105,103,103,47,39,67,86,103,110,96
2015_1,노해로23길,947,455,492,107,143,168,172,176,181,57,72,88,86,86,66,50,71,80,86,90,115
2015_1,노해로17길,1255,671,584,30,216,362,255,288,104,21,105,249,113,142,41,9,111,113,142,146,63
2015_1,화랑로40길,714,367,347,23,90,176,178,206,41,20,45,103,76,103,20,3,45,73,102,103,21
2015_1,화랑로32길,654,345,309,33,74,169,147,186,45,23,37,93,77,93,22,10,37,76,70,93,23
2015_1,화랑로1길,1002,549,453,136,80,226,295,178,87,70,40,113,204,88,34,66,40,113,91,90,53
2015_1,화랑로19길,969,525,444,40,131,300,259,191,48,23,65,161,163,95,18,17,66,139,96,96,30
2015_1,화랑로14길,816,449,367,45,119,290,205,120,37,23,59,145,145,60,17,22,60,145,60,60,20
2015_1,화랑로13길,352,197,155,4,55,134,99,56,4,2,27,67,71,28,2,2,28,67,28,28,2
2015_1,한천로76길,912,459,453,67,106,205,205,238,91,39,53,119,87,119,42,28,53,86,118,119,49
2015_1,한천로101가길,1151,600,551,123,117,189,307,268,147,64,62,124,155,127,68,59,55,65,152,141,79
2015_1,창경궁로43길,479,243,236,42,155,88,79,63,52,23,84,50,38,29,19,19,71,38,41,34,33
2015_1,지봉로20길,1631,725,906,25,379,548,325,316,38,14,105,274,163,158,11,11,274,274,162,158,27
2015_1,종암로5길,1664,832,832,315,291,303,329,293,133,183,150,152,165,144,38,132,141,151,164,149,95
2015_1,종암로24가길,2083,1052,1031,353,340,367,448,345,230,201,174,185,227,171,94,152,166,182,221,174,136
2015_1,종암로21길,974,493,481,152,164,180,209,169,100,88,84,91,106,82,42,64,80,89,103,87,58
2015_1,종암로19길,1191,607,584,164,219,238,260,220,90,98,117,119,131,105,37,66,102,119,129,115,53
2015_1,종암로16길,2373,1209,1164,337,462,473,542,465,94,221,233,237,272,231,15,116,229,236,270,234,79
2015_1,정릉로8길,1176,606,570,138,232,182,204,236,184,77,143,111,102,102,71,61,89,71,102,134,113
2015_1,정릉로27길,1564,758,806,217,212,342,311,288,194,122,106,171,167,116,76,95,106,171,144,172,118
2015_1,정릉로26길,130,63,67,10,16,36,32,28,8,7,8,18,18,10,2,3,8,18,14,18,6
2015_1,장위로50길,648,337,311,79,84,96,150,139,100,41,44,52,76,76,48,38,40,44,74,63,52
2015_1,장월로1길,1270,669,601,141,179,351,270,183,146,72,86,175,178,91,67,69,93,176,92,92,79
2015_1,인촌로6길,297,134,163,5,69,94,60,60,9,3,22,47,30,30,2,2,47,47,30,30,7
2015_1,인촌로5길,1155,543,612,15,464,302,242,125,7,7,214,167,121,33,1,8,250,135,121,92,6
2015_1,인촌로24길,531,274,257,31,187,103,98,81,31,17,94,67,50,33,13,14,93,36,48,48,18
2015_1,개운사길,776,400,376,35,281,157,154,127,22,18,142,104,78,51,7,17,139,53,76,76,15
2015_1,인촌로1길,324,137,187,8,82,130,50,44,10,4,16,66,26,22,3,4,66,64,24,22,7
2015_1,인촌로17가길,1087,591,496,12,566,223,156,122,8,7,283,178,78,44,1,5,283,45,78,78,7
2015_1,오패산로4길,1648,879,769,132,245,506,379,250,136,66,120,253,255,124,61,66,125,253,124,126,75
2015_1,오패산로3길,1922,1034,888,308,171,391,498,301,253,156,85,194,338,148,113,152,86,197,160,153,140
2015_1,오패산로19길,495,324,171,15,8,144,237,84,7,8,4,72,195,42,3,7,4,72,42,42,4
2015_1,안암로5길,1589,842,747,69,682,312,255,211,60,38,344,221,129,85,25,31,338,91,126,126,35
2015_1,아리랑로4길,2271,923,1348,51,734,664,547,234,41,17,273,282,276,63,12,34,461,382,271,171,29
2015_1,솔샘로6길,916,489,427,52,242,165,129,243,85,30,182,121,64,64,28,22,60,44,65,179,57
2015_1,성북로8길,605,288,317,63,111,123,129,110,69,33,52,59,65,54,25,30,59,64,64,56,44
2015_1,삼양로8길,3160,1518,1642,220,628,656,660,658,338,128,314,330,330,326,90,92,314,326,330,332,248
2015_1,삼선교로16가길,75,38,37,4,16,16,21,14,4,2,8,8,13,6,1,2,8,8,8,8,3
2015_1,삼선교로10다길,234,109,125,25,42,49,60,35,23,14,14,28,32,14,7,11,28,21,28,21,16
2015_1,삼선교로10길,134,76,58,9,24,24,46,23,8,5,12,12,34,11,2,4,12,12,12,12,6
2015_1,보문로32길,1247,517,730,53,367,341,286,139,61,24,146,151,144,33,19,29,221,190,142,106,42
2015_1,보문로31길,587,293,294,60,119,121,133,117,37,33,58,61,72,58,11,27,61,60,61,59,26
2015_1,보문로26길,885,468,417,23,402,180,141,115,24,13,202,131,71,45,6,10,200,49,70,70,18
2015_1,보문로13길,1362,602,760,19,319,450,272,268,34,9,94,226,136,134,3,10,225,224,136,134,31
2015_1,보국문로16길,2309,1132,1177,399,265,517,474,370,284,207,132,257,257,156,123,192,133,260,217,214,161
2015_1,동소문로6길,3,3,0,0,0,0,3,0,0,0,0,0,3,0,0,0,0,0,0,0,0
2015_1,동소문로2길,20,8,12,0,4,6,8,2,0,0,0,4,4,0,0,0,4,2,4,2,0
2015_1,동소문로26가길,1325,526,799,41,442,397,301,101,43,18,154,160,151,30,13,23,288,237,150,71,30
2015_1,동소문로15길,660,266,394,22,214,199,155,47,23,11,77,81,79,8,10,11,137,118,76,39,13
2015_1,동소문로13길,1522,701,821,174,294,310,312,230,202,89,126,143,157,105,81,85,168,167,155,125,121
2015_1,돌곶이로8길,99,50,49,1,4,28,28,36,2,1,2,18,10,18,1,0,2,10,18,18,1
2015_1,돌곶이로41길,475,241,234,36,55,98,132,115,39,19,29,66,66,49,12,17,26,32,66,66,27
2015_1,돌곶이로28길,684,358,326,72,74,112,169,163,94,38,38,71,85,84,42,34,36,41,84,79,52
2015_1,돌곶이로27길,1058,545,513,91,141,205,252,250,119,50,76,124,126,124,45,41,65,81,126,126,74
2015_1,돌곶이로22길,325,163,162,26,43,71,74,82,29,13,22,41,34,41,12,13,21,30,40,41,17
2015_1,돌곶이로14길,150,76,74,2,16,40,40,48,4,2,8,24,16,24,2,0,8,16,24,24,2
2015_1,길음로7길,774,387,387,0,0,515,259,0,0,0,0,257,130,0,0,0,0,258,129,0,0
2015_1,중랑천로10길,2077,1194,883,91,205,488,704,502,87,55,102,376,372,251,38,36,103,112,332,251,49
2015_1,용마산로94길,2504,1197,1307,87,305,613,631,780,88,46,153,321,319,320,38,41,152,292,312,460,50
2015_1,용마산로118길,1240,674,566,51,132,269,335,403,50,34,68,137,200,202,33,17,64,132,135,201,17
2015_1,용마산로112길,2271,1219,1052,142,247,464,574,688,156,86,130,238,338,345,82,56,117,226,236,343,74
2015_1,용마산로100길,1855,1043,812,69,180,330,531,691,54,32,113,192,337,334,35,37,67,138,194,357,19
2015_1,신내로7가길,929,460,469,150,181,180,186,187,45,78,91,90,92,94,15,72,90,90,94,93,30
2015_1,사가정로54길,2473,1240,1233,75,259,579,576,892,92,42,131,291,290,446,40,33,128,288,286,446,52
2015_1,사가정로42길,2430,1218,1212,216,336,498,492,640,248,113,170,254,248,320,113,103,166,244,244,320,135
2015_1,봉화산로56길,4554,2249,2305,1079,657,725,726,745,622,560,330,358,360,374,267,519,327,367,366,371,355
2015_1,봉화산로4길,2454,1807,647,11,93,502,536,1291,21,6,47,455,457,834,8,5,46,47,79,457,13
2015_1,봉화산로30길,2975,1521,1454,255,541,625,699,749,106,132,271,354,348,372,44,123,270,271,351,377,62
2015_1,봉우재로33길,2310,1366,944,4,445,607,455,759,40,4,219,379,377,377,10,0,226,228,78,382,30
2015_1,면목로78길,3475,1744,1731,130,446,1135,820,814,130,74,224,574,578,241,53,56,222,561,242,573,77
2015_1,면목로56길,2178,1048,1130,53,282,611,548,632,52,30,141,309,311,236,21,23,141,302,237,396,31
2015_1,면목로55길,1182,572,610,42,158,324,291,329,38,23,79,163,165,125,17,19,79,161,126,204,21
2015_1,면목로49길,2125,979,1146,60,205,540,545,709,66,31,103,271,274,271,29,29,102,269,271,438,37
2015_1,면목로48길,2410,1106,1304,30,226,637,642,844,31,17,113,320,322,320,14,13,113,317,320,524,17
2015_1,면목로45길,1229,556,673,10,96,330,331,447,15,5,48,165,166,165,7,5,48,165,165,282,8
2015_1,면목로33길,2776,1293,1483,35,506,708,864,594,69,22,94,433,432,297,15,13,412,275,432,297,54
2015_1,면목로21길,1910,878,1032,18,366,491,600,384,51,10,66,300,300,193,9,8,300,191,300,191,42
2015_1,망우로73길,1570,863,707,37,112,344,460,576,41,29,56,172,288,288,30,8,56,172,172,288,11
2015_1,망우로68길,2236,1229,1007,52,178,493,651,808,54,42,90,247,404,404,42,10,88,246,247,404,12
2015_1,동일로163길,2010,1009,1001,71,241,534,392,673,99,43,120,267,266,265,48,28,121,267,126,408,51
2015_1,동일로157길,1520,763,757,18,162,436,301,572,31,13,81,218,218,218,15,5,81,218,83,354,16
2015_1,동일로149길,1826,920,906,55,240,486,368,602,75,37,120,243,243,240,37,18,120,243,125,362,38
2015_1,동일로140길,2265,1171,1094,145,404,488,551,561,116,79,202,281,274,280,55,66,202,207,277,281,61
2015_1,동일로139길,1308,893,415,15,89,265,307,610,22,9,45,220,232,378,9,6,44,45,75,232,13
2015_1,동일로139가길,1128,631,497,113,129,219,210,323,134,62,65,135,134,173,62,51,64,84,76,150,72
2015_1,동일로130길,3318,1718,1600,218,578,706,811,822,183,116,289,412,404,410,87,102,289,294,407,412,96
2015_1,동일로123길,1429,976,453,6,104,300,341,667,11,4,52,248,253,414,5,2,52,52,88,253,6
2015_1,동일로112길,4128,2438,1690,20,792,1075,803,1333,105,17,388,667,663,663,40,3,404,408,140,670,65
2015_1,동일로101길,2481,1429,1052,119,191,572,938,576,85,72,97,464,470,288,38,47,94,108,468,288,47
2015_1,동일로100길,3903,2177,1726,232,428,900,1316,902,125,147,214,656,658,450,52,85,214,244,658,452,73
2015_1,답십리로75길,2011,936,1075,56,381,500,608,382,84,33,76,307,306,191,23,23,305,193,302,191,61
2015_1,공릉로2길,3800,1908,1892,406,752,790,781,778,293,226,374,395,390,386,137,180,378,395,391,392,156
2015_1,공릉로12가길,1286,656,630,122,268,272,272,272,80,74,134,136,136,136,40,48,134,136,136,136,40
2015_1,겸재로54길,2820,1411,1409,96,406,887,669,664,98,57,203,448,452,216,35,39,203,439,217,448,63
2015_1,겸재로36길,1971,985,986,39,258,685,475,474,40,25,129,343,344,131,13,14,129,342,131,343,27
2015_1,겸재로29길,1259,630,629,43,168,415,301,295,37,25,84,208,211,87,15,18,84,207,90,208,22
2015_1,휘경로3길,700,387,313,6,376,136,91,82,9,3,189,106,47,38,4,3,187,30,44,44,5
2015_1,휘경로2길,625,340,285,13,256,122,110,108,16,6,128,91,56,54,5,7,128,31,54,54,11
2015_1,휘경로23길,262,155,107,0,170,57,21,14,0,0,85,51,13,6,0,0,85,6,8,8,0
2015_1,휘경로14길,1009,583,426,4,471,280,136,108,10,2,233,236,70,42,0,2,238,44,66,66,10
2015_1,한천로46길,1960,1012,948,286,329,400,400,353,192,153,197,201,201,170,90,133,132,199,199,183,102
2015_1,한천로40길,2263,1252,1011,197,322,564,564,532,84,116,264,266,298,266,42,81,58,298,266,266,42
2015_1,한천로33길,843,431,412,122,126,175,192,172,56,66,76,86,99,82,22,56,50,89,93,90,34
2015_1,한천로14길,3225,1627,1598,300,495,757,707,718,248,164,248,379,357,356,123,136,247,378,350,362,125
2015_1,천호대로97길,2072,1044,1028,250,306,440,413,425,238,131,156,222,209,210,116,119,150,218,204,215,122
2015_1,천호대로77길,1791,901,890,179,285,396,385,387,159,99,143,198,193,193,75,80,142,198,192,194,84
2015_1,천호대로45길,698,524,174,0,87,365,87,159,0,0,44,321,79,80,0,0,43,44,8,79,0
2015_1,천호대로17길,1621,931,690,36,313,437,313,416,106,27,158,279,207,210,50,9,155,158,106,206,56
2015_1,천호대로12길,256,144,112,2,54,70,54,68,8,2,27,43,34,34,4,0,27,27,20,34,4
2015_1,천장산로7길,744,411,333,9,348,153,114,109,11,5,175,115,58,53,5,4,173,38,56,56,6
2015_1,제기로5길,531,356,175,9,115,116,133,136,22,5,86,86,85,86,8,4,29,30,48,50,14
2015_1,제기로21길,203,81,122,0,22,34,40,88,19,0,15,20,20,22,4,0,7,14,20,66,15
2015_1,전농로4길,1216,652,564,71,112,316,384,304,29,38,66,158,230,150,10,33,46,158,154,154,19
2015_1,전농로3길,910,434,476,19,77,386,204,202,22,13,18,193,102,101,7,6,59,193,102,101,15
2015_1,전농로29길,1817,1078,739,24,172,526,410,644,41,13,86,322,322,322,13,11,86,204,88,322,28
2015_1,장한로8길,2047,1031,1016,186,312,464,451,455,179,101,157,233,228,227,85,85,155,231,223,228,94
2015_1,장한로5길,2037,1035,1002,203,319,463,430,437,185,116,161,232,218,217,91,87,158,231,212,220,94
2015_1,장한로27길,2009,1081,928,295,278,439,435,416,146,174,190,212,227,208,70,121,88,227,208,208,76
2015_1,장한로27가길,1912,1019,893,278,254,413,415,402,150,159,173,204,213,201,69,119,81,209,202,201,81
2015_1,장한로26길,2140,1087,1053,378,284,405,360,364,349,200,150,204,188,178,167,178,134,201,172,186,182
2015_1,장한로26가길,1249,652,597,213,178,245,242,232,139,122,102,122,124,116,66,91,76,123,118,116,73
2015_1,장한로25길,907,460,447,121,149,184,176,176,101,68,75,92,88,88,49,53,74,92,88,88,52
2015_1,장한로14길,1558,791,767,197,235,323,301,311,191,109,120,162,154,154,92,88,115,161,147,157,99
2015_1,이문로42길,1471,760,711,40,212,248,708,245,18,24,130,127,354,121,4,16,82,121,354,124,14
2015_1,왕산로43길,2263,1127,1136,59,273,447,516,594,374,34,193,260,260,269,111,25,80,187,256,325,263
2015_1,왕산로33길,115,78,37,0,26,26,29,29,5,0,19,19,19,19,2,0,7,7,10,10,3
2015_1,왕산로32길,670,433,237,6,114,215,115,208,12,4,57,158,104,104,6,2,57,57,11,104,6
2015_1,약령시로17길,587,366,221,0,111,129,149,164,34,0,83,91,91,92,9,0,28,38,58,72,25
2015_1,서울시립대로4길,1860,1022,838,70,208,582,391,521,88,42,98,326,266,261,29,28,110,256,125,260,59
2015_1,서울시립대로29길,4541,2343,2198,310,860,1108,1044,974,245,158,434,597,604,453,97,152,426,511,440,521,148
2015_1,서울시립대로16길,1983,1147,836,52,204,546,438,660,83,28,102,330,330,330,27,24,102,216,108,330,56
2015_1,사가정로2길,971,467,504,22,91,422,210,200,26,18,28,211,106,100,4,4,63,211,104,100,22
2015_1,사가정로23가길,2420,1276,1144,383,320,511,501,457,248,209,208,244,267,228,120,174,112,267,234,229,128
2015_1,사가정로13길,2809,1413,1396,464,439,531,595,560,220,244,258,265,297,264,85,220,181,266,298,296,135
2015_1,무학로45길,983,576,407,15,186,275,188,257,62,14,93,181,128,129,31,1,93,94,60,128,31
2015_1,무학로16길,908,527,381,14,177,248,179,247,43,12,89,158,123,124,21,2,88,90,56,123,22
2015_1,망우로21길,155,83,72,4,56,38,28,21,8,2,27,27,16,9,2,2,29,11,12,12,6
2015_1,망우로18길,2170,1037,1133,152,556,555,556,294,57,72,278,278,278,103,28,80,278,277,278,191,29
2015_1,망우로18가길,4111,1969,2142,251,1081,1073,1074,560,72,121,544,539,537,195,33,130,537,534,537,365,39
2015_1,답십리로72길,1518,800,718,194,211,341,332,327,113,107,138,169,169,163,54,87,73,172,163,164,59
2015_1,답십리로69길,1544,808,736,222,190,331,327,310,164,118,127,164,169,155,75,104,63,167,158,155,89
2015_1,답십리로68길,2535,1283,1252,292,409,538,514,522,260,166,206,269,259,260,123,126,203,269,255,262,137
2015_1,답십리로64길,4181,2112,2069,287,655,1045,958,969,267,164,329,523,482,481,133,123,326,522,476,488,134
2015_1,답십리로63길,2499,1365,1134,269,353,587,584,570,136,159,268,288,298,285,67,110,85,299,286,285,69
2015_1,답십리로60길,1352,705,647,161,133,279,358,281,140,82,73,140,212,139,59,79,60,139,146,142,81
2015_1,답십리로56길,2700,1430,1270,291,233,571,761,578,266,149,129,286,465,286,115,142,104,285,296,292,151
2015_1,답십리로23길,2446,1404,1042,53,275,675,546,808,89,27,138,404,404,404,27,26,137,271,142,404,62
2015_1,난계로30길,183,102,81,3,36,46,37,48,13,3,18,27,24,24,6,0,18,19,13,24,7
2015_1,경희대로4길,1007,506,501,2,464,393,108,37,3,1,212,197,83,13,0,1,252,196,25,24,3
2015_1,경희대로3길,733,353,380,28,256,216,125,90,18,14,120,108,69,34,8,14,136,108,56,56,10
2015_1,천호대로129길,2555,1254,1301,330,409,574,560,510,172,179,208,288,272,239,68,151,201,286,288,271,104
2015_1,천호대로123길,1820,829,991,111,445,601,309,307,47,57,149,300,152,149,22,54,296,301,157,158,25
2015_1,천호대로109길,2792,1323,1469,170,664,812,547,542,57,89,266,406,272,266,24,81,398,406,275,276,33
2015_1,자양번영로3길,4292,2126,2166,521,887,913,912,907,152,271,442,448,450,448,67,250,445,465,462,459,85
2015_1,자양로53길,2193,1047,1146,236,408,569,491,410,79,124,204,285,206,205,23,112,204,284,285,205,56
2015_1,자양로50길,4510,2176,2334,448,566,1148,1146,991,211,234,286,575,573,424,84,214,280,573,573,567,127
2015_1,자양로45길,1812,870,942,197,340,468,409,344,54,102,170,235,174,172,17,95,170,233,235,172,37
2015_1,자양로26길,2393,1147,1246,102,606,768,471,391,55,54,299,384,235,157,18,48,307,384,236,234,37
2015_1,자양로15길,1686,886,800,25,381,485,390,385,20,14,190,288,195,190,9,11,191,197,195,195,11
2015_1,자양로11길,3743,1935,1808,110,838,1003,852,843,97,58,417,572,426,417,45,52,421,431,426,426,52
2015_1,용마산로3길,2465,1161,1304,160,570,726,474,467,68,84,225,363,234,225,30,76,345,363,240,242,38
2015_1,용마산로21길,3444,1639,1805,157,808,1035,707,690,47,87,321,524,353,335,19,70,487,511,354,355,28
2015_1,아차산로78길,2337,1128,1209,693,273,306,558,319,188,353,135,124,267,164,85,340,138,182,291,155,103
2015_1,아차산로65길,3009,1490,1519,483,567,600,603,584,172,250,276,298,291,291,84,233,291,302,312,293,88
2015_1,아차산로55길,2878,1379,1499,113,732,942,576,480,35,54,365,471,287,193,9,59,367,471,289,287,26
2015_1,아차산로51길,1543,743,800,56,401,500,311,261,14,29,199,250,155,108,2,27,202,250,156,153,12
2015_1,아차산로40길,2514,1304,1210,59,556,701,578,565,55,30,276,407,289,276,26,29,280,294,289,289,29
2015_1,면목로17길,1876,961,915,87,252,479,557,481,20,64,128,279,280,204,6,23,124,200,277,277,14
2015_1,뚝섬로64길,3303,1651,1652,239,562,817,805,804,76,129,281,406,402,400,33,110,281,411,403,404,43
2015_1,뚝섬로58길,3352,1680,1672,440,578,728,706,705,195,248,289,361,350,347,85,192,289,367,356,358,110
2015_1,뚝섬로54길,3836,1927,1909,419,688,873,863,862,131,238,344,434,430,429,52,181,344,439,433,433,79
2015_1,뚝섬로48길,4117,2066,2051,368,738,983,972,972,84,203,369,490,483,483,38,165,369,493,489,489,46
2015_1,뚝섬로24길,1822,995,827,67,364,378,362,522,129,37,185,192,256,263,62,30,179,186,106,259,67
2015_1,뚝섬로23길,3254,1667,1587,239,690,703,699,784,139,123,345,355,392,392,60,116,345,348,307,392,79
2015_1,동일로24길,1066,522,544,27,462,307,130,95,45,14,208,156,81,43,20,13,254,151,49,52,25
2015_1,동일로18길,3240,1713,1527,183,632,654,647,832,292,93,315,338,414,418,135,90,317,316,233,414,157
2015_1,능동로4길,2540,1264,1276,450,425,462,455,459,289,229,213,229,231,228,134,221,212,233,224,231,155
2015_1,능동로3길,2301,1234,1067,161,438,454,450,602,196,84,221,233,302,303,91,77,217,221,148,299,105
2015_1,능동로34길,2454,1058,1396,8,951,1103,140,237,15,4,404,551,60,36,3,4,547,552,80,201,12
2015_1,능동로19길,1314,642,672,56,572,357,132,111,86,30,258,184,80,55,35,26,314,173,52,56,51
2015_1,능동로13길,1457,714,743,41,620,404,181,142,69,21,271,212,112,67,31,20,349,192,69,75,38
2015_1,긴고랑로9길,1036,532,504,33,127,279,316,274,7,24,67,165,158,116,2,9,60,114,158,158,5
2015_1,긴고랑로8길,2508,1308,1200,14,366,977,564,564,23,7,202,528,282,282,7,7,164,449,282,282,16
2015_1,긴고랑로7길,2125,1104,1021,75,328,661,519,495,47,49,175,364,260,236,20,26,153,297,259,259,27
2015_1,긴고랑로20길,2696,1248,1448,117,660,874,503,494,48,62,239,437,249,240,21,55,421,437,254,254,27
2015_1,광나루로52길,6072,3025,3047,1056,1136,1165,1168,1151,396,540,561,581,575,575,193,516,575,584,593,576,203
2015_1,광나루로40길,3116,1508,1608,117,828,1148,533,461,29,56,412,574,266,195,5,61,416,574,267,266,24
2015_1,광나루로37길,709,339,370,37,67,212,212,170,11,21,34,106,106,67,5,16,33,106,106,103,6
2015_1,광나루로36길,1632,791,841,41,450,670,248,209,14,20,224,335,124,85,3,21,226,335,124,124,11
2015_1,광나루로24길,578,282,296,15,273,166,54,43,27,8,123,86,33,21,11,7,150,80,21,22,16
2015_1,광나루로12길,1241,593,648,35,488,328,175,159,56,18,212,171,98,74,20,17,276,157,77,85,36
2015_1,한림말길,1973,946,1027,327,272,441,321,303,309,170,127,213,157,142,137,157,145,228,164,161,172
2015_1,한림말3길,317,149,168,45,37,113,47,40,35,23,16,56,23,17,14,22,21,57,24,23,21
2015_1,청계천로10나길,2405,1224,1181,364,419,446,451,438,287,195,207,223,237,230,132,169,212,223,214,208,155
2015_1,장터길,2031,1008,1023,251,290,539,443,401,107,132,169,271,222,180,34,119,121,268,221,221,73
2015_1,용답중앙길,2840,1540,1300,38,343,747,952,750,10,35,72,476,476,476,5,3,271,271,476,274,5
2015_1,용답29길,2564,1393,1171,35,293,670,864,674,28,28,54,431,434,432,14,7,239,239,430,242,14
2015_1,왕십리로6길,2447,1249,1198,303,480,523,492,482,167,170,242,264,253,241,79,133,238,259,239,241,88
2015_1,왕십리로31길,2560,1273,1287,187,547,567,570,563,126,102,281,285,288,282,35,85,266,282,282,281,91
2015_1,왕십리로26길,940,469,471,124,156,158,179,157,166,67,71,85,93,82,71,57,85,73,86,75,95
2015_1,왕십리로21길,4643,2204,2439,729,685,987,995,783,464,343,331,449,506,377,198,386,354,538,489,406,266
2015_1,왕십리로14길,1767,899,868,205,343,400,336,334,149,103,173,207,178,165,73,102,170,193,158,169,76
2015_1,아차산로5길,1228,645,583,134,218,253,214,236,173,70,109,130,120,128,88,64,109,123,94,108,85
2015_1,아차산로15길,617,325,292,77,104,123,102,115,96,40,52,64,58,63,48,37,52,59,44,52,48
2015_1,아차산로11길,471,245,226,56,78,94,80,89,74,29,39,48,44,48,37,27,39,46,36,41,37
2015_1,송정4가길,1586,1215,371,17,57,499,501,499,13,9,51,448,450,251,6,8,6,51,51,248,7
2015_1,송정12라길,766,582,184,2,33,243,243,243,2,2,28,214,214,122,2,0,5,29,29,121,0
2015_1,성수일로6길,311,166,145,13,62,75,65,72,24,7,31,38,38,38,14,6,31,37,27,34,10
2015_1,성수이로7길,1642,850,792,78,340,365,371,384,104,44,171,185,205,196,49,34,169,180,166,188,55
2015_1,성수이로18길,448,231,217,30,90,93,97,98,40,16,45,47,54,50,19,14,45,46,43,48,21
2015_1,성덕정길,4055,2051,2004,513,814,873,918,869,68,276,412,437,459,435,32,237,402,436,459,434,36
2015_1,성덕정17길,4129,2115,2014,153,905,928,996,997,150,79,461,468,536,499,72,74,444,460,460,498,78
2015_1,서울숲2길,2619,1318,1301,154,592,643,574,572,84,79,296,325,298,278,42,75,296,318,276,294,42
2015_1,상원길,847,427,420,98,165,181,168,167,68,50,83,92,86,84,32,48,82,89,82,83,36
2015_1,상원12길,2605,1312,1293,372,483,536,482,479,253,188,243,272,249,238,122,184,240,264,233,241,131
2015_1,사근동길,1928,1156,772,37,1076,425,246,124,20,4,664,234,184,62,8,33,412,191,62,62,12
2015_1,무학봉길,2034,994,1040,131,430,467,471,446,89,63,214,230,236,222,29,68,216,237,235,224,60
2015_1,무학봉28길,1284,629,655,74,285,291,294,288,52,37,142,145,147,144,14,37,143,146,147,144,38
2015_1,무학로6길,286,143,143,35,48,49,63,49,42,19,21,27,33,26,17,16,27,22,30,23,25
2015_1,무수막길,1015,478,537,52,106,354,250,199,54,29,54,176,125,75,19,23,52,178,125,124,35
2015_1,매봉길,805,394,411,132,106,187,145,134,101,69,55,93,74,61,42,63,51,94,71,73,59
2015_1,마조로1길,457,256,201,21,194,94,70,64,14,3,128,49,38,32,6,18,66,45,32,32,8
2015_1,마조로16길,1469,731,738,223,260,252,270,261,203,115,128,127,138,133,90,108,132,125,132,128,113
2015_1,마장로39길,613,310,303,91,100,118,109,109,86,48,50,59,59,59,35,43,50,59,50,50,51
2015_1,마장로27길,1051,534,517,112,212,196,221,221,89,62,106,98,115,115,38,50,106,98,106,106,51
2015_1,뚝섬로5길,868,439,429,109,161,174,190,177,57,55,82,87,99,90,26,54,79,87,91,87,31
2015_1,둘레9길,3231,1637,1594,232,702,733,766,742,56,125,355,366,392,371,28,107,347,367,374,371,28
2015_1,금호산길,2134,1003,1131,134,221,748,511,388,132,77,114,373,256,137,46,57,107,375,255,251,86
2015_1,금호산2길,1505,693,812,39,112,636,401,283,34,23,58,318,201,83,10,16,54,318,200,200,24
2015_1,고산자로6길,2250,1122,1128,78,484,550,532,511,95,40,242,275,275,254,36,38,242,275,257,257,59
2015_1,후암로28길,1669,885,784,167,207,400,433,336,126,104,123,224,223,167,44,63,84,176,210,169,82
2015_1,효창원로39길,1785,830,955,222,220,456,415,313,159,111,105,226,192,131,65,111,115,230,223,182,94
2015_1,회나무로13길,392,175,217,32,48,105,75,72,60,16,23,51,36,30,19,16,25,54,39,42,41
2015_1,한남대로20길,798,384,414,99,110,182,135,122,150,50,55,92,67,56,64,49,55,90,68,66,86
2015_1,한강대로88길,36,32,4,0,2,5,10,16,3,0,1,4,10,14,3,0,1,1,0,2,0
2015_1,한강대로7길,147,71,76,0,22,44,31,40,10,0,11,20,16,20,4,0,11,24,15,20,6
2015_1,한강대로62길,172,77,95,8,24,56,25,38,21,4,11,18,14,20,10,4,13,38,11,18,11
2015_1,한강대로52길,236,114,122,19,35,57,40,47,38,10,17,25,21,24,17,9,18,32,19,23,21
2015_1,한강대로43길,810,401,409,88,112,158,133,152,167,46,56,77,69,77,76,42,56,81,64,75,91
2015_1,한강대로15길,96,46,50,0,15,35,15,31,0,0,7,15,8,16,0,0,8,20,7,15,0
2015_1,한강대로104길,812,536,276,58,91,135,172,214,142,37,46,85,128,155,85,21,45,50,44,59,57
2015_1,청파로73길,1299,523,776,17,435,460,248,133,6,12,83,238,124,66,0,5,352,222,124,67,6
2015_1,청파로71길,2145,913,1232,98,634,648,405,262,98,62,160,329,203,126,33,36,474,319,202,136,65
2015_1,청파로47나길,1723,754,969,72,483,508,352,233,75,46,135,258,177,111,27,26,348,250,175,122,48
2015_1,청파로47길,1417,599,818,23,414,472,308,184,16,17,94,237,154,91,6,6,320,235,154,93,10
2015_1,장문로45길,646,300,346,20,80,186,186,139,35,14,44,95,93,46,8,6,36,91,93,93,27
2015_1,이태원로54길,515,245,270,29,57,190,112,76,51,16,28,95,56,34,16,13,29,95,56,42,35
2015_1,이태원로27길,173,80,93,11,25,36,30,32,39,6,13,18,14,16,13,5,12,18,16,16,26
2015_1,이촌로22길,2837,1350,1487,423,348,519,478,480,589,225,179,254,256,209,227,198,169,265,222,271,362
2015_1,원효로89길,337,163,174,10,59,142,71,50,5,7,21,71,38,24,2,3,38,71,33,26,3
2015_1,원효로53길,728,319,409,29,72,299,203,114,11,15,31,149,87,35,2,14,41,150,116,79,9
2015_1,원효로41길,915,433,482,83,87,216,350,160,19,27,39,108,175,80,4,56,48,108,175,80,15
2015_1,원효로19길,1594,740,854,227,184,339,439,274,131,86,83,169,219,137,46,141,101,170,220,137,85
2015_1,우사단로4길,445,191,254,6,23,153,160,94,9,4,12,78,80,14,3,2,11,75,80,80,6
2015_1,우사단로14길,335,160,175,25,40,103,67,55,45,13,20,52,33,25,17,12,20,51,34,30,28
2015_1,우사단로10길,417,187,230,5,33,148,132,84,15,3,18,74,66,22,4,2,15,74,66,62,11
2015_1,신흥로20길,735,356,379,28,93,192,185,171,66,20,54,102,87,68,25,8,39,90,98,103,41
2015_1,소월로20길,443,171,272,7,38,145,97,128,28,4,23,73,33,26,12,3,15,72,64,102,16
2015_1,서빙고로71길,1588,773,815,157,112,172,699,387,61,78,51,79,344,202,19,79,61,93,355,185,42
2015_1,백범로90길,1110,547,563,183,158,249,175,163,182,94,73,123,94,80,83,89,85,126,81,83,99
2015_1,백범로79길,2423,1155,1268,332,354,607,505,404,221,197,165,303,241,179,70,135,189,304,264,225,151
2015_1,두텁바위로1길,859,567,292,29,78,192,241,231,88,20,43,126,160,161,57,9,35,66,81,70,31
2015_1,대사관로34길,204,96,108,8,18,97,46,20,15,4,9,48,23,6,6,4,9,49,23,14,9
2015_1,녹사평대로46길,209,87,122,8,24,70,44,40,23,4,12,33,20,12,6,4,12,37,24,28,17
2015_1,녹사평대로40나길,99,41,58,0,13,32,21,24,9,0,7,15,9,10,0,0,6,17,12,14,9
2015_1,녹사평대로32길,126,56,70,8,18,28,24,27,21,4,9,14,10,13,6,4,9,14,14,14,15
2015_1,녹사평대로26길,166,73,93,0,25,51,36,37,17,0,13,27,16,17,0,0,12,24,20,20,17
2015_1,녹사평대로11길,449,218,231,56,42,65,165,103,18,28,19,32,82,56,1,28,23,33,83,47,17
2015_1,퇴계로90길,2721,1429,1292,256,489,596,601,592,187,174,290,300,305,296,64,82,199,296,296,296,123
2015_1,퇴계로8길,332,192,140,14,25,41,62,104,86,7,11,22,40,66,46,7,14,19,22,38,40
2015_1,퇴계로56길,225,150,75,4,49,40,38,68,26,2,30,32,34,34,18,2,19,8,4,34,8
2015_1,퇴계로46길,279,160,119,7,76,62,40,52,42,4,48,40,26,26,16,3,28,22,14,26,26
2015_1,퇴계로18길,964,353,611,0,55,171,244,317,177,0,25,49,122,122,35,0,30,122,122,195,142
2015_1,퇴계로12길,325,184,141,21,30,39,57,90,88,9,14,20,37,57,47,12,16,19,20,33,41
2015_1,청구로1길,2341,1125,1216,349,352,448,421,415,356,183,170,237,210,205,120,166,182,211,211,210,236
2015_1,청구로17길,1185,586,599,53,223,276,304,262,67,41,112,155,151,111,16,12,111,121,153,151,51
2015_1,장충단로8길,749,447,302,22,182,152,156,171,66,14,104,103,105,86,35,8,78,49,51,85,31
2015_1,삼일대로4길,6,0,6,0,0,0,0,6,0,0,0,0,0,0,0,0,0,0,0,6,0
2015_1,명동길,91,32,59,0,2,16,28,34,11,0,1,2,14,14,1,0,1,14,14,20,10
2015_1,동호로8길,1198,563,635,166,145,232,208,223,224,83,72,115,96,110,87,83,73,117,112,113,137
2015_1,동호로20길,1628,818,810,90,357,361,366,320,134,59,190,208,182,140,39,31,167,153,184,180,95
2015_1,동호로15길,1727,858,869,31,304,425,520,412,35,26,152,261,260,152,7,5,152,164,260,260,28
2015_1,동호로11길,2505,1210,1295,178,431,557,588,502,249,108,216,303,286,216,81,70,215,254,302,286,168
2015_1,동호로10길,3333,1606,1727,525,497,605,584,572,550,279,248,312,290,283,194,246,249,293,294,289,356
2015_1,다산로39길,92,56,36,0,14,14,32,32,0,0,8,8,24,16,0,0,6,6,8,16,0
2015_1,다산로38길,2008,950,1058,406,272,334,373,321,302,204,135,156,190,158,107,202,137,178,183,163,195
2015_1,다산로36길,2942,1377,1565,635,382,486,521,457,461,319,189,227,262,228,152,316,193,259,259,229,309
2015_1,다산로33길,1658,1029,629,34,205,210,578,574,57,14,126,128,450,290,21,20,79,82,128,284,36
2015_1,난계로21길,378,206,172,18,60,116,74,71,39,10,28,71,42,37,18,8,32,45,32,34,21
2015_1,난계로11길,1111,605,506,108,171,282,192,184,174,60,89,165,110,99,82,48,82,117,82,85,92
2015_1,필운대로1길,333,144,189,14,37,77,92,90,23,7,10,31,46,44,6,7,27,46,46,46,17
2015_1,평창길,137,58,79,23,17,13,36,30,18,12,9,5,12,12,8,11,8,8,24,18,10
2015_1,통일로12길,768,362,406,150,74,97,187,146,114,65,35,48,92,73,49,85,39,49,95,73,65
2015_1,창신길,1652,880,772,89,206,201,571,460,125,46,132,133,297,230,42,43,74,68,274,230,83
2015_1,창신5길,487,269,218,19,71,71,131,137,58,10,45,45,70,73,26,9,26,26,61,64,32
2015_1,창신2길,643,349,294,32,85,85,224,180,37,15,55,55,124,90,10,17,30,30,100,90,27
2015_1,창경궁로35길,375,188,187,5,181,77,71,39,2,4,95,49,28,12,0,1,86,28,43,27,2
2015_1,지봉로8길,1736,844,892,10,190,491,492,492,61,5,96,246,246,246,5,5,94,245,246,246,56
2015_1,종로65길,1264,662,602,45,226,284,270,286,153,27,107,152,149,157,70,18,119,132,121,129,83
2015_1,종로58가길,495,259,236,51,86,90,84,86,98,28,41,47,47,48,48,23,45,43,37,38,50
2015_1,종로24길,10,10,0,0,0,0,2,6,2,0,0,0,2,6,2,0,0,0,0,0,0
2015_1,자하문로7길,150,60,90,5,13,36,64,29,3,3,4,11,27,15,0,2,9,25,37,14,3
2015_1,이화장길,877,410,467,44,283,249,148,85,68,22,124,125,72,41,26,22,159,124,76,44,42
2015_1,율곡로16길,206,124,82,16,23,23,59,54,31,9,15,16,37,32,15,7,8,7,22,22,16
2015_1,율곡로10길,56,47,9,0,3,3,11,24,15,0,2,2,10,22,11,0,1,1,1,2,4
2015_1,옥인길,1636,748,888,294,228,282,415,256,161,158,114,116,184,135,41,136,114,166,231,121,120
2015_1,숭인동길,349,193,156,6,77,86,76,81,23,4,35,48,45,48,13,2,42,38,31,33,10
2015_1,성균관로5길,625,312,313,10,326,122,110,47,10,6,172,82,40,9,3,4,154,40,70,38,7
2015_1,삼청로5길,9,5,4,0,0,2,3,4,0,0,0,1,2,2,0,0,0,1,1,2,0
2015_1,북촌로5나길,6,2,4,0,0,1,1,4,0,0,0,1,0,1,0,0,0,0,1,3,0
2015_1,북촌로5길,5,2,3,0,0,1,1,3,0,0,0,1,0,1,0,0,0,0,1,2,0
2015_1,북촌로11길,20,8,12,0,0,7,8,5,0,0,0,3,4,1,0,0,0,4,4,4,0
2015_1,백석동길,669,354,315,102,110,77,179,154,47,73,66,41,77,77,20,29,44,36,102,77,27
2015_1,명륜길,702,362,340,27,345,133,115,65,17,15,185,88,45,23,6,12,160,45,70,42,11
2015_1,돈화문로11가길,734,470,264,43,70,90,128,187,216,21,41,54,92,131,131,22,29,36,36,56,85
2015_1,난계로27길,540,278,262,57,88,96,89,95,115,30,42,50,49,52,55,27,46,46,40,43,60
2015_1,계동길,284,131,153,38,35,44,72,42,53,20,17,22,36,19,17,18,18,22,36,23,36
